0.38515294 -0.7534607 -0.17532964
0.3338665 0.04506588 -0.11129096
0.32373995 0.38141793 -0.05962698
0.32747358 0.2060532 -0.027458927
0.3843976 -0.75501287 -0.1757805
0.33353636 0.040928733 -0.111289956
0.32343188 0.37633917 -0.05962358
0.3271383 0.20263486 -0.027437594
0.38480622 -0.80093074 -0.17830534
0.34463945 -0.85678154 -0.17866042
0.31070712 -0.9297008 -0.17745604
0.28102568 -1.0375453 -0.17761567
0.2562117 -1.1983026 -0.17387274
0.2567373 -1.116786 -0.110625595
0.2583471 -1.0686545 -0.059218016
0.25752524 -0.92992115 -0.024189088
0.25589427 -1.2017732 -0.17373368
0.2564231 -1.1209862 -0.110628
0.25807592 -1.0736748 -0.05923061
0.2572365 -0.9342353 -0.024213081
0.25555056 -1.2057568 -0.17367843
0.2561067 -1.125213 -0.11063855
0.2578004 -1.0785785 -0.05926102
0.2569428 -0.93832546 -0.024266746
0.25515494 -1.2094176 -0.17363556
0.255788 -1.1294224 -0.1105989
0.25752634 -1.0836287 -0.05917764
0.2566492 -0.9426912 -0.024129353
0.25464812 -1.2134734 -0.17363441
0.25546688 -1.133644 -0.11068311
0.25724643 -1.0884992 -0.0593755
0.25634828 -0.946722 -0.024464963
0.25405848 -1.2172714 -0.17359987
0.25514483 -1.1378605 -0.110541016
0.25697017 -1.093577 -0.059056524
0.2560487 -0.95113564 -0.02393047
0.25364834 -1.2211329 -0.17350568
0.25482124 -1.1420918 -0.11073648
0.25668815 -1.0984467 -0.059510898
0.2557412 -0.9551606 -0.02469941
0.25310227 -1.2246656 -0.17349863
0.25449622 -1.146278 -0.11052949
0.25640905 -1.10347 -0.059036694
0.25543344 -0.959485 -0.023900026
0.25241008 -1.2286881 -0.17341329
0.2541772 -1.1505862 -0.11064477
0.25613403 -1.1084899 -0.05931788
0.25512332 -0.9637575 -0.024384182
0.2512295 -1.2519985 -0.17775466
0.25593343 -0.8086212 -0.013886152
0.25544974 -1.055456 -0.038149565
0.25532237 -1.1370629 -0.08121851
0.25277492 -1.1769396 -0.13786653
0.23093258 -1.3618975 -0.1454719
0.23727958 -1.35454 -0.08788877
0.23894043 -1.2999398 -0.042710263
0.23275387 -0.99296445 -0.016423706
0.25816664 -1.3203952 -0.20323646
0.2724389 -1.4937922 -0.25570452
0.29150218 -1.6770691 -0.3070295
0.26276097 -1.3748347 -0.22058839
0.27894595 -1.5549582 -0.27308708
0.29689798 -0.4168119 0.05890819
0.28924227 -0.5170795 0.05910047
0.25923216 -0.8589355 0.06348097
0.28500944 -0.5718204 0.058224954
0.2615678 -0.8445189 0.06058032
0.28568435 -0.5569474 0.056398075
0.25153616 -1.2543848 -0.17879581
0.24310666 -1.3374921 -0.17902243
0.2528624 -1.2606882 -0.18288468
0.2435468 -1.3418857 -0.18157841
0.2519232 -1.2673404 -0.1851513
0.23953453 -1.4274664 -0.2039984
0.24603686 -1.4979903 -0.2554995
0.2554443 -1.5957692 -0.30649975
0.24056154 -1.3751456 -0.18453737
0.2473025 -1.3183197 -0.18459804
0.1857189 -1.7580006 0.06305942
0.22704858 -1.3192447 0.052809853
0.2976371 -0.41230512 0.05938158
0.27042255 -0.8414425 0.05276514
0.22303237 -1.3140377 0.06499781
0.16181588 -1.922432 0.08169237
0.18092763 -1.806205 0.064721815
0.22301324 -1.3662753 0.053105857
0.25594112 -0.9493141 0.06065829
0.18010643 -1.8168913 0.064804025
0.22215533 -1.3776271 0.053173147
0.25393158 -0.9645817 0.060802512
0.26318687 -1.3732142 -0.22059105
0.27959132 -1.5556042 -0.27310446
0.2549246 -1.2563692 -0.18802272
0.2686475 -1.4319754 -0.23819454
0.28682464 -1.6194534 -0.29023978
0.16292559 -1.9780035 0.072257675
0.20853795 -1.5324407 0.055360198
0.24531755 -1.1132425 0.053772025
0.16214246 -1.9885113 0.07234021
0.20775454 -1.5434166 0.055447508
0.24443083 -1.1253059 0.05365388
0.25876948 -1.3098139 -0.2031754
0.27472892 -1.4936148 -0.25576386
0.29465967 -1.6847886 -0.30712423
0.26442194 -1.3684669 -0.22060937
0.2815244 -1.5576613 -0.2731607
0.14385532 -2.1507585 0.08180202
0.19297159 -1.7004294 0.059419952
0.23165728 -1.2721485 0.052825026
0.14309874 -2.1611476 0.08195113
0.19220537 -1.7112051 0.05950666
0.23083119 -1.2839439 0.05284683
0.2560409 -1.2450459 -0.18799949
0.27012038 -1.4299228 -0.23823428
0.2889762 -1.6235616 -0.29030728
0.2599724 -1.3031944 -0.20319112
0.27643612 -1.4938408 -0.25581565
0.29702666 -1.6908239 -0.30719876
0.1762397 -1.8699634 0.06520671
0.21823 -1.4339424 0.053515647
0.24594888 -1.0421226 0.062498033
0.17549215 -1.8804878 0.065286115
0.21747 -1.4450825 0.053586863
0.24579205 -1.0559767 0.06297455
0.26560575 -1.3641967 -0.22064507
0.28345534 -1.5599217 -0.27322292
0.25656137 -1.23372 -0.18821663
0.2715586 -1.427865 -0.23828311
0.2911262 -1.6277522 -0.29037988
0.15837845 -2.0407357 0.07275026
0.20394014 -1.5980468 0.055880465
0.23795733 -1.1877975 0.05355093
0.11864927 -3.0808332 0.088706814
0.18138495 -2.4740431 0.07629564
0.22884715 -1.8933082 0.057609715
0.11026577 -2.6634889 0.08743643
0.083550565 -3.1632864 0.08765622
0.075363874 -3.3932788 0.08701415
0.08376858 -3.3723216 0.08778619
0.2320942 -1.8459824 0.0479921
0.22140075 -1.86958 0.05173238
0.22072998 -1.7102795 0.054882973
0.23506747 -1.3182505 0.060499016
0.2386627 -1.7894984 0.045660306
0.22398554 -1.8744279 0.05066419
0.22041559 -1.7690705 0.053765934
0.22896382 -1.4594098 0.05778726
0.23926611 -1.7812731 0.04564427
0.22456759 -1.8666626 0.050512806
0.2209619 -1.7618595 0.053609904
0.22948502 -1.4530705 0.057596713
0.24002416 -1.7730424 0.045662507
0.22513936 -1.8589145 0.05036152
0.22149786 -1.7546633 0.05345142
0.22999138 -1.4467381 0.05739195
0.24069913 -1.7647533 0.045713063
0.22577415 -1.8511326 0.0502097
0.22210088 -1.7474322 0.053289846
0.23060524 -1.4403505 0.05717219
0.24129562 -1.7565114 0.045792703
0.22624528 -1.8433957 0.05005624
0.22253098 -1.7402449 0.053123966
0.2309473 -1.4340147 0.0569358
0.24219504 -1.7481638 0.04589642
0.22701205 -1.8355993 0.049899314
0.2232748 -1.7329956 0.052951757
0.23178646 -1.4275824 0.056679934
0.24252124 -1.7398819 0.04601772
0.2273334 -1.8278548 0.049736276
0.22354668 -1.7257968 0.05277016
0.23188047 -1.4212112 0.056400172
0.24359164 -1.7315551 0.046151485
0.22818252 -1.8200915 0.049564973
0.2243792 -1.7185801 0.052576263
0.23286466 -1.4148136 0.056092307
0.26405135 -1.1313592 -0.1793123
0.2920265 -0.9977882 -0.17818597
0.32328513 -0.9057962 -0.17859934
0.35962752 -0.8477787 -0.1801624
0.37206307 -0.84649944 -0.18145809
0.33384582 -0.89387494 -0.1798046
0.3011119 -0.97302735 -0.17893876
0.27196994 -1.0899225 -0.17957121
0.37294304 -0.85829437 -0.18240587
0.33447286 -0.9021773 -0.18064013
0.3015636 -0.97875947 -0.17973778
0.2723466 -1.0935467 -0.18035565
0.37379915 -0.87011284 -0.18335518
0.33501667 -0.91045064 -0.18147887
0.3018922 -0.9844586 -0.18054107
0.27241495 -1.0971104 -0.18114416
0.37468874 -0.88190436 -0.18430251
0.33563784 -0.91876686 -0.18231858
0.3023309 -0.99021083 -0.1813461
0.2727535 -1.1007739 -0.18193336
0.3755607 -0.8937108 -0.18524691
0.3362097 -0.9270502 -0.18315873
0.30269724 -0.9959237 -0.18215199
0.27290878 -1.1043578 -0.18272172
0.37645105 -0.9054926 -0.18618813
0.33681336 -0.93537164 -0.18399924
0.30310726 -1.0016838 -0.18295844
0.27317002 -1.1080312 -0.1835085
0.42600498 -1.274362 -0.20974082
0.50233793 -2.1240168 -0.26694918
0.58719057 -2.917989 -0.3174844
0.55537504 -2.8877442 -0.33405244
0.4699225 -2.458746 -0.33127078
0.39383295 -2.0920486 -0.32692787
0.3273027 -1.8293738 -0.32418457
0.27481952 -1.110049 -0.18501806
0.30522954 -1.0098526 -0.18458897
0.33954892 -0.95031226 -0.18576133
0.38005987 -0.9286645 -0.18818158
0.27458298 -1.10629 -0.1842337
0.30482224 -1.0039885 -0.18377942
0.33894074 -0.94186664 -0.18491678
0.3791454 -0.9167074 -0.18723595
0.40933627 -0.76301575 -0.18121867
0.39950773 -0.8071591 -0.18356515
0.41259897 -0.8096169 -0.18348217
0.40278187 -0.85174227 -0.18648477
0.41606265 -0.8579989 -0.18612075
0.40631306 -0.8973363 -0.18677755
0.43000126 -1.0154172 -0.19376308
0.528364 -2.075677 -0.25328702
0.623836 -2.973871 -0.3054798
0.586018 -2.8635466 -0.3115042
0.50033617 -2.0505462 -0.26012498
0.42189616 -1.1625018 -0.20163147
0.5627726 -2.6596513 -0.29931223
0.47922075 -1.835372 -0.2461522
0.62207806 -3.1832895 -0.33089817
0.53311336 -2.3870492 -0.28239086
0.4522313 -1.5423616 -0.22681646
0.59018695 -2.9149532 -0.315483
0.5044697 -2.1102636 -0.2646779
0.42652988 -1.2397848 -0.20683403
0.55958533 -2.646144 -0.2993199
0.47679314 -1.8275659 -0.24618125
0.61856383 -3.1673992 -0.33092937
0.53013307 -2.3751 -0.28238642
0.45016694 -1.5375106 -0.22681223
0.5868232 -2.9001667 -0.31549284
0.5017328 -2.1001496 -0.26469752
0.4248314 -1.238328 -0.20708534
0.55639607 -2.632647 -0.29932693
0.47435373 -1.8198005 -0.24617341
0.615042 -3.1514826 -0.3309481
0.52715003 -2.3631246 -0.2823801
0.448073 -1.5325663 -0.22687168
0.11906864 -3.0778608 0.08879244
0.18189484 -2.4701633 0.076352194
0.22723402 -1.8875672 0.05771816
0.11949772 -3.0748675 0.088878825
0.18241182 -2.4663057 0.076408915
0.22505751 -1.8821975 0.05780847
0.11993621 -3.0718367 0.088965565
0.18292882 -2.4624588 0.0764646
0.22339275 -1.8774145 0.05787235
0.12038445 -3.0687382 0.08905272
0.18344769 -2.4585242 0.076519564
0.22371745 -1.8723035 0.05790721
0.12084303 -3.0655515 0.08914022
0.1839705 -2.4544027 0.07657362
0.22515416 -1.8656389 0.057905722
0.1213116 -3.0622911 0.08922815
0.18449274 -2.4501662 0.07662704
0.22848749 -1.8584131 0.057862166
0.121792875 -3.0589912 0.089316286
0.18501633 -2.445937 0.07667923
0.23222524 -1.8518829 0.057776693
0.12228388 -3.055663 0.08940542
0.18552946 -2.441715 0.07673249
0.23520802 -1.8457798 0.05765198
0.12286971 -3.052341 0.08949348
0.18620591 -2.437553 0.07678131
0.23783074 -1.8398576 0.057488494
0.2731853 -1.406293 0.049878936
0.25896642 -1.5367126 0.045540076
0.27214098 -1.4275105 0.049143735
0.26308998 -1.5605413 0.044096842
0.2713966 -1.4493655 0.04854774
0.2598087 -1.5858915 0.046741694
0.14779581 -2.8970134 0.0899596
0.21745369 -2.2449977 0.07701991
0.27176335 -1.5843984 0.057303343
0.26287064 -0.51905465 -0.0063405465
0.27260298 -0.47704524 -0.00531355
0.28985083 -0.418298 -0.0063489974
0.3055089 -0.3847975 -0.008579184
0.26360115 -0.50140184 -0.006218071
0.2727516 -0.47231784 -0.0051369565
0.28973678 -0.4229432 -0.006017014
0.30500412 -0.39739877 -0.008225304
0.26419756 -0.48528075 -0.005961443
0.27292606 -0.46778387 -0.004960391
0.28962123 -0.42765605 -0.0056891995
0.30447993 -0.4098204 -0.007844976
0.26467708 -0.47042692 -0.0056663696
0.27312484 -0.46346706 -0.004778967
0.28950343 -0.43243656 -0.005364303
0.30393812 -0.42204142 -0.0074417545
0.26507917 -0.4566574 -0.005354003
0.27334693 -0.45938802 -0.004588571
0.2893843 -0.43728194 -0.005039199
0.3033822 -0.4340423 -0.007017846
0.2654355 -0.4438503 -0.0050379755
0.27359098 -0.45556915 -0.004387068
0.28926405 -0.44219297 -0.0047124783
0.30281487 -0.44580913 -0.0065759867
0.26576936 -0.43191835 -0.0047219163
0.2738554 -0.45203233 -0.0041726283
0.28914312 -0.44717073 -0.0043826266
0.30223936 -0.45733044 -0.00611759
0.26609588 -0.42079842 -0.0044067227
0.2741382 -0.44879892 -0.0039438736
0.28902173 -0.4522172 -0.004048592
0.30165905 -0.46859846 -0.0056437603
0.2664243 -0.41044283 -0.004091579
0.2744372 -0.445889 -0.0036997413
0.28890014 -0.45733485 -0.0037094257
0.30107749 -0.47960916 -0.0051553696
0.26675975 -0.40081462 -0.0037752085
0.27474973 -0.44332072 -0.0034395524
0.28877863 -0.46252668 -0.0033643206
0.30049837 -0.49036258 -0.0046533793
0.26710472 -0.39188424 -0.0034562126
0.27507302 -0.44111004 -0.0031630006
0.2886574 -0.46779618 -0.003012535
0.29992518 -0.5008627 -0.0041388744
0.26745984 -0.38362747 -0.0031333065
0.2754041 -0.43927053 -0.0028701308
0.28853667 -0.47314736 -0.0026533913
0.29936114 -0.51111734 -0.0036130603
0.2678248 -0.37602386 -0.002805381
0.27574003 -0.43781313 -0.0025612784
0.28841662 -0.47858468 -0.0022862626
0.298809 -0.5211375 -0.0030771908
0.26819855 -0.36905572 -0.0024715282
0.27607802 -0.43674633 -0.0022370042
0.2882975 -0.48411316 -0.0019105792
0.29827103 -0.53093696 -0.0025324929
0.26857966 -0.3627074 -0.002131028
0.27641544 -0.4360763 -0.0018980174
0.28817943 -0.48973823 -0.0015258297
0.29774892 -0.5405319 -0.0019800947
0.26896647 -0.35696483 -0.0017833502
0.27674985 -0.43580717 -0.0015451265
0.28806257 -0.4954658 -0.0011315777
0.29724395 -0.5499398 -0.0014209894
0.2693572 -0.35181487 -0.0014281067
0.27707914 -0.43594122 -0.0011791632
0.28794703 -0.50130224 -0.000727449
0.29675686 -0.55917966 -0.0008559886
0.2697501 -0.34724528 -0.0010650619
0.27740145 -0.43647924 -0.000800966
0.28783292 -0.5072544 -0.0003131544
0.29628792 -0.568271 -0.00028573294
0.2701433 -0.34324422 -0.0006941039
0.27771518 -0.43742082 -0.0004113446
0.28772023 -0.51332945 0.0001115158
0.2958372 -0.57723343 0.00028930858
0.27053505 -0.3398003 -0.0003152115
0.27801898 -0.43876454 -1.1048236e-05
0.28760898 -0.5195349 0.00054670335
0.29540431 -0.58608705 0.00086883316
0.27092367 -0.33690223 7.153019e-05
0.2783118 -0.44050837 0.00039921675
0.2874991 -0.5258787 0.0009924644
0.29498875 -0.5948515 0.0014526668
0.27130753 -0.3345389 0.0004659637
0.2785926 -0.44264957 0.0008188059
0.2873905 -0.5323691 0.0014487862
0.29458982 -0.603546 0.0020407515
0.27168503 -0.33269915 0.0008678643
0.27886066 -0.44518518 0.0012471282
0.28728297 -0.5390144 0.0019155886
0.2942067 -0.61218965 0.0026331174
0.27205476 -0.33137178 0.0012769606
0.27911538 -0.44811192 0.0016836503
0.28717625 -0.54582334 0.0023927374
0.29383847 -0.6208007 0.0032298686
0.2724153 -0.3305456 0.001692915
0.27935618 -0.45142645 0.0021278632
0.28707013 -0.55280465 0.002880031
0.29348412 -0.6293969 0.0038311477
0.27276543 -0.33020923 0.0021153754
0.27958268 -0.45512542 0.0025793144
0.28696418 -0.55996734 0.0033772406
0.29314268 -0.6379957 0.0044371444
0.27310392 -0.3303513 0.0025439567
0.27979448 -0.45920542 0.0030375768
0.28685802 -0.56732035 0.0038840957
0.29281306 -0.6466136 0.0050480613
0.27342972 -0.3309602 0.0029782332
0.27999127 -0.46366325 0.0035022323
0.2867512 -0.57487273 0.0044002873
0.2924942 -0.65526676 0.0056641065
0.2737418 -0.3320244 0.0034177792
0.2801728 -0.46849573 0.003972895
0.2866432 -0.5826336 0.0049254964
0.29218507 -0.66397065 0.006285494
0.27403933 -0.33353218 0.0038621575
0.28033876 -0.47369993 0.0044491934
0.28653345 -0.5906119 0.0054593906
0.29188454 -0.6727402 0.006912432
0.27432144 -0.33547178 0.0043108966
0.28048897 -0.47927302 0.0049307435
0.28642133 -0.5988166 0.0060016117
0.29159158 -0.6815899 0.007545107
0.2745874 -0.33783138 0.0047635483
0.28062317 -0.4852124 0.0054171933
0.28630617 -0.6072566 0.006551819
0.29130512 -0.6905337 0.0081837
0.27483657 -0.34059915 0.0052196276
0.28074116 -0.49151558 0.005908166
0.28618735 -0.6159406 0.0071096504
0.29102406 -0.69958484 0.008828363
0.2750684 -0.3437633 0.005678681
0.2808427 -0.49818036 0.006403317
0.28606406 -0.6248772 0.0076747723
0.29074737 -0.7087565 0.009479241
0.27528238 -0.3473119 0.006140216
0.28092754 -0.5052047 0.0069022696
0.28593558 -0.6340749 0.008246831
0.290474 -0.7180609 0.010136441
0.2754781 -0.35123324 0.0066037667
0.2809955 -0.5125866 0.0074046724
0.2858011 -0.643542 0.008825502
0.29020286 -0.7275103 0.010800059
0.27565512 -0.3555155 0.007068873
0.28104627 -0.5203244 0.007910178
0.2856598 -0.65328646 0.009410478
0.2899329 -0.7371161 0.011470171
0.27581325 -0.360147 0.0075350422
0.28107962 -0.5284167 0.008418414
0.2855108 -0.66331613 0.010001436
0.28966308 -0.74688953 0.012146814
0.27595216 -0.3651161 0.008001818
0.2810953 -0.53686196 0.008929037
0.28535327 -0.6736387 0.010598091
0.28939232 -0.75684136 0.012830018
0.27607173 -0.37041134 0.008468738
0.28109297 -0.54565907 0.009441701
0.28518623 -0.68426156 0.01120017
0.2891196 -0.7669819 0.013519785
0.2761718 -0.3760213 0.008935341
0.28107238 -0.5548069 0.009956068
0.28500882 -0.69519174 0.011807408
0.2888438 -0.777321 0.014216095
0.27625233 -0.38193467 0.009401177
0.2810332 -0.56430453 0.01047181
0.28482002 -0.7064361 0.012419558
0.28856394 -0.7878682 0.014918905
0.27631328 -0.3881405 0.009865803
0.28097507 -0.5741512 0.010988613
0.28461888 -0.71800125 0.013036395
0.28827888 -0.7986328 0.015628155
0.27635467 -0.39462772 0.010328769
0.28089768 -0.5843462 0.0115061635
0.28440443 -0.7298932 0.013657692
0.28798762 -0.80962324 0.016343754
0.27637658 -0.40138575 0.010789676
0.28080064 -0.594889 0.012024204
0.28417554 -0.7421181 0.014283269
0.28768903 -0.8208482 0.017065609
0.2763791 -0.40840396 0.011248085
0.2806836 -0.60577905 0.012542453
0.28393126 -0.7546813 0.014912926
0.2873821 -0.83231544 0.017793579
0.27636248 -0.41567218 0.0117036095
0.28054616 -0.6170161 0.013060688
0.28367043 -0.7675881 0.015546507
0.28706574 -0.84403265 0.01852753
0.27632684 -0.42318034 0.012155866
0.28038788 -0.6285997 0.013578703
0.28339198 -0.780843 0.016183859
0.2867389 -0.856007 0.019267287
0.27627248 -0.43091875 0.012604489
0.28020835 -0.6405298 0.014096331
0.2830948 -0.79445064 0.016824853
0.28640047 -0.8682454 0.02001267
0.27619964 -0.43887803 0.013049123
0.28000712 -0.6528063 0.014613429
0.2827777 -0.8084148 0.017469361
0.28604943 -0.8807544 0.020763464
0.2761087 -0.44704902 0.01348947
0.27978373 -0.66542894 0.015129927
0.28243947 -0.82273877 0.018117296
0.28568467 -0.89354 0.021519445
0.27600002 -0.45542306 0.0139252115
0.27953765 -0.67839783 0.015645765
0.28207895 -0.83742553 0.018768562
0.28530517 -0.9066081 0.022280358
0.27587402 -0.4639918 0.014356084
0.27926844 -0.691713 0.016160956
0.2816949 -0.85247743 0.019423094
0.28490987 -0.9199641 0.023045931
0.2757311 -0.47274733 0.014781884
0.27897552 -0.70537436 0.01667559
0.281286 -0.8678961 0.02008085
0.28449765 -0.933613 0.02381587
0.27557173 -0.4816822 0.015202394
0.27865833 -0.71938205 0.017189786
0.280851 -0.88368267 0.02074179
0.28406754 -0.9475597 0.024589855
0.27539647 -0.49078947 0.015617481
0.27831632 -0.73373604 0.017703762
0.28038862 -0.89983755 0.021405905
0.28361848 -0.9618086 0.025367541
0.27520582 -0.50006264 0.016027048
0.27794883 -0.74843633 0.018217806
0.27989745 -0.9163605 0.022073196
0.28314936 -0.97636384 0.026148558
0.27500033 -0.5094959 0.016431041
0.2775553 -0.76348287 0.018732281
0.27937615 -0.93325037 0.022743683
0.28265926 -0.99122924 0.02693251
0.27478066 -0.519084 0.016829493
0.27713495 -0.7788756 0.019247662
0.27882338 -0.9505053 0.023417411
0.28214708 -1.0064085 0.027718972
0.27454737 -0.5288222 0.017222483
0.27668715 -0.79461426 0.01976451
0.2782377 -0.9681226 0.024094436
0.28161183 -1.0219046 0.028507492
0.27430114 -0.53870666 0.017610198
0.2762111 -0.81069857 0.020283513
0.2776177 -0.9860985 0.024774848
0.28105247 -1.0377208 0.02929758
0.27404255 -0.54873425 0.017992903
0.27570602 -0.82712793 0.02080547
0.27696195 -1.0044284 0.025458744
0.28046802 -1.05386 0.030088708
0.27377233 -0.5589025 0.018370943
0.27517107 -0.84390175 0.021331295
0.27626905 -1.0231068 0.026146246
0.27985746 -1.0703244 0.03088032
0.2734911 -0.56920993 0.018744815
0.27460533 -0.8610191 0.021862065
0.27553758 -1.0421269 0.026837504
0.27921978 -1.0871168 0.031671815
0.2731996 -0.5796558 0.019115109
0.27400786 -0.8784786 0.022398982
0.27476618 -1.061481 0.027532678
0.27855393 -1.1042392 0.032462534
0.27289838 -0.5902404 0.019482598
0.2733776 -0.89627874 0.022943428
0.27395344 -1.0811602 0.028231965
0.2778589 -1.1216935 0.033251774
0.2725881 -0.600965 0.019848177
0.27271345 -0.9144174 0.023496931
0.27309802 -1.1011544 0.028935576
0.27713364 -1.1394815 0.034038775
0.27226934 -0.611832 0.020212965
0.27201423 -0.9328921 0.02406123
0.27219868 -1.1214527 0.029643755
0.27637705 -1.157605 0.034822706
0.27194268 -0.6228445 0.020578256
0.27127865 -0.95169955 0.024638219
0.27125415 -1.1420425 0.030356757
0.275588 -1.1760652 0.03560266
0.2716086 -0.63400716 0.020945603
0.27050525 -0.9708359 0.025230031
0.2702633 -1.1629107 0.031074874
0.27476528 -1.1948633 0.03637763
0.27126744 -0.6453254 0.02131679
0.26969263 -0.99029654 0.025838979
0.2692251 -1.1840426 0.031798415
0.2739077 -1.2140002 0.03714653
0.27091953 -0.65680605 0.021693908
0.26883906 -1.0100756 0.026467616
0.26813862 -1.2054226 0.032527708
0.2730138 -1.2334765 0.037908144
0.2705651 -0.6684569 0.022079367
0.2679428 -1.0301661 0.027118713
0.267003 -1.2270344 0.033263095
0.27208218 -1.2532923 0.03866112
0.27020407 -0.68028694 0.022475954
0.26700187 -1.0505601 0.027795292
0.26581758 -1.2488606 0.034004945
0.27111122 -1.2734472 0.03940395
0.2698364 -0.6923062 0.022886813
0.2660142 -1.0712476 0.028500583
0.26458183 -1.2708828 0.034753613
0.27009913 -1.2939401 0.04013496
0.2694617 -0.7045259 0.02331554
0.26497748 -1.092217 0.029238049
0.26329538 -1.2930826 0.03550945
0.269044 -1.314769 0.040852275
0.26907942 -0.71695817 0.02376623
0.26388928 -1.1134548 0.030011386
0.26195797 -1.3154408 0.03627279
0.2679436 -1.3359311 0.0415538
0.26868883 -0.7296159 0.024243444
0.26274693 -1.134945 0.03082443
0.2605696 -1.3379376 0.037043903
0.26679558 -1.3574218 0.042237192
0.26828885 -0.74251324 0.024752347
0.26154765 -1.1566695 0.03168121
0.2591303 -1.3605537 0.03782301
0.26559725 -1.379235 0.042899862
0.26787817 -0.7556646 0.025298698
0.26028848 -1.1786063 0.032585815
0.2576403 -1.3832695 0.038610194
0.26434574 -1.4013629 0.04353893
0.26745528 -0.7690852 0.025888873
0.25896645 -1.2007314 0.033542324
0.2561 -1.4060661 0.039405387
0.2630379 -1.4237946 0.044151258
0.26701832 -0.7827909 0.02652996
0.2575785 -1.2230167 0.034554716
0.2545098 -1.4289246 0.040208306
0.2616704 -1.4465171 0.044733424
0.26656523 -0.79679775 0.027229797
0.25612172 -1.2454313 0.035626713
0.25287023 -1.451827 0.041018378
0.26023984 -1.4695135 0.04528176
0.26609376 -0.8111226 0.027996963
0.25459343 -1.2679403 0.03676157
0.25118184 -1.4747565 0.041834645
0.25874278 -1.4927638 0.045792405
0.26560152 -0.82578254 0.028840948
0.2529912 -1.290506 0.0379619
0.2494452 -1.4976968 0.042655688
0.25717592 -1.5162439 0.04626135
0.26508597 -0.8407955 0.029772159
0.2513132 -1.3130879 0.039229352
0.24766083 -1.5206331 0.043479502
0.2555364 -1.5399263 0.04668453
0.26454464 -0.85618025 0.030801993
0.2495583 -1.3356433 0.040564258
0.2458293 -1.5435518 0.04430336
0.25382194 -1.5637792 0.047057923
0.26397505 -0.87195706 0.031943236
0.247726 -1.3581288 0.04196528
0.24395107 -1.5664409 0.045123745
0.25203103 -1.5877687 0.047377687
0.26337492 -0.8881486 0.033210084
0.24581659 -1.380501 0.0434287
0.24202664 -1.5892897 0.045936186
0.25016314 -1.6118581 0.04764031
0.26274166 -0.9047805 0.034619786
0.243831 -1.4027188 0.0449476
0.24005657 -1.6120889 0.04673525
0.24821874 -1.6360106 0.047842942
0.2620729 -0.92188555 0.036192372
0.24177057 -1.4247439 0.046510223
0.23804171 -1.6348312 0.047514517
0.24619928 -1.6601899 0.04798405
0.2613615 -0.9395021 0.03796047
0.23963657 -1.446543 0.048097253
0.23598315 -1.6575106 0.0482666
0.24410656 -1.6843625 0.048064683
0.26059723 -0.957697 0.03996573
0.23743033 -1.4680876 0.049677916
0.2338828 -1.6801226 0.048984133
0.24194247 -1.7084984 0.04809249
0.25973046 -0.97654754 0.042325847
0.23515286 -1.4893594 0.051200315
0.23174322 -1.7026683 0.049657438
0.23970821 -1.7325777 0.04808411
0.25866997 -0.99627924 0.045185957
0.23280619 -1.5103279 0.052593708
0.22956716 -1.7251365 0.050283685
0.23740382 -1.7565742 0.04808479
0.25701362 -1.0173498 0.04948934
0.23039909 -1.5310398 0.053763367
0.227361 -1.7475705 0.0508565
0.23503451 -1.7805271 0.048152328
0.25901517 -0.52499735 -0.005157612
0.24108948 -0.526362 -0.003971681
0.2491929 -0.4787125 -0.0034805269
0.25814968 -0.44175127 -0.0036173025
0.24424753 -0.42616317 -0.0033457945
0.25158837 -0.3949705 -0.0029720436
0.2587191 -0.3741351 -0.0027406681
0.26442847 -0.36287114 -0.0024943892
0.25439787 -0.3252346 -0.0021892786
0.26024014 -0.3186697 -0.0015876337
0.26520857 -0.31950635 -0.0009709782
0.25734794 -0.26942217 -0.0008860602
0.26218903 -0.27517495 -4.9754868e-05
0.26646194 -0.28671926 0.0007860014
0.2699714 -0.3034997 0.0016407612
0.26407993 -0.2432425 0.0018201283
0.26775748 -0.26399612 0.002775072
0.27088723 -0.28910816 0.0037328417
0.26559323 -0.22156474 0.0039210552
0.26878867 -0.250122 0.004932437
0.27154824 -0.28245866 0.0059394324
0.2738318 -0.31844875 0.0069512073
0.269374 -0.24321607 0.0071851593
0.27181184 -0.2817816 0.008200701
0.27383992 -0.3237973 0.009215953
0.26942885 -0.24085741 0.009466095
0.27160084 -0.28478846 0.010455715
0.27340773 -0.33218765 0.011442466
0.27483144 -0.38317087 0.012437042
0.27089614 -0.28871888 0.012647645
0.2725347 -0.34100625 0.013576597
0.27381197 -0.39724463 0.014515278
0.26973188 -0.29034582 0.014727069
0.2712641 -0.34719297 0.015571804
0.27246 -0.4086298 0.016433368
0.27325597 -0.47499064 0.01733449
0.26967824 -0.34721673 0.017396165
0.2708901 -0.41404623 0.018166834
0.2716708 -0.48690978 0.0190029
0.2678979 -0.3370247 0.01904547
0.26926592 -0.40976533 0.019725036
0.27015778 -0.49009582 0.020517481
0.2703775 -0.5784414 0.021493137
0.2678124 -0.39161703 0.02118743
0.26903412 -0.48094267 0.022003673
0.26926467 -0.580454 0.023126742
0.26688161 -0.35527578 0.02279801
0.26882967 -0.45586312 0.023824602
0.26907828 -0.569258 0.025356678
0.2675632 -0.6948256 0.02752269
0.27068484 -0.4129617 0.027058886
0.27080652 -0.54285806 0.029650142
0.26747105 -0.68659353 0.032877654
0.27743882 -0.35933822 0.03478424
0.2775333 -0.5063907 0.040464338
0.27123168 -0.6638623 0.04666864
0.31862482 -0.35330433 -0.008217278
0.30968225 -0.38987637 -0.0062955553
0.31240287 -0.41292152 -0.005075254
0.31477585 -0.43752512 -0.004066045
0.3051804 -0.47170058 -0.003159369
0.30814296 -0.49091125 -0.0018429435
0.31057465 -0.51165384 -0.0009012126
0.3125189 -0.5342438 -0.00010173392
0.30414033 -0.5554696 0.0006240667
0.3064807 -0.57420933 0.0017832647
0.30841678 -0.5936946 0.0027011088
0.30086586 -0.60936475 0.0030467513
0.3029076 -0.6268734 0.004409004
0.30471903 -0.6439858 0.0055526877
0.30618858 -0.6610053 0.006596617
0.29986134 -0.672557 0.0072000762
0.30150986 -0.68778473 0.008580424
0.30293608 -0.701854 0.009831567
0.29723865 -0.7140774 0.010166641
0.29874685 -0.72783446 0.0117604975
0.30009916 -0.73948824 0.013234618
0.30140316 -0.74914163 0.014646583
0.29631817 -0.76666826 0.015129897
0.29760498 -0.77639616 0.016830454
0.2988076 -0.7832267 0.018438239
0.29408416 -0.80658877 0.018636528
0.2953492 -0.8148763 0.020536385
0.29650018 -0.8194039 0.022337748
0.29783574 -0.82025105 0.024063166
0.29320425 -0.8570532 0.02437149
0.29432747 -0.8597796 0.026369894
0.29547244 -0.8580099 0.028264213
0.29100743 -0.904886 0.028246308
0.29215991 -0.90632683 0.030392662
0.29323912 -0.90245926 0.032417953
0.29468152 -0.89342254 0.03432067
0.28983653 -0.96086484 0.03441529
0.29089546 -0.9554489 0.03655484
0.2920881 -0.94417745 0.038533483
0.28715268 -1.0250083 0.038271
0.28824148 -1.0186467 0.04041129
0.28939918 -1.0057756 0.04233835
0.29104656 -0.98692375 0.044064406
0.28505608 -1.0934484 0.04402
0.28623724 -1.0796305 0.045773655
0.28782466 -1.0598491 0.047237072
0.2810388 -1.1809574 0.04712042
0.28218022 -1.1666574 0.04843768
0.2840087 -1.1468012 0.049301486
0.28629223 -1.1231852 0.049996637
0.27699533 -1.2673646 0.050619565
0.27918983 -1.2477351 0.05049128
0.28194585 -1.2270113 0.050408654
0.27012503 -1.382491 0.051978845
0.27280787 -1.3623468 0.05051244
0.27611002 -1.3451208 0.05018829
0.31482798 -0.26643285 -0.013199692
0.32917535 -0.23180439 -0.014256937
0.3280476 -0.18555303 -0.015605215
0.32438084 -0.14162305 -0.01625978
0.3397807 -0.09279939 -0.017783204
0.3363005 -0.04771912 -0.018435879
0.33196357 -0.010531325 -0.018992253
0.3279082 0.017494828 -0.019555999
0.3426751 0.09862319 -0.02108817
0.33762103 0.12538138 -0.02197838
0.33285806 0.14268355 -0.022985538
0.34713045 0.24674778 -0.024246775
0.34152043 0.26050118 -0.025556616
0.33621934 0.2650917 -0.027006133
0.33140147 0.26091647 -0.02860429
0.3440429 0.38848546 -0.029912671
0.33837476 0.37918872 -0.031790394
0.3331642 0.361779 -0.03381329
0.34561086 0.5035444 -0.03511946
0.33972964 0.4797772 -0.03741653
0.3343241 0.448706 -0.039854877
0.3294068 0.4108456 -0.04243723
0.34067926 0.56226707 -0.043917213
0.33523476 0.51749486 -0.046764255
0.3303038 0.46688095 -0.04974804
0.34160626 0.6226941 -0.05130355
0.33626047 0.56448764 -0.0545519
0.33145595 0.5014709 -0.057928484
0.32715604 0.43419138 -0.06143513
0.33776864 0.58658266 -0.063212305
0.33320728 0.5117505 -0.06697001
0.32917318 0.4337382 -0.07084702
0.34012872 0.58123934 -0.07272733
0.33590448 0.49538633 -0.07685056
0.3322311 0.40746826 -0.08108102
0.329039 0.31800994 -0.08541876
0.3398879 0.45059067 -0.08753619
0.33664694 0.3537638 -0.092099085
0.3339134 0.25649786 -0.096754126
0.34548828 0.37613088 -0.0989811
0.34271514 0.27154827 -0.10385125
0.34050065 0.16762681 -0.10879675
0.3387209 0.06482815 -0.1138113
0.35069492 0.16028714 -0.116275005
0.3490239 0.05100482 -0.12148032
0.347888 -0.05610031 -0.12672831
0.36081198 0.019962711 -0.1292952
0.35963383 -0.09323845 -0.13472722
0.35917842 -0.20320286 -0.14017016
0.35923475 -0.3096527 -0.14558226
0.3724272 -0.2645018 -0.14844795
0.3725237 -0.37572142 -0.15405172
0.37357238 -0.4825438 -0.15957323
0.38761342 -0.4615057 -0.16248965
0.38790265 -0.57244825 -0.16819413
0.38929635 -0.678543 -0.17387241
0.26177707 -0.6221352 -0.0059350724
0.27223176 -0.5027762 -0.0066563287
0.29035914 -0.39594802 -0.008208251
0.3076107 -0.3195444 -0.010223568
0.26171714 -0.6401301 -0.0066989693
0.2722188 -0.50816333 -0.0070606186
0.2904446 -0.39164853 -0.008643541
0.30793792 -0.30619767 -0.010602739
0.2615432 -0.65724295 -0.007426517
0.27222314 -0.51359296 -0.0075031896
0.29052466 -0.3874229 -0.009103894
0.3082344 -0.29282635 -0.011008636
0.2613011 -0.67365 -0.008132143
0.27224332 -0.5190437 -0.00797959
0.290598 -0.38326877 -0.009589324
0.30849898 -0.279452 -0.011441881
0.26102126 -0.689459 -0.008813352
0.27227914 -0.524498 -0.0084881075
0.29066482 -0.37918913 -0.010100272
0.3087317 -0.26610154 -0.011902225
0.26072806 -0.7047495 -0.009481089
0.2723298 -0.5299362 -0.009027272
0.29072496 -0.37518588 -0.010636192
0.30893236 -0.25280252 -0.01238937
0.2604365 -0.71957475 -0.010142972
0.27239442 -0.5353402 -0.009596688
0.29077843 -0.3712617 -0.011196883
0.3091013 -0.23958331 -0.01290355
0.26015633 -0.7339743 -0.010806207
0.2724717 -0.54069316 -0.01019621
0.29082516 -0.36741936 -0.011782053
0.30923927 -0.22647212 -0.013445063
0.2598932 -0.74797624 -0.011476257
0.27256012 -0.5459802 -0.010825907
0.29086518 -0.36366218 -0.012391604
0.3093474 -0.21349636 -0.014014272
0.25965038 -0.76160187 -0.012157633
0.2726579 -0.55118877 -0.011485856
0.2908985 -0.3599936 -0.01302557
0.30942726 -0.20068216 -0.014611446
0.2594295 -0.77486676 -0.012853957
0.27276313 -0.55630845 -0.012176088
0.29092515 -0.35641754 -0.013684142
0.30948064 -0.18805398 -0.015236735
0.25923127 -0.78778267 -0.013568246
0.27287397 -0.56133115 -0.012896559
0.2909452 -0.352938 -0.01436764
0.30950946 -0.1756345 -0.015890162
0.25905564 -0.80035824 -0.014303043
0.27298853 -0.5662511 -0.013647174
0.29095864 -0.34955934 -0.015076498
0.30951563 -0.16344455 -0.016571673
0.2589022 -0.8126001 -0.015060487
0.2731051 -0.5710646 -0.014427766
0.2909656 -0.3462862 -0.015811203
0.30950105 -0.15150319 -0.01728114
0.2587701 -0.824513 -0.01584241
0.27322224 -0.5757696 -0.015238147
0.2909661 -0.34312335 -0.016572297
0.30946743 -0.13982794 -0.018018428
0.25865856 -0.83610094 -0.016650423
0.2733385 -0.5803659 -0.016078176
0.29096028 -0.3400758 -0.017360382
0.3094164 -0.1284349 -0.018783463
0.25856635 -0.84736645 -0.017485874
0.27345285 -0.5848544 -0.016947696
0.29094818 -0.33714873 -0.018176032
0.3093494 -0.11733905 -0.019576186
0.25849238 -0.85831195 -0.018349925
0.27356434 -0.58923745 -0.017846603
0.29093 -0.33434755 -0.01901983
0.30926764 -0.10655442 -0.020396609
0.2584354 -0.8689393 -0.019243581
0.27367228 -0.59351796 -0.018774848
0.29090586 -0.33167782 -0.01989234
0.3091723 -0.096094266 -0.02124483
0.25839406 -0.87925017 -0.02016765
0.2737761 -0.59769976 -0.019732393
0.29087594 -0.32914516 -0.020794068
0.3090644 -0.08597126 -0.02212098
0.25836706 -0.88924634 -0.021122841
0.27387542 -0.6017872 -0.020719284
0.29084042 -0.32675543 -0.021725515
0.30894485 -0.076197624 -0.023025291
0.2583531 -0.8989295 -0.022109738
0.27396995 -0.6057851 -0.021735612
0.2907995 -0.3245146 -0.02268714
0.3088145 -0.06678522 -0.023958042
0.2583509 -0.9083016 -0.023128772
0.27405956 -0.60969836 -0.022781458
0.29075348 -0.3224286 -0.023679325
0.30867422 -0.05774561 -0.024919529
0.2583591 -0.9173649 -0.024180342
0.27414417 -0.6135323 -0.023856992
0.29070258 -0.32050362 -0.024702458
0.30852473 -0.04909013 -0.02591013
0.25837648 -0.9261219 -0.025264705
0.27422374 -0.6172924 -0.024962356
0.29064712 -0.31874582 -0.025756842
0.30836684 -0.040829975 -0.026930204
0.25840175 -0.93457544 -0.026382053
0.27429837 -0.6209841 -0.026097711
0.2905874 -0.31716144 -0.026842741
0.3082013 -0.03297613 -0.02798013
0.25843382 -0.94272864 -0.027532559
0.27436814 -0.6246129 -0.027263267
0.29052377 -0.31575674 -0.027960427
0.308029 -0.02553945 -0.02906033
0.2584715 -0.9505852 -0.028716292
0.27443317 -0.62818456 -0.028459195
0.29045662 -0.314538 -0.0291101
0.30785066 -0.01853062 -0.03017119
0.2585137 -0.95814884 -0.029933285
0.2744936 -0.63170445 -0.029685667
0.29038632 -0.31351158 -0.030291928
0.30766714 -0.011960207 -0.031313088
0.2585594 -0.965424 -0.031183533
0.27454963 -0.6351782 -0.030942857
0.29031327 -0.31268373 -0.031506065
0.30747938 -0.0058385623 -0.032486405
0.25860772 -0.9724153 -0.032467
0.27460146 -0.63861144 -0.032230925
0.29023796 -0.31206074 -0.032752644
0.30728826 -0.0001758753 -0.033691492
0.25865763 -0.9791277 -0.033783607
0.27464923 -0.6420096 -0.03355001
0.29016083 -0.31164888 -0.034031764
0.30709472 0.0050178473 -0.034928687
0.2587084 -0.9855666 -0.03513326
0.27469322 -0.64537823 -0.034900244
0.29008237 -0.31145436 -0.035343513
0.3068998 0.009732837 -0.036198303
0.25875914 -0.99173754 -0.036515836
0.2747336 -0.6487227 -0.036281724
0.29000306 -0.31148332 -0.03668796
0.30670446 0.013959519 -0.037500612
0.25880915 -0.9976466 -0.03793117
0.27477062 -0.65204847 -0.03769452
0.28992346 -0.3117419 -0.03806514
0.3065098 0.0176886 -0.03883587
0.2588578 -1.0033 -0.039379135
0.27480447 -0.65536094 -0.039138738
0.2898441 -0.31223607 -0.039475136
0.3063169 0.020911044 -0.040204324
0.2589044 -1.0087041 -0.040859535
0.27483544 -0.6586654 -0.040614396
0.28976557 -0.3129718 -0.040917948
0.3061269 0.023618074 -0.041606165
0.25894842 -1.0138657 -0.042372167
0.27486372 -0.6619673 -0.042121515
0.28968847 -0.31395492 -0.0423936
0.30594096 0.02580122 -0.043041565
0.25898933 -1.018792 -0.043916825
0.2748896 -0.6652718 -0.04366009
0.28961337 -0.31519112 -0.043902088
0.3057602 0.027452324 -0.044510655
0.25902668 -1.0234902 -0.04549326
0.27491328 -0.66858417 -0.04523008
0.2895409 -0.31668606 -0.045443393
0.3055859 0.028563535 -0.046013534
0.25906 -1.0279677 -0.047101267
0.2749351 -0.6719097 -0.046831474
0.2894717 -0.31844524 -0.047017533
0.30541927 0.029127337 -0.04755032
0.25908893 -1.032232 -0.04874055
0.27495527 -0.67525345 -0.048464168
0.28940642 -0.320474 -0.048624434
0.3052615 0.029136555 -0.049121033
0.25911316 -1.0362912 -0.050410863
0.27497408 -0.67862064 -0.050128084
0.28934574 -0.32277754 -0.050264075
0.3051139 0.028584369 -0.05072571
0.25913242 -1.0401533 -0.05211194
0.2749918 -0.6820164 -0.051823135
0.28929034 -0.32536098 -0.051936425
0.30497777 0.027464304 -0.05236438
0.2591464 -1.0438262 -0.05384344
0.27500877 -0.6854456 -0.05354916
0.28924087 -0.32822922 -0.053641375
0.30485436 0.025770267 -0.054036967
0.25915492 -1.0473185 -0.05560506
0.27502525 -0.6889134 -0.05530601
0.28919807 -0.331387 -0.055378858
0.30474496 0.023496514 -0.055743434
0.25915784 -1.0506384 -0.0573965
0.27504155 -0.6924247 -0.05709355
0.28916264 -0.334839 -0.057148803
0.3046509 0.020637719 -0.05748372
0.259155 -1.0537949 -0.059217416
0.27505803 -0.6959844 -0.058911584
0.2891353 -0.33858955 -0.058951106
0.3045735 0.017188882 -0.059257727
0.25914636 -1.0567964 -0.061067425
0.27507496 -0.6995973 -0.060759895
0.28911677 -0.342643 -0.06078562
0.30451405 0.013145428 -0.061065298
0.25913185 -1.059652 -0.06294618
0.2750927 -0.70326823 -0.06263828
0.28910777 -0.34700334 -0.062652245
0.3044739 0.008503168 -0.06290631
0.25911143 -1.0623703 -0.06485328
0.2751116 -0.70700175 -0.06454651
0.28910902 -0.35167453 -0.06455082
0.30445433 0.003258327 -0.06478057
0.25908515 -1.0649606 -0.06678835
0.27513197 -0.7108027 -0.06648434
0.2891213 -0.35666028 -0.066481195
0.3044567 -0.002592519 -0.06668791
0.25905305 -1.0674319 -0.068750955
0.27515417 -0.7146755 -0.068451494
0.28914535 -0.36196408 -0.06844318
0.30448228 -0.009052374 -0.06862809
0.2590153 -1.0697935 -0.07074068
0.27517858 -0.71862465 -0.07044772
0.2891819 -0.3675893 -0.0704366
0.30453244 -0.0161238 -0.07060087
0.25897193 -1.0720544 -0.07275707
0.27520552 -0.7226547 -0.07247273
0.28923166 -0.37353903 -0.07246124
0.30460843 -0.023808973 -0.07260601
0.25892317 -1.0742242 -0.07479968
0.27523535 -0.7267699 -0.07452621
0.2892954 -0.37981623 -0.074516885
0.30471155 -0.03210972 -0.07464322
0.2588692 -1.0763121 -0.076868035
0.27526847 -0.7309746 -0.076607876
0.2893739 -0.38642365 -0.076603286
0.3048431 -0.041027308 -0.07671218
0.25881028 -1.0783274 -0.07896166
0.27530518 -0.73527306 -0.078717425
0.2894679 -0.39336383 -0.07872021
0.30500436 -0.050562765 -0.07881262
0.25874665 -1.0802796 -0.08108007
0.27534586 -0.7396694 -0.08085452
0.2895781 -0.40063912 -0.08086737
0.3051966 -0.060716584 -0.08094417
0.25867864 -1.0821781 -0.08322274
0.27539086 -0.7441678 -0.083018824
0.28970528 -0.40825164 -0.08304445
0.30542105 -0.07148885 -0.08310646
0.2586066 -1.0840322 -0.08538915
0.27544054 -0.7487724 -0.085209996
0.28985015 -0.41620326 -0.08525114
0.30567896 -0.08287918 -0.08529911
0.25853088 -1.0858513 -0.087578796
0.2754952 -0.75348717 -0.08742771
0.29001343 -0.42449576 -0.0874871
0.30597153 -0.09488686 -0.08752175
0.25845188 -1.0876448 -0.08979115
0.27555516 -0.7583162 -0.089671634
0.2901959 -0.43313062 -0.089751974
0.3063 -0.107510686 -0.08977393
0.25837004 -1.0894219 -0.09202564
0.27562076 -0.7632635 -0.09194139
0.29039824 -0.44210908 -0.09204534
0.30666554 -0.120748945 -0.09205523
0.25828582 -1.0911919 -0.094281755
0.27569225 -0.76833326 -0.09423664
0.2906212 -0.4514322 -0.09436679
0.3070693 -0.1345995 -0.094365194
0.25819975 -1.0929638 -0.096558966
0.27576998 -0.77352947 -0.09655706
0.29086548 -0.46110085 -0.09671587
0.30751246 -0.14905989 -0.096703365
0.2581123 -1.094747 -0.09885671
0.2758542 -0.77885634 -0.09890228
0.29113176 -0.47111553 -0.099092074
0.30799615 -0.16412689 -0.099069245
0.25802407 -1.09655 -0.10117448
0.2759451 -0.7843181 -0.10127198
0.2914208 -0.48147675 -0.1014949
0.30852148 -0.17979711 -0.101462334
0.25793558 -1.098382 -0.10351174
0.27604297 -0.7899192 -0.10366582
0.29173318 -0.49218452 -0.10392375
0.30908954 -0.1960665 -0.10388212
0.25784746 -1.1002516 -0.10586799
0.27614793 -0.7956641 -0.106083445
0.29206964 -0.50323874 -0.10637801
0.3097014 -0.21293037 -0.10632805
0.2577603 -1.1021674 -0.10824276
0.27626026 -0.8015575 -0.10852458
0.29243088 -0.5146391 -0.10885705
0.31035817 -0.23038383 -0.108799614
0.25767466 -1.1041378 -0.11063556
0.27638 -0.80760443 -0.11098888
0.29281744 -0.5263849 -0.11136011
0.31106085 -0.24842104 -0.11129622
0.25759128 -1.1061711 -0.113045976
0.27650732 -0.81381005 -0.11347603
0.29323003 -0.5384753 -0.11388642
0.3118105 -0.26703578 -0.113817304
0.2575107 -1.1082755 -0.11547363
0.27664232 -0.82017994 -0.11598576
0.29366922 -0.5509091 -0.116435185
0.31260812 -0.28622124 -0.116362296
0.25743356 -1.1104591 -0.11791814
0.27678502 -0.8267201 -0.11851775
0.2941356 -0.56368506 -0.11900546
0.31345475 -0.30596974 -0.11893056
0.2573605 -1.1127297 -0.12037925
0.27693543 -0.83343685 -0.121071704
0.2946297 -0.5768015 -0.1215963
0.31435147 -0.32627305 -0.1215215
0.25729212 -1.115095 -0.1228567
0.27709362 -0.8403371 -0.12364734
0.29515207 -0.5902565 -0.12420667
0.31529924 -0.34712213 -0.12413447
0.257229 -1.1175628 -0.12535031
0.27725947 -0.8474283 -0.12624429
0.29570317 -0.60404795 -0.12683542
0.31629917 -0.36850676 -0.12676878
0.25717175 -1.1201407 -0.12786
0.277433 -0.8547185 -0.12886225
0.29628348 -0.61817354 -0.12948135
0.31735224 -0.39041623 -0.12942374
0.25712088 -1.1228362 -0.13038571
0.27761415 -0.8622165 -0.13150077
0.29689342 -0.6326307 -0.13214312
0.3184596 -0.4128383 -0.13209854
0.25707698 -1.1256571 -0.13292754
0.27780285 -0.8699317 -0.13415936
0.2975333 -0.6474166 -0.13481934
0.31962228 -0.43575978 -0.13479234
0.25704053 -1.1286106 -0.13548562
0.2779991 -0.8778744 -0.13683747
0.2982035 -0.66252846 -0.13750845
0.3208414 -0.45916617 -0.1375042
0.25701207 -1.1317044 -0.13806021
0.27820298 -0.88605547 -0.1395343
0.29890424 -0.6779629 -0.14020874
0.322118 -0.48304132 -0.14023298
0.2569921 -1.1349465 -0.14065166
0.2784146 -0.89448667 -0.14224891
0.2996358 -0.6937168 -0.1429183
0.3234531 -0.50736773 -0.14297736
0.25698116 -1.1383443 -0.14326048
0.27863428 -0.9031803 -0.14498015
0.30039832 -0.70978695 -0.1456351
0.3248476 -0.5321264 -0.1457358
0.25697976 -1.1419055 -0.14588724
0.27886236 -0.91214895 -0.14772645
0.30119196 -0.7261695 -0.1483567
0.3263023 -0.5572963 -0.14850637
0.2569885 -1.1456379 -0.14853278
0.27909946 -0.92140573 -0.15048589
0.30201682 -0.74286103 -0.15108043
0.3278177 -0.58285487 -0.15128677
0.2570079 -1.1495491 -0.15119815
0.27934644 -0.93096364 -0.15325612
0.302873 -0.7598581 -0.15380324
0.32939407 -0.6087789 -0.15407425
0.25703856 -1.1536463 -0.15388477
0.2796042 -0.940835 -0.15603404
0.30376053 -0.7771565 -0.15652147
0.3310313 -0.63504255 -0.15686548
0.25708076 -1.1579363 -0.15659492
0.27987385 -0.9510317 -0.15881583
0.3046795 -0.7947527 -0.159231
0.33272877 -0.6616208 -0.15965663
0.2571343 -1.1624244 -0.15933186
0.28015652 -0.96156424 -0.16159643
0.30563003 -0.8126428 -0.16192701
0.33448556 -0.68848735 -0.1624433
0.2571973 -1.1671144 -0.16210313
0.2804533 -0.972442 -0.16436888
0.30661228 -0.83082306 -0.16460395
0.33630025 -0.71561694 -0.16522047
0.25726426 -1.1720064 -0.16491929
0.28076503 -0.98367226 -0.1671232
0.30762658 -0.8492894 -0.16725571
0.3381711 -0.74298483 -0.16798268
0.25731897 -1.1770908 -0.16781758
0.28109285 -0.99526125 -0.16984464
0.30867344 -0.8680375 -0.16987552
0.3400963 -0.7705671 -0.1707232
0.25732774 -1.1823523 -0.17084202
0.2814383 -1.007212 -0.17251194
0.30975336 -0.8870642 -0.1724571
0.34207338 -0.7983437 -0.17343506
0.25716007 -1.1876743 -0.17426208
0.28180483 -1.0195298 -0.17509823
0.31086823 -0.90636593 -0.17499346
0.34410116 -0.8262934 -0.17610766
0.23259242 -0.67746264 -0.008757923
0.24863915 -0.66972774 -0.010075598
0.24124879 -0.7283014 -0.011170102
0.23468974 -0.79291147 -0.012187457
0.25328243 -0.7589339 -0.012157904
0.24571256 -0.8209003 -0.013572982
0.2391166 -0.888873 -0.014709403
0.23340315 -0.9631964 -0.015775427
0.24943024 -0.88922215 -0.016237393
0.24349695 -0.9600236 -0.017751021
0.23809013 -1.0354866 -0.019248823
0.25231755 -0.93703 -0.019885086
0.2472115 -1.0092866 -0.021788007
0.24225728 -1.0847447 -0.023712734
0.237539 -1.1628947 -0.025736438
0.2503539 -1.0404638 -0.026820403
0.2458269 -1.1150947 -0.029140418
0.24127404 -1.1913002 -0.031562045
0.25307456 -1.0568849 -0.032777168
0.24889414 -1.1301327 -0.03547399
0.2445373 -1.2040662 -0.03826324
0.23999728 -1.2782563 -0.04117025
0.2515417 -1.1329942 -0.042659674
0.24734795 -1.2044537 -0.045797396
0.24287018 -1.2754902 -0.049045783
0.25383103 -1.126528 -0.050648365
0.24975678 -1.1954226 -0.05412218
0.24533537 -1.2633353 -0.057691652
0.24051258 -1.3299716 -0.06137186
0.25181863 -1.179734 -0.06319186
0.24743131 -1.2446454 -0.06706331
0.24260107 -1.3078979 -0.07103542
0.25360012 -1.15998 -0.072955385
0.24922684 -1.2221035 -0.07710846
0.24437489 -1.282321 -0.08134532
0.2389581 -1.3405024 -0.0856786
0.25081256 -1.1981915 -0.087767035
0.24593931 -1.2558218 -0.092237286
0.24048625 -1.3114196 -0.09679066
0.25230074 -1.1751192 -0.098974235
0.2474192 -1.2306896 -0.10364067
0.24194443 -1.2844341 -0.10837162
0.23575857 -1.3364695 -0.1131815
0.24895424 -1.2088001 -0.115488686
0.24351713 -1.2614789 -0.120349854
0.23739475 -1.3130286 -0.12527959
0.2506749 -1.1915182 -0.12774347
0.24534996 -1.24387 -0.13269465
0.2394574 -1.2958922 -0.13772288
0.23283784 -1.3477532 -0.1428674
0.24746983 -1.2324029 -0.14547914
0.24199764 -1.2856019 -0.15071175
0.23640269 -1.3387476 -0.15624973
0.24972335 -1.2279904 -0.1588879
0.24472994 -1.2831436 -0.16479027
0.24075192 -1.3360604 -0.1713362
0.2539025 -1.2777863 -0.1882833
0.26558554 -1.4367515 -0.23813523
0.2824653 -1.6115575 -0.2901184
0.25602055 -1.3356061 -0.20342158
0.26890686 -1.4940277 -0.25563172
0.28665888 -1.6654326 -0.3068949
0.25835165 -1.3910959 -0.22061573
0.27232808 -1.5484091 -0.27294183
0.2502555 -1.306826 -0.18798958
0.26089466 -1.4441609 -0.238087
0.27583146 -1.5999653 -0.28997424
0.25237605 -1.3578292 -0.20375875
0.2635638 -1.4947286 -0.255556
0.27939296 -1.648611 -0.30671933
0.2542261 -1.4059166 -0.22070476
0.26633367 -1.5429071 -0.27285716
0.24671784 -1.3341283 -0.18746337
0.25617725 -1.4518431 -0.23807111
0.26919696 -1.5888146 -0.28987685
0.2485406 -1.3791709 -0.20399484
0.258229 -1.4956801 -0.25551167
0.2721511 -1.6324072 -0.30658323
0.25003457 -1.420593 -0.22080368
0.26036775 -1.5376259 -0.2728097
0.24322385 -1.3609251 -0.18706147
0.25148526 -1.4596035 -0.238074
0.26260528 -1.5779138 -0.28982595
0.24466918 -1.3999827 -0.20408429
0.2529599 -1.496718 -0.25549266
0.26496392 -1.6166207 -0.30650195
0.24586171 -1.43505 -0.22085251
0.25448564 -1.532404 -0.272795
0.23967637 -1.3876015 -0.18681803
0.24689312 -1.467297 -0.23807436
0.2561004 -1.5670731 -0.28981858
0.2409257 -1.4205921 -0.20404643
0.24784961 -1.4976999 -0.25549304
0.25786638 -1.6009941 -0.30648825
0.18458384 -1.7624143 0.06458089
0.22710788 -1.3196789 0.052990843
0.26049542 -0.8946643 0.061220005
0.2009707 -1.597692 0.05946076
0.24095336 -1.1589154 0.05271795
0.16927443 -1.8862824 0.07393026
0.21670255 -1.4331375 0.055700984
0.2544397 -0.99808496 0.054107137
0.18699378 -1.7198458 0.066985734
0.23179266 -1.268774 0.053371914
0.2669835 -0.8362083 0.058346972
0.20404588 -1.5533178 0.061303154
0.24623263 -1.1046973 0.052579872
0.17096 -1.8454418 0.07708235
0.22045168 -1.3865697 0.0569629
0.2599217 -0.94110024 0.053560883
0.18921593 -1.6778667 0.06967198
0.23619223 -1.2196066 0.05404395
0.27222723 -0.7793692 0.056868777
0.20685111 -1.5099038 0.06345196
0.25117177 -1.0526634 0.05265725
0.17250404 -1.8048874 0.08038821
0.22388048 -1.3413637 0.058540028
0.26512358 -0.88650376 0.053027965
0.19120194 -1.6364815 0.07261975
0.24026652 -1.1722139 0.055023234
0.27740842 -0.7234714 0.05556614
0.20934401 -1.4674498 0.06589409
0.2558697 -1.0027189 0.052998684
0.28714526 -0.56922567 0.059483904
0.2269455 -1.2975179 0.060422268
0.27034792 -0.8338459 0.052640777
0.19291632 -1.5956589 0.07579222
0.24396229 -1.126592 0.056308348
0.28299767 -0.66825867 0.054289673
0.21145694 -1.4259195 0.06860519
0.26024237 -0.95486814 0.053637963
0.2927953 -0.5113886 0.057932656
0.22578064 -1.3526781 0.053115
0.18777245 -1.7747718 0.060022596
0.13875563 -2.2227275 0.082772896
0.21371183 -1.5041164 0.053953134
0.17245407 -1.9343934 0.06505001
0.23266333 -1.2633084 0.05599406
0.20077811 -1.657581 0.055956896
0.15632315 -2.0948803 0.071433425
0.22272593 -1.4029628 0.054142483
0.18696128 -1.8127997 0.059161436
0.13940321 -2.2561183 0.079571575
0.2117171 -1.5478556 0.054412283
0.17227623 -1.9695815 0.0635898
0.2321529 -1.3089681 0.060308043
0.19958454 -1.6965245 0.055924624
0.15673563 -2.1277645 0.069319814
0.22110383 -1.4471768 0.05640133
0.18645868 -1.84805 0.058597498
0.14035533 -2.2871263 0.07662386
0.21034166 -1.5874714 0.05549377
0.17239496 -2.0019221 0.062444404
0.23343681 -1.3358535 0.060852397
0.19880666 -1.7318048 0.056289405
0.15741988 -2.1577852 0.067527525
0.22144112 -1.478781 0.058743473
0.18629575 -1.8797864 0.058369253
0.1415525 -2.3153157 0.0740323
0.21018556 -1.6192411 0.057088554
0.17280874 -2.0308182 0.061630204
0.1248157 -2.4741743 0.08247214
0.19874936 -1.7614578 0.05709514
0.1583658 -2.1844232 0.06608141
0.2230322 -1.4966838 0.059646506
0.18661451 -1.9068403 0.05850896
0.14298461 -2.3401887 0.07183457
0.21132985 -1.6402459 0.05850519
0.173587 -2.0554736 0.06115983
0.12668306 -2.4977348 0.07920361
0.19967213 -1.7831271 0.05811484
0.15961084 -2.2070518 0.06498924
0.2252515 -1.5030633 0.058764946
0.18761638 -1.9276509 0.058952246
0.14467555 -2.361198 0.07003758
0.21342456 -1.6501822 0.05914844
0.17485657 -2.0748398 0.061010905
0.12878503 -2.5175343 0.07648722
0.20155501 -1.7953943 0.058949377
0.1612338 -2.2249136 0.064237826
0.11194044 -2.675719 0.08474491
0.18941359 -1.9407756 0.059496105
0.14667746 -2.3777316 0.06862714
0.21614052 -1.6502182 0.05883185
0.17673999 -2.0877807 0.061087083
0.13115938 -2.533025 0.07426987
0.20419559 -1.798208 0.059303883
0.16333121 -2.2371533 0.063775465
0.11466491 -2.6905055 0.081407756
0.19196613 -1.9454825 0.05989551
0.1490607 -2.389124 0.06756505
0.21930552 -1.6416773 0.057671774
0.17928429 -2.0934124 0.061227914
0.13385768 -2.5436475 0.07249713
0.2073956 -1.7923017 0.059065353
0.165975 -2.2429745 0.06350301
0.11768084 -2.700562 0.07870704
0.19514367 -1.9418259 0.05997679
0.15189286 -2.3947165 0.06678284
0.10049332 -2.859687 0.08644144
0.18244836 -2.0913546 0.061269872
0.1369351 -2.5488524 0.071102284
0.21101409 -1.7785946 0.05824919
0.16918124 -2.24184 0.063293524
0.121032104 -2.705407 0.07653612
0.19881321 -1.930328 0.059660397
0.15521407 -2.3939688 0.06618504
0.10412879 -2.8643174 0.08322609
0.18614088 -2.081717 0.06109584
0.14043559 -2.5481596 0.070002295
0.21493699 -1.7579341 0.056956206
0.17291164 -2.2335684 0.063027695
0.12475779 -2.7046177 0.07479577
0.20286259 -1.9116715 0.05893506
0.15902422 -2.386568 0.06566606
0.10810847 -2.8634272 0.08064724
0.19026494 -2.0649085 0.06064311
0.14437853 -2.5412214 0.069102705
0.2191179 -1.7310362 0.055332527
0.1770974 -2.2183049 0.06261717
0.1288832 -2.6978703 0.07338634
0.20720497 -1.8865236 0.05783651
0.16328795 -2.3724592 0.06513043
0.11245656 -2.856724 0.07856517
0.1947318 -2.0414672 0.05989047
0.14875427 -2.5278826 0.06830881
0.09502014 -3.017917 0.084691286
0.18166348 -2.196395 0.062007822
0.1334133 -2.6849706 0.07220937
0.21178345 -1.8554841 0.056434218
0.16795 -2.351813 0.06450464
0.11718363 -2.844025 0.07686399
0.19947205 -2.0119352 0.058846634
0.15352947 -2.508175 0.06753701
0.09998356 -3.005266 0.08229478
0.186539 -2.168284 0.061173055
0.13833213 -2.66588 0.07117324
0.21652961 -1.8190632 0.054815255
0.17294976 -2.3249393 0.063738436
0.12228413 -2.825261 0.07543826
0.20442925 -1.9768205 0.05754378
0.15865748 -2.482292 0.06672072
0.10530687 -2.9866023 0.08033359
0.19166598 -2.1344259 0.060107246
0.14360759 -2.640696 0.07019865
0.08731476 -3.15013 0.08583391
0.17822923 -2.2922223 0.062801145
0.1277375 -2.800486 0.074194595
0.20955373 -1.9365617 0.05603193
0.16408749 -2.4505215 0.065810636
0.11097648 -2.9619634 0.07869603
0.19699383 -2.0952573 0.058821976
0.14919856 -2.6096318 0.06922106
0.0932438 -3.125403 0.0836578
0.18373886 -2.2540529 0.061677612
0.13351238 -2.7698493 0.07305337
0.2148251 -1.8915373 0.054371823
0.16977087 -2.4132078 0.06477232
0.1169685 -2.931477 0.07728523
0.20248419 -2.0511568 0.05734382
0.15506133 -2.572963 0.0681902
0.099494144 -3.0948036 0.08185604
0.18943529 -2.2108102 0.06036572
0.13957158 -2.73358 0.0719491
0.08100369 -3.2600887 0.086674176
0.17566486 -2.3706937 0.06358337
0.12325212 -2.8953328 0.07601901
0.20811026 -2.0024564 0.055712175
0.16115424 -2.531003 0.067068
0.10603958 -3.0585184 0.08032687
0.19528666 -2.1628249 0.058875237
0.14587675 -2.6919444 0.07082935
0.08785526 -3.2234147 0.08475358
0.18173265 -2.3233137 0.0622314
0.12979354 -2.85377 0.07482928
0.21384059 -1.9494185 0.053977143
0.16744013 -2.484058 0.06582633
0.11285047 -3.0167646 0.07898487
0.20126675 -2.1103873 0.0572274
0.15239173 -2.645228 0.06965271
0.09497622 -3.1812282 0.083163545
0.18794677 -2.271356 0.06071306
0.13655907 -2.8070402 0.07366076
0.21968219 -1.8922491 0.052197613
0.17388766 -2.4324224 0.064445056
0.11989651 -2.9697814 0.077758364
0.2073571 -2.0537212 0.05545543
0.15908436 -2.5937028 0.06838665
0.102338985 -3.1337602 0.08180347
0.19428469 -2.215076 0.059033662
0.14351758 -2.755401 0.07246908
0.083804734 -3.299261 0.085597076
0.18047278 -2.376349 0.06291081
0.12714905 -2.9177988 0.076588616
0.213556 -1.9929985 0.053606663
0.16592774 -2.5376263 0.067005664
0.109917775 -3.0812385 0.08059683
0.20073506 -2.154663 0.057207827
0.1506418 -2.6990848 0.07121873
0.091744356 -3.2460315 0.084285036
0.18717718 -2.3160596 0.06121615
0.13458258 -2.8610358 0.075428344
0.21984585 -1.9283106 0.051747236
0.17290102 -2.4772146 0.06548971
0.11769008 -3.0238605 0.079479724
0.20729433 -2.0902593 0.05526197
0.15790917 -2.6383057 0.069881156
0.099883355 -3.1879249 0.08316445
0.19399308 -2.251715 0.059359238
0.14217567 -2.799677 0.07423995
0.081074364 -3.353469 0.086196624
0.17998925 -2.4126544 0.063823074
0.12563758 -2.9617958 0.0784006
0.21396354 -2.0219216 0.053240784
0.16530228 -2.5732343 0.068433255
0.108206764 -3.125095 0.08216199
0.20091863 -2.1834304 0.057344187
0.1499114 -2.7338786 0.072993666
0.0897916 -3.2898633 0.08524224
0.18718612 -2.3440773 0.061993543
0.13374656 -2.895168 0.07731892
0.22077408 -1.9496275 0.051222585
0.1728093 -2.5040119 0.06685633
0.11670499 -3.0576549 0.081217304
0.20796531 -2.1112363 0.05518292
0.15777782 -2.66375 0.07166606
0.098685406 -3.2216773 0.08443484
0.19449155 -2.2715702 0.059991337
0.14200835 -2.8240662 0.076203324
0.07960815 -3.387335 0.086580105
0.18042517 -2.4307234 0.06513574
0.12537387 -2.985664 0.080283165
0.21516198 -2.0350807 0.05290201
0.1657687 -2.5893643 0.070239365
0.10775577 -3.1489627 0.083694264
0.20191918 -2.1951413 0.057807412
0.1504199 -2.7485263 0.07502961
0.089073725 -3.3140564 0.086080365
0.1881508 -2.353407 0.06326095
0.13421468 -2.909144 0.079323635
0.2225431 -1.9547685 0.05056701
0.17388438 -2.510729 0.06870194
0.11700873 -3.07172 0.082958914
0.20949332 -2.1147163 0.055429224
0.15898517 -2.6685412 0.07377936
0.098717205 -3.2363436 0.085659504
0.1959968 -2.2720144 0.06122588
0.14323479 -2.82807 0.07831062
0.23021133 -1.869905 0.0483708
0.18213275 -2.4277833 0.067050345
0.12645571 -2.9899192 0.08218441
0.21725717 -2.0300808 0.05283098
0.1677171 -2.584034 0.072439745
0.10855654 -3.154144 0.085216194
0.2039773 -2.1864018 0.059028503
0.15244894 -2.7423837 0.077220656
0.089513466 -3.3205202 0.08695392
0.19053161 -2.3403459 0.065293096
0.13611344 -2.9035046 0.081338376
0.2253057 -1.9408157 0.049954496
0.17663996 -2.494842 0.07100433
0.118616275 -3.0673923 0.084691204
0.21211572 -2.096266 0.05666818
0.161881 -2.6519773 0.076033205
0.09994208 -3.233734 0.08698372
0.19910046 -2.2480688 0.06345613
0.1460054 -2.8124163 0.08039438
0.23375632 -1.846106 0.04672358
0.18579395 -2.4006677 0.06947304
0.12892717 -2.9760268 0.08405175
0.22043656 -2.001059 0.054135572
0.17156777 -2.5566835 0.0747309
0.110640205 -3.1424034 0.08683757
0.20789652 -2.1503267 0.06159082
0.15616435 -2.7165873 0.07933022
0.09117867 -3.3111093 0.08824156
0.19521064 -2.3010476 0.06784761
0.13953029 -2.8800278 0.083277404
0.22885793 -1.899793 0.05137107
0.18155365 -2.4562438 0.07329902
0.12167092 -3.0464761 0.08648722
0.21681908 -2.0460398 0.059781928
0.16665703 -2.6159382 0.07813084
0.10261591 -3.21547 0.08871462
0.20508838 -2.1952822 0.066119164
0.15049295 -2.7794173 0.08235545
0.23847738 -1.789692 0.047985896
0.19195345 -2.350355 0.07171925
0.13311075 -2.9460273 0.08593085
0.22684108 -1.9333773 0.058128845
0.17754875 -2.5103252 0.07678495
0.11454399 -3.1152012 0.08877212
0.26722643 -1.3582911 -0.22072177
0.28602055 -1.5629189 -0.27331516
0.25820157 -1.215245 -0.18846337
0.27446607 -1.4239291 -0.2384123
0.2954155 -1.6363165 -0.29054084
0.26387218 -1.2779256 -0.20370267
0.28265187 -1.4947553 -0.25606912
0.30570456 -1.7136137 -0.30749875
0.27093974 -1.3459224 -0.22101648
0.29179016 -1.5702448 -0.27356675
0.26140243 -1.1920171 -0.18832235
0.2788963 -1.4188287 -0.23868415
0.30185896 -1.6499171 -0.2908216
0.26734424 -1.2602044 -0.20428237
0.28777432 -1.496465 -0.25635362
0.31283 -1.7333983 -0.30777687
0.2748789 -1.3350651 -0.22142848
0.29759106 -1.5784824 -0.27387482
0.2648058 -1.1717935 -0.18801707
0.2834495 -1.414876 -0.23903574
0.30833977 -1.6645255 -0.29114693
0.271143 -1.2451359 -0.20473422
0.2929753 -1.499214 -0.25670022
0.32000628 -1.754315 -0.30808547
0.27905217 -1.3259948 -0.22188123
0.3034543 -1.5877697 -0.2742345
0.26831305 -1.1535487 -0.18774259
0.28814733 -1.4122785 -0.23944485
0.31488293 -1.6802576 -0.2915138
0.2751136 -1.2322305 -0.20503174
0.2982764 -1.5031633 -0.25709933
0.327254 -1.7764544 -0.30842564
0.28341514 -1.3187428 -0.22231294
0.3094003 -1.5982392 -0.27463996
0.27189884 -1.1368139 -0.18752141
0.29299212 -1.4111687 -0.2398836
0.3215068 -1.6972219 -0.2919192
0.27918726 -1.2210574 -0.20522147
0.30369064 -1.5084432 -0.2575384
0.33458906 -1.7999039 -0.30879828
0.28791967 -1.3131864 -0.22269797
0.31544396 -1.6100054 -0.27508444
0.27554873 -1.1213119 -0.18734524
0.29797316 -1.4115897 -0.2403277
0.3282259 -1.7155157 -0.2923599
0.2833351 -1.2113153 -0.20534906
0.30922398 -1.515142 -0.25800344
0.34202453 -1.8247455 -0.3092037
0.29253176 -1.3091623 -0.22303608
0.32159644 -1.6231599 -0.27556002
0.27925286 -1.1068565 -0.18720554
0.30307537 -1.4135185 -0.24076225
0.33505228 -1.735223 -0.2928319
0.28754398 -1.2027999 -0.2054455
0.31487677 -1.5233042 -0.25848183
0.34957185 -1.8510544 -0.3096413
0.29723108 -1.3065197 -0.2233373
0.32786512 -1.6377681 -0.27605855
0.2830049 -1.0933157 -0.187097
0.30828536 -1.4168977 -0.24118142
0.34199563 -1.7564114 -0.29333058
0.2918078 -1.1953697 -0.20553012
0.32064635 -1.5329385 -0.2589642
0.35724112 -1.8788958 -0.31010935
0.3020067 -1.3051373 -0.22361338
0.33425444 -1.6538696 -0.27657238
0.28680143 -1.0805943 -0.1870166
0.31359357 -1.4216592 -0.2415852
0.34906366 -1.7791309 -0.29385075
0.2961242 -1.1889256 -0.2056149
0.32652938 -1.5440291 -0.25944507
0.36504126 -1.9083228 -0.31060508
0.30685353 -1.3049215 -0.22387472
0.34076685 -1.6714809 -0.2770951
0.29064128 -1.0686234 -0.18696278
0.31899452 -1.4277388 -0.24197647
0.35626236 -1.8034134 -0.29438722
0.3004932 -1.1833974 -0.20570743
0.33252347 -1.5565474 -0.25992176
0.3729798 -1.939374 -0.3111249
0.31177035 -1.3058031 -0.22412954
0.3474039 -1.6906006 -0.277622
0.29452512 -1.0573536 -0.18693472
0.3244861 -1.4350802 -0.2423591
0.3635962 -1.829273 -0.29493508
0.30491683 -1.1787356 -0.20581266
0.33862764 -1.5704591 -0.26039365
0.38106298 -1.972071 -0.3116643
0.31675842 -1.307731 -0.22438425
0.35416707 -1.7112144 -0.27814963
0.29845524 -1.0467508 -0.18693203
0.33006886 -1.4436376 -0.24273692
0.37106892 -1.8567082 -0.29548967
0.3093984 -1.174907 -0.20593396
0.34484264 -1.5857295 -0.26086107
0.38929582 -2.0064187 -0.31221846
0.32182094 -1.3106698 -0.22464368
0.36105832 -1.7332993 -0.2786756
0.30243507 -1.0367922 -0.18695453
0.3357453 -1.453375 -0.24311332
0.37868372 -1.8857034 -0.29604682
0.31394246 -1.1718901 -0.20607367
0.35117087 -1.6023253 -0.26132488
0.3976823 -2.0424032 -0.312782
0.32696253 -1.314595 -0.22491153
0.36808023 -1.7568258 -0.27919808
0.30646908 -1.0274645 -0.18700217
0.3415197 -1.4642646 -0.24349119
0.38644361 -1.9162303 -0.29660252
0.3185545 -1.1696736 -0.20623353
0.35761604 -1.6202164 -0.26178598
0.40622547 -2.0799928 -0.31334925
0.33218902 -1.3194923 -0.22519067
0.37523618 -1.7817602 -0.27971557
0.31056243 -1.018762 -0.18707491
0.3473976 -1.4762863 -0.24387282
0.3943516 -1.9482491 -0.2971529
0.3232408 -1.1682535 -0.20641486
0.36418307 -1.6393746 -0.262245
0.4149275 -2.1191373 -0.3139143
0.33750716 -1.3253549 -0.22548334
0.38253036 -1.808065 -0.28022647
0.31472096 -1.0106839 -0.18717273
0.35338557 -1.4894258 -0.24426004
0.4024107 -1.9817091 -0.29769397
0.32800835 -1.1676325 -0.2066187
0.37087798 -1.6597745 -0.26270232
0.42378983 -2.1597693 -0.314471
0.34292454 -1.3321828 -0.22579132
0.38996756 -1.8356987 -0.280729
0.31895086 -1.0032343 -0.18729556
0.35949132 -1.503674 -0.2446542
0.4106239 -2.0165489 -0.29822147
0.33286464 -1.1678184 -0.20684592
0.3777077 -1.6813916 -0.2631578
0.43281314 -2.201803 -0.31501287
0.34844953 -1.3399812 -0.226116
0.39755312 -1.8646154 -0.28122094
0.3232586 -0.99641967 -0.18744321
0.36572334 -1.5190259 -0.24505615
0.41899416 -2.052696 -0.2987309
0.33781764 -1.1688236 -0.20709726
0.3846799 -1.7042015 -0.2636109
0.4419971 -2.2451355 -0.3155332
0.35409114 -1.3487602 -0.2264585
0.40529272 -1.8947636 -0.2816996
0.3276507 -0.9902486 -0.18761547
0.37209094 -1.5354793 -0.24546634
0.4275241 -2.0900662 -0.29921722
0.34287554 -1.1706641 -0.20737341
0.39180297 -1.7281785 -0.26406035
0.45134068 -2.2896473 -0.3160251
0.35985902 -1.3585342 -0.22681963
0.4131923 -1.9260846 -0.28216156
0.33213344 -0.98473 -0.18781191
0.3786042 -1.5530338 -0.24588463
0.43621582 -2.1285627 -0.29967508
0.34804687 -1.1733588 -0.20767494
0.39908576 -1.7532936 -0.26450408
0.46084157 -2.3352027 -0.31648156
0.36576346 -1.3693206 -0.2271999
0.4212576 -1.9585108 -0.28260267
0.3367128 -0.97987187 -0.18803203
0.3852739 -1.571689 -0.24631011
0.44507068 -2.168076 -0.3000986
0.35334018 -1.1769289 -0.20800239
0.40653744 -1.7795123 -0.264939
0.47049636 -2.3816512 -0.31689563
0.37181526 -1.3811393 -0.22759932
0.42949376 -1.991963 -0.2830178
0.34139413 -0.9756803 -0.18827511
0.3921115 -1.5914423 -0.24674085
0.4540888 -2.2084823 -0.3004817
0.35876417 -1.1813976 -0.20835616
0.41416705 -1.8067902 -0.26536056
0.48030037 -2.428829 -0.31726068
0.37802595 -1.3940107 -0.2280172
0.437905 -2.026348 -0.28340104
0.34618184 -0.97215724 -0.18854025
0.39912882 -1.6122854 -0.24717323
0.46326882 -2.249644 -0.3008185
0.36432743 -1.1867883 -0.20873645
0.42198294 -1.8350693 -0.26576248
0.49024752 -2.4765625 -0.31757054
0.3844077 -1.4079541 -0.22845149
0.44649357 -2.0615563 -0.2837457
0.35107908 -0.9692993 -0.1888264
0.40633795 -1.6341983 -0.24760115
0.47260728 -2.2914107 -0.30110347
0.3700388 -1.1931248 -0.20914303
0.42999184 -1.8642716 -0.2661363
0.50033045 -2.5246706 -0.31781998
0.3909737 -1.4229826 -0.22889787
0.455259 -2.0974598 -0.28404492
0.35608754 -0.9670951 -0.18913236
0.41375023 -1.6571409 -0.24801473
0.48209864 -2.3336225 -0.30133247
0.37590757 -1.2004282 -0.20957473
0.4381972 -1.894293 -0.26647145
0.51054025 -2.5729702 -0.31800497
0.39773822 -1.439095 -0.22934775
0.4641971 -2.1339128 -0.28429246
0.36120728 -0.9655232 -0.18945706
0.42137516 -1.6810397 -0.24839875
0.49173465 -2.3761134 -0.30150318
0.38194472 -1.2087147 -0.21002825
0.4465973 -1.924997 -0.2667558
0.5208665 -2.6212804 -0.31812292
0.40471712 -1.4562613 -0.229785
0.47329903 -2.1707566 -0.28448403
0.3664371 -0.96454895 -0.18979986
0.42921737 -1.7057707 -0.24873146
0.5015041 -2.41872 -0.30161566
0.38816532 -1.2179874 -0.21049537
0.4551826 -1.956214 -0.26697743
0.5312959 -2.669428 -0.31817302
0.41192746 -1.4743944 -0.23018037
0.48255056 -2.207829 -0.28461826
0.3717763 -0.9641214 -0.19016139
0.43727222 -1.7311395 -0.24898498
0.5113916 -2.4612894 -0.3016724
0.39459422 -1.2282202 -0.21095577
0.4639337 -1.9877486 -0.2671275
0.54180926 -2.7172542 -0.31815633
0.419385 -1.4933047 -0.23048444
0.49193078 -2.244977 -0.28469715
0.37723026 -0.9641695 -0.19054426
0.44551936 -1.7568724 -0.24912998
0.52137375 -2.503688 -0.30167788
0.40127698 -1.2393138 -0.21135956
0.47281975 -2.0194006 -0.2672026
0.55237645 -2.764618 -0.3180763
0.42709473 -1.5126314 -0.23062362
0.5014081 -2.2820735 -0.28472453
0.38282716 -0.96459514 -0.19095072
0.45391575 -1.7826353 -0.24914528
0.53141207 -2.5458126 -0.30163774
0.40829903 -1.250981 -0.21158677
0.48179308 -2.050997 -0.26720366
0.56294733 -2.8114069 -0.3179395
0.4350251 -1.5317876 -0.23051363
0.5109272 -2.3190303 -0.28470376
0.38867548 -0.9652489 -0.19135398
0.4623822 -1.8081065 -0.24902536
0.54144007 -2.5875986 -0.30155927
0.41579685 -1.2624543 -0.21137738
0.49076122 -2.0824237 -0.26713234
0.5734461 -2.8575428 -0.31775737
0.44303718 -1.5500426 -0.23010132
0.5203824 -2.355809 -0.28463897
0.39523092 -0.9658627 -0.19146936
0.4707184 -1.833082 -0.24877663
0.55135673 -2.629032 -0.30145577
0.4236863 -1.2719464 -0.21032064
0.49951684 -2.113647 -0.2669993
0.58378696 -2.9029903 -0.31755197
0.41101018 -0.99436116 -0.19116692
0.42666492 -1.0188403 -0.19374226
0.42883888 -1.1163157 -0.19858007
0.4313262 -1.2043806 -0.2037561
0.43278518 -1.2815872 -0.20918097
0.4513806 -1.3398417 -0.2113988
0.45257846 -1.4159201 -0.21653265
0.45273906 -1.4826279 -0.22169778
0.47508115 -1.5644938 -0.22418652
0.47505695 -1.6294416 -0.22912571
0.47416756 -1.6865193 -0.23406069
0.4723054 -1.7363726 -0.23896682
0.4985888 -1.8438056 -0.24137552
0.4967852 -1.892258 -0.24612185
0.49423665 -1.9345882 -0.25084335
0.5229371 -2.0581288 -0.25325167
0.520353 -2.099007 -0.25784
0.5171806 -2.1346495 -0.2624037
0.51340896 -2.16541 -0.2669342
0.5447175 -2.3062928 -0.26921782
0.54100764 -2.336043 -0.2736409
0.5368041 -2.3615496 -0.278033
0.56980366 -2.5139024 -0.28026766
0.5656355 -2.5384738 -0.28456026
0.56105447 -2.5593395 -0.2888229
0.5560674 -2.576708 -0.29305303
0.5910194 -2.7417805 -0.29516807
0.5861141 -2.7585642 -0.29930574
0.5808637 -2.7722843 -0.30341324
0.6171405 -2.9458678 -0.30546674
0.6119516 -2.9590898 -0.3094797
0.60647523 -2.9696567 -0.31346476
0.60072225 -2.977681 -0.3174307
0.6385426 -3.1608279 -0.31932804
0.6328718 -3.168777 -0.3231836
0.6269915 -3.1745465 -0.32704052
0.6658573 -3.363697 -0.32878283
0.12444345 -3.0423317 0.089578114
0.18819748 -2.424965 0.07684656
0.24035072 -1.8218617 0.0572355
0.14603291 -2.8506284 0.086679034
0.20661902 -2.2333286 0.07176322
0.25810355 -1.6227441 0.048680928
0.16683733 -2.658316 0.08316398
0.22433968 -2.0404341 0.066003926
0.120377325 -3.0903273 0.0909195
0.1868983 -2.464808 0.07899972
0.24150406 -1.8458834 0.059488982
0.1426976 -2.8969073 0.08818595
0.20621933 -2.2696872 0.07414503
0.25807655 -1.6493213 0.051669113
0.16427146 -2.7026598 0.084890254
0.22475494 -2.072762 0.06855088
0.11609924 -3.1387174 0.09221943
0.18514794 -2.5068398 0.08097494
0.24237137 -1.8742748 0.062122457
0.13902545 -2.9440827 0.089558244
0.20532297 -2.3089058 0.07638626
0.2584735 -1.6760173 0.054783605
0.16128264 -2.748437 0.08644617
0.22470981 -2.1086166 0.07106798
0.2699073 -1.486962 0.04902049
0.1829095 -2.5508754 0.08276506
0.24304257 -1.9063374 0.06495611
0.13502261 -2.9919565 0.09082022
0.20390137 -2.3507276 0.078448825
0.25950563 -1.7041782 0.058115963
0.15785357 -2.7954698 0.087840624
0.22416231 -2.147637 0.07344947
0.27167413 -1.5098411 0.051893126
0.1801301 -2.5967462 0.08436309
0.2434084 -1.9418178 0.06774954
0.13069282 -3.0403502 0.09200089
0.20182487 -2.3949668 0.080303416
0.26086003 -1.7349247 0.061492868
