-5.0872997e-18 5.28e-43 -5.0872997e-18
4.5912e-41 2.2e-44 0.03403364
-0.11834544 0.9624183 0.026640974
-0.10123377 0.33896783 -0.009893171
-0.036902126 -0.63025916 0.008795501
-0.116491266 0.67099947 0.03402971
-0.11793825 0.9550393 0.026641695
-0.100932166 0.33563584 -0.009857358
-0.034786038 -0.7199964 0.008804042
-0.035364237 -0.82670516 0.006603429
-0.02818891 -0.89485836 0.009290008
-0.01874835 -0.9422397 0.010669768
-0.015739942 -0.9143206 0.010246491
-0.0031066337 -0.9169838 0.025365526
0.006065899 -0.9852697 0.024379268
0.0083464375 -0.99288505 -0.0012328514
-0.015763491 -0.91289157 0.010094087
-0.0027164565 -0.9207896 0.025337001
0.006532313 -0.99144524 0.024361731
0.00879174 -0.9986495 -0.0012403242
-0.015752694 -0.911406 0.010057453
-0.0023288948 -0.9245884 0.02528829
0.006996302 -0.99751794 0.024326399
0.009235519 -1.0042356 -0.0012664208
-0.01568255 -0.9097352 0.010049892
-0.0019407803 -0.92840296 0.025357017
0.0074632373 -1.0037186 0.024404101
0.009681568 -1.0100404 -0.0011747992
-0.015465159 -0.90819967 0.009986264
-0.0015555599 -0.9321686 0.02514234
0.007926504 -1.0097566 0.024203314
0.010124437 -1.015591 -0.0013751639
-0.015153281 -0.9065952 0.010122486
-0.0011664327 -0.93598807 0.025443405
0.008394872 -1.0159798 0.024513995
0.010570383 -1.0214341 -0.0010388609
-0.015042522 -0.90519756 0.009833635
-0.0007789542 -0.93975526 0.024980888
0.008859655 -1.0220155 0.02406032
0.011012772 -1.0269816 -0.0015072646
-0.014771433 -0.9036682 0.01015059
-0.00038968734 -0.943496 0.025424121
0.009328365 -1.02818 0.02452339
0.011457508 -1.0327786 -0.001007114
-0.014280271 -0.90250814 0.009922414
1.13772885e-05 -0.94741714 0.025153983
0.0098021515 -1.0343632 0.024243385
0.011902238 -1.0384784 -0.001301668
-0.015488948 -0.89573723 0.011057563
0.011447712 -0.9768354 -0.024528528
0.012285227 -1.0589857 0.013244636
0.006798842 -1.0041245 0.027620073
-0.0064179422 -0.913211 0.018189693
0.0013768597 -0.94849426 0.015081297
0.025242649 -1.2255783 0.02723143
0.033765376 -1.346113 0.01624478
0.029660976 -1.22236 -0.018618068
-0.0152738895 -0.93695146 -0.0037247504
-0.006335167 -1.0600729 -0.027044648
0.009589753 -1.2168193 -0.037397403
-0.012825486 -0.97680306 -0.012707931
-0.0010537476 -1.1178153 -0.032181375
0.008326973 -1.0965077 -0.17477973
0.0016594576 -1.125766 -0.17444043
-0.020842899 -1.2396045 -0.17230271
-0.0016783585 -1.1284641 -0.17389241
-0.025366036 -1.2184997 -0.17247283
-0.00023996331 -1.106487 -0.17364389
-0.015506382 -0.89573425 0.010999844
-0.01691919 -0.8648026 0.009916207
-0.017023113 -0.8972937 0.011762725
-0.017323434 -0.8623947 0.009146228
-0.015021149 -0.89859474 0.010721528
-0.025294505 -0.7916871 -0.0031807043
-0.032458574 -0.75583696 -0.027105533
-0.031167366 -0.78398955 -0.03626881
-0.018801697 -0.8446832 0.0074247574
-0.017055042 -0.87423414 0.009010671
-0.11064301 -2.2030196 -0.22800547
-0.066095985 -1.7435079 -0.20360251
0.007198105 -1.1301107 -0.17694598
-0.036879867 -1.6736163 -0.20712686
-0.09013843 -2.189551 -0.23143062
-0.14251387 -2.5505443 -0.24694137
-0.11528695 -2.2426586 -0.2298248
-0.070272624 -1.7849634 -0.20568122
-0.025714444 -1.304774 -0.17591855
-0.11582812 -2.2440543 -0.22972
-0.07090614 -1.7877136 -0.20559603
-0.023682373 -1.3091089 -0.17578612
-0.012504422 -0.9812106 -0.012726281
-0.00040584104 -1.1254492 -0.032204133
-0.0154191805 -0.9152348 0.007744603
-0.008944115 -1.0302099 -0.020525603
0.005923096 -1.1888334 -0.03576658
-0.13298619 -2.3978078 -0.23716031
-0.08570376 -1.9425098 -0.21386103
-0.050048772 -1.481599 -0.18762419
-0.13343692 -2.3987947 -0.23703226
-0.0862638 -1.9446529 -0.21376617
-0.05116655 -1.4857571 -0.1875764
-0.01328762 -0.950527 -0.003918581
-0.004191576 -1.0863737 -0.027100645
0.0130934045 -1.2554725 -0.03761175
-0.011503491 -0.9944007 -0.012777582
0.0015369705 -1.1483897 -0.03227708
-0.15152127 -2.5532565 -0.2439897
-0.1016454 -2.0972981 -0.221672
-0.06029197 -1.6437066 -0.19661438
-0.15191956 -2.5538137 -0.24378067
-0.102150865 -2.0989327 -0.22157334
-0.06096987 -1.6469264 -0.19653621
-0.015675792 -0.9238851 0.0074533266
-0.0076412605 -1.046731 -0.020559011
0.008207435 -1.214922 -0.035885043
-0.012916046 -0.9606022 -0.00401103
-0.0025796143 -1.1061847 -0.027146786
0.01572817 -1.2846655 -0.0377812
-0.11821411 -2.2504628 -0.22919296
-0.07397368 -1.800922 -0.20515266
-0.031128008 -1.3409946 -0.17409948
-0.11866708 -2.251628 -0.22908758
-0.07459841 -1.8034513 -0.20506282
-0.034137268 -1.347094 -0.17382574
-0.010440213 -1.0076629 -0.012817818
0.0034779424 -1.1714277 -0.032356024
-0.0145789385 -0.9327418 0.0075086853
-0.006285328 -1.063292 -0.020590436
0.010495275 -1.2411318 -0.03601059
-0.13555668 -2.4030728 -0.23639336
-0.08898956 -1.9548945 -0.21329066
-0.05034942 -1.5053203 -0.1871308
-0.16234934 -1.4669907 -0.23519613
-0.15895484 -1.4309045 -0.21050577
-0.15947233 -1.4174697 -0.19112706
-0.16588032 -2.5358436 -0.23847757
-0.16931787 -2.3169668 -0.23777892
-0.16618238 -1.9731666 -0.24083099
-0.16370353 -1.6039604 -0.24549337
-0.144526 -1.513447 -0.1842325
-0.11604915 -1.5602697 -0.18146726
-0.08491287 -1.5378504 -0.17899418
-0.050167337 -1.4240116 -0.17498282
-0.15179785 -1.48391 -0.18535165
-0.124552034 -1.5518342 -0.18191634
-0.093911394 -1.5479736 -0.17950685
-0.060539804 -1.4649527 -0.17644063
-0.15174967 -1.4835281 -0.18502164
-0.124392375 -1.5497326 -0.18165532
-0.093617916 -1.5440603 -0.17926088
-0.060095616 -1.4592634 -0.17622499
-0.15168457 -1.4831487 -0.18467532
-0.12423736 -1.54764 -0.18139368
-0.0933306 -1.5401568 -0.1790155
-0.05966134 -1.4535812 -0.17601594
-0.15160123 -1.4827452 -0.1843138
-0.12405168 -1.5455316 -0.18113202
-0.09300685 -1.5362352 -0.17877136
-0.05916502 -1.447868 -0.17581423
-0.15160118 -1.4823635 -0.18393871
-0.12394411 -1.5434458 -0.18087101
-0.092776336 -1.5323389 -0.17852925
-0.05882708 -1.4421874 -0.17562096
-0.15142636 -1.4819397 -0.18355246
-0.1236946 -1.5413318 -0.18061161
-0.092377946 -1.5284102 -0.17829026
-0.058203515 -1.436453 -0.17543778
-0.1515301 -1.4815438 -0.18315805
-0.123657756 -1.5392435 -0.18035495
-0.09223107 -1.52451 -0.17805591
-0.058007427 -1.4307556 -0.17526712
-0.1512919 -1.4811316 -0.18275756
-0.12336852 -1.5371467 -0.1801014
-0.09178765 -1.5206016 -0.17782699
-0.05730727 -1.4250467 -0.17511085
-0.014926646 -0.94493437 0.010902825
-0.021650067 -0.93660253 0.009932801
-0.030588053 -0.88291705 0.007984123
-0.03531579 -0.8170522 0.004934558
-0.03428397 -0.8143021 0.0035890974
-0.031507377 -0.87899923 0.006715471
-0.023747442 -0.9323581 0.009148882
-0.01573507 -0.95475024 0.010265735
-0.032769192 -0.8362488 0.002873708
-0.030531656 -0.89341265 0.0062593324
-0.023209715 -0.9412912 0.008761288
-0.01563923 -0.9589734 0.009921171
-0.031083852 -0.85827225 0.0021603454
-0.029480582 -0.9078147 0.005800196
-0.022507232 -0.9502324 0.008368698
-0.015153162 -0.96324897 0.009570779
-0.029519904 -0.88021 0.0014552274
-0.028484888 -0.92224276 0.005341069
-0.02194227 -0.95917 0.007974281
-0.015003781 -0.96745425 0.009216998
-0.027858354 -0.9022257 0.0007594848
-0.027443808 -0.936669 0.0048819743
-0.021277517 -0.9681315 0.0075784856
-0.014619075 -0.9717433 0.00885997
-0.02623465 -0.92416126 7.3112875e-05
-0.026420796 -0.95111805 0.004422299
-0.020664426 -0.9770894 0.0071810535
-0.014365219 -0.9759686 0.008499282
0.039539624 -1.6193255 -0.01004041
0.18230611 -3.2312503 -0.0385982
0.34290642 -4.7355485 -0.054851577
0.32675594 -4.5579686 -0.06100268
0.2221836 -3.5240848 -0.055920046
0.12955761 -2.5205116 -0.046929426
0.049502168 -1.6336257 -0.039352562
-0.013887041 -0.98614556 0.0077151167
-0.019663237 -0.994609 0.006292711
-0.024429798 -0.9794352 0.0033366831
-0.022664793 -0.967365 -0.0015495712
-0.0142016625 -0.98170877 0.008086972
-0.020315746 -0.98541975 0.0066982526
-0.025489027 -0.9647096 0.0038054453
-0.024366774 -0.94502187 -0.0008574547
-0.0560241 -0.61884177 0.00405032
-0.044638593 -0.71429175 -0.0030663447
-0.05033122 -0.70738244 0.0031993836
-0.038727988 -0.8009313 -0.0017224668
-0.04434462 -0.79761285 0.0017370539
-0.032375343 -0.88643485 0.0023492544
-0.022785679 -1.0964025 7.2982904e-05
0.17097746 -3.1806939 -0.032373462
0.35941276 -4.9350343 -0.052052196
0.3319883 -4.6489935 -0.053492367
0.16868678 -3.1000786 -0.03549824
0.02130408 -1.4041901 -0.004626691
0.28875634 -4.259808 -0.050331708
0.12964565 -2.6881716 -0.028781846
0.40235946 -5.2521844 -0.056712653
0.23331049 -3.7397044 -0.044738792
0.079863824 -2.128286 -0.018610833
0.34282497 -4.741108 -0.054369263
0.17986165 -3.2112355 -0.03754698
0.033427097 -1.5522082 -0.0076566334
0.28570724 -4.229286 -0.050356183
0.12846768 -2.6714716 -0.028872542
0.39850536 -5.2158737 -0.05679416
0.23077506 -3.712973 -0.0447297
0.07953883 -2.1185412 -0.018595688
0.33933824 -4.707473 -0.05439743
0.17792746 -3.1889706 -0.037615072
0.03389644 -1.550223 -0.008348775
0.28265083 -4.198783 -0.050374117
0.12725319 -2.6548378 -0.028847441
0.39463064 -5.179496 -0.056842275
0.2282293 -3.68618 -0.044725385
0.07913101 -2.1085944 -0.018777454
-0.1623912 -1.4629719 -0.23525596
-0.15908375 -1.427433 -0.210559
-0.15988743 -1.4143403 -0.19119008
-0.16242939 -1.4589806 -0.23531555
-0.15920784 -1.4240115 -0.21061184
-0.16034918 -1.4113194 -0.19126569
-0.16246545 -1.4550037 -0.2353749
-0.15933478 -1.4206312 -0.21066512
-0.16074754 -1.408643 -0.19135715
-0.16249864 -1.4510149 -0.23543398
-0.15946195 -1.417204 -0.21071853
-0.16091813 -1.4060432 -0.1914642
-0.16252866 -1.4469973 -0.23549274
-0.15958822 -1.4136451 -0.21077217
-0.1609633 -1.4024231 -0.19158846
-0.16255501 -1.4429653 -0.23555118
-0.1597151 -1.4100268 -0.21082613
-0.16081361 -1.3987647 -0.19173077
-0.1625793 -1.4389455 -0.23560913
-0.15984678 -1.4064465 -0.21088031
-0.16063091 -1.395497 -0.19188955
-0.16260067 -1.4349568 -0.23566693
-0.15998645 -1.4029179 -0.2109351
-0.16056333 -1.3923706 -0.19206426
-0.16267373 -1.430981 -0.23572366
-0.16021547 -1.3994021 -0.21099032
-0.16076927 -1.3892678 -0.19224975
-0.17091726 -1.3460813 -0.18247315
-0.16302276 -1.3864056 -0.1850853
-0.17027839 -1.3414141 -0.18368122
-0.16204365 -1.3841344 -0.18687741
-0.16949992 -1.337101 -0.18482451
-0.1614215 -1.3825332 -0.18640606
-0.16152747 -1.2569983 -0.23592436
-0.16024409 -1.2427305 -0.21066391
-0.16575077 -1.2592276 -0.191417
0.003879835 -0.76231045 -0.057483662
-0.0264352 -0.65238553 -0.059503898
-0.050645534 -0.62616765 -0.06288034
-0.07864798 -0.70565516 -0.06769661
0.0039888574 -0.74976957 -0.05923193
-0.026471758 -0.65437347 -0.061579738
-0.05099879 -0.6405068 -0.06497364
-0.07958586 -0.7319117 -0.06983564
0.0039986344 -0.73786205 -0.061048236
-0.026508542 -0.6564077 -0.063617684
-0.051370844 -0.65471435 -0.06703483
-0.08056489 -0.75761914 -0.071898825
0.003937027 -0.7264884 -0.06291042
-0.02654759 -0.6584966 -0.065626964
-0.05176369 -0.668779 -0.069066845
-0.081582695 -0.78273827 -0.07389545
0.0038366748 -0.71557415 -0.064798884
-0.026588196 -0.6606469 -0.067613445
-0.05217541 -0.6826856 -0.071069606
-0.08263345 -0.80723035 -0.07583223
0.003720046 -0.70507115 -0.06670739
-0.026630515 -0.66286683 -0.06958189
-0.052605443 -0.69642407 -0.073045544
-0.08371284 -0.8310652 -0.077716805
0.0036034775 -0.69494766 -0.06863061
-0.026674459 -0.665164 -0.071534775
-0.05305258 -0.7099846 -0.07499624
-0.08481556 -0.8542157 -0.07955411
0.0034971428 -0.68518436 -0.070564926
-0.026720304 -0.6675458 -0.07347365
-0.053515855 -0.7233585 -0.07692348
-0.08593609 -0.8766606 -0.081348255
0.003407292 -0.67576975 -0.07250678
-0.026768463 -0.6700186 -0.07539923
-0.053994168 -0.73653793 -0.07882861
-0.08706839 -0.89838463 -0.08310261
0.0033372832 -0.666698 -0.074452974
-0.026819509 -0.672588 -0.07731186
-0.054486405 -0.7495157 -0.08071271
-0.08820622 -0.91937864 -0.08482044
0.0032886786 -0.65796673 -0.07640052
-0.026874095 -0.67525834 -0.079211615
-0.054991424 -0.7622854 -0.08257653
-0.08934351 -0.9396401 -0.08650496
0.0032618435 -0.64957625 -0.07834667
-0.026932899 -0.6780331 -0.081098445
-0.055508055 -0.77484137 -0.08442053
-0.090474576 -0.95917225 -0.088159375
0.0032563922 -0.6415287 -0.080288954
-0.026996566 -0.6809148 -0.082972206
-0.056035098 -0.7871789 -0.08624497
-0.09159438 -0.97798395 -0.08978681
0.0032714612 -0.6338273 -0.08222512
-0.02706568 -0.6839051 -0.08483272
-0.056571323 -0.7992938 -0.088049926
-0.09269864 -0.99608827 -0.091390185
0.0033058955 -0.6264763 -0.084153146
-0.027140722 -0.687005 -0.08667973
-0.057115506 -0.8111833 -0.08983536
-0.093783915 -1.0135021 -0.09297214
0.003358323 -0.6194803 -0.08607125
-0.027222065 -0.69021475 -0.08851296
-0.057666358 -0.82284486 -0.091601186
-0.09484747 -1.030245 -0.094534986
0.0034272876 -0.6128444 -0.08797782
-0.027309982 -0.6935345 -0.090332076
-0.058222637 -0.83427745 -0.093347244
-0.095887415 -1.0463383 -0.09608063
0.003511234 -0.6065737 -0.089871444
-0.027404629 -0.696964 -0.092136756
-0.05878308 -0.84548056 -0.0950734
-0.096902445 -1.0618045 -0.09761064
0.0036085655 -0.6006733 -0.09175088
-0.027506066 -0.70050293 -0.09392661
-0.059346434 -0.8564549 -0.096779525
-0.09789177 -1.0766668 -0.09912621
0.0037176872 -0.59514827 -0.09361503
-0.027614288 -0.7041509 -0.09570123
-0.059911516 -0.867202 -0.098465495
-0.098855115 -1.0909485 -0.1006282
0.003836977 -0.59000325 -0.095462956
-0.027729208 -0.7079076 -0.09746024
-0.06047715 -0.8777242 -0.10013126
-0.09979247 -1.1046723 -0.1021172
0.0039648297 -0.5852427 -0.09729383
-0.02785069 -0.7117729 -0.099203214
-0.061042212 -0.88802475 -0.101776786
-0.1007041 -1.117861 -0.10359359
0.004099659 -0.5808706 -0.099106945
-0.027978562 -0.7157469 -0.10092976
-0.06160566 -0.89810795 -0.103402086
-0.10159045 -1.1305363 -0.10505753
0.004239913 -0.5768908 -0.10090171
-0.028112633 -0.71982986 -0.102639474
-0.062166516 -0.9079787 -0.105007194
-0.102452084 -1.1427193 -0.10650903
0.0043840585 -0.57330644 -0.10267762
-0.028252684 -0.7240223 -0.10433199
-0.06272385 -0.9176426 -0.10659224
-0.1032896 -1.1544302 -0.10794803
0.0045306203 -0.5701202 -0.10443427
-0.028398506 -0.7283252 -0.10600699
-0.06327688 -0.92710614 -0.10815732
-0.10410368 -1.1656886 -0.109374344
0.004678164 -0.5673346 -0.10617129
-0.028549897 -0.73273957 -0.107664116
-0.063824855 -0.9363763 -0.109702565
-0.10489501 -1.176513 -0.11078772
0.0048252963 -0.5649514 -0.10788844
-0.02870665 -0.737267 -0.10930311
-0.06436712 -0.94546056 -0.11122817
-0.10566424 -1.1869212 -0.11218793
0.004970683 -0.5629721 -0.1095855
-0.028868591 -0.74190915 -0.110923715
-0.06490315 -0.95436704 -0.112734295
-0.10641203 -1.1969306 -0.11357466
0.0051130396 -0.5613978 -0.11126231
-0.029035578 -0.7466681 -0.1125257
-0.065432474 -0.96310425 -0.11422112
-0.10713902 -1.2065573 -0.11494761
0.005251128 -0.560229 -0.112918764
-0.029207462 -0.7515461 -0.11410892
-0.0659547 -0.971681 -0.11568885
-0.10784579 -1.2158172 -0.116306506
0.0053837695 -0.55946606 -0.11455481
-0.029384164 -0.7565458 -0.1156732
-0.066469565 -0.9801064 -0.11713766
-0.10853292 -1.2247254 -0.11765104
0.005509829 -0.55910885 -0.11617042
-0.0295656 -0.76166993 -0.11721847
-0.06697683 -0.98838997 -0.118567765
-0.109200925 -1.2332964 -0.11898097
0.0056282263 -0.55915695 -0.11776562
-0.029751752 -0.7669216 -0.118744634
-0.067476384 -0.9965412 -0.11997932
-0.10985034 -1.2415442 -0.120296024
0.0057379263 -0.5596096 -0.119340464
-0.029942604 -0.772304 -0.120251685
-0.06796815 -1.0045699 -0.121372536
-0.11048163 -1.2494825 -0.12159599
0.00583794 -0.56046563 -0.12089502
-0.030138202 -0.7778206 -0.1217396
-0.06845214 -1.0124857 -0.12274757
-0.11109525 -1.2571244 -0.122880675
0.0059273248 -0.5617238 -0.12242939
-0.03033862 -0.7834749 -0.123208426
-0.06892845 -1.0202988 -0.12410458
-0.11169166 -1.2644826 -0.124149874
0.0060051805 -0.5633825 -0.123943746
-0.030543955 -0.7892708 -0.12465821
-0.06939718 -1.028019 -0.12544374
-0.112271264 -1.2715695 -0.12540346
0.006070647 -0.56543994 -0.12543821
-0.030754352 -0.7952121 -0.12608905
-0.06985853 -1.035656 -0.1267652
-0.112834476 -1.278397 -0.12664129
0.0061229025 -0.567894 -0.12691298
-0.030969989 -0.80130273 -0.12750104
-0.07031274 -1.0432198 -0.1280691
-0.11338169 -1.2849767 -0.12786327
0.0061611636 -0.5707425 -0.12836824
-0.03119107 -0.80754673 -0.12889431
-0.07076009 -1.0507201 -0.12935558
-0.1139133 -1.2913201 -0.12906931
0.0061846804 -0.57398295 -0.12980422
-0.03141784 -0.8139483 -0.13026902
-0.07120092 -1.0581664 -0.13062477
-0.11442969 -1.2974383 -0.13025936
0.0061927396 -0.5776129 -0.13122115
-0.031650573 -0.82051146 -0.13162531
-0.0716356 -1.0655684 -0.13187683
-0.11493123 -1.303342 -0.13143341
0.0061846618 -0.5816295 -0.13261926
-0.03188956 -0.8272405 -0.13296337
-0.07206451 -1.0729355 -0.13311183
-0.1154183 -1.3090417 -0.13259144
0.0061597866 -0.58602995 -0.13399883
-0.03213516 -0.8341397 -0.1342834
-0.07248815 -1.0802765 -0.13432994
-0.115891285 -1.3145479 -0.13373347
0.006117501 -0.59081125 -0.13536009
-0.032387707 -0.8412131 -0.13558555
-0.07290696 -1.0876007 -0.13553126
-0.11635054 -1.3198706 -0.13485953
0.006057205 -0.59597033 -0.13670336
-0.0326476 -0.84846497 -0.13687003
-0.07332147 -1.0949167 -0.13671593
-0.11679647 -1.3250196 -0.13596968
0.005978331 -0.601504 -0.13802887
-0.032915253 -0.85589933 -0.13813704
-0.07373223 -1.1022332 -0.13788404
-0.11722945 -1.3300047 -0.13706401
0.005880337 -0.6074091 -0.13933696
-0.033191103 -0.8635204 -0.13938679
-0.074139796 -1.1095581 -0.1390357
-0.11764986 -1.3348352 -0.13814262
0.0057627135 -0.6136822 -0.14062789
-0.033475604 -0.8713321 -0.14061944
-0.07454477 -1.1168998 -0.14017108
-0.1180581 -1.3395203 -0.13920563
0.005624951 -0.62032 -0.14190193
-0.033769254 -0.87933844 -0.14183518
-0.07494781 -1.1242658 -0.14129022
-0.11845457 -1.3440691 -0.14025319
0.0054665953 -0.62731916 -0.14315939
-0.034072537 -0.88754326 -0.14303422
-0.07534953 -1.1316634 -0.1423933
-0.11883967 -1.3484907 -0.14128545
0.0052871993 -0.63467616 -0.14440057
-0.03438597 -0.89595026 -0.14421669
-0.075750634 -1.1391 -0.14348042
-0.11921382 -1.3527935 -0.14230262
0.005086316 -0.64238757 -0.14562568
-0.03471013 -0.90456307 -0.1453827
-0.076151825 -1.1465819 -0.14455168
-0.11957744 -1.356986 -0.14330487
0.0048635565 -0.65045005 -0.14683504
-0.035045546 -0.91338533 -0.14653245
-0.076553814 -1.1541158 -0.1456072
-0.11993094 -1.3610768 -0.14429244
0.0046185236 -0.6588601 -0.1480289
-0.035392806 -0.92242026 -0.14766599
-0.07695737 -1.1617075 -0.14664711
-0.12027477 -1.365074 -0.14526558
0.0043508466 -0.66761434 -0.14920744
-0.035752505 -0.93167114 -0.1487834
-0.077363245 -1.1693627 -0.1476715
-0.12060935 -1.3689855 -0.14622454
0.004060182 -0.6767095 -0.15037096
-0.03612525 -0.941141 -0.14988475
-0.07777224 -1.1770865 -0.14868054
-0.12093514 -1.3728193 -0.14716963
0.0037461817 -0.6861422 -0.15151958
-0.036511675 -0.95083284 -0.15097003
-0.078185156 -1.1848834 -0.14967428
-0.12125259 -1.376583 -0.14810114
0.003408534 -0.69590926 -0.15265352
-0.036912415 -0.96074927 -0.15203924
-0.07860283 -1.1927578 -0.15065289
-0.12156216 -1.3802844 -0.14901942
0.003046915 -0.7060076 -0.15377288
-0.037328146 -0.97089285 -0.1530923
-0.07902609 -1.2007135 -0.15161644
-0.12186431 -1.3839309 -0.1499248
0.0026610224 -0.7164341 -0.15487777
-0.03775955 -0.9812659 -0.15412909
-0.07945581 -1.2087535 -0.15256506
-0.12215953 -1.3875299 -0.15081766
0.0022505764 -0.72718596 -0.15596825
-0.03820731 -0.99187046 -0.15514946
-0.07989283 -1.2168804 -0.15349887
-0.12244831 -1.3910886 -0.15169843
0.001815276 -0.73826045 -0.15704434
-0.038672168 -1.0027084 -0.15615319
-0.08033804 -1.2250966 -0.15441798
-0.12273114 -1.3946142 -0.1525675
0.001354848 -0.74965477 -0.15810598
-0.039154846 -1.0137813 -0.15714
-0.08079229 -1.2334032 -0.15532248
-0.123008534 -1.3981138 -0.15342538
0.0008689895 -0.7613666 -0.15915306
-0.039656136 -1.0250903 -0.15810955
-0.08125649 -1.2418015 -0.15621248
-0.12328103 -1.4015945 -0.15427254
0.00035742045 -0.77339363 -0.16018543
-0.040176813 -1.0366366 -0.1590614
-0.08173146 -1.2502915 -0.15708809
-0.12354917 -1.4050632 -0.1551095
-0.0001801806 -0.78573376 -0.1612028
-0.040717725 -1.0484207 -0.15999508
-0.08221808 -1.2588731 -0.15794942
-0.12381354 -1.4085265 -0.15593684
-0.00074412255 -0.7983851 -0.16220486
-0.04127973 -1.0604428 -0.16091
-0.08271717 -1.2675452 -0.15879655
-0.124074735 -1.4119914 -0.15675515
-0.0013347688 -0.81134593 -0.16319115
-0.041863743 -1.0727026 -0.16180547
-0.08322956 -1.2763063 -0.15962958
-0.124333404 -1.4154645 -0.1575651
-0.0019524817 -0.8246149 -0.16416115
-0.042470712 -1.0851998 -0.16268072
-0.08375598 -1.2851542 -0.16044863
-0.124590226 -1.4189523 -0.15836743
-0.0025976864 -0.83819056 -0.16511416
-0.04310166 -1.0979329 -0.1635349
-0.084297195 -1.2940862 -0.16125377
-0.124845944 -1.4224614 -0.15916286
-0.00327084 -0.852072 -0.16604939
-0.043757662 -1.1109002 -0.16436698
-0.08485387 -1.3030989 -0.16204512
-0.12510136 -1.4259979 -0.15995227
-0.0039724796 -0.86625826 -0.16696589
-0.04443989 -1.124099 -0.16517586
-0.085426666 -1.3121886 -0.16282278
-0.12535734 -1.4295679 -0.16073658
-0.0047031725 -0.88074875 -0.16786252
-0.045149557 -1.1375262 -0.16596034
-0.086016126 -1.321351 -0.16358688
-0.12561485 -1.4331775 -0.1615168
-0.0054635736 -0.8955429 -0.16873804
-0.04588799 -1.1511773 -0.16671905
-0.08662276 -1.3305813 -0.16433755
-0.12587495 -1.4368317 -0.16229403
-0.006254437 -0.9106405 -0.16959094
-0.046656642 -1.1650473 -0.16745053
-0.08724704 -1.3398745 -0.16507494
-0.12613879 -1.440536 -0.1630695
-0.0070765507 -0.9260411 -0.17041954
-0.047457006 -1.1791295 -0.16815323
-0.087889306 -1.3492252 -0.16579926
-0.12640767 -1.4442946 -0.16384457
-0.007930836 -0.941745 -0.17122199
-0.048290726 -1.1934161 -0.16882548
-0.08854989 -1.358628 -0.16651073
-0.126683 -1.4481113 -0.16462071
-0.008818275 -0.95775187 -0.17199609
-0.049159523 -1.2078978 -0.16946554
-0.08922905 -1.3680773 -0.16720967
-0.12696631 -1.451989 -0.16539954
-0.009739911 -0.9740621 -0.17273954
-0.050065175 -1.2225636 -0.17007168
-0.08992697 -1.3775674 -0.16789646
-0.12725925 -1.45593 -0.16618283
-0.0106968535 -0.9906759 -0.1734497
-0.051009513 -1.2374007 -0.17064218
-0.09064382 -1.387093 -0.1685716
-0.1275636 -1.4599346 -0.16697252
-0.011690248 -1.0075939 -0.17412369
-0.051994372 -1.2523941 -0.17117544
-0.09137974 -1.3966484 -0.16923574
-0.12788117 -1.4640023 -0.16777067
-0.012721197 -1.024817 -0.17475837
-0.053021476 -1.2675272 -0.17167002
-0.092134826 -1.4062289 -0.16988967
-0.12821385 -1.468131 -0.1685795
-0.013790772 -1.0423465 -0.17535031
-0.054092444 -1.2827814 -0.17212485
-0.0929092 -1.4158295 -0.17053448
-0.12856343 -1.4723167 -0.16940133
-0.01489988 -1.0601847 -0.17589575
-0.05520864 -1.298136 -0.17253928
-0.09370301 -1.425446 -0.17117144
-0.12893164 -1.4765543 -0.17023858
-0.016049119 -1.0783352 -0.1763906
-0.056371063 -1.3135692 -0.17291331
-0.09451636 -1.4350743 -0.17180222
-0.12931995 -1.4808365 -0.17109375
-0.017238725 -1.096803 -0.17683035
-0.05758037 -1.3290579 -0.1732478
-0.095349416 -1.4447111 -0.17242883
-0.12972954 -1.4851552 -0.17196928
-0.018468209 -1.1155963 -0.17720999
-0.05883676 -1.3445791 -0.17354469
-0.09620235 -1.4543536 -0.1730537
-0.13016124 -1.4895011 -0.17286761
-0.01973635 -1.134727 -0.1775232
-0.060140066 -1.3601099 -0.17380755
-0.09707527 -1.4639993 -0.17367972
-0.13061555 -1.4938645 -0.17379093
-0.02104028 -1.1542134 -0.17776291
-0.061489794 -1.3756286 -0.1740422
-0.09796819 -1.4736464 -0.17431022
-0.1310926 -1.4982361 -0.1747408
-0.022377279 -1.1740812 -0.17791514
-0.06288539 -1.3911159 -0.17425807
-0.09888096 -1.4832941 -0.17494896
-0.13159248 -1.5026073 -0.17571762
-0.023741342 -1.1943766 -0.17796518
-0.06432621 -1.4065546 -0.17447
-0.0998131 -1.4929416 -0.17559968
-0.13211541 -1.5069709 -0.17671841
-0.025141556 -1.2151598 -0.1778515
-0.06581164 -1.4219325 -0.17470293
-0.10076368 -1.5025908 -0.17626722
-0.13266182 -1.5113239 -0.17773592
-0.026589446 -1.2365835 -0.17752676
-0.067340784 -1.4372311 -0.17499115
-0.10173195 -1.512237 -0.17695323
-0.1332331 -1.5156589 -0.17874889
-0.028254084 -1.2589312 -0.17651947
-0.06890836 -1.4524692 -0.17537877
-0.102714345 -1.5219034 -0.17765996
-0.13382672 -1.5200028 -0.17972931
0.008921715 -0.7985345 -0.057964463
0.0129421875 -0.85386103 -0.05778292
0.010258354 -0.7882484 -0.061320487
0.009186648 -0.7332595 -0.06542258
0.014765781 -0.75939816 -0.06700323
0.012806787 -0.7070489 -0.071076035
0.010986602 -0.66731805 -0.07536438
0.008344371 -0.6403008 -0.079744086
0.016349109 -0.6251665 -0.081312135
0.013997222 -0.60066867 -0.085371844
0.011010947 -0.58725613 -0.08942824
0.020925453 -0.54605705 -0.09125732
0.01799903 -0.5363777 -0.09503298
0.014581649 -0.5361714 -0.098784484
0.010540825 -0.5447275 -0.1024921
0.022640418 -0.47771487 -0.10419045
0.018740924 -0.48992258 -0.107668914
0.01434742 -0.50952584 -0.11110425
0.027578384 -0.42722848 -0.11280519
0.023179507 -0.4508524 -0.116035596
0.018367669 -0.48063672 -0.11922239
0.013116829 -0.51605994 -0.122355595
0.027630834 -0.42066237 -0.123881936
0.022378033 -0.45967254 -0.12684111
0.016743498 -0.50328404 -0.12974885
0.03187209 -0.4004751 -0.1312242
0.026173031 -0.4477246 -0.13397643
0.020141281 -0.49866033 -0.13667998
0.013781727 -0.5529027 -0.13932516
0.029568844 -0.44539192 -0.14065568
0.023145678 -0.5027955 -0.14317714
0.016437313 -0.56280446 -0.14564328
0.032402646 -0.45279446 -0.14691183
0.02560701 -0.51584023 -0.1492734
0.018569687 -0.5809435 -0.15158142
0.011291425 -0.64787745 -0.15382288
0.027392332 -0.5374801 -0.15500028
0.02006692 -0.6070773 -0.15716785
0.012519324 -0.67822874 -0.15926415
0.028384069 -0.56691766 -0.160379
0.020842973 -0.6405091 -0.16241658
0.013081467 -0.71559495 -0.16436884
0.005062466 -0.7920617 -0.1662089
0.020845866 -0.68009174 -0.16730729
0.01297839 -0.7590073 -0.16909239
0.004711489 -0.8395507 -0.17072421
0.02007891 -0.7243571 -0.17173769
0.012324594 -0.8072179 -0.17327271
0.0038142856 -0.89212 -0.17458433
-0.0053676884 -0.9787229 -0.17565969
0.01150614 -0.85939777 -0.17641547
0.0027601104 -0.9487014 -0.17711496
-0.007522132 -1.0398672 -0.1776391
0.011535949 -0.9179971 -0.17717952
0.0027818785 -1.0107553 -0.17640142
-0.008713021 -1.1036972 -0.17553899
-0.15409273 -0.9979884 -0.06943943
-0.14272425 -0.9639053 -0.068567045
-0.14883749 -1.0484402 -0.07207159
-0.15555622 -1.1365218 -0.0758962
-0.14540307 -1.0994022 -0.0763229
-0.15121765 -1.1744701 -0.07969023
-0.15788385 -1.2534176 -0.08361984
-0.16538389 -1.3368834 -0.08768762
-0.15343109 -1.2731566 -0.088295564
-0.16025625 -1.3451848 -0.09187319
-0.16772513 -1.4202738 -0.09577996
-0.15465218 -1.3476566 -0.09674939
-0.16192581 -1.4133778 -0.09998525
-0.1695424 -1.4806834 -0.10353713
-0.17777379 -1.5500855 -0.10713386
-0.16281126 -1.4615706 -0.107623994
-0.17059295 -1.5213853 -0.11080941
-0.17873321 -1.5819162 -0.11412988
-0.16297808 -1.4932395 -0.1148046
-0.17085011 -1.5457989 -0.11764368
-0.17893934 -1.5979481 -0.120630115
-0.18722624 -1.649842 -0.12357618
-0.17038846 -1.5570426 -0.124011986
-0.17837155 -1.601273 -0.12666379
-0.18651128 -1.6442032 -0.1293715
-0.16930816 -1.5579166 -0.12999752
-0.17709085 -1.5947112 -0.13232781
-0.18501252 -1.6292894 -0.13474861
-0.192826 -1.6617129 -0.13711762
-0.17517824 -1.5808508 -0.13761777
-0.18281512 -1.6076754 -0.1397488
-0.19045629 -1.6315029 -0.14191596
-0.17275351 -1.5620933 -0.14261967
-0.18001057 -1.5817693 -0.1444826
-0.18733017 -1.5976942 -0.14642397
-0.19430926 -1.6098994 -0.14833376
-0.17670958 -1.5538259 -0.14896062
-0.18363215 -1.5625478 -0.15068789
-0.19041942 -1.5669187 -0.15246381
-0.17307082 -1.5259377 -0.153297
-0.17951067 -1.528171 -0.15486856
-0.18588965 -1.525531 -0.15654582
-0.19174995 -1.5181593 -0.15823154
-0.1751252 -1.4964794 -0.15897903
-0.18102294 -1.4876479 -0.1606311
-0.18658072 -1.4739766 -0.16238087
-0.17069557 -1.4691947 -0.16317074
-0.17609553 -1.4548718 -0.16494173
-0.18108566 -1.4359132 -0.16691884
-0.1854906 -1.4129579 -0.16889198
-0.17129 -1.4285518 -0.16937788
-0.1756337 -1.4050065 -0.17180271
-0.17950618 -1.3788893 -0.17414917
-0.16692534 -1.4101578 -0.17409815
-0.17055343 -1.3821603 -0.17720391
-0.173727 -1.3537972 -0.17970239
-0.12694669 -0.70182866 -0.06287721
-0.12932429 -0.7329407 -0.061768483
-0.12085866 -0.6032769 -0.057875823
-0.11692993 -0.47763363 -0.052667033
-0.118593134 -0.47970313 -0.051960148
-0.11368287 -0.34897295 -0.046608284
-0.11054788 -0.23191103 -0.040953334
-0.10730042 -0.13079043 -0.035179097
-0.110234216 -0.06926259 -0.03429164
-0.10790736 0.032260615 -0.02895669
-0.10549194 0.11705906 -0.023711752
-0.11058358 0.22378875 -0.022227673
-0.10878313 0.30476406 -0.01739249
-0.10693141 0.3691646 -0.012705708
-0.104678944 0.41751802 -0.008188983
-0.112552665 0.5742444 -0.0066700717
-0.11099407 0.6155359 -0.0025388256
-0.10912809 0.64148456 0.0014140626
-0.11851957 0.83023053 0.0030210218
-0.11700887 0.84666777 0.0065948
-0.11520159 0.8486995 0.009984895
-0.11301877 0.8370582 0.013181234
-0.12431947 1.0539643 0.014589375
-0.12230485 1.0311922 0.017412806
-0.11989966 0.9959175 0.020044412
-0.13229445 1.2297225 0.021378709
-0.12982112 1.1817424 0.023629764
-0.12693094 1.1225832 0.025693364
-0.123634264 1.0530832 0.027559225
-0.13712204 1.2938516 0.028591348
-0.13351198 1.2109364 0.030084131
-0.12946936 1.1191483 0.03138679
-0.14356884 1.361693 0.032267798
-0.13902396 1.2554784 0.03318747
-0.13401794 1.141966 0.033925902
-0.1286156 1.0220602 0.03447294
-0.14283915 1.2512904 0.03498184
-0.13668318 1.1168976 0.03515255
-0.13008213 0.9777868 0.035142932
-0.14431894 1.1939738 0.035445586
-0.13688216 1.0397975 0.035037603
-0.12889908 0.88268775 0.03445827
-0.120517954 0.72360444 0.033711053
-0.13405618 0.9069079 0.03352978
-0.12458872 0.73327965 0.03234523
-0.11444617 0.5596189 0.03101667
-0.12764086 0.7146409 0.030526109
-0.11678117 0.5262867 0.028658092
-0.10473539 0.34010532 0.026670313
-0.09180495 0.15676306 0.024686385
-0.10511601 0.25833547 0.023155395
-0.091535576 0.06211916 0.020352667
-0.0757462 -0.12918882 0.017629284
-0.08864558 -0.0733361 0.01572411
-0.074620955 -0.27740797 0.012043181
-0.057902545 -0.475605 0.008203935
0.0037554882 -0.833146 -0.044997264
-0.026201475 -0.642745 -0.048480764
-0.04921398 -0.5527282 -0.05203535
-0.074790396 -0.5672182 -0.05630202
0.0042161257 -0.8452327 -0.04272731
-0.026125731 -0.6407705 -0.046184234
-0.048994035 -0.537758 -0.04981524
-0.07419631 -0.5383873 -0.05399381
0.0045992057 -0.8563589 -0.040557623
-0.026036682 -0.638768 -0.043886203
-0.048794013 -0.52274275 -0.047589555
-0.07365965 -0.50930685 -0.0516912
0.004906321 -0.8666808 -0.03843807
-0.025936754 -0.63672763 -0.041597225
-0.048616044 -0.5076906 -0.045362722
-0.07318249 -0.480018 -0.04939607
0.0051516774 -0.87630475 -0.036338948
-0.02582644 -0.6346391 -0.0393251
-0.048459433 -0.49261624 -0.04313917
-0.072764665 -0.45056984 -0.047109082
0.005351471 -0.8853101 -0.034255624
-0.025707172 -0.63249034 -0.037074793
-0.048324566 -0.47753266 -0.040921748
-0.07240645 -0.42101192 -0.044830997
0.005518891 -0.89375526 -0.032188732
-0.025580235 -0.6302701 -0.034850243
-0.048211556 -0.4624542 -0.038713433
-0.07210743 -0.39139503 -0.04256355
0.005663741 -0.9016857 -0.030140804
-0.02544724 -0.62796813 -0.032654185
-0.048120644 -0.44739538 -0.036516584
-0.07186655 -0.36176935 -0.0403086
0.0057929317 -0.909137 -0.028114434
-0.025309974 -0.62557536 -0.030488739
-0.048052035 -0.43237132 -0.034333434
-0.07168214 -0.33218384 -0.038068086
0.0059111663 -0.91613793 -0.026111906
-0.025170451 -0.62308437 -0.028355459
-0.048005927 -0.41739738 -0.032165986
-0.07155204 -0.30268538 -0.035843752
0.0060215383 -0.92271215 -0.024135107
-0.025030814 -0.6204898 -0.026255462
-0.047982484 -0.4024893 -0.03001614
-0.07147375 -0.27331826 -0.033637088
0.006125991 -0.92887956 -0.022185586
-0.024893286 -0.61778814 -0.02418952
-0.047981814 -0.3876631 -0.0278857
-0.07144466 -0.24412419 -0.031449325
0.006225668 -0.9346572 -0.020264644
-0.024760064 -0.6149783 -0.022158144
-0.048003994 -0.37293497 -0.0257764
-0.0714622 -0.21514204 -0.029281484
0.006321128 -0.94005996 -0.018373337
-0.024633253 -0.6120611 -0.020161616
-0.04804899 -0.3583214 -0.023689881
-0.071523845 -0.18640827 -0.027134432
0.0064125373 -0.945101 -0.016512567
-0.024514802 -0.60903937 -0.018200085
-0.048116717 -0.34383896 -0.021627728
-0.07162729 -0.1579571 -0.025008962
0.006499807 -0.9497923 -0.014683175
-0.024406474 -0.6059177 -0.016273659
-0.04820707 -0.32950446 -0.019591475
-0.07177057 -0.12982091 -0.022905866
0.0065826406 -0.95414484 -0.012885848
-0.024309801 -0.6027025 -0.014382377
-0.04831982 -0.3153347 -0.017582564
-0.07195185 -0.10203058 -0.020825941
0.0066606235 -0.95816875 -0.0111212265
-0.02422608 -0.5994013 -0.012526288
-0.0484547 -0.30134675 -0.015602367
-0.07216956 -0.07461588 -0.018770043
0.006733269 -0.96187377 -0.009389908
-0.024156388 -0.59602314 -0.01070548
-0.04861138 -0.2875576 -0.013652198
-0.07242231 -0.047605664 -0.016739098
0.006800029 -0.9652691 -0.00769239
-0.024101565 -0.5925778 -0.008920032
-0.048789434 -0.27398437 -0.011733246
-0.07270881 -0.021028157 -0.014734069
0.0068603507 -0.9683635 -0.0060291938
-0.024062257 -0.589076 -0.0071701175
-0.048988417 -0.26064417 -0.00984667
-0.07302791 0.005088812 -0.012756011
0.0069136787 -0.97116566 -0.0044008163
-0.024038933 -0.585529 -0.0054559694
-0.049207836 -0.24755421 -0.007993553
-0.073378555 0.03071771 -0.010806032
0.0069594574 -0.97368395 -0.0028076684
-0.02403187 -0.58194876 -0.003777804
-0.049447082 -0.23473163 -0.006174854
-0.0737596 0.05583124 -0.008885239
0.0069971676 -0.97592664 -0.0012502256
-0.024041226 -0.5783474 -0.0021359583
-0.04970557 -0.22219357 -0.0043915226
-0.074170016 0.080402285 -0.006994809
0.0070263087 -0.97790176 0.00027109717
-0.024067016 -0.57473737 -0.00053076475
-0.04998261 -0.2099572 -0.002644409
-0.07460865 0.10440367 -0.005135907
0.0070464136 -0.9796173 0.0017559095
-0.024109136 -0.57113147 0.0010374276
-0.05027747 -0.19803964 -0.0009342852
-0.075074255 0.12780845 -0.0033096774
0.0070570577 -0.9810812 0.0032037506
-0.024167407 -0.5675425 0.0025681688
-0.05058941 -0.18645796 0.0007380662
-0.075565666 0.1505897 -0.0015173133
0.007057845 -0.98230124 0.004614238
-0.024241548 -0.5639833 0.0040610596
-0.0509176 -0.17522922 0.0023719762
-0.076081485 0.17272073 0.00024007176
0.0070484215 -0.9832851 0.00598696
-0.02433121 -0.56046677 0.005515652
-0.05126117 -0.16437042 0.0039667888
-0.07662027 0.1941748 0.0019613632
0.0070284666 -0.98404056 0.0073215193
-0.024435975 -0.5570059 0.0069315
-0.05161922 -0.15389845 0.0055218996
-0.07718051 0.21492556 0.0036454964
0.0069976966 -0.98457503 0.008617518
-0.024555374 -0.55361336 0.00830815
-0.051990785 -0.1438302 0.0070367353
-0.077760555 0.23494682 0.0052914415
0.006955861 -0.9848962 0.009874554
-0.02468888 -0.5503021 0.009645143
-0.052374866 -0.1341824 0.008510748
-0.07835867 0.25421262 0.0068982085
0.006902741 -0.98501134 0.0110922465
-0.024835931 -0.5470846 0.010942031
-0.052770406 -0.124971725 0.009943429
-0.07897304 0.2726974 0.008464866
0.006838147 -0.9849279 0.012270196
-0.024995914 -0.54397357 0.01219836
-0.053176302 -0.11621476 0.011334277
-0.07960174 0.2903758 0.009990513
0.006761918 -0.9846532 0.0134080555
-0.025168175 -0.54098135 0.013413723
-0.053591393 -0.10792789 0.012682851
-0.08024273 0.30722308 0.011474339
0.006673917 -0.98419446 0.014505403
-0.025352042 -0.53812015 0.014587649
-0.054014493 -0.10012738 0.01398866
-0.08089396 0.32321486 0.012915512
0.0065740324 -0.9835589 0.015561895
-0.025546797 -0.5354022 0.015719747
-0.054444347 -0.092829324 0.015251294
-0.081553236 0.3383271 0.014313308
0.006462173 -0.9827536 0.01657718
-0.025751695 -0.5328393 0.016809622
-0.05487965 -0.08604963 0.016470343
-0.0822183 0.3525365 0.015667038
0.0063382685 -0.98178566 0.017550914
-0.02596596 -0.5304434 0.017856898
-0.055319052 -0.079803996 0.017645415
-0.08288682 0.36582017 0.016976062
0.0062022675 -0.9806621 0.018482793
-0.026188796 -0.52822584 0.01886124
-0.05576114 -0.07410786 0.018776163
-0.0835564 0.3781558 0.018239805
0.00605413 -0.9793899 0.019372456
-0.026419377 -0.5261981 0.01982226
-0.056204487 -0.06897641 0.019862182
-0.084224604 0.38952175 0.019457674
0.005893839 -0.9779761 0.020219645
-0.026656853 -0.5243714 0.020739688
-0.056647576 -0.06442457 0.02090318
-0.08488891 0.39989692 0.020629203
0.005721386 -0.9764275 0.021024054
-0.026900353 -0.52275664 0.0216132
-0.05708887 -0.060466923 0.02189881
-0.08554678 0.40926093 0.0217539
0.0055367732 -0.97475106 0.021785399
-0.027148986 -0.52136457 0.022442503
-0.057526782 -0.057117715 0.022848755
-0.086195596 0.4175941 0.022831324
0.0053400216 -0.97295374 0.02250348
-0.027401835 -0.52020574 0.023227397
-0.057959672 -0.054390848 0.023752777
-0.08683272 0.42487738 0.02386113
0.005131159 -0.9710423 0.02317808
-0.027657965 -0.5192904 0.023967667
-0.058385856 -0.05229981 0.02461062
-0.08745546 0.43109247 0.024842974
0.004910219 -0.96902376 0.023808936
-0.027916424 -0.5186286 0.024663053
-0.058803625 -0.050857697 0.025421979
-0.08806112 0.43622172 0.025776472
0.0046772487 -0.96690494 0.02439591
-0.028176244 -0.51823014 0.025313431
-0.059211213 -0.05007712 0.026186673
-0.08864696 0.4402483 0.026661377
0.004432305 -0.96469283 0.024938865
-0.028436435 -0.51810455 0.025918681
-0.059606824 -0.04997025 0.026904523
-0.08921021 0.44315618 0.027497455
0.00417545 -0.9623944 0.025437651
-0.028695995 -0.5182612 0.02647867
-0.059988625 -0.050548732 0.027575325
-0.08974811 0.44492996 0.028284451
0.0039067543 -0.9600168 0.025892165
-0.028953902 -0.5187091 0.026993325
-0.06035474 -0.051823683 0.028198913
-0.090257846 0.44555506 0.029022152
0.0036262947 -0.9575669 0.026302343
-0.029209126 -0.51945704 0.027462611
-0.060703274 -0.053805657 0.028775161
-0.09073662 0.4450177 0.029710392
0.0033341602 -0.95505214 0.026668165
-0.029460622 -0.5205134 0.02788655
-0.0610323 -0.05650462 0.029303983
-0.09118162 0.44330493 0.030349042
0.0030304417 -0.9524796 0.026989598
-0.02970733 -0.5218866 0.02826515
-0.061339848 -0.059929892 0.029785259
-0.09159005 0.44040447 0.03093793
0.00271524 -0.94985676 0.027266664
-0.02994818 -0.5235844 0.028598484
-0.061623942 -0.06409015 0.030218918
-0.09195906 0.43630502 0.03147694
0.0023886664 -0.947191 0.02749945
-0.030182095 -0.52561456 0.0288867
-0.061882578 -0.06899341 0.030604953
-0.09228588 0.43099588 0.031966012
0.002050837 -0.9444901 0.02768802
-0.030407984 -0.52798444 0.029129922
-0.06211372 -0.0746469 0.030943304
-0.09256769 0.42446733 0.03240501
0.0017018762 -0.94176173 0.02783252
-0.030624751 -0.5307011 0.02932837
-0.06231533 -0.08105718 0.031233989
-0.092801705 0.41671035 0.03279388
0.0013419215 -0.93901384 0.027933117
-0.03083129 -0.5337713 0.029482296
-0.06248534 -0.08823 0.031477027
-0.09298514 0.40771675 0.03313255
0.0009711243 -0.9362546 0.02799005
-0.031026492 -0.5372015 0.029592022
-0.0626217 -0.09617025 0.031672496
-0.09311525 0.39747918 0.033420984
0.00058964425 -0.9334923 0.028003572
-0.031209238 -0.5409979 0.029657897
-0.06272231 -0.10488197 0.03182046
-0.093189284 0.38599116 0.033659115
0.00019765203 -0.9307354 0.027973983
-0.031378403 -0.5451664 0.029680325
-0.0627851 -0.114368394 0.031921018
-0.09320453 0.37324688 0.033846885
-0.00020466126 -0.9279927 0.027901659
-0.031532858 -0.5497124 0.029659787
-0.062807985 -0.1246318 0.031974312
-0.09315828 0.35924146 0.033984248
-0.00061708566 -0.9252732 0.027787026
-0.031671472 -0.55464137 0.029596824
-0.0627889 -0.13567346 0.03198051
-0.09304789 0.34397078 0.034071155
-0.0010393979 -0.922586 0.027630543
-0.0317931 -0.55995804 0.029492011
-0.06272578 -0.14749375 0.031939786
-0.09287067 0.32743162 0.034107506
-0.0014713492 -0.91994077 0.027432768
-0.031896595 -0.56566715 0.029346023
-0.06261658 -0.16009206 0.031852376
-0.09262401 0.30962142 0.034093227
-0.0019126617 -0.91734713 0.027194306
-0.0319808 -0.5717729 0.029159581
-0.06245928 -0.17346661 0.031718537
-0.09230531 0.29053876 0.0340282
-0.0023630362 -0.9148152 0.026915854
-0.03204456 -0.5782792 0.028933495
-0.062251896 -0.18761483 0.03153858
-0.09191198 0.2701826 0.033912282
-0.0028221356 -0.9123552 0.026598178
-0.032086696 -0.58518976 0.028668636
-0.061992493 -0.20253289 0.031312834
-0.09144143 0.2485532 0.033745296
-0.0032895855 -0.90997785 0.026242144
-0.03210602 -0.59250766 0.02836597
-0.061679184 -0.2182159 0.031041699
-0.09089112 0.22565158 0.033527017
-0.0037649805 -0.90769404 0.025848698
-0.032101326 -0.60023594 0.028026512
-0.061310127 -0.23465817 0.030725585
-0.090258434 0.20147945 0.033257134
-0.0042478573 -0.9055149 0.025418913
-0.032071393 -0.6083769 0.027651398
-0.060883578 -0.2518526 0.030364996
-0.08954082 0.1760399 0.032935306
-0.004737711 -0.903452 0.024953956
-0.032014966 -0.61693275 0.027241826
-0.06039786 -0.26979128 0.02996046
-0.08873563 0.14933689 0.032561082
-0.0052339835 -0.90151703 0.024455126
-0.03193077 -0.625905 0.026799092
-0.05985139 -0.2884654 0.029512567
-0.08784021 0.121375345 0.03213392
-0.0057360525 -0.899722 0.023923865
-0.0318175 -0.6352948 0.026324593
-0.0592427 -0.30786502 0.029021984
-0.08685181 0.092161745 0.031653173
-0.006243239 -0.89807916 0.023361737
-0.031673793 -0.6451028 0.025819799
-0.058570415 -0.32797942 0.028489415
-0.08576762 0.061703827 0.031118056
-0.0067548 -0.896601 0.022770468
-0.03149827 -0.65532905 0.025286281
-0.05783329 -0.34879717 0.027915634
-0.084584676 0.030010747 0.030527664
-0.0072699203 -0.89530015 0.02215196
-0.03128949 -0.6659728 0.024725715
-0.05703022 -0.37030587 0.027301481
-0.083299905 -0.0029059935 0.02988095
-0.0077877278 -0.8941893 0.02150827
-0.031045983 -0.67703295 0.024139842
-0.05616021 -0.3924929 0.026647847
-0.08191009 -0.037033472 0.02917673
-0.008307281 -0.8932815 0.020841641
-0.030766211 -0.6885073 0.023530483
-0.05522238 -0.4153446 0.02595566
-0.08041176 -0.072355665 0.028413674
-0.008827591 -0.8925897 0.02015451
-0.03044863 -0.700393 0.022899533
-0.05421601 -0.43884736 0.02522591
-0.07880136 -0.10885425 0.027590368
-0.00934762 -0.892127 0.019449506
-0.030091647 -0.71268636 0.02224891
-0.05314045 -0.46298712 0.024459604
-0.07707511 -0.14650758 0.02670533
-0.0098663 -0.89190644 0.01872947
-0.029693682 -0.7253825 0.021580575
-0.051995214 -0.4877495 0.023657784
-0.07522914 -0.18529011 0.02575711
-0.010382552 -0.8919414 0.017997455
-0.02925316 -0.73847586 0.020896452
-0.050779875 -0.5131202 0.02282149
-0.07325955 -0.22517255 0.024744365
-0.010895316 -0.8922451 0.017256726
-0.02876855 -0.7519599 0.020198401
-0.04949409 -0.53908515 0.021951746
-0.07116246 -0.2661216 0.023666
-0.01140356 -0.8928311 0.016510805
-0.028238412 -0.76582706 0.019488184
-0.048137635 -0.56562984 0.021049567
-0.06893436 -0.30809838 0.022521365
-0.011906327 -0.893713 0.01576346
-0.027661372 -0.780069 0.018767353
-0.04671027 -0.59274036 0.02011589
-0.06657205 -0.35105997 0.021310398
-0.012402761 -0.89490503 0.015018781
-0.027036218 -0.7946771 0.018037181
-0.045211907 -0.6204034 0.019151602
-0.064073145 -0.3949601 0.020033868
-0.012892055 -0.89642197 0.014281264
-0.026361803 -0.80964166 0.017298516
-0.04364242 -0.648605 0.018157486
-0.06143607 -0.4397465 0.018693557
-0.013373407 -0.89827985 0.013556262
-0.025637118 -0.8249536 0.016551541
-0.04200186 -0.67733246 0.017134234
-0.05866047 -0.48536626 0.017292455
-0.013845707 -0.90049607 0.012849911
-0.024861148 -0.84060335 0.015795365
-0.04029032 -0.706573 0.016082376
-0.055747084 -0.5317636 0.01583485
-0.014306545 -0.9030912 0.012172784
-0.024032889 -0.85658187 0.015027399
-0.038508132 -0.73631454 0.01500247
-0.0526979 -0.5788833 0.014326776
-0.014750841 -0.9060897 0.011536759
-0.02315131 -0.87288076 0.014241839
-0.036655948 -0.7665453 0.01389464
-0.049515948 -0.62667066 0.012775946
-0.015162395 -0.90952736 0.010983626
-0.02221542 -0.88949084 0.0134290755
-0.034734476 -0.7972529 0.012760153
-0.046204798 -0.6750716 0.011194643
-0.015512894 -0.9134485 0.010544699
-0.02122551 -0.906409 0.012570403
-0.032745875 -0.82843184 0.011597228
-0.042770118 -0.72404146 0.00959719
-0.015667513 -0.9179919 0.010519723
-0.020181537 -0.923619 0.0116483765
-0.030689627 -0.8600627 0.010412008
-0.03921504 -0.7735263 0.00801361
0.01909568 -1.0020107 -0.04756359
0.011751807 -0.9263001 -0.045244806
0.015284911 -0.99635166 -0.04051149
0.020373369 -1.0716373 -0.035695203
0.012768923 -0.96686083 -0.033205204
0.0164198 -1.0385264 -0.029031547
0.021269327 -1.114815 -0.02476309
0.027373241 -1.1956567 -0.020575354
0.016002106 -1.0575222 -0.018742276
0.021022612 -1.1345096 -0.014945409
0.026794853 -1.2149183 -0.011252632
0.014493004 -1.0582159 -0.009565008
0.019761335 -1.1353757 -0.006185614
0.025426496 -1.2150576 -0.002924832
0.031554874 -1.2967356 0.0001865079
0.017757542 -1.1211067 0.0016012754
0.023373552 -1.1997645 0.004449637
0.02924707 -1.2795889 0.007147435
0.0151963355 -1.0946792 0.008443812
0.020761445 -1.171996 0.010869543
0.026462892 -1.2496302 0.013148692
0.03230695 -1.3270531 0.0152726015
0.01766947 -1.1344124 0.016310973
0.023214754 -1.2094451 0.018154046
0.028814431 -1.2833192 0.0198413
0.014150295 -1.0896418 0.020744693
0.019532513 -1.161615 0.022127714
0.024897672 -1.231416 0.023362515
0.03019097 -1.2984813 0.02444016
0.015451031 -1.1088454 0.025042878
0.020569304 -1.1740332 0.025809476
0.025562704 -1.2353876 0.026422566
0.011022243 -1.0540226 0.026887737
0.015867803 -1.1140689 0.027171224
0.020520262 -1.1691523 0.0273144
0.024859205 -1.2186869 0.027306968
0.010858888 -1.0546468 0.027458128
0.015136171 -1.1029547 0.027130429
0.019080637 -1.1445581 0.02666382
0.0056447946 -0.99911773 0.026709981
0.009496419 -1.0402377 0.025915964
0.012954966 -1.0735053 0.025006555
0.015848039 -1.0983444 0.02397598
0.003732964 -0.98470575 0.023764592
0.006631245 -1.009404 0.022445386
0.008988522 -1.0245937 0.021039953
-0.0019441865 -0.9402592 0.02084839
0.00029983168 -0.95641786 0.019192157
0.0018763457 -0.96216184 0.017525595
0.0026377381 -0.9573591 0.015870355
-0.005671126 -0.91867495 0.015622544
-0.005057479 -0.9156702 0.013984991
-0.0056526484 -0.90269554 0.012607627
-0.010707017 -0.89950734 0.012264041
-0.011138499 -0.88855976 0.011346604
-0.013677453 -0.8709343 0.011006004
-0.016833285 -0.9019433 0.008292228
-0.011485618 -0.9968389 -0.020458933
0.0013070323 -1.1363456 -0.03555047
-0.016657647 -0.9165055 -0.0033883876
-0.009616552 -1.019628 -0.026975717
0.0042317235 -1.1579349 -0.037096687
-0.016089834 -0.9316752 -0.012511874
-0.0076714996 -1.0399823 -0.031992573
-0.01709185 -0.8843675 0.008037102
-0.015387533 -0.9460016 -0.020391399
-0.005708207 -1.0572047 -0.03529367
-0.018388962 -0.88690877 -0.0029701672
-0.014579848 -0.9589264 -0.026920734
-0.0038027335 -1.0705162 -0.0367174
-0.01898063 -0.89113975 -0.01236748
-0.013702365 -0.96994895 -0.031900022
-0.017690804 -0.8682429 0.007386793
-0.019372767 -0.8950804 -0.020370565
-0.0127884615 -0.97852963 -0.03512937
-0.020102352 -0.85827655 -0.0027996695
-0.019657377 -0.89815974 -0.02692268
-0.011885694 -0.9840142 -0.03643952
-0.02194149 -0.85082585 -0.012305025
-0.019852428 -0.89997834 -0.03187717
-0.01856582 -0.85218835 0.006788155
-0.023511667 -0.8440784 -0.02040589
-0.01997903 -0.90012294 -0.03505843
-0.022010049 -0.8299108 -0.00285736
-0.024913 -0.8372801 -0.026975378
-0.020063343 -0.89814997 -0.036283586
-0.02510503 -0.81055415 -0.012366412
-0.026164595 -0.829966 -0.031910874
-0.019696282 -0.8357195 0.006324307
-0.027911985 -0.7929315 -0.02050641
-0.027296241 -0.8217737 -0.035065766
-0.02426637 -0.80134547 -0.0030657442
-0.030402904 -0.7762445 -0.027064735
-0.02830164 -0.81254494 -0.036255393
-0.11295875 -2.2367077 -0.22999828
-0.06727757 -1.7735516 -0.20581461
-0.026506288 -1.2847861 -0.17568484
-0.0970089 -2.0965896 -0.22327606
-0.052605573 -1.6258309 -0.19814067
-0.13109973 -2.4226987 -0.23971362
-0.08134067 -1.9539196 -0.21635701
-0.037704706 -1.4719092 -0.18992637
-0.114027895 -2.2815669 -0.2330864
-0.065859616 -1.807687 -0.20916004
-0.02267788 -1.3092377 -0.18034492
-0.09737237 -2.1389396 -0.2263783
-0.050472274 -1.6568586 -0.2015784
-0.13306691 -2.4709704 -0.24286203
-0.081011765 -1.9936987 -0.2195117
-0.035105374 -1.50029 -0.19341445
-0.1153964 -2.3278706 -0.23613437
-0.06485876 -1.8448074 -0.21240005
-0.019984882 -1.3371351 -0.1841993
-0.09813264 -2.1832352 -0.22940871
-0.04886613 -1.6913085 -0.20493338
-0.13528068 -2.5199013 -0.24608728
-0.08115033 -2.035894 -0.22257593
-0.033071768 -1.532416 -0.1969219
-0.11712111 -2.3753796 -0.23915091
-0.06437132 -1.8847883 -0.21554081
-0.017743142 -1.3680601 -0.18800165
-0.0993372 -2.2292852 -0.23237747
-0.04777727 -1.7289959 -0.20819935
-0.0034523325 -1.2002351 -0.17819083
-0.08180633 -2.080347 -0.2255634
-0.031462375 -1.567888 -0.20039563
-0.11922008 -2.423879 -0.2421587
-0.06447064 -1.9274906 -0.21859911
-0.015744759 -1.4016886 -0.19184218
-0.10105838 -2.2769005 -0.23530559
-0.047348116 -1.7697918 -0.2113864
-0.0012142261 -1.2324195 -0.18228531
-0.06408637 -1.6652437 -0.19603464
-0.10502176 -2.1079385 -0.22098495
-0.15411913 -2.556038 -0.24262597
-0.07675951 -1.801778 -0.20338215
-0.1196663 -2.2402422 -0.22741427
-0.052206863 -1.5012931 -0.18335302
-0.08993722 -1.9348058 -0.21042663
-0.13477701 -2.3710403 -0.23352131
-0.06425572 -1.63647 -0.19182765
-0.103480555 -2.0650241 -0.21719427
-0.15039684 -2.5005498 -0.23900978
-0.07649008 -1.7678965 -0.19940963
-0.117414385 -2.1931043 -0.22369228
-0.051938858 -1.4738594 -0.1784361
-0.08901783 -1.8962748 -0.20657998
-0.13179047 -2.3195193 -0.22987427
-0.06421421 -1.6065174 -0.18742749
-0.10191071 -2.0220897 -0.21344024
-0.14663725 -2.4444385 -0.2355667
-0.076113045 -1.7337984 -0.19537827
-0.11518029 -2.1457999 -0.22001734
-0.05168634 -1.4423785 -0.17571054
-0.08813125 -1.8577635 -0.20274033
-0.12885831 -2.2677484 -0.22629397
-0.063859984 -1.573783 -0.18341534
-0.100425735 -1.9791862 -0.20971565
-0.14296912 -2.3880613 -0.23217644
-0.075605795 -1.6984959 -0.19140498
-0.11306041 -2.098494 -0.21638124
-0.15750964 -2.5066874 -0.23736578
-0.08725507 -1.8188621 -0.1989194
-0.12607011 -2.215957 -0.22275594
-0.063611604 -1.5391581 -0.18031748
-0.09904397 -1.936226 -0.20601802
-0.13947602 -2.3316762 -0.2288034
-0.07505307 -1.661703 -0.18778485
-0.11109559 -2.0512626 -0.2127796
-0.15328069 -2.4456222 -0.23437063
-0.08638296 -1.7792097 -0.19523676
-0.12347253 -2.1643045 -0.21925078
-0.06370103 -1.5043031 -0.1781381
-0.09775005 -1.893042 -0.20238912
-0.13620484 -2.27548 -0.22543809
-0.07465801 -1.6241752 -0.18469615
-0.10928704 -2.0041044 -0.20922665
-0.14930154 -2.3847914 -0.23127683
-0.085599095 -1.7389508 -0.19184154
-0.1210802 -2.112892 -0.21578266
-0.16276556 -2.4921927 -0.23658295
-0.09656372 -1.8496128 -0.19891511
-0.13317657 -2.2196274 -0.22208482
-0.0745505 -1.5869583 -0.18214273
-0.10763548 -1.9570282 -0.20576514
-0.145596 -2.324373 -0.22812241
-0.085022196 -1.6987069 -0.18880893
-0.11889492 -2.061795 -0.21237294
-0.15834638 -2.4271219 -0.23381338
-0.09555021 -1.8062247 -0.19567584
-0.13039781 -2.164245 -0.2187592
-0.07477095 -1.5508907 -0.1800205
-0.106167935 -1.9101788 -0.20245288
-0.14217481 -2.2645276 -0.2249395
-0.08473376 -1.6592227 -0.18613853
-0.116926275 -2.0111296 -0.2090584
-0.15424104 -2.3626902 -0.23089427
-0.09478609 -1.7633996 -0.19270808
-0.12787354 -2.109466 -0.21548757
-0.16661109 -2.4587455 -0.23661098
-0.104933746 -1.8638806 -0.19933581
-0.13904358 -2.2054086 -0.22176015
-0.084774874 -1.6211436 -0.18378715
-0.115200624 -1.9611158 -0.20587896
-0.15045695 -2.2990704 -0.22788958
-0.094326556 -1.7217121 -0.19001047
-0.12561683 -2.0554674 -0.21230249
-0.16212963 -2.3905036 -0.23388223
-0.103985295 -1.8185815 -0.19643438
-0.13621 -2.1471908 -0.21861789
-0.08517257 -1.5849601 -0.18168296
-0.113755465 -1.9120771 -0.20286383
-0.14700072 -2.2364426 -0.22485198
-0.09420614 -1.6816777 -0.18755949
-0.123650976 -2.0024989 -0.20923448
-0.15800555 -2.3233194 -0.23103814
-0.10336189 -1.7747456 -0.19374734
-0.13368793 -2.0900843 -0.21554516
-0.08591859 -1.5510346 -0.17973809
-0.11262796 -1.8644019 -0.20002618
-0.14388162 -2.1750097 -0.22182523
-0.094442874 -1.6437064 -0.18531698
-0.12200453 -1.950869 -0.20630501
-0.15424615 -2.2573957 -0.22812213
-0.103090025 -1.7327961 -0.19126014
-0.1314971 -2.0343475 -0.21256925
-0.16479746 -2.3373291 -0.2345208
-0.111846656 -1.8184769 -0.19736575
-0.14111295 -2.1149995 -0.21884564
-0.095038146 -1.6081156 -0.18323351
-0.12070436 -1.9009178 -0.20352459
-0.150861 -2.1929557 -0.2251876
-0.103182 -1.6930767 -0.1889493
-0.1296592 -1.9802686 -0.2097091
-0.1607529 -2.2683146 -0.23168269
-0.11143067 -1.7746547 -0.19487332
-0.13871087 -2.0566683 -0.21594125
-0.096000284 -1.5751367 -0.18125425
-0.11977095 -1.8529724 -0.20089442
-0.14786185 -2.1302342 -0.22227603
-0.103641644 -1.6558615 -0.18678379
-0.12819356 -1.9281468 -0.206975
-0.15711848 -2.2010698 -0.22880244
-0.1113882 -1.7332239 -0.19253346
-0.13669153 -2.0002813 -0.21313164
-0.16649158 -2.2692516 -0.23567137
-0.11921721 -1.8073292 -0.19840921
-0.14526133 -2.0694788 -0.21941836
-0.104468815 -1.62135 -0.18472661
-0.12711424 -1.8782611 -0.20437013
-0.1539037 -2.1358304 -0.22592409
-0.1117216 -1.6944178 -0.19032547
-0.13506824 -1.9461023 -0.21042845
-0.16262428 -2.1994176 -0.23278613
-0.11904782 -1.7642298 -0.19605902
-0.1430707 -2.0109308 -0.21663627
-0.10564809 -1.589688 -0.18273756
-0.12642895 -1.8308601 -0.20189244
-0.15111738 -2.0728304 -0.22308111
-0.11242589 -1.6584036 -0.18822357
-0.13384965 -1.8943678 -0.20783706
-0.15920912 -2.131874 -0.22989413
-0.11926213 -1.7238685 -0.19382986
-0.14129809 -1.9548199 -0.21394354
-0.16735117 -2.1881156 -0.23729911
-0.1261389 -1.7861434 -0.199536
-0.14876619 -2.012285 -0.22029744
-0.11348995 -1.6253029 -0.18619776
-0.13303891 -1.8452841 -0.20535813
-0.15625091 -2.0668354 -0.22702457
-0.119852416 -1.6863818 -0.19170402
-0.13994722 -1.9013435 -0.21134776
-0.16375391 -2.1185226 -0.23430552
-0.12624018 -1.7442688 -0.19729185
-0.14685324 -1.954389 -0.217589
-0.11490523 -1.5951837 -0.1842145
-0.13263373 -1.7990113 -0.20298888
-0.15375148 -2.0044887 -0.22420269
-0.12080779 -1.6518651 -0.18965986
-0.13901691 -1.8506664 -0.20885178
-0.16064118 -2.0517008 -0.2313584
-0.12672299 -1.7053418 -0.19514826
-0.1453774 -1.8992997 -0.2149653
-0.116644345 -1.5680778 -0.18223654
-0.13262701 -1.7556708 -0.20072392
-0.15170875 -1.944991 -0.2214461
-0.12211362 -1.620364 -0.18767181
-0.13850124 -1.8029094 -0.20645504
-0.15800957 -1.9878037 -0.22845352
-0.12757474 -1.6694307 -0.19309075
-0.14433302 -1.8471404 -0.2124308
-0.16428038 -2.0277631 -0.23620522
-0.1330069 -1.7153363 -0.19855586
-0.15011641 -1.8884578 -0.21876578
-0.123747654 -1.5918907 -0.18570946
-0.13838992 -1.7581557 -0.20415448
-0.15585144 -1.9269483 -0.22560956
-0.12877758 -1.6365577 -0.1911021
-0.14371018 -1.7979889 -0.20998625
-0.1615397 -1.9626471 -0.23316358
-0.13375847 -1.6780472 -0.1964756
-0.14896381 -1.8349665 -0.21616736
-0.1256964 -1.5664159 -0.18373553
-0.13866867 -1.7164441 -0.20194526
-0.15415467 -1.8692049 -0.22283906
-0.13031082 -1.6067153 -0.18916151
-0.14349495 -1.7518862 -0.2076296
-0.159288 -1.9007653 -0.23018512
-0.13486218 -1.6438006 -0.19447277
-0.14823622 -1.7845484 -0.21365215
-0.16436245 -1.9296124 -0.23845999
-0.1393202 -1.6777807 -0.1998213
-0.15290289 -1.8146025 -0.22014886
-0.13215289 -1.5798557 -0.18724222
-0.14366993 -1.7088298 -0.20535682
-0.15750696 -1.8421407 -0.2272844
-0.13629693 -1.6125673 -0.19253616
-0.14791507 -1.7371963 -0.21121821
-0.16205043 -1.8671422 -0.235284
-0.14032376 -1.6421329 -0.19777603
-0.15207559 -1.7631224 -0.21754095
-0.13426971 -1.5559028 -0.18530515
-0.14421493 -1.6687835 -0.20316236
-0.15617399 -1.7867537 -0.22447088
-0.13803731 -1.5842812 -0.19065356
-0.14797845 -1.692858 -0.20886102
-0.16021805 -1.8080794 -0.23220086
-0.14165735 -1.609443 -0.19580325
-0.15164842 -1.7147069 -0.21501337
-0.16419436 -1.8269562 -0.24104518
-0.14510728 -1.6316727 -0.20103979
-0.15526241 -1.7345377 -0.22174828
-0.14005256 -1.5588529 -0.18881012
-0.14840141 -1.6514448 -0.20657414
-0.15883657 -1.7523575 -0.22922142
-0.14329538 -1.5796224 -0.19389884
-0.15159318 -1.6692516 -0.21256131
-0.16235742 -1.7680019 -0.23768015
-0.14632344 -1.597396 -0.1989823
-0.15474159 -1.6853889 -0.21911533
-0.14231208 -1.5361536 -0.1869789
-0.14915651 -1.612824 -0.20434964
-0.15787345 -1.6998681 -0.22635366
-0.14521103 -1.5525656 -0.19206378
-0.15187804 -1.6266133 -0.21017821
-0.16097501 -1.7124975 -0.2344678
-0.14783853 -1.5658194 -0.19698328
-0.15457696 -1.6391603 -0.21656732
-0.14475709 -1.5160035 -0.18508115
-0.15021479 -1.5768276 -0.2021785
-0.1572923 -1.650471 -0.22359753
-0.14737324 -1.5281371 -0.19031066
-0.15246798 -1.5866022 -0.2078573
-0.16000873 -1.6602979 -0.23140204
-0.14962992 -1.5367886 -0.19503714
-0.15473029 -1.5956687 -0.21409808
-0.16267759 -1.6683103 -0.24026096
-0.15154576 -1.5432438 -0.2000506
-0.15705296 -1.6039895 -0.22094639
-0.14973374 -1.5061657 -0.18867718
-0.15332544 -1.5489922 -0.20559382
-0.15941581 -1.6112345 -0.22848576
-0.15167521 -1.5101149 -0.19314057
-0.15516119 -1.5546926 -0.21170303
-0.1617611 -1.6170026 -0.236904
-0.15311913 -1.5118183 -0.19795409
-0.1571121 -1.5602161 -0.21839018
-0.15222594 -1.4863795 -0.18723238
-0.15441106 -1.5135218 -0.2033883
-0.15914847 -1.5651082 -0.22570619
-0.15395567 -1.4855583 -0.19129731
-0.15582985 -1.5159912 -0.20938326
-0.16120298 -1.5688776 -0.23376292
-0.1548958 -1.4822267 -0.19587436
-0.15742627 -1.5189136 -0.21592015
-0.16319486 -1.5711153 -0.24285357
-0.15568838 -1.4799166 -0.20125163
-0.15915415 -1.521688 -0.22304039
-0.15646802 -1.4627367 -0.18954024
-0.15670316 -1.4793243 -0.20714973
-0.16093925 -1.5237136 -0.23081367
-0.15684327 -1.4540298 -0.19379891
-0.15795566 -1.4798448 -0.2135346
-0.1626947 -1.5245155 -0.23937307
-0.15710628 -1.4479074 -0.1992146
-0.15938026 -1.4807067 -0.22046502
-0.15903176 -1.4406815 -0.18808903
-0.15775546 -1.4445131 -0.2050279
-0.16089456 -1.4812526 -0.22800386
-0.15872274 -1.4265736 -0.191759
-0.15868336 -1.442789 -0.211243
-0.16241743 -1.480886 -0.2362047
-0.009084326 -1.0252664 -0.012844639
0.0060674706 -1.2021838 -0.032468356
-0.013575025 -0.9459069 0.007614629
-0.003677835 -1.0962225 -0.020643396
0.01507297 -1.2937576 -0.036281213
-0.01051365 -0.99716145 -0.003838438
0.003326075 -1.1788036 -0.027334334
0.02544942 -1.3929294 -0.038460303
-0.006071318 -1.0643969 -0.012811306
0.01188565 -1.2716302 -0.03275403
-0.012955467 -0.9613165 0.007440117
0.00015474117 -1.1453635 -0.02069762
0.02195594 -1.3734131 -0.03673147
-0.0087308325 -1.0248252 -0.0034392087
0.008088043 -1.2382295 -0.027504515
0.033477675 -1.4830285 -0.03907709
-0.0033164509 -1.1026361 -0.012668736
0.017671172 -1.3415344 -0.03307615
-0.012674583 -0.97370857 0.007169653
0.0038336683 -1.1941212 -0.020724168
0.028852142 -1.4540161 -0.037228197
-0.007373015 -1.05014 -0.0031089715
0.012758267 -1.2977027 -0.0276873
0.04157499 -1.5746043 -0.039743327
-0.0008472174 -1.1396571 -0.012487742
0.023417434 -1.4119477 -0.033430878
-0.012601829 -0.98397315 0.0069450056
0.007342338 -1.2423676 -0.02073755
0.035763633 -1.5356296 -0.03776627
-0.0062845703 -1.0734333 -0.002914992
0.017332539 -1.3572026 -0.027884256
0.04974702 -1.6677147 -0.04045507
0.001374814 -1.1753762 -0.012336915
0.02912808 -1.4828978 -0.033815276
-0.012699283 -0.99251336 0.0067673097
0.010685706 -1.2900264 -0.020761292
0.042698372 -1.6182961 -0.038341403
-0.005384002 -1.0950755 -0.002837654
0.02181549 -1.416713 -0.028100464
0.058003344 -1.7624 -0.041208696
0.0034040613 -1.209896 -0.012253596
0.03481146 -1.554403 -0.034227885
-0.012941911 -0.9995858 0.0066159903
0.013885097 -1.3371025 -0.020819146
0.049667016 -1.7020444 -0.038950082
-0.0046266573 -1.1153667 -0.0028476366
0.026218925 -1.4762394 -0.028344061
0.066355236 -1.8586857 -0.04200075
0.0052882712 -1.2433965 -0.012248666
0.040478855 -1.6264809 -0.034669187
-0.0133076385 -1.0053868 0.006474028
0.01697034 -1.3836707 -0.020927642
0.056681395 -1.786894 -0.039589792
-0.003982002 -1.1345456 -0.0029240209
0.030561075 -1.5358175 -0.028623614
0.0748143 -1.9565841 -0.042827953
0.0070657628 -1.2760726 -0.012319971
0.046144452 -1.6991558 -0.0351411
-0.013775882 -1.010081 0.0063297814
0.019973146 -1.429848 -0.02109487
0.063754246 -1.87286 -0.040258937
-0.0034250184 -1.1528095 -0.0030540137
0.034864485 -1.595511 -0.028945716
0.08339192 -2.056096 -0.04368721
0.008768058 -1.30811 -0.012461073
0.051825136 -1.772462 -0.03564589
-0.014327075 -1.013813 0.006175428
0.022923898 -1.4757696 -0.021322714
0.07089926 -1.9599552 -0.040956456
-0.002933178 -1.1703289 -0.003230078
0.03915369 -1.6554036 -0.029314006
0.092099264 -2.1572125 -0.044575445
0.010422445 -1.339679 -0.012665108
0.05753982 -1.8464438 -0.036185145
-0.014942399 -1.0167133 0.006005598
0.025850799 -1.5215747 -0.021609528
0.078131124 -2.0481932 -0.041681234
-0.0024853104 -1.1872554 -0.0034477855
0.043453608 -1.71559 -0.02972936
0.100947395 -2.2599163 -0.045489397
0.01205361 -1.3709351 -0.012926084
0.06330862 -1.9211532 -0.036759168
-0.015603645 -1.0189023 0.005816496
0.028779998 -1.5673984 -0.021952042
0.08546526 -2.137586 -0.04243159
-0.0020611128 -1.2037268 -0.003704539
0.04778866 -1.7761681 -0.030190596
0.10994725 -2.3641813 -0.046425294
0.013684609 -1.4020207 -0.013239145
0.06915212 -1.9966451 -0.037366796
-0.01629311 -1.0204921 0.005605356
0.031736046 -1.6133686 -0.022346476
0.09291756 -2.2281454 -0.043204896
-0.001640904 -1.2198703 -0.003998862
0.052182518 -1.8372346 -0.030695196
0.11910961 -2.4699726 -0.047378562
0.015337437 -1.4330679 -0.013600507
0.07509089 -2.072974 -0.038005516
-0.016993571 -1.0215877 0.0053700996
0.03474234 -1.6596061 -0.02278909
0.10050401 -2.319877 -0.043997347
-0.0012054737 -1.2358054 -0.004330008
0.056658108 -1.8988819 -0.031239847
0.1284449 -2.5772448 -0.048343543
0.017033415 -1.4642001 -0.014007305
0.08114524 -2.1501904 -0.038671672
-0.017688254 -1.0222884 0.0051091155
0.037821528 -1.706224 -0.023276445
0.10824043 -2.4127798 -0.04480389
-0.00073597935 -1.2516451 -0.004697751
0.06123779 -1.9611962 -0.03182081
0.13796297 -2.6859396 -0.04931329
0.01879346 -1.4955347 -0.014457452
0.08733514 -2.2283375 -0.03936065
-0.01836087 -1.0226877 0.004821117
0.04099584 -1.7533293 -0.023805458
0.11614222 -2.5068433 -0.045618225
-0.00021386826 -1.2674973 -0.0051022763
0.06594356 -2.0242567 -0.03243409
0.1476728 -2.795983 -0.050279435
0.020638304 -1.5271839 -0.014949522
0.09368017 -2.3074508 -0.040066995
-0.018995631 -1.0228738 0.004505047
0.0442874 -1.8010236 -0.024373418
0.1242242 -2.6020424 -0.046432782
0.0003791778 -1.2834666 -0.005544127
0.07079731 -2.0881362 -0.033075497
0.15758236 -2.9072826 -0.05123215
0.02258869 -1.5592571 -0.015482652
0.10019965 -2.3875532 -0.040784452
-0.019577362 -1.0229294 0.004160019
0.047718473 -1.8494046 -0.024977889
0.13250042 -2.6983376 -0.04723875
0.001061284 -1.2996542 -0.006024178
0.07582098 -2.152899 -0.03374055
0.16769822 -3.0197244 -0.052160136
0.024665555 -1.5918618 -0.016056443
0.106912516 -2.468656 -0.04150589
-0.020091586 -1.0229324 0.0037852754
0.051311735 -1.8985658 -0.025616592
0.140984 -2.7956686 -0.048026048
0.0018504009 -1.3161601 -0.0065436303
0.081036784 -2.2186012 -0.034424316
0.17802535 -3.1331704 -0.05305074
0.026890188 -1.6251047 -0.016670862
0.11383739 -2.5507543 -0.042223137
-0.020524725 -1.022954 0.0033801664
0.05509049 -1.9485978 -0.026287166
0.14968677 -2.8939548 -0.04878334
0.0027643123 -1.3330827 -0.0071040043
0.086467244 -2.2852886 -0.035121072
0.1885668 -3.247457 -0.053890154
0.029284433 -1.6590929 -0.01732608
0.120992266 -2.6338243 -0.042926718
-0.020864304 -1.0230589 0.0029441365
0.05907889 -1.9995868 -0.026986819
0.15861896 -2.9930897 -0.04949807
0.0038206265 -1.3505198 -0.007707126
0.09213519 -2.3529937 -0.03582381
0.19932339 -3.362393 -0.05466371
0.031870876 -1.6939342 -0.018022226
0.12839414 -2.7178197 -0.043605607
-0.02109928 -1.0233041 0.0024767083
0.06330211 -2.051614 -0.027711745
0.16778852 -3.0929384 -0.05015666
0.0050367806 -1.3685696 -0.008355078
0.0980635 -2.4217315 -0.036523577
0.2102933 -3.4777603 -0.055356346
0.034673102 -1.7297369 -0.018758947
0.13605826 -2.8026655 -0.04424696
-0.021220375 -1.0237374 0.001977453
0.06778638 -2.1047506 -0.028456198
0.17720048 -3.1933367 -0.050744902
0.006430087 -1.3873302 -0.00905009
0.10427446 -2.4914916 -0.03720857
0.22147194 -3.5933166 -0.0559532
0.03771603 -1.7666084 -0.019534616
0.14399703 -2.8882527 -0.04483608
-0.02122054 -1.024395 0.0014459179
0.07255891 -2.1590514 -0.029211016
0.18685612 -3.294088 -0.05124872
0.008017942 -1.4068998 -0.009794279
0.110788524 -2.562229 -0.03786312
0.23285168 -3.7087972 -0.056440316
0.041026406 -1.8046498 -0.020344894
0.15221839 -2.9744325 -0.045356814
-0.021095335 -1.0252997 0.00088146026
0.07764725 -2.214542 -0.029961389
0.19675206 -3.3949668 -0.051655345
0.00981839 -1.4273754 -0.010589093
0.11762215 -2.6338496 -0.03846681
0.24442182 -3.8239233 -0.056805424
0.044633493 -1.8439484 -0.021180097
0.16072372 -3.0610125 -0.045792665
-0.020843202 -1.0264568 0.00028288754
0.083077766 -2.271199 -0.03068369
0.20687962 -3.495724 -0.05195481
0.011851533 -1.4488505 -0.01143403
0.12478428 -2.7061975 -0.038994305
0.25616825 -3.9384096 -0.05703874
0.048570108 -1.8845568 -0.022020413
0.16950563 -3.1477587 -0.046128858
-0.020465095 -1.0278517 -0.00035228307
0.08887235 -2.328919 -0.031341646
0.21722393 -3.596097 -0.052141502
0.014142765 -1.471408 -0.012323644
0.13227142 -2.7790394 -0.039416827
0.26807234 -4.051973 -0.057133622
0.052873656 -1.9264586 -0.022827486
0.17854564 -3.2344065 -0.046355106
-0.019962609 -1.0294448 -0.0010292793
0.095041916 -2.3874772 -0.031883232
0.2277626 -3.6958263 -0.05221521
0.016729882 -1.4951048 -0.01324023
0.14006175 -2.8520644 -0.039706286
0.28010762 -4.1643443 -0.057087164
0.057585895 -1.9695013 -0.023530863
0.1878122 -3.3206816 -0.046468046
-0.019331971 -1.0311686 -0.0017586823
0.10157538 -2.4464824 -0.03224193
0.23846175 -3.7946734 -0.052180998
0.019678066 -1.5199299 -0.014135599
0.14810988 -2.9249024 -0.03984166
0.29223174 -4.275278 -0.05690081
0.06274689 -2.0132828 -0.024010545
0.19725676 -3.4063327 -0.04647139
-0.01854702 -1.0329239 -0.0025596644
0.108424306 -2.5053558 -0.032347865
0.24926633 -3.8924437 -0.052047685
0.023109397 -1.5456961 -0.0148862945
0.15634207 -2.9971762 -0.039813947
0.30437115 -4.3845663 -0.056581225
0.06837165 -2.056989 -0.024088029
0.20680189 -3.4911695 -0.04637207
-0.01750839 -1.0345746 -0.0034545313
0.11548532 -2.5633829 -0.032149997
0.26007918 -3.9890053 -0.05182588
0.027251732 -1.5717502 -0.015192874
0.16463967 -3.068576 -0.039623052
0.31639838 -4.4920535 -0.056142177
0.07438586 -2.099271 -0.02356018
0.21630532 -3.5750928 -0.0461743
-0.01587535 -1.0358999 -0.004388346
0.12255929 -2.6198914 -0.031631507
0.2707279 -4.084316 -0.051529493
0.032461584 -1.5962548 -0.014412966
0.17275944 -3.1389408 -0.039267913
0.3281175 -4.597657 -0.0556098
0.080435 -2.138475 -0.022293843
0.22548811 -3.6581237 -0.04588409
-0.012279932 -1.0364336 -0.004597862
0.12911025 -2.6745236 -0.030800354
0.2809501 -4.178448 -0.051188067
0.038466614 -1.615041 -0.011546695
0.18014652 -3.2083187 -0.038772102
0.33931124 -4.7013817 -0.0550367
-0.011104187 -1.0783719 0.0014215825
-0.021449475 -1.106679 7.330803e-05
-0.0017685854 -1.3019577 -0.0019446446
0.019070636 -1.4779183 -0.0049067177
0.03752011 -1.6302088 -0.0085898405
0.033747513 -1.7336229 -0.009108676
0.051812842 -1.884698 -0.01219725
0.06743964 -2.014681 -0.015430153
0.07244798 -2.1727846 -0.016703894
0.087765336 -2.2997804 -0.019464033
0.10101684 -2.4086554 -0.022259714
0.11187215 -2.5007234 -0.02503174
0.12647136 -2.7200513 -0.026213009
0.1375658 -2.8095472 -0.028638816
0.14680453 -2.8845944 -0.031040069
0.16729136 -3.1428277 -0.032294676
0.17647335 -3.2149684 -0.03440557
0.18417245 -3.2746139 -0.03648565
0.19033988 -3.3225455 -0.038514543
0.21731372 -3.6233437 -0.039524313
0.22362942 -3.6692164 -0.041315433
0.22867337 -3.7048404 -0.043056894
0.25984606 -4.033735 -0.043996632
0.26493108 -4.067353 -0.045517538
0.2689487 -4.0919814 -0.046988342
0.27190548 -4.108109 -0.048402723
0.3079195 -4.4683228 -0.04908902
0.31101382 -4.4831924 -0.05029646
0.31320933 -4.4906034 -0.051450334
0.3524996 -4.871636 -0.05201955
0.35474995 -4.8779283 -0.05295957
0.35625902 -4.877758 -0.05384758
0.35704076 -4.871395 -0.054703556
0.40005544 -5.2758102 -0.054911517
0.40094545 -5.2693167 -0.055504154
0.40128523 -5.257522 -0.056106746
0.44681865 -5.6765347 -0.055941023
-0.16258286 -1.4192555 -0.2357549
-0.1602163 -1.3890529 -0.21097477
-0.16095775 -1.3803319 -0.19237664
-0.16156721 -1.398443 -0.2277949
-0.1601915 -1.3731167 -0.20505449
-0.16147846 -1.3747739 -0.18812758
-0.16081898 -1.3786623 -0.22041714
-0.16059454 -1.3606298 -0.19964361
-0.16278589 -1.3878427 -0.23944636
-0.16038279 -1.3605489 -0.21364589
-0.1614524 -1.3524117 -0.19468676
-0.16178952 -1.3679198 -0.2311978
-0.16031896 -1.3447825 -0.20747419
-0.16291587 -1.3495479 -0.19021471
-0.16102459 -1.3488501 -0.22351672
-0.16072041 -1.3321624 -0.20186628
-0.1629326 -1.3559911 -0.24322858
-0.16054016 -1.3312291 -0.2164431
-0.16174263 -1.3237692 -0.19677188
-0.16196293 -1.3367733 -0.23472224
-0.16040424 -1.3156867 -0.20998193
-0.16377938 -1.3215461 -0.19208217
-0.1611885 -1.3183043 -0.22674708
-0.16072987 -1.3029807 -0.20410529
-0.16824223 -1.3306719 -0.18625137
-0.1606531 -1.3011308 -0.21936828
-0.1617264 -1.2941998 -0.19875321
-0.16207753 -1.3051207 -0.23834
-0.16042048 -1.2858146 -0.21260259
-0.16386984 -1.2913511 -0.1937678
-0.16130504 -1.2871113 -0.23009677
-0.16060102 -1.2730284 -0.2064238
-0.16837159 -1.2991737 -0.1884058
-0.1607126 -1.2703154 -0.22242624
-0.16139711 -1.2637365 -0.20075859
-0.16213134 -1.2730607 -0.24203095
-0.16034763 -1.2552112 -0.21536154
-0.1632383 -1.2596601 -0.19542389
