-0.09764763 -1.2202538 0.113837235
-0.06611108 -1.7889485 0.109712645
-0.08345781 -1.5669641 0.12286749
-0.09756471 -0.8448913 0.1429376
-0.09708031 -1.2185701 0.11332435
-0.06618635 -1.7858611 0.10971396
-0.08348119 -1.5654031 0.12287281
-0.09762167 -0.8457632 0.14292723
-0.0961732 -1.1661321 0.11360653
-0.08339735 -1.0634598 0.11482524
-0.0793861 -0.9571614 0.11329825
-0.07843181 -0.8519986 0.11162784
-0.07188382 -0.8243565 0.112962976
-0.050699297 -1.2759734 0.117033124
-0.051402744 -1.5026004 0.13008204
-0.068643846 -1.3444701 0.14798063
-0.07181039 -0.8250335 0.113049835
-0.050659906 -1.2758178 0.117055036
-0.05128414 -1.5039043 0.13009699
-0.06850451 -1.3475875 0.14797802
-0.07178204 -0.8259705 0.11312472
-0.05062628 -1.2755044 0.1170764
-0.051174678 -1.5048759 0.1301011
-0.06837657 -1.3501796 0.14794777
-0.07180513 -0.82677376 0.11316993
-0.050589297 -1.275374 0.11709042
-0.051060654 -1.506228 0.13015506
-0.06824867 -1.3533772 0.1480727
-0.07189216 -0.8277569 0.113233134
-0.050558258 -1.2750611 0.1171244
-0.05095638 -1.5071723 0.1300913
-0.06813352 -1.3559018 0.14782025
-0.07199928 -0.8287816 0.113277964
-0.050522786 -1.2749575 0.11711915
-0.05084505 -1.5085738 0.13023916
-0.06801612 -1.3591797 0.14825676
-0.072083816 -0.8296925 0.1134155
-0.05049332 -1.2746406 0.117173396
-0.05074361 -1.5095015 0.130074
-0.06791196 -1.3616757 0.14766529
-0.07224271 -0.83065224 0.11339174
-0.05045653 -1.2745715 0.11715435
-0.05063302 -1.5109216 0.13027999
-0.067805566 -1.3649297 0.1483069
-0.07247753 -0.83169574 0.11340925
-0.05042193 -1.2742361 0.117195845
-0.050525617 -1.5118898 0.13019049
-0.06770869 -1.3675915 0.14794274
-0.07281288 -0.8174872 0.11176787
-0.07741269 -1.0695137 0.15416948
-0.058419935 -1.4953604 0.13999562
-0.04790219 -1.4397653 0.12310609
-0.05748431 -1.0865389 0.11508378
-0.061173026 -1.0379139 0.11557865
-0.048034545 -1.4231688 0.122055165
-0.055310506 -1.6105666 0.1384149
-0.08627535 -1.2935265 0.15333593
-0.09107867 -0.5698136 0.120941944
-0.13407667 -0.082483344 0.13783681
-0.18592548 0.40852305 0.15159856
-0.10472914 -0.40693778 0.1268552
-0.15054978 0.08172969 0.14286831
-0.12543863 -0.68230724 0.24426156
-0.1248143 -0.69676507 0.24398261
-0.12327296 -0.76548177 0.24438304
-0.12237776 -0.6775262 0.24286754
-0.12505329 -0.72844803 0.24286944
-0.1197846 -0.6401606 0.2415725
-0.07297635 -0.8110109 0.11158966
-0.06957163 -0.8198315 0.11268863
-0.07443116 -0.7909224 0.11013917
-0.0707984 -0.800242 0.112950616
-0.07570429 -0.77102304 0.110777535
-0.08160132 -0.6066312 0.120518915
-0.12350176 -0.11974848 0.13797142
-0.17484319 0.36323196 0.15123138
-0.07098279 -0.77929884 0.11391875
-0.07359612 -0.77523655 0.11261392
-0.27870074 -2.4865222 0.27935636
-0.1961358 -1.641456 0.25981796
-0.13099608 -0.74877733 0.24580702
-0.2050203 -1.6462169 0.26193234
-0.29367003 -2.5216334 0.28164318
-0.3566582 -3.1327243 0.2955399
-0.286149 -2.558304 0.28112167
-0.20247498 -1.7142917 0.26142514
-0.12793504 -0.8549742 0.24512057
-0.28604373 -2.5597289 0.28117648
-0.2024126 -1.7164067 0.26148608
-0.12578711 -0.85781986 0.24525613
-0.104938366 -0.4061573 0.12684001
-0.1507519 0.08258604 0.14287394
-0.07943663 -0.72857195 0.11265144
-0.11940307 -0.24308787 0.13245423
-0.16826798 0.24747556 0.1475239
-0.31697965 -2.8422065 0.2881955
-0.22866762 -1.9996718 0.26789087
-0.15783232 -1.1529951 0.24955605
-0.31682864 -2.8434486 0.2882575
-0.22856994 -2.0014715 0.26795042
-0.15811707 -1.1557521 0.24962224
-0.092209876 -0.5657763 0.12088554
-0.13486293 -0.07937648 0.13782525
-0.18682292 0.41276538 0.15168463
-0.1055704 -0.4039365 0.12678505
-0.15135361 0.08507135 0.14289238
-0.3494143 -3.1262157 0.295637
-0.2562685 -2.2836192 0.27457127
-0.17816032 -1.4414015 0.25556684
-0.3492377 -3.1272829 0.29573876
-0.25614253 -2.2852247 0.27462706
-0.17813416 -1.4439327 0.25563318
-0.08068538 -0.724221 0.112426125
-0.11998666 -0.24118623 0.13241887
-0.16889845 0.25021872 0.1475704
-0.09294207 -0.5638986 0.12077456
-0.13543892 -0.07736532 0.1378166
-0.18749382 0.41586405 0.15175597
-0.28534776 -2.5667262 0.28144938
-0.20208967 -1.7269236 0.26179966
-0.12833068 -0.8792718 0.24662514
-0.28519487 -2.5680785 0.2815034
-0.20203461 -1.7289642 0.26186252
-0.13005058 -0.8834154 0.24683227
-0.1061921 -0.4021844 0.1267163
-0.15194704 0.08742081 0.14291324
-0.081189826 -0.7206989 0.11207594
-0.120564744 -0.2392757 0.13237973
-0.16952544 0.25298187 0.14762105
-0.31600213 -2.8494742 0.2885641
-0.22804557 -2.0104992 0.26824635
-0.15470584 -1.1700703 0.25006858
-0.24253148 -2.780478 0.28774533
-0.17197892 -2.1061962 0.26902524
-0.11514641 -1.4384449 0.24806166
-0.34042537 -3.1861846 0.29912484
-0.31873524 -3.1563005 0.2979022
-0.29789734 -3.0987613 0.29555154
-0.27918577 -3.0473 0.29422835
-0.10042512 -1.1533295 0.2391241
-0.10810166 -1.0876919 0.239936
-0.11642435 -1.0131298 0.24179132
-0.12567852 -0.91369295 0.24485675
-0.09732359 -1.1601788 0.23881646
-0.10516456 -1.0979552 0.23927094
-0.11307855 -1.0253685 0.24083011
-0.122190215 -0.936858 0.24335583
-0.096679315 -1.1506693 0.2385326
-0.10445688 -1.08803 0.23896055
-0.11231613 -1.0147492 0.24050595
-0.12134222 -0.92534953 0.24300328
-0.0959631 -1.1411694 0.23824967
-0.10375295 -1.0781181 0.23865025
-0.11155938 -1.0041441 0.24018136
-0.12050343 -0.9138517 0.24264652
-0.09532759 -1.1316645 0.2379676
-0.10304536 -1.0682008 0.23833993
-0.1107886 -0.9935295 0.23985606
-0.119626045 -0.9023331 0.24228509
-0.094623655 -1.1221759 0.23768643
-0.10235696 -1.0583009 0.23802958
-0.110062264 -0.982937 0.23952983
-0.11885393 -0.8908422 0.24191839
-0.0939801 -1.1126763 0.2374063
-0.1016414 -1.0483918 0.23771924
-0.10926371 -0.97232807 0.23920235
-0.11789931 -0.8793157 0.24154545
-0.093303524 -1.1031982 0.23712781
-0.10097361 -1.0385021 0.23740911
-0.1085791 -0.9617433 0.23887324
-0.11722199 -0.86781985 0.24116492
-0.0926432 -1.0937082 0.23685294
-0.10025495 -1.0286062 0.23710038
-0.10776693 -0.9511524 0.23854282
-0.116224915 -0.85631585 0.24077584
-0.07763977 -0.79843307 0.11062348
-0.07920915 -0.8816901 0.11244409
-0.08088542 -0.98903054 0.114150174
-0.086909704 -1.0887219 0.11555902
-0.09055751 -1.1025908 0.11608587
-0.08274542 -1.0097965 0.114889175
-0.080003425 -0.90454876 0.11315389
-0.07914426 -0.80929923 0.111363664
-0.091602005 -1.0893642 0.11653337
-0.083434634 -1.0000248 0.11516065
-0.08051393 -0.89646316 0.113364816
-0.07948397 -0.8021399 0.111527085
-0.092398345 -1.0761542 0.11697916
-0.084078304 -0.99028313 0.11543196
-0.08112315 -0.8883851 0.113576695
-0.08018885 -0.79493004 0.11169221
-0.09342896 -1.0628824 0.117421895
-0.08476847 -0.9804831 0.115702875
-0.08165086 -0.8802919 0.11378933
-0.08057964 -0.7877972 0.11185992
-0.09430942 -1.0496504 0.11786227
-0.08543284 -0.9707117 0.115974
-0.08223976 -0.8721944 0.11400301
-0.08119077 -0.78058636 0.11203096
-0.09528699 -1.036364 0.11830103
-0.08611747 -0.96088815 0.116245955
-0.082798205 -0.8640839 0.11421805
-0.08168009 -0.7734452 0.1122059
-0.14032473 -0.6273134 0.12613504
-0.22351712 0.33178762 0.15002435
-0.31982604 1.2389712 0.17025375
-0.31678158 1.3070306 0.17699267
-0.268807 0.9892555 0.17059484
-0.23525219 0.75438845 0.1621792
-0.21325555 0.6144131 0.15625715
-0.08284004 -0.76203084 0.11266316
-0.08401523 -0.85191625 0.114740334
-0.087747075 -0.944739 0.116887316
-0.09782112 -1.0118064 0.11930451
-0.082305044 -0.7692143 0.11247799
-0.08343707 -0.86009824 0.11451966
-0.087053835 -0.9546821 0.11660835
-0.09683757 -1.025333 0.11884886
-0.085730314 -1.2136571 0.1156694
-0.09176427 -1.1599009 0.11524644
-0.08923791 -1.1642096 0.11581218
-0.09536034 -1.1103151 0.11514469
-0.09291256 -1.1144823 0.11598759
-0.09926108 -1.0612135 0.11561007
-0.10658613 -0.9478557 0.11800553
-0.21954381 0.22080997 0.14433466
-0.32639185 1.2176162 0.16555493
-0.31253734 1.1618273 0.16790234
-0.21580696 0.23837139 0.1471552
-0.13108306 -0.7572413 0.12195792
-0.28676412 0.9309228 0.16307326
-0.1929462 -0.0033810611 0.14126864
-0.3550155 1.5302553 0.1753191
-0.25383157 0.6221015 0.15628779
-0.16402255 -0.33186042 0.13292548
-0.31926396 1.225424 0.16946341
-0.22225331 0.3092482 0.14904553
-0.13756286 -0.669479 0.12425838
-0.28507024 0.9200286 0.1630831
-0.1920701 -0.0093514845 0.14133115
-0.3530396 1.5174695 0.17534979
-0.2523381 0.6124857 0.15627386
-0.16358332 -0.3350051 0.13290146
-0.31741154 1.2135124 0.16947334
-0.22101577 0.30119166 0.1490968
-0.13750055 -0.66944534 0.12483384
-0.28337243 0.9091457 0.1630777
-0.1911684 -0.015287627 0.14129369
-0.35105368 1.504663 0.17536452
-0.25083864 0.60284775 0.15628111
-0.16308042 -0.33825845 0.1330535
-0.24226604 -2.7801528 0.28774133
-0.17173703 -2.1061127 0.2690479
-0.11605019 -1.438695 0.24816012
-0.24199802 -2.7798338 0.28773746
-0.17149042 -2.1060388 0.26907125
-0.117218524 -1.4391018 0.24826406
-0.24172793 -2.7795167 0.28773358
-0.17124225 -2.1059663 0.26909456
-0.118154794 -1.4396865 0.24837048
-0.24145566 -2.7791958 0.28772968
-0.17099164 -2.105875 0.26911783
-0.11819055 -1.4400424 0.24847835
-0.2411812 -2.7788675 0.28772578
-0.17073846 -2.1057496 0.26914093
-0.11771425 -1.4399812 0.2485845
-0.24090442 -2.7785356 0.28772178
-0.17048346 -2.1056058 0.2691637
-0.11635358 -1.4396918 0.24868551
-0.240626 -2.7782054 0.28771776
-0.17022868 -2.105464 0.26918605
-0.11479623 -1.4395896 0.24878034
-0.24034509 -2.777882 0.28771347
-0.1699742 -2.105328 0.26920775
-0.113552004 -1.439646 0.24886674
-0.2400808 -2.7775588 0.2877092
-0.16973521 -2.1051922 0.26922834
-0.11251027 -1.4397371 0.24894263
-0.081663765 -1.1249032 0.23796548
-0.090238035 -1.1352931 0.23809056
-0.083558045 -1.1513422 0.23905928
-0.0893912 -1.1631054 0.2392688
-0.08530685 -1.177923 0.24011429
-0.09280995 -1.191155 0.24060318
-0.22743197 -2.7640676 0.2877028
-0.15717757 -2.0976222 0.26942274
-0.099 -1.4380947 0.2493388
-0.086953275 -0.42786703 0.15573269
-0.09861404 -0.36816433 0.15728004
-0.096015096 -0.29263604 0.15959981
-0.08870931 -0.18709448 0.16250278
-0.08647345 -0.38336363 0.15636614
-0.09825336 -0.3380639 0.15749891
-0.095428444 -0.26974133 0.15999529
-0.087692596 -0.16850902 0.16288976
-0.086214565 -0.3408218 0.15700619
-0.09783433 -0.30829793 0.15775248
-0.09481045 -0.24728028 0.1603868
-0.08666734 -0.15066706 0.16324928
-0.086132914 -0.2999237 0.15759268
-0.0973581 -0.27891415 0.15803503
-0.09416168 -0.22527437 0.16077702
-0.08563621 -0.13357943 0.16358894
-0.08615563 -0.26044047 0.15813261
-0.096826956 -0.24996662 0.15833876
-0.093484566 -0.20375015 0.16116536
-0.08460324 -0.11725644 0.16391294
-0.08622551 -0.22222114 0.1586272
-0.096242726 -0.22150528 0.15865955
-0.092780665 -0.18272942 0.16155255
-0.08357182 -0.101700924 0.16422571
-0.08629963 -0.18516184 0.15908372
-0.09560789 -0.19357878 0.15899482
-0.092051744 -0.16223347 0.16193876
-0.0825455 -0.086912714 0.16453072
-0.08634977 -0.14919427 0.15950887
-0.09492532 -0.16623296 0.15934354
-0.091299355 -0.14228225 0.16232437
-0.08152756 -0.07288814 0.16483115
-0.086358055 -0.11427265 0.15990956
-0.09419847 -0.13951074 0.15970531
-0.09052502 -0.12289486 0.16270977
-0.08052108 -0.05962071 0.1651298
-0.086314276 -0.08036747 0.16029203
-0.09343132 -0.113451414 0.16008013
-0.08973037 -0.10408956 0.16309547
-0.07952878 -0.04710137 0.16542928
-0.08621315 -0.047460247 0.16066188
-0.09262811 -0.08809043 0.16046801
-0.08891698 -0.08588367 0.16348207
-0.07855294 -0.03531907 0.16573197
-0.08605273 -0.015540665 0.16102397
-0.09179326 -0.063459255 0.16086887
-0.08808653 -0.06829372 0.16387025
-0.07759536 -0.024261294 0.16604
-0.0858332 0.015396038 0.16138257
-0.09093118 -0.039585285 0.16128251
-0.08724074 -0.05133524 0.16426077
-0.07665738 -0.0139145125 0.16635528
-0.085556135 0.045350388 0.16174132
-0.09004613 -0.016492106 0.16170862
-0.08638138 -0.035022866 0.16465448
-0.07573989 -0.0042647584 0.16667946
-0.08522395 0.07431997 0.16210335
-0.089142144 0.0058002337 0.1621468
-0.085510276 -0.019370217 0.16505225
-0.074843414 0.004701996 0.16701391
-0.08483975 0.10230024 0.16247137
-0.08822301 0.027274827 0.16259666
-0.08462936 -0.0043899273 0.16545497
-0.073968194 0.012999451 0.16735983
-0.08440683 0.12928523 0.16284764
-0.08729212 0.047917563 0.16305774
-0.08374051 0.009906424 0.16586354
-0.07311418 0.02064074 0.16771819
-0.08392884 0.15526812 0.16323404
-0.08635261 0.0677167 0.16352972
-0.08284573 0.023508308 0.16627888
-0.07228119 0.027638217 0.16808972
-0.083409525 0.18024155 0.16363218
-0.085407324 0.086662486 0.16401228
-0.08194701 0.036406238 0.16670185
-0.07146894 0.034003336 0.16847503
-0.08285264 0.20419806 0.16404338
-0.084458746 0.104746826 0.1645052
-0.081046306 0.048591778 0.1671333
-0.07067707 0.039746586 0.1688746
-0.08226202 0.22713035 0.16446868
-0.0835092 0.12196306 0.16500834
-0.08014563 0.06005757 0.167574
-0.06990522 0.044877492 0.16928878
-0.081641465 0.24903145 0.16490889
-0.08256079 0.13830566 0.16552164
-0.07924694 0.07079725 0.16802475
-0.069153056 0.04940461 0.16971782
-0.08099475 0.26989484 0.16536468
-0.08161545 0.15376997 0.1660451
-0.078352176 0.08080543 0.1684862
-0.06842027 0.053335566 0.1701619
-0.08032553 0.28971463 0.16583651
-0.08067496 0.16835223 0.16657881
-0.077463225 0.09007768 0.16895899
-0.06770663 0.056677148 0.17062114
-0.07963749 0.3084856 0.16632475
-0.079741076 0.18204926 0.1671229
-0.07658196 0.098610476 0.16944371
-0.06701199 0.05943535 0.17109565
-0.07893413 0.3262034 0.1668296
-0.07881539 0.1948586 0.16767755
-0.07571018 0.10640116 0.16994087
-0.06633625 0.061615482 0.17158547
-0.07821888 0.34286427 0.1673512
-0.07789948 0.20677815 0.16824295
-0.074849606 0.11344782 0.17045096
-0.06567942 0.06322221 0.17209063
-0.07749509 0.35846546 0.16788961
-0.0769949 0.21780641 0.16881931
-0.07400192 0.11974934 0.17097433
-0.06504158 0.064259656 0.17261115
-0.07676599 0.37300482 0.16844481
-0.07610316 0.22794227 0.1694069
-0.07316875 0.12530524 0.17151138
-0.06442288 0.06473149 0.173147
-0.07603469 0.38648108 0.16901675
-0.07522572 0.23718503 0.17000596
-0.07235161 0.13011569 0.1720624
-0.06382356 0.064640984 0.17369819
-0.07530423 0.3988937 0.16960533
-0.07436409 0.24553442 0.17061673
-0.07155202 0.13418138 0.17262766
-0.06324391 0.06399106 0.17426467
-0.0745775 0.41024292 0.17021042
-0.07351973 0.25299057 0.17123947
-0.07077139 0.13750355 0.17320736
-0.0626843 0.06278442 0.17484643
-0.07385736 0.42052966 0.17083184
-0.07269412 0.25955397 0.17187436
-0.070011094 0.14008388 0.17380168
-0.06214513 0.061023504 0.17544341
-0.07314649 0.42975563 0.17146948
-0.07188871 0.26522556 0.17252167
-0.06927243 0.14192447 0.17441079
-0.061626885 0.05871063 0.1760556
-0.072447546 0.43792304 0.1721231
-0.07110496 0.27000663 0.17318158
-0.068556674 0.1430278 0.17503479
-0.061130073 0.055848002 0.17668292
-0.07176305 0.4450349 0.17279254
-0.07034433 0.2738989 0.17385425
-0.06786504 0.14339668 0.17567377
-0.060655247 0.052437756 0.17732532
-0.071095444 0.45109478 0.1734776
-0.06960825 0.27690446 0.1745399
-0.067198694 0.1430342 0.1763278
-0.060203 0.04848197 0.17798275
-0.07044711 0.45610684 0.17417808
-0.06889816 0.2790258 0.17523861
-0.06655878 0.14194378 0.1769969
-0.059773944 0.043982763 0.17865512
-0.06982033 0.46007577 0.17489377
-0.06821547 0.28026578 0.17595053
-0.065946385 0.14012903 0.17768113
-0.059368722 0.038942255 0.17934239
-0.06921731 0.46300685 0.17562447
-0.06756158 0.28062767 0.17667578
-0.06536259 0.13759384 0.17838047
-0.058987994 0.03336261 0.18004444
-0.06864019 0.46490586 0.17637
-0.0669379 0.28011507 0.17741443
-0.064808436 0.13434227 0.17909493
-0.05863244 0.027246093 0.18076123
-0.068091035 0.4657791 0.17713013
-0.06634578 0.27873203 0.17816654
-0.06428493 0.13037863 0.17982446
-0.05830276 0.020595077 0.18149263
-0.06757184 0.46563333 0.1779047
-0.06578658 0.27648288 0.17893216
-0.06379307 0.12570736 0.18056905
-0.057999644 0.013411944 0.18223856
-0.06708454 0.46447575 0.17869346
-0.06526161 0.27337238 0.17971131
-0.06333383 0.12033321 0.18132862
-0.057723798 0.005699374 0.1829989
-0.06663101 0.462314 0.17949626
-0.06477218 0.2694055 0.18050404
-0.062908165 0.114260934 0.18210317
-0.057475943 -0.0025400454 0.18377355
-0.06621305 0.45915624 0.18031289
-0.064319566 0.26458776 0.1813103
-0.06251702 0.10749566 0.18289259
-0.05725678 -0.0113033345 0.18456239
-0.0658324 0.45501092 0.18114315
-0.06390502 0.2589248 0.18213011
-0.062161304 0.10004253 0.18369682
-0.057067025 -0.02058759 0.18536527
-0.06549075 0.44988698 0.18198685
-0.06352977 0.25242275 0.18296343
-0.061841942 0.09190701 0.18451576
-0.056907386 -0.03038956 0.18618208
-0.065189734 0.4437936 0.1828438
-0.063195 0.24508789 0.18381022
-0.061559826 0.08309461 0.18534936
-0.056778558 -0.040706027 0.18701267
-0.06493091 0.43674046 0.18371381
-0.06290188 0.23692688 0.18467043
-0.06131583 0.07361113 0.1861975
-0.056681223 -0.05153347 0.18785687
-0.06471582 0.42873755 0.18459669
-0.06265157 0.22794673 0.18554403
-0.06111085 0.06346259 0.18706009
-0.056616098 -0.06286819 0.18871455
-0.06454589 0.41979522 0.18549223
-0.062445153 0.21815458 0.18643093
-0.060945716 0.052655112 0.18793702
-0.05658382 -0.074706435 0.1895855
-0.06442253 0.40992403 0.18640025
-0.062283717 0.20755795 0.18733107
-0.060821272 0.041195054 0.18882817
-0.056585055 -0.08704424 0.19046958
-0.06434713 0.39913502 0.18732056
-0.06216834 0.19616465 0.1882444
-0.060738385 0.029089073 0.18973345
-0.056620475 -0.09987741 0.19136658
-0.06432096 0.38743937 0.18825297
-0.06210003 0.18398263 0.18917085
-0.06069784 0.016343912 0.19065271
-0.056690678 -0.11320171 0.19227631
-0.06434526 0.37484863 0.1891973
-0.06207979 0.17102021 0.19011034
-0.06070046 0.0029666724 0.19158585
-0.0567963 -0.12701264 0.19319856
-0.06442125 0.36137465 0.19015335
-0.062108602 0.15728593 0.19106281
-0.06074704 -0.0110353585 0.19253273
-0.056937937 -0.14130557 0.19413313
-0.06455005 0.34702945 0.19112094
-0.06218739 0.14278856 0.1920282
-0.06083833 -0.025654657 0.19349322
-0.05711615 -0.15607578 0.19507977
-0.06473277 0.33182532 0.19209987
-0.062317092 0.12753712 0.19300646
-0.060975116 -0.040883444 0.19446716
-0.05733152 -0.17131837 0.19603826
-0.064970426 0.31577477 0.19308998
-0.06249858 0.11154083 0.19399753
-0.061158117 -0.056713674 0.19545442
-0.057584565 -0.18702833 0.19700836
-0.06526405 0.29889056 0.19409108
-0.062732756 0.09480922 0.19500141
-0.061388075 -0.073137045 0.19645485
-0.05787582 -0.20320052 0.19798979
-0.06561458 0.2811857 0.19510303
-0.06302045 0.07735211 0.19601806
-0.0616657 -0.09014487 0.19746828
-0.05820579 -0.21982959 0.1989823
-0.0660229 0.2626732 0.19612564
-0.06336249 0.059179395 0.19704746
-0.06199164 -0.10772838 0.19849454
-0.05857493 -0.23691028 0.1999856
-0.06648988 0.24336639 0.1971588
-0.063759685 0.040301338 0.19808963
-0.062366575 -0.12587841 0.19953348
-0.058983706 -0.25443715 0.20099942
-0.06701631 0.22327878 0.19820234
-0.0642128 0.02072854 0.19914463
-0.06279112 -0.14458542 0.20058487
-0.059432533 -0.27240455 0.20202343
-0.067603 0.20242397 0.19925617
-0.064722635 0.0004717935 0.2002125
-0.06326589 -0.16383967 0.20164856
-0.059921846 -0.29080692 0.20305735
-0.068250634 0.18081574 0.20032015
-0.065289915 -0.020457804 0.20129329
-0.06379144 -0.18363112 0.20272432
-0.060452007 -0.3096386 0.20410082
-0.06895995 0.15846778 0.20139425
-0.065915406 -0.042048987 0.20238717
-0.06436832 -0.20394954 0.20381194
-0.061023403 -0.328894 0.20515352
-0.06973157 0.13539429 0.20247838
-0.066599816 -0.064289816 0.20349425
-0.06499702 -0.22478414 0.20491116
-0.061636362 -0.34856716 0.20621508
-0.07056616 0.111609206 0.20357254
-0.067343906 -0.08716831 0.20461471
-0.065678 -0.24612412 0.20602176
-0.06229123 -0.36865252 0.20728515
-0.07146431 0.08712669 0.20467676
-0.06814837 -0.11067204 0.20574877
-0.06641167 -0.26795834 0.20714344
-0.062988296 -0.38914427 0.20836331
-0.072426595 0.06196097 0.20579107
-0.06901393 -0.1347881 0.20689666
-0.06719839 -0.29027542 0.20827593
-0.06372786 -0.41003677 0.20944914
-0.07345358 0.03612648 0.20691559
-0.06994133 -0.15950301 0.2080587
-0.06803848 -0.31306365 0.20941888
-0.064510204 -0.43132415 0.21054222
-0.07454587 0.009637479 0.20805049
-0.070931315 -0.18480307 0.20923522
-0.06893222 -0.33631134 0.21057197
-0.06533562 -0.45300093 0.21164206
-0.07570397 -0.01749141 0.20919596
-0.07198463 -0.21067363 0.21042657
-0.0698798 -0.3600064 0.21173483
-0.06620433 -0.4750613 0.21274815
-0.07692844 -0.045245633 0.21035232
-0.07310203 -0.23709965 0.21163318
-0.07088137 -0.38413668 0.21290702
-0.06711662 -0.49749967 0.21385995
-0.078219876 -0.07361069 0.21151993
-0.074284345 -0.2640654 0.21285549
-0.07193705 -0.40869018 0.21408811
-0.06807278 -0.5203107 0.21497683
-0.07957879 -0.10257154 0.21269922
-0.07553235 -0.291554 0.21409394
-0.07304683 -0.43365443 0.21527757
-0.06907304 -0.5434885 0.21609814
-0.081005804 -0.13211362 0.21389073
-0.076846875 -0.31954822 0.215349
-0.07421073 -0.45901743 0.21647486
-0.070117705 -0.5670279 0.21722315
-0.082501516 -0.16222169 0.2150951
-0.07822878 -0.34802926 0.21662112
-0.07542867 -0.48476672 0.21767934
-0.071207106 -0.5909232 0.218351
-0.08406651 -0.19288078 0.21631305
-0.079678856 -0.37697762 0.21791068
-0.07670052 -0.5108904 0.21889028
-0.072341554 -0.61516887 0.21948083
-0.08570138 -0.22407576 0.21754543
-0.0811979 -0.40637267 0.219218
-0.07802611 -0.53737664 0.22010684
-0.0735214 -0.63975924 0.22061156
-0.08740678 -0.25579128 0.21879321
-0.082786664 -0.43619233 0.22054324
-0.07940525 -0.56421345 0.22132803
-0.074747056 -0.6646885 0.22174205
-0.08918321 -0.28801224 0.22005746
-0.084445715 -0.4664137 0.22188634
-0.08083765 -0.59138966 0.22255273
-0.07601891 -0.68995076 0.22287104
-0.091031246 -0.32072333 0.22133942
-0.08617556 -0.49701247 0.22324698
-0.082323104 -0.6188939 0.22377956
-0.0773374 -0.71553963 0.22399706
-0.092951305 -0.35390985 0.22264047
-0.08797645 -0.52796364 0.22462443
-0.083861314 -0.64671564 0.22500685
-0.07870297 -0.7414487 0.22511856
-0.09494361 -0.38755703 0.22396217
-0.08984831 -0.559241 0.22601746
-0.08545194 -0.674844 0.22623263
-0.080115974 -0.7676707 0.22623378
-0.097008206 -0.42165154 0.22530638
-0.09179085 -0.5908188 0.2274243
-0.08709467 -0.7032694 0.2274545
-0.081576765 -0.79419845 0.22734085
-0.099144705 -0.4561807 0.22667517
-0.09380342 -0.62267053 0.22884227
-0.08878918 -0.73198193 0.22866951
-0.083085574 -0.821024 0.2284377
-0.10135236 -0.49113426 0.22807153
-0.095885105 -0.65477115 0.23026776
-0.090535074 -0.76097274 0.22987415
-0.08464249 -0.84813935 0.22952214
-0.1036294 -0.52650493 0.22949885
-0.09803479 -0.6870961 0.23169568
-0.092331946 -0.79023296 0.23106426
-0.08624746 -0.87553585 0.23059176
-0.10597439 -0.56228924 0.23096512
-0.100251265 -0.7196229 0.23311868
-0.094179235 -0.8197545 0.23223488
-0.08790021 -0.903205 0.23164393
-0.10838373 -0.5984964 0.23247813
-0.10253334 -0.7523312 0.23452632
-0.09607638 -0.8495298 0.23338072
-0.089600384 -0.93113846 0.23267603
-0.11086396 -0.63514066 0.23407713
-0.10487964 -0.7852035 0.23590197
-0.098022334 -0.8795524 0.23449527
-0.0913474 -0.95932823 0.2336849
-0.113421254 -0.6722971 0.23578548
-0.10728904 -0.8182201 0.23722336
-0.10001671 -0.90981305 0.23557377
-0.09314111 -0.98776627 0.23466882
-0.11616429 -0.7100991 0.23790964
-0.10975672 -0.8513821 0.23846415
-0.10205661 -0.94031405 0.23661077
-0.09498048 -1.0164478 0.23562464
-0.08732518 -0.449421 0.15782274
-0.110500395 -0.45574355 0.160324
-0.10298869 -0.33893892 0.16167055
-0.09267307 -0.23488697 0.16149527
-0.11139058 -0.21841496 0.16247253
-0.10290454 -0.121640235 0.16265705
-0.09447065 -0.04071237 0.16245203
-0.08830203 0.024743468 0.16219246
-0.10110919 0.07791186 0.1630479
-0.09376058 0.13641821 0.16333558
-0.08787624 0.18245451 0.1636749
-0.09774557 0.25579855 0.16396905
-0.091291696 0.29303703 0.1646946
-0.08581481 0.32024208 0.16547056
-0.081569865 0.33849376 0.16634259
-0.08791546 0.4254468 0.16666709
-0.08287343 0.43494716 0.16775426
-0.078713186 0.43698034 0.16890907
-0.084322885 0.53137004 0.16920848
-0.07969184 0.5244351 0.17053212
-0.075766034 0.5112019 0.17190842
-0.07257071 0.49216926 0.1733507
-0.07675148 0.5875898 0.17376316
-0.073134914 0.5601119 0.17532417
-0.070164956 0.52767694 0.17693743
-0.07441272 0.62402964 0.17740494
-0.071159266 0.5833433 0.17912738
-0.068511516 0.5384516 0.1808924
-0.066447005 0.48964787 0.18270545
-0.07012227 0.5810626 0.18328932
-0.067866035 0.52470285 0.18519105
-0.066177435 0.46506092 0.18713251
-0.07026694 0.5538948 0.1877835
-0.068453036 0.48709863 0.18980792
-0.06719801 0.4175986 0.19186571
-0.066471905 0.34557873 0.19396138
-0.07046883 0.42675847 0.1947172
-0.06967871 0.3484137 0.1968784
-0.06942446 0.2680055 0.19907428
-0.07408539 0.34528664 0.19989368
-0.07375711 0.2591344 0.20214428
-0.073983185 0.1712688 0.20443092
-0.074737184 0.08178381 0.20676489
-0.07953158 0.15191916 0.20764351
-0.08020041 0.057489567 0.21001637
-0.081492074 -0.03841221 0.21245168
-0.08704522 0.029476963 0.21338308
-0.08803621 -0.07068821 0.21585897
-0.089873984 -0.17233412 0.21842824
-0.0924349 -0.27528322 0.22110164
-0.09725591 -0.21036254 0.22214839
-0.09963539 -0.31694025 0.22497265
-0.103257716 -0.42481413 0.22786523
-0.10717439 -0.35991544 0.22955385
-0.10998031 -0.4700042 0.23308462
-0.114764646 -0.58041424 0.2366186
-0.05173507 -0.034924936 0.16165671
-0.058827735 -0.049054008 0.16098137
-0.054805987 -0.026429946 0.16182895
-0.05096288 -0.0056932378 0.16285402
-0.057510268 -0.010619742 0.16237825
-0.053742267 0.0032226094 0.16334264
-0.04988295 0.01602802 0.16461642
-0.04609644 0.028368464 0.16595659
-0.05262795 0.022310412 0.16556588
-0.04880928 0.028010562 0.16690682
-0.044913135 0.0331377 0.16841105
-0.051829997 0.031020222 0.16811055
-0.04802833 0.029929938 0.16950518
-0.044130675 0.028131254 0.17108916
-0.04015117 0.025929986 0.17268188
-0.04764617 0.022380421 0.17231183
-0.04380758 0.013792245 0.17397572
-0.039877128 0.0047980165 0.17570704
-0.047672883 0.006011781 0.17532466
-0.043970097 -0.009328059 0.17707358
-0.040178068 -0.024911152 0.17891292
-0.036321167 -0.040768307 0.18070278
-0.044620823 -0.040803425 0.18038975
-0.04103686 -0.06280971 0.1823416
-0.037373815 -0.08484139 0.18429898
-0.04575586 -0.08039199 0.18395884
-0.04245011 -0.10866081 0.18601395
-0.0390623 -0.13662276 0.18810263
-0.035609778 -0.16446002 0.1901125
-0.044426788 -0.16237046 0.18993711
-0.04136971 -0.19602382 0.19214804
-0.038237806 -0.2291938 0.19433069
-0.046985716 -0.2239567 0.19412933
-0.04430534 -0.26305085 0.19643745
-0.04155351 -0.30128822 0.19874506
-0.03871538 -0.33889326 0.20095956
-0.047894705 -0.33776987 0.2009622
-0.045558996 -0.38080087 0.20337084
-0.04314946 -0.42284876 0.20573
-0.05217644 -0.42026797 0.20571356
-0.050279014 -0.4678025 0.20818216
-0.04832545 -0.5140325 0.21062303
-0.04626903 -0.559181 0.21295978
-0.05575061 -0.5623415 0.21315041
-0.054268144 -0.61247444 0.2156302
-0.052719153 -0.66127497 0.21804105
-0.062024184 -0.66441613 0.21824017
-0.061017305 -0.71814597 0.22070017
-0.059970867 -0.770335 0.22311054
-0.058845073 -0.82117945 0.2254198
-0.068604745 -0.83096987 0.22580032
-0.06805934 -0.88623786 0.22817594
-0.06750042 -0.9398837 0.23051456
-0.07707254 -0.95090115 0.23088801
-0.07704357 -1.0089526 0.23323888
-0.07703735 -1.0647004 0.23561166
-0.0724781 -0.14204267 0.16044009
-0.06721981 -0.120023295 0.16002013
-0.07481065 -0.17982712 0.15859619
-0.08100045 -0.2484108 0.1571328
-0.076630004 -0.22239858 0.1573205
-0.08263243 -0.29936597 0.15553512
-0.08738128 -0.37999398 0.1537782
-0.091253385 -0.46245453 0.15201078
-0.088530526 -0.44612783 0.15198009
-0.091891155 -0.53330547 0.1500668
-0.09448988 -0.61927855 0.14818707
-0.092368364 -0.61504877 0.14800878
-0.09447664 -0.70388055 0.14602469
-0.095970385 -0.78927773 0.1440937
-0.09693427 -0.8706587 0.14221098
-0.09511256 -0.886428 0.14175156
-0.095694564 -0.9676326 0.1398154
-0.0958455 -1.0434077 0.13793689
-0.09385026 -1.075282 0.13734913
-0.093741275 -1.1491508 0.1354463
-0.0932946 -1.2165213 0.1336067
-0.09252164 -1.277252 0.13183318
-0.09025917 -1.3285179 0.13107778
-0.089436896 -1.3850348 0.12931155
-0.08837255 -1.4342333 0.12761544
-0.08544815 -1.5004139 0.12679905
-0.08448949 -1.5439415 0.12514254
-0.083363004 -1.5797024 0.12355959
-0.08207036 -1.6077961 0.12205539
-0.078720994 -1.6882187 0.12119219
-0.077767275 -1.7089103 0.11976174
-0.07672594 -1.7217997 0.118413374
-0.07244263 -1.8128043 0.11755633
-0.07190463 -1.8170516 0.11632229
-0.07135626 -1.8135959 0.11517403
-0.07078476 -1.8027623 0.11411523
-0.06613529 -1.8992102 0.11334858
-0.06631666 -1.8785322 0.11245186
-0.066577666 -1.8509359 0.111646324
-0.06086048 -1.9502695 0.11095946
-0.06198801 -1.9117581 0.11037683
-0.06333928 -1.8671013 0.10988779
-0.06482893 -1.8168763 0.10947499
-0.058775492 -1.9080864 0.10910497
-0.061431617 -1.846433 0.10901609
-0.06449845 -1.7805021 0.10897971
-0.05714325 -1.8617774 0.108830616
-0.061197083 -1.783637 0.109253444
-0.0660855 -1.7030442 0.10968862
-0.07156048 -1.6203345 0.10998556
-0.06311223 -1.6728584 0.110803604
-0.06962144 -1.5791569 0.111803204
-0.07765398 -1.48523 0.1125576
-0.06851619 -1.5094666 0.11339112
-0.07587164 -1.4037359 0.11467969
-0.0846421 -1.2980502 0.11585879
-0.08604798 -0.671946 0.15926339
-0.09939413 -0.5221147 0.15670165
-0.09837974 -0.41304952 0.1575502
-0.09345288 -0.2910092 0.15981333
-0.0849266 -0.71556437 0.15905687
-0.099325866 -0.55314523 0.15661313
-0.098726094 -0.4381162 0.15711589
-0.09429413 -0.3138507 0.15915474
-0.08398549 -0.75696373 0.1587187
-0.09918189 -0.58412534 0.1565039
-0.09902739 -0.46343607 0.15667023
-0.095090576 -0.33730793 0.15847875
-0.08319529 -0.7964926 0.15832019
-0.09896361 -0.6150145 0.15636584
-0.09928196 -0.48899218 0.15621273
-0.09583919 -0.3613621 0.15779094
-0.08251466 -0.83437943 0.15791382
-0.09867281 -0.6457613 0.15619482
-0.099489406 -0.51475954 0.1557432
-0.09653794 -0.38598505 0.15709382
-0.08190099 -0.87079376 0.157506
-0.09831177 -0.6763114 0.15598805
-0.09964934 -0.54071194 0.1552611
-0.09718482 -0.41114587 0.15638897
-0.081322126 -0.90585476 0.15709715
-0.09788314 -0.7066102 0.15574397
-0.09976147 -0.5668211 0.1547662
-0.09777794 -0.43681026 0.15567757
-0.080754876 -0.93965125 0.15668368
-0.09739028 -0.7366053 0.15546168
-0.09982569 -0.59305805 0.15425828
-0.0983158 -0.46294168 0.15496053
-0.08018354 -0.97224915 0.15626203
-0.09683713 -0.7662469 0.15514095
-0.09984195 -0.6193931 0.15373717
-0.09879725 -0.48950192 0.15423854
-0.07959785 -1.0036988 0.15582895
-0.09622816 -0.7954889 0.15478206
-0.099810325 -0.64579636 0.15320271
-0.09922153 -0.5164518 0.15351212
-0.07899146 -1.0340393 0.15538192
-0.09556819 -0.8242892 0.15438583
-0.09973097 -0.6722375 0.15265478
-0.099588275 -0.5437515 0.15278159
-0.07836073 -1.0633006 0.15491898
-0.094862245 -0.85261005 0.15395355
-0.09960414 -0.6986861 0.15209329
-0.09989743 -0.571361 0.15204716
-0.07770395 -1.0915072 0.15443873
-0.09411532 -0.8804183 0.15348685
-0.09943016 -0.7251115 0.15151817
-0.10014917 -0.59924054 0.15130885
-0.0770208 -1.1186785 0.15394025
-0.093332335 -0.9076851 0.15298766
-0.09920957 -0.75148284 0.1509294
-0.10034397 -0.62735057 0.15056665
-0.07631191 -1.1448306 0.15342297
-0.09251795 -0.93438554 0.15245812
-0.09894301 -0.77776945 0.15032706
-0.100482464 -0.6556518 0.14982049
-0.07557846 -1.1699768 0.15288658
-0.09167635 -0.9604985 0.15190037
-0.098631166 -0.8039406 0.14971118
-0.10056529 -0.68410575 0.14907023
-0.074822195 -1.1941288 0.15233111
-0.09081145 -0.98600614 0.15131661
-0.09827494 -0.8299658 0.14908192
-0.1005933 -0.7126743 0.14831574
-0.07404514 -1.2172966 0.15175675
-0.0899267 -1.0108932 0.150709
-0.09787536 -0.85581464 0.14843948
-0.10056737 -0.74131984 0.14755693
-0.07324951 -1.2394896 0.15116389
-0.089025155 -1.0351471 0.15007961
-0.09743351 -0.8814573 0.14778414
-0.1004884 -0.77000535 0.14679368
-0.07243774 -1.2607162 0.15055309
-0.08810959 -1.0587567 0.1494304
-0.09695074 -0.90686435 0.14711624
-0.10035747 -0.7986944 0.14602597
-0.071612254 -1.2809849 0.14992501
-0.08718235 -1.0817131 0.14876318
-0.096428394 -0.9320068 0.1464362
-0.10017558 -0.8273509 0.14525379
-0.07077551 -1.3003035 0.14928041
-0.086245514 -1.1040081 0.14807966
-0.09586793 -0.95685625 0.14574444
-0.099943794 -0.8559394 0.14447716
-0.06993002 -1.3186803 0.14862019
-0.08530101 -1.1256349 0.14738142
-0.095271 -0.981385 0.14504153
-0.09966333 -0.88442487 0.14369619
-0.06907819 -1.3361232 0.14794526
-0.08435046 -1.1465874 0.14666994
-0.094639204 -1.0055662 0.144328
-0.09933534 -0.9127729 0.142911
-0.068222426 -1.3526406 0.14725661
-0.08339541 -1.1668599 0.14594656
-0.09397432 -1.0293736 0.14360452
-0.098961115 -0.94094926 0.14212179
-0.06736508 -1.368241 0.1465553
-0.082437284 -1.1864475 0.14521259
-0.093278185 -1.0527818 0.14287172
-0.09854203 -0.9689205 0.14132881
-0.06650834 -1.3829329 0.14584234
-0.081477344 -1.2053459 0.14446919
-0.09255259 -1.0757662 0.14213032
-0.098079406 -0.9966536 0.14053233
-0.06565439 -1.3967255 0.14511883
-0.08051687 -1.2235506 0.14371748
-0.09179945 -1.0983031 0.14138104
-0.09757475 -1.0241159 0.13973266
-0.06480531 -1.4096279 0.14438586
-0.07955705 -1.2410575 0.14295855
-0.0910207 -1.1203696 0.14062467
-0.097029574 -1.0512754 0.13893019
-0.06396306 -1.4216496 0.14364448
-0.07859906 -1.2578634 0.1421934
-0.09021828 -1.1419436 0.13986199
-0.09644549 -1.0781006 0.13812532
-0.063129544 -1.4328002 0.1428958
-0.07764406 -1.2739645 0.14142303
-0.08939415 -1.1630039 0.13909377
-0.09582417 -1.1045604 0.13731846
-0.062306553 -1.4430897 0.14214088
-0.076693185 -1.2893575 0.14064835
-0.08855029 -1.1835303 0.13832085
-0.095167324 -1.1306244 0.1365101
-0.061495803 -1.4525282 0.14138079
-0.075747594 -1.3040397 0.1398703
-0.08768867 -1.2035034 0.13754404
-0.09447676 -1.1562629 0.13570076
-0.060698923 -1.4611262 0.14061658
-0.07480843 -1.3180081 0.13908976
-0.08681126 -1.2229038 0.13676417
-0.093754336 -1.1814464 0.13489096
-0.059917472 -1.4688939 0.13984928
-0.07387688 -1.33126 0.1383076
-0.085920066 -1.2417142 0.13598207
-0.09300199 -1.2061465 0.13408124
-0.05915291 -1.4758422 0.13907988
-0.07295406 -1.343793 0.13752468
-0.08501702 -1.2599171 0.13519853
-0.092221655 -1.230335 0.13327222
-0.058406636 -1.481982 0.1383094
-0.07204118 -1.3556051 0.13674185
-0.0841041 -1.2774961 0.13441442
-0.09141538 -1.2539846 0.13246445
-0.057679992 -1.487324 0.1375388
-0.071139425 -1.3666945 0.13595992
-0.08318327 -1.2944353 0.13363053
-0.090585254 -1.2770684 0.13165858
-0.05697424 -1.4918795 0.13676906
-0.07024998 -1.3770592 0.13517971
-0.08225651 -1.3107198 0.13284768
-0.089733414 -1.2995605 0.13085526
-0.05629059 -1.4956596 0.13600108
-0.069374084 -1.386698 0.13440204
-0.08132576 -1.3263353 0.13206667
-0.08886206 -1.3214355 0.13005511
-0.055630177 -1.4986756 0.13523582
-0.06851292 -1.3956099 0.13362768
-0.08039296 -1.341268 0.13128829
-0.08797336 -1.3426687 0.12925883
-0.054994103 -1.5009388 0.13447413
-0.067667715 -1.4037937 0.13285744
-0.07946006 -1.3555049 0.13051334
-0.08706963 -1.3632358 0.12846707
-0.054383397 -1.5024608 0.13371693
-0.066839695 -1.411249 0.13209209
-0.07852901 -1.3690336 0.1297426
-0.086153135 -1.3831139 0.12768054
-0.053799048 -1.503253 0.13296506
-0.06603008 -1.4179755 0.13133235
-0.0776017 -1.3818424 0.12897679
-0.085226186 -1.4022802 0.12689991
-0.053241994 -1.5033271 0.13221934
-0.06524011 -1.4239733 0.13057901
-0.07668011 -1.3939202 0.12821671
-0.084291175 -1.4207128 0.12612592
-0.052713122 -1.5026946 0.13148065
-0.064471 -1.4292425 0.12983279
-0.07576615 -1.4052566 0.1274631
-0.083350495 -1.4383906 0.12535925
-0.052213285 -1.5013674 0.13074973
-0.063723974 -1.4337839 0.1290944
-0.074861735 -1.4158416 0.12671669
-0.0824065 -1.4552933 0.12460063
-0.051743276 -1.4993571 0.1300274
-0.06300025 -1.4375981 0.12836458
-0.07396878 -1.425666 0.1259782
-0.08146163 -1.471401 0.12385076
-0.051303852 -1.4966754 0.12931442
-0.062301055 -1.4406866 0.12764399
-0.07308923 -1.4347214 0.12524834
-0.08051835 -1.4866948 0.12311038
-0.05089574 -1.4933343 0.12861155
-0.061627585 -1.4430509 0.1269333
-0.07222497 -1.4429994 0.12452781
-0.079579085 -1.5011566 0.1223802
-0.05051961 -1.4893454 0.12791951
-0.060981054 -1.4446926 0.1262332
-0.071377926 -1.4504927 0.12381731
-0.0786463 -1.5147687 0.12166095
-0.050176106 -1.4847208 0.12723902
-0.06036265 -1.445614 0.1255443
-0.070549995 -1.4571948 0.12311752
-0.07772245 -1.5275145 0.12095334
-0.049865812 -1.4794722 0.12657078
-0.059773553 -1.4458176 0.12486721
-0.06974309 -1.4630995 0.12242911
-0.07681002 -1.5393777 0.1202581
-0.049589302 -1.4736115 0.12591545
-0.059214942 -1.4453062 0.124202535
-0.0689591 -1.468201 0.12175274
-0.07591146 -1.5503433 0.11957595
-0.04934709 -1.4671506 0.1252737
-0.05868798 -1.4440827 0.12355085
-0.068199925 -1.4724947 0.121089056
-0.07502923 -1.5603964 0.11890761
-0.04913966 -1.4601014 0.12464619
-0.058193814 -1.442151 0.12291268
-0.06746745 -1.4759762 0.12043871
-0.0741658 -1.5695233 0.11825378
-0.04896747 -1.4524755 0.12403352
-0.05773359 -1.4395144 0.12228856
-0.06676355 -1.4786422 0.11980233
-0.07332359 -1.5777107 0.1176152
-0.04883092 -1.444285 0.12343629
-0.057308428 -1.4361774 0.12167897
-0.06609009 -1.4804895 0.11918055
-0.07250504 -1.5849463 0.11699256
-0.04873039 -1.4355416 0.12285508
-0.056919444 -1.4321442 0.12108437
-0.06544894 -1.4815161 0.11857399
-0.07171255 -1.591218 0.116386585
-0.04866621 -1.426257 0.122290455
-0.05656773 -1.4274197 0.12050518
-0.06484194 -1.4817206 0.117983244
-0.07094854 -1.5965148 0.11579796
-0.04863869 -1.4164429 0.12174295
-0.056254376 -1.4220092 0.119941786
-0.06427094 -1.4811019 0.11740894
-0.070215374 -1.6008261 0.115227394
-0.048648108 -1.4061109 0.12121306
-0.055980455 -1.4159181 0.11939455
-0.06373776 -1.47966 0.11685166
-0.06951538 -1.6041421 0.11467559
-0.048694693 -1.3952725 0.120701276
-0.05574702 -1.4091524 0.118863784
-0.06324419 -1.4773957 0.116312
-0.06885089 -1.6064535 0.11414325
-0.04877865 -1.3839391 0.12020805
-0.055555113 -1.4017184 0.11834977
-0.06279202 -1.4743102 0.115790546
-0.06822419 -1.6077517 0.11363106
-0.04890017 -1.3721224 0.11973379
-0.055405773 -1.3936226 0.11785273
-0.062383015 -1.4704058 0.11528789
-0.067637555 -1.6080288 0.11313974
-0.049059384 -1.3598332 0.11927888
-0.05530001 -1.3848724 0.11737285
-0.0620189 -1.4656856 0.1148046
-0.06709321 -1.607277 0.112669975
-0.04925643 -1.347083 0.11884367
-0.05523883 -1.3754753 0.11691028
-0.06170138 -1.4601531 0.11434127
-0.06659335 -1.6054895 0.1122225
-0.049491398 -1.3338826 0.118428454
-0.055223238 -1.365439 0.1164651
-0.061432112 -1.4538128 0.11389843
-0.06614016 -1.60266 0.11179802
-0.049764365 -1.3202429 0.11803349
-0.055254214 -1.3547722 0.11603736
-0.061212715 -1.4466702 0.11347666
-0.06573579 -1.5987824 0.11139728
-0.050075393 -1.3061746 0.11765898
-0.055332735 -1.3434837 0.11562705
-0.061044753 -1.4387313 0.11307651
-0.06538236 -1.5938514 0.11102104
-0.050424542 -1.2916883 0.11730506
-0.055459794 -1.331583 0.1152341
-0.06092975 -1.4300032 0.11269853
-0.06508199 -1.587862 0.11067011
-0.05081184 -1.2767946 0.11697182
-0.05563635 -1.3190801 0.1148584
-0.060869146 -1.4204934 0.11234326
-0.064836785 -1.5808098 0.11034531
-0.051237322 -1.2615036 0.11665926
-0.055863384 -1.3059858 0.11449978
-0.06086433 -1.4102104 0.112011224
-0.06464887 -1.572691 0.11004752
-0.05170104 -1.2458255 0.11636731
-0.05614188 -1.2923112 0.11415802
-0.060916595 -1.3991634 0.11170295
-0.06452035 -1.563502 0.10977769
-0.05220302 -1.2297705 0.1160958
-0.056472804 -1.2780682 0.113832854
-0.061027154 -1.3873624 0.111418955
-0.06445341 -1.55324 0.10953683
-0.052743327 -1.2133484 0.115844496
-0.056857165 -1.2632695 0.11352397
-0.061197136 -1.3748178 0.11115976
-0.064450264 -1.5419029 0.10932606
-0.053322032 -1.196569 0.11561303
-0.057295945 -1.2479289 0.11323103
-0.061427563 -1.361541 0.11092586
-0.0645132 -1.5294889 0.109146565
-0.053939223 -1.1794423 0.11540093
-0.057790145 -1.2320606 0.11295368
-0.061719358 -1.3475436 0.110717796
-0.06464461 -1.5159978 0.10899971
-0.05459501 -1.1619779 0.11520762
-0.05834075 -1.21568 0.11269152
-0.06207333 -1.3328376 0.11053608
-0.06484699 -1.5014297 0.10888692
-0.055289537 -1.1441855 0.11503238
-0.05894876 -1.1988035 0.11244424
-0.062490214 -1.3174357 0.1103813
-0.06512303 -1.4857862 0.108809814
-0.056022953 -1.1260753 0.114874355
-0.059615113 -1.1814487 0.1122115
-0.06297059 -1.3013511 0.110254064
-0.06547551 -1.4690703 0.10877015
-0.05679544 -1.1076568 0.11473254
-0.060340717 -1.1636341 0.11199311
-0.06351499 -1.2845964 0.11015506
-0.065907426 -1.4512869 0.10876979
-0.057607166 -1.0889404 0.11460579
-0.06112638 -1.1453794 0.11178897
-0.06412382 -1.2671854 0.11008509
-0.066421896 -1.4324429 0.10881075
-0.058458306 -1.0699359 0.114492774
-0.06197281 -1.1267056 0.1115992
-0.064797394 -1.2491313 0.11004511
-0.067022175 -1.4125476 0.10889514
-0.059349008 -1.0506535 0.114391975
-0.06288055 -1.1076343 0.111424126
-0.06553597 -1.2304474 0.11003627
-0.067711584 -1.391613 0.1090251
-0.060279362 -1.0311035 0.11430168
-0.06384992 -1.0881885 0.11126445
-0.066339724 -1.2111472 0.11006
-0.068493366 -1.3696547 0.10920275
-0.061249427 -1.0112965 0.1142199
-0.06488105 -1.0683916 0.11112125
-0.067208804 -1.1912439 0.11011808
-0.06937064 -1.346691 0.10943016
-0.062259123 -0.9912419 0.114144295
-0.06597376 -1.0482664 0.11099612
-0.06814324 -1.1707503 0.11021273
-0.07034612 -1.3227434 0.10970922
-0.06330838 -0.97094995 0.11407203
-0.06712771 -1.0278374 0.11089133
-0.069143094 -1.1496797 0.11034672
-0.07142207 -1.2978379 0.11004171
-0.064397104 -0.9504291 0.1139993
-0.06834231 -1.007127 0.11080999
-0.07020832 -1.1280444 0.11052344
-0.07259997 -1.272002 0.110429235
-0.06552566 -0.9296867 0.11392075
-0.06961694 -0.98615736 0.110756546
-0.07133883 -1.1058568 0.11074706
-0.073880546 -1.2452662 0.11087346
-0.06669559 -0.9087269 0.11382688
-0.07095097 -0.96494895 0.11073739
-0.07253443 -1.0831292 0.11102233
-0.0752636 -1.2176626 0.11137615
-0.06791223 -0.88754934 0.11370165
-0.072343834 -0.9435208 0.11076249
-0.073794715 -1.0598731 0.111354984
-0.07674807 -1.189224 0.111939974
-0.06919089 -0.86614126 0.113506906
-0.07379505 -0.92189074 0.1108463
-0.07511938 -1.0361009 0.11175021
-0.078332625 -1.1599848 0.1125676
-0.07056944 -0.84447557 0.113165066
-0.07530291 -0.90006995 0.11101272
-0.07650705 -1.0118197 0.11221561
-0.08001473 -1.1299753 0.113264784
-0.07217921 -0.822423 0.11244267
-0.076865844 -0.87808025 0.111286886
-0.077958755 -0.9870474 0.112752125
-0.08179506 -1.0992287 0.11403224
-0.10939308 -0.76946586 0.15417914
-0.09245427 -0.766953 0.15308729
-0.09722368 -0.8753199 0.15319851
-0.09922826 -0.98406476 0.1536872
-0.0820938 -0.9547286 0.15419358
-0.08620575 -1.0549896 0.15355779
-0.08800753 -1.1546282 0.1534754
-0.08773788 -1.2540673 0.1535317
-0.078123614 -1.1915615 0.15283184
-0.07865095 -1.2813802 0.15218964
-0.07800831 -1.3684503 0.15164506
-0.07228441 -1.2945107 0.15080298
-0.07141679 -1.3730282 0.14979385
-0.07018897 -1.4470854 0.14885189
-0.068575226 -1.5161111 0.14788263
-0.065773174 -1.4369586 0.1466466
-0.06401928 -1.4977956 0.14546692
-0.062269446 -1.5527632 0.14427981
-0.061270546 -1.4784694 0.14305277
-0.059164282 -1.5262102 0.14174275
-0.057325814 -1.5676963 0.14044495
-0.05579333 -1.6027317 0.13914143
-0.055379506 -1.5363902 0.13786975
-0.053542186 -1.5650641 0.13653788
-0.05210206 -1.587352 0.13521701
-0.052511476 -1.5313263 0.13399696
-0.05078164 -1.5479466 0.13268964
-0.04953087 -1.5584676 0.1314095
-0.048802156 -1.5629809 0.13015105
-0.048947953 -1.5186453 0.12901214
-0.04795491 -1.5184315 0.1278209
-0.04748145 -1.5127823 0.12666318
-0.04797922 -1.4788517 0.12560265
-0.047302112 -1.4689944 0.12454256
-0.04716236 -1.4544402 0.1235274
-0.047586713 -1.4355001 0.12255398
-0.04751742 -1.4113874 0.12165486
-0.047738794 -1.3892384 0.12082028
-0.04849496 -1.3637047 0.12003605
-0.04856496 -1.3463566 0.119223215
-0.04915111 -1.317963 0.118605345
-0.050253436 -1.2873665 0.11804502
-0.051890522 -1.2551148 0.1175347
-0.051360548 -1.2408797 0.11692046
-0.052757524 -1.2067617 0.11661354
-0.05464124 -1.1724857 0.11635444
-0.054377105 -1.1577287 0.1157501
-0.05598729 -1.1215472 0.11570542
-0.057928957 -1.0868577 0.11567908
-0.06026453 -1.0541778 0.115631364
-0.060082544 -1.030957 0.11514623
-0.061855827 -0.9971755 0.11517973
-0.06341744 -0.9661875 0.114972405
-0.06541135 -0.93452865 0.11461111
-0.06687859 -0.90303886 0.11412922
-0.066990666 -0.8726642 0.113072164
-0.07764953 -0.7368184 0.11255997
-0.118197076 -0.24756938 0.13251396
-0.16697894 0.24178839 0.14744212
-0.08962758 -0.575456 0.120873
-0.1328481 -0.08716259 0.137855
-0.18454099 0.40223646 0.15148622
-0.10257086 -0.4148955 0.12693526
-0.14844932 0.073225714 0.14282514
-0.076265275 -0.74458337 0.112969376
-0.11631262 -0.2545961 0.13258158
-0.1649833 0.2333481 0.14734998
-0.087774865 -0.58358294 0.12060779
-0.13093984 -0.09444063 0.13788514
-0.1824304 0.39301762 0.15136051
-0.10063144 -0.4225164 0.12691386
-0.14647488 0.06546107 0.142809
-0.074879915 -0.75047755 0.11362967
-0.11434596 -0.26200685 0.1326262
-0.16291496 0.22496466 0.14729427
-0.086083464 -0.5908979 0.120404854
-0.12892549 -0.10194556 0.13791758
-0.18025208 0.383984 0.15128216
-0.09867304 -0.4301619 0.12686199
-0.1443922 0.057619452 0.14281075
-0.07337654 -0.75595033 0.1141619
-0.11225751 -0.2696082 0.13265708
-0.16074498 0.21661377 0.14726996
-0.08434099 -0.5977126 0.120355144
-0.1267584 -0.109574206 0.13794872
-0.17798248 0.37506405 0.15124434
-0.09659031 -0.43768418 0.126853
-0.14216392 0.049743053 0.14282134
-0.071761005 -0.76145744 0.114521734
-0.10995344 -0.2772414 0.13269053
-0.15845734 0.20828128 0.14726466
-0.08232456 -0.6043758 0.120445944
-0.124363855 -0.1172154 0.13796961
-0.17564154 0.36619 0.15123385
-0.2864926 -2.5522711 0.28103074
-0.20245704 -1.7053536 0.26132908
-0.1307942 -0.84098184 0.24518898
-0.26071638 -2.3005362 0.27505457
-0.18029389 -1.4490083 0.25595585
-0.32643524 -2.8966644 0.28963062
-0.23595843 -2.04736 0.26922753
-0.15876956 -1.1887215 0.25087282
-0.2988124 -2.6445532 0.28350443
-0.2121489 -1.7921032 0.26357716
-0.13787761 -0.9224976 0.24660406
-0.27228612 -2.3915713 0.27748856
-0.18920818 -1.5340353 0.25814706
-0.3397577 -2.9905984 0.29212943
-0.24678057 -2.1370866 0.27160951
-0.1670563 -1.2722598 0.253041
-0.311446 -2.7375412 0.28601617
-0.22223082 -1.8804446 0.265898
-0.1457931 -1.0059288 0.24855466
-0.28422365 -2.4835804 0.27997643
-0.19858666 -1.6209596 0.2603994
-0.35336557 -3.084854 0.29460213
-0.25801343 -2.2280583 0.27405465
-0.17584145 -1.3579577 0.25521132
-0.32442334 -2.8311214 0.28856024
-0.23275606 -1.9703106 0.26828635
-0.15413144 -1.0911148 0.25055525
-0.29655403 -2.576468 0.28251183
-0.20841962 -1.7096735 0.26271296
-0.13382284 -0.8214161 0.24647357
-0.26968274 -2.3201897 0.27655405
-0.1850338 -1.4455737 0.25740963
-0.33775467 -2.9251876 0.29112318
-0.24376205 -2.0616179 0.2707305
-0.16276771 -1.1778811 0.25254136
-0.30931398 -2.6701353 0.28508246
-0.21878204 -1.8000916 0.26507792
-0.14198846 -0.90759575 0.24828745
-0.17725705 -1.457722 0.25604182
-0.2552894 -2.2942505 0.2749557
-0.34807843 -3.133086 0.29629177
-0.19810218 -1.707637 0.2615177
-0.280267 -2.542023 0.28101516
-0.14781845 -1.1231585 0.24976234
-0.22013655 -1.9557164 0.26715308
-0.3063977 -2.7890906 0.2872843
-0.16724578 -1.3726703 0.25449315
-0.24326643 -2.2024355 0.27294645
-0.33370468 -3.0355575 0.29394415
-0.18757048 -1.619956 0.2597528
-0.26751265 -2.4481974 0.27890694
-0.13794696 -1.0373381 0.24854644
-0.20891404 -1.8657142 0.26525235
-0.29290876 -2.6932569 0.28507102
-0.15722223 -1.2860589 0.25300902
-0.23135506 -2.1103275 0.27093536
-0.31946984 -2.9376786 0.29154566
-0.17707273 -1.5315186 0.2580157
-0.25491056 -2.354081 0.27679458
-0.12835069 -0.9487926 0.24586143
-0.19783233 -1.775258 0.263354
-0.27960336 -2.5971556 0.28284794
-0.14719233 -1.1971815 0.2511863
-0.21962865 -2.017887 0.26891994
-0.30544823 -2.8395853 0.28915447
-0.16664086 -1.4417689 0.25619736
-0.24251962 -2.2597055 0.2746775
-0.33244273 -3.0812962 0.29588947
-0.18689154 -1.6840733 0.26143077
-0.26653412 -2.5008578 0.28062323
-0.13746443 -1.106993 0.24873075
-0.2081028 -1.9250207 0.26689085
-0.29168704 -2.7413688 0.28678298
-0.15637222 -1.3507508 0.254104
-0.2303655 -2.1650667 0.27255118
-0.31797978 -2.9811707 0.29324406
-0.1761154 -1.5920258 0.2593913
-0.25372756 -2.4044108 0.27839646
-0.12819217 -1.0167903 0.24568003
-0.19678044 -1.8316388 0.2648093
-0.27821115 -2.6430945 0.28442973
-0.14642112 -1.2591885 0.25164193
-0.21845332 -2.0701504 0.2703983
-0.3038222 -2.881071 0.29068825
-0.1655842 -1.4993659 0.2571414
-0.24119276 -2.307844 0.27615857
-0.33056107 -3.1182563 0.2972646
-0.18569304 -1.7378129 0.26261416
-0.26503086 -2.5448203 0.28208607
-0.13687843 -1.1679151 0.24882981
-0.20679377 -1.974987 0.26818466
-0.2899802 -2.7810633 0.28819048
-0.15539011 -1.4066539 0.25464508
-0.22893485 -2.2112024 0.27389026
-0.31604365 -3.016513 0.2945093
-0.17489947 -1.6438372 0.26025724
-0.25215033 -2.446602 0.27973711
-0.12777105 -1.0775745 0.24574672
-0.19541712 -1.8797368 0.26587147
-0.27645776 -2.6812181 0.28572544
-0.1455922 -1.3144802 0.25191516
-0.2169676 -2.1145833 0.2715647
-0.30186343 -2.9150126 0.29186305
-0.16445975 -1.550157 0.25772303
-0.2395758 -2.3485265 0.27736285
-0.32837203 -3.1479344 0.2981351
-0.18436633 -1.7846837 0.26343262
-0.26325822 -2.5816143 0.28326958
-0.13621843 -1.2233396 0.24898855
-0.20531678 -2.0181775 0.2691567
-0.2880224 -2.813839 0.28928092
-0.15441462 -1.4572195 0.25502098
-0.22732112 -2.2507226 0.27494156
-0.3138723 -3.0451596 0.29537812
-0.17368253 -1.6901915 0.26086107
-0.25038856 -2.4823627 0.28080043
-0.12728404 -1.1335822 0.24591635
-0.1940141 -1.9222426 0.26665103
-0.27452403 -2.7130888 0.28672847
-0.14478749 -1.3654127 0.2521729
-0.21540725 -2.1533837 0.2724554
-0.29972962 -2.9428742 0.29270205
-0.16339476 -1.5966092 0.25816402
-0.23786134 -2.3836048 0.2782982
-0.11878177 -1.0454623 0.24275674
-0.18308856 -1.8270785 0.26404434
-0.26137534 -2.612886 0.28417885
-0.1355885 -1.2750217 0.24920739
-0.20385762 -2.0567374 0.26989433
-0.28594732 -2.8411868 0.2900747
-0.15352084 -1.5042471 0.25535595
-0.22569315 -2.2855253 0.27574825
-0.31157622 -3.0684748 0.2959221
-0.17256108 -1.7329643 0.261342
-0.24858703 -2.513374 0.28161162
-0.12681623 -1.1862631 0.24615808
-0.192693 -1.9610338 0.26725626
-0.27253172 -2.7402284 0.28746572
-0.14406753 -1.4133357 0.25245538
-0.21390137 -2.1883228 0.2731425
-0.29752117 -2.9660335 0.29325786
-0.16244434 -1.6401495 0.25855425
-0.23617196 -2.4147239 0.27901268
-0.11847035 -1.0992692 0.24305998
-0.18192819 -1.8664976 0.26454502
-0.25949135 -2.640137 0.28485343
-0.1350348 -1.3240557 0.24948381
-0.20250067 -2.0922058 0.27047884
-0.283848 -2.8644888 0.29062086
-0.15274258 -1.5488192 0.25569403
-0.22414273 -2.3171065 0.27637413
-0.309233 -3.0877206 0.29621977
-0.17157166 -1.7733299 0.26176795
-0.24683587 -2.5410664 0.28222322
-0.12641844 -1.2365139 0.24646463
-0.1915012 -1.9973555 0.2677596
-0.270563 -2.76397 0.28799018
-0.14345491 -1.4591206 0.2527763
-0.21250951 -2.220695 0.2736931
-0.29530993 -2.9857397 0.29359892
-0.16162543 -1.681678 0.25893453
-0.23457398 -2.4431624 0.27956656
-0.11820634 -1.1507863 0.24342147
-0.18090796 -1.9039339 0.26498997
-0.25767285 -2.6646128 0.28535149
-0.13457516 -1.3711356 0.24981739
-0.20127864 -2.1256356 0.2709705
-0.28178662 -2.8849287 0.2909848
-0.15208699 -1.5916573 0.25605547
-0.22271217 -2.3465683 0.27687958
-0.30689946 -3.1040394 0.29634413
-0.17072086 -1.8120551 0.26217687
-0.24518298 -2.566538 0.28269574
-0.12609333 -1.2849213 0.24683465
-0.1904522 -2.032057 0.26820976
-0.26866698 -2.7854028 0.28836682
-0.1429491 -1.503328 0.25314283
-0.21125373 -2.2513995 0.2741619
-0.29314363 -3.0030558 0.29379955
-0.16093567 -1.7218075 0.2593283
-0.23309687 -2.469863 0.28001842
-0.11799873 -1.2004788 0.24384536
-0.18002819 -1.9400449 0.26541588
-0.25595367 -2.6872606 0.28573665
-0.13420181 -1.4167262 0.25020948
-0.20019831 -2.1577556 0.27141565
-0.2797993 -2.903466 0.2912377
-0.15154424 -1.633229 0.25645325
-0.22141507 -2.3746746 0.27731818
-0.11027404 -1.1177965 0.24086626
-0.17000076 -1.8496623 0.26259497
-0.24364737 -2.5905921 0.28308958
-0.12583256 -1.3318381 0.2472689
-0.18954197 -2.0656977 0.26864442
-0.26686656 -2.8053443 0.28866333
-0.14253585 -1.5463371 0.25356144
-0.21013513 -2.2810476 0.27459624
-0.29104924 -3.0188346 0.29393297
-0.16036078 -1.7609282 0.25975385
-0.23174627 -2.495461 0.28042394
-0.117825836 -1.2486371 0.24433479
-0.17927752 -1.9752667 0.26585302
-0.25434357 -2.7087572 0.2860723
-0.13389687 -1.4611024 0.25066325
-0.19925141 -2.1890204 0.2718555
-0.27790052 -2.920811 0.29144904
-0.15109651 -1.6738416 0.2568999
-0.22024585 -2.4019172 0.27774066
-0.11016757 -1.1670508 0.24142066
-0.16939473 -1.8864633 0.26304686
-0.24222612 -2.6137438 0.28346312
-0.12561202 -1.377483 0.24776973
-0.18875538 -2.0986135 0.26910013
-0.26516333 -2.824367 0.28894424
-0.14219345 -1.5883585 0.254041
-0.20913884 -2.3099775 0.27504268
-0.28903592 -3.0337043 0.29406327
-0.15988086 -1.7992702 0.26023173
-0.23050761 -2.52033 0.28083703
-0.11766489 -1.2953925 0.24489245
-0.1786358 -2.0098102 0.26633495
-0.25283098 -2.7295187 0.2864173
-0.13363566 -1.5044227 0.25118545
-0.19841534 -2.2196414 0.2723345
-0.27608654 -2.9374635 0.29167962
-0.15072078 -1.7136306 0.25741366
-0.21917877 -2.4285095 0.2781977
-0.11003675 -1.2147396 0.24204405
-0.1688792 -1.9225776 0.26356524
-0.24089429 -2.636267 0.2838697
-0.12540518 -1.4219335 0.24834219
-0.18806307 -2.1308742 0.2696216
-0.2635398 -2.8428278 0.28926405
-0.14189765 -1.6294736 0.25459853
-0.20822789 -2.3382595 0.27555108
-0.2871 -3.048146 0.29423538
-0.15946995 -1.836846 0.26079622
-0.22934136 -2.5445807 0.28130624
-0.117482975 -1.3407845 0.24552141
-0.17806768 -2.0436249 0.26691034
-0.25138336 -2.7497728 0.28681827
-0.13339272 -1.5466902 0.25179225
-0.19764091 -2.249522 0.27290475
-0.27434012 -2.9537883 0.29197624
-0.15039112 -1.7525337 0.25803286
-0.21815754 -2.4544117 0.2787348
-0.10985004 -1.2608243 0.24273628
-0.1684134 -1.9578066 0.2642074
-0.23960164 -2.658243 0.28434718
-0.12518635 -1.4651613 0.2490006
-0.1874017 -2.1622205 0.27026772
-0.26196295 -2.8609903 0.28966057
-0.14162481 -1.6695234 0.25527924
-0.20732538 -2.3656733 0.27616593
-0.102485985 -1.1818947 0.24000695
-0.15908393 -1.8733194 0.2615198
-0.2281756 -2.5681622 0.28186074
-0.11725803 -1.3847251 0.24623036
-0.17749268 -2.0762398 0.26765054
-0.24994771 -2.7696712 0.28730023
-0.13315383 -1.5876915 0.2525383
-0.19682468 -2.2782586 0.27361232
-0.27263176 -2.9701643 0.29237652
-0.15006396 -1.7900286 0.25885504
-0.21708228 -2.4794176 0.27937296
-0.1095853 -1.3052052 0.24349272
-0.16789635 -1.9914448 0.26506528
-0.23826848 -2.6797323 0.2849067
-0.124962725 -1.5068804 0.24981125
-0.18663299 -2.1920154 0.27108854
-0.2603764 -2.8791597 0.2901565
-0.14134489 -1.7077897 0.2562222
-0.20629422 -2.3918715 0.276901
-0.10216299 -1.2263546 0.24081524
-0.158596 -1.9076552 0.2625265
-0.22689289 -2.5910375 0.2824995
-0.117041886 -1.4269271 0.24709752
-0.17672594 -2.1067672 0.26861092
-0.24842545 -2.7894726 0.28786734
-0.13291796 -1.626418 0.253635
-0.19577968 -2.3053417 0.27446416
-0.27087578 -2.987091 0.2929271
-0.14958918 -1.8246657 0.2600536
-0.21577957 -2.5034258 0.2801032
-0.10944063 -1.3476387 0.24439628
-0.16707897 -2.0222874 0.26619813
-0.23672871 -2.7009492 0.2855394
-0.124879226 -1.5457029 0.25112262
-0.18549234 -2.2196238 0.2720828
-0.25861382 -2.8978195 0.2907628
-0.14081073 -1.7421851 0.2576765
-0.20487261 -2.416691 0.27774385
-0.10175041 -1.2685996 0.24172921
-0.15763259 -1.9383396 0.2638735
-0.22522123 -2.6134133 0.28321007
-0.11696292 -1.4653369 0.24877007
-0.17537674 -2.134477 0.26977673
-0.24653217 -2.809645 0.28850633
-0.106969655 -0.39969212 0.12660399
-0.15272938 0.090668514 0.1429445
-0.0820477 -0.7172033 0.11173872
-0.1216548 -0.23561871 0.1322917
-0.17076848 0.25863892 0.14773503
-0.0950185 -0.55707854 0.12002827
-0.13746618 -0.06978425 0.13778774
-0.1899506 0.42783436 0.15206888
-0.108500995 -0.3952125 0.12629072
-0.15444411 0.097879924 0.14303315
-0.0827879 -0.71693295 0.11190006
-0.12314768 -0.23085184 0.13214459
-0.17261127 0.26726875 0.14793915
-0.09605971 -0.5550711 0.11940206
-0.13900773 -0.06406965 0.13777487
-0.1919691 0.43814212 0.15238646
-0.109728634 -0.3923769 0.12594031
-0.15610155 0.105000354 0.14314935
-0.08336976 -0.7200219 0.11227243
-0.124470405 -0.22700688 0.13199317
-0.17443882 0.27613065 0.14818475
-0.0967562 -0.5559323 0.11900441
-0.14045179 -0.058801364 0.13777891
-0.1940125 0.44899908 0.15276034
-0.11069066 -0.3912886 0.1256307
-0.1577138 0.11206137 0.14329664
-0.083828375 -0.7253027 0.11262882
-0.12563406 -0.2241382 0.13186032
-0.17626591 0.2852843 0.1484733
-0.09727301 -0.55896354 0.11883438
-0.14180948 -0.053978633 0.13780834
-0.19609787 0.46048817 0.15319045
-0.11145815 -0.39179158 0.1254193
-0.1592939 0.119100206 0.14347866
-0.08418132 -0.73220617 0.11294674
-0.12666269 -0.22221011 0.13177344
-0.17810738 0.2947926 0.14880602
-0.09768627 -0.5635815 0.11882796
-0.14309505 -0.049565304 0.1378743
-0.1982416 0.47269133 0.15367593
-0.11209986 -0.39358878 0.12532409
-0.16085535 0.12617044 0.14369997
-0.08445062 -0.7403677 0.11323842
-0.1275914 -0.22109492 0.13175428
-0.17997754 0.30472517 0.14918427
-0.09803518 -0.5693621 0.118930236
-0.14432816 -0.045482375 0.13798876
-0.20045891 0.48569041 0.15421566
-0.112667814 -0.39636153 0.12533787
-0.1624133 0.13334535 0.14396602
-0.08465805 -0.7495186 0.113515526
-0.12845813 -0.22060524 0.13181348
-0.18189065 0.31515965 0.14960974
-0.09834547 -0.5759925 0.11910544
-0.145533 -0.041610893 0.13816132
-0.20276399 0.49956715 0.15480842
-0.11319946 -0.39982116 0.12544483
-0.16398527 0.14071912 0.14428209
-0.08482321 -0.7594474 0.11378547
-0.12929758 -0.22053018 0.13195223
-0.1838617 0.3261825 0.1500842
-0.09863734 -0.5832306 0.11933176
-0.1467356 -0.037803262 0.13839747
-0.20517066 0.5144039 0.1554529
-0.1137227 -0.40372017 0.12562883
-0.16559078 0.14840478 0.1446522
-0.08496336 -0.7699811 0.114052534
-0.13013957 -0.2206599 0.13216601
-0.18590657 0.3378892 0.15060897
-0.09892801 -0.5908805 0.11959578
-0.14796166 -0.03389703 0.1386986
-0.2076928 0.53028375 0.15614767
-0.114259675 -0.40784797 0.12587632
-0.16725044 0.156529 0.14507845
-0.085093655 -0.7809748 0.11431918
-0.13100928 -0.2207977 0.13244796
-0.18804206 0.35038224 0.15118453
-0.09923275 -0.5987782 0.119889066
-0.14923523 -0.0297265 0.13906293
-0.21034445 0.5472903 0.15689085
-0.11482897 -0.4120238 0.12617669
-0.16898502 0.16522571 0.14556071
-0.085227594 -0.7923043 0.11458682
-0.13192828 -0.22076395 0.13279077
-0.1902855 0.36376858 0.1518101
-0.09956539 -0.6067827 0.120206125
-0.15057836 -0.02513038 0.13948679
-0.21313988 0.56550646 0.15767995
-0.11544689 -0.4160898 0.12652174
-0.17081477 0.17463002 0.14609703
-0.0853773 -0.8038616 0.114856236
-0.13291559 -0.22039585 0.13318764
-0.19265431 0.3781557 0.15248345
-0.099938676 -0.6147699 0.12054331
-0.15201125 -0.019955976 0.13996555
-0.21609336 0.58501214 0.15851144
-0.11612828 -0.41990575 0.12690529
-0.17275912 0.18487339 0.14668404
-0.08555381 -0.81555164 0.115127884
-0.13398844 -0.2195455 0.13363254
-0.19516565 0.3936478 0.15320106
-0.10036455 -0.6226286 0.12089817
-0.15355259 -0.014060892 0.14049424
-0.21921892 0.6058815 0.15938076
-0.11688703 -0.42334488 0.1273227
-0.17483656 0.19608022 0.14731728
-0.08576732 -0.8272894 0.11540206
-0.13516293 -0.21807757 0.13412045
-0.19783622 0.4103422 0.15395804
-0.10085438 -0.6302574 0.121269144
-0.15522002 -0.007313296 0.14106792
-0.2225301 0.62817943 0.16028196
-0.117736466 -0.4262903 0.12777054
-0.17706482 0.20836556 0.14799164
-0.08602737 -0.83899814 0.115678966
-0.13645454 -0.21586685 0.13464713
-0.200682 0.428326 0.15474842
-0.10141916 -0.6375621 0.12165527
-0.1570305 0.0004085361 0.14168184
-0.22603962 0.65195805 0.16120778
-0.11868964 -0.42863244 0.12824638
-0.17946094 0.22183363 0.1487015
-0.08634293 -0.8506078 0.115958795
-0.13787846 -0.21279602 0.13520914
-0.20371827 0.44767335 0.15556513
-0.10206963 -0.64445335 0.12205614
-0.1590007 0.009216908 0.14233144
-0.22975923 0.6772528 0.16214958
-0.11975962 -0.43026647 0.12874861
-0.18204154 0.23657656 0.14944075
-0.086722575 -0.8620538 0.11624175
-0.13945003 -0.20875376 0.1358037
-0.20695958 0.46844244 0.15640007
-0.10281653 -0.65084547 0.12247184
-0.1611473 0.019215273 0.14301234
-0.23369949 0.70407915 0.16309737
-0.12095973 -0.4310903 0.12927637
-0.18482287 0.2526732 0.15020278
-0.087174475 -0.8732757 0.11652806
-0.14118496 -0.20363314 0.13642852
-0.21041955 0.4906731 0.15724415
-0.10367061 -0.6566542 0.12290289
-0.16348726 0.0304984 0.14372009
-0.23786946 0.73242915 0.16403988
-0.12230377 -0.43100256 0.12982944
-0.18782099 0.27018753 0.15098032
-0.08770644 -0.8842169 0.11681799
-0.14309971 -0.19733039 0.13708168
-0.21411084 0.5143839 0.15808721
-0.10464284 -0.66179514 0.123350315
-0.16603802 0.04315183 0.14444993
-0.24227653 0.7622687 0.16496475
-0.12380632 -0.4299009 0.13040817
-0.19105165 0.28916615 0.15176517
-0.08832589 -0.8948234 0.11711191
-0.14521176 -0.18974426 0.13776134
-0.21804479 0.53956914 0.15891802
-0.10574448 -0.6661822 0.12381563
-0.16881768 0.05725025 0.14519633
-0.24692607 0.79353565 0.16585875
-0.12548298 -0.4276803 0.13101338
-0.19453011 0.30963513 0.15254782
-0.08903979 -0.90504354 0.117410205
-0.14753991 -0.18077649 0.1384653
-0.22223103 0.56619585 0.15972427
-0.10698726 -0.6697259 0.124300934
-0.17184488 0.072854266 0.14595239
-0.2518211 0.82613856 0.16670808
-0.12735078 -0.424232 0.13164613
-0.19827062 0.33159527 0.1533172
-0.08985453 -0.9148274 0.11771343
-0.15010454 -0.17033352 0.13919038
-0.22667684 0.59420055 0.1604928
-0.10838357 -0.6723311 0.12480895
-0.17513855 0.09000498 0.14670904
-0.256962 0.8599573 0.1674989
-0.12942861 -0.4194428 0.1323073
-0.20228554 0.35501632 0.15406029
-0.09077583 -0.9241264 0.11802224
-0.1529278 -0.15833095 0.1399312
-0.23138636 0.6234873 0.16120997
-0.10994685 -0.67389524 0.1253431
-0.17871709 0.108715616 0.1474539
-0.26234618 0.8948448 0.16821787
-0.13173802 -0.41319624 0.13299683
-0.2065841 0.37983072 0.15476213
-0.09180865 -0.9328924 0.11833763
-0.1560336 -0.14470202 0.14067851
-0.23635972 0.6539267 0.16186255
-0.111692235 -0.674306 0.12590748
-0.18259695 0.12895979 0.1481703
-0.26796788 0.9306311 0.1688528
-0.13430415 -0.40537646 0.13371195
-0.21117046 0.40592763 0.15540643
-0.092957236 -0.94107723 0.11866109
-0.15944697 -0.12941255 0.1414164
-0.24159208 0.6853582 0.16243863
-0.11363807 -0.67343855 0.1265065
-0.18678984 0.15065676 0.14883648
-0.27381775 0.96712923 0.16939336
-0.13715735 -0.39587858 0.13444395
-0.2160416 0.4331502 0.15597674
-0.09422584 -0.94863075 0.11899515
-0.16319217 -0.11248531 0.1421187
-0.24707267 0.717596 0.16292895
-0.115808904 -0.6711546 0.1271438
-0.19129881 0.17365624 0.14942595
-0.2798819 1.004142 0.16983157
-0.14033532 -0.3846314 0.13517179
-0.22118486 0.46129888 0.15645856
-0.09562046 -0.9554978 0.11934438
-0.16728841 -0.09403578 0.14274533
-0.2527832 0.75043845 0.16332777
-0.11824188 -0.6673043 0.12781844
-0.19611289 0.19772889 0.14991026
-0.2861391 1.0414708 0.17016236
-0.14388503 -0.37164423 0.13585071
-0.22657561 0.49014357 0.15684141
-0.097154066 -0.96161157 0.119717285
-0.17174144 -0.07431584 0.14324108
-0.25869474 0.7836819 0.16363291
-0.1210004 -0.66174203 0.1285137
-0.2012017 0.22257276 0.15026382
-0.29255456 1.078923 0.17038383
-0.14786139 -0.35709548 0.13639536
-0.23217371 0.51944554 0.1571196
-0.09886027 -0.96688086 0.12012951
-0.17653006 -0.053747028 0.14354229
-0.26475972 0.8171349 0.16384466
-0.12420238 -0.65438557 0.12916538
-0.20651014 0.2478458 0.1504691
-0.29906788 1.1163219 0.17049757
-0.15231235 -0.3414764 0.13666457
-0.23791388 0.5489843 0.15729
-0.10083315 -0.971164 0.1206058
-0.18158802 -0.03290067 0.14359413
-0.27089557 0.85063374 0.16396402
-0.12807412 -0.64540714 0.1295786
-0.21194391 0.2732241 0.15051615
-0.30557507 1.1535171 0.17050974
-0.15722574 -0.32574192 0.13647665
-0.24367777 0.5785849 0.15734842
-0.10336108 -0.9742267 0.12115342
-0.18676469 -0.012373912 0.14336658
-0.27695885 0.88405854 0.16399385
-0.13301119 -0.6358022 0.12925585
-0.21730515 0.29846972 0.15039694
-0.3119173 1.1903968 0.17043433
-0.16235384 -0.3112149 0.13568395
-0.24923703 0.608142 0.15729466
-0.10759611 -0.97556525 0.1214282
-0.19162354 0.0074295024 0.14285257
-0.282735 0.91735053 0.16394927
-0.13903095 -0.62858903 0.12727551
-0.22213985 0.32348987 0.15012746
-0.31791872 1.2268957 0.17030168
-0.11238068 -0.9487561 0.1168367
-0.10679136 -0.94020545 0.117943354
-0.11791333 -0.8253454 0.11966369
-0.12996136 -0.7199458 0.1221152
-0.14025801 -0.62654936 0.12502268
-0.13947204 -0.5829984 0.12547696
-0.14927004 -0.48991427 0.12790735
-0.15765135 -0.40690315 0.13043575
-0.162769 -0.33907816 0.13147311
-0.1705639 -0.25764477 0.13366991
-0.17738982 -0.18433706 0.13590837
-0.18287961 -0.118328534 0.13814759
-0.19335058 -0.024855563 0.13914162
-0.19886008 0.03982237 0.14117792
-0.20349132 0.09856724 0.14322089
-0.21712558 0.20714857 0.14428592
-0.22157681 0.26442224 0.14618047
-0.2254268 0.31683135 0.14808042
-0.2285904 0.36479172 0.149972
-0.24523607 0.48885334 0.15093078
-0.24843903 0.53582895 0.15272374
-0.25114405 0.579081 0.15451185
-0.26968575 0.71290284 0.15546091
-0.2723686 0.7552472 0.15717025
-0.2746854 0.7944465 0.1588762
-0.27661824 0.8307223 0.16057263
-0.29712704 0.97497785 0.16143939
-0.29912612 1.0107058 0.16307542
-0.30084437 1.0439316 0.16470361
-0.3226729 1.1950227 0.16553976
-0.32440773 1.227795 0.16710763
-0.32595414 1.2584338 0.1686661
-0.32729873 1.2870464 0.17021766
-0.35048747 1.4457115 0.17093691
-0.35189927 1.4742334 0.17240264
-0.35319552 1.5010277 0.17386608
-0.37732175 1.66446 0.17443614
-0.23923317 -2.776638 0.28770825
-0.1689058 -2.1047814 0.26926365
-0.11159012 -1.4397551 0.24902257
-0.21659069 -2.5796843 0.2824577
-0.14998108 -1.9094405 0.26363915
-0.096059315 -1.2470584 0.24245623
-0.19501783 -2.383083 0.27713528
-0.13214771 -1.7151259 0.25785273
-0.24635118 -2.8577912 0.2899315
-0.17451698 -2.1870267 0.27171445
-0.11536515 -1.5219628 0.25184643
-0.2232978 -2.661173 0.2847226
-0.15508509 -1.9916877 0.26616934
-0.09955952 -1.329933 0.2454365
-0.2012882 -2.464819 0.27945435
-0.13671453 -1.7972323 0.260467
-0.25362477 -2.9387214 0.2921379
-0.18032536 -2.2689126 0.27409506
-0.11939203 -1.6038408 0.2545513
-0.23016612 -2.7423842 0.28695753
-0.16040522 -2.073615 0.26861724
-0.10313751 -1.4118121 0.2483121
-0.20773463 -2.5462558 0.28173152
-0.14152168 -1.8790852 0.2629892
-0.08833874 -1.222426 0.24181218
-0.18632933 -2.3505104 0.27642298
-0.123673424 -1.6855168 0.25716358
-0.23719601 -2.82338 0.2891772
-0.16594452 -2.1552954 0.2710019
-0.10690247 -1.4932628 0.25107223
-0.2143564 -2.627445 0.283982
-0.14657387 -1.9607556 0.2654391
-0.09145427 -1.3033521 0.24471144
-0.19252588 -2.4318657 0.27871415
-0.12821685 -1.7670717 0.2596976
-0.24438487 -2.9042041 0.29139122
-0.17169394 -2.2367694 0.273341
-0.11090612 -1.5745573 0.2537327
