-7.338733e-18 5.28e-43 -7.338733e-18
4.5912e-41 2.4e-44 -0.054628223
0.13736618 -0.1276128 -0.047323655
0.1396398 -0.5000223 -0.04293944
0.18747628 -1.1843743 -0.08248543
0.13332488 -0.21553482 -0.054629322
0.13687977 -0.12783802 -0.04732972
0.13926509 -0.49747688 -0.04294386
0.18567437 -1.2593337 -0.08352564
0.13922024 -1.4033058 -0.08537773
0.10173294 -1.5356913 -0.08371221
0.066232264 -1.6488736 -0.081372835
0.018450432 -1.616995 -0.0823293
-0.0375904 -0.59462005 -0.06403053
-0.059961256 0.22956033 -0.05518909
-0.0472073 0.5348666 -0.04861122
0.01772546 -1.6149263 -0.08267267
-0.038123067 -0.5938612 -0.06406416
-0.060592458 0.23248903 -0.055208806
-0.04781228 0.5399372 -0.04860633
0.017045349 -1.6119084 -0.08279659
-0.038649876 -0.5932072 -0.06410498
-0.061210856 0.23496929 -0.05521773
-0.04840037 0.54416806 -0.048564766
0.016477922 -1.609377 -0.08288098
-0.03917638 -0.5924316 -0.06408834
-0.06183466 0.23795669 -0.055269506
-0.048989233 0.54935545 -0.048725843
0.01618292 -1.6061933 -0.08294143
-0.039698236 -0.59175825 -0.06421499
-0.062445294 0.24040367 -0.055223238
-0.04955908 0.5534842 -0.048396204
0.01609478 -1.603429 -0.08286168
-0.04021999 -0.5909638 -0.06407547
-0.06306464 0.24345219 -0.055351075
-0.050133053 0.5587899 -0.04896235
0.015556721 -1.6007239 -0.083330885
-0.04073777 -0.59029 -0.06433459
-0.06367107 0.24587269 -0.05522345
-0.050687466 0.56286556 -0.048192527
0.015341465 -1.5985321 -0.0830479
-0.041260287 -0.58943295 -0.06411296
-0.0642902 0.2489593 -0.05539666
-0.051246792 0.5681565 -0.049026467
0.015475934 -1.5956807 -0.0834404
-0.04177911 -0.5888396 -0.06428315
-0.06490487 0.25139797 -0.05533349
-0.05179103 0.5724297 -0.048550084
0.015324848 -1.621204 -0.081396714
-0.03808764 0.3991211 -0.038505204
-0.06207114 0.5188374 -0.052557983
-0.059452936 -0.09038322 -0.05827826
-0.020072054 -1.047841 -0.07304467
-0.030894512 -1.1130767 -0.076969445
-0.07682916 -0.12940907 -0.060093496
-0.08510892 0.66022223 -0.05435396
-0.043561317 0.67035395 -0.041888148
0.05283775 -2.1168442 -0.108923845
0.13990831 -3.1001678 -0.16157122
0.24457742 -4.0889287 -0.2091194
0.080726676 -2.4459481 -0.12707101
0.17359412 -3.4311619 -0.17808394
-0.051908433 -1.9399078 -0.049236763
-0.045778167 -1.8742654 -0.04919434
-0.021500412 -1.6440742 -0.051604208
-0.04175883 -1.8341016 -0.048295178
-0.020563744 -1.6474112 -0.049443435
-0.04197442 -1.8392657 -0.046909142
0.016096484 -1.6338985 -0.08146533
-0.00040319623 -1.5973314 -0.083526745
0.016373437 -1.6741354 -0.07974658
0.0022010612 -1.6373246 -0.08488532
0.023022693 -1.7136753 -0.08167222
0.018180674 -2.0223815 -0.10777548
0.10369538 -3.0169191 -0.161711
0.20879789 -4.0081034 -0.20866661
-0.00080708787 -1.6738472 -0.08778953
0.011359324 -1.694578 -0.085174866
-0.00548078 -1.4600271 -0.04392004
-0.01156282 -1.5262406 -0.042574137
-0.05288746 -1.9495351 -0.049402647
-0.04378402 -1.7993003 -0.04208119
-0.029531088 -1.6692206 -0.043851458
-0.007856266 -1.4786645 -0.0477662
-0.004393799 -1.4498754 -0.04441791
-0.010302143 -1.5144506 -0.042513426
-0.019657167 -1.5961399 -0.049639754
-0.003913154 -1.4453939 -0.044540487
-0.009678698 -1.5084922 -0.042592693
-0.019268986 -1.5863197 -0.049762826
0.08149781 -2.4480445 -0.12708002
0.17434807 -3.4329445 -0.17809188
0.031408183 -1.7987648 -0.08675226
0.11113191 -2.7773008 -0.14455184
0.20999533 -3.764465 -0.19402267
-0.0013043425 -1.4187479 -0.046566322
-0.007286533 -1.4821349 -0.042669136
-0.012462655 -1.5469917 -0.04454708
-0.00091964076 -1.4146808 -0.046712346
-0.006786483 -1.4768261 -0.042771872
-0.011624148 -1.539817 -0.04449822
0.05803374 -2.1277003 -0.109101884
0.14292912 -3.107342 -0.16157675
0.24762152 -4.0962567 -0.20922597
0.08390336 -2.4541092 -0.12709247
0.17661273 -3.4381175 -0.17811662
0.0019066946 -1.386885 -0.049679644
-0.0045291777 -1.4520857 -0.043577462
-0.009649626 -1.5106901 -0.043430485
0.0022358494 -1.3832237 -0.049909584
-0.004084201 -1.4471937 -0.043690942
-0.00902608 -1.5037367 -0.043477222
0.03271593 -1.8093339 -0.08691314
0.113465264 -2.7823136 -0.14454406
0.21226577 -3.76959 -0.1940763
0.059930496 -2.1330817 -0.109121956
0.14520875 -3.1120813 -0.16157871
0.24991311 -4.1015124 -0.20931353
-0.001851418 -1.4232714 -0.04515585
-0.0069408575 -1.4786756 -0.043006744
-0.012193402 -1.5330491 -0.051399585
-0.0014624576 -1.4189552 -0.045279004
-0.0064031454 -1.4728156 -0.043092202
-0.011065039 -1.5234764 -0.051780626
0.08642979 -2.4592302 -0.1270769
0.17887785 -3.4429877 -0.17814237
0.036116783 -1.8203775 -0.08650807
0.11589016 -2.7873816 -0.14452612
0.21454166 -3.7747097 -0.1941335
0.00086454366 -1.3948023 -0.04744132
-0.0043712636 -1.450148 -0.04328806
-0.008467771 -1.5004661 -0.044618163
-0.024790972 -1.7745436 -0.0526803
0.014185466 -1.4037588 -0.04744504
0.049511492 -1.0121598 -0.04001004
0.010178804 -1.2740164 -0.05712467
0.0042032492 -1.3366723 -0.059657082
-0.013978129 -1.5740962 -0.05904933
-0.034924198 -1.8401822 -0.055310693
0.058894247 -0.86196893 -0.038078524
0.044233646 -0.941803 -0.040426638
0.025392212 -1.0861417 -0.043549657
0.0012413689 -1.345586 -0.04934773
0.0624509 -0.843291 -0.037004113
0.049245883 -0.9093952 -0.039560296
0.031306148 -1.0345151 -0.042341817
0.009189893 -1.2512535 -0.0467811
0.06293449 -0.8376607 -0.03685214
0.049473096 -0.9060968 -0.039402872
0.031373244 -1.033261 -0.042184353
0.0090958495 -1.25167 -0.046601817
0.06324641 -0.83203703 -0.036707826
0.049701497 -0.9027984 -0.039245814
0.03144588 -1.0320053 -0.042025752
0.009014536 -1.2520914 -0.046412174
0.06371878 -0.82641774 -0.036570445
0.049907565 -0.8995101 -0.039088614
0.0314731 -1.0307696 -0.041865382
0.008838977 -1.2525549 -0.04621131
0.06405445 -0.820792 -0.036439143
0.05016677 -0.89621294 -0.03893079
0.03161029 -1.0295149 -0.04170248
0.008893067 -1.2529874 -0.045997925
0.06447318 -0.8151843 -0.03631275
0.050324146 -0.8929343 -0.03877178
0.031544443 -1.0282961 -0.04153598
0.008526627 -1.2534944 -0.04576993
0.064866915 -0.8095629 -0.03618985
0.050632067 -0.88964486 -0.038610965
0.03177841 -1.0270556 -0.04136444
0.008782214 -1.2539654 -0.045524098
0.065222636 -0.8039566 -0.03606965
0.05075563 -0.88636005 -0.038448583
0.03165486 -1.0258211 -0.04118682
0.008299234 -1.254448 -0.04525711
0.043030385 -1.696303 -0.08006053
0.080727264 -1.6261278 -0.0829432
0.11637488 -1.5027765 -0.08513021
0.15554987 -1.371811 -0.08646523
0.16924039 -1.3534267 -0.08728808
0.12848341 -1.4813141 -0.086363286
0.09208086 -1.6076074 -0.08430135
0.05610976 -1.7012837 -0.081661925
0.17080633 -1.3738708 -0.088206165
0.12965354 -1.4981213 -0.087088235
0.09304598 -1.6227281 -0.08496558
0.05681845 -1.7153903 -0.08228142
0.17207946 -1.394302 -0.08912246
0.13081633 -1.5149051 -0.08781223
0.09422171 -1.6378574 -0.08562994
0.05819594 -1.7295967 -0.08290196
0.17363094 -1.4148092 -0.09003602
0.13199578 -1.5317421 -0.08853555
0.09522149 -1.6529754 -0.08629487
0.058997422 -1.7436442 -0.0835258
0.17500637 -1.435275 -0.09094796
0.13317311 -1.5485599 -0.089259155
0.09635021 -1.6681219 -0.08696106
0.060201827 -1.7578398 -0.08415459
0.17649794 -1.4558091 -0.09185928
0.13436036 -1.5654255 -0.08998387
0.097412825 -1.6832577 -0.08762905
0.061183147 -1.7718921 -0.084789455
0.25132778 -2.067556 -0.11293652
0.38040066 -3.5579762 -0.17187856
0.5326797 -4.995285 -0.22796632
0.524865 -5.2422495 -0.24700263
0.440648 -4.92021 -0.24021727
0.37013182 -4.663837 -0.2315084
0.3093004 -4.482849 -0.22500312
0.06493257 -1.7980793 -0.08622226
0.10109032 -1.7089595 -0.0890819
0.13839476 -1.5944848 -0.0915356
0.1814291 -1.4932545 -0.09379197
0.063869156 -1.7839749 -0.08557264
0.09999267 -1.6937501 -0.088407226
0.13719127 -1.5774922 -0.09080271
0.17993122 -1.4724458 -0.09285789
0.19672163 -1.2011446 -0.08727886
0.19408818 -1.2733651 -0.08745528
0.20165476 -1.2719531 -0.08865365
0.1990521 -1.3450822 -0.087959595
0.20677765 -1.3428369 -0.08993223
0.20441349 -1.4160906 -0.08985187
0.22684792 -1.5802175 -0.09606562
0.38748756 -3.297321 -0.15726128
0.54989266 -4.8339105 -0.21425627
0.5221543 -4.850827 -0.221103
0.3703617 -3.3956616 -0.16453782
0.24083032 -1.866189 -0.10426888
0.48128775 -4.48741 -0.20727783
0.3347848 -3.020879 -0.14976974
0.5893018 -5.440305 -0.24353509
0.4292896 -4.001692 -0.18854183
0.290129 -2.514956 -0.12966412
0.5324551 -4.958974 -0.22566862
0.37970102 -3.5117455 -0.16939788
0.24940361 -2.000117 -0.10943421
0.47818708 -4.476981 -0.20729025
0.33261806 -3.0159242 -0.14984807
0.5858848 -5.4277825 -0.24357055
0.42641655 -3.9926808 -0.18852629
0.28845537 -2.5131183 -0.12963608
0.5291755 -4.9474177 -0.22568063
0.37711996 -3.5044696 -0.16946216
0.24812606 -2.0016944 -0.11016123
0.47508138 -4.4665627 -0.20728388
0.3304189 -3.0109994 -0.14980327
0.5824561 -5.4152365 -0.24358737
0.4235357 -3.9836462 -0.18853761
0.28670168 -2.5111597 -0.12982869
-0.02494704 -1.7765355 -0.052583735
0.014114527 -1.40489 -0.04733306
0.051229 -1.0128517 -0.039765894
-0.025104279 -1.7785035 -0.0524871
0.01405484 -1.4060111 -0.047221493
0.054498356 -1.0131956 -0.039501578
-0.025261177 -1.7804431 -0.052390523
0.014016753 -1.4071296 -0.047109943
0.05892771 -1.0128531 -0.03921622
-0.02541821 -1.7823418 -0.05229405
0.01399832 -1.4082028 -0.046998784
0.060816623 -1.012615 -0.038917266
-0.025575444 -1.7841922 -0.05219778
0.014000495 -1.4091862 -0.0468881
0.059298515 -1.0129796 -0.03861237
-0.02573388 -1.7859994 -0.052101694
0.014022407 -1.4101161 -0.04677791
0.055286616 -1.0133659 -0.038310256
-0.025891228 -1.7877778 -0.05200611
0.014069625 -1.4110407 -0.046668533
0.05253743 -1.013083 -0.03801865
-0.026049519 -1.7895261 -0.051910363
0.014142593 -1.4119502 -0.04655883
0.0515402 -1.0124273 -0.037738066
-0.026118819 -1.7912718 -0.051816154
0.014397407 -1.4128773 -0.046450716
0.051619083 -1.0117595 -0.037473354
0.074377276 -0.75925064 -0.034957506
0.073492505 -0.79916495 -0.034465663
0.07252969 -0.7807792 -0.035103343
0.0662176 -0.8202053 -0.033575915
0.07089518 -0.80219305 -0.035260405
0.0672868 -0.84039754 -0.03468062
-0.035079416 -1.8639503 -0.05143904
0.008850462 -1.4525636 -0.046753462
0.05301825 -0.9958987 -0.038929857
-0.016112631 -0.28136346 -0.020082558
0.031905238 -0.3304651 -0.022200966
0.059801485 -0.4027189 -0.023945257
0.08346602 -0.5032003 -0.025611555
-0.016048 -0.33297226 -0.01956991
0.031958535 -0.3582636 -0.021063153
0.059546858 -0.4155774 -0.023040641
0.08273987 -0.5029885 -0.024673413
-0.01567285 -0.38219532 -0.019126637
0.031941544 -0.38607246 -0.019974628
0.0592734 -0.4283035 -0.022155028
0.08204745 -0.5023303 -0.023766717
-0.015064548 -0.42952418 -0.018604055
0.031855114 -0.4138384 -0.018932324
0.058981 -0.44089743 -0.02128933
0.081390925 -0.5012782 -0.02288524
-0.014332412 -0.47530833 -0.018009525
0.031701263 -0.44150007 -0.017930448
0.058671176 -0.4533513 -0.020441638
0.080772854 -0.49987975 -0.022023749
-0.013556017 -0.5197701 -0.017348904
0.031481687 -0.468998 -0.016966194
0.058344867 -0.4656571 -0.01961055
0.08019568 -0.49818078 -0.021178482
-0.012792259 -0.563064 -0.016639465
0.031199016 -0.49627295 -0.016037665
0.058003277 -0.47780558 -0.018794252
0.07966105 -0.49622717 -0.02034804
-0.012076708 -0.60529345 -0.01589537
0.03085659 -0.5232683 -0.015144025
0.057647508 -0.4897878 -0.01799136
0.07916955 -0.4940644 -0.019532604
-0.01143079 -0.64653033 -0.01512929
0.030458646 -0.5499309 -0.014284774
0.057278685 -0.50159496 -0.017200878
0.07872065 -0.49173656 -0.018733235
-0.010865885 -0.6868238 -0.014351265
0.030010208 -0.5762123 -0.013459476
0.056897964 -0.513219 -0.01642232
0.078312784 -0.4892856 -0.017951265
-0.010387157 -0.72620744 -0.0135694705
0.029516773 -0.60206956 -0.012667541
0.056506485 -0.5246525 -0.015655667
0.07794362 -0.48675027 -0.017187955
-0.009995741 -0.76470363 -0.012790472
0.02898408 -0.62746555 -0.011908165
0.05610538 -0.53588843 -0.014901318
0.07761031 -0.48416597 -0.016444344
-0.009690302 -0.80232704 -0.012019617
0.028417857 -0.6523687 -0.011180338
0.05569577 -0.5469209 -0.014160016
0.0773097 -0.48156413 -0.015721215
-0.009467996 -0.8390862 -0.011261285
0.027823621 -0.67675334 -0.010482912
0.055278756 -0.55774444 -0.013432761
0.07703858 -0.47897246 -0.015019127
-0.009325123 -0.87498564 -0.010519106
0.027206486 -0.70059884 -0.009814686
0.054855417 -0.5683543 -0.012720745
0.07679383 -0.47641516 -0.014338488
-0.009257331 -0.9100268 -0.009796064
0.026571179 -0.7238892 -0.0091744615
0.05442684 -0.57874656 -0.012025262
0.07657249 -0.47391298 -0.013679599
-0.009260157 -0.94420904 -0.009094666
0.025921796 -0.74661237 -0.008561156
0.053994045 -0.58891785 -0.01134769
0.076371856 -0.4714839 -0.013042741
-0.009328873 -0.97753054 -0.008416954
0.025261987 -0.76876 -0.007973794
0.05355804 -0.59886557 -0.010689398
0.07618948 -0.46914306 -0.012428181
-0.009458711 -1.0099885 -0.0077646016
0.024594905 -0.7903264 -0.0074115633
0.053119812 -0.6085876 -0.010051728
0.07602319 -0.4669036 -0.011836209
-0.009645049 -1.0415801 -0.007138992
0.023923155 -0.81130815 -0.0068738554
0.05268026 -0.61808264 -0.009435992
0.07587106 -0.46477664 -0.011267174
-0.009883208 -1.0723023 -0.0065411986
0.023249017 -0.83170396 -0.006360201
0.052240293 -0.62734985 -0.008843395
0.0757314 -0.4627716 -0.010721446
-0.01016865 -1.1021527 -0.0059720664
0.022574397 -0.8515139 -0.0058703055
0.05180074 -0.6363889 -0.00827506
0.075602695 -0.46089664 -0.01019944
-0.010496962 -1.1311291 -0.0054322374
0.021900903 -0.87073916 -0.0054040197
0.051362403 -0.64520013 -0.0077320095
0.07548366 -0.4591587 -0.009701603
-0.010863909 -1.1592306 -0.004922193
0.021229887 -0.88938206 -0.0049613332
0.050926004 -0.6537843 -0.00721517
0.07537311 -0.45756367 -0.009228417
-0.011265303 -1.1864562 -0.004442225
0.020562572 -0.9074455 -0.0045423
0.05049226 -0.6621424 -0.006725329
0.07527001 -0.45611668 -0.008780347
-0.011697231 -1.2128068 -0.0039925408
0.019899957 -0.92493314 -0.0041470937
0.050061796 -0.6702762 -0.0062631993
0.07517343 -0.45482212 -0.008357888
-0.012155947 -1.2382838 -0.0035732565
0.019242927 -0.9418488 -0.0037759594
0.049635187 -0.67818755 -0.0058294074
0.07508253 -0.4536838 -0.00796154
-0.012637783 -1.2628893 -0.0031843497
0.018592337 -0.95819706 -0.0034291358
0.049212992 -0.6858788 -0.005424442
0.07499656 -0.45270497 -0.007591752
-0.013139342 -1.2866268 -0.0028257817
0.017948909 -0.9739825 -0.0031069373
0.048795685 -0.69335246 -0.005048751
0.074914806 -0.45188847 -0.007248992
-0.013657396 -1.3095005 -0.0024974598
0.017313316 -0.9892102 -0.0028096933
0.048383694 -0.7006114 -0.0047027078
0.074836634 -0.4512368 -0.006933706
-0.014188804 -1.3315157 -0.0021991958
0.016686248 -1.0038851 -0.0025376873
0.047977436 -0.70765865 -0.0043865764
0.074761465 -0.4507522 -0.006646277
-0.014730701 -1.3526783 -0.0019308386
0.016068287 -1.0180129 -0.0022912612
0.047577243 -0.7144974 -0.00410062
0.074688725 -0.45043653 -0.0063871075
-0.0152802775 -1.3729951 -0.0016921345
0.01546007 -1.0315988 -0.002070673
0.04718345 -0.7211311 -0.0038449885
0.074617915 -0.45029157 -0.0061565167
-0.015834982 -1.3924742 -0.0014828802
0.014862141 -1.0446489 -0.0018762257
0.046796314 -0.7275633 -0.003619847
0.074548535 -0.45031884 -0.00595484
-0.016392307 -1.4111236 -0.0013027828
0.0142751 -1.0571688 -0.0017081297
0.0464161 -0.73379767 -0.0034252612
0.07448013 -0.45051977 -0.005782328
-0.016949972 -1.4289528 -0.0011515869
0.01369948 -1.0691648 -0.0015666138
0.046043023 -0.7398379 -0.0032613063
0.07441226 -0.45089564 -0.005639231
-0.017505823 -1.4459716 -0.0010290237
0.013135806 -1.0806429 -0.0014518754
0.045677263 -0.74568796 -0.0031280278
0.07434449 -0.45144773 -0.0055257645
-0.01805777 -1.4621903 -0.0009347595
0.012584632 -1.0916097 -0.0013640276
0.045319013 -0.75135165 -0.0030253998
0.07427644 -0.45217717 -0.0054420684
-0.01860392 -1.4776201 -0.00086850283
0.012046457 -1.1020714 -0.0013031989
0.044968415 -0.75683296 -0.0029534174
0.0742077 -0.45308512 -0.005388283
-0.019142473 -1.4922726 -0.00082993315
0.011521779 -1.112035 -0.0012694664
0.044625606 -0.76213604 -0.00291204
0.07413788 -0.45417264 -0.0053645014
-0.019671747 -1.50616 -0.0008187234
0.011011084 -1.121507 -0.0012628774
0.044290714 -0.76726484 -0.0029012118
0.074066624 -0.45544085 -0.005370779
-0.020190164 -1.5192949 -0.0008345353
0.010514842 -1.1304945 -0.0012834457
0.043963853 -0.77222353 -0.0029208583
0.073993556 -0.45689082 -0.005407138
-0.02069626 -1.5316904 -0.0008770145
0.010033507 -1.1390042 -0.0013311509
0.043645136 -0.77701634 -0.0029708869
0.07391831 -0.45852366 -0.0054735597
-0.021188647 -1.5433599 -0.00094578613
0.009567529 -1.1470436 -0.0014059325
0.043334667 -0.7816475 -0.0030511797
0.07384054 -0.46034053 -0.0055699823
-0.02166609 -1.5543174 -0.0010405155
0.009117308 -1.1546198 -0.0015077535
0.043032534 -0.78612125 -0.0031616513
0.07375988 -0.46234253 -0.005696348
-0.022127382 -1.564577 -0.0011607867
0.008683272 -1.1617401 -0.0016364864
0.042738847 -0.790442 -0.003302143
0.07367598 -0.46453086 -0.00585251
-0.022571458 -1.5741533 -0.0013062253
0.008265796 -1.1684119 -0.0017920323
0.042453695 -0.79461414 -0.0034725296
0.0735885 -0.46690676 -0.0060383305
-0.022997318 -1.5830612 -0.0014764336
0.007865257 -1.1746426 -0.001974262
0.04217718 -0.7986422 -0.0036726631
0.07349706 -0.4694714 -0.006253623
-0.023404054 -1.5913157 -0.0016709964
0.007482009 -1.1804398 -0.0021830257
0.0419094 -0.8025309 -0.0039023806
0.073401324 -0.47222617 -0.006498167
-0.023790833 -1.5989324 -0.0018894721
0.007116401 -1.1858114 -0.002418145
0.041650463 -0.8062849 -0.004161494
0.073300935 -0.47517237 -0.006771694
-0.02415693 -1.6059265 -0.0021314789
0.006768748 -1.1907648 -0.0026794996
0.041400466 -0.80990905 -0.004449863
0.073195525 -0.47831133 -0.0070739514
-0.024501663 -1.6123139 -0.0023965312
0.006439375 -1.1953077 -0.0029668738
0.04115952 -0.8134083 -0.0047672596
0.07308474 -0.48164448 -0.0074045868
-0.024824446 -1.6181104 -0.0026841844
0.006128585 -1.1994482 -0.003280096
0.040927753 -0.81678796 -0.0051134843
0.07296822 -0.48517329 -0.0077632475
-0.025124785 -1.6233323 -0.0029940368
0.0058366586 -1.2031939 -0.0036190432
0.040705264 -0.8200533 -0.005488371
0.07284559 -0.48889917 -0.00814958
-0.025402231 -1.6279954 -0.0033255892
0.0055638896 -1.2065526 -0.0039835107
0.04049218 -0.82320976 -0.0058916644
0.07271648 -0.4928237 -0.008563135
-0.025656426 -1.6321158 -0.003678412
0.005310551 -1.2095325 -0.004373371
0.040288627 -0.8262632 -0.0063231597
0.07258051 -0.49694827 -0.009003474
-0.025887081 -1.63571 -0.004052054
0.005076917 -1.2121414 -0.0047884914
0.04009473 -0.82921946 -0.006782623
0.0724373 -0.50127447 -0.009470113
-0.026093965 -1.6387941 -0.0044460464
0.004863263 -1.2143874 -0.0052287383
0.039910614 -0.8320849 -0.0072697927
0.072286464 -0.5058038 -0.009962513
-0.026276927 -1.6413841 -0.004859973
0.0046698605 -1.2162787 -0.0056940434
0.03973641 -0.8348659 -0.0077844327
0.07212761 -0.5105378 -0.010480137
-0.026435873 -1.6434963 -0.005293387
0.0044969902 -1.2178233 -0.0061843297
0.03957224 -0.83756936 -0.008326261
0.07196035 -0.51547796 -0.011022376
-0.026570775 -1.6451466 -0.0057459045
0.004344938 -1.2190295 -0.0066995965
0.039418224 -0.8402022 -0.008895019
0.07178428 -0.52062565 -0.011588624
-0.026681662 -1.6463511 -0.0062171463
0.004214004 -1.219906 -0.0072398665
0.039274473 -0.8427719 -0.009490419
0.071599 -0.5259824 -0.012178217
-0.026768617 -1.6471252 -0.006706736
0.0041045058 -1.220461 -0.007805186
0.039141092 -0.84528613 -0.0101121375
0.0714041 -0.53154945 -0.012790443
-0.026831778 -1.6474847 -0.0072143823
0.004016779 -1.2207035 -0.008395696
0.039018173 -0.8477529 -0.010759872
0.071199186 -0.5373281 -0.013424581
-0.026871325 -1.6474447 -0.0077397986
0.0039511886 -1.2206423 -0.009011562
0.03890579 -0.85018075 -0.011433267
0.07098385 -0.5433196 -0.014079841
-0.026887484 -1.6470203 -0.0082828
0.0039081294 -1.2202866 -0.009653053
0.038803987 -0.8525782 -0.012131978
0.07075769 -0.54952496 -0.014755422
-0.02688051 -1.6462263 -0.008843223
0.0038880343 -1.2196459 -0.010320474
0.038712792 -0.85495454 -0.012855605
0.07052032 -0.5559451 -0.015450454
-0.026850687 -1.645077 -0.00942103
0.003891382 -1.2187301 -0.011014253
0.0386322 -0.857319 -0.0136037525
0.07027134 -0.56258094 -0.016164051
-0.026798315 -1.6435864 -0.010016236
0.0039187004 -1.2175493 -0.011734864
0.038562164 -0.85968137 -0.01437596
0.0700104 -0.56943303 -0.01689525
-0.026723703 -1.6417681 -0.010629013
0.003970581 -1.2161146 -0.012482921
0.0385026 -0.86205167 -0.015171765
0.069737114 -0.5765019 -0.017643068
-0.026627155 -1.6396354 -0.01125961
0.00404768 -1.2144372 -0.013259098
0.038453385 -0.86444014 -0.015990632
0.06945117 -0.5837879 -0.018406436
-0.026508953 -1.6372012 -0.011908462
0.004150733 -1.2125292 -0.01406421
0.03841433 -0.86685735 -0.016831998
0.06915223 -0.5912912 -0.019184252
-0.026369354 -1.6344779 -0.012576152
0.00428056 -1.2104037 -0.014899165
0.038385205 -0.86931384 -0.017695237
0.06884003 -0.59901154 -0.019975329
-0.026208559 -1.6314772 -0.013263482
0.0044380813 -1.2080745 -0.015765019
0.03836571 -0.87182045 -0.018579684
0.06851429 -0.60694885 -0.02077843
-0.026026716 -1.628211 -0.013971423
0.004624313 -1.2055564 -0.016662896
0.038355507 -0.87438804 -0.019484565
0.06817482 -0.6151025 -0.021592207
-0.025823893 -1.6246904 -0.014701207
0.0048403847 -1.2028661 -0.017594054
0.03835419 -0.8770274 -0.020409048
0.06782143 -0.623472 -0.022415232
-0.025600055 -1.6209263 -0.015454356
0.005087539 -1.200021 -0.018559868
0.03836129 -0.8797492 -0.021352211
0.06745399 -0.6320564 -0.023245983
-0.02535508 -1.6169294 -0.016232615
0.005367116 -1.1970409 -0.01956173
0.03837631 -0.8825639 -0.022312986
0.067072414 -0.64085454 -0.024082787
-0.025088716 -1.6127099 -0.01703811
0.0056805615 -1.1939468 -0.020601125
0.0383987 -0.88548183 -0.023290202
0.066676654 -0.6498654 -0.02492386
-0.024800602 -1.608278 -0.017873282
0.0060293875 -1.1907623 -0.021679508
0.038427886 -0.88851285 -0.024282504
0.0662667 -0.6590874 -0.02576724
-0.024490263 -1.603644 -0.018740918
0.006415137 -1.1875128 -0.022798246
0.038463276 -0.8916664 -0.025288332
0.06584258 -0.668519 -0.026610786
-0.02415712 -1.5988176 -0.019644223
0.006839333 -1.1842264 -0.023958549
0.038504273 -0.89495134 -0.02630588
0.06540434 -0.6781586 -0.027452135
-0.02380051 -1.5938088 -0.020586831
0.007303399 -1.1809336 -0.025161348
0.038550295 -0.898376 -0.02733304
0.064952046 -0.68800396 -0.028288692
-0.023419736 -1.5886273 -0.021572795
0.007808559 -1.1776673 -0.026407117
0.038600795 -0.9019479 -0.0283673
0.064485736 -0.6980531 -0.029117556
-0.02301408 -1.5832826 -0.022606717
0.008355739 -1.1744624 -0.02769575
0.03865525 -0.90567404 -0.029405698
0.06400545 -0.7083036 -0.029935524
-0.022582896 -1.5777837 -0.023693746
0.008945442 -1.1713561 -0.029026313
0.03871321 -0.9095604 -0.030444676
0.06351116 -0.7187525 -0.030739026
-0.022125687 -1.5721388 -0.024839632
0.009577638 -1.1683862 -0.030396752
0.038774263 -0.91361225 -0.031479932
0.06300283 -0.7293965 -0.031524073
-0.02164212 -1.5663549 -0.026051058
0.010251724 -1.1655916 -0.031803656
0.03883805 -0.917834 -0.03250632
0.062480357 -0.74023205 -0.032286294
-0.021132244 -1.5604367 -0.027335629
0.010966495 -1.1630102 -0.033241745
0.038904227 -0.92222905 -0.033517644
0.061943606 -0.7512543 -0.03302091
-0.020596065 -1.5543863 -0.02870324
0.011720289 -1.1606784 -0.03470326
0.038972415 -0.92680013 -0.034506515
0.061392467 -0.76245826 -0.033722896
-0.020034118 -1.548199 -0.03016568
0.012511096 -1.1586294 -0.036176804
0.039042104 -0.931549 -0.035464235
0.060826898 -0.7738376 -0.034387223
-0.019443696 -1.541866 -0.031744838
0.013336994 -1.1568925 -0.037645414
0.03911259 -0.93647635 -0.036380704
0.060247015 -0.7853854 -0.03500935
-0.018820867 -1.5353539 -0.033467785
0.014196059 -1.155493 -0.039083622
0.039182745 -0.9415828 -0.037244953
0.05965315 -0.7970943 -0.03558662
-0.018131923 -1.5286225 -0.03542454
0.0150866145 -1.1544482 -0.04045102
0.03925098 -0.94686556 -0.038044196
0.059045833 -0.808954 -0.03611843
-0.01731775 -1.5215102 -0.037709776
0.016006354 -1.1537826 -0.041691054
0.039315842 -0.95232946 -0.038768176
0.058426403 -0.820961 -0.03661239
-0.01607868 -1.5137019 -0.04106248
0.016946845 -1.1534654 -0.042740397
0.039372586 -0.9579459 -0.039411172
0.057792835 -0.8330825 -0.037080534
-0.018802404 -0.2611354 -0.02731154
0.001024774 -0.26159048 -0.025395775
-0.0035321147 -0.39810213 -0.024802204
-0.011942761 -0.5175925 -0.02172028
0.0022585893 -0.55474603 -0.021746313
-0.0034839055 -0.66750455 -0.019288788
-0.009291604 -0.75885624 -0.01632065
-0.01207872 -0.829184 -0.0133077735
-0.005551875 -0.92551666 -0.013552683
-0.009879665 -0.98992556 -0.011364276
-0.0121940365 -1.0374423 -0.00927692
-0.009624127 -1.167475 -0.008838922
-0.0128349 -1.2068377 -0.007333237
-0.014646775 -1.2327584 -0.0059227915
-0.014663731 -1.2467422 -0.004664273
-0.017130008 -1.4051455 -0.004347775
-0.018489527 -1.4113975 -0.0034341526
-0.018530112 -1.4079478 -0.0026337188
-0.021957148 -1.5822134 -0.0023223548
-0.022962842 -1.570922 -0.0018015445
-0.02289247 -1.5517491 -0.0013747179
-0.021703398 -1.5254418 -0.0010600208
-0.027530087 -1.7102466 -0.00096271373
-0.02731692 -1.6771377 -0.0008586078
-0.026115362 -1.6382564 -0.0008498999
-0.031819776 -1.8293097 -0.0008545171
-0.031463705 -1.7840484 -0.0010377613
-0.030196108 -1.7342092 -0.001304535
-0.028047243 -1.680233 -0.0016648434
-0.03507019 -1.8732146 -0.0018590768
-0.033728443 -1.8140321 -0.0023722241
-0.03154891 -1.7516327 -0.0029688647
-0.037930187 -1.9461201 -0.003265577
-0.03653851 -1.8791963 -0.003992953
-0.03434662 -1.8097913 -0.0047967047
-0.03138559 -1.7381153 -0.005689828
-0.038493447 -1.931955 -0.0061010877
-0.03635444 -1.8568854 -0.007078855
-0.033447724 -1.7798989 -0.008147947
-0.039499342 -1.9754461 -0.008630989
-0.037538923 -1.8959336 -0.009747805
-0.034792706 -1.814505 -0.010970151
-0.031243995 -1.7311727 -0.0123382
-0.037936714 -1.9308989 -0.01275887
-0.035543732 -1.8455923 -0.014129485
-0.032145195 -1.7578014 -0.015706109
-0.03770578 -1.9666402 -0.016151465
-0.036016624 -1.8776094 -0.017731547
-0.03281756 -1.7850684 -0.019625952
-0.028265702 -1.6895041 -0.021903636
-0.037016682 -1.9148464 -0.022352574
-0.033972286 -1.8174424 -0.024928879
-0.02838465 -1.716304 -0.027832573
-0.040639445 -1.9565519 -0.02997848
-0.037876494 -1.85581 -0.03457064
-0.0305491 -1.7538966 -0.039296288
0.08763898 -0.58818084 -0.021266084
0.09193997 -0.5792194 -0.02243002
0.089650944 -0.53637403 -0.021177212
0.088266894 -0.4866901 -0.020084482
0.09354283 -0.4877324 -0.020734591
0.09120679 -0.44522777 -0.019371038
0.08988985 -0.3951047 -0.018020852
0.089512266 -0.337947 -0.016676402
0.09305597 -0.36879417 -0.016678412
0.09209475 -0.31819838 -0.0154788615
0.09174609 -0.26107496 -0.014148394
0.09451183 -0.30820328 -0.01397161
0.094268434 -0.25791633 -0.013012391
0.09427863 -0.20197804 -0.011902653
0.095021695 -0.14001676 -0.010730604
0.09625179 -0.21443836 -0.010971492
0.09670042 -0.16079105 -0.01017038
0.09747836 -0.10227736 -0.009246988
0.09793829 -0.18747243 -0.009441392
0.09881593 -0.13702746 -0.009005137
0.09981183 -0.08289733 -0.008431431
0.1012052 -0.024638174 -0.0078439
0.1005228 -0.12991606 -0.008476914
0.10170836 -0.0808954 -0.008296391
0.10306949 -0.029077101 -0.008009305
0.101722576 -0.13844419 -0.00856095
0.1030263 -0.095069416 -0.008803515
0.104413256 -0.05018942 -0.008902677
0.10591677 -0.0033422378 -0.009003138
0.10366652 -0.1240138 -0.009952541
0.105010815 -0.08641718 -0.010454555
0.106422916 -0.048192393 -0.0108501725
0.103564896 -0.16612932 -0.011676588
0.10475984 -0.1360329 -0.012584801
0.10603004 -0.10652807 -0.013337732
0.10717851 -0.07726432 -0.014086505
0.103601545 -0.19717482 -0.015231891
0.10463052 -0.1763639 -0.016325017
0.10564729 -0.15696466 -0.01729945
0.10153115 -0.26789898 -0.01827502
0.102189 -0.25564125 -0.019669697
0.10292299 -0.24576491 -0.020879025
0.10335011 -0.23806624 -0.022049226
0.09871011 -0.34230673 -0.02323502
0.09905126 -0.3414952 -0.024593242
0.099279955 -0.3435616 -0.025781656
0.094247624 -0.43438843 -0.02683269
0.094110265 -0.44212958 -0.028214019
0.09389888 -0.45308608 -0.029299637
0.09328522 -0.46684495 -0.030293515
0.08819035 -0.5458727 -0.03155882
0.087459095 -0.564923 -0.03230179
0.086416915 -0.5859961 -0.032859806
0.081379496 -0.6510576 -0.034401916
0.0800919 -0.6778095 -0.03449277
0.07835871 -0.70455617 -0.03456965
0.1101697 -0.6896298 -0.02369623
0.10076928 -0.7057405 -0.024528408
0.10965124 -0.72496384 -0.026147485
0.119981505 -0.72379714 -0.029167535
0.11524804 -0.76371676 -0.03039773
0.12261875 -0.7515061 -0.032264553
0.12909597 -0.72278136 -0.03444526
0.1331201 -0.6802729 -0.036613602
0.13489987 -0.7436107 -0.03749035
0.13818261 -0.6941246 -0.03877355
0.13968746 -0.6376346 -0.04003552
0.14602879 -0.70287716 -0.04125509
0.14664082 -0.63980526 -0.04193117
0.14602904 -0.5749378 -0.042624082
0.1439403 -0.51002944 -0.04329885
0.15371616 -0.56279004 -0.04405848
0.1514125 -0.49515772 -0.04441226
0.14809036 -0.43073004 -0.04478664
0.1589413 -0.46793717 -0.045414858
0.15540174 -0.40267086 -0.045576964
0.15112816 -0.34307778 -0.04577985
0.14606287 -0.2898057 -0.046017937
0.15783603 -0.30289778 -0.046315335
0.15294321 -0.25206035 -0.046441462
0.14747122 -0.20916346 -0.046619076
0.15874508 -0.20185423 -0.046810422
0.15358719 -0.16324112 -0.046938542
0.14800057 -0.13376844 -0.04713038
0.14198929 -0.11357481 -0.04738874
0.15323688 -0.08257125 -0.047434475
0.14784539 -0.069196835 -0.047712263
0.1421661 -0.06575412 -0.04806852
0.1521599 -0.016322643 -0.04809115
0.14728726 -0.021369074 -0.04852847
0.14224407 -0.03664197 -0.04905585
0.13704109 -0.061891943 -0.049677186
0.14668445 0.003429185 -0.049749997
0.14258069 -0.032183055 -0.050529458
0.13845763 -0.07752727 -0.051412873
0.14646557 -0.0015388594 -0.051562235
0.1435877 -0.05877627 -0.05268873
0.14086713 -0.12507044 -0.053930458
0.1382449 -0.199782 -0.055268914
0.14573047 -0.12343124 -0.055769168
0.1446878 -0.21108913 -0.05749298
0.14406799 -0.30578062 -0.059296716
0.14956754 -0.23402694 -0.060061574
0.15034187 -0.34292483 -0.06243044
0.1520355 -0.4567763 -0.06484536
0.15439829 -0.5751288 -0.06713093
0.15842849 -0.52882546 -0.069075644
0.16224645 -0.66035855 -0.072253674
0.16783075 -0.794096 -0.0751758
0.17055343 -0.7760195 -0.07724502
0.17560688 -0.9241629 -0.08092898
0.18237542 -1.0738733 -0.08451155
-0.020642297 0.00069626735 -0.03161651
0.030466402 -0.19415036 -0.028598988
0.06074044 -0.33744708 -0.02867296
0.08755329 -0.49708408 -0.03052579
-0.022377832 0.0475657 -0.03262767
0.029936532 -0.1679305 -0.029893646
0.06085555 -0.324308 -0.02963011
0.08843718 -0.49424484 -0.031461503
-0.023796195 0.09087707 -0.033545006
0.029329618 -0.14219332 -0.031154137
0.060945343 -0.31116238 -0.030578634
0.089331105 -0.4907998 -0.032360364
-0.024995014 0.13118008 -0.03439846
0.028648887 -0.1169965 -0.03237321
0.06100861 -0.29802847 -0.03151459
0.09022942 -0.48674226 -0.033223912
-0.026050197 0.16881688 -0.035245683
0.02789763 -0.09240183 -0.033548415
0.06104516 -0.28492644 -0.032435067
0.09112676 -0.48206678 -0.034051005
-0.027025588 0.20403981 -0.036091376
0.027079731 -0.06847262 -0.034677576
0.06105462 -0.2718761 -0.033337425
0.09201754 -0.4767708 -0.034841187
-0.027962634 0.23702392 -0.036938142
0.026199643 -0.04527106 -0.035759054
0.06103674 -0.25889835 -0.034219734
0.09289579 -0.47085616 -0.035594072
-0.028888509 0.26790184 -0.037782367
0.025262738 -0.022856006 -0.03679158
0.06099134 -0.24601446 -0.03508039
0.09375538 -0.4643302 -0.036309782
-0.029819554 0.29677328 -0.038620077
0.024275152 -0.001281674 -0.037774406
0.060918298 -0.23324628 -0.035918072
0.09459005 -0.45720607 -0.036988977
-0.030765226 0.32371697 -0.03944689
0.023243643 0.01940332 -0.038707398
0.060817555 -0.22061607 -0.036731645
0.09539376 -0.44950312 -0.037632853
-0.031730298 0.3487955 -0.040258918
0.022175366 0.039156597 -0.0395911
0.06068912 -0.20814644 -0.03752012
0.09616088 -0.44124657 -0.038243037
-0.032716524 0.37206018 -0.041052736
0.021077594 0.057942186 -0.04042664
0.060533084 -0.19586052 -0.038282625
0.09688639 -0.43246707 -0.038821455
-0.033723686 0.3935537 -0.0418255
0.01995744 0.07573058 -0.04121565
0.060349606 -0.18378176 -0.039018378
0.09756602 -0.42320004 -0.03937016
-0.03475017 0.4133124 -0.042574916
0.018821727 0.0924983 -0.041960146
0.06013897 -0.17193396 -0.039726745
0.09819637 -0.41348478 -0.03989124
-0.0357935 0.43136787 -0.043299202
0.017676778 0.10822743 -0.04266238
0.059901565 -0.1603413 -0.040407233
0.098774865 -0.4033637 -0.040386684
-0.03685067 0.44774812 -0.043996952
0.016528262 0.12290498 -0.04332466
0.059637833 -0.14902808 -0.041059434
0.099299684 -0.39288154 -0.0408583
-0.037918214 0.46247855 -0.04466722
0.015381291 0.13652214 -0.043949354
0.059348397 -0.13801889 -0.04168313
0.0997698 -0.3820845 -0.041307714
-0.038992446 0.47558257 -0.045309395
0.0142403245 0.14907365 -0.04453876
0.059033964 -0.12733841 -0.042278245
0.1001848 -0.37101972 -0.041736342
-0.040069535 0.48708245 -0.045923155
0.013109219 0.16055717 -0.04509504
0.05869536 -0.11701132 -0.042844843
0.100544825 -0.35973486 -0.04214538
-0.041145544 0.4969995 -0.046508513
0.011991337 0.17097265 -0.04562029
0.058333572 -0.10706228 -0.043383185
0.100850515 -0.34827745 -0.042535875
-0.042216558 0.5053546 -0.04706567
0.010889523 0.18032183 -0.04611639
0.05794966 -0.09751581 -0.043893643
0.10110285 -0.3366947 -0.04290867
-0.043278694 0.5121683 -0.04759503
0.00980622 0.18860787 -0.046585087
0.057544805 -0.08839624 -0.044376727
0.1013031 -0.32503322 -0.043264475
-0.044328112 0.51746124 -0.04809724
0.0087435655 0.1958349 -0.047028042
0.057120334 -0.07972762 -0.04483313
0.10145283 -0.3133389 -0.04360394
-0.0453611 0.5212542 -0.048573025
0.007703374 0.20200789 -0.04744674
0.056677636 -0.07153362 -0.045263603
0.10155372 -0.30165666 -0.04392759
-0.046374053 0.5235681 -0.04902328
0.006687277 0.20713219 -0.04784258
0.056218226 -0.06383758 -0.04566904
0.10160766 -0.2900306 -0.044235926
-0.047363497 0.5244244 -0.049449027
0.005696722 0.21121357 -0.048216913
0.05574371 -0.0566623 -0.046050437
0.10161661 -0.27850363 -0.044529427
-0.048326124 0.52384454 -0.049851302
0.0047330153 0.21425802 -0.048570942
0.05525574 -0.050030094 -0.04640882
0.10158262 -0.26711783 -0.044808522
-0.049258765 0.5218508 -0.05023127
0.0037973763 0.21627161 -0.04890587
0.054756075 -0.04396269 -0.046745323
0.1015078 -0.25591406 -0.045073684
-0.05015842 0.5184655 -0.050590135
0.0028909591 0.21726045 -0.049222857
0.054246522 -0.03848127 -0.047061108
0.10139433 -0.24493234 -0.045325387
-0.051022254 0.5137115 -0.05092914
0.0020148642 0.21723072 -0.04952301
0.05372895 -0.033606328 -0.047357388
0.10124442 -0.23421156 -0.04556414
-0.05184759 0.5076119 -0.05124956
0.0011701657 0.21618854 -0.049807437
0.053205263 -0.02935774 -0.047635395
0.10106031 -0.22378966 -0.04579048
-0.05263191 0.50019026 -0.051552694
0.00035792406 0.21414 -0.05007722
0.052677415 -0.025754716 -0.047896378
0.10084428 -0.21370368 -0.046004977
-0.05337285 0.49147034 -0.051839855
-0.00042081007 0.21109119 -0.050333444
0.052147385 -0.022815771 -0.0481416
0.10059863 -0.20398961 -0.046208248
-0.054068193 0.48147628 -0.052112363
-0.0011649766 0.2070482 -0.050577186
0.051617183 -0.020558756 -0.04837232
0.1003257 -0.1946827 -0.046400957
-0.054715887 0.47023234 -0.052371565
-0.0018735231 0.20201705 -0.050809544
0.051088847 -0.019000806 -0.048589822
0.10002785 -0.18581714 -0.046583813
-0.05531397 0.4577631 -0.052618753
-0.0025453658 0.19600381 -0.051031582
0.05056442 -0.018158374 -0.048795328
0.09970745 -0.17742632 -0.04675754
-0.05586066 0.44409332 -0.05285527
-0.0031794289 0.1890146 -0.051244408
0.050045967 -0.018047225 -0.048990097
0.099366896 -0.1695428 -0.046922944
-0.056354288 0.42924783 -0.053082444
-0.0037746187 0.18105552 -0.051449116
0.049535558 -0.01868243 -0.049175363
0.09900865 -0.16219828 -0.04708084
-0.056793302 0.4132517 -0.053301584
-0.0043298313 0.17213279 -0.05164682
0.049035273 -0.020078374 -0.049352344
0.09863517 -0.15542358 -0.0472321
-0.057176292 0.39613003 -0.05351402
-0.004843964 0.16225266 -0.051838636
0.048547197 -0.02224877 -0.04952225
0.098248936 -0.14924876 -0.04737762
-0.05750189 0.377908 -0.053721018
-0.0053158677 0.15142155 -0.052025657
0.048073426 -0.02520665 -0.04968625
0.09785245 -0.14370306 -0.04751832
-0.057768922 0.35861096 -0.053923905
-0.0057444377 0.13964592 -0.052209027
0.047616042 -0.028964374 -0.049845528
0.09744828 -0.13881491 -0.047655176
-0.05797625 0.3382643 -0.054123946
-0.0061285202 0.12693244 -0.052389845
0.047177147 -0.033533625 -0.050001238
0.09703897 -0.13461195 -0.04778916
-0.05812283 0.3168932 -0.054322403
-0.006466963 0.11328785 -0.05256922
0.046758834 -0.038925454 -0.050154503
0.0966271 -0.131121 -0.04792128
-0.058207788 0.29452318 -0.05452056
-0.0067586554 0.09871912 -0.052748285
0.046363186 -0.04515022 -0.05030647
0.096215285 -0.1283681 -0.048052575
-0.058230296 0.27117944 -0.05471967
-0.0070024594 0.08323329 -0.052928142
0.04599229 -0.05221767 -0.050458238
0.09580616 -0.12637852 -0.048184097
-0.05818954 0.24688755 -0.054920953
-0.0071971896 0.0668378 -0.05310987
0.04564825 -0.060136788 -0.050610892
0.09540236 -0.12517677 -0.048316896
-0.058084894 0.22167258 -0.055125643
-0.007341738 0.04953999 -0.05329457
0.04533315 -0.06891606 -0.050765518
0.09500654 -0.12478651 -0.04845206
-0.057915803 0.19555989 -0.05533497
-0.0074349917 0.03134763 -0.053483315
0.045049056 -0.07856319 -0.050923195
0.0946214 -0.12523068 -0.048590682
-0.057681732 0.16857465 -0.05555012
-0.007475805 0.012268639 -0.053677157
0.04479806 -0.08908526 -0.05108496
0.094249606 -0.12653145 -0.04873386
-0.057382256 0.14074214 -0.055772293
-0.007463059 -0.0076887296 -0.053877138
0.044582244 -0.100488625 -0.051251873
0.09389386 -0.12871017 -0.048882708
-0.057017032 0.11208721 -0.056002654
-0.0073956507 -0.028516196 -0.05408427
0.044403672 -0.11277907 -0.051424958
0.09355688 -0.13178748 -0.049038343
-0.056585826 0.08263479 -0.05624238
-0.0072725117 -0.050205134 -0.054299563
0.0442644 -0.12596166 -0.051605243
0.09324136 -0.13578323 -0.04920189
-0.05608839 0.05240982 -0.0564926
-0.0070925266 -0.072746545 -0.05452397
0.044166505 -0.1400407 -0.051793743
0.09295001 -0.14071651 -0.049374476
-0.055524603 0.021436993 -0.056754448
-0.006854622 -0.09613124 -0.054758437
0.04411204 -0.15501982 -0.05199146
0.09268554 -0.14660567 -0.049557235
-0.05489445 -0.010259356 -0.057029035
-0.006557773 -0.12034994 -0.05500387
0.044103038 -0.17090206 -0.0521994
0.09245064 -0.15346839 -0.0497513
-0.054197896 -0.04265453 -0.057317447
-0.006200892 -0.14539266 -0.05526114
0.044141553 -0.18768945 -0.052418552
0.09224802 -0.16132146 -0.04995781
-0.053435035 -0.075724676 -0.05762075
-0.0057829525 -0.17124958 -0.05553108
0.04422962 -0.20538366 -0.052649908
0.09208035 -0.17018119 -0.050177913
-0.05260601 -0.10944567 -0.057939984
-0.0053029284 -0.19791026 -0.055814486
0.044369247 -0.22398528 -0.05289445
0.091950305 -0.180063 -0.050412744
-0.051711075 -0.14379375 -0.058276176
-0.0047598453 -0.22536404 -0.056112107
0.044562425 -0.24349426 -0.053153157
0.09186051 -0.19098169 -0.05066344
-0.050750494 -0.17874523 -0.05863031
-0.0041526854 -0.2535997 -0.056424644
0.04481116 -0.2639096 -0.053427014
0.09181361 -0.20295137 -0.050931156
-0.049724586 -0.21427701 -0.05900334
-0.0034804489 -0.28260604 -0.05675274
0.045117427 -0.2852298 -0.053717
0.09181221 -0.2159856 -0.05121704
-0.048633784 -0.25036612 -0.059396178
-0.0027421787 -0.31237122 -0.057097003
0.04548317 -0.30745226 -0.05402409
0.091858886 -0.23009723 -0.051522233
-0.047478568 -0.28698972 -0.059809715
-0.0019369266 -0.34288296 -0.057457965
0.045910303 -0.33057356 -0.054349266
0.091956176 -0.24529852 -0.051847897
-0.046259414 -0.32412544 -0.060244765
-0.001063697 -0.37412855 -0.057836097
0.04640076 -0.3545894 -0.05469352
0.092106625 -0.26160112 -0.052195203
-0.04497692 -0.3617515 -0.060702123
-0.00012156255 -0.4060951 -0.058231816
0.04695638 -0.37949488 -0.055057835
0.092312716 -0.27901632 -0.052565318
-0.043631703 -0.39984584 -0.06118249
0.0008904279 -0.4387686 -0.05864546
0.047579005 -0.40528366 -0.055443197
0.09257691 -0.29755455 -0.052959435
-0.042224426 -0.43838757 -0.061686534
0.0019732139 -0.47213528 -0.059077308
0.04827041 -0.4319491 -0.055850614
0.09290166 -0.3172262 -0.053378765
-0.040755793 -0.47735572 -0.06221482
0.0031277412 -0.5061802 -0.059527557
0.049032334 -0.4594833 -0.056281082
0.09328938 -0.33804083 -0.053824544
-0.03922656 -0.5167296 -0.06276784
0.004354937 -0.54088783 -0.05999632
0.049866434 -0.48787734 -0.056735605
0.09374246 -0.36000758 -0.05429804
-0.03763744 -0.5564896 -0.06334598
0.005655796 -0.57624245 -0.06048366
0.050774354 -0.5171219 -0.057215206
0.09426331 -0.3831355 -0.05480058
-0.035989244 -0.5966157 -0.06394954
0.007031241 -0.6122269 -0.06098953
0.05175759 -0.54720616 -0.0577209
0.094854295 -0.40743273 -0.055333532
-0.034282733 -0.6370888 -0.06457865
0.008482271 -0.64882344 -0.061513823
0.05281761 -0.57811874 -0.05825371
0.09551784 -0.43290725 -0.05589834
-0.032518677 -0.6778902 -0.06523336
0.010009877 -0.6860137 -0.06205636
0.053955775 -0.6098476 -0.05881468
0.096256375 -0.4595667 -0.05649654
-0.030697864 -0.71900135 -0.06591352
0.011615046 -0.72377795 -0.062616885
0.055173323 -0.6423797 -0.059404843
0.09707237 -0.48741806 -0.057129767
-0.028821003 -0.7604042 -0.06661884
0.013298829 -0.7620955 -0.063195094
0.056471426 -0.6757012 -0.06002527
0.09796839 -0.51646775 -0.057799794
-0.026888795 -0.80208135 -0.06734883
0.015062265 -0.80094475 -0.063790634
0.057851125 -0.70979804 -0.060677048
0.09894711 -0.5467218 -0.05850854
-0.024901925 -0.8440146 -0.06810281
0.016906383 -0.84030205 -0.064403124
0.059313323 -0.74465495 -0.06136129
0.10001128 -0.5781851 -0.059258096
-0.022861008 -0.8861872 -0.06887987
0.018832216 -0.88014334 -0.06503221
0.060858816 -0.78025675 -0.062079158
0.10116385 -0.6108619 -0.06005075
-0.020766573 -0.9285814 -0.06967889
0.020840814 -0.92044216 -0.06567755
0.06248832 -0.8165874 -0.0628319
0.10240798 -0.644755 -0.060889006
-0.018619161 -0.97118026 -0.07049845
0.022933114 -0.9611711 -0.06633893
0.06420238 -0.8536309 -0.06362084
0.10374699 -0.679866 -0.06177561
-0.016419211 -1.0139664 -0.07133693
0.025110008 -1.002301 -0.06701625
0.06600148 -0.8913709 -0.06444747
0.10518449 -0.7161945 -0.06271355
-0.014167185 -1.0569222 -0.07219236
0.027372204 -1.0438007 -0.06770969
0.06788595 -0.92979085 -0.06531346
0.106724255 -0.75373787 -0.06370602
-0.011863492 -1.1000301 -0.073062494
0.029720224 -1.0856382 -0.06841971
0.06985607 -0.9688743 -0.066220745
0.10837032 -0.7924907 -0.06475646
-0.00950853 -1.1432723 -0.073944755
0.032154363 -1.12778 -0.06914724
0.07191204 -1.0086052 -0.067171626
0.11012683 -0.8324452 -0.06586848
-0.007102778 -1.1866304 -0.07483614
0.034674503 -1.1701912 -0.0698937
0.07405395 -1.0489671 -0.06816882
0.11199794 -0.8735888 -0.067045785
-0.004646637 -1.2300857 -0.075733215
0.037280276 -1.2128364 -0.07066127
0.07628189 -1.0899439 -0.06921568
0.11398779 -0.91590565 -0.06829213
-0.0021406133 -1.273621 -0.076631926
0.039970815 -1.2556814 -0.07145297
0.078595825 -1.1315207 -0.07031628
0.116100065 -0.95937693 -0.06961127
0.0004150528 -1.3172164 -0.07752737
0.04274504 -1.2986903 -0.07227294
0.080995746 -1.1736814 -0.07147558
0.11833809 -1.0039772 -0.071006835
0.003020467 -1.3608555 -0.07841281
0.04560151 -1.341831 -0.07312688
0.08348147 -1.2164116 -0.07269963
0.120704286 -1.0496798 -0.07248241
0.005677173 -1.4045215 -0.07927964
0.048538845 -1.3850715 -0.074022755
0.08605278 -1.2596967 -0.0739957
0.123200245 -1.0964533 -0.07404164
0.008390032 -1.4482019 -0.08011019
0.051555675 -1.4283841 -0.07497207
0.088709235 -1.303523 -0.07537219
0.12582643 -1.1442647 -0.07568836
0.011171438 -1.491888 -0.08088257
0.054650895 -1.4717427 -0.07599249
0.09145008 -1.347877 -0.07683891
0.12858227 -1.1930788 -0.07742734
0.0140566435 -1.5355903 -0.081516236
0.05782338 -1.5151238 -0.077109925
0.094274506 -1.3927448 -0.07840528
0.13146669 -1.2428588 -0.079263434
0.017113537 -1.5793245 -0.081938185
0.061070155 -1.5585141 -0.07836585
0.09718026 -1.4381185 -0.08008365
0.13447717 -1.293572 -0.08120519
0.020616068 -1.6233218 -0.08156318
0.06438745 -1.6018833 -0.079805724
0.1001676 -1.4839745 -0.081877835
0.13761453 -1.3451787 -0.08325504
-0.0060403924 0.109790355 -0.026214974
-0.018023465 0.10649207 -0.025094043
-0.016998757 0.22773254 -0.027787736
-0.019478729 0.35079825 -0.031111855
-0.03245442 0.30197734 -0.032870423
-0.031828515 0.41036856 -0.034850363
-0.03442965 0.51942647 -0.037644498
-0.039928865 0.62977016 -0.040688936
-0.04212908 0.52036595 -0.04098344
-0.046328206 0.61490333 -0.043029062
-0.052235663 0.7069733 -0.04523936
-0.048484407 0.5722631 -0.04538834
-0.05450049 0.6504232 -0.04688142
-0.061085884 0.723452 -0.048474006
-0.068305574 0.7904447 -0.050019972
-0.05958737 0.6381098 -0.049567383
-0.066755295 0.69198656 -0.05073763
-0.07394631 0.73839897 -0.051879123
-0.062199514 0.5873084 -0.05145251
-0.0697071 0.62243575 -0.052338764
-0.076822326 0.64934444 -0.05321745
-0.08348861 0.66764015 -0.054058477
-0.07030793 0.52245235 -0.05352244
-0.07723338 0.531097 -0.054244686
-0.08353555 0.53106207 -0.05495202
-0.06881922 0.39813304 -0.0544891
-0.07542179 0.3898993 -0.055142302
-0.0812539 0.37327316 -0.055802554
-0.08623249 0.34830585 -0.05646098
-0.07159264 0.2307995 -0.056073837
-0.07688436 0.19940963 -0.056764618
-0.08130023 0.16044755 -0.057472635
-0.06592161 0.057846982 -0.05718864
-0.070619695 0.0136133125 -0.057984542
-0.07439591 -0.03712686 -0.05881492
-0.07718333 -0.09393553 -0.05967587
-0.06264582 -0.18090084 -0.059598073
-0.06578105 -0.24111693 -0.060623027
-0.06795445 -0.30584022 -0.06169458
-0.053135797 -0.38184977 -0.06172147
-0.05566774 -0.44918305 -0.06301652
-0.05725038 -0.51911026 -0.06437019
-0.05783475 -0.5907322 -0.06577196
-0.044248518 -0.6600485 -0.06607509
-0.045369834 -0.7324664 -0.06778035
-0.04555647 -0.8040286 -0.069532126
-0.031645276 -0.87355477 -0.069784276
-0.032483593 -0.9459398 -0.07188344
-0.03263553 -1.0145879 -0.07397572
-0.03203458 -1.0785934 -0.07599036
-0.018482959 -1.1605364 -0.07638446
-0.019009234 -1.2240108 -0.078533396
-0.019925222 -1.2815386 -0.08018117
-0.002845128 -1.3767936 -0.08070971
-0.003924332 -1.4327427 -0.08188022
-0.0076660295 -1.4862578 -0.08179612
0.024737429 -1.7810928 -0.08622653
0.10659394 -2.7660427 -0.14455004
0.20541868 -3.7537267 -0.19392635
0.04787764 -2.102496 -0.10851841
0.13530517 -3.0894406 -0.16156383
0.23992647 -4.077994 -0.20897923
0.07288893 -2.425344 -0.1269189
0.16594255 -3.4134622 -0.17802002
0.019059576 -1.7603157 -0.0869532
0.099703275 -2.748897 -0.1445381
0.19849463 -3.7376592 -0.19381642
0.04115204 -2.0822554 -0.10788445
0.12840725 -3.0729902 -0.16156968
0.2329515 -4.0617247 -0.20882262
0.065971345 -2.4066198 -0.12673162
0.15900777 -3.3973155 -0.17799713
0.012903615 -1.7425966 -0.088163406
0.09273092 -2.7313697 -0.14453463
0.19150503 -3.7215714 -0.19375314
0.034600124 -2.0636446 -0.10751641
0.121373884 -3.0562558 -0.16159953
0.22589399 -4.045571 -0.2087275
0.059008908 -2.3881807 -0.12658167
0.15191521 -3.3810399 -0.17800589
0.006415181 -1.7255617 -0.08912869
0.085550204 -2.713707 -0.14455259
0.18435127 -3.705479 -0.19373088
0.02787628 -2.0458698 -0.107459374
0.11407492 -3.0393848 -0.16164722
0.21867396 -4.0294895 -0.20868391
0.051794525 -2.3700614 -0.1265649
0.1445573 -3.3647177 -0.17803259
-0.0002781333 -1.708482 -0.089767255
0.07797697 -2.6960697 -0.14461465
0.17696702 -3.6894038 -0.19373204
0.020645728 -2.028302 -0.10764261
0.106347926 -3.0225222 -0.16169755
0.21128765 -4.013447 -0.2086717
-0.006543882 -1.4686607 -0.044214178
-0.013226395 -1.5393763 -0.042386804
-0.021781594 -1.6327678 -0.050054252
-0.010315115 -1.5045587 -0.042985555
-0.01774065 -1.5823824 -0.043095402
-0.0063188258 -1.4643892 -0.046344742
-0.01439236 -1.5430071 -0.042253762
-0.023080768 -1.6318482 -0.044631243
-0.010441066 -1.5017657 -0.044583898
-0.018867405 -1.5850717 -0.042100202
-0.028918399 -1.6902275 -0.047955293
-0.014721304 -1.5406041 -0.043216944
-0.023817182 -1.6318179 -0.042639334
-0.009613486 -1.493644 -0.04684957
-0.019282762 -1.5821112 -0.04231386
-0.029262034 -1.6843771 -0.04408956
-0.014132202 -1.5332853 -0.045059707
-0.024200106 -1.6273726 -0.041961145
-0.03481988 -1.743253 -0.0469351
-0.018817887 -1.5744697 -0.04358391
-0.029484646 -1.6773268 -0.042278685
-0.012759322 -1.5222002 -0.047337115
-0.02379572 -1.6184708 -0.04252395
-0.035020877 -1.7326056 -0.043481745
-0.017553493 -1.56347 -0.045634467
-0.029125532 -1.6663978 -0.04197232
-0.040408846 -1.7928107 -0.04594946
-0.022551063 -1.6063553 -0.044077754
-0.03477908 -1.719133 -0.042039223
-0.045025285 -1.8552159 -0.049263567
-0.02787452 -1.6522478 -0.04287222
-0.04056987 -1.7770854 -0.042900562
-0.020683981 -1.5925496 -0.04628298
-0.033560954 -1.7022874 -0.04212196
-0.04602885 -1.8394806 -0.04487211
-0.02583835 -1.636469 -0.044676334
-0.03954263 -1.7573645 -0.041926403
-0.050438453 -1.903507 -0.04805393
-0.005565481 -1.4647429 -0.043847
-0.0015679167 -1.419208 -0.044370838
0.0040099467 -1.3627286 -0.051172692
-0.003016656 -1.4350991 -0.04372575
0.00085620035 -1.392429 -0.045925763
-0.0032128282 -1.4382004 -0.046682592
-0.0006971145 -1.4087821 -0.044101726
0.0031712467 -1.3670378 -0.04808255
-0.0010025337 -1.4129809 -0.045028232
0.0013888606 -1.3850571 -0.044988073
0.005433069 -1.3427961 -0.05115442
0.0009278949 -1.39017 -0.044656172
0.0032861128 -1.3632782 -0.04639272
-0.00033194458 -1.3858508 -0.049739033
0.0026875467 -1.3696897 -0.044884745
0.0050523733 -1.3429598 -0.048366006
0.0027712807 -1.3633969 -0.04687562
0.0042581907 -1.351337 -0.045628004
0.0067286706 -1.3239698 -0.051082376
0.004597709 -1.3459859 -0.045850266
0.0056474037 -1.3347435 -0.046878524
0.0017241 -1.3434303 -0.049704973
0.005966304 -1.3310956 -0.045768794
0.0068881363 -1.3196307 -0.048660073
0.0054642977 -1.3199552 -0.048497155
0.007081611 -1.3181077 -0.046315648
0.008008268 -1.3059126 -0.051061105
0.007662287 -1.304753 -0.047195673
0.00799641 -1.3067627 -0.04739603
0.009008962 -1.293701 -0.05436823
0.00897411 -1.2939575 -0.046774883
0.0087403925 -1.2968805 -0.048987288
0.0076761805 -1.282514 -0.048840284
0.009802788 -1.2857599 -0.047072407
0.009334015 -1.2884359 -0.051114943
0.010139384 -1.2678753 -0.04818593
0.010327679 -1.2794238 -0.04795635
0.009781165 -1.2815121 -0.053909075
0.0115827955 -1.2594427 -0.047728997
0.0106257675 -1.2746711 -0.049355958
0.009874859 -1.2487811 -0.0477346
0.012319781 -1.2549255 -0.0478489
0.010731543 -1.271424 -0.051244456
0.012331522 -1.2348729 -0.048427865
0.012587417 -1.2530148 -0.048545323
0.010656732 -1.2697383 -0.0536568
0.013859033 -1.227957 -0.04835348
0.01252337 -1.2530702 -0.04975947
0.01040823 -1.2696984 -0.056726288
0.014595693 -1.2261243 -0.04850226
0.012197768 -1.254848 -0.05143723
0.014491525 -1.2043259 -0.047834124
0.014723675 -1.2278653 -0.049097702
0.011642081 -1.2582906 -0.05355506
0.015981635 -1.198969 -0.048465364
0.014395616 -1.232236 -0.050165184
0.010872308 -1.2634293 -0.05614248
0.016695965 -1.1993427 -0.048872426
0.01371153 -1.2387288 -0.05166701
0.016738059 -1.1748787 -0.046529073
0.01673626 -1.2041285 -0.049508788
0.012728016 -1.2471229 -0.0535556
0.01810547 -1.1714656 -0.048017398
0.01622034 -1.2122796 -0.050510343
0.0114770625 -1.257334 -0.05579966
0.018737154 -1.1740599 -0.048860386
0.0152504 -1.2231052 -0.051890083
0.009986884 -1.2693412 -0.058328833
0.018680897 -1.1816032 -0.049679935
0.0138988765 -1.2361947 -0.053609066
0.020330274 -1.1444271 -0.04705124
0.018011298 -1.1931487 -0.05071814
0.012213581 -1.25133 -0.055610962
0.020823453 -1.1494849 -0.04843708
0.016808556 -1.2079393 -0.052048605
0.010231466 -1.2683902 -0.05781549
0.020638755 -1.1597955 -0.049551222
0.015143783 -1.2254446 -0.053661387
0.022729939 -1.1169584 -0.04566544
0.019814316 -1.1745566 -0.050722975
0.013072787 -1.245311 -0.0555015
0.023033816 -1.1248091 -0.04762026
0.018404318 -1.1930618 -0.052083027
0.010640426 -1.2673162 -0.05747531
0.022684589 -1.1380525 -0.049102955
0.016465785 -1.2147322 -0.053656682
0.025323251 -1.0883455 -0.04398838
0.021688601 -1.1560404 -0.05048493
0.014051919 -1.2391332 -0.055405375
0.025422215 -1.0992948 -0.046457984
0.020075027 -1.1781472 -0.051945675
0.01121027 -1.2659467 -0.057238985
0.024879048 -1.1157081 -0.04834358
0.017883895 -1.2038188 -0.053544566
0.00798561 -1.2949568 -0.05898775
0.023689758 -1.1370411 -0.049989406
0.015158718 -1.2325841 -0.0552651
0.028016426 -1.0723262 -0.045019034
0.021865211 -1.1627628 -0.051607307
0.011943492 -1.2640691 -0.057030663
0.027263144 -1.0921432 -0.04730021
0.01942847 -1.1923633 -0.053286802
0.008282054 -1.2979892 -0.05869113
0.025863776 -1.1169958 -0.049240407
0.016411185 -1.2253826 -0.05503402
0.030848783 -1.0433822 -0.043381426
0.023816878 -1.1464193 -0.051056143
0.012849927 -1.2614186 -0.05679006
0.029864425 -1.066826 -0.046013504
0.02113354 -1.1799612 -0.052859813
0.008784223 -1.3001474 -0.058425784
0.028242605 -1.0953774 -0.048254684
0.017833818 -1.2171842 -0.054678462
0.004254709 -1.3413336 -0.059701502
0.025964653 -1.1286325 -0.05029369
0.013945588 -1.2576891 -0.05647169
0.032702506 -1.0393006 -0.04453318
0.023030804 -1.1661788 -0.05225332
0.009502238 -1.3011291 -0.05813177
0.0308492 -1.0717258 -0.04705835
0.019452546 -1.2076119 -0.05417776
0.0045398464 -1.347239 -0.05946057
0.028333256 -1.1089493 -0.0493309
0.015249742 -1.2525406 -0.05604409
0.035776477 -1.0091976 -0.04291245
0.025145987 -1.1505957 -0.051467355
0.010449347 -1.3006152 -0.057765156
0.033695877 -1.0456432 -0.045684535
0.021290801 -1.1962796 -0.053522464
0.0050823945 -1.3515499 -0.05917483
0.030939953 -1.0869718 -0.04818561
0.016781485 -1.2456248 -0.055488292
-0.00082094764 -1.4051592 -0.059962235
0.027497496 -1.1328211 -0.05050941
0.011639705 -1.2982776 -0.0572965
0.036786065 -1.0168027 -0.044170856
0.023366988 -1.1828222 -0.052711822
0.005892052 -1.3539448 -0.05880922
0.033792768 -1.0623548 -0.046880897
0.01855714 -1.2366 -0.054795567
-0.00043518282 -1.4124217 -0.05979251
0.030097201 -1.112513 -0.04939242
0.013086077 -1.2937996 -0.056708556
0.040123742 -0.9849276 -0.042556603
0.02569371 -1.1669054 -0.051751412
0.0069776033 -1.3541154 -0.058337733
0.036894828 -1.0348115 -0.04544362
0.020588595 -1.2251527 -0.053965025
0.00025536655 -1.417333 -0.059489515
0.032949883 -1.0893748 -0.048133273
0.014798144 -1.2868843 -0.055993713
0.043693114 -0.94979864 -0.040881474
0.028277935 -1.1482395 -0.05065138
0.008345469 -1.3517803 -0.05774577
0.040244218 -1.004099 -0.043902896
0.022882873 -1.211003 -0.053001516
0.0012536381 -1.4196117 -0.059062693
0.03605642 -1.0631597 -0.046751656
0.016781485 -1.2772692 -0.05515171
-0.0064629503 -1.4902769 -0.059689857
0.031121284 -1.1265757 -0.0494251
0.009998683 -1.346689 -0.05702767
0.04383144 -0.97002095 -0.042288806
0.025442159 -1.1939131 -0.051914
0.0025594784 -1.4190162 -0.058501627
0.039412323 -1.0336579 -0.04526883
0.019037357 -1.2647287 -0.054187614
-0.0055213757 -1.4941419 -0.059367802
0.03422189 -1.1017088 -0.048088048
0.01193636 -1.3386312 -0.056184534
0.04765318 -0.9324063 -0.040632006
0.028264511 -1.1736846 -0.050714362
0.004169185 -1.4153441 -0.057803582
0.04301058 -1.0006964 -0.043706477
0.0215628 -1.2490798 -0.053110387
-0.0042467653 -1.4947534 -0.058882512
0.037574027 -1.0734644 -0.046656564
0.014153577 -1.3274355 -0.055222303
-0.01331615 -1.5769014 -0.05915771
0.031344987 -1.1501582 -0.049416367
0.006075322 -1.4084353 -0.05697162
0.046843592 -0.96411943 -0.042086054
0.02435134 -1.2301774 -0.051931757
-0.0026493506 -1.4919562 -0.058235776
0.041171234 -1.0416969 -0.04514634
0.016641492 -1.3129731 -0.054150403
-0.012025068 -1.5780607 -0.058812976
0.034676377 -1.1232027 -0.048034575
0.008266706 -1.3981692 -0.056012888
0.05089639 -0.9237892 -0.040430114
0.027393872 -1.2079152 -0.050665412
-0.000742583 -1.4856373 -0.057433393
0.04500558 -1.0062687 -0.04357047
0.01938785 -1.2951536 -0.052980673
-0.010390564 -1.575469 -0.05826288
0.038251728 -1.0927087 -0.046582814
0.010728455 -1.3844647 -0.054937255
-0.020713923 -1.667887 -0.058220033
0.030679928 -1.1822152 -0.049326073
0.001456987 -1.4757174 -0.0564843
0.049068455 -0.96704483 -0.041937687
0.022377625 -1.2739254 -0.0517264
-0.008430971 -1.5690539 -0.057522077
0.04206443 -1.0585699 -0.045072015
0.013442296 -1.3672768 -0.053756017
-0.018978024 -1.6647519 -0.05785798
0.034199584 -1.1530215 -0.04792847
0.003929818 -1.4621514 -0.055399507
0.053353578 -0.92386717 -0.04025292
0.025594052 -1.2492664 -0.050400984
-0.0061664986 -1.5587695 -0.056602817
0.04611111 -1.020668 -0.043506496
0.016387101 -1.3465947 -0.05248025
-0.016898656 -1.6574907 -0.057229757
0.037944444 -1.1202807 -0.04648616
0.0066537396 -1.4449219 -0.054190703
0.05784283 -0.8765525 -0.038532622
0.02901976 -1.2211769 -0.04901617
-0.0036190986 -1.5445952 -0.055519618
0.050391823 -0.97884285 -0.04187687
0.019539988 -1.3224303 -0.05111806
-0.0144977225 -1.6460853 -0.056379586
0.04191012 -1.0839292 -0.04501037
0.00960502 -1.4240379 -0.052868176
-0.026065486 -1.7498119 -0.056580674
0.032635752 -1.1896592 -0.047579687
-0.0008119508 -1.5265323 -0.05428879
0.05490121 -0.93287194 -0.040144324
0.022877935 -1.2948016 -0.04967011
-0.011797352 -1.6305362 -0.05532781
0.046095524 -1.0438652 -0.04350859
0.012761261 -1.3995173 -0.05143671
-0.023449114 -1.7365535 -0.05585553
0.036423285 -1.1547021 -0.04609196
0.0022323017 -1.5046072 -0.05292623
0.059666317 -0.88241714 -0.038213786
0.026373979 -1.2636931 -0.04812328
-0.008819334 -1.6108676 -0.054100413
0.05048695 -0.9999464 -0.041980375
0.016105887 -1.371359 -0.04988936
-0.020507848 -1.7189116 -0.054876495
0.040323764 -1.1162485 -0.04453878
0.005501346 -1.4788538 -0.051441602
-0.032936286 -1.8291366 -0.055077035
0.030030183 -1.2290014 -0.046441477
-0.005580786 -1.5871458 -0.052727405
0.05523982 -0.95190966 -0.04039719
0.019639017 -1.3394858 -0.048200436
-0.01726051 -1.6969421 -0.053682987
0.04434969 -1.0742009 -0.042865314
0.008996976 -1.4492828 -0.049829744
-0.029654367 -1.8087312 -0.054228537
0.03365733 -1.1904714 -0.04454806
-0.0020699862 -1.5594635 -0.051233914
0.05849026 -0.89992476 -0.03853726
0.02344146 -1.3036656 -0.046318624
-0.013718027 -1.6707903 -0.05233632
0.0478239 -1.0279977 -0.040861588
0.0128771225 -1.4158006 -0.048069194
-0.026049277 -1.7838039 -0.053097088
0.08968472 -2.4665563 -0.12700236
0.1819144 -3.4497051 -0.17817682
0.041316427 -1.8333849 -0.0859849
0.12061212 -2.7973514 -0.14445077
0.21911736 -3.7851245 -0.19425671
0.06850551 -2.1554515 -0.10825024
0.15363334 -3.1300294 -0.16154891
0.25838822 -4.121511 -0.2096872
0.096885085 -2.4815297 -0.12662357
0.18875363 -3.4645464 -0.17825066
0.047421593 -1.8437555 -0.086194344
0.12753808 -2.8112264 -0.14424191
0.22600114 -3.8007197 -0.19446148
0.07505694 -2.168164 -0.10718853
0.16043288 -3.1438484 -0.16147614
0.26538634 -4.1382294 -0.21005043
0.10357642 -2.4939694 -0.12604682
0.19554782 -3.4790018 -0.17832041
0.052974857 -1.8480257 -0.08675944
0.13418372 -2.8235826 -0.14394411
0.23288049 -3.8163075 -0.19469053
0.08085305 -2.1757703 -0.10639774
0.16707385 -3.156762 -0.16137156
0.27242014 -4.155318 -0.21046288
0.10974329 -2.5033884 -0.12543201
0.20226023 -3.4930315 -0.17839216
0.05823082 -1.8483137 -0.08730173
0.14052114 -2.8341534 -0.14360256
0.23973566 -3.8318992 -0.19494617
0.08623121 -2.1792972 -0.105955265
0.1735363 -3.1686466 -0.16125228
0.27948004 -4.172828 -0.21092257
0.11549135 -2.509807 -0.12491192
0.20887898 -3.506594 -0.17847358
0.063266575 -1.845625 -0.08777849
0.14656684 -2.8428192 -0.14327398
0.2465617 -3.8475056 -0.1952309
0.09135636 -2.1796987 -0.10577908
0.17982073 -3.1794293 -0.16114077
0.28656685 -4.1908083 -0.21142751
0.120940425 -2.5135815 -0.124545604
0.21540453 -3.5196686 -0.17857406
0.06813065 -1.8405881 -0.088207394
0.1523665 -2.8496423 -0.1430083
0.25336206 -3.8631449 -0.19554763
0.096311204 -2.1776881 -0.10578269
0.18594314 -3.1891139 -0.16106248
0.29368746 -4.2093034 -0.21197604
0.12618437 -2.5151687 -0.124338284
0.22184563 -3.532268 -0.17870505
0.0728616 -1.8336564 -0.08860646
0.157977 -2.8548222 -0.14283626
0.26014516 -3.878849 -0.19590028
0.101145744 -2.1737936 -0.10590608
0.19193178 -3.1977851 -0.16104017
0.3008517 -4.2283597 -0.21256715
0.13129048 -2.51501 -0.12427206
0.2282185 -3.5444458 -0.1788788
0.077491246 -1.8251796 -0.08898722
0.16345343 -2.858631 -0.14276959
0.26692355 -3.8946667 -0.1962937
0.10589598 -2.16842 -0.10611133
0.1978218 -3.2055945 -0.16108988
0.30807126 -4.248025 -0.21320064
0.13630776 -2.5134945 -0.12432389
0.23454538 -3.5562956 -0.17910619
0.08204641 -1.8154384 -0.08935633
0.16884395 -2.8613617 -0.14280745
0.27371338 -3.9106681 -0.19673298
0.11059063 -2.1618907 -0.106374666
0.20365025 -3.2127373 -0.16121998
0.3153594 -4.268354 -0.21387686
0.14127374 -2.5109544 -0.12447264
0.24085249 -3.5679479 -0.17939527
0.08654996 -1.804664 -0.08971756
0.17418925 -2.863301 -0.14294262
0.2805338 -3.9269435 -0.19722246
0.11525391 -2.1544716 -0.106680796
0.20945297 -3.2194297 -0.16143253
0.32273096 -4.2894087 -0.21459632
0.14621872 -2.5076754 -0.12470096
0.24716793 -3.5795565 -0.17975044
0.09102173 -1.793051 -0.09007296
0.17952369 -2.8647158 -0.14316547
0.2874061 -3.9436007 -0.19776496
0.11990689 -2.1463866 -0.107019626
0.2152631 -3.225893 -0.1617253
0.33020195 -4.3112583 -0.21535912
0.15116832 -2.5039039 -0.124995165
0.25352004 -3.5912898 -0.18017276
0.09547911 -1.780765 -0.09042362
0.18487681 -2.86585 -0.14346623
0.29435292 -3.9607596 -0.19836138
0.124568306 -2.137829 -0.107384294
0.22111088 -3.2323427 -0.16209354
0.33778957 -4.333979 -0.21616444
0.15614492 -2.499856 -0.12534466
0.25993642 -3.603321 -0.1806605
0.09993752 -1.7679495 -0.090770096
0.19027469 -2.8669255 -0.14383589
0.3013972 -3.9785461 -0.19901046
0.12925512 -2.128968 -0.10777007
0.22702393 -3.2389839 -0.16253136
0.34551135 -4.35765 -0.21701007
0.16116866 -2.4957244 -0.12574132
0.2664434 -3.6158214 -0.18121001
0.10441079 -1.754729 -0.09111264
0.1957408 -2.868144 -0.14426662
0.30856174 -3.9970872 -0.19970898
0.1339829 -2.1199548 -0.108173706
0.23302779 -3.2460089 -0.16303252
0.35338494 -4.3823476 -0.21789213
0.16625819 -2.4916832 -0.12617901
0.27306613 -3.628954 -0.18181618
0.10891147 -1.7412145 -0.091451384
0.20129701 -2.8696914 -0.14475182
0.31586868 -4.016504 -0.20045193
0.13876623 -2.1109262 -0.10859303
0.23914637 -3.2535968 -0.16359082
0.36142755 -4.408145 -0.2188049
0.17143105 -2.4878924 -0.12665321
0.2798285 -3.6428726 -0.18247297
0.11345105 -1.727504 -0.0917864
0.20696408 -2.8717399 -0.14528601
0.3233393 -4.0369077 -0.20123264
0.14361894 -2.1020079 -0.10902676
0.24540265 -3.2619147 -0.1642003
0.36965564 -4.4351015 -0.2197407
0.17670432 -2.4845018 -0.12716076
0.28675348 -3.6577184 -0.18317363
0.11804009 -1.7136862 -0.09211778
0.2127623 -2.8744512 -0.1458648
0.33099404 -4.0583963 -0.20204301
0.14855434 -2.093319 -0.10947434
0.251819 -3.2711174 -0.16485532
0.37808445 -4.463261 -0.22069
0.18209481 -2.481655 -0.12769963
0.2938634 -3.6736176 -0.18391071
0.122688435 -1.6998417 -0.09244569
0.21871188 -2.8779795 -0.14648464
0.3388521 -4.0810494 -0.20287351
0.1535855 -2.0849729 -0.109935924
0.25841773 -3.2813487 -0.16555022
0.38672778 -4.492647 -0.22164142
0.18761957 -2.4794908 -0.12826884
0.30117992 -3.69068 -0.18467593
0.12740518 -1.6860447 -0.09277036
0.22483355 -2.882473 -0.14714266
0.34693152 -4.1049256 -0.20371316
0.15872535 -2.077081 -0.11041237
0.2652214 -3.29274 -0.16627923
0.3955976 -4.5232563 -0.22258195
0.19329615 -2.4781482 -0.12886831
0.30872422 -3.7089965 -0.18545999
0.13219875 -1.6723639 -0.09309215
0.23114888 -2.8880749 -0.14783634
0.35524878 -4.130057 -0.20454957
0.16398698 -2.0697544 -0.110905245
0.27225292 -3.3054109 -0.1670358
0.40470368 -4.555057 -0.22349727
0.1991431 -2.4777668 -0.12949875
0.31651673 -3.728634 -0.18625201
0.13707687 -1.6588639 -0.093411535
0.2376808 -2.8949249 -0.14856298
0.36381826 -4.1564445 -0.20536892
0.16938381 -2.0631073 -0.11141691
0.27953595 -3.3194635 -0.16781199
0.41405308 -4.5879865 -0.22437209
0.20518042 -2.4784899 -0.13016135
0.3245767 -3.749631 -0.18703933
0.1420465 -1.6456064 -0.09372917
0.24445392 -2.9031568 -0.14931902
0.37265173 -4.1840568 -0.2061562
0.17492986 -2.0572588 -0.111950636
0.28709438 -3.3349779 -0.16859743
0.42364997 -4.6219497 -0.22519073
0.2114302 -2.4804657 -0.13085741
0.33292127 -3.77199 -0.18780689
0.14711371 -1.6326507 -0.094045915
0.25149503 -2.9128938 -0.15009864
0.38175726 -4.2128234 -0.20689566
0.1806403 -2.052337 -0.11251064
0.29495162 -3.3520026 -0.16937801
0.43349501 -4.6568217 -0.22593784
0.21791756 -2.4838471 -0.13158746
0.34156388 -3.7956707 -0.18853733
0.15228373 -1.6200553 -0.09436302
0.25883308 -2.9242408 -0.15089175
0.3911383 -4.242636 -0.20757174
0.18653223 -2.0484812 -0.11310215
0.30312908 -3.3705406 -0.17013457
0.4435852 -4.69245 -0.22659919
0.22467194 -2.4887881 -0.13234936
0.35051233 -3.8205812 -0.18921135
0.15756102 -1.6078782 -0.09468232
0.26649877 -2.9372663 -0.15168077
0.40079233 -4.273349 -0.2081702
0.19262645 -2.045846 -0.11373121
0.31164312 -3.3905318 -0.17084177
0.45391324 -4.7286625 -0.22716244
0.23172921 -2.4954324 -0.1331346
0.35976607 -3.846575 -0.18980928
0.16295013 -1.5961804 -0.09500679
0.27452266 -2.9519756 -0.1524362
0.41071004 -4.3047833 -0.20867969
0.19895102 -2.044605 -0.11440351
0.32050028 -3.4118345 -0.17146835
0.46446654 -4.765272 -0.22761786
0.23913445 -2.5038905 -0.13392109
0.36931327 -3.8734531 -0.19031331
0.1684579 -1.5850288 -0.09534144
0.28293058 -2.9682674 -0.15311182
0.42087305 -4.3367414 -0.20909278
0.20554878 -2.044949 -0.11512066
0.32969123 -3.4342115 -0.17197995
0.47522378 -4.802089 -0.2279589
0.24694513 -2.5141869 -0.13465974
0.3791278 -3.9009771 -0.19071011
0.17409942 -1.5745032 -0.09569529
0.29173398 -2.9858818 -0.15364252
0.43125036 -4.36902 -0.20940611
0.2124935 -2.0470731 -0.11586843
0.33918363 -3.4573362 -0.17234486
0.48614755 -4.838927 -0.22818252
0.25523132 -2.5261579 -0.13525361
0.38916516 -3.928895 -0.19099185
0.17991376 -1.5647112 -0.096084505
0.30091414 -3.0043545 -0.1539509
0.44178882 -4.4014263 -0.20961896
0.21992432 -2.0511184 -0.11658195
0.34891573 -3.480828 -0.1725404
0.49716985 -4.875615 -0.22828957
0.26406106 -2.5392802 -0.1355363
0.3993509 -3.9569724 -0.19115363
0.18600896 -1.5558134 -0.09653494
0.31039914 -3.0230315 -0.15396753
0.45239353 -4.433797 -0.20973125
0.2281158 -2.0569706 -0.11704922
0.3587788 -3.5043218 -0.17255305
0.50817025 -4.9120092 -0.22828586
0.27343965 -2.5524693 -0.13528329
0.4095472 -3.9850256 -0.19118911
0.19271216 -1.5480725 -0.09706294
0.3200155 -3.0412114 -0.15365177
0.46289614 -4.466016 -0.2097445
0.23757917 -2.0636158 -0.116691284
0.36853993 -3.5275507 -0.17237155
0.51896167 -4.948004 -0.22818604
0.28309464 -2.5641475 -0.13429882
0.41948307 -4.012949 -0.19109623
0.20134827 -1.5420917 -0.09736846
0.3292432 -3.058412 -0.15299109
0.4730413 -4.4980335 -0.20967454
0.24850672 -2.0675857 -0.11433489
0.3776523 -3.5504189 -0.17201295
0.5293353 -4.983544 -0.22802392
0.21793586 -1.5791581 -0.09341282
0.22468992 -1.5915962 -0.096003875
0.23471366 -1.7589315 -0.100352064
0.24624558 -1.9170005 -0.105632596
0.25598976 -2.0620818 -0.111552626
0.26767674 -2.1110764 -0.113277584
0.2768147 -2.2562268 -0.118652225
0.28443968 -2.390277 -0.12417295
0.30309266 -2.4660513 -0.12662464
0.31007007 -2.5986497 -0.13177149
0.31603402 -2.7222402 -0.13698252
0.32050326 -2.837728 -0.14220794
0.34546393 -2.942304 -0.14464484
0.35003933 -3.0564842 -0.14964378
0.3536691 -3.164071 -0.15466185
0.38238382 -3.2855458 -0.15720627
0.3858666 -3.3916013 -0.16206194
0.38873193 -3.4922476 -0.16693349
0.39086378 -3.587945 -0.17180482
0.42313838 -3.726794 -0.174244
0.42538872 -3.8214614 -0.17901012
0.42712966 -3.9119866 -0.18377912
0.46165872 -4.061732 -0.18622163
0.46343863 -4.151286 -0.19090892
0.46486425 -4.2373424 -0.19559997
0.46590742 -4.3201466 -0.20028771
0.50276536 -4.4815373 -0.2026493
0.5039541 -4.5637536 -0.20727642
0.5048822 -4.6431875 -0.2119016
0.54330933 -4.8121686 -0.21423903
0.5443212 -4.8911057 -0.21880402
0.54518086 -4.967672 -0.2233645
0.5458682 -5.0419865 -0.22792287
0.585907 -5.2193646 -0.23013847
0.5867396 -5.2935767 -0.23460628
0.5875001 -5.365869 -0.23907524
0.62865436 -5.5485168 -0.24112807
-0.026757171 -1.7963723 -0.05175391
0.013998205 -1.4155096 -0.04643712
0.051695023 -1.0105437 -0.037411578
-0.014964795 -1.690271 -0.050633904
0.024942322 -1.3032238 -0.04404995
0.06368444 -0.87769854 -0.03498852
-0.003419074 -1.5827127 -0.049166434
0.03595747 -1.1858801 -0.041393172
-0.03407565 -1.8595239 -0.051929787
0.007964688 -1.4726709 -0.047320276
0.047264565 -1.0618616 -0.038602546
-0.021899559 -1.7518573 -0.05101893
0.019289367 -1.3590415 -0.045110986
0.05932654 -0.9287816 -0.03607191
-0.009999598 -1.642856 -0.049773227
0.030697986 -1.2405545 -0.042605657
-0.041590255 -1.9233155 -0.052051753
0.0017153922 -1.5315033 -0.04814895
0.042406943 -1.1156316 -0.039941754
-0.02905754 -1.8144535 -0.051339075
0.013352612 -1.4167333 -0.046150774
0.054744214 -0.9821507 -0.03739654
-0.016822085 -1.7043166 -0.050312985
0.025057906 -1.2973423 -0.043837406
0.06783963 -0.83761156 -0.035765555
-0.0048042764 -1.5919086 -0.048916664
0.037038215 -1.1718563 -0.041334886
-0.036447547 -1.8778672 -0.051618643
0.007094659 -1.4762233 -0.04714227
0.049578052 -1.0383222 -0.038867366
-0.023896119 -1.7669393 -0.050793774
0.019009486 -1.3561513 -0.045038994
0.06294775 -0.8941069 -0.036772452
-0.011616895 -1.653754 -0.049615446
0.03112516 -1.230355 -0.042719565
-0.044069752 -1.941928 -0.05187196
0.00045774563 -1.5373776 -0.048059627
0.043688346 -1.0970808 -0.04038117
