-7.802907e-18 5.28e-43 -7.802907e-18
5.28e-43 2.2e-44 0.15906857
-0.09527888 0.9445158 0.16452675
-0.08158614 0.7127554 0.15276513
-0.020710435 -0.6022122 0.1402915
-0.08677888 0.49253857 0.15906817
-0.095074065 0.93921906 0.1645216
-0.08146744 0.7093499 0.1527795
-0.018521171 -0.6660106 0.13931164
-0.025054716 -0.7605352 0.13922797
-0.022070229 -0.9004691 0.14081672
-0.013095927 -1.0859908 0.14157853
-0.000975666 -1.2829287 0.14262852
-0.027710157 -0.73725045 0.15800832
-0.03430649 -0.41836968 0.16197903
-0.033307046 -0.26778913 0.1535291
-0.00068776135 -1.2864467 0.14283966
-0.027528638 -0.74115247 0.15800399
-0.03412535 -0.42241675 0.16196916
-0.033166114 -0.27099362 0.15352039
-0.00038524842 -1.2905489 0.14285237
-0.027343085 -0.74525684 0.15800457
-0.03394208 -0.4266022 0.16196084
-0.033025138 -0.27423126 0.15350941
-0.0001243012 -1.294342 0.14286889
-0.027165076 -0.74913377 0.15798017
-0.03376198 -0.43063143 0.16195005
-0.032885008 -0.27743277 0.15351693
-4.1714415e-05 -1.2985427 0.14283171
-0.026981493 -0.7532572 0.15801546
-0.03357932 -0.43482372 0.16194338
-0.0327454 -0.28066605 0.1534775
-0.00013398488 -1.3022344 0.14270434
-0.026806764 -0.7571079 0.15794192
-0.033400193 -0.43883398 0.16193072
-0.032606706 -0.28386384 0.15352543
0.00018225308 -1.3060877 0.14293315
-0.026625384 -0.76124537 0.15803064
-0.03321781 -0.44303417 0.16192597
-0.032468304 -0.28709862 0.15344149
0.00028255826 -1.3093212 0.14271392
-0.026453657 -0.76508474 0.15792406
-0.03303911 -0.44702488 0.16191293
-0.032330513 -0.29027858 0.15351798
0.00013651753 -1.3131311 0.14305039
-0.026279256 -0.7692072 0.15797812
-0.03285675 -0.45123324 0.16190538
-0.032191254 -0.29354078 0.15345961
0.0021509463 -1.3572228 0.1413494
-0.031424567 -0.23764133 0.14388338
-0.03257339 -0.35614356 0.15885389
-0.031231688 -0.57568604 0.16150524
-0.017126447 -0.9924023 0.15265942
-0.009590885 -1.2343194 0.15072867
-0.02355655 -0.80121785 0.16058089
-0.025645616 -0.55142516 0.15960704
-0.028687174 -0.36052936 0.14613496
0.02755121 -1.6857246 0.13409011
0.08643826 -2.3594258 0.11761487
0.15781046 -3.0368567 0.10036636
0.04578391 -1.9073383 0.12893802
0.10883777 -2.5838873 0.11181564
-0.079587586 -1.0789751 0.11714646
-0.07931663 -1.0679187 0.117052965
-0.07937937 -1.0420274 0.116634175
-0.07841772 -1.0491439 0.1169432
-0.07913595 -1.0275998 0.11665708
-0.077249564 -1.0339367 0.11695028
0.0025827903 -1.3669815 0.14106235
0.0067587183 -1.4601909 0.14088659
0.007135736 -1.3950231 0.13951479
0.008691028 -1.4868507 0.14006297
0.0052542086 -1.4235126 0.13873692
0.031331833 -1.8127604 0.13337594
0.08643458 -2.4304943 0.117637835
0.15224497 -3.0547457 0.100798994
0.012412589 -1.551848 0.13916293
0.009540299 -1.4837776 0.13902147
-0.13701808 -1.6628102 0.112644665
-0.1070621 -1.3614386 0.11597851
-0.08203777 -1.1120076 0.11704793
-0.112159684 -1.4577571 0.11572839
-0.14468174 -1.7765496 0.11189429
-0.16561964 -1.9326006 0.10762941
-0.13963367 -1.6858904 0.11226166
-0.10942686 -1.3857942 0.11581794
-0.08170622 -1.0681934 0.11670605
-0.13956521 -1.6841729 0.11228835
-0.10941159 -1.3845228 0.115831
-0.08127895 -1.067419 0.11671303
0.04570068 -1.9048325 0.12896718
0.108859286 -2.5827842 0.111805096
0.009086299 -1.4516678 0.13824767
0.06539079 -2.1283407 0.12338093
0.13282149 -2.8088722 0.106015526
-0.15042806 -1.7812178 0.11049719
-0.11901567 -1.4840178 0.11497836
-0.09188738 -1.1755002 0.1167157
-0.15032917 -1.7793756 0.11053426
-0.11896779 -1.4825797 0.11499493
-0.09194865 -1.1745261 0.116732895
0.025431367 -1.673217 0.1343578
0.08635387 -2.3532422 0.11760647
0.15827008 -3.0358398 0.10027938
0.045365173 -1.8973628 0.12905167
0.108914204 -2.579536 0.11176997
-0.16171151 -1.8764563 0.108488664
-0.12890153 -1.5804231 0.113848895
-0.10022547 -1.2785352 0.11644805
-0.16159637 -1.874475 0.1085426
-0.12883483 -1.5788723 0.11387005
-0.10021897 -1.277596 0.11646153
0.010468255 -1.4405059 0.13874476
0.06515176 -2.122444 0.12340732
0.13301492 -2.8069725 0.10595748
0.025640866 -1.6647968 0.13453744
0.0862553 -2.3487682 0.11759477
0.1586055 -3.0352387 0.10020857
-0.1391474 -1.6756053 0.11242473
-0.10927506 -1.3783698 0.11590144
-0.08169343 -1.0647569 0.11687008
-0.13906181 -1.6738756 0.11245223
-0.109251045 -1.3771354 0.115915656
-0.082081206 -1.0642835 0.11688174
0.04489403 -1.8901098 0.12912522
0.10895669 -2.5763996 0.11172916
0.008789736 -1.4277853 0.13884564
0.06481555 -2.1165154 0.12342654
0.13319936 -2.8051405 0.105893716
-0.14982133 -1.7700875 0.11071903
-0.1187241 -1.4755771 0.11507927
-0.09128587 -1.1707529 0.11681811
-0.13046715 -1.25478 0.10725964
-0.12559658 -1.2089118 0.1102748
-0.12207096 -1.1634794 0.11290112
-0.15574878 -1.7656955 0.10980237
-0.14409545 -1.5666256 0.11013842
-0.13505144 -1.3901074 0.109231964
-0.13175277 -1.284339 0.10758247
-0.110573865 -1.0758553 0.11519942
-0.09799601 -1.02735 0.115335345
-0.08848315 -1.016633 0.1159118
-0.08256029 -1.0361216 0.116692595
-0.11496811 -1.0998805 0.11537336
-0.10122611 -1.0352294 0.115227446
-0.090717316 -1.0136325 0.11569517
-0.083582655 -1.0236604 0.11646116
-0.114946045 -1.0991553 0.11534437
-0.10110738 -1.0335083 0.11521688
-0.09051269 -1.0108144 0.11568191
-0.083290644 -1.0197384 0.11644831
-0.11492668 -1.098439 0.11530752
-0.10098815 -1.0317873 0.11520638
-0.09030905 -1.0079949 0.1156689
-0.083000764 -1.0158122 0.11643562
-0.114927486 -1.0977364 0.11526313
-0.10087811 -1.0300709 0.115195945
-0.090106994 -1.0051773 0.11565607
-0.08270657 -1.0118856 0.116422914
-0.1148703 -1.097032 0.11521192
-0.10074665 -1.028351 0.11518572
-0.08990232 -1.0023572 0.11564346
-0.08242439 -1.0079557 0.11641016
-0.114926 -1.096351 0.115155116
-0.10065624 -1.0266391 0.115176104
-0.08970532 -0.9995401 0.11563124
-0.08212404 -1.004025 0.11639734
-0.11480987 -1.0956656 0.11509445
-0.10050557 -1.0249227 0.11516775
-0.08949732 -0.99671984 0.115619764
-0.08185075 -1.0000899 0.116384484
-0.11490162 -1.0949874 0.115032054
-0.10042848 -1.023209 0.11516171
-0.089305885 -0.9939022 0.115609564
-0.08155029 -0.9961584 0.116371475
-0.004920271 -1.2307764 0.14121778
-0.016348984 -1.022838 0.14116314
-0.02321482 -0.85504454 0.13999231
-0.023114981 -0.73749435 0.13825622
-0.020452356 -0.7301476 0.13754684
-0.023066286 -0.8289799 0.13919425
-0.018155836 -0.9809202 0.14067101
-0.007978878 -1.1763383 0.14114243
-0.01907203 -0.7475637 0.13710721
-0.022031307 -0.8428178 0.13888167
-0.017299218 -0.99253 0.14041181
-0.0071972716 -1.1864744 0.14092287
-0.017955232 -0.7649546 0.13666627
-0.021132221 -0.8566051 0.13856703
-0.016548073 -1.0040966 0.14014949
-0.0065844855 -1.1965694 0.14069991
-0.016592858 -0.78239614 0.13622612
-0.02010741 -0.87046903 0.13825177
-0.015699463 -1.0157304 0.13988565
-0.005819276 -1.2067341 0.14047547
-0.0153898075 -0.7997878 0.1357867
-0.01916182 -0.88427734 0.13793589
-0.014911277 -1.0273184 0.13962072
-0.0051530586 -1.2168486 0.14025037
-0.014085754 -0.8172241 0.1353476
-0.018165026 -0.8981537 0.1376192
-0.014083634 -1.038966 0.13935477
-0.0044260197 -1.227025 0.14002499
0.036979843 -1.3484433 0.12561032
0.14790913 -2.5953014 0.10166854
0.27424395 -3.782246 0.083181754
0.28381082 -3.9300494 0.07736511
0.23793374 -3.5962305 0.082227714
0.20673034 -3.3688617 0.089350656
0.18965673 -3.2740858 0.09407898
-0.003481366 -1.2387782 0.13956872
-0.01273405 -1.0554988 0.13876216
-0.01618396 -0.9214576 0.13688515
-0.011102945 -0.85050464 0.13435793
-0.0041993023 -1.2285446 0.13979647
-0.013562583 -1.0437611 0.13903287
-0.01718217 -0.9074569 0.13720791
-0.012408206 -0.8328669 0.13481122
-0.024354735 -0.6408208 0.13832624
-0.019631067 -0.6924628 0.13938385
-0.019400353 -0.70547545 0.13771945
-0.014683467 -0.7557609 0.13869141
-0.014274061 -0.77074915 0.13714984
-0.009577445 -0.8182095 0.13725625
0.003999964 -0.9857266 0.13382217
0.13930589 -2.4318883 0.10702756
0.27312848 -3.704272 0.08730995
0.26300216 -3.6724207 0.08523601
0.13695067 -2.469333 0.10436704
0.024800666 -1.1860102 0.12969774
0.22951245 -3.3715658 0.08953277
0.10723542 -2.1566586 0.11005036
0.3189618 -4.1564207 0.07882853
0.18669026 -2.969375 0.09574988
0.06923718 -1.732477 0.118296005
0.272356 -3.7585218 0.083870254
0.14561689 -2.5627596 0.10256691
0.03339006 -1.2969047 0.12727043
0.2278024 -3.3599422 0.08952738
0.10621911 -2.1496332 0.11001786
0.31698552 -4.142921 0.07880168
0.18515739 -2.958985 0.09575996
0.068592966 -1.7280252 0.11831331
0.2705004 -3.7458942 0.08386318
0.14430255 -2.553832 0.102542505
0.033114824 -1.2954692 0.12690668
0.22609061 -3.3483317 0.08952773
0.105188936 -2.1426575 0.11004079
0.31500188 -4.1294007 0.07878738
0.18362193 -2.948573 0.09576354
0.06791 -1.7234776 0.11823265
-0.13054271 -1.2548796 0.10720679
-0.12575307 -1.2097228 0.11024246
-0.122317724 -1.1654232 0.11287074
-0.13061938 -1.2550076 0.107153684
-0.12590791 -1.210579 0.11021058
-0.12253832 -1.1674225 0.11284728
-0.13069774 -1.2551544 0.1071004
-0.12606353 -1.211473 0.11017885
-0.12276818 -1.1696632 0.112830736
-0.13077746 -1.2553005 0.10704691
-0.12621804 -1.2123355 0.11014729
-0.12307398 -1.17195 0.11282192
-0.13085859 -1.2554358 0.10699324
-0.12637061 -1.2131127 0.11011579
-0.12340888 -1.1735488 0.11282064
-0.13094084 -1.2555726 0.10693929
-0.12652165 -1.2138658 0.11008405
-0.12380533 -1.1752497 0.11282613
-0.13102655 -1.255729 0.106885254
-0.12667619 -1.214658 0.11005233
-0.12420461 -1.1771709 0.11283854
-0.13111344 -1.25592 0.10683051
-0.12682982 -1.2155017 0.11001934
-0.124560654 -1.1791403 0.11285519
-0.1312672 -1.2561191 0.10677645
-0.12709762 -1.2163393 0.10998721
-0.12504235 -1.1810917 0.11287653
-0.13104486 -1.2343142 0.11291354
-0.12598203 -1.1799432 0.11394684
-0.13113734 -1.234328 0.11342164
-0.12594466 -1.1807773 0.1145746
-0.13119775 -1.2342992 0.11387886
-0.12622626 -1.181443 0.11448126
-0.1358554 -1.2707675 0.10652684
-0.13487104 -1.2572129 0.11009807
-0.13541849 -1.2665342 0.11337895
-0.033900872 -0.1373535 0.131111
-0.044394813 -0.10398508 0.13067016
-0.051993158 -0.0898989 0.12863503
-0.06235779 -0.11326943 0.12560403
-0.03385457 -0.13187923 0.13031977
-0.0444325 -0.108530015 0.1298076
-0.052168112 -0.10336345 0.12779824
-0.06286706 -0.136453 0.124772385
-0.033854328 -0.12703897 0.12957327
-0.044469096 -0.11318642 0.12896682
-0.05236048 -0.11683988 0.12699208
-0.063412115 -0.1593844 0.1240177
-0.033891443 -0.12274084 0.1288389
-0.044505697 -0.11796201 0.12814677
-0.052571215 -0.13032408 0.1262128
-0.06399177 -0.18204224 0.12331812
-0.033949457 -0.11892328 0.12811278
-0.044541836 -0.12286058 0.1273479
-0.05279894 -0.14380354 0.12545982
-0.06460255 -0.20439157 0.122662246
-0.03401573 -0.115547426 0.12739311
-0.044577684 -0.12788774 0.12656961
-0.05304329 -0.15726812 0.12473056
-0.065241985 -0.2264021 0.12204115
-0.034081265 -0.11258722 0.12668093
-0.04461335 -0.13304852 0.12581171
-0.05330363 -0.17070669 0.124023244
-0.06590674 -0.24804483 0.12145001
-0.034140583 -0.11002546 0.12597753
-0.044649236 -0.13834792 0.12507385
-0.053579543 -0.18410857 0.12333607
-0.066593096 -0.26929516 0.1208855
-0.03419063 -0.10785045 0.12528427
-0.044685896 -0.14379054 0.12435582
-0.053870592 -0.19746329 0.12266764
-0.06729688 -0.29013303 0.12034524
-0.034230042 -0.1060543 0.12460234
-0.044724084 -0.14938036 0.12365733
-0.054176316 -0.21076085 0.12201686
-0.06801367 -0.31054354 0.11982713
-0.034258537 -0.104631655 0.12393273
-0.044764675 -0.1551206 0.12297808
-0.054496225 -0.22399169 0.12138295
-0.068739146 -0.3305169 0.1193291
-0.034276504 -0.10357891 0.12327623
-0.044808637 -0.16101368 0.122317724
-0.0548298 -0.2371468 0.1207654
-0.069469295 -0.350048 0.11884916
-0.034284756 -0.10289366 0.12263351
-0.04485697 -0.16706115 0.12167593
-0.055176467 -0.2502177 0.1201639
-0.07020057 -0.36913604 0.11838534
-0.034284335 -0.10257433 0.1220051
-0.04491065 -0.17326362 0.12105234
-0.0555356 -0.2631966 0.11957831
-0.07092999 -0.38778356 0.117935844
-0.03427643 -0.10261994 0.12139143
-0.044970624 -0.17962097 0.12044663
-0.055906557 -0.27607626 0.11900859
-0.07165519 -0.40599594 0.117499076
-0.034262292 -0.10302982 0.12079289
-0.04503772 -0.18613225 0.11985847
-0.056288593 -0.28885013 0.11845477
-0.07237433 -0.42378062 0.11707365
-0.03424322 -0.10380352 0.12020978
-0.045112718 -0.19279593 0.11928761
-0.05668101 -0.30151236 0.117916934
-0.07308616 -0.44114646 0.11665848
-0.034220494 -0.10494072 0.11964238
-0.045196258 -0.1996099 0.11873379
-0.057083033 -0.3140578 0.11739517
-0.07378982 -0.45810327 0.11625273
-0.034195397 -0.10644104 0.11909089
-0.045288887 -0.20657165 0.11819683
-0.057493877 -0.3264819 0.116889566
-0.07448481 -0.47466123 0.11585578
-0.034169197 -0.10830406 0.118555546
-0.04539108 -0.21367829 0.117676586
-0.057912804 -0.3387809 0.11640022
-0.07517099 -0.49083075 0.11546728
-0.03414312 -0.110529214 0.118036486
-0.045503184 -0.2209267 0.11717295
-0.05833905 -0.35095164 0.11592717
-0.07584833 -0.5066221 0.115087025
-0.034118373 -0.11311576 0.11753388
-0.045625493 -0.22831361 0.11668585
-0.05877187 -0.36299166 0.11547045
-0.076517016 -0.5220453 0.11471496
-0.034096114 -0.11606275 0.11704783
-0.045758206 -0.2358356 0.116215244
-0.059210557 -0.374899 0.11503006
-0.077177286 -0.53711 0.114351146
-0.034077477 -0.11936902 0.11657847
-0.0459015 -0.24348919 0.11576113
-0.059654456 -0.38667238 0.11460598
-0.07782948 -0.55182534 0.11399576
-0.034063537 -0.12303315 0.11612587
-0.046055444 -0.25127092 0.11532349
-0.0601029 -0.39831096 0.11419815
-0.07847389 -0.5662 0.11364901
-0.034055352 -0.1270535 0.11569011
-0.046220113 -0.25917742 0.11490234
-0.060555317 -0.4098145 0.11380649
-0.07911086 -0.5802424 0.11331115
-0.034053925 -0.13142811 0.11527127
-0.046395544 -0.26720518 0.11449772
-0.061011184 -0.42118305 0.11343093
-0.07974074 -0.59396005 0.11298249
-0.03406021 -0.13615485 0.114869386
-0.04658171 -0.27535102 0.11410964
-0.061469983 -0.43241718 0.11307134
-0.08036377 -0.6073605 0.11266331
-0.034075134 -0.1412313 0.1144845
-0.046778608 -0.28361166 0.11373813
-0.061931282 -0.4435177 0.11272759
-0.080980234 -0.62045056 0.1123539
-0.034099583 -0.1466548 0.11411665
-0.046986207 -0.291984 0.11338321
-0.0623947 -0.4544858 0.112399586
-0.08159037 -0.6332368 0.11205458
-0.03413439 -0.15242246 0.11376583
-0.04720444 -0.30046502 0.11304489
-0.06285986 -0.46532282 0.11208715
-0.082194336 -0.6457254 0.11176561
-0.034180373 -0.15853116 0.11343207
-0.047433272 -0.30905187 0.11272318
-0.06332649 -0.47603038 0.11179019
-0.082792304 -0.6579223 0.111487255
-0.034238275 -0.16497758 0.11311535
-0.047672622 -0.31774178 0.11241806
-0.063794285 -0.4866102 0.11150852
-0.08338438 -0.66983306 0.11121975
-0.03430885 -0.1717582 0.11281566
-0.047922462 -0.3265321 0.11212953
-0.064263046 -0.49706423 0.11124203
-0.08397066 -0.68146306 0.110963315
-0.034392778 -0.17886925 0.11253297
-0.048182704 -0.33542022 0.11185753
-0.064732544 -0.5073944 0.11099058
-0.084551185 -0.6928174 0.11071814
-0.03449072 -0.18630682 0.11226724
-0.048453305 -0.3444037 0.11160204
-0.06520263 -0.5176028 0.11075401
-0.08512599 -0.70390093 0.11048439
-0.034603328 -0.19406684 0.11201842
-0.04873423 -0.35348028 0.111362986
-0.065673165 -0.5276916 0.110532224
-0.085695095 -0.71471864 0.11026224
-0.034731176 -0.202145 0.11178644
-0.049025405 -0.36264762 0.11114029
-0.066144004 -0.5376629 0.11032506
-0.08625847 -0.7252749 0.11005177
-0.03487485 -0.21053688 0.11157122
-0.04932681 -0.37190357 0.110933855
-0.06661506 -0.5475189 0.11013239
-0.08681608 -0.7355743 0.109853104
-0.03503489 -0.21923791 0.11137268
-0.049638405 -0.38124606 0.1107436
-0.06708624 -0.5572618 0.10995408
-0.08736788 -0.7456212 0.10966632
-0.035211824 -0.22824332 0.111190714
-0.04996017 -0.39067298 0.11056939
-0.06755747 -0.56689376 0.10979001
-0.087913804 -0.75541985 0.10949147
-0.035406135 -0.2375482 0.1110252
-0.05029208 -0.4001824 0.11041109
-0.06802869 -0.57641685 0.10964005
-0.08845377 -0.7649743 0.10932859
-0.035618294 -0.24714762 0.110876
-0.050634123 -0.40977246 0.11026857
-0.06849984 -0.5858333 0.10950405
-0.0889877 -0.7742888 0.1091777
-0.03584874 -0.25703627 0.110742986
-0.050986286 -0.41944113 0.11014165
-0.06897086 -0.59514517 0.109381884
-0.08951548 -0.7833671 0.109038785
-0.03609792 -0.26720902 0.110626
-0.05134859 -0.42918676 0.11003018
-0.06944173 -0.6043545 0.109273426
-0.090037026 -0.79221344 0.10891185
-0.03636621 -0.27766025 0.11052485
-0.051721014 -0.43900728 0.109933965
-0.06991238 -0.6134634 0.10917852
-0.090552196 -0.8008315 0.10879685
-0.036654003 -0.28838456 0.11043937
-0.052103583 -0.4489011 0.109852806
-0.07038278 -0.62247384 0.109097034
-0.09106089 -0.8092253 0.10869373
-0.036961667 -0.2993761 0.11036936
-0.05249631 -0.45886624 0.109786496
-0.0708529 -0.63138777 0.109028816
-0.091562994 -0.81739855 0.108602434
-0.03728954 -0.31062922 0.1103146
-0.052899223 -0.46890104 0.10973482
-0.07132269 -0.6402073 0.108973704
-0.092058375 -0.8253552 0.108522885
-0.037637934 -0.3221379 0.11027485
-0.05331232 -0.47900367 0.10969753
-0.0717921 -0.64893425 0.10893154
-0.0925469 -0.8330988 0.10845498
-0.03800719 -0.33389598 0.1102499
-0.05373566 -0.48917225 0.109674394
-0.07226111 -0.6575706 0.10890217
-0.093028456 -0.84063333 0.10839864
-0.038397554 -0.34589738 0.11023946
-0.054169238 -0.499405 0.10966513
-0.07272965 -0.66611826 0.10888541
-0.093502894 -0.84796244 0.108353734
-0.038809307 -0.3581357 0.110243276
-0.054613087 -0.5097001 0.109669484
-0.07319767 -0.67457914 0.108881064
-0.09397008 -0.8550899 0.10832014
-0.03924273 -0.37060443 0.11026107
-0.05506726 -0.52005565 0.109687164
-0.073665135 -0.68295527 0.10888898
-0.09442991 -0.8620195 0.10829775
-0.039698023 -0.38329706 0.11029252
-0.055531763 -0.5304698 0.10971787
-0.07413197 -0.6912485 0.10890892
-0.09488223 -0.8687549 0.108286396
-0.040175423 -0.39620674 0.11033733
-0.056006633 -0.5409405 0.10976129
-0.07459813 -0.69946074 0.1089407
-0.09532692 -0.8753 0.10828594
-0.04067513 -0.40932658 0.11039516
-0.0564919 -0.55146587 0.109817095
-0.07506356 -0.7075941 0.108984105
-0.095763855 -0.8816585 0.10829624
-0.04119731 -0.42264956 0.110465676
-0.056987572 -0.56204385 0.10988493
-0.07552816 -0.71565056 0.10903888
-0.0961929 -0.88783425 0.108317114
-0.041742142 -0.4361685 0.1105485
-0.05749369 -0.57267237 0.10996446
-0.075991884 -0.72363216 0.10910482
-0.09661392 -0.8938311 0.10834842
-0.042309754 -0.449876 0.11064327
-0.058010254 -0.5833493 0.11005528
-0.076454654 -0.7315411 0.10918165
-0.09702681 -0.8996528 0.108389966
-0.042900294 -0.46376467 0.11074958
-0.058537297 -0.59407246 0.110157035
-0.076916404 -0.7393795 0.10926912
-0.09743143 -0.90530336 0.1084416
-0.043513868 -0.47782674 0.11086704
-0.059074823 -0.6048397 0.11026931
-0.07737706 -0.7471497 0.109366946
-0.097827666 -0.9107867 0.10850313
-0.04415055 -0.49205443 0.11099519
-0.05962283 -0.6156487 0.11039166
-0.077836536 -0.754854 0.10947484
-0.09821539 -0.9161068 0.1085744
-0.04481042 -0.50643975 0.111133605
-0.06018133 -0.6264971 0.11052366
-0.07829477 -0.76249486 0.10959249
-0.09859448 -0.92126775 0.108655214
-0.045493517 -0.5209745 0.11128181
-0.060750294 -0.63738245 0.11066486
-0.078751676 -0.7700748 0.10971958
-0.098964795 -0.92627364 0.1087454
-0.04619988 -0.5356503 0.11143932
-0.06132973 -0.6483024 0.11081477
-0.07920721 -0.77759635 0.10985576
-0.09932622 -0.9311287 0.1088448
-0.046929497 -0.5504587 0.11160562
-0.061919592 -0.65925425 0.110972896
-0.0796613 -0.7850623 0.110000685
-0.09967861 -0.93583715 0.10895323
-0.047682367 -0.565391 0.11178018
-0.06251986 -0.6702356 0.111138724
-0.0801139 -0.7924755 0.11015396
-0.10002185 -0.9404035 0.109070525
-0.04845843 -0.5804382 0.111962445
-0.06313049 -0.6812436 0.11131172
-0.08056496 -0.7998389 0.110315174
-0.10035575 -0.94483227 0.109196536
-0.049257644 -0.59559125 0.11215183
-0.06375142 -0.6922756 0.11149133
-0.08101446 -0.80715543 0.11048393
-0.10068019 -0.94912815 0.109331116
-0.05007989 -0.6108409 0.11234772
-0.06438259 -0.7033288 0.11167696
-0.08146238 -0.81442827 0.110659756
-0.10099498 -0.95329595 0.109474115
-0.050925057 -0.6261777 0.112549484
-0.065023914 -0.7144004 0.11186803
-0.08190872 -0.82166064 0.11084218
-0.101299934 -0.95734084 0.1096254
-0.051792998 -0.6415919 0.11275644
-0.0656753 -0.7254874 0.11206391
-0.082353495 -0.8288559 0.11103071
-0.10159485 -0.9612681 0.10978486
-0.05268355 -0.65707374 0.11296788
-0.06633665 -0.7365869 0.11226395
-0.08279676 -0.8360173 0.11122482
-0.10187951 -0.96508336 0.10995238
-0.05359649 -0.6726131 0.11318306
-0.06700782 -0.74769586 0.112467475
-0.083238564 -0.8431484 0.11142395
-0.10215365 -0.96879256 0.11012787
-0.054531578 -0.68819964 0.113401204
-0.06768867 -0.7588111 0.1126738
-0.08367899 -0.85025257 0.111627504
-0.102417 -0.972402 0.11031124
-0.055488568 -0.70382315 0.11362148
-0.06837905 -0.7699297 0.11288219
-0.084118165 -0.8573333 0.11183489
-0.10266926 -0.97591853 0.11050241
-0.056467116 -0.7194727 0.11384302
-0.06907878 -0.78104836 0.11309189
-0.08455621 -0.86439407 0.11204545
-0.1029101 -0.9793495 0.11070129
-0.057466913 -0.73513776 0.114064895
-0.06978765 -0.792164 0.11330212
-0.08499328 -0.8714383 0.11225854
-0.10313918 -0.98270273 0.11090781
-0.058487568 -0.75080717 0.114286155
-0.07050546 -0.8032734 0.11351206
-0.085429564 -0.8784694 0.11247344
-0.10335613 -0.9859868 0.11112187
-0.05952866 -0.76646984 0.11450575
-0.071231954 -0.8143733 0.11372085
-0.085865244 -0.88549066 0.11268943
-0.1035606 -0.98921114 0.11134333
-0.060589723 -0.78211445 0.11472261
-0.071966864 -0.8254606 0.11392759
-0.08630054 -0.8925052 0.11290574
-0.10375224 -0.99238575 0.11157201
-0.061670262 -0.79772955 0.114935584
-0.07270991 -0.8365321 0.11413134
-0.08673567 -0.8995162 0.11312158
-0.10393077 -0.99552166 0.11180767
-0.062769696 -0.81330365 0.115143456
-0.07346077 -0.84758466 0.114331104
-0.08717087 -0.90652645 0.11333609
-0.10409597 -0.9986306 0.11204994
-0.06388744 -0.8288251 0.11534496
-0.07421912 -0.85861516 0.114525855
-0.08760637 -0.91353875 0.113548376
-0.10424777 -1.0017252 0.11229835
-0.06502282 -0.8442822 0.11553874
-0.0749846 -0.8696206 0.1147145
-0.088042416 -0.9205556 0.113757454
-0.10438625 -1.0048188 0.112552255
-0.066175096 -0.85966325 0.115723394
-0.07575682 -0.88059807 0.114895895
-0.08847921 -0.92757934 0.11396224
-0.1045117 -1.0079253 0.11281083
-0.06734348 -0.87495667 0.11589747
-0.07653538 -0.8915448 0.115068845
-0.088917 -0.93461215 0.11416152
-0.104624696 -1.0110589 0.113073
-0.0685271 -0.8901509 0.11605943
-0.07731988 -0.90245813 0.115232125
-0.08935598 -0.9416559 0.114353925
-0.10472606 -1.0142337 0.11333745
-0.069725014 -0.9052347 0.11620778
-0.07810989 -0.91333556 0.115384504
-0.08979639 -0.9487122 0.11453782
-0.104816854 -1.0174636 0.11360252
-0.07093615 -0.92019695 0.116340905
-0.07890501 -0.9241749 0.11552475
-0.09023843 -0.9557827 0.11471133
-0.10489835 -1.0207613 0.11386611
-0.0721594 -0.9350269 0.11645749
-0.079704806 -0.934974 0.11565172
-0.090682365 -0.96286845 0.11487222
-0.104971856 -1.0241385 0.11412532
-0.07339326 -0.94971466 0.116555564
-0.08050892 -0.9457312 0.11576437
-0.09112853 -0.96997076 0.11501791
-0.105038665 -1.0276054 0.11437573
-0.07463648 -0.96424943 0.11663552
-0.081316926 -0.9564447 0.115862146
-0.09157721 -0.97709 0.11514576
-0.10509979 -1.0311699 0.114610516
-0.07588562 -0.9786243 0.11669093
-0.082128584 -0.96711344 0.11594371
-0.09202895 -0.9842274 0.11525197
-0.10515641 -1.0348405 0.11481679
-0.077139944 -0.9928202 0.11673476
-0.08294295 -0.9777352 0.11601293
-0.09248371 -0.9913799 0.11533655
-0.10520952 -1.0386124 0.11498042
-0.032730408 -0.14501916 0.13203645
-0.034775835 -0.1524514 0.13120154
-0.03439983 -0.13027576 0.1298331
-0.033309598 -0.11478022 0.12812442
-0.03402131 -0.10670946 0.1275046
-0.03353819 -0.09418944 0.1259925
-0.032997724 -0.089015014 0.12443383
-0.033021644 -0.09108241 0.122891
-0.032261986 -0.06278902 0.12241903
-0.032079853 -0.06772571 0.121113606
-0.03232416 -0.07893469 0.119848125
-0.030641371 -0.037935715 0.11930046
-0.030773103 -0.052546397 0.11823207
-0.03127085 -0.07244098 0.11720354
-0.032233104 -0.097177096 0.11622052
-0.029311277 -0.04526336 0.11580676
-0.03008119 -0.0731791 0.11498832
-0.03125707 -0.105005674 0.1142108
-0.027897185 -0.04737446 0.11382952
-0.028951535 -0.082524896 0.11320698
-0.030384026 -0.120670654 0.112623304
-0.032204106 -0.16142319 0.11208144
-0.028051449 -0.10158972 0.1118551
-0.02976062 -0.14521365 0.111457065
-0.031832412 -0.19056672 0.11109813
-0.027533766 -0.1312298 0.110923894
-0.029527565 -0.17944331 0.11070309
-0.03186196 -0.22853342 0.110518105
-0.034518644 -0.2781584 0.11037069
-0.029819205 -0.22392586 0.110345125
-0.032413974 -0.27586007 0.11032241
-0.035305228 -0.32754213 0.11033206
-0.030765405 -0.27896896 0.110359326
-0.033605024 -0.332829 0.110483825
-0.036717445 -0.38569492 0.11063434
-0.04006698 -0.437302 0.1108099
-0.03554279 -0.39944205 0.11096658
-0.038853735 -0.45259863 0.11123791
-0.042374697 -0.50384665 0.11152513
-0.03832495 -0.4753915 0.11172545
-0.041798864 -0.52792 0.11209293
-0.04546282 -0.57794744 0.11246534
-0.04925902 -0.62532264 0.11283686
-0.045619 -0.61096597 0.1131366
-0.049391426 -0.6588816 0.11356094
-0.053268872 -0.70367056 0.11396832
-0.05036139 -0.7006105 0.11428831
-0.054197796 -0.7454798 0.11472076
-0.058118846 -0.78683287 0.11511656
-0.062035564 -0.82470804 0.115463026
-0.059897576 -0.83598024 0.11582081
-0.06381826 -0.87301767 0.11613933
-0.06769049 -0.90641737 0.11638198
-0.06648877 -0.92774504 0.116693534
-0.070375584 -0.9595142 0.11683697
-0.07412873 -0.9877595 0.11684841
-0.08552312 -0.17868924 0.12446678
-0.08738029 -0.1978247 0.1264237
-0.08746906 -0.26443008 0.12527941
-0.08814754 -0.33581945 0.124097265
-0.09140679 -0.34967968 0.124978885
-0.091179214 -0.4106307 0.12385248
-0.091835424 -0.47721437 0.12242
-0.093283534 -0.54930365 0.12091651
-0.0950572 -0.5349021 0.12117974
-0.09591259 -0.5986729 0.119958386
-0.097380474 -0.6670166 0.118470445
-0.098239616 -0.638687 0.11835924
-0.09967634 -0.70018697 0.11736915
-0.10140498 -0.7650961 0.116102174
-0.103844784 -0.83392525 0.114750184
-0.10296399 -0.7839261 0.11503081
-0.10503248 -0.84539795 0.114001736
-0.10746098 -0.9097379 0.11283023
-0.10577783 -0.8522312 0.11301422
-0.10818325 -0.9101569 0.11220852
-0.11073659 -0.9701493 0.11126543
-0.11368407 -1.0324055 0.110330164
-0.11088174 -0.96145946 0.110764
-0.11354916 -1.0172349 0.11003563
-0.116412565 -1.0745729 0.10925605
-0.113161385 -1.001149 0.10963655
-0.11590772 -1.0528659 0.10910912
-0.118736036 -1.1056261 0.108518355
-0.12173265 -1.1594707 0.10797906
-0.11783817 -1.0787092 0.10848055
-0.120612994 -1.1272234 0.108060546
-0.12347404 -1.1764071 0.10764011
-0.119371705 -1.0962667 0.10812165
-0.12206789 -1.1408575 0.10786022
-0.12479726 -1.1858585 0.1075828
-0.12755114 -1.2311801 0.10737896
-0.12312778 -1.1478794 0.107891485
-0.12571324 -1.1891438 0.10773412
-0.12832035 -1.2305751 0.10761544
-0.123826444 -1.1495237 0.1081411
-0.12625179 -1.1874595 0.108094014
-0.1287024 -1.2255596 0.108077876
-0.13110301 -1.2635245 0.10815149
-0.12644082 -1.1818998 0.10861113
-0.12873319 -1.2171893 0.10867898
-0.13106525 -1.2523628 0.10883294
-0.12630281 -1.1734653 0.109292
-0.12841207 -1.2064606 0.10944523
-0.13067938 -1.2394452 0.10971372
-0.13288438 -1.2716274 0.110071644
-0.1277648 -1.1943201 0.1102629
-0.13000627 -1.2257924 0.11069111
-0.13237189 -1.2560456 0.111197226
-0.1267225 -1.1816262 0.111185886
-0.12901275 -1.2125412 0.11183327
-0.13153552 -1.2411846 0.11238764
-0.085328974 0.025574861 0.12642543
-0.07776063 0.049531657 0.12662062
-0.077856876 0.13388851 0.12896708
-0.080678664 0.21006306 0.13223353
-0.07530672 0.25564474 0.13260213
-0.07649275 0.33072832 0.13545024
-0.078585476 0.393397 0.13846418
-0.079940304 0.44316745 0.14147238
-0.077498816 0.52862346 0.14189176
-0.079122536 0.5749504 0.14439696
-0.08031939 0.60930276 0.14681554
-0.08056793 0.72031343 0.14765686
-0.081799686 0.7487139 0.14969835
-0.08278989 0.7661695 0.1516426
-0.0832102 0.77332383 0.15347059
-0.08594871 0.90829396 0.15424898
-0.08668078 0.90815187 0.15579353
-0.08701716 0.89860106 0.15723072
-0.09098649 1.048214 0.15803751
-0.09140653 1.0302076 0.15921897
-0.091491565 1.003678 0.16029648
-0.09116849 0.96915466 0.16126251
-0.096471645 1.1279879 0.16190466
-0.09617838 1.0844842 0.16263649
-0.09550293 1.0338778 0.16326225
-0.10144101 1.1977094 0.16384305
-0.100646935 1.1374419 0.16423456
-0.09947006 1.0710129 0.16452506
-0.09791452 0.9989456 0.16470979
-0.10448365 1.1593965 0.16508041
-0.10267316 1.077589 0.16503778
-0.10047654 0.9911403 0.16489637
-0.10728192 1.1475638 0.16516711
-0.10471869 1.0509909 0.16479222
-0.10175016 0.95084023 0.16432613
-0.09842556 0.84765166 0.16376793
-0.1052189 0.9889242 0.16378377
-0.10136501 0.875923 0.16299352
-0.09712401 0.7610302 0.16212283
-0.10378872 0.8893763 0.16201085
-0.09896827 0.7645521 0.16089532
-0.09369068 0.6390865 0.15971297
-0.08808392 0.51353365 0.15847924
-0.09423167 0.61512464 0.15803011
-0.08783286 0.48044896 0.15653442
-0.0809675 0.34709015 0.15502255
-0.08683252 0.42619333 0.15440108
-0.0793152 0.28395554 0.15258995
-0.07109236 0.14464456 0.15081368
-0.062422335 0.008510105 0.14916597
-0.06787029 0.04868917 0.14794774
-0.0584714 -0.09444016 0.14595069
-0.048100818 -0.23296173 0.14416878
-0.052757345 -0.22477293 0.14304432
-0.04270054 -0.3699596 0.14113791
-0.03185381 -0.5103504 0.13938996
-0.03312741 -0.17048629 0.13636069
-0.044209518 -0.082927346 0.13519426
-0.051437974 -0.023483837 0.13320813
-0.060569666 0.004665822 0.13096067
-0.032918725 -0.17571856 0.13713343
-0.04417661 -0.07900136 0.13611561
-0.05139623 -0.010444636 0.13418256
-0.060393166 0.028396893 0.13217142
-0.032790855 -0.18051153 0.1379109
-0.044145867 -0.0751695 0.13703527
-0.05137744 0.0024775632 0.13516577
-0.060277935 0.052068144 0.13337943
-0.032721154 -0.18497512 0.13869117
-0.04411902 -0.071429044 0.13795207
-0.05138308 0.015271027 0.13615468
-0.060224127 0.07563619 0.1345761
-0.032693457 -0.18918136 0.13948086
-0.044096276 -0.0677811 0.138864
-0.051412575 0.027918372 0.13714501
-0.060230076 0.099050544 0.1357555
-0.032694157 -0.19318695 0.14027748
-0.044078365 -0.06422514 0.1397698
-0.051465854 0.04040454 0.13813415
-0.06029421 0.122262955 0.1369149
-0.03271425 -0.19703372 0.141079
-0.044065915 -0.060761612 0.14066786
-0.051542595 0.052713867 0.13911945
-0.060414337 0.1452251 0.13805199
-0.032747492 -0.20075546 0.14188267
-0.044059694 -0.05739164 0.1415568
-0.051642455 0.06483091 0.14009883
-0.060587548 0.1678904 0.13916518
-0.032789793 -0.20437948 0.14268602
-0.044060517 -0.05411748 0.14243534
-0.05176502 0.076740004 0.14107038
-0.060810328 0.19021471 0.14025332
-0.032838415 -0.20792882 0.14348671
-0.04406925 -0.05094259 0.14330234
-0.05190985 0.08842544 0.14203246
-0.061078686 0.21215712 0.14131574
-0.03289156 -0.2114232 0.14428262
-0.044086747 -0.047871713 0.14415683
-0.052076433 0.09987138 0.14298356
-0.06138835 0.23368041 0.14235228
-0.03294803 -0.21487999 0.14507188
-0.044113826 -0.04491088 0.14499801
-0.05226422 0.11106187 0.14392227
-0.061735008 0.25475124 0.14336315
-0.03300702 -0.21831462 0.14585276
-0.0441512 -0.042067338 0.1458252
-0.052472617 0.12198095 0.1448473
-0.0621145 0.27534005 0.14434883
-0.03306802 -0.22174115 0.14662376
-0.04419946 -0.039349433 0.14663781
-0.05270093 0.13261262 0.14575745
-0.062522896 0.29542083 0.14530998
-0.033130687 -0.22517252 0.1473835
-0.044259045 -0.036766503 0.14743535
-0.052948415 0.14294092 0.14665161
-0.06295662 0.31497052 0.14624739
-0.0331948 -0.22862078 0.14813073
-0.044330243 -0.034328695 0.14821735
-0.053214293 0.15295 0.14752872
-0.063412555 0.33396882 0.14716169
-0.033260215 -0.23209731 0.14886437
-0.044413183 -0.03204683 0.14898334
-0.053497687 0.16262414 0.14838782
-0.06388794 0.3523975 0.14805354
-0.03332685 -0.23561299 0.14958341
-0.044507835 -0.029932247 0.14973296
-0.053797666 0.17194772 0.14922802
-0.06438037 0.37023997 0.14892347
-0.033394635 -0.23917824 0.15028697
-0.044614032 -0.027996674 0.15046574
-0.054113254 0.18090545 0.15004852
-0.0648878 0.38748103 0.14977184
-0.03346354 -0.2428032 0.15097426
-0.044731457 -0.026252095 0.15118131
-0.05444337 0.18948223 0.15084861
-0.06540839 0.4041064 0.1505989
-0.03353351 -0.2464978 0.15164457
-0.044859692 -0.02471065 0.15187924
-0.054786935 0.19766328 0.15162763
-0.06594056 0.4201026 0.15140478
-0.033604484 -0.2502717 0.15229726
-0.044998214 -0.023384545 0.15255909
-0.055142805 0.20543416 0.152385
-0.066482924 0.4354565 0.15218943
-0.033676393 -0.2541345 0.15293176
-0.045146402 -0.022285968 0.15322046
-0.055509776 0.21278077 0.1531202
-0.06703412 0.45015547 0.1529528
-0.03374913 -0.25809568 0.15354756
-0.04530357 -0.021427037 0.15386292
-0.055886645 0.21968944 0.1538328
-0.06759295 0.4641871 0.15369467
-0.033822566 -0.2621646 0.1541442
-0.04546894 -0.020819744 0.15448608
-0.056272145 0.22614682 0.15452239
-0.0681582 0.47753903 0.15441477
-0.033896543 -0.26635054 0.1547213
-0.045641713 -0.020475911 0.15508953
-0.056665 0.23213999 0.15518865
-0.068728685 0.49019918 0.15511282
-0.03397085 -0.27066275 0.15527846
-0.04582101 -0.020407159 0.15567285
-0.057063922 0.23765646 0.15583126
-0.069303244 0.5021555 0.15578842
-0.034045257 -0.27511045 0.15581535
-0.04600593 -0.020624885 0.15623568
-0.0574676 0.24268413 0.15644999
-0.06988064 0.513396 0.15644123
-0.03411948 -0.27970272 0.15633169
-0.046195526 -0.021140235 0.15677765
-0.057874702 0.24721129 0.1570446
-0.07045964 0.5239089 0.15707083
-0.0341932 -0.28444865 0.15682721
-0.04638883 -0.021964086 0.15729843
-0.058283903 0.2512267 0.15761489
-0.07103895 0.5336825 0.15767686
-0.034266062 -0.28935724 0.15730165
-0.04658484 -0.023107044 0.15779768
-0.058693863 0.25471944 0.1581607
-0.07161723 0.54270524 0.1582589
-0.034337673 -0.29443738 0.15775481
-0.046782535 -0.024579419 0.1582751
-0.059103236 0.25767905 0.15868185
-0.07219311 0.5509658 0.15881658
-0.034407597 -0.29969794 0.1581865
-0.046980873 -0.02639123 0.15873039
-0.05951067 0.26009542 0.15917821
-0.07276514 0.55845296 0.15934949
-0.034475368 -0.30514762 0.15859653
-0.047178797 -0.028552182 0.15916331
-0.059914812 0.26195884 0.15964967
-0.07333184 0.56515574 0.1598573
-0.034540482 -0.31079516 0.15898475
-0.04737524 -0.031071682 0.15957363
-0.0603143 0.26325995 0.1600961
-0.07389167 0.57106364 0.16033968
-0.034602392 -0.31664905 0.15935102
-0.047569107 -0.03395882 0.1599611
-0.06070778 0.26398978 0.16051736
-0.07444307 0.57616615 0.16079627
-0.03466053 -0.3227178 0.15969522
-0.047759306 -0.037222363 0.16032554
-0.06109389 0.26413974 0.16091338
-0.07498441 0.5804533 0.1612268
-0.034714296 -0.3290097 0.16001725
-0.047944736 -0.04087077 0.16066676
-0.061471246 0.26370162 0.16128404
-0.075514026 0.5839153 0.16163094
-0.034763064 -0.33553302 0.16031702
-0.04812428 -0.044912174 0.16098462
-0.06183849 0.26266748 0.16162927
-0.076030225 0.5865429 0.1620085
-0.034806177 -0.3422958 0.16059448
-0.048296828 -0.049354393 0.16127901
-0.062194243 0.2610298 0.161949
-0.076531276 0.5883271 0.16235921
-0.034842942 -0.34930602 0.16084953
-0.048461236 -0.05420492 0.16154978
-0.062537126 0.25878146 0.1622431
-0.07701544 0.5892593 0.16268285
-0.034872662 -0.3565715 0.16108218
-0.048616394 -0.059470914 0.16179684
-0.06286576 0.2559156 0.16251154
-0.07748091 0.58933145 0.16297926
-0.0348946 -0.36409986 0.16129237
-0.048761163 -0.06515922 0.16202012
-0.06317875 0.2524258 0.16275424
-0.077925906 0.5885358 0.16324823
-0.034907997 -0.37189868 0.1614801
-0.0488944 -0.07127637 0.16221955
-0.06347471 0.24830592 0.16297111
-0.07834861 0.58686507 0.16348961
-0.034912087 -0.3799753 0.16164538
-0.04901499 -0.07782855 0.1623951
-0.063752264 0.24355023 0.16316213
-0.078747176 0.5843125 0.1637033
-0.03490609 -0.38833696 0.16178825
-0.04912179 -0.08482167 0.16254677
-0.06401003 0.23815334 0.16332728
-0.07911977 0.58087176 0.16388918
-0.03488916 -0.39699066 0.16190872
-0.049213655 -0.09226123 0.16267447
-0.06424659 0.23211026 0.16346644
-0.07946453 0.576537 0.16404714
-0.03486049 -0.40594336 0.16200684
-0.049289465 -0.10015254 0.16277827
-0.06446057 0.22541629 0.16357964
-0.07977961 0.57130283 0.1641771
-0.03481924 -0.41520172 0.16208272
-0.049348097 -0.10850047 0.16285817
-0.064650595 0.21806715 0.16366687
-0.08006316 0.5651644 0.16427903
-0.034764543 -0.42477235 0.16213639
-0.04938842 -0.117309645 0.1629142
-0.06481526 0.21005893 0.16372809
-0.0803133 0.55811733 0.16435286
-0.034695514 -0.4346615 0.16216797
-0.04940932 -0.12658429 0.16294639
-0.064953186 0.20138809 0.16376328
-0.08052819 0.5501577 0.1643986
-0.034611274 -0.44487548 0.16217755
-0.049409676 -0.13632843 0.1629548
-0.06506301 0.19205143 0.1637725
-0.08070598 0.5412823 0.16441621
-0.03451093 -0.4554203 0.1621653
-0.04938841 -0.14654571 0.16293953
-0.065143354 0.18204612 0.16375574
-0.08084484 0.53148806 0.16440572
-0.034393553 -0.4663017 0.16213131
-0.0493444 -0.15723945 0.16290063
-0.06519285 0.17136979 0.16371302
-0.080942936 0.5207728 0.16436715
-0.034258217 -0.47752535 0.16207576
-0.04927658 -0.16841267 0.16283819
-0.06521014 0.1600204 0.16364442
-0.08099844 0.5091347 0.16430053
-0.034104 -0.48909676 0.16199881
-0.04918388 -0.1800682 0.16275233
-0.06519389 0.1479962 0.16354996
-0.08100959 0.4965723 0.16420595
-0.03392994 -0.5010211 0.16190064
-0.04906523 -0.19220832 0.16264315
-0.06514276 0.13529606 0.1634297
-0.08097458 0.48308495 0.16408347
-0.03373508 -0.51330346 0.1617814
-0.04891959 -0.20483534 0.16251077
-0.06505541 0.12191896 0.16328375
-0.08089166 0.46867228 0.16393317
-0.033518452 -0.52594864 0.16164133
-0.048745923 -0.21795106 0.1623553
-0.064930536 0.10786445 0.16311216
-0.0807591 0.4533345 0.16375516
-0.0332791 -0.53896135 0.16148064
-0.048543245 -0.23155704 0.16217694
-0.064766854 0.09313242 0.16291508
-0.080575205 0.43707243 0.16354959
-0.033016022 -0.55234593 0.16129953
-0.048310548 -0.24565455 0.1619758
-0.06456307 0.07772324 0.1626926
-0.080338284 0.41988733 0.1633166
-0.032728225 -0.5661066 0.16109823
-0.048046857 -0.2602447 0.16175203
-0.06431792 0.061637532 0.16244486
-0.08004669 0.4017809 0.1630563
-0.032414716 -0.5802474 0.16087696
-0.04775123 -0.2753283 0.1615058
-0.06403015 0.04487638 0.16217202
-0.079698816 0.38275543 0.16276893
-0.0320745 -0.5947719 0.160636
-0.04742275 -0.2909058 0.16123731
-0.06369854 0.027441379 0.16187425
-0.079293095 0.36281374 0.16245466
-0.031706546 -0.6096837 0.16037552
-0.047060497 -0.30697754 0.16094668
-0.06332186 0.009334448 0.16155171
-0.07882795 0.34195912 0.16211368
-0.03130985 -0.6249861 0.16009581
-0.046663605 -0.32354373 0.16063413
-0.06289895 -0.009442192 0.16120462
-0.07830189 0.32019514 0.16174625
-0.030883392 -0.640682 0.15979709
-0.04623122 -0.34060407 0.16029982
-0.062428623 -0.028885584 0.16083321
-0.077713445 0.29752636 0.1613526
-0.030426154 -0.65677416 0.15947959
-0.04576253 -0.3581585 0.15994395
-0.061909765 -0.04899276 0.16043773
-0.077061184 0.27395722 0.16093299
-0.029937115 -0.67326516 0.15914354
-0.045256745 -0.37620643 0.1595667
-0.06134126 -0.06976005 0.16001844
-0.07634371 0.24949305 0.16048767
-0.029415261 -0.69015706 0.15878916
-0.04471311 -0.39474717 0.15916827
-0.06072205 -0.09118331 0.15957566
-0.07555968 0.22413968 0.16001695
-0.028859563 -0.70745194 0.15841664
-0.044130873 -0.4137802 0.15874885
-0.060051072 -0.11325834 0.1591097
-0.074707754 0.19790304 0.15952113
-0.028269028 -0.72515136 0.15802617
-0.04350936 -0.4333045 0.15830861
-0.059327357 -0.13598007 0.15862092
-0.07378666 0.17079005 0.1590005
-0.027642645 -0.74325675 0.1576179
-0.042847894 -0.45331904 0.15784773
-0.058549937 -0.15934321 0.15810972
-0.07279513 0.14280793 0.15845539
-0.026979426 -0.7617693 0.15719196
-0.04214583 -0.47382298 0.15736642
-0.057717904 -0.18334223 0.15757653
-0.07173191 0.11396424 0.15788609
-0.026278408 -0.7806898 0.15674846
-0.041402582 -0.49481508 0.15686487
-0.056830425 -0.20797096 0.15702179
-0.070595816 0.08426742 0.15729295
-0.02553862 -0.80001885 0.15628743
-0.040617555 -0.5162943 0.15634322
-0.055886686 -0.23322295 0.156446
-0.069385596 0.053726356 0.15667628
-0.024759127 -0.8197569 0.15580893
-0.039790206 -0.53825957 0.15580165
-0.054885957 -0.25909153 0.1558497
-0.06810004 0.022350434 0.1560364
-0.023939021 -0.83990407 0.1553129
-0.038920015 -0.56070954 0.15524039
-0.053827576 -0.28556934 0.15523346
-0.06673794 -0.009849728 0.15537363
-0.02307742 -0.8604604 0.15479927
-0.03800648 -0.5836433 0.15465957
-0.052710958 -0.31264922 0.1545979
-0.06529806 -0.042863343 0.15468833
-0.022173442 -0.8814255 0.15426789
-0.037049092 -0.60705966 0.1540594
-0.05153555 -0.3403232 0.15394361
-0.06377909 -0.07667803 0.15398078
-0.021226265 -0.9027991 0.15371858
-0.036047395 -0.63095754 0.15344006
-0.050300915 -0.36858347 0.15327135
-0.062179774 -0.11128079 0.15325136
-0.020235065 -0.9245808 0.15315104
-0.035000887 -0.65533596 0.1528018
-0.049006663 -0.39742193 0.15258175
-0.06049876 -0.1466573 0.15250047
-0.019199071 -0.94676983 0.15256496
-0.0339091 -0.6801937 0.15214485
-0.0476525 -0.42683008 0.15187562
-0.058734737 -0.1827916 0.15172853
-0.018117527 -0.9693656 0.15195994
-0.032771535 -0.7055298 0.15146953
-0.0462382 -0.45679957 0.1511537
-0.056886397 -0.21966638 0.15093607
-0.01698969 -0.9923678 0.1513355
-0.031587653 -0.73134315 0.15077616
-0.044763573 -0.48732212 0.1504168
-0.05495248 -0.257263 0.15012376
-0.015814895 -1.0157754 0.15069106
-0.030356932 -0.7576322 0.15006521
-0.04322855 -0.5183887 0.14966579
-0.05293191 -0.29556006 0.14929241
-0.014592481 -1.0395879 0.150026
-0.029078761 -0.7843952 0.14933722
-0.041633036 -0.5499907 0.14890152
-0.050823737 -0.33453488 0.14844301
-0.013321951 -1.0638052 0.14933951
-0.027752576 -0.81163096 0.14859289
-0.039977066 -0.58212024 0.14812492
-0.048627436 -0.3741638 0.14757681
-0.012002919 -1.0884266 0.14863074
-0.026377728 -0.8393362 0.14783312
-0.038260587 -0.6147676 0.14733693
-0.04634277 -0.41441965 0.14669517
-0.010635462 -1.1134523 0.14789836
-0.024953661 -0.8675086 0.14705917
-0.03648365 -0.6479249 0.14653863
-0.043970134 -0.4552759 0.14579958
-0.009220253 -1.1388824 0.14714128
-0.02347981 -0.89614433 0.1462728
-0.034646183 -0.6815832 0.14573108
-0.041510362 -0.49670407 0.1448914
-0.0077596805 -1.1647179 0.14635517
-0.021955723 -0.92523944 0.14547662
-0.032748103 -0.7157343 0.14491554
-0.038964912 -0.53867626 0.1439717
-0.006258246 -1.19096 0.14554037
-0.02038104 -0.95478886 0.14467454
-0.030789254 -0.75036937 0.14409314
-0.03633573 -0.581164 0.1430405
-0.0047293133 -1.2176086 0.14466955
-0.018755168 -0.98478717 0.14387287
-0.028769022 -0.7854796 0.14326566
-0.033624716 -0.62413937 0.14209704
-0.0031877058 -1.2446748 0.14377531
-0.017077703 -1.0152292 0.14307997
-0.026687333 -0.8210587 0.14243354
-0.030834513 -0.66757745 0.14113766
-0.0017245259 -1.2721004 0.14259744
-0.015346108 -1.0461088 0.14230828
-0.024541538 -0.85709727 0.1416002
-0.02796478 -0.7114548 0.14015974
-0.033768978 -0.22201188 0.13502268
-0.033145167 -0.20321842 0.1355206
-0.03317957 -0.2329947 0.13724071
-0.03247801 -0.2675724 0.13907844
-0.031444307 -0.22882031 0.14021395
-0.031568207 -0.26266056 0.14180714
-0.030968327 -0.30117014 0.14354055
-0.029603664 -0.3444552 0.14530264
-0.030993203 -0.2807306 0.14617656
-0.030168327 -0.3233488 0.14770657
-0.028848449 -0.36997768 0.14922489
-0.031274654 -0.29102838 0.15005194
-0.030136965 -0.3375779 0.151372
-0.028730182 -0.38753784 0.15264937
-0.026981374 -0.44062454 0.15385646
-0.030664193 -0.34710085 0.15451503
-0.029129546 -0.40044436 0.15555781
-0.027415665 -0.4564644 0.15652332
-0.03154877 -0.3546134 0.15713292
-0.029871019 -0.41143534 0.15794155
-0.028100856 -0.47055328 0.15866888
-0.026225321 -0.5317266 0.15931053
-0.030801773 -0.42285824 0.15979141
-0.0289287 -0.48521647 0.16028129
-0.02701804 -0.54929817 0.1606851
-0.03178372 -0.4368162 0.16109928
-0.029771065 -0.5025368 0.16135336
-0.02775709 -0.5696724 0.16152221
-0.02576265 -0.6380352 0.161605
-0.030497307 -0.5244196 0.16188395
-0.02833314 -0.5947374 0.16182393
-0.026222005 -0.6660264 0.16168027
-0.030967064 -0.55260265 0.16187827
-0.028610567 -0.6262151 0.16160026
-0.026329912 -0.70059067 0.16124171
-0.024165582 -0.7756168 0.16080229
-0.028440014 -0.66563153 0.16086818
-0.025941243 -0.7432486 0.16031168
-0.023579469 -0.82141715 0.15967879
-0.027658364 -0.71426547 0.15964863
-0.024891745 -0.79526097 0.15891737
-0.02228148 -0.87680084 0.15811373
-0.019874409 -0.95889485 0.15723622
-0.023008332 -0.85755396 0.15708339
-0.020085739 -0.94266105 0.15613638
-0.017375061 -1.02849 0.15511695
-0.020121133 -0.9306632 0.15481517
-0.016819784 -1.0194358 0.15375093
-0.013703178 -1.1091933 0.15260175
-0.010795375 -1.1999534 0.15135187
-0.012373994 -1.1071736 0.1508994
-0.0087548 -1.2008278 0.14956658
-0.005038607 -1.2952924 0.14801402
-0.0067325514 -1.2059567 0.14746016
-0.002631554 -1.3034596 0.14569215
0.0022380583 -1.4001366 0.14343332
0.011116811 -1.470989 0.13778764
0.065653786 -2.1404552 0.12332011
0.13239734 -2.8129778 0.10611729
0.028210934 -1.7035136 0.13375597
0.08650523 -2.3688567 0.11761898
0.15708292 -3.038621 0.10048432
0.046544537 -1.9322643 0.12867424
0.10852147 -2.5951977 0.111900136
0.011618752 -1.5007117 0.13789225
0.065964006 -2.1586895 0.12323361
0.13167931 -2.819523 0.10623457
0.028891891 -1.7293023 0.13344915
0.086491734 -2.3830905 0.11761797
0.15594834 -3.041778 0.10062838
0.047050603 -1.9542607 0.12850335
0.10814453 -2.6056225 0.11194811
0.012562335 -1.5298327 0.13815473
0.06621355 -2.176798 0.12317206
0.13091603 -2.8263888 0.10631315
0.029580388 -1.7544935 0.13332728
0.086443685 -2.397349 0.117617376
0.1547997 -3.0454113 0.10073282
0.047536653 -1.9759011 0.12840663
0.10775685 -2.616153 0.11197697
0.013632571 -1.5587783 0.13835512
0.06647011 -2.1947732 0.12314009
0.13016209 -2.8334312 0.10635606
0.0303248 -1.7794784 0.13331203
0.08642283 -2.4115841 0.117620856
0.15367793 -3.0493512 0.100792535
0.048058975 -1.9973534 0.12838364
0.10741362 -2.6267047 0.11199119
0.014690659 -1.5876709 0.13846919
0.06678041 -2.2126524 0.12314284
0.12946421 -2.84052 0.10636878
0.03114943 -1.804433 0.13335033
0.08649289 -2.4257739 0.11763218
0.15262675 -3.053405 0.10080488
-0.13992386 -1.6927204 0.112218514
-0.109509416 -1.3907707 0.115799814
-0.0821819 -1.0704437 0.11670098
-0.13086376 -1.6103162 0.113549925
-0.10130394 -1.3032769 0.116320506
-0.15438816 -1.8280431 0.10978746
-0.12204482 -1.5265819 0.114637196
-0.09319586 -1.2126199 0.116625376
-0.14475265 -1.7456774 0.11150507
-0.113426395 -1.4409943 0.11548999
-0.08513572 -1.1179724 0.116726644
-0.13542566 -1.6625898 0.11296707
-0.10496728 -1.3529924 0.116119266
-0.15961881 -1.88212 0.10887671
-0.12635553 -1.5782588 0.11417726
-0.09662084 -1.2619407 0.116536506
-0.14972334 -1.7991437 0.11074277
-0.11749848 -1.4921606 0.11514549
-0.0883392 -1.1670642 0.116758496
-0.14014885 -1.7155145 0.11234032
-0.10881295 -1.4037473 0.1158842
-0.16498077 -1.9364094 0.10790214
-0.13084121 -1.6307056 0.11367654
-0.100255914 -1.312415 0.11640807
-0.15484858 -1.8530046 0.10993475
-0.121757306 -1.5441983 0.114762224
-0.09178305 -1.2174655 0.11673829
-0.14504334 -1.7689997 0.11167014
-0.11285857 -1.4554638 0.11561079
-0.08335924 -1.118063 0.11693961
-0.13551268 -1.6838474 0.11313322
-0.10410833 -1.363932 0.11623726
-0.16012633 -1.9071661 0.10908162
-0.12622184 -1.5970414 0.11433547
-0.09547179 -1.2689687 0.11666014
-0.15012397 -1.8229625 0.1109546
-0.11714646 -1.5080755 0.11528996
-0.08690841 -1.1698675 0.11691464
-0.100045376 -1.2713189 0.11653561
-0.12841989 -1.5692942 0.11399662
-0.16087897 -1.8621719 0.108835846
-0.10786513 -1.3558755 0.11609152
-0.1371381 -1.649314 0.11283656
-0.08907745 -1.1373124 0.11693549
-0.11587887 -1.4380586 0.11545328
-0.14613882 -1.7283258 0.11148488
-0.09659397 -1.2240835 0.11675397
-0.12408765 -1.5183393 0.114620216
-0.1554567 -1.8064872 0.10996083
-0.1042185 -1.3077852 0.11639873
-0.13252129 -1.5971051 0.113593355
-0.08611858 -1.0920113 0.116883464
-0.11198521 -1.3889868 0.115865976
-0.14121321 -1.6746532 0.1123761
-0.093386404 -1.1779839 0.11685385
-0.11993168 -1.4681306 0.11515034
-0.15018933 -1.7511281 0.110966794
-0.10077553 -1.2607929 0.11660968
-0.1280841 -1.5455875 0.114249475
-0.083512716 -1.0486906 0.11672269
-0.108298846 -1.340951 0.11618562
-0.13646942 -1.6216245 0.11316008
-0.09047287 -1.1334679 0.116824016
-0.11598254 -1.4189041 0.115585126
-0.14510873 -1.6963996 0.11187015
-0.09758976 -1.2151872 0.116712056
-0.12385314 -1.4949995 0.11480543
-0.15401083 -1.7699767 0.11035431
-0.104850814 -1.2942055 0.11640718
-0.1319336 -1.5694984 0.11383982
-0.08788781 -1.0909898 0.11670473
-0.11226547 -1.3708942 0.115923196
-0.14024101 -1.6425599 0.11267176
-0.09469962 -1.1713442 0.116712146
-0.119851775 -1.4455816 0.115261964
-0.14878376 -1.7142731 0.11126985
-0.10167389 -1.2490413 0.116529524
-0.12762795 -1.5185113 0.11441706
-0.08563547 -1.0508766 0.11653487
-0.10880573 -1.3243612 0.11616421
-0.13560764 -1.5898511 0.11337122
-0.09212691 -1.1296061 0.11663397
-0.11610162 -1.3975713 0.11562029
-0.14379792 -1.6596992 0.1120922
-0.09879483 -1.2057751 0.116562665
-0.123572335 -1.4688973 0.11489358
-0.15220146 -1.7281212 0.11052504
-0.105627984 -1.2795757 0.11631254
-0.13122712 -1.5384985 0.11396872
-0.089878656 -1.0902449 0.116501175
-0.1126239 -1.3512176 0.11588359
-0.13907094 -1.6064833 0.11281565
-0.09622969 -1.1646864 0.11652387
-0.11978538 -1.4208841 0.11527226
-0.14710513 -1.6729203 0.11138451
-0.1027518 -1.2368095 0.11637891
-0.12711626 -1.4887238 0.114465795
-0.08795423 -1.0534533 0.11633036
-0.109437816 -1.306765 0.11605888
-0.13461836 -1.554839 0.113437936
-0.09398528 -1.126007 0.11643024
-0.11628458 -1.374701 0.11555828
-0.142291 -1.6193029 0.112143844
-0.10018945 -1.1962982 0.1163774
-0.12329066 -1.4407386 0.11486601
-0.15013216 -1.6821626 0.11049306
-0.10655815 -1.2644478 0.116156824
-0.13045421 -1.5049726 0.113959834
-0.092062704 -1.0899109 0.11629565
-0.113084845 -1.3305652 0.115759715
-0.13777198 -1.5674688 0.1128009
-0.09794672 -1.1582422 0.11632199
-0.11976424 -1.3947499 0.11517537
-0.14523943 -1.6282734 0.11132448
-0.10399424 -1.2244682 0.116189934
-0.1265911 -1.4570781 0.11438497
-0.09046017 -1.0565373 0.116130695
-0.1101973 -1.2886789 0.11588703
-0.13355942 -1.5176082 0.1133557
-0.096024856 -1.1227963 0.11622481
-0.11654833 -1.3509485 0.1154023
-0.14066218 -1.5763774 0.11203269
-0.10175056 -1.186999 0.11617056
-0.12303967 -1.4113396 0.11471965
-0.08917312 -1.0259879 0.115944065
-0.107628755 -1.2492156 0.11595183
-0.129663 -1.4698962 0.113811836
-0.09442206 -1.0900856 0.116095856
-0.11365096 -1.3095084 0.115557045
-0.13640897 -1.5266472 0.11263308
-0.09982779 -1.1521759 0.11610988
-0.11980815 -1.3679235 0.11497241
-0.14326696 -1.5816052 0.11110764
-0.10538221 -1.2123237 0.11596563
-0.12609042 -1.4244945 0.114175744
-0.09313428 -1.060204 0.115943074
-0.111076705 -1.2705783 0.11565069
-0.13248664 -1.4792382 0.11312965
-0.09822391 -1.1201096 0.1160175
-0.11690187 -1.3269787 0.11515335
-0.13898407 -1.5321577 0.1117722
-0.10345748 -1.1781203 0.11593918
-0.12284704 -1.3815465 0.11445608
-0.09215577 -1.033227 0.11577273
-0.10882698 -1.2342837 0.11569442
-0.12890002 -1.4342899 0.113529235
-0.09693483 -1.0908834 0.115901366
-0.114323266 -1.2886305 0.11527337
-0.13504654 -1.4852002 0.11232298
-0.10185203 -1.1467011 0.11588209
-0.11993575 -1.3411778 0.114662975
-0.14126994 -1.5342567 0.11075311
-0.10690054 -1.2007245 0.115698904
-0.12565185 -1.3919237 0.113840796
-0.09595494 -1.0645645 0.115767635
-0.11207219 -1.2529844 0.115343556
-0.13145645 -1.4408509 0.11276802
-0.100561455 -1.1181386 0.11580257
-0.117357 -1.3034929 0.11480737
-0.13733143 -1.4879261 0.111379765
-0.105294146 -1.1699812 0.115674034
-0.12274271 -1.3522438 0.11407475
-0.09527831 -1.041202 0.115620635
-0.11014624 -1.2201236 0.11537478
-0.12821403 -1.3992097 0.11311704
-0.09958019 -1.0924895 0.115707226
-0.11510904 -1.2685786 0.11490049
-0.13375197 -1.4443476 0.11188428
-0.10400289 -1.1421143 0.115628645
-0.12017118 -1.3153358 0.11424232
-0.13933368 -1.4876034 0.11027696
-0.10854125 -1.1901139 0.11537739
-0.12531775 -1.3603616 0.11338107
-0.09890202 -1.0697963 0.1156007
-0.11318823 -1.2365024 0.11495355
-0.13052943 -1.4036009 0.1122804
-0.10302099 -1.1171707 0.11557028
-0.117933944 -1.2812696 0.11435509
-0.13578224 -1.4449872 0.11087698
-0.1072517 -1.1630038 0.11536106
-0.12276438 -1.3243748 0.11357192
-0.09851953 -1.0500937 0.11548518
-0.1115894 -1.2073165 0.11497746
-0.12766029 -1.3657528 0.11258022
-0.102341935 -1.0951844 0.11550475
-0.11602611 -1.2500983 0.11442467
-0.1325969 -1.4053222 0.11133421
-0.1062713 -1.1388295 0.11533455
-0.12054918 -1.2913045 0.11370172
-0.09842783 -1.0334107 0.11536043
-0.11030622 -1.1810576 0.114982724
-0.12513977 -1.3308572 0.112796515
-0.10195908 -1.0761831 0.115435466
-0.11444144 -1.2218621 0.11446257
-0.12977238 -1.368659 0.11167912
-0.105593204 -1.1176159 0.1153054
-0.118666105 -1.2611924 0.113782674
-0.13441606 -1.4046127 0.11029169
-0.10933168 -1.1577512 0.11497932
-0.12296195 -1.2989571 0.11294237
-0.101867214 -1.0601916 0.11536227
-0.11317266 -1.1965877 0.114480026
-0.12730268 -1.3350391 0.11192608
-0.105211094 -1.0993829 0.1152794
-0.1171079 -1.2340692 0.11382687
-0.13165562 -1.3693216 0.11069569
-0.10865845 -1.1374134 0.11497649
-0.12111987 -1.2700865 0.11303085
-0.10205935 -1.0472379 0.11527977
-0.11221187 -1.1742909 0.11448797
-0.12518102 -1.3044975 0.11208972
-0.105119534 -1.0841491 0.115259506
-0.1158664 -1.2099541 0.113846175
-0.1292564 -1.3371612 0.11098209
-0.10827992 -1.1200542 0.11498246
-0.119605586 -1.2442697 0.11307487
-0.13330817 -1.3679662 0.109657116
-0.11155097 -1.1549791 0.11449682
-0.12339994 -1.2770625 0.112184726
-0.10531407 -1.0719389 0.11524392
-0.114932835 -1.1888566 0.11385208
-0.12721112 -1.3081602 0.11116841
-0.10819044 -1.1056854 0.11500395
-0.11841039 -1.221523 0.11308702
-0.13099855 -1.3374317 0.10999743
-0.111182615 -1.1386544 0.114516295
-0.1219513 -1.2527565 0.112225555
-0.10579606 -1.0627942 0.11522203
-0.1142983 -1.170779 0.11385551
-0.12551215 -1.2823446 0.11127218
-0.108387075 -1.0943244 0.11504531
-0.11752507 -1.2018539 0.113079436
-0.12904848 -1.3101318 0.110212885
-0.11110058 -1.1253201 0.114555135
-0.12082635 -1.2315952 0.112226434
-0.1325207 -1.33603 0.10899979
-0.11395456 -1.1557188 0.113866284
-0.124151334 -1.2597351 0.11131092
-0.10887153 -1.0860118 0.115106635
-0.11694055 -1.1852652 0.11306338
-0.12745014 -1.2860907 0.11032834
-0.11130196 -1.114988 0.11462097
-0.12001611 -1.2135868 0.11220123
-0.13068168 -1.310566 0.10926464
-0.11389487 -1.1436787 0.11389243
-0.12311999 -1.2403467 0.11130213
-0.10964878 -1.0808192 0.11517811
-0.1166489 -1.1717575 0.11304841
-0.1261951 -1.2653267 0.11036643
-0.111787744 -1.1076945 0.114720814
-0.11951222 -1.1987352 0.11216321
-0.12919843 -1.288428 0.1093899
-0.11411574 -1.134673 0.11393923
-0.122409075 -1.2241826 0.11126345
-0.11074145 -1.0788865 0.11522032
-0.11664486 -1.1613432 0.113041006
-0.12527396 -1.2478492 0.110349804
-0.112565584 -1.1035111 0.114863284
-0.119308524 -1.1870421 0.112124234
-0.1280618 -1.2696304 0.109421864
-0.11461708 -1.1287509 0.114008516
-0.12201009 -1.2112378 0.11121281
-0.13074252 -1.289506 0.10849609
-0.11692813 -1.1540594 0.11304267
-0.124676 -1.2336485 0.11030171
-0.11365854 -1.1025819 0.11506367
-0.11940366 -1.1785254 0.11209348
-0.12726077 -1.2541746 0.10939102
-0.11540501 -1.1260089 0.114098415
-0.12191695 -1.2014952 0.111167625
-0.1297354 -1.272801 0.10850172
-0.117505156 -1.1500022 0.11304797
-0.12438981 -1.2226934 0.110246405
-0.11510809 -1.1051567 0.11534411
-0.119804256 -1.1732323 0.11207656
-0.12678117 -1.2420298 0.10932801
-0.11649317 -1.1266375 0.11420474
-0.12212907 -1.194947 0.111142986
-0.12906371 -1.2594943 0.10843455
-0.118395954 -1.1493534 0.1130429
-0.124405764 -1.2149241 0.11020748
-0.13121647 -1.2751012 0.10763106
-0.12052722 -1.171275 0.11207698
-0.1266057 -1.2331244 0.10926522
-0.1179024 -1.1309656 0.11432927
-0.122653134 -1.1916053 0.11115084
-0.12870821 -1.2495295 0.10833731
-0.11963939 -1.1524562 0.11300553
-0.1247199 -1.2102815 0.11020384
-0.13069019 -1.2641388 0.10747833
-0.12160969 -1.1728313 0.11210202
-0.12671816 -1.2273302 0.10923273
-0.11974159 -1.1397207 0.114547305
-0.12350266 -1.1915402 0.1112026
-0.12864174 -1.2427787 0.10825467
-0.12137327 -1.159871 0.11292567
-0.12532969 -1.2087166 0.11024827
-0.13047609 -1.2565602 0.10730798
0.044303875 -1.8802272 0.12919563
0.1089851 -2.5722284 0.11166522
0.0068368646 -1.4064788 0.13882151
0.064169444 -2.1046796 0.123431884
0.13353245 -2.8016477 0.105747074
0.023971256 -1.6315686 0.13470414
0.08570899 -2.332373 0.11748651
0.15978289 -3.033711 0.09990298
0.042791665 -1.8579987 0.12921178
0.108984485 -2.5632267 0.11147019
0.0048346156 -1.3767761 0.13883322
0.06315892 -2.0871446 0.12334592
0.1339982 -2.7970228 0.10547553
0.022161491 -1.6050624 0.13449003
0.08519615 -2.31944 0.11730518
0.16073164 -3.033497 0.09959336
0.04136091 -1.8361428 0.1290605
0.10896316 -2.5548708 0.1112038
0.0031542582 -1.3485675 0.13888547
0.06219391 -2.0700638 0.12315337
0.13447477 -2.7932553 0.10514117
0.02062578 -1.5797848 0.13420904
0.08471718 -2.3071184 0.11704201
0.16172333 -3.0343556 0.099226534
0.0400875 -1.8150599 0.1287921
0.1089831 -2.547312 0.110867776
0.0015974124 -1.321393 0.13891731
0.06132508 -2.0536876 0.12286691
0.13501132 -2.7904854 0.10474506
0.019262332 -1.5557317 0.13394117
0.0843153 -2.295597 0.116702445
0.16280021 -3.0364149 0.09880089
0.03897216 -1.7950039 0.1284598
0.10908278 -2.5407107 0.11046553
0.000117442054 -1.2950749 0.13891971
0.060577266 -2.0382457 0.12250513
0.13564226 -2.7888553 0.104288824
0.01801811 -1.5328077 0.13369419
0.08401814 -2.285062 0.11629391
0.16399294 -3.0398045 0.09831583
0.03799785 -1.7760881 0.1280984
0.10928909 -2.5352256 0.11000096
-0.001298187 -1.2695271 0.1388952
0.059961576 -2.0239139 0.12208842
0.13639273 -2.7885067 0.10377435
0.016870867 -1.5109344 0.1334586
0.08384533 -2.275682 0.11582604
0.16532429 -3.0446534 0.09777173
0.03714994 -1.7583514 0.12772402
0.109622814 -2.531008 0.109478995
-0.0026525538 -1.2447039 0.13884686
0.05948151 -2.0108101 0.1216336
0.13728257 -2.789576 0.103204206
0.01581222 -1.490062 0.13322482
0.08381037 -2.2675967 0.11530934
0.16681245 -3.0510876 0.09717005
0.036419865 -1.7418044 0.12734184
0.11010043 -2.5281944 0.10890569
-0.003945123 -1.2205836 0.13877688
0.059137724 -1.9990115 0.12115196
0.13832825 -2.7921913 0.10258201
0.014840028 -1.4701635 0.13298596
0.08392227 -2.2609162 0.11475346
0.16847292 -3.059227 0.09651343
0.035803974 -1.7264508 0.12695214
0.110734925 -2.526903 0.10828771
-0.005173637 -1.1971582 0.13868676
0.058930725 -1.9885685 0.12065014
0.13954377 -2.796468 0.10191237
0.013955256 -1.4512281 0.1327376
0.08418738 -2.2557244 0.114166245
0.17031932 -3.069182 0.095805675
0.035301946 -1.7122965 0.12655358
0.111536555 -2.5272324 0.107631736
-0.006334792 -1.1744306 0.13857745
0.05886192 -1.9795178 0.12013162
0.14094098 -2.8025072 0.101200715
0.0131606255 -1.4332569 0.13247687
0.08461083 -2.252086 0.11355358
0.17236374 -3.0810513 0.095051706
0.034915667 -1.6993517 0.12614448
0.11251369 -2.5292625 0.106944
-0.0074245934 -1.1524105 0.13844965
0.05893391 -1.9718889 0.11959812
0.14253001 -2.8103938 0.10045294
0.01246 -1.4162594 0.13220192
0.08519743 -2.2500508 0.1129198
0.17461675 -3.0949185 0.09425742
0.03464857 -1.6876315 0.12572332
0.113673545 -2.533057 0.106230065
-0.008438489 -1.1311132 0.1383039
0.05915045 -1.965709 0.11905038
0.1443196 -2.8201957 0.09967522
0.011858081 -1.4002521 0.13191158
0.08595222 -2.2496593 0.11226806
0.17708749 -3.1108496 0.09342957
0.034505263 -1.6771559 0.1252888
0.115022734 -2.538665 0.1054949
-0.009371485 -1.1105584 0.13814059
0.059516363 -1.9610045 0.11848871
0.14631736 -2.831964 0.098873846
0.011360262 -1.3852564 0.131605
0.08688078 -2.2509453 0.11160078
0.17978372 -3.128891 0.09257562
0.034491297 -1.6679488 0.12483987
0.11656771 -2.546124 0.10474301
-0.01021818 -1.0907693 0.13796005
0.060037453 -1.9578027 0.117913194
0.1485302 -2.845733 0.09805523
0.010972533 -1.3712986 0.13128157
0.08798929 -2.2539377 0.11091996
0.18271193 -3.1490679 0.09170365
0.03461308 -1.6600384 0.12437566
0.118314974 -2.5554602 0.103978604
-0.0109728435 -1.0717716 0.13776258
0.060720444 -1.9561317 0.117323846
0.1509644 -2.8615203 0.0972259
0.010701444 -1.3584085 0.13094077
0.08928469 -2.2586617 0.110227376
0.1858773 -3.1713824 0.09082238
0.03487781 -1.6534562 0.12389537
0.120271266 -2.5666904 0.10320584
-0.01162944 -1.0535938 0.13754845
0.061572976 -1.9560215 0.11672065
0.15362576 -2.879327 0.09639261
0.010554067 -1.3466202 0.13058211
0.09077466 -2.2651396 0.10952478
0.18928377 -3.1958137 0.089940995
0.03529347 -1.6482382 0.12339822
0.12244365 -2.5798216 0.10242893
-0.012181715 -1.0362659 0.13731797
0.06260362 -1.9575037 0.11610359
0.15651968 -2.8991373 0.095562465
0.010537981 -1.335971 0.1302051
0.092467725 -2.2733905 0.10881398
0.192934 -3.222315 0.089069225
0.035868846 -1.6444238 0.122883424
0.124839514 -2.594851 0.10165238
-0.01262324 -1.0198195 0.13707145
0.06382194 -1.9606115 0.11547271
0.15965113 -2.9209166 0.09474297
0.010661257 -1.3265023 0.1298091
0.09437324 -2.2834303 0.10809708
0.1968293 -3.2508152 0.08821725
0.036613576 -1.6420571 0.12235012
0.12746654 -2.6117647 0.10088115
-0.012947534 -1.0042877 0.13680924
0.06523851 -1.9653801 0.11482818
0.16302449 -2.9446123 0.09394216
0.010932447 -1.3182592 0.12939343
0.0965014 -2.2952707 0.10737658
0.20096946 -3.281216 0.0873956
0.03753822 -1.6411861 0.121797375
0.13033254 -2.6305366 0.100120924
-0.013148151 -0.989704 0.13653181
0.066865094 -1.9718457 0.11417042
0.16664328 -2.9701512 0.09316864
0.011360586 -1.3112913 0.12895718
0.09886324 -2.3089168 0.10665581
0.20535266 -3.3133934 0.08661501
0.038654383 -1.6418642 0.12122421
0.13344528 -2.6511257 0.099378295
-0.013218849 -0.97610265 0.13623971
0.068714656 -1.980045 0.113500364
0.17050992 -2.9974382 0.092431605
0.011955203 -1.3056527 0.1284993
0.10147043 -2.3243659 0.10593916
0.20997523 -3.347199 0.08588623
0.039974857 -1.6441492 0.120629735
0.13681193 -2.673473 0.09866103
-0.013153745 -0.96351784 0.1359336
0.0708015 -1.9900126 0.11281993
0.17462517 -3.026355 0.0917407
0.012726381 -1.3014032 0.12801844
0.10433504 -2.3416016 0.1052328
0.21483144 -3.3824592 0.085219644
0.04151391 -1.6481037 0.12001337
0.14043845 -2.6974971 0.09797826
-0.012947536 -0.9519833 0.1356143
0.07314129 -2.0017781 0.11213274
0.17898759 -3.056759 0.09110566
0.01368492 -1.2986085 0.12751296
0.107468836 -2.3605886 0.104545295
0.21991345 -3.4189808 0.084624894
0.04328763 -1.6537932 0.119375445
0.14432864 -2.7230906 0.097340435
-0.012595672 -0.9415321 0.13528278
0.07575093 -2.0153584 0.11144538
0.18359292 -3.088484 0.09053585
0.014842709 -1.2973416 0.12698103
0.11088216 -2.3812635 0.10388835
0.22521114 -3.4565537 0.0841104
0.045314595 -1.6612828 0.11871837
0.14848271 -2.7501156 0.09675892
-0.012094492 -0.9321963 0.13494003
0.07864796 -2.0307484 0.110769264
0.18843341 -3.1213415 0.09003932
0.016213588 -1.2976835 0.1264208
0.11458197 -2.4035254 0.10327727
0.23071197 -3.494956 0.08368287
0.047616772 -1.670629 0.118048936
0.1528958 -2.7784023 0.09624499
-0.011441032 -0.92400736 0.13458695
0.08184918 -2.0479012 0.11012312
0.19349729 -3.155127 0.08962201
0.01781526 -1.299723 0.12583119
0.11856894 -2.4272237 0.10273063
0.23640051 -3.533962 0.08334685
0.050220806 -1.6818634 0.11738279
0.15755633 -2.8077514 0.09580835
-0.010632138 -0.91699684 0.13422388
0.085367404 -2.0667038 0.10953552
0.19876787 -3.1896274 0.08928695
0.019673437 -1.3035547 0.12521464
0.12283376 -2.4521523 0.10226825
0.24225697 -3.5733488 0.08310439
0.05315905 -1.694958 0.116752245
0.16244453 -2.8379445 0.09545548
-0.009661535 -0.9112001 0.13384973
0.0892054 -2.086946 0.10904548
0.20422168 -3.2246323 0.08903412
0.02183074 -1.309266 0.12458477
0.1273534 -2.4780543 0.10190762
0.24825327 -3.6129045 0.08295478
0.05646805 -1.7097627 0.11621794
0.16753036 -2.8687594 0.09518899
-0.008511568 -0.90666306 0.13346049
0.09334643 -2.1082973 0.10869756
0.20982368 -3.2599444 0.08886102
0.024365226 -1.3168939 0.12398849
0.13208784 -2.5046453 0.10166015
0.2543458 -3.6524365 0.08289426
0.060177427 -1.7259047 0.11587875
0.17276765 -2.8999903 0.09500887
-0.007128234 -0.90345836 0.13304932
0.0977421 -2.1303198 0.10852936
0.2155171 -3.2953944 0.08876366
0.027425284 -1.3262889 0.123563245
0.1369715 -2.531654 0.101531066
0.260464 -3.6917808 0.08291526
0.064272694 -1.7426833 0.11585972
0.17807668 -2.9314682 0.09491494
-0.005335026 -0.90171206 0.13262646
0.10228841 -2.152556 0.10855956
0.22120702 -3.3308535 0.08873583
0.03126618 -1.3367151 0.123653375
0.14187324 -2.558869 0.101523295
0.2665033 -3.730813 0.08300424
0.068581335 -1.7591395 0.116257295
0.18330795 -2.9630797 0.094903916
-0.0023969475 -0.901725 0.13244475
0.10670101 -2.1746798 0.1087891
0.22675367 -3.3662484 0.088762596
0.035883978 -1.3460283 0.12487728
0.1464997 -2.586182 0.101623505
0.27234906 -3.769458 0.08313557
0.0037423233 -0.95048594 0.13519102
0.00360825 -0.98967695 0.13390723
0.015465557 -1.122201 0.1317477
0.027471045 -1.2443701 0.1291406
0.037947163 -1.3552732 0.12631856
0.0425694 -1.428463 0.12552148
0.052694917 -1.5380807 0.12310668
0.061652765 -1.6385746 0.12066984
0.07101367 -1.7335163 0.119520225
0.07954349 -1.8319464 0.11736552
0.08728858 -1.9230977 0.115207985
0.094037384 -2.0077248 0.1130764
0.10764677 -2.124849 0.11202687
0.11440767 -2.207898 0.11006648
0.1205082 -2.2856119 0.10812197
0.13667905 -2.416156 0.10706966
0.14268273 -2.492325 0.10525494
0.14823109 -2.5640707 0.10345373
0.15327679 -2.6317468 0.10167624
0.17192927 -2.7761567 0.1007432
0.17704909 -2.8427906 0.099057645
0.18180095 -2.9059625 0.09739193
0.20207258 -3.059432 0.09649913
0.20687307 -3.1216903 0.09491271
0.21139993 -3.1809733 0.09334444
0.2156449 -3.2374675 0.0917983
0.23766366 -3.4008074 0.091002986
0.24202986 -3.4567375 0.08952514
0.24618518 -3.510243 0.08806759
0.26941243 -3.6802223 0.08732256
0.2736664 -3.7332728 0.08593547
0.27777278 -3.7842295 0.084568515
0.2817284 -3.8331845 0.083216585
0.30629343 -4.010611 0.08259968
0.31038493 -4.0594697 0.08133774
0.3143903 -4.1066103 0.08007949
0.33988956 -4.288758 0.079602614
-0.13152939 -1.2568985 0.10673244
-0.12757891 -1.2190325 0.10998462
-0.12575886 -1.1870875 0.11296997
-0.13058425 -1.2471595 0.107633136
-0.12732713 -1.2120916 0.11094017
-0.12689798 -1.1889205 0.11412007
-0.1298791 -1.2382829 0.10858283
-0.12743524 -1.2076994 0.11189109
-0.13290933 -1.2635729 0.10621634
-0.12945375 -1.2308917 0.10955833
-0.12795132 -1.2065101 0.11283554
-0.13210434 -1.2550608 0.10714756
-0.12933578 -1.2255743 0.11054885
-0.12887521 -1.2092202 0.113857284
-0.1315269 -1.2474052 0.10812455
-0.1295422 -1.2228998 0.11155024
-0.13424076 -1.2697818 0.10568557
-0.13122265 -1.2412807 0.10912564
-0.1300731 -1.2234092 0.11256603
-0.13352984 -1.2621895 0.106667675
-0.13121876 -1.2373092 0.110140674
-0.13084628 -1.2274427 0.1135816
-0.1330568 -1.2554691 0.10767465
-0.1315247 -1.2360716 0.1111671
-0.1313063 -1.2342097 0.114204645
-0.13285804 -1.2503422 0.10870016
-0.13211526 -1.2380837 0.11220543
-0.13486205 -1.2687095 0.10620135
-0.13295782 -1.2474558 0.109734535
-0.13286231 -1.2436208 0.11322655
-0.13446045 -1.2626148 0.10724331
-0.13336058 -1.2474052 0.11077395
-0.13335732 -1.2520809 0.11393842
-0.13433394 -1.2582049 0.10829376
-0.13403052 -1.2507246 0.11181202
-0.13610035 -1.2747593 0.10574853
-0.13448589 -1.2561469 0.10934495
-0.13482739 -1.2577579 0.112809815
