0.17459092 -1.4045799 0.0760768
0.09079542 0.0079909535 0.12174755
0.0832277 0.48850927 0.15472956
0.09516894 0.18330275 0.17738166
0.17338195 -1.4021469 0.07641689
0.090368435 0.0069259815 0.12174349
0.08280286 0.48686522 0.1547223
0.0947188 0.1832002 0.17739686
0.1731727 -1.4765439 0.07487477
0.112803265 -1.2673998 0.07371438
0.06391793 -1.082605 0.07594216
0.021867054 -0.92498934 0.07772833
-0.019986149 -0.70600724 0.078549914
-0.05571442 0.07097631 0.11550776
-0.05374494 0.3287873 0.14999025
-0.040523566 0.120035544 0.18025754
-0.020397494 -0.7024836 0.07840069
-0.056212828 0.07276092 0.11549687
-0.054197866 0.3295184 0.14998358
-0.040950105 0.11982173 0.18027054
-0.02078287 -0.6992441 0.07855484
-0.0567 0.074085906 0.11550517
-0.05464264 0.32981896 0.14999753
-0.04137238 0.1193172 0.18030827
-0.021152224 -0.6955073 0.0786143
-0.05720335 0.07594319 0.115402445
-0.055096656 0.3306196 0.14989081
-0.04179659 0.11915776 0.18019053
-0.021406962 -0.69263047 0.07875012
-0.05769094 0.077218994 0.1155719
-0.055539288 0.33086956 0.15007986
-0.04221439 0.11859879 0.18045595
-0.021869278 -0.6887818 0.07844285
-0.05819892 0.079149745 0.11524248
-0.055993773 0.33173996 0.14972678
-0.042634893 0.11849179 0.18001702
-0.022499291 -0.68611914 0.079026565
-0.058689002 0.080403365 0.115660086
-0.056435063 0.33196956 0.15018483
-0.043047395 0.11792083 0.18063226
-0.023319533 -0.6826251 0.078415066
-0.059200577 0.08233279 0.11517854
-0.0568875 0.33282745 0.14966789
-0.04345978 0.117756434 0.17997988
-0.02392323 -0.6799175 0.07870291
-0.059711106 0.08370469 0.11543556
-0.057335127 0.33319065 0.14994815
-0.04386502 0.11737741 0.18036266
-0.025705934 -0.7113593 0.07856579
-0.042063616 -0.13538304 0.19636974
-0.05009429 0.26612452 0.1667932
-0.06181932 0.2833856 0.13468762
-0.05022234 -0.2012288 0.09834886
-0.073927864 -0.18113717 0.09308217
-0.08400051 0.31192923 0.129623
-0.07011588 0.30879462 0.16254184
-0.05717157 -0.10928703 0.19299161
0.017826578 -1.2495623 0.055671968
0.10699656 -2.282996 0.017383877
0.21625663 -3.3203287 -0.01302314
0.046578187 -1.5981643 0.042297315
0.1420771 -2.6329207 0.006234538
-0.14920989 -1.8842076 0.3703055
-0.14290999 -1.8467534 0.36979157
-0.12120528 -1.7332292 0.36866137
-0.13782708 -1.808589 0.36832848
-0.12396237 -1.7162193 0.36727163
-0.13656054 -1.7912279 0.3669135
-0.023877183 -0.72547245 0.078020155
-0.041631248 -0.6630805 0.076235116
-0.026766246 -0.77024925 0.07639895
-0.038784802 -0.7047763 0.07447623
-0.013879019 -0.8144619 0.07442559
-0.02098345 -1.0713171 0.05511158
0.06837584 -2.083737 0.017028758
0.17538053 -3.0908904 -0.012613576
-0.04158167 -0.7296703 0.07183962
-0.029419571 -0.77721244 0.073009305
-0.18765059 -2.4527802 0.4233757
-0.15287958 -2.0994208 0.39852753
-0.15393959 -1.9301703 0.37286386
-0.18893139 -2.334422 0.4018897
-0.22746399 -2.7102268 0.42587042
-0.23363394 -2.8198564 0.43820277
-0.19003385 -2.4772556 0.42520323
-0.15489732 -2.125241 0.40085524
-0.120850615 -1.7534399 0.3712062
-0.18927316 -2.4725742 0.4252392
-0.15417469 -2.121131 0.4008897
-0.11821077 -1.7492313 0.37125772
0.047546633 -1.6021109 0.0423804
0.14287762 -2.6374714 0.0062349034
-0.017713774 -0.90428644 0.07143468
0.07701674 -1.9503734 0.02955587
0.18017499 -2.9887846 -0.0039721616
-0.20132923 -2.5840738 0.43202215
-0.16462894 -2.234931 0.40970406
-0.13592373 -1.8753847 0.38157263
-0.20052972 -2.5792205 0.43206868
-0.16388552 -2.230579 0.40973717
-0.13548602 -1.8718755 0.3816357
0.027575215 -1.2653847 0.05627225
0.11004388 -2.3000321 0.017465172
0.21968554 -3.3408682 -0.013118762
0.049842164 -1.6134073 0.042640142
0.1452421 -2.651034 0.0062330263
-0.21322602 -2.690785 0.43825752
-0.17476268 -2.3425972 0.4178969
-0.14201586 -1.9897004 0.39161697
-0.21240513 -2.6857383 0.43833256
-0.17399415 -2.338027 0.41793007
-0.14132886 -1.9857583 0.39166045
-0.0174025 -0.9170171 0.072587304
0.07925771 -1.9620697 0.02969818
0.18261997 -3.0032094 -0.004024277
0.025142359 -1.2743312 0.056770828
0.11229849 -2.3125093 0.01752356
0.22222944 -3.3562315 -0.013199613
-0.18535167 -2.448965 0.42542103
-0.1506065 -2.1004047 0.40106985
-0.11624089 -1.734046 0.37188718
-0.1845599 -2.4442034 0.42545733
-0.14990623 -2.096225 0.4011057
-0.1171349 -1.7312542 0.37193793
0.05147526 -1.6238337 0.042897962
0.14755459 -2.6644635 0.006225379
-0.0058595566 -0.9308163 0.07306701
0.08156437 -1.9736569 0.02983569
0.1850351 -3.017653 -0.0040836805
-0.1964934 -2.5546997 0.4322994
-0.16015285 -2.2086465 0.409903
-0.12889464 -1.853218 0.38195118
0.03267168 -1.0564549 0.4284544
0.043244258 -0.9531927 0.40672448
0.049912475 -0.85401994 0.37855515
-0.16967568 -2.4204478 0.44098625
-0.1056134 -1.9909422 0.44008905
-0.04538147 -1.5771779 0.43768016
0.008919178 -1.213659 0.43575987
0.030018426 -0.93453234 0.36746687
-0.009724132 -1.1458203 0.36808154
-0.052529357 -1.3766923 0.36885843
-0.09858862 -1.6199085 0.369926
0.041124858 -0.87682027 0.36688006
0.0023347049 -1.0794101 0.3674172
-0.039468866 -1.3044181 0.36813444
-0.08448852 -1.5436419 0.36905622
0.041176774 -0.8751736 0.36643457
0.0024970395 -1.0770476 0.36694857
-0.039229527 -1.3010569 0.36765462
-0.08415773 -1.539119 0.36856347
0.041324683 -0.87353796 0.36598584
0.0026580663 -1.0746922 0.3664793
-0.038992472 -1.2977014 0.36717415
-0.083830304 -1.5346 0.36806947
0.041362192 -0.8719038 0.36553383
0.0028189747 -1.0723363 0.3660093
-0.0387506 -1.2943436 0.3666929
-0.08349157 -1.5300757 0.36757395
0.041514624 -0.8702844 0.36507878
0.002977988 -1.0699881 0.3655386
-0.03852292 -1.2909938 0.36621073
-0.08318421 -1.5255599 0.3670767
0.04154613 -0.86866385 0.3646212
0.0031372872 -1.0676389 0.36506736
-0.038273156 -1.2876396 0.36572763
-0.0828243 -1.5210348 0.36657745
0.041693885 -0.8670615 0.36416194
0.0032949804 -1.0652977 0.36459595
-0.03805724 -1.2842939 0.36524367
-0.082543805 -1.5165186 0.36607584
0.041734856 -0.8654533 0.36370292
0.0034511627 -1.0629555 0.36412537
-0.03780552 -1.2809473 0.36475933
-0.08217496 -1.5120021 0.3655719
-0.0020054735 -0.8391082 0.07784133
0.038049854 -0.99838275 0.076535806
0.082421795 -1.1657063 0.0744258
0.13474496 -1.3684646 0.07221626
0.15315135 -1.4579123 0.0710881
0.09809698 -1.2398286 0.07301989
0.05144267 -1.0609667 0.07535606
0.010649691 -0.90258557 0.07704299
0.15500979 -1.4821013 0.070157565
0.099485025 -1.2590381 0.07229787
0.05258767 -1.0773903 0.07472167
0.011649734 -0.91750973 0.07649606
0.15658835 -1.50628 0.069228135
0.10076929 -1.2781956 0.07157607
0.053718712 -1.0937763 0.07408581
0.012737614 -0.93243533 0.07594668
0.15843517 -1.5305111 0.0683024
0.10215511 -1.2974418 0.07085559
0.05487078 -1.1102276 0.073449746
0.013759039 -0.94737434 0.07539561
0.16011244 -1.5547028 0.06737996
0.10348157 -1.316635 0.070136026
0.05601796 -1.1266471 0.0728136
0.014834847 -0.96232414 0.07484297
0.16190271 -1.578941 0.06646011
0.104851104 -1.3359072 0.069416754
0.057175856 -1.1431243 0.07217719
0.015887868 -0.9772853 0.0742887
0.25251395 -2.4463167 0.045652688
0.4063104 -4.190475 -0.0037603502
0.58305603 -5.853303 -0.040769197
0.56123453 -5.815396 -0.05149102
0.44747955 -5.0053983 -0.04284323
0.35602427 -4.342643 -0.030376429
0.28578222 -3.8518524 -0.021866756
0.019691858 -1.0141975 0.073089
0.061344687 -1.1835269 0.07079285
0.10978394 -1.3837713 0.067841105
0.16811621 -1.6392795 0.06447769
0.018618029 -0.9991769 0.07365143
0.06017173 -1.1669338 0.071434245
0.10840308 -1.3643245 0.06856688
0.16631171 -1.614732 0.06541658
0.19876501 -1.686995 0.071639724
0.19037561 -1.6490266 0.0711879
0.20519844 -1.775333 0.070023276
0.19675879 -1.7360059 0.070237376
0.21192168 -1.8650976 0.06844585
0.20355779 -1.8230432 0.06843995
0.23798332 -2.175526 0.06189707
0.42814758 -4.213414 0.0073849694
0.6171134 -6.0029335 -0.032676127
0.5732711 -5.742646 -0.036774363
0.39678222 -4.0563426 0.001792416
0.24142976 -2.2593427 0.053860776
0.5256931 -5.3162384 -0.028281752
0.3546707 -3.6134171 0.013490222
0.6503522 -6.4112563 -0.04911861
0.46507314 -4.7478 -0.015795313
0.30125746 -3.0147064 0.030490002
0.5843909 -5.848894 -0.03944123
0.4069755 -4.1731877 -0.0019062276
0.2513682 -2.401091 0.048913646
0.521323 -5.28559 -0.028292667
0.35136914 -3.5896568 0.013423191
0.6455891 -6.377894 -0.049159568
0.46097222 -4.7189655 -0.01577745
0.29851794 -2.9948492 0.030520093
0.5798031 -5.8167896 -0.039453458
0.40321055 -4.1465397 -0.0019603649
0.24914178 -2.3857186 0.04825912
0.5169488 -5.254959 -0.028287802
0.3480398 -3.5659568 0.013466931
0.6408136 -6.3445024 -0.049180206
0.45686504 -4.6900992 -0.01577991
0.29570717 -2.974846 0.030358626
0.033363905 -1.0525155 0.42842633
0.043887492 -0.94979167 0.40672866
0.049024932 -0.85148346 0.37863395
0.03405743 -1.0486004 0.4283982
0.044534195 -0.9464442 0.40673348
0.047801893 -0.8492159 0.37872216
0.034751568 -1.0446943 0.42836994
0.04518038 -0.94313616 0.4067382
0.046885714 -0.84745765 0.37881637
0.035446692 -1.0407676 0.42834154
0.045828573 -0.9397653 0.40674275
0.04711947 -0.84545964 0.37891573
0.036142815 -1.0368041 0.428313
0.04648017 -0.9362493 0.40674698
0.048018545 -0.8421435 0.37901577
0.036840063 -1.0328214 0.4282842
0.047133062 -0.9326739 0.40675053
0.05005229 -0.83861303 0.37911144
0.037536588 -1.0288484 0.42825526
0.04778151 -0.92913985 0.40675348
0.052347492 -0.8355936 0.37920168
0.038234174 -1.0249043 0.4282257
0.04842799 -0.9256609 0.40675494
0.054252602 -0.832849 0.37928215
0.038886014 -1.0209693 0.42819652
0.049003884 -0.9221886 0.40675575
0.05582153 -0.8301512 0.37935168
0.07419032 -0.72831494 0.36251464
0.05910717 -0.78136677 0.36370188
0.07400796 -0.7300143 0.36435598
0.062536746 -0.78518647 0.365657
0.0740319 -0.73183644 0.36614907
0.060302265 -0.78922606 0.36747932
0.06980166 -0.8483892 0.42806792
0.0781709 -0.7673946 0.40693188
0.083910145 -0.70442706 0.37968054
-0.044465035 -0.44618955 0.21497832
-0.005959226 -0.351385 0.21207629
0.028112048 -0.34616002 0.20725448
0.057853203 -0.43635407 0.20212397
-0.045424353 -0.46491072 0.21638697
-0.0064593214 -0.36929256 0.21344852
0.027563753 -0.36426732 0.20855147
0.05688613 -0.45564976 0.20347029
-0.046291098 -0.48275805 0.21774623
-0.0069852127 -0.38698494 0.21483612
0.026993483 -0.3821301 0.20988792
0.055902705 -0.47435072 0.20490187
-0.047078542 -0.49986473 0.21909791
-0.007537501 -0.40445155 0.21623372
0.02639961 -0.39974675 0.2112569
0.054905042 -0.49245942 0.20639364
-0.04780861 -0.51633406 0.22044852
-0.0081130825 -0.42167565 0.21764047
0.025785 -0.41710207 0.2126568
0.053898305 -0.5099606 0.20793305
-0.04849777 -0.53223914 0.22180457
-0.008710157 -0.43864524 0.21905424
0.02515076 -0.43418506 0.21408324
0.05288632 -0.5268444 0.20951007
-0.049158487 -0.5476375 0.22316778
-0.009326334 -0.4553484 0.22047414
0.024498595 -0.45098323 0.21553335
0.051873583 -0.54310256 0.21111868
-0.049799208 -0.5625746 0.22453888
-0.009959438 -0.47177517 0.22189914
0.02382988 -0.4674854 0.21700415
0.05086454 -0.558732 0.21275407
-0.050425626 -0.5770881 0.22591773
-0.0106071895 -0.48791707 0.22332858
0.023146063 -0.48368087 0.21849327
0.049863666 -0.5737341 0.21441227
-0.05104141 -0.59120965 0.22730394
-0.011267298 -0.5037674 0.22476201
0.022448609 -0.49956015 0.21999866
0.04887523 -0.5881153 0.2160896
-0.05164893 -0.6049669 0.228697
-0.01193753 -0.51932126 0.2261992
0.021738986 -0.51511467 0.22151864
0.047903053 -0.60188615 0.21778269
-0.052249674 -0.61838424 0.2300964
-0.0126157375 -0.53457564 0.22764009
0.021018693 -0.53033686 0.22305179
0.046950374 -0.61506134 0.21948831
-0.05284455 -0.63148373 0.2315017
-0.013299906 -0.54952925 0.22908485
0.02028925 -0.54522055 0.22459693
0.04601978 -0.6276581 0.22120357
-0.053434074 -0.6442855 0.23291253
-0.013988183 -0.56418234 0.23053369
0.019552207 -0.55976045 0.22615309
0.045113184 -0.6396963 0.22292587
-0.054018546 -0.6568082 0.23432861
-0.014678912 -0.5785366 0.23198694
0.018809108 -0.5739526 0.22771943
0.044231843 -0.65119684 0.22465305
-0.054598045 -0.6690693 0.2357498
-0.015370574 -0.5925953 0.23344496
0.018061556 -0.58779424 0.2292952
0.04337649 -0.6621816 0.22638322
-0.055172626 -0.6810854 0.23717591
-0.016061906 -0.6063622 0.23490815
0.017311078 -0.6012838 0.23087972
0.04254733 -0.6726728 0.22811493
-0.055742238 -0.69287217 0.23860696
-0.016751768 -0.61984265 0.23637684
0.016559232 -0.6144208 0.23247243
0.04174421 -0.6826923 0.22984701
-0.056306805 -0.7044447 0.24004295
-0.01743918 -0.6330422 0.23785137
0.015807545 -0.6272059 0.23407279
0.040966704 -0.6922614 0.23157862
-0.05686629 -0.7158176 0.24148393
-0.018123355 -0.6459673 0.23933206
0.015057443 -0.6396412 0.23568027
0.040214125 -0.7014008 0.23330912
-0.05742061 -0.7270048 0.24292998
-0.018803585 -0.6586249 0.24081916
0.0143103395 -0.6517295 0.23729442
0.039485704 -0.7101302 0.23503816
-0.05796974 -0.7380201 0.24438128
-0.019479278 -0.67102224 0.2423129
0.01356756 -0.6634749 0.23891482
0.03878057 -0.71846837 0.23676549
-0.05851366 -0.7488767 0.24583796
-0.020149939 -0.683167 0.24381343
0.0128303515 -0.67488235 0.24054103
0.038097832 -0.7264331 0.23849098
-0.059052408 -0.75958747 0.24730015
-0.020815156 -0.695067 0.2453209
0.012099847 -0.6859577 0.24217266
0.03743659 -0.73404115 0.24021469
-0.05958601 -0.7701651 0.24876806
-0.021474544 -0.7067303 0.2468354
0.011377133 -0.6967076 0.24380939
0.036795996 -0.7413084 0.24193664
-0.060114577 -0.78062177 0.25024188
-0.022127816 -0.7181654 0.24835698
0.010663144 -0.70713955 0.24545085
0.036175225 -0.7482498 0.243657
-0.060638245 -0.7909695 0.2517217
-0.022774724 -0.72938055 0.2498857
0.009958721 -0.7172616 0.24709676
0.0355735 -0.75487965 0.24537587
-0.061157163 -0.80122 0.25320774
-0.023415029 -0.74038434 0.2514215
0.00926463 -0.7270825 0.24874683
0.034990136 -0.7612112 0.24709347
-0.061671544 -0.8113846 0.25470015
-0.024048565 -0.7511855 0.25296444
0.008581505 -0.73661137 0.25040078
0.034424465 -0.7672573 0.24880998
-0.062181637 -0.8214745 0.25619903
-0.024675202 -0.7617927 0.2545144
0.007909876 -0.7458578 0.25205845
0.0338759 -0.77303004 0.25052556
-0.06268769 -0.8315004 0.25770453
-0.025294797 -0.7722149 0.25607133
0.007250217 -0.75483173 0.25371954
0.03334392 -0.7785411 0.25224045
-0.06319001 -0.8414729 0.25921667
-0.0259073 -0.7824608 0.25763515
0.006602863 -0.76354337 0.25538388
0.032828014 -0.78380144 0.25395477
-0.06368893 -0.85140216 0.2607356
-0.026512632 -0.7925395 0.2592058
0.0059681092 -0.7720032 0.25705135
0.03232776 -0.78882194 0.2556687
-0.0641848 -0.86129814 0.2622614
-0.0271108 -0.8024599 0.26078308
0.0053461287 -0.78022164 0.25872174
0.031842746 -0.7936128 0.2573824
-0.06467798 -0.87117046 0.263794
-0.027701786 -0.81223106 0.26236692
0.004737067 -0.7882095 0.26039493
0.03137261 -0.798184 0.25909597
-0.065168895 -0.8810285 0.26533353
-0.028285645 -0.821862 0.2639572
0.0041409694 -0.79597753 0.2620708
0.030917019 -0.80254525 0.26080957
-0.06565796 -0.8908813 0.26687992
-0.02886246 -0.8313617 0.26555374
0.0035578196 -0.80353636 0.26374927
0.030475643 -0.806706 0.2625233
-0.0661456 -0.9007377 0.26843318
-0.029432306 -0.8407392 0.2671564
0.002987581 -0.8108968 0.26543018
0.030048205 -0.81067544 0.26423725
-0.06663228 -0.91060615 0.26999328
-0.02999533 -0.85000354 0.26876503
0.0024301352 -0.8180695 0.2671135
0.02963442 -0.8144626 0.26595148
-0.06711846 -0.920495 0.27156013
-0.030551692 -0.85916364 0.27037945
0.0018853296 -0.825065 0.2687991
0.029234026 -0.8180762 0.26766607
-0.06760463 -0.93041193 0.27313367
-0.031101584 -0.8682284 0.27199954
0.0013529746 -0.83189386 0.2704869
0.028846765 -0.8215249 0.26938108
-0.068091296 -0.9403647 0.2747138
-0.031645227 -0.87720656 0.27362505
0.00083284493 -0.83856636 0.27217686
0.02847239 -0.8248173 0.27109653
-0.06857895 -0.9503609 0.27630046
-0.032182876 -0.8861071 0.27525586
0.00032468035 -0.84509283 0.2738689
0.02811065 -0.8279617 0.27281243
-0.06906811 -0.9604073 0.27789348
-0.032714788 -0.8949384 0.27689174
-0.00017179035 -0.8514832 0.27556288
0.027761307 -0.83096635 0.27452883
-0.06955933 -0.97051096 0.27949277
-0.033241294 -0.90370923 0.27853256
-0.0006568972 -0.85774755 0.27725884
0.027424103 -0.8338394 0.2762457
-0.070053115 -0.98067826 0.28109813
-0.033762705 -0.9124279 0.28017807
-0.0011309508 -0.86389554 0.27895665
0.027098803 -0.83658886 0.27796304
-0.070550025 -0.9909156 0.28270945
-0.03427938 -0.92110276 0.28182814
-0.0015943119 -0.8699368 0.28065622
0.026785148 -0.83922267 0.27968088
-0.071050614 -1.0012289 0.28432652
-0.0347917 -0.9297419 0.28348252
-0.0020473453 -0.8758808 0.2823575
0.02648288 -0.84174865 0.2813991
-0.071555436 -1.011624 0.28594917
-0.035300065 -0.9383534 0.28514105
-0.0024904362 -0.8817367 0.28406045
0.026191738 -0.8441747 0.28311777
-0.072065055 -1.0221063 0.28757724
-0.03580488 -0.946945 0.2868035
-0.002923973 -0.8875136 0.28576493
0.025911452 -0.84650826 0.28483677
-0.072580054 -1.0326809 0.28921053
-0.036306605 -0.9555244 0.28846967
-0.003348379 -0.8932203 0.28747088
0.025641741 -0.848757 0.28655607
-0.073100984 -1.0433527 0.2908488
-0.036805674 -0.964099 0.29013938
-0.0037640617 -0.8988657 0.2891782
0.025382327 -0.85092854 0.2882756
-0.073628426 -1.0541266 0.29249185
-0.03730256 -0.97267616 0.29181236
-0.004171453 -0.9044582 0.29088682
0.025132917 -0.85303026 0.2899953
-0.07416298 -1.0650069 0.29413947
-0.037797768 -0.9812628 0.29348847
-0.0045710076 -0.9100063 0.2925966
0.024893206 -0.8550694 0.29171515
-0.074705206 -1.0759976 0.29579145
-0.03829177 -0.9898659 0.29516742
-0.004963164 -0.915518 0.2943075
0.024662888 -0.8570534 0.29343504
-0.07525571 -1.0871024 0.29744753
-0.03878509 -0.99849206 0.29684904
-0.005348389 -0.9210015 0.29601935
0.02444165 -0.8589894 0.29515484
-0.07581507 -1.0983253 0.29910746
-0.039278246 -1.0071477 0.29853308
-0.005727151 -0.92646456 0.29773203
0.024229169 -0.8608846 0.29687452
-0.07638385 -1.1096691 0.30077106
-0.03977175 -1.0158389 0.3002193
-0.0060999207 -0.9319148 0.29944545
0.024025114 -0.862746 0.298594
-0.076962665 -1.1211371 0.30243805
-0.040266152 -1.0245717 0.3019075
-0.0064671906 -0.9373599 0.30115947
0.02382915 -0.86458075 0.30031314
-0.07755208 -1.1327322 0.30410817
-0.040761974 -1.0333518 0.30359745
-0.006829449 -0.9428071 0.30287394
0.023640936 -0.8663958 0.3020319
-0.0781527 -1.1444565 0.3057812
-0.04125977 -1.0421846 0.30528885
-0.0071872054 -0.9482636 0.3045887
0.023460124 -0.8681979 0.30375013
-0.0787651 -1.1563123 0.30745685
-0.041760087 -1.0510756 0.30698153
-0.007540971 -0.95373636 0.30630362
0.02328636 -0.86999416 0.30546775
-0.07938986 -1.1683016 0.30913487
-0.042263456 -1.0600295 0.3086752
-0.00789126 -0.9592323 0.3080185
0.023119293 -0.8717913 0.30718467
-0.080027565 -1.1804261 0.31081504
-0.042770434 -1.0690511 0.3103696
-0.008238609 -0.964758 0.3097332
0.02295856 -0.87359613 0.30890077
-0.08067878 -1.1926869 0.31249705
-0.043281555 -1.0781451 0.31206456
-0.00858355 -0.9703199 0.31144753
0.022803804 -0.87541544 0.31061596
-0.08134409 -1.2050853 0.31418064
-0.043797374 -1.0873156 0.3137597
-0.008926638 -0.9759245 0.31316128
0.022654662 -0.87725604 0.3123301
-0.08202405 -1.2176219 0.31586555
-0.04431841 -1.0965666 0.3154549
-0.0092684245 -0.98157763 0.31487423
0.02251077 -0.8791246 0.31404313
-0.08271925 -1.2302973 0.3175515
-0.044845216 -1.105902 0.31714982
-0.009609482 -0.98728544 0.31658617
0.022371767 -0.88102794 0.31575492
-0.08343022 -1.2431116 0.3192382
-0.04537831 -1.1153251 0.3188442
-0.009950383 -0.99305344 0.31829688
0.022237292 -0.8829729 0.31746534
-0.08415755 -1.2560649 0.32092533
-0.045918223 -1.1248394 0.3205378
-0.010291717 -0.99888724 0.3200061
0.02210698 -0.88496625 0.31917432
-0.08490176 -1.2691566 0.32261264
-0.046465468 -1.1344478 0.3222304
-0.010634072 -1.0047921 0.32171357
0.021980481 -0.8870149 0.32088172
-0.0856634 -1.2823861 0.32429984
-0.047020566 -1.1441534 0.3239217
-0.010978052 -1.0107731 0.323419
0.021857433 -0.88912594 0.32258746
-0.086443014 -1.2957523 0.32598656
-0.047584023 -1.1539582 0.32561144
-0.011324261 -1.016835 0.32512215
0.02173748 -0.8913063 0.3242914
-0.087241136 -1.3092542 0.3276725
-0.04815636 -1.163865 0.32729942
-0.011673318 -1.0229822 0.32682267
0.021620264 -0.89356315 0.3259934
-0.08805828 -1.32289 0.32935733
-0.048738077 -1.1738756 0.32898533
-0.0120258285 -1.0292193 0.32852027
0.021505425 -0.8959039 0.3276933
-0.08889494 -1.3366579 0.33104068
-0.04932968 -1.1839917 0.330669
-0.012382408 -1.0355501 0.3302146
0.021392595 -0.89833593 0.329391
-0.08975165 -1.3505559 0.3327222
-0.049931698 -1.1942149 0.3323501
-0.012743676 -1.0419785 0.3319053
0.021281388 -0.9008669 0.3310863
-0.09062887 -1.3645815 0.33440143
-0.050544627 -1.2045463 0.33402848
-0.01311023 -1.0485079 0.33359206
0.021171406 -0.9035047 0.33277893
-0.09152707 -1.378732 0.33607802
-0.051169008 -1.214987 0.33570385
-0.013482678 -1.0551414 0.33527443
0.021062214 -0.9062573 0.3344687
-0.0924467 -1.3930045 0.33775145
-0.051805373 -1.2255373 0.33737594
-0.01386161 -1.0618823 0.336952
0.020953335 -0.9091328 0.33615527
-0.09338817 -1.4073962 0.33942127
-0.052454263 -1.2361974 0.33904457
-0.014247598 -1.0687326 0.33862436
0.02084424 -0.91213953 0.33783826
-0.094351865 -1.4219035 0.34108695
-0.053116217 -1.246967 0.34070942
-0.014641203 -1.0756952 0.34029105
0.020734321 -0.9152859 0.33951724
-0.09533813 -1.4365233 0.34274793
-0.053791802 -1.2578454 0.34237018
-0.015042972 -1.0827719 0.34195158
0.020622881 -0.91858035 0.34119168
-0.096347235 -1.4512521 0.34440356
-0.05448154 -1.2688314 0.34402654
-0.015453417 -1.0899645 0.34360534
0.02050912 -0.9220312 0.34286094
-0.09737939 -1.4660865 0.34605318
-0.055185977 -1.2799234 0.34567803
-0.015873045 -1.0972745 0.34525177
0.020392112 -0.92564666 0.34452423
-0.09843467 -1.4810236 0.34769604
-0.05590561 -1.2911193 0.34732422
-0.016302332 -1.1047034 0.34689015
0.020270808 -0.92943454 0.3461808
-0.09951302 -1.4960604 0.3493313
-0.05664087 -1.3024162 0.34896448
-0.016741723 -1.1122519 0.34851968
0.020144045 -0.933402 0.34782958
-0.100614116 -1.5111948 0.35095814
-0.05739215 -1.3138114 0.35059813
-0.01719165 -1.119921 0.35013944
0.020010559 -0.9375556 0.3494695
-0.10173731 -1.5264255 0.35257557
-0.058159757 -1.325301 0.35222423
-0.017652525 -1.127711 0.35174832
0.019869015 -0.9419009 0.35109937
-0.102881454 -1.5417526 0.35418272
-0.058943916 -1.3368819 0.3538418
-0.018124735 -1.1356227 0.35334504
0.019718088 -0.94644254 0.35271782
-0.104044445 -1.5571779 0.35577837
-0.05974478 -1.3485498 0.35544962
-0.01860867 -1.143656 0.3549281
0.019556487 -0.9511837 0.35432312
-0.10522319 -1.5727062 0.35736242
-0.060562428 -1.3603013 0.35704613
-0.019104693 -1.151811 0.35649568
0.019383078 -0.95612663 0.3559132
-0.1064118 -1.5883473 0.35893294
-0.06139694 -1.3721325 0.3586295
-0.019613218 -1.1600877 0.35804585
0.019196803 -0.9612726 0.35748506
-0.1076038 -1.6041158 0.3604974
-0.062248282 -1.3840402 0.3601972
-0.020134542 -1.1684859 0.35957646
0.018996889 -0.9666218 0.3590345
-0.10878362 -1.6200455 0.36204696
-0.063116536 -1.3960208 0.36174545
-0.02066921 -1.1770052 0.36108506
0.01878216 -0.972176 0.36055484
-0.109953165 -1.6361865 0.3636308
-0.064000815 -1.4080713 0.36327234
-0.021216894 -1.1856431 0.36257145
0.018552192 -0.97792774 0.36204004
-0.051887177 -0.4694281 0.21446493
-0.06354047 -0.52644515 0.21524942
-0.06103761 -0.5471293 0.21816404
-0.058458034 -0.5634577 0.221328
-0.071989655 -0.62089914 0.22295319
-0.06871419 -0.6336584 0.22580215
-0.06505541 -0.64384514 0.22871263
-0.060689498 -0.65242875 0.23158425
-0.076207414 -0.70780736 0.23330536
-0.071719795 -0.71410483 0.2360831
-0.066877946 -0.720242 0.23885977
-0.08338982 -0.7719906 0.24065317
-0.078268185 -0.77636325 0.24341391
-0.07302723 -0.78135747 0.24619493
-0.06763962 -0.78718174 0.24898052
-0.08454986 -0.83298093 0.2507671
-0.07901775 -0.83791476 0.2536069
-0.07348119 -0.8437691 0.256464
-0.09052934 -0.88658756 0.25821096
-0.084817246 -0.8922297 0.26113424
-0.07918263 -0.8986602 0.2640794
-0.07361028 -0.9057478 0.26704276
-0.09047108 -0.9466031 0.26880524
-0.084794365 -0.9539442 0.2718419
-0.07921808 -0.96162707 0.27489778
-0.09607542 -1.0031502 0.27663153
-0.090405636 -1.011554 0.2797554
-0.08485455 -1.0199391 0.28289646
-0.07940191 -1.0281073 0.28605446
-0.09612996 -1.0731798 0.2878125
-0.090629995 -1.082258 0.29102772
-0.08523097 -1.0907512 0.294256
-0.102094814 -1.1402264 0.2959971
-0.09666431 -1.1498948 0.2992735
-0.09133417 -1.1586217 0.30255783
-0.0860771 -1.1662356 0.30584955
-0.103079274 -1.2238771 0.30761066
-0.09782932 -1.2326757 0.31093642
-0.09265033 -1.240045 0.31426314
-0.109995425 -1.3049464 0.3160132
-0.10482695 -1.3135904 0.31936595
-0.099737026 -1.3205063 0.3227129
-0.09468363 -1.3255798 0.32604957
-0.112425566 -1.4017653 0.3278196
-0.10742807 -1.4079491 0.3311732
-0.10249066 -1.4120259 0.3345058
-0.120712765 -1.4973296 0.3362719
-0.115789734 -1.5024188 0.33962142
-0.1109851 -1.5051285 0.34293643
-0.10620644 -1.5054816 0.346191
-0.12486639 -1.6036738 0.34804317
-0.12017589 -1.6045088 0.35133266
-0.11562 -1.6028076 0.35451987
-0.13473168 -1.7110711 0.35642177
-0.13007848 -1.709403 0.35967398
-0.12556285 -1.7051901 0.36279196
0.094324484 -0.59805524 0.20347714
0.078457706 -0.59391075 0.20670906
0.083744094 -0.6284883 0.20983097
0.0889335 -0.6632799 0.21279535
0.07182261 -0.66405016 0.21520062
0.077613875 -0.6904339 0.21838652
0.082949765 -0.71783566 0.22118816
0.088052444 -0.74663806 0.22389056
0.0715596 -0.7367634 0.2259965
0.076944895 -0.7588435 0.22898498
0.08204403 -0.78143555 0.23172243
0.066229135 -0.7695178 0.2335133
0.071438394 -0.78714454 0.23668012
0.07650362 -0.8043055 0.23959567
0.08134697 -0.8214516 0.2424522
0.06652389 -0.8053322 0.24453323
0.071543515 -0.8175254 0.24760956
0.07644177 -0.8289321 0.25058368
0.06211793 -0.8160081 0.2525634
0.067138754 -0.8235457 0.25576344
0.07211878 -0.82980627 0.2588664
0.07711821 -0.8348105 0.26199126
0.063193224 -0.82454604 0.26405755
0.06829394 -0.8261874 0.2672607
0.073404886 -0.8262344 0.27045023
0.059589267 -0.82235605 0.27244288
0.06486387 -0.819889 0.2757196
0.07016138 -0.8156544 0.27897435
0.07564392 -0.8094871 0.28227937
0.06172815 -0.8124403 0.2842245
0.06724186 -0.8045572 0.28752235
0.07285777 -0.7946899 0.29084724
0.058778003 -0.8051294 0.2927389
0.064536124 -0.7942004 0.2960576
0.0703735 -0.7813397 0.29939324
0.07648809 -0.76629627 0.30278376
0.06194809 -0.78564584 0.30456188
0.06801888 -0.77044946 0.3078856
0.07425103 -0.7532411 0.31125823
0.059375867 -0.7797893 0.31301418
0.06568438 -0.7628612 0.31630054
0.07211202 -0.7441808 0.31963181
0.07884529 -0.7234188 0.3230185
0.06327868 -0.7592714 0.3246232
0.06989723 -0.7397475 0.32788742
0.07667848 -0.71850216 0.3312286
0.060707655 -0.76025945 0.33285248
0.06751482 -0.7404552 0.33602276
0.074386925 -0.7193502 0.33930266
0.08150917 -0.69629675 0.34265873
0.06490245 -0.7467736 0.34403577
0.07183721 -0.72640336 0.34728634
0.078782 -0.70405424 0.3506981
0.06202397 -0.7592479 0.35197553
0.068960145 -0.7404079 0.35529056
0.07571112 -0.71861124 0.3587851
0.08302423 -0.4576081 0.1950926
0.101347595 -0.47108364 0.1934754
0.098998316 -0.40196794 0.19174261
0.09451223 -0.3289143 0.19045724
0.11149138 -0.34144983 0.18879347
0.10788728 -0.2646203 0.18759058
0.10298824 -0.18986617 0.18649226
0.09795582 -0.118887596 0.18545695
0.11424199 -0.11460317 0.18396915
0.10882305 -0.043551866 0.18281335
0.1031469 0.021885328 0.18163346
0.11822497 0.040751472 0.1804747
0.112333074 0.10369641 0.17918609
0.106172115 0.15993737 0.17784272
0.100016266 0.20936297 0.17644085
0.11392744 0.24468231 0.1754395
0.107456595 0.28882274 0.1739211
0.10095458 0.32571298 0.17233644
0.114035964 0.37235752 0.17147082
0.10744158 0.40211558 0.1697648
0.10084291 0.4244754 0.16798793
0.09429975 0.43965098 0.16613628
0.106575444 0.49370667 0.16530298
0.1001063 0.4999816 0.16332331
0.09372464 0.49923533 0.16126926
0.10531267 0.5578776 0.16048136
0.0991996 0.5468869 0.15828708
0.09321702 0.52921903 0.15602061
0.08735879 0.50525796 0.15367666
0.09859906 0.56018406 0.15283251
0.09324402 0.5249066 0.15034187
0.0880554 0.48389706 0.14777818
0.09880068 0.5351765 0.14691694
0.09429342 0.48188505 0.14418758
0.09000334 0.42358637 0.14139032
0.08588242 0.36079833 0.13852204
0.09686727 0.3959762 0.1375113
0.09369019 0.32042286 0.1344611
0.090751745 0.24133874 0.13134857
0.10148482 0.2631561 0.13026069
0.09959925 0.17065513 0.12692928
0.098073885 0.075807996 0.12354435
0.096770726 -0.020729007 0.1201241
0.108203955 -0.029437738 0.118715666
0.10827296 -0.1391582 0.11501362
0.10880873 -0.24901241 0.11131158
0.12000115 -0.28373674 0.10971398
0.12171174 -0.40700516 0.105627835
0.1243029 -0.52841896 0.101593845
0.12745322 -0.64763886 0.097757794
0.13882606 -0.7313428 0.09528307
0.14325482 -0.8620387 0.090872735
0.14918467 -0.9885869 0.08678303
0.16080521 -1.114372 0.08431718
0.16625278 -1.2524588 0.07982086
0.17314626 -1.3859743 0.0755178
-0.04037674 -0.33937612 0.20771764
-0.003927391 -0.2593185 0.20562404
0.03041546 -0.2529601 0.2013592
0.06215354 -0.3324763 0.1969005
-0.039812222 -0.31751052 0.20656893
-0.0036171982 -0.24052095 0.20442125
0.030778605 -0.23388231 0.20028995
0.06285812 -0.31041327 0.19608742
-0.039288845 -0.2957005 0.20541118
-0.0033389097 -0.22165108 0.2032388
0.031108717 -0.21470828 0.19924839
0.06350362 -0.28800943 0.19530149
-0.038810644 -0.27393997 0.20424154
-0.0030954897 -0.20272666 0.20207201
0.031402465 -0.19545442 0.19823061
0.06408689 -0.26530588 0.19453073
-0.03838158 -0.25223416 0.20306161
-0.0028873812 -0.18377307 0.20091735
0.03166008 -0.17614655 0.19723147
0.06460728 -0.24235363 0.19376768
-0.03800426 -0.2305971 0.20187439
-0.0027156794 -0.16481517 0.1997729
0.031880796 -0.15680778 0.1962479
0.06506378 -0.21920267 0.19300859
-0.03767985 -0.20904723 0.2006824
-0.0025810201 -0.14587934 0.19863676
0.032064263 -0.13746285 0.19527657
0.06545603 -0.19590531 0.1922503
-0.037408367 -0.18760583 0.19948745
-0.0024838385 -0.12699215 0.19750768
0.032210115 -0.118136704 0.19431493
0.0657843 -0.17251447 0.19149034
-0.037189167 -0.16629574 0.1982907
-0.0024242864 -0.108180575 0.19638455
0.03231811 -0.09885499 0.19336072
0.066049516 -0.14908311 0.19072664
-0.037021216 -0.14514077 0.19709289
-0.0024022975 -0.08947163 0.19526649
0.03238804 -0.07964388 0.19241203
0.06625326 -0.12566333 0.18995754
-0.036903244 -0.124165155 0.19589444
-0.0024175805 -0.070892334 0.19415271
0.032419804 -0.060530126 0.19146726
0.06639759 -0.10230567 0.18918182
-0.03683387 -0.10339352 0.19469558
-0.002469666 -0.05246958 0.1930425
0.03241339 -0.041541044 0.19052498
0.0664849 -0.07905883 0.18839866
-0.03681167 -0.08285039 0.1934964
-0.0025579531 -0.03422998 0.19193518
0.03236886 -0.022704372 0.18958394
0.06651773 -0.055969223 0.18760754
-0.036835108 -0.06256033 0.19229695
-0.0026816707 -0.016199885 0.19083013
0.032286447 -0.004048312 0.18864307
0.066498786 -0.033081114 0.18680823
-0.036902644 -0.042547725 0.19109721
-0.0028399487 0.0015946887 0.18972673
0.0321665 0.014398569 0.18770134
0.06643067 -0.010436636 0.18600066
-0.037012774 -0.022836693 0.1898971
-0.0030319074 0.01912813 0.18862438
0.032009423 0.03260747 0.18675789
0.06631585 0.011924088 0.18518487
-0.037163895 -0.0034511185 0.18869653
-0.0032565328 0.036375154 0.1875225
0.031815827 0.05054934 0.18581188
0.06615674 0.033962622 0.18436094
-0.0373544 0.01558545 0.18749538
-0.0035127795 0.053310838 0.18642054
0.031586427 0.068195 0.18486257
0.065955564 0.055642046 0.18352896
-0.037582673 0.03424986 0.18629351
-0.0037995751 0.069910645 0.18531796
0.03132205 0.08551525 0.1839093
0.06571443 0.07692678 0.18268901
-0.037847005 0.052519374 0.18509077
-0.0041157403 0.086150385 0.18421423
0.031023724 0.10248095 0.1829514
0.065435365 0.09778235 0.1818411
-0.038145714 0.07037167 0.18388696
-0.0044601145 0.10200621 0.18310887
0.03069253 0.119063035 0.18198833
0.06512027 0.1181752 0.18098526
-0.03847709 0.0877849 0.18268189
-0.004831494 0.11745461 0.18200134
0.030329682 0.13523264 0.18101954
0.06477097 0.1380726 0.18012136
-0.038839325 0.10473773 0.18147536
-0.005228571 0.13247241 0.18089122
0.029936556 0.15096122 0.18004456
0.0643893 0.1574425 0.17924933
-0.039230675 0.12120939 0.18026711
-0.0056500724 0.14703685 0.17977801
0.029514562 0.16622052 0.17906292
0.06397703 0.17625357 0.178369
-0.039649297 0.1371795 0.17905691
-0.0060946187 0.16112536 0.17866132
0.029065268 0.1809826 0.1780742
0.063535966 0.19447488 0.17748018
-0.040093333 0.15262833 0.17784452
-0.0065607857 0.17471586 0.17754067
0.028590329 0.19522008 0.17707801
0.063067935 0.21207613 0.1765826
-0.040560957 0.16753666 0.17662966
-0.0070471526 0.18778653 0.17641571
0.028091425 0.20890592 0.176074
0.06257474 0.22902746 0.17567605
-0.04105027 0.18188584 0.17541206
-0.0075521986 0.20031601 0.17528601
0.02757037 0.22201367 0.17506184
0.062058285 0.24529955 0.17476021
-0.041559372 0.1956577 0.17419142
-0.008074367 0.2122832 0.1741512
0.027029026 0.23451734 0.17404121
0.061520513 0.26086342 0.1738348
-0.04208635 0.2088347 0.17296745
-0.008612058 0.22366747 0.1730109
0.026469316 0.24639158 0.1730118
0.060963415 0.2756907 0.1728995
-0.042629275 0.22139983 0.17173988
-0.009163619 0.23444861 0.17186476
0.02589322 0.25761154 0.17197335
0.060389046 0.2897535 0.17195399
-0.043186206 0.23333658 0.17050838
-0.00972735 0.24460676 0.17071244
0.025302766 0.268153 0.17092556
0.059799522 0.3030243 0.17099796
-0.043755196 0.24462906 0.1692727
-0.010301507 0.25412259 0.16955362
0.024700033 0.2779924 0.1698682
0.059197024 0.31547627 0.17003107
-0.04433428 0.25526178 0.16803251
-0.010884298 0.2629771 0.16838796
0.024087137 0.2871066 0.16880102
0.0585838 0.32708293 0.16905302
-0.044921488 0.26521993 0.16678753
-0.01147388 0.27115187 0.16721517
0.023466248 0.29547328 0.16772377
0.057962168 0.3378185 0.16806346
-0.045514867 0.27448913 0.16553749
-0.012068403 0.2786289 0.16603495
0.022839539 0.3030707 0.16663624
0.057334475 0.34765774 0.16706207
-0.046112422 0.28305557 0.16428207
-0.012665942 0.28539065 0.164847
0.022209246 0.30987766 0.16553819
0.05670316 0.35657597 0.16604856
-0.046712168 0.29090583 0.16302103
-0.013264552 0.29142016 0.16365106
0.02157763 0.31587377 0.16442941
0.056070715 0.3645491 0.16502261
-0.047312114 0.29802713 0.16175406
-0.013862249 0.29670098 0.16244689
0.020946978 0.3210391 0.1633097
0.055439677 0.37155375 0.16398393
-0.047910266 0.30440715 0.16048093
-0.014457019 0.30121717 0.1612342
0.02031961 0.32535452 0.16217884
0.054812644 0.37756714 0.16293222
-0.04850464 0.31003398 0.15920137
-0.015046832 0.30495328 0.16001277
0.019697856 0.32880148 0.16103664
0.05419224 0.3825672 0.1618672
-0.049093217 0.31489623 0.15791513
-0.015629612 0.30789453 0.15878236
0.019084092 0.3313621 0.1598829
0.053581167 0.3865325 0.16078858
-0.049674008 0.31898302 0.156622
-0.016203275 0.31002656 0.1575428
0.018480701 0.33301923 0.15871745
0.052982137 0.38944232 0.15969612
-0.05024502 0.3222839 0.15532173
-0.016765717 0.3113357 0.15629384
0.017890088 0.3337563 0.1575401
0.052397907 0.39127672 0.15858953
-0.05080424 0.32478887 0.15401413
-0.017314808 0.3118088 0.1550353
0.017314684 0.33355752 0.15635069
0.051831275 0.3920164 0.15746856
-0.05134967 0.3264884 0.15269898
-0.017848408 0.3114333 0.153767
0.016756928 0.3324077 0.15514903
0.051285062 0.39164293 0.15633298
-0.051879313 0.3273734 0.15137611
-0.01836436 0.3101972 0.15248881
0.01621929 0.3302925 0.15393497
0.05076212 0.39013854 0.15518257
-0.05239118 0.32743523 0.15004534
-0.01886051 0.3080891 0.15120053
0.015704235 0.32719806 0.15270835
0.050265312 0.38748622 0.15401706
-0.052883264 0.3266656 0.14870651
-0.019334683 0.3050983 0.14990206
0.01521425 0.32311144 0.15146904
0.04979752 0.38366982 0.15283625
-0.053353585 0.32505682 0.14735948
-0.019784704 0.3012145 0.14859325
0.014751836 0.31802034 0.15021689
0.049361654 0.37867394 0.15163994
-0.053800147 0.3226014 0.14600411
-0.020208392 0.2964282 0.14727402
0.014319501 0.31191325 0.14895178
0.048960622 0.372484 0.1504279
-0.05422098 0.31929246 0.1446403
-0.020603573 0.2907304 0.14594425
0.013919756 0.30477932 0.14767358
0.04859734 0.36508617 0.14919995
-0.054614097 0.31512338 0.14326794
-0.020968078 0.2841127 0.14460386
0.013555108 0.29660857 0.14638215
0.048274714 0.3564675 0.14795588
-0.054977532 0.31008804 0.14188698
-0.021299727 0.27656737 0.14325283
0.013228091 0.2873917 0.14507742
0.04799568 0.3466158 0.14669552
-0.055309314 0.30418062 0.14049733
-0.021596357 0.2680873 0.14189109
0.01294123 0.27712026 0.14375928
0.04776314 0.33551976 0.14541869
-0.055607498 0.29739577 0.13909893
-0.021855826 0.2586659 0.14051864
0.012697026 0.26578656 0.14242761
0.047579978 0.3231688 0.14412521
-0.05587012 0.28972852 0.13769178
-0.022075973 0.24829729 0.13913544
0.012498021 0.25338382 0.14108236
0.047449104 0.30955338 0.14281492
-0.05609524 0.28117415 0.13627584
-0.022254676 0.23697607 0.13774154
0.012346721 0.23990588 0.13972345
0.04737338 0.29466444 0.14148766
-0.056280915 0.2717285 0.13485114
-0.022389816 0.22469759 0.13633695
0.0122456355 0.22534762 0.13835078
0.047355656 0.27849397 0.14014328
-0.056425236 0.2613876 0.1334177
-0.022479312 0.21145773 0.13492177
0.012197242 0.20970471 0.13696432
0.04739873 0.26103473 0.13878162
-0.056526262 0.25014797 0.13197558
-0.022521079 0.19725306 0.13349608
0.012204038 0.19297378 0.135564
0.047505412 0.24228035 0.13740255
-0.056582086 0.2380064 0.13052481
-0.022513049 0.1820806 0.13205996
0.012268497 0.17515218 0.13414979
0.047678467 0.22222513 0.13600591
-0.056590803 0.22496004 0.1290655
-0.0224532 0.16593805 0.13061357
0.012393058 0.15623827 0.13272165
0.047920607 0.2008642 0.13459158
-0.056550518 0.21100646 0.12759776
-0.02233953 0.14882377 0.12915708
0.01258014 0.13623142 0.13127956
0.048234504 0.1781936 0.13315943
-0.056459326 0.19614352 0.12612173
-0.02217003 0.1307367 0.12769067
0.012832166 0.115131885 0.12982349
0.04862283 0.15421005 0.1317093
-0.056315348 0.18036932 0.12463753
-0.021942755 0.11167617 0.1262146
0.013151489 0.09294071 0.12835343
0.049088176 0.12891088 0.13024108
-0.0561167 0.16368254 0.123145364
-0.021655763 0.09164251 0.12472909
0.01354045 0.06966032 0.12686941
0.0496331 0.10229462 0.12875462
-0.055861514 0.14608186 0.121645406
-0.021307146 0.07063615 0.12323444
0.014001329 0.04529363 0.12537141
0.050260115 0.074359916 0.12724976
-0.05554792 0.12756655 0.120137885
-0.020895017 0.048658486 0.121731
0.014536371 0.019844884 0.12385948
0.050971694 0.04510662 0.12572634
-0.055174053 0.108136185 0.11862305
-0.020417523 0.025711495 0.12021911
0.0151477475 -0.0066806274 0.12233365
0.05177026 0.014535306 0.1241842
-0.054738037 0.08779042 0.11710116
-0.019872792 0.0017974317 0.118699186
0.015837602 -0.034277033 0.12079398
0.052658238 -0.017353179 0.12262311
-0.054238033 0.06652959 0.115572535
-0.019259023 -0.023080353 0.117171675
0.016607955 -0.06293693 0.11924054
0.053637978 -0.05055663 0.12104286
-0.05367217 0.044354174 0.11403748
-0.018574383 -0.048918087 0.11563706
0.017460784 -0.09265222 0.11767341
0.054711845 -0.08507239 0.119443186
-0.053038593 0.021264842 0.11249634
-0.01781707 -0.075711474 0.11409586
0.018397959 -0.12341397 0.1160927
0.05588219 -0.12089721 0.11782375
-0.052335467 -0.0027371985 0.1109495
-0.016985297 -0.10345522 0.112548664
0.019421231 -0.15521207 0.11449852
0.05715134 -0.15802665 0.11618419
-0.051560927 -0.027650548 0.109397374
-0.01607724 -0.13214344 0.11099607
0.020532282 -0.1880357 0.11289102
0.058521695 -0.19645555 0.114524074
-0.050713126 -0.05347366 0.10784037
-0.015091091 -0.16176958 0.109438725
0.021732649 -0.22187333 0.11127032
0.059995677 -0.23617795 0.112842865
-0.04979024 -0.08020428 0.106278956
-0.01402504 -0.19232576 0.10787734
0.023023734 -0.2567122 0.10963661
0.061575744 -0.27718616 0.11113998
-0.04879044 -0.10784047 0.10471362
-0.01287726 -0.22380374 0.10631259
0.024406811 -0.29253957 0.10799002
0.06326445 -0.31947201 0.109414704
-0.047711886 -0.1363795 0.1031449
-0.011645876 -0.25619367 0.104745224
0.025883062 -0.32934132 0.10633073
0.0650645 -0.36302507 0.107666254
-0.046552792 -0.16581884 0.10157332
-0.010329053 -0.289485 0.10317595
0.027453473 -0.3671034 0.10465887
0.066978626 -0.4078337 0.105893746
-0.04531136 -0.19615574 0.09999946
-0.008924914 -0.32366586 0.10160547
0.029118953 -0.4058112 0.10297454
0.06900976 -0.45388418 0.10409621
-0.04398587 -0.22738719 0.09842394
-0.007431639 -0.3587228 0.10003441
0.030880228 -0.44544944 0.10127781
0.07116086 -0.5011601 0.102272645
-0.042574633 -0.25951034 0.09684741
-0.0058474364 -0.39464125 0.09846332
0.032737933 -0.4860029 0.09956867
0.073434986 -0.5496427 0.100422025
-0.04107604 -0.29252285 0.09527051
-0.004170579 -0.43140557 0.096892565
0.0346926 -0.5274565 0.09784696
0.07583522 -0.59931064 0.098543346
-0.03948866 -0.3264219 0.09369396
-0.00239952 -0.46899775 0.09532237
0.036744606 -0.5697942 0.096112445
0.07836445 -0.6501382 0.096635774
-0.037811186 -0.36120567 0.0921185
-0.00053279847 -0.5073989 0.093752705
0.03889433 -0.6130004 0.09436467
0.081025444 -0.70209694 0.09469864
-0.036042735 -0.39687407 0.09054489
0.0014307158 -0.54658985 0.09218316
0.041141964 -0.65706056 0.092602916
0.0838204 -0.75515604 0.09273146
-0.03418282 -0.43342656 0.08897398
0.003492026 -0.58654845 0.09061306
0.043487772 -0.7019579 0.09082624
0.08675111 -0.8092788 0.09073416
-0.03223184 -0.4708668 0.08740688
0.005651743 -0.6272537 0.0890412
0.045931842 -0.7476781 0.08903331
0.089818396 -0.86442846 0.088706784
-0.030191414 -0.5092003 0.0858445
0.007910336 -0.6686833 0.08746583
0.048474323 -0.7942057 0.08722243
0.093022324 -0.9205646 0.0866495
-0.028064746 -0.5484399 0.08429054
0.010267995 -0.7108155 0.08588441
0.05111528 -0.8415262 0.0853916
0.09636191 -0.97764647 0.08456236
-0.025858682 -0.58860284 0.082744904
0.012724752 -0.75362885 0.08429286
0.05385466 -0.8896249 0.083538145
0.0998353 -1.0356324 0.08244452
-0.023577744 -0.62973344 0.08123247
0.015280775 -0.79710186 0.082685925
0.05669281 -0.9384866 0.0816603
0.1034404 -1.0944805 0.080295146
-0.021241179 -0.6718665 0.079724625
0.017935067 -0.8412196 0.081052765
0.059628807 -0.9881019 0.079753295
0.107173696 -1.1541542 0.078109756
-0.018779919 -0.71522605 0.07846457
0.020688796 -0.8859565 0.07938602
0.06266538 -1.0384493 0.07781984
0.11103554 -1.2146122 0.07588934
-0.060832687 -0.41369614 0.20844017
-0.0486962 -0.35103247 0.20743486
-0.051993024 -0.32130802 0.20511784
-0.055318363 -0.28986844 0.20283724
-0.044916973 -0.22967948 0.20143642
-0.0484987 -0.1985037 0.19913039
-0.05223191 -0.16539988 0.19670922
-0.056000482 -0.13011329 0.194214
-0.046280686 -0.08203934 0.19287027
-0.050646644 -0.048566304 0.19043098
-0.055057894 -0.013468065 0.18790741
-0.044932127 0.02407229 0.18663375
-0.04997284 0.05635783 0.18419199
-0.055015933 0.08963014 0.18165669
-0.06008543 0.123863414 0.17906877
-0.049908523 0.14669 0.1779942
-0.055493128 0.17676452 0.1754377
-0.061057985 0.20724784 0.17282277
-0.050224796 0.22040458 0.17179227
-0.05623142 0.2461467 0.16920403
-0.062195633 0.27187163 0.16654493
-0.06814068 0.29755217 0.16383919
-0.05700424 0.29630414 0.1629063
-0.06324078 0.31646475 0.16018927
-0.06943027 0.33631682 0.15742072
-0.05758927 0.32594585 0.15649706
-0.06397151 0.3399078 0.15371476
-0.07029655 0.35340494 0.15087065
-0.07659739 0.36646238 0.14798224
-0.06416727 0.34118032 0.14708579
-0.07050339 0.34793293 0.14415959
-0.07679672 0.35420886 0.14118683
-0.06359844 0.31934562 0.14027259
-0.06982972 0.31908536 0.13726611
-0.076017305 0.31837952 0.13420571
-0.08220158 0.3172868 0.13110591
-0.0680469 0.26612678 0.13017716
-0.0740213 0.25833264 0.12703384
-0.079979055 0.25024372 0.12385168
-0.064911135 0.1884268 0.12288851
-0.07057722 0.17352234 0.11967828
-0.076243944 0.15844262 0.116424784
-0.08192424 0.14324357 0.11314311
-0.065434635 0.063535534 0.112160355
-0.07074611 0.041530475 0.10886174
-0.076071955 0.019509539 0.105540864
-0.058307685 -0.0718555 0.10451698
-0.063216224 -0.100657076 0.10122794
-0.0682266 -0.1294263 0.097925045
-0.0731803 -0.15825829 0.094625995
-0.053324416 -0.2680091 0.09362236
-0.058084037 -0.30339962 0.0904594
-0.06283284 -0.33908367 0.087316744
-0.040675815 -0.46020496 0.08617524
-0.04536691 -0.5020372 0.08337604
-0.04994087 -0.54444116 0.08040224
-0.015140982 -0.887779 0.07078837
0.0725465 -1.9260159 0.02928532
0.17513591 -2.9595544 -0.0038845008
0.011632446 -1.2263385 0.055129386
0.10210259 -2.2569096 0.017265849
0.21092871 -3.2892005 -0.012900489
0.037489988 -1.5584844 0.041643832
0.13371924 -2.5868375 0.0062208115
-0.021003319 -0.85535824 0.0705941
0.064983666 -1.8885299 0.028961487
0.16730167 -2.9155996 -0.003789347
0.003531658 -1.1903669 0.05494854
0.09448318 -2.2174125 0.01712495
0.20279732 -3.2429726 -0.012763203
0.029579585 -1.5214773 0.041348733
0.12594372 -2.5452151 0.006206183
-0.02752728 -0.8237101 0.07035412
0.057233788 -1.8502327 0.028760472
0.15931761 -2.8718266 -0.0037269802
-0.0039365822 -1.1543874 0.055047054
0.08671758 -2.177524 0.01703696
0.19456963 -3.1971486 -0.012673471
0.021837922 -1.4838033 0.041259255
0.11807068 -2.5034912 0.006198715
-0.034191933 -0.7922347 0.070141844
0.04945122 -1.8114121 0.028666385
0.15127428 -2.8281386 -0.003691695
-0.011195529 -1.1187178 0.055141658
0.07889874 -2.1373777 0.016999567
0.18631795 -3.151566 -0.012626271
0.014178954 -1.4459633 0.04126325
0.110171646 -2.4616904 0.0062022135
-0.040913872 -0.7606274 0.06996907
0.041640896 -1.7723811 0.028652806
0.14324106 -2.7844646 -0.003674199
-0.01848045 -1.0831879 0.055141903
0.0710624 -2.0971375 0.017011678
0.17812228 -3.1060653 -0.012613201
-0.19311771 -2.4962158 0.42514455
-0.15772213 -2.141908 0.4008038
-0.12611477 -1.7672058 0.37119442
-0.18457583 -2.407589 0.41866016
-0.1502618 -2.047828 0.39258438
-0.21422745 -2.671974 0.43334293
-0.17632711 -2.3174782 0.41164735
-0.14284942 -1.9500822 0.38393012
-0.20496286 -2.5832853 0.42767102
-0.16831575 -2.2252793 0.40412578
-0.13538918 -1.847306 0.3750347
-0.19606699 -2.4937694 0.4214411
-0.16047868 -2.1303296 0.3961217
-0.2265694 -2.7604227 0.43547857
-0.18747385 -2.402828 0.4146702
-0.15273963 -2.0318499 0.38768446
-0.2169788 -2.6709752 0.43009806
-0.1791243 -2.309849 0.4073792
-0.14506756 -1.928915 0.37895027
-0.2077629 -2.580751 0.42413327
-0.17096126 -2.214182 0.3995948
-0.23906396 -2.8491535 0.43747866
-0.19885285 -2.4891424 0.41761145
-0.16293404 -2.11512 0.39136365
-0.22918463 -2.7591605 0.43242493
-0.19019043 -2.395537 0.4105567
-0.1550357 -2.0119667 0.38279322
-0.21967897 -2.668433 0.42673406
-0.18172492 -2.2992992 0.40299538
-0.14738594 -1.9044279 0.37406707
-0.21048023 -2.5763347 0.42046577
-0.17342025 -2.1997657 0.3949659
-0.24158247 -2.847736 0.43464714
-0.20154008 -2.4822643 0.41364902
-0.16528356 -2.0963361 0.38654578
-0.23183797 -2.756722 0.42923743
-0.19282529 -2.3856027 0.4063091
-0.15740818 -1.9887851 0.3778846
-0.13660553 -1.9619238 0.3919048
-0.16933066 -2.3104064 0.41812596
-0.20742102 -2.6550486 0.43874225
-0.14335553 -2.0522091 0.40020156
-0.17742263 -2.3962913 0.4248055
-0.11942237 -1.7893926 0.3797722
-0.15048212 -2.1400342 0.40804467
-0.18588582 -2.48117 0.4310243
-0.12596098 -1.8819308 0.3885483
-0.15790223 -2.2259042 0.41541752
-0.19475012 -2.5651934 0.43687147
-0.13261998 -1.9710234 0.39697617
-0.16563801 -2.3102686 0.42231807
-0.109289825 -1.7108866 0.37580526
-0.13946365 -2.0575192 0.40499267
-0.1737249 -2.3934426 0.42876267
-0.11558843 -1.8025217 0.3849343
-0.14657606 -2.1419656 0.41256404
-0.1821837 -2.4755747 0.4347983
-0.12201433 -1.8905411 0.39357233
-0.15398264 -2.2247713 0.41967833
-0.0996759 -1.6344872 0.37138912
-0.12861022 -1.9757609 0.40178332
-0.1617113 -2.3062246 0.4263387
-0.10556931 -1.7243998 0.3809948
-0.13542856 -2.0587797 0.40955865
-0.16978237 -2.3864725 0.43256554
-0.11168134 -1.8111001 0.38994187
-0.1425138 -2.1400166 0.4168857
-0.17820053 -2.4655554 0.43842676
-0.11798743 -1.8949919 0.3983953
-0.14989534 -2.2197485 0.42375928
-0.095986925 -1.6484214 0.37679636
-0.12450759 -1.9765663 0.4063926
-0.15759212 -2.2981298 0.43018362
-0.101699665 -1.7332816 0.38607806
-0.13127373 -2.0562232 0.41393784
-0.16561109 -2.37522 0.43618584
-0.10766128 -1.8155875 0.3948106
-0.13831383 -2.134238 0.42102665
-0.08682895 -1.5750773 0.37242627
-0.11385701 -1.8956046 0.4030544
-0.14564584 -2.2107701 0.4276552
-0.09210978 -1.6576455 0.3820234
-0.120296136 -1.9736351 0.4108299
-0.15327726 -2.2858949 0.43382892
-0.097682744 -1.7380036 0.391038
-0.12699543 -2.049919 0.41813996
-0.16121013 -2.3596425 0.43957204
-0.10352063 -1.816244 0.39954108
-0.13396847 -2.1246119 0.4249798
-0.08291157 -1.5845537 0.37782356
-0.10961442 -1.892531 0.4075583
-0.14122145 -2.1977937 0.43134463
-0.088077165 -1.6626462 0.38710636
-0.11596643 -1.9670334 0.41509756
-0.14875524 -2.2695017 0.43723634
-0.09353175 -1.7388469 0.39586502
-0.12258165 -2.039874 0.4221562
-0.07408905 -1.5142006 0.37351266
-0.099259615 -1.8132173 0.404127
-0.12946223 -2.1111264 0.42872584
-0.07884752 -1.5897961 0.38304442
-0.10525243 -1.8858383 0.4119007
-0.13660656 -2.1808221 0.43479642
-0.08390751 -1.6637253 0.39204723
-0.11150609 -1.956784 0.41918433
-0.14401244 -2.2489753 0.44032937
-0.08925435 -1.735986 0.40054843
-0.11801666 -2.026098 0.42596853
-0.06998611 -1.5196275 0.3788745
-0.094875716 -1.8065953 0.40855592
-0.12477858 -2.0938005 0.4322382
-0.07465093 -1.5911045 0.38810837
-0.100761145 -1.875569 0.41606712
-0.13178553 -2.1598918 0.4379655
-0.079610325 -1.6610852 0.39683914
-0.10690089 -1.9429152 0.42307204
-0.061483268 -1.4522346 0.3746142
-0.084851876 -1.729542 0.40507463
-0.11328469 -2.0086255 0.42955333
-0.06575745 -1.5211352 0.3840651
-0.09036273 -1.7964495 0.41281158
-0.11990186 -2.072684 0.4354817
-0.07032968 -1.5886971 0.39301506
-0.09612924 -1.861774 0.4200391
-0.053324472 -1.3876691 0.37027898
-0.07518864 -1.6548774 0.4014703
-0.10213704 -1.9254783 0.42673895
-0.057218634 -1.4539047 0.3799308
-0.08032134 -1.7196187 0.40942764
-0.10837124 -1.9875187 0.43288156
-0.061408713 -1.5189492 0.3890897
-0.08571271 -1.7828585 0.41687584
-0.114817254 -2.0478551 0.43841296
-0.06588688 -1.5827494 0.397756
-0.09134571 -1.8445262 0.42379642
-0.049023267 -1.3894645 0.37571695
-0.0706416 -1.6452371 0.40592653
-0.09720209 -1.9045522 0.43016034
-0.05283975 -1.4519173 0.38507432
-0.0756579 -1.7063249 0.4135906
-0.103263155 -1.9628693 0.43591952
-0.056942698 -1.5132629 0.3939432
-0.08091776 -1.7659196 0.42073023
-0.041161448 -1.3278325 0.37143347
-0.06132288 -1.5734228 0.4023192
-0.08640073 -1.8239222 0.4273177
-0.04461317 -1.3876479 0.3809785
-0.06596678 -1.6323016 0.4101927
-0.09208495 -1.8802412 0.4333092
-0.048348736 -1.4464806 0.39004165
-0.07085657 -1.6897832 0.417547
-0.09794834 -1.9347963 0.43862915
-0.052360646 -1.5042604 0.39861554
-0.07597083 -1.7457494 0.4243564
-0.036718607 -1.3261553 0.3768107
-0.056637213 -1.5608809 0.40669134
-0.08128552 -1.8000801 0.43058118
-0.040095866 -1.3824404 0.38606006
-0.061161816 -1.616218 0.41425422
-0.08677545 -1.8526728 0.43615797
-0.04374742 -1.4377986 0.3948245
-0.06591301 -1.6701305 0.42128128
-0.029143887 -1.2674426 0.3725783
-0.047663778 -1.4921287 0.40309525
-0.07086553 -1.7224797 0.42773706
-0.032173567 -1.3211502 0.38200602
-0.051829845 -1.545294 0.4108597
-0.075991794 -1.7731352 0.43356594
-0.03547396 -1.3740642 0.39095393
-0.056224912 -1.5971428 0.41809824
-0.0812639 -1.8219956 0.43866587
-0.039038513 -1.4260796 0.3994125
-0.06082319 -1.6475118 0.4247801
-0.024570536 -1.2626079 0.37788644
-0.04285422 -1.4770604 0.4073712
-0.065595366 -1.6962514 0.4308569
-0.027529594 -1.313058 0.3870112
-0.046901442 -1.5268375 0.41481388
-0.07051096 -1.7432332 0.43625385
-0.030751737 -1.3627499 0.3956506
-0.051154338 -1.5752335 0.421715
-0.017275808 -1.2067913 0.37370712
-0.034226295 -1.4115385 0.403796
-0.055582274 -1.6220717 0.42803335
-0.01990307 -1.2547702 0.38300297
-0.03793513 -1.4592485 0.4114349
-0.06015252 -1.6672055 0.43370393
-0.022792421 -1.302131 0.39181656
-0.04185255 -1.5056791 0.41854712
-0.010277492 -1.1536778 0.369473
-0.025935745 -1.3487339 0.40014112
-0.045946762 -1.5506352 0.42509884
-0.012582875 -1.1991717 0.37893522
-0.029316528 -1.3943859 0.40796807
-0.050182883 -1.5939432 0.43103448
-0.015148912 -1.2442052 0.387917
-0.03290941 -1.4388707 0.41528258
-0.054526985 -1.6354784 0.43626928
-0.017970989 -1.2886299 0.39641342
-0.036681287 -1.4819632 0.42205814
-0.0055575185 -1.1462328 0.37481287
-0.021034645 -1.3322465 0.4044201
-0.040594947 -1.5234703 0.42824858
-0.007809142 -1.188935 0.38395825
-0.024314761 -1.3748087 0.41192776
-0.04461396 -1.5632447 0.43378007
-0.010319671 -1.2312 0.39261937
-0.027776625 -1.4160668 0.4189169
0.0011834339 -1.0959109 0.37063923
-0.013077203 -1.2728058 0.40079755
-0.03138015 -1.4557962 0.42535052
-0.00076132093 -1.1362823 0.37994614
-0.016057001 -1.3134831 0.40848926
-0.03508618 -1.4938356 0.43116558
-0.0029690026 -1.1763986 0.38876536
-0.019222047 -1.3529392 0.41568184
-0.03886151 -1.5300843 0.4362641
-0.00543111 -1.2160306 0.39710662
-0.02252852 -1.3909228 0.42234626
0.006005594 -1.0861945 0.37588552
-0.008123346 -1.2548637 0.4049736
-0.02593401 -1.4272496 0.42843005
0.0040936177 -1.1241785 0.3848575
-0.011005553 -1.2925642 0.41236
-0.029403627 -1.461817 0.43384993
0.0019172074 -1.161869 0.39335328
-0.014028688 -1.3288349 0.4192434
0.012500835 -1.0386305 0.37177935
-0.00050025055 -1.1989133 0.401387
-0.017146394 -1.3634787 0.42557994
0.010880065 -1.0744774 0.3809018
-0.003114137 -1.2349063 0.40895897
-0.0203224 -1.3963866 0.43129984
0.00898124 -1.1102673 0.38954273
-0.0058681024 -1.2695082 0.41605097
-0.02353104 -1.4275154 0.43627998
0.006826125 -1.1455766 0.39773494
-0.008710718 -1.3024967 0.4226245
0.017400408 -1.0272427 0.3769046
0.004465637 -1.1799241 0.40548632
-0.011604981 -1.3337741 0.4286222
0.01577374 -1.0611571 0.3856798
0.0019667535 -1.2128978 0.41277924
-0.014526378 -1.363304 0.43395647
0.013869102 -1.0947994 0.39402145
-0.000612786 -1.244266 0.41957584
0.023662165 -0.9824135 0.37287217
0.011746752 -1.1275585 0.40194884
-0.003236272 -1.2739397 0.42582792
0.022305928 -1.0144799 0.38176933
0.009489644 -1.1589485 0.40943953
-0.0058821365 -1.3019084 0.43147102
0.020640444 -1.0465174 0.39024827
0.007163223 -1.1887224 0.4164486
0.029665645 -0.9399559 0.3688074
0.018739993 -1.0777538 0.3983522
0.004801546 -1.2168276 0.4229327
0.028586125 -0.9701679 0.37781864
0.016713284 -1.1075839 0.4060439
0.0024211444 -1.243274 0.42884874
0.027148742 -1.0006847 0.38641423
0.014634279 -1.1357845 0.41325977
3.5068162e-05 -1.2680773 0.43412194
0.025451567 -1.0304496 0.3947001
0.012529649 -1.1623489 0.41995656
0.034618143 -0.9281728 0.37384415
0.023646513 -1.0587234 0.40260497
0.010407928 -1.1873274 0.4261096
0.033397343 -0.95726043 0.38251448
0.021817032 -1.0853362 0.41002837
0.008278229 -1.2107418 0.43168506
0.031875372 -0.98561394 0.39099455
0.019972995 -1.1103871 0.4169233
0.040374596 -0.88843244 0.36988673
0.03029227 -1.0122714 0.39913675
0.018109828 -1.1339538 0.42328134
0.03938005 -0.9162463 0.37854072
0.028726533 -1.0372479 0.4067745
0.016232193 -1.1560693 0.4290999
0.03800036 -0.94323117 0.38723916
0.027158974 -1.0607792 0.4138591
0.014353778 -1.1767175 0.43434975
0.036629554 -0.96814495 0.3956583
0.02556838 -1.0830013 0.42039764
0.04501345 -0.8776932 0.37448582
0.035373475 -0.9913601 0.40352023
0.023948524 -1.1039205 0.42640883
0.043670923 -0.9033427 0.38345227
0.034129526 -1.0133488 0.41078973
0.022311343 -1.1235147 0.4319107
0.042711906 -0.92620814 0.3922038
0.032840315 -1.0342534 0.41749293
0.050790753 -0.841537 0.3703975
0.041810717 -0.9475427 0.40029326
0.031496458 -1.0541117 0.4236611
0.049179018 -0.86600435 0.37972692
0.04093476 -0.9678884 0.40773773
0.03009941 -1.0727983 0.4293309
0.053503808 -1.6379724 0.043215003
0.15057752 -2.6825047 0.006204523
-0.0020822152 -0.94799703 0.07314822
0.085510194 -1.9966995 0.030071205
0.1897751 -3.046821 -0.0042288327
0.027894724 -1.3092064 0.058009773
0.12010182 -2.3583696 0.017662246
0.23138322 -3.4135485 -0.013575144
0.05849517 -1.6687214 0.043737173
0.15718777 -2.7231953 0.006088353
0.003048617 -0.9718793 0.07275839
0.091120675 -2.0304863 0.030294312
0.19674659 -3.0910277 -0.004522553
0.032416236 -1.3348645 0.058333192
0.1261471 -2.395558 0.017647166
0.2387562 -3.461518 -0.013988042
0.063483015 -1.697972 0.04399919
0.16365176 -2.7641013 0.005870068
0.008019131 -0.9945735 0.07234963
0.09661855 -2.0635355 0.030359518
0.2036529 -3.1359143 -0.0049127648
0.037184 -1.3594087 0.05829186
0.13211395 -2.4326117 0.017512027
0.24613589 -3.5106044 -0.014503589
0.068534724 -1.7262866 0.0440191
0.1700913 -2.8053877 0.0055485084
0.012981599 -1.0165762 0.071999945
0.102115035 -2.0961542 0.030268539
0.21059065 -3.181647 -0.005399923
0.042102728 -1.3835499 0.058060087
0.13809273 -2.4697556 0.01725874
0.2536067 -3.5609758 -0.015124102
0.073681384 -1.7542437 0.04384417
0.17658068 -2.8472483 0.0051256167
0.017955152 -1.0381285 0.071689636
0.10766875 -2.128711 0.03002908
0.21762542 -3.2284064 -0.005983021
0.047131963 -1.4076607 0.05773004
0.14413829 -2.507253 0.016889244
0.2612276 -3.612806 -0.015849438
0.078942 -1.782293 0.04352744
0.18316948 -2.889898 0.0046027657
0.022946725 -1.0594013 0.071397185
0.11332289 -2.1615689 0.029658394
0.22480264 -3.2763846 -0.006661088
0.052256078 -1.4319615 0.057345424
0.15029329 -2.5453806 0.01640851
0.26903942 -3.6662726 -0.016677793
0.08432732 -1.8107535 0.04311071
0.189896 -2.9335632 0.003981999
0.027966784 -1.080536 0.0711093
0.11910856 -2.195044 0.029178208
0.2321566 -3.3257775 -0.0074325856
0.05747265 -1.4566048 0.05692629
0.15659238 -2.5844076 0.015825463
0.27707258 -3.721553 -0.017605888
0.089845024 -1.8398519 0.04262222
0.19679222 -2.9784694 0.0032673748
0.033027783 -1.1016557 0.07081857
0.12504756 -2.2293944 0.02860925
0.23971562 -3.3767815 -0.008294577
0.06278578 -1.4817102 0.056481957
0.1630632 -2.6245775 0.0151516
0.28535175 -3.778822 -0.018628966
0.0955023 -1.8697565 0.04207996
0.20388527 -3.0248327 0.0024652665
0.03814227 -1.1228685 0.070521004
0.13115576 -2.264827 0.027968653
0.24750422 -3.429587 -0.009242274
0.068202525 -1.5073797 0.056016907
0.16972736 -2.6661036 0.014399085
0.29389837 -3.838247 -0.019740775
0.10130662 -1.9005997 0.041495282
0.21119809 -3.0728521 0.0015838586
0.04332214 -1.1442714 0.07021442
0.13744552 -2.3015075 0.02726962
0.25554392 -3.4843714 -0.010269019
0.0737311 -1.5337042 0.055533417
0.17660213 -2.709167 0.013579409
0.30273157 -3.8999858 -0.020933554
0.1072658 -1.9324914 0.040875502
0.21875006 -3.1227045 0.0006323609
0.04857836 -1.1659517 0.06989769
0.14392751 -2.339573 0.026522057
0.2638537 -3.5412967 -0.011366554
0.07938013 -1.5607669 0.055032704
0.18370177 -2.7539203 0.012702762
0.31186846 -3.96418 -0.022198066
0.11338802 -1.9655278 0.040225472
0.22655767 -3.1745431 -0.00037967527
0.053921103 -1.1879898 0.06957021
0.15061156 -2.3791382 0.025733385
0.2724502 -3.6005044 -0.012525394
0.08515834 -1.5886459 0.054515444
0.19103874 -2.8004928 0.011777938
0.32132423 -4.0309525 -0.02352368
0.11968175 -1.9997952 0.03954851
0.23463523 -3.2284982 -0.0014427907
0.059359815 -1.2104589 0.069231726
0.1575073 -2.4203036 0.024909234
0.28134808 -3.6621132 -0.013735175
0.091074504 -1.6174152 0.05398196
0.1986245 -2.8489938 0.010812474
0.33111212 -4.100402 -0.024898468
0.12615584 -2.0353744 0.038846876
0.24299563 -3.284678 -0.0025478124
0.064903416 -1.2334278 0.06888214
0.16462448 -2.4631588 0.024053937
0.2905601 -3.7262177 -0.014984898
0.097137414 -1.6471456 0.05343234
0.20647012 -2.8995173 0.009812894
0.34124336 -4.1726007 -0.026309308
0.13281952 -2.0723422 0.038122103
0.25165075 -3.3431702 -0.0036858711
0.070560366 -1.2569604 0.06852142
0.17197324 -2.5077856 0.02317088
0.30009767 -3.7928872 -0.016263053
0.103356004 -1.6779068 0.05286644
0.2145867 -2.952144 0.008784957
0.35172707 -4.247589 -0.02774199
0.13968253 -2.1107738 0.037375104
0.2606119 -3.4040427 -0.0048483033
0.07633882 -1.2811174 0.068149604
0.17956437 -2.5542605 0.022262728
0.30997086 -3.862165 -0.017557647
0.10973938 -1.7097672 0.05228388
0.22298573 -3.006943 0.007733907
0.36257043 -4.325374 -0.029181294
0.14675528 -2.1507435 0.036606286
0.26989016 -3.4673455 -0.006026478
0.082246594 -1.3059566 0.06776675
0.18740946 -2.6026573 0.021331612
0.32018864 -3.934066 -0.018856164
0.116296895 -1.7427962 0.05168403
0.23167929 -3.0639749 0.0066647204
0.37377837 -4.4059267 -0.030611087
0.15404887 -2.1923273 0.03581558
0.2794966 -3.533109 -0.0072115613
0.08829125 -1.331533 0.06737292
0.19552115 -2.6530476 0.020379284
0.33075887 -4.0085773 -0.020145461
0.12303824 -1.7770642 0.05106595
0.2406803 -3.1232898 0.005582389
0.3853536 -4.4891787 -0.032014444
0.16157544 -2.235603 0.03500248
0.28944224 -3.6013446 -0.008394225
0.09447998 -1.3578992 0.06696822
0.20391333 -2.7055016 0.019407302
0.34168822 -4.0856557 -0.02141167
0.12997349 -1.8126442 0.050428376
0.25000265 -3.1849291 0.0044922847
0.39729643 -4.575023 -0.033373818
0.16934812 -2.2806532 0.034166083
0.29973805 -3.6720417 -0.009564285
0.10081955 -1.3851061 0.06655275
0.21260138 -2.7600884 0.018417312
0.35298175 -4.1652236 -0.022640118
0.13711314 -1.849613 0.049769618
0.25966123 -3.2489219 0.0034006552
0.40960443 -4.6633115 -0.03467129
0.17738152 -2.3275645 0.03330518
0.3103946 -3.7451644 -0.010710301
0.10731615 -1.4132018 0.0661267
0.22160238 -2.8168766 0.017411493
0.36464265 -4.24717 -0.023815326
0.14446826 -1.8880525 0.049087532
0.26967177 -3.3152816 0.002315307
0.4222722 -4.753856 -0.035888966
0.18569185 -2.3764293 0.03241847
0.3214214 -3.8206482 -0.01181915
0.113975175 -1.4422331 0.065690264
0.2309354 -2.8759294 0.016393287
0.37667134 -4.3313456 -0.02492121
0.1520506 -1.928051 0.048379436
0.28005055 -3.3840005 0.0012465306
0.43529108 -4.8464317 -0.037009466
0.19429754 -2.4273465 0.031505007
0.33282614 -3.8983917 -0.012875728
0.120800965 -1.4722434 0.06524371
0.24062155 -2.937301 0.015368634
0.3890647 -4.417562 -0.02594157
0.15987284 -1.9697056 0.047642067
0.29081336 -3.4550402 0.00020825617
0.44864893 -4.9407787 -0.03801661
0.2032198 -2.4804184 0.030565072
0.3446128 -3.978252 -0.0138629405
0.12779662 -1.5032744 0.06478727
0.25068393 -3.0010269 0.014347951
0.40181512 -4.5055923 -0.026860962
0.16794938 -2.013123 0.046871644
0.3019738 -3.528318 -0.0007807208
0.4623299 -5.036611 -0.03889616
0.21248378 -2.5357475 0.029602058
0.35677987 -4.0600367 -0.014762311
0.13496388 -1.535364 0.06432099
0.26114687 -3.0671065 0.013349139
0.41490933 -4.5951743 -0.027665976
0.17629766 -2.0584226 0.04606422
0.31354025 -3.6036904 -0.0016959071
0.47631407 -5.133621 -0.039636597
0.22212014 -2.5934227 0.028626107
0.36931774 -4.143502 -0.015555493
0.1423036 -1.5685486 0.063844405
0.27203372 -3.1354754 0.012401664
0.4283275 -4.686018 -0.028346665
0.18494135 -2.105736 0.04521701
0.3255113 -3.6809368 -0.0025075807
0.4905767 -5.231494 -0.040229823
0.23216729 -2.6534956 0.027661156
0.382206 -4.228359 -0.016226647
0.1498173 -1.6028627 0.06335574
0.28336215 -3.205966 0.0115508195
0.44204167 -4.7778187 -0.028897671
0.19391708 -2.1552043 0.04433243
0.33786964 -3.7597477 -0.0031837306
0.5050854 -5.329916 -0.040671702
0.24267372 -2.7159271 0.026757566
0.3954108 -4.3142858 -0.016764995
0.15751232 -1.6383442 0.06285047
0.29513463 -3.278256 0.01085918
0.4560124 -4.870274 -0.029318402
0.20328906 -2.2069597 0.04343011
0.35057607 -3.8397324 -0.0036958454
0.51979333 -5.4285865 -0.040962465
0.25369677 -2.7804885 0.026011374
0.40888137 -4.4009533 -0.017165817
0.16541551 -1.675042 0.062319074
0.30732325 -3.3518302 0.010399413
0.47018036 -4.9631014 -0.029611876
0.21317999 -2.2610624 0.042581115
0.36356345 -3.920456 -0.0040249736
0.53462636 -5.5272307 -0.04110718
0.2652869 -2.846599 0.025582498
0.42253968 -4.488061 -0.017428178
0.17361388 -1.7130351 0.06174699
0.31984913 -3.4259996 0.010234366
0.4844486 -5.05606 -0.029782906
0.22383232 -2.317294 0.041999467
0.37672198 -4.0015063 -0.0041618063
0.5494631 -5.625616 -0.041116863
0.27742982 -2.9131455 0.025679844
0.43625018 -4.5753665 -0.017550606
0.18239173 -1.7524588 0.061142284
0.33254084 -3.5000408 0.010397176
0.4986536 -5.1489677 -0.02983908
0.23568925 -2.3745341 0.042240817
0.38982978 -4.082574 -0.004099929
0.5641218 -5.723563 -0.04101221
0.28985414 -2.9785678 0.026475085
0.44975612 -4.6627154 -0.01753597
0.19293544 -1.7936724 0.060862042
0.3449171 -3.5734453 0.01089316
0.512552 -5.2417264 -0.02980208
0.24886058 -2.429325 0.04437498
0.40238065 -4.163516 -0.0038588431
0.57840073 -5.8209653 -0.040833697
0.2168341 -1.9685721 0.064586416
0.23394714 -2.1547687 0.06198393
0.243154 -2.2875896 0.057631437
0.25319153 -2.406695 0.05250617
0.2611084 -2.5093038 0.046910603
0.28433055 -2.7438688 0.045245957
0.2917291 -2.8452115 0.040319
0.29733244 -2.9328008 0.035347044
0.32779366 -3.2004108 0.03309874
0.33284885 -3.2853768 0.028613418
0.33662888 -3.3592434 0.024142256
0.33876857 -3.4231308 0.01973429
0.37602878 -3.7252514 0.0176516
0.37829578 -3.7870388 0.013566507
0.3794573 -3.840675 0.009532071
0.42071643 -4.1634326 0.007448119
0.42178774 -4.2148867 0.003670999
0.42208382 -4.259614 -5.7717163e-05
0.42153424 -4.29817 -0.0037211636
0.4667735 -4.6421676 -0.0055768485
0.46637484 -4.679252 -0.009044759
0.46535304 -4.711132 -0.012453486
0.51309955 -5.0687404 -0.014223372
0.51216227 -5.099295 -0.017458916
0.5107615 -5.125419 -0.020638201
0.5088905 -5.1474104 -0.02375382
0.5593603 -5.519684 -0.02532598
0.5576707 -5.540865 -0.028289432
0.5556347 -5.558486 -0.031192012
0.6079362 -5.9404774 -0.032656036
0.6060251 -5.9574356 -0.035404332
0.60388094 -5.9713426 -0.03809072
0.60149646 -5.982344 -0.04072024
0.65578437 -6.3751554 -0.04193781
0.65358084 -6.3860164 -0.044379998
0.6512465 -6.3943934 -0.046776425
0.7069022 -6.794038 -0.047734175
0.040973123 -1.0093484 0.4281738
0.050964013 -0.91190886 0.40677902
0.057744026 -0.8218807 0.37943685
0.046199556 -0.96947604 0.42247346
0.055217106 -0.87468827 0.3995059
0.0613864 -0.7894319 0.37013143
0.051128767 -0.9303422 0.4163571
0.059119843 -0.8394619 0.39172062
0.04580163 -0.98645484 0.43041274
0.055740595 -0.8923908 0.4097941
0.062714614 -0.80657035 0.38336617
0.05099649 -0.9474191 0.4249248
0.06002678 -0.85603255 0.40275747
0.066128515 -0.77617204 0.37427366
0.05591733 -0.90906566 0.41902673
0.063990794 -0.82166255 0.39521384
0.05065046 -0.96317893 0.4325589
0.06053975 -0.8718653 0.41268548
0.06765248 -0.78967404 0.38710707
0.05583452 -0.9247827 0.427286
0.06485473 -0.8362473 0.40587372
0.07103001 -0.76050836 0.37831455
0.060749076 -0.88704425 0.42159998
0.0688638 -0.8026233 0.39856026
0.07391267 -0.7352502 0.36884794
0.06537662 -0.8504572 0.41547325
0.072577395 -0.77141696 0.3906972
0.060712315 -0.90169555 0.42957094
0.069709614 -0.8154615 0.4088783
0.075994805 -0.74312854 0.3822058
0.065629 -0.8643869 0.42409283
0.07375072 -0.78247744 0.4017873
0.07896878 -0.7186707 0.37300512
0.07026745 -0.82826465 0.41817492
0.07751371 -0.75194204 0.3941615
0.06563208 -0.8782604 0.43178573
0.074634194 -0.7937707 0.41179028
0.08101698 -0.72435725 0.38594314
