0.061067592 -1.840017 -0.23493367
0.10867207 -2.6434596 -0.23443928
0.099886306 -2.646676 -0.21149004
0.08307693 -1.988663 -0.16995054
0.06131659 -1.8349406 -0.232863
0.10814489 -2.6369095 -0.23443453
0.09938328 -2.6407676 -0.21148601
0.08260647 -1.9856174 -0.16997181
0.05966068 -1.7667143 -0.233462
0.041294653 -1.5251389 -0.23174562
0.01697961 -1.3118604 -0.2337933
-0.009095204 -1.1116785 -0.23521371
-0.029400764 -0.9776004 -0.23407124
-0.025989112 -1.1742189 -0.22666903
-0.03123868 -1.2537872 -0.205687
-0.043483477 -1.1730679 -0.16824023
-0.029643029 -0.97661173 -0.23394147
-0.026432985 -1.1706878 -0.22664456
-0.03166341 -1.2501507 -0.20566715
-0.043874595 -1.1709963 -0.16822845
-0.029914 -0.97581995 -0.23389451
-0.026877636 -1.1671059 -0.22660874
-0.032091044 -1.2464095 -0.20564063
-0.04427108 -1.1687131 -0.1682171
-0.030235386 -0.97502255 -0.23387195
-0.027321577 -1.1635778 -0.22664586
-0.03251795 -1.2427803 -0.20566799
-0.04466843 -1.1666628 -0.16821854
-0.030669576 -0.97428465 -0.23382048
-0.027765771 -1.1600158 -0.2265047
-0.032946967 -1.239049 -0.20555936
-0.04507057 -1.1643703 -0.16818361
-0.031177083 -0.97353053 -0.2338909
-0.028210634 -1.1564933 -0.22669029
-0.033375278 -1.2354295 -0.2057034
-0.045472723 -1.1623435 -0.16821922
-0.03153127 -0.9726533 -0.23365998
-0.028656203 -1.1529288 -0.22638996
-0.033805627 -1.2316905 -0.20546757
-0.04587945 -1.160035 -0.16814628
-0.032012798 -0.9717775 -0.23385862
-0.029099809 -1.1494652 -0.22666943
-0.034233075 -1.2281226 -0.20569049
-0.046284944 -1.1580458 -0.16820654
-0.032650683 -0.9708338 -0.23369084
-0.029550325 -1.1458007 -0.2264864
-0.03466482 -1.2242994 -0.20553707
-0.046695404 -1.1556966 -0.16815563
-0.0335624 -0.9602819 -0.23535787
-0.054648165 -1.0213643 -0.14414886
-0.040948067 -1.2082357 -0.18684462
-0.031923324 -1.1982692 -0.21733217
-0.030072797 -1.074101 -0.2301574
-0.048455033 -0.9514896 -0.23009124
-0.052394725 -1.0142103 -0.21941468
-0.06024176 -1.0743665 -0.19098432
-0.07859315 -0.9927848 -0.14936836
-0.04026273 -0.84489685 -0.2308212
-0.06226182 -0.5858392 -0.22335444
-0.09111589 -0.31011733 -0.22062273
-0.04674398 -0.7608494 -0.2279191
-0.07122779 -0.49315262 -0.22177935
-0.14673756 -1.1523594 0.10368883
-0.1356142 -1.1087403 0.102756396
-0.09615938 -0.97248113 0.098970786
-0.12693822 -1.0623422 0.10069245
-0.09703176 -0.94927305 0.097980306
-0.12513411 -1.0397583 0.099102296
-0.033678368 -0.95762885 -0.23556244
-0.039028253 -0.9288404 -0.23481221
-0.033254713 -0.94857484 -0.23699965
-0.039373938 -0.9216948 -0.23486726
-0.03521463 -0.9397581 -0.23679207
-0.045976724 -0.8370671 -0.23127067
-0.06032584 -0.64943546 -0.22329293
-0.08241715 -0.43427435 -0.2212633
-0.041574392 -0.9033876 -0.23437381
-0.037875786 -0.923353 -0.23544726
-0.1855539 -1.9488021 0.22301206
-0.13683923 -1.4598299 0.16539651
-0.15366378 -1.2086029 0.10845455
-0.19926989 -1.7040576 0.17310776
-0.24608095 -2.1709034 0.23009683
-0.24995011 -2.3894148 0.26513153
-0.18877877 -1.9855945 0.22749154
-0.13939168 -1.4971428 0.17042628
-0.09591921 -0.99453276 0.105448365
-0.1876568 -1.9821647 0.22743827
-0.13822488 -1.4932148 0.17040862
-0.09316082 -0.9880885 0.10545271
-0.046665825 -0.7604496 -0.22791271
-0.071296446 -0.49129185 -0.22176649
-0.034557972 -0.9266259 -0.23551394
-0.05400601 -0.6721703 -0.22542311
-0.08116116 -0.39582235 -0.22078529
-0.20456406 -2.139452 0.24513973
-0.15283358 -1.6538595 0.1900535
-0.11053742 -1.1542332 0.12921931
-0.203473 -2.1361887 0.24507684
-0.15172261 -1.6501778 0.19001457
-0.109478995 -1.1497658 0.12933816
-0.040587205 -0.8446724 -0.23072508
-0.06232646 -0.5804041 -0.22332896
-0.09183159 -0.2987485 -0.22049513
-0.046460174 -0.7593176 -0.22789858
-0.07150104 -0.48573115 -0.22172529
-0.22119363 -2.292705 0.2620512
-0.1671143 -1.8099234 0.2089417
-0.12035067 -1.314818 0.15011707
-0.22012353 -2.289601 0.26194623
-0.1660178 -1.8064568 0.2088934
-0.11921891 -1.3107365 0.15013714
-0.033742234 -0.9266607 -0.2354082
-0.053920664 -0.6697053 -0.22541484
-0.08152927 -0.38876775 -0.22071457
-0.04004668 -0.84514666 -0.23070295
-0.062375035 -0.5764376 -0.22330801
-0.09237162 -0.29017755 -0.22039314
-0.18219113 -1.9653895 0.22717123
-0.13267471 -1.4739839 0.17031518
-0.08605426 -0.95783645 0.105122246
-0.18111072 -1.9621032 0.22711746
-0.1315838 -1.4701977 0.17029421
-0.08600791 -0.95272374 0.104935944
-0.04629508 -0.7583726 -0.22789517
-0.07170263 -0.4801938 -0.22168057
-0.03367542 -0.9266818 -0.23555122
-0.053869285 -0.66721404 -0.22540918
-0.08189851 -0.3816548 -0.22063923
-0.19809867 -2.1202407 0.24475935
-0.14622797 -1.6321403 0.18981767
-0.10099854 -1.1270101 0.12966822
-0.022667816 -2.5858808 0.23459329
0.033637468 -2.0506394 0.17953706
0.08121565 -1.4939917 0.12833633
-0.17330289 -2.1878884 0.26017603
-0.11865177 -2.1615143 0.256948
-0.08122915 -2.3368285 0.2555173
-0.055172767 -2.652802 0.2573643
0.08350693 -1.0291955 0.10977332
0.04595466 -0.8301215 0.10715055
-0.0003980534 -0.7579164 0.105981074
-0.058402453 -0.8337604 0.103790954
0.092901245 -1.1072743 0.11089725
0.05831737 -0.86766595 0.106918044
0.014525418 -0.7589012 0.10552391
-0.039381873 -0.7856486 0.10417529
0.09333811 -1.0992792 0.110109046
0.05879625 -0.86059123 0.10617557
0.014979978 -0.75219715 0.104771614
-0.038924474 -0.77877396 0.10342298
0.09391211 -1.0913026 0.109295286
0.05927766 -0.85352415 0.105432905
0.015436572 -0.7455001 0.10402065
-0.038463634 -0.7719066 0.1026778
0.09427458 -1.0833588 0.10845749
0.05971519 -0.8464755 0.1046907
0.015852978 -0.7388205 0.10327149
-0.038055405 -0.7650637 0.10194018
0.0949401 -1.0754143 0.10759829
0.060254104 -0.83941835 0.10394993
0.016362526 -0.732133 0.10252499
-0.037523206 -0.75820804 0.10121093
0.09516746 -1.0675219 0.106721886
0.060598888 -0.8323948 0.10321218
0.016693095 -0.72547686 0.10178249
-0.037227273 -0.7513958 0.10049151
0.09595984 -1.0596275 0.10583416
0.06122758 -0.82536 0.10247985
0.017285917 -0.7188103 0.10104612
-0.036582753 -0.7445668 0.0997842
0.09611711 -1.0517412 0.10494201
0.061510637 -0.8183313 0.10175578
0.017558351 -0.7121497 0.10031832
-0.036364023 -0.73774844 0.09909142
-0.024113502 -1.0040386 -0.23591016
0.0001635436 -1.1771102 -0.2346872
0.025900133 -1.3818794 -0.23295587
0.048527636 -1.594274 -0.23076901
0.053444732 -1.6452827 -0.23003493
0.032175004 -1.4327813 -0.2321893
0.007260804 -1.228001 -0.2341794
-0.018038696 -1.0434554 -0.23548706
0.052402966 -1.6302048 -0.2296956
0.03147756 -1.4223795 -0.2320431
0.006820837 -1.220678 -0.23408759
-0.018217377 -1.038588 -0.23543121
0.051268883 -1.6150783 -0.22935796
0.030725911 -1.41199 -0.23189503
0.0062443567 -1.213353 -0.23399255
-0.018733691 -1.0336761 -0.23537157
0.050195556 -1.5999968 -0.22902586
0.030014168 -1.4015735 -0.23174666
0.0057824445 -1.206027 -0.23389584
-0.018958738 -1.0288292 -0.23530892
0.0490697 -1.5848674 -0.22869986
0.029269122 -1.3911616 -0.23159784
0.0052371784 -1.1986849 -0.23379764
-0.019387625 -1.0239111 -0.23524302
0.047960803 -1.5697805 -0.22837989
0.02853722 -1.3807257 -0.2314481
0.00473524 -1.1913426 -0.23369774
-0.01970334 -1.019052 -0.23517352
0.009940125 -1.1591971 -0.22600278
-0.08703835 -0.05488449 -0.2140936
-0.1975626 0.9826992 -0.20623735
-0.20637645 1.0425743 -0.20266983
-0.1643574 0.6071323 -0.20738485
-0.13267185 0.21093775 -0.21441473
-0.11027932 -0.1014468 -0.21983851
-0.019490527 -1.015366 -0.23496184
0.0047166534 -1.1841851 -0.233412
0.027933678 -1.3674072 -0.23102383
0.046329137 -1.5472103 -0.22756477
-0.01912736 -1.0203367 -0.2350411
0.0052467906 -1.1916586 -0.23351848
0.028689602 -1.3780129 -0.23118094
0.047489148 -1.5625705 -0.22789069
0.090589926 -1.9638476 -0.23041113
0.07557628 -1.8417078 -0.22578593
0.086913235 -1.9051325 -0.23040907
0.07168645 -1.7834318 -0.22730285
0.08302548 -1.8452591 -0.22998442
0.06745622 -1.7258551 -0.23060445
0.069802634 -1.6534214 -0.23055464
-0.061271805 -0.24701191 -0.21687324
-0.18902518 0.9430382 -0.20775756
-0.18666714 0.8929616 -0.20700191
-0.07470836 -0.17171502 -0.21550336
0.024953622 -1.3290207 -0.22856237
-0.15729722 0.6281375 -0.2086437
-0.048439324 -0.45086232 -0.21846443
-0.23592669 1.3155215 -0.20503786
-0.1195904 0.27340588 -0.21131928
-0.014998976 -0.8306575 -0.22285275
-0.19524923 0.9664287 -0.20651357
-0.083343975 -0.0866022 -0.21458834
0.015898228 -1.2205808 -0.22731252
-0.15628421 0.61680377 -0.20862782
-0.04861998 -0.45374334 -0.21839511
-0.2344288 1.3007529 -0.20498848
-0.11889573 0.26434857 -0.21132816
-0.015743459 -0.82913584 -0.22286493
-0.19397022 0.95324516 -0.20649625
-0.08303058 -0.092940934 -0.21453455
0.014642015 -1.2141349 -0.22677878
-0.15526597 0.6054823 -0.20862131
-0.048773102 -0.45658603 -0.2184187
-0.23291734 1.285945 -0.20496057
-0.11819349 0.25525352 -0.2113262
-0.01642505 -0.82775223 -0.22271833
-0.022328435 -2.5909102 0.2346194
0.03400085 -2.0559156 0.17962153
0.07938811 -1.5003062 0.12858447
-0.021991204 -2.5959415 0.23464514
0.034364834 -2.0611954 0.17970681
0.077054955 -1.5068902 0.12886567
-0.021655498 -2.6009715 0.23467049
0.034732856 -2.0664675 0.17979257
0.0751485 -1.5137122 0.12917848
-0.021321682 -2.6059985 0.23469533
0.035104934 -2.0717213 0.17987838
0.07487482 -1.5199898 0.12952092
-0.02099023 -2.6110249 0.2347196
0.035481144 -2.0769682 0.17996407
0.0755493 -1.5258595 0.12988777
-0.02066145 -2.616053 0.23474315
0.03586079 -2.0822191 0.18004915
0.07787522 -1.5313815 0.13027184
-0.020336341 -2.621084 0.23476592
0.036240514 -2.0874696 0.18013366
0.080593005 -1.5370824 0.13066904
-0.020012936 -2.626119 0.23478754
0.03662835 -2.0927217 0.18021652
0.08280553 -1.543016 0.13107139
-0.019703025 -2.6311474 0.23480849
0.03701608 -2.0979571 0.1802989
0.0848374 -1.5489818 0.13146953
0.120899454 -1.4061615 0.10396244
0.104729585 -1.3033943 0.10835425
0.11851271 -1.4324186 0.10743101
0.1079288 -1.3299451 0.11284492
0.11627834 -1.4584187 0.11073402
0.10208846 -1.3559499 0.11407567
-0.008581065 -2.8580847 0.23484042
0.04678831 -2.332684 0.18022047
0.09997508 -1.7944806 0.13110131
-0.05822988 -0.74507785 -0.11591946
-0.028095681 -0.8238997 -0.11538897
0.007438268 -0.89265686 -0.11394542
0.04678152 -0.92712456 -0.111283205
-0.05839755 -0.72239757 -0.1137368
-0.028035635 -0.80278057 -0.11334696
0.007790467 -0.8693898 -0.11179003
0.047582526 -0.89952654 -0.109042026
-0.0586255 -0.70031226 -0.11155504
-0.027939234 -0.78174853 -0.111285314
0.0081758555 -0.84635913 -0.10963413
0.04842497 -0.87249595 -0.10683847
-0.058897153 -0.67871886 -0.10939011
-0.02780647 -0.7608278 -0.10920737
0.0085943695 -0.8235788 -0.10747761
0.049306054 -0.84605324 -0.10466743
-0.059185922 -0.6575476 -0.10723881
-0.027638031 -0.740046 -0.1071174
0.009044355 -0.8010684 -0.10532185
0.050221283 -0.8202269 -0.10252445
-0.05947079 -0.6367552 -0.10510033
-0.027434334 -0.71942973 -0.105017796
0.009524809 -0.7788465 -0.103166945
0.051166933 -0.79504365 -0.10040458
-0.05973623 -0.6163159 -0.10297226
-0.027196143 -0.69900554 -0.10291015
0.0100345 -0.7569323 -0.101013206
0.052138653 -0.77052885 -0.098304406
-0.059972126 -0.5962167 -0.10085233
-0.026924366 -0.6787995 -0.10079528
0.010572376 -0.73534477 -0.09886066
0.053131893 -0.7467043 -0.09622113
-0.060172256 -0.5764526 -0.09873819
-0.026620174 -0.6588366 -0.09867357
0.011137354 -0.71410245 -0.09670929
0.05414176 -0.7235876 -0.09415241
-0.060333245 -0.5570247 -0.096627705
-0.026285011 -0.639141 -0.0965452
0.01172828 -0.69322354 -0.094559066
0.055163216 -0.7011914 -0.092096016
-0.060453534 -0.5379377 -0.09451891
-0.02592047 -0.61973524 -0.09441027
0.012343972 -0.67272556 -0.092409916
0.056191385 -0.6795239 -0.09004969
-0.0605328 -0.5191993 -0.092410095
-0.025528252 -0.6006406 -0.09226889
0.012983181 -0.65262544 -0.09026178
0.05722173 -0.6585884 -0.08801118
-0.060571495 -0.500819 -0.09029974
-0.025110122 -0.58187693 -0.09012119
0.013644586 -0.63293934 -0.088114575
0.05825021 -0.63838434 -0.08597828
-0.06057059 -0.48280784 -0.08818654
-0.024667844 -0.56346244 -0.087967336
0.014326786 -0.61368257 -0.08596821
0.05927339 -0.61890775 -0.08394887
-0.06053135 -0.46517763 -0.086069345
-0.024203133 -0.54541403 -0.085807525
0.015028324 -0.5948698 -0.08382258
0.060288463 -0.60015213 -0.08192106
-0.060455326 -0.44794098 -0.08394721
-0.023717718 -0.52774745 -0.08364198
0.015747603 -0.5765146 -0.08167755
0.061293162 -0.58210886 -0.079893164
-0.06034412 -0.43111086 -0.0818193
-0.023213169 -0.5104771 -0.08147094
0.01648305 -0.55862975 -0.07953296
0.062285855 -0.564768 -0.077863775
-0.06019948 -0.41470048 -0.07968492
-0.022691047 -0.4936164 -0.0792946
0.017232975 -0.5412269 -0.07738862
0.063265294 -0.548119 -0.075831726
-0.060023237 -0.39872304 -0.077543505
-0.022152849 -0.4771778 -0.07711316
0.017995642 -0.5243168 -0.07524435
0.06423063 -0.5321508 -0.073796116
-0.059817187 -0.38319176 -0.07539458
-0.021599941 -0.46117294 -0.074926786
0.018769355 -0.5079092 -0.0730999
0.06518136 -0.51685226 -0.07175626
-0.059583217 -0.36811963 -0.073237754
-0.021033702 -0.44561264 -0.072735615
0.019552344 -0.49201256 -0.07095501
0.06611714 -0.5022125 -0.06971166
-0.05932321 -0.35351932 -0.07107275
-0.020455448 -0.4305071 -0.07053976
0.020342857 -0.4766346 -0.06880943
0.06703781 -0.4882212 -0.067662016
-0.05903906 -0.33940333 -0.06889933
-0.019866467 -0.41586584 -0.06833927
0.021139156 -0.4617819 -0.06666286
0.0679433 -0.47486827 -0.06560713
-0.05873263 -0.32578373 -0.066717334
-0.019268002 -0.40169784 -0.06613421
0.021939555 -0.44746 -0.06451503
0.068833604 -0.4621443 -0.063546926
-0.05840584 -0.3126721 -0.06452663
-0.01866134 -0.38801152 -0.06392458
0.022742344 -0.4336736 -0.06236564
0.0697087 -0.45004046 -0.0614814
-0.058060545 -0.30007964 -0.06232714
-0.018047703 -0.37481463 -0.06171037
0.02354592 -0.42042625 -0.060214385
0.07056859 -0.4385484 -0.059410617
-0.057698593 -0.28801718 -0.060118813
-0.01742832 -0.3621146 -0.059491538
0.02434873 -0.40772095 -0.058060996
0.07141327 -0.4276604 -0.057334695
-0.05732185 -0.27649492 -0.05790162
-0.01680446 -0.34991825 -0.05726802
0.025149234 -0.3955596 -0.05590518
0.072242655 -0.4173692 -0.055253766
-0.056932133 -0.2655227 -0.055675562
-0.016177354 -0.33823186 -0.05503974
0.025946 -0.38394353 -0.053746667
0.07305665 -0.40766796 -0.053167988
-0.056531236 -0.25510982 -0.05344063
-0.015548236 -0.3270613 -0.0528066
0.026737666 -0.3728732 -0.0515852
0.07385514 -0.3985503 -0.051077534
-0.056120973 -0.24526516 -0.051196847
-0.014918384 -0.31641182 -0.0505685
0.027522892 -0.36234856 -0.04942054
0.07463789 -0.39001018 -0.04898257
-0.055703096 -0.23599707 -0.04894422
-0.014289029 -0.30628836 -0.04832531
0.028300453 -0.35236895 -0.047252458
0.07540469 -0.38204193 -0.04688328
-0.05527938 -0.22731343 -0.046682782
-0.013661452 -0.29669517 -0.046076916
0.029069148 -0.34293315 -0.04508075
0.07615525 -0.37464008 -0.04477983
-0.054851543 -0.21922165 -0.04441253
-0.013036882 -0.28763604 -0.043823175
0.02982788 -0.33403942 -0.04290522
0.07688928 -0.3677994 -0.04267237
-0.054421324 -0.2117287 -0.0421335
-0.012416595 -0.27911437 -0.041563958
0.030575566 -0.32568568 -0.040725693
0.07760639 -0.3615149 -0.04056107
-0.05399042 -0.20484105 -0.03984569
-0.011801826 -0.27113298 -0.039299127
0.031311214 -0.3178694 -0.03854202
0.07830622 -0.35578173 -0.038446065
-0.05356051 -0.19856466 -0.03754909
-0.011193801 -0.2636941 -0.03702852
0.032033898 -0.31058764 -0.036354046
0.07898837 -0.35059515 -0.03632748
-0.05313329 -0.19290511 -0.035243727
-0.010593768 -0.2567997 -0.034752034
0.03274269 -0.30383736 -0.03416166
0.0796524 -0.3459505 -0.034205455
-0.052710414 -0.18786746 -0.032929577
-0.0100029325 -0.2504511 -0.03246951
0.03343676 -0.29761505 -0.031964753
0.08029786 -0.3418433 -0.032080088
-0.052293528 -0.18345632 -0.030606626
-0.009422488 -0.2446491 -0.03018082
0.034115307 -0.29191703 -0.02976322
0.08092429 -0.33826897 -0.02995147
-0.051884267 -0.17967585 -0.02827486
-0.008853616 -0.2393942 -0.027885847
0.034777574 -0.2867394 -0.027556995
0.081531204 -0.3352231 -0.0278197
-0.05148426 -0.17652972 -0.025934264
-0.008297478 -0.23468636 -0.025584482
0.035422843 -0.28207815 -0.025346017
0.08211813 -0.33270127 -0.025684858
-0.05109512 -0.17402114 -0.023584789
-0.007755205 -0.23052502 -0.023276595
0.036050446 -0.277929 -0.023130208
0.082684584 -0.330699 -0.023546983
-0.050718445 -0.17215289 -0.02122644
-0.0072279223 -0.2269093 -0.020962136
0.036659732 -0.27428767 -0.020909568
0.08323005 -0.32921192 -0.02140616
-0.05035582 -0.17092721 -0.018859144
-0.0067167003 -0.22383775 -0.018640982
0.037250113 -0.27114964 -0.01868403
0.08375406 -0.32823557 -0.019262394
-0.050008837 -0.17034593 -0.016482916
-0.0062226136 -0.22130866 -0.01631311
0.037821017 -0.2685104 -0.016453616
0.08425611 -0.32776552 -0.017115748
-0.04967905 -0.17041035 -0.014097693
-0.0057466845 -0.21931979 -0.013978449
0.03837192 -0.26636535 -0.014218296
0.08473573 -0.3277973 -0.014966215
-0.049368013 -0.1711213 -0.011703477
-0.0052899183 -0.21786857 -0.0116369985
0.038902324 -0.26470986 -0.011978098
0.08519242 -0.3283264 -0.012813819
-0.049077272 -0.17247912 -0.009300224
-0.004853281 -0.21695198 -0.009288733
0.039411776 -0.26353925 -0.00973302
0.085625716 -0.3293483 -0.010658531
-0.048808355 -0.17448364 -0.006887932
-0.004437713 -0.21656671 -0.00693369
0.03989984 -0.2628489 -0.0074831056
0.08603516 -0.33085847 -0.008500347
-0.048562784 -0.17713417 -0.0044666063
-0.004044118 -0.21670903 -0.004571926
0.040366136 -0.2626342 -0.005228398
0.08642029 -0.3328523 -0.0063392334
-0.04834206 -0.1804295 -0.0020362493
-0.0036733632 -0.21737489 -0.0022035148
0.0408103 -0.26289052 -0.0029689465
0.08678068 -0.33532518 -0.004175144
-0.04814767 -0.1843679 0.00040311558
-0.0033262814 -0.21855989 0.00017142964
0.041232012 -0.26361343 -0.000704814
0.08711589 -0.33827242 -0.0020080179
-0.047981102 -0.18894704 0.002851438
-0.0030036734 -0.22025932 0.0025527494
0.041630987 -0.26479852 0.0015639182
0.0874255 -0.34168935 0.00016221781
-0.0478438 -0.1941641 0.005308663
-0.00270629 -0.22246817 0.0049402635
0.042006977 -0.26644155 0.0038371673
0.08770912 -0.34557125 0.0023356539
-0.04773722 -0.20001563 0.0077746925
-0.0024348535 -0.22518109 0.007333729
0.04235975 -0.2685384 0.0061148233
0.08796637 -0.34991333 0.00451239
-0.047662783 -0.20649762 0.010249408
-0.0021900402 -0.22839248 0.009732866
0.04268913 -0.2710851 0.008396771
0.08819686 -0.3547108 0.0066925487
-0.047621895 -0.21360542 0.012732659
-0.001972479 -0.23209651 0.012137343
0.042994965 -0.274078 0.010682877
0.08840026 -0.35995877 0.008876265
-0.04761594 -0.22133374 0.0152242575
-0.0017827624 -0.23628703 0.014546777
0.043277133 -0.27751362 0.012972999
0.088576235 -0.36565238 0.011063703
-0.04764628 -0.22967672 0.017723972
-0.0016214255 -0.2409577 0.016960721
0.043535545 -0.28138876 0.0152669735
0.08872448 -0.3717867 0.013255038
-0.047714252 -0.23862775 0.020231523
-0.0014889657 -0.246102 0.01937867
0.043770134 -0.28570056 0.017564623
0.088844694 -0.37835684 0.01545048
-0.047821175 -0.24817951 0.022746561
-0.0013858246 -0.25171313 0.021800032
0.04398087 -0.2904464 0.019865738
0.088936634 -0.3853577 0.017650245
-0.04796831 -0.2583241 0.025268702
-0.0013123777 -0.25778416 0.024224166
0.044167735 -0.2956241 0.02217011
0.08900006 -0.39278436 0.019854592
-0.048156913 -0.26905277 0.027797474
-0.0012689579 -0.2643081 0.026650345
0.04433074 -0.30123186 0.024477502
0.089034766 -0.40063176 0.02206381
-0.048388172 -0.28035602 0.030332314
-0.0012558225 -0.2712777 0.029077739
0.044469897 -0.30726823 0.026787639
0.08904061 -0.4088948 0.024278203
-0.04866326 -0.2922236 0.032872584
-0.0012731774 -0.27868572 0.03150544
0.04458523 -0.31373218 0.029100237
0.08901744 -0.41756848 0.02649813
-0.048983276 -0.3046445 0.035417546
-0.0013211399 -0.28652483 0.033932436
0.04467678 -0.32062313 0.03141498
0.0889652 -0.42664775 0.028723974
-0.049349282 -0.31760687 0.037966352
-0.0013997679 -0.29478782 0.036357637
0.04474457 -0.32794097 0.033731546
0.08888386 -0.43612766 0.030956196
-0.049762253 -0.33109793 0.040518
-0.0015090225 -0.30346736 0.038779795
0.044788614 -0.33568597 0.03604954
0.088773474 -0.44600323 0.033195257
-0.050223123 -0.34510425 0.043071378
-0.0016487924 -0.31255633 0.041197583
0.04480891 -0.3438588 0.038368583
0.08863413 -0.45626968 0.035441723
-0.050732706 -0.35961136 0.045625206
-0.0018188506 -0.32204774 0.043609537
0.044805434 -0.35246065 0.040688246
0.08846604 -0.46692237 0.037696194
-0.051291756 -0.37460414 0.04817803
-0.0020188843 -0.3319349 0.04601406
0.044778127 -0.36149302 0.043008078
0.08826948 -0.47795695 0.039959356
-0.0519009 -0.39006633 0.05072818
-0.0022484607 -0.34221134 0.04840941
0.044726893 -0.37095764 0.045327585
0.088044845 -0.48936924 0.042231955
-0.052560683 -0.40598115 0.0532738
-0.002507044 -0.35287112 0.050793722
0.04465158 -0.3808567 0.047646273
0.08779261 -0.5011556 0.044514846
-0.05327148 -0.4223308 0.05581278
-0.0027939521 -0.36390877 0.053164963
0.04455201 -0.39119247 0.0499636
0.08751345 -0.5133128 0.046808947
-0.054033548 -0.43909666 0.058342755
-0.0031083813 -0.37531945 0.055520967
0.04442794 -0.4019674 0.05227902
0.0872081 -0.5258384 0.04911529
-0.05484702 -0.45625964 0.06086109
-0.0034494086 -0.38709924 0.057859436
0.044279065 -0.41318417 0.054592
0.086877465 -0.5387307 0.05143503
-0.055711813 -0.47379947 0.06336481
-0.0038159422 -0.39924484 0.0601779
0.04410507 -0.42484507 0.056901947
0.086522624 -0.5519888 0.053769376
-0.05662773 -0.4916958 0.06585066
-0.004206793 -0.4117544 0.06247381
0.043905567 -0.43695268 0.05920835
0.08614476 -0.5656134 0.056119695
-0.057594392 -0.5099271 0.06831498
-0.0046206447 -0.42462692 0.06474448
0.043680146 -0.44950902 0.061510667
0.085745186 -0.5796061 0.058487408
-0.058611233 -0.52847177 0.07075378
-0.005056071 -0.43786293 0.06698718
0.04342839 -0.46251604 0.06380845
0.085325316 -0.5939705 0.06087405
-0.059677538 -0.54730743 0.07316265
-0.005511592 -0.45146447 0.06919916
0.043149874 -0.4759752 0.066101275
0.08488662 -0.6087116 0.0632812
-0.060792465 -0.5664114 0.07553675
-0.0059857187 -0.4654349 0.0713777
0.042844176 -0.4898874 0.06838884
0.0844305 -0.62383646 0.065710485
-0.061955 -0.5857604 0.077870816
-0.0064769727 -0.4797794 0.07352024
0.042510938 -0.50425303 0.07067095
0.083958335 -0.639354 0.068163544
-0.06316409 -0.6053307 0.080159076
-0.0069840234 -0.49450436 0.0756244
0.042149816 -0.5190718 0.072947524
0.08347121 -0.65527505 0.070641965
-0.06441859 -0.62509817 0.082395256
-0.007505699 -0.5096176 0.07768821
0.041760553 -0.53434294 0.07521869
0.08296993 -0.6716121 0.07314728
-0.065717295 -0.64503753 0.08457252
-0.008041063 -0.5251279 0.07971017
0.04134297 -0.55006444 0.077484705
0.08245486 -0.6883787 0.07568083
-0.067059025 -0.6651231 0.08668333
-0.008589493 -0.54104453 0.08168958
0.040896945 -0.56623405 0.07974604
0.08192586 -0.70558953 0.0782438
-0.06844264 -0.6853272 0.08871938
-0.009150671 -0.55737656 0.08362674
0.04042239 -0.5828484 0.082003295
0.081382245 -0.72325873 0.08083698
-0.06986678 -0.70562094 0.090670906
-0.0097245 -0.57413274 0.085523516
0.039919235 -0.5999036 0.084257215
0.0808229 -0.7413999 0.083460554
-0.07132994 -0.7259712 0.09252657
-0.010311089 -0.5913199 0.08738412
0.039387252 -0.6173946 0.08650857
0.08024644 -0.7600241 0.08611342
-0.07282811 -0.7463421 0.09426923
-0.010910409 -0.60894316 0.08921652
0.038826093 -0.6353159 0.08875806
0.079651654 -0.7791397 0.08879194
-0.07435469 -0.7666844 0.09587601
-0.011522559 -0.6270058 0.09103465
0.038234837 -0.65366167 0.09100599
0.07903763 -0.7987528 0.09148677
-0.07588358 -0.78694123 0.097290196
-0.012147178 -0.6455057 0.09286303
0.037612434 -0.6724225 0.09325327
0.078404345 -0.8188613 0.094180286
-0.07736289 -0.8069892 0.09842998
-0.012784911 -0.66444826 0.094735846
0.03695718 -0.6915965 0.095497236
0.077752285 -0.8394721 0.09683285
-0.078592 -0.8265696 0.0988403
-0.013438716 -0.6837968 0.096700616
0.03626643 -0.7111462 0.09773675
0.07707793 -0.8605325 0.09939373
-0.0658414 -0.731779 -0.11542241
-0.090843506 -0.68505794 -0.11224815
-0.082492225 -0.64996696 -0.10787202
-0.072852716 -0.6162061 -0.104011156
-0.096638344 -0.568758 -0.10151792
-0.08744906 -0.53701234 -0.09758887
-0.078128174 -0.5086588 -0.09377886
-0.06954142 -0.48383823 -0.08996857
-0.09145227 -0.43114135 -0.08755243
-0.082155555 -0.40887424 -0.08354651
-0.07332355 -0.38949978 -0.07949007
-0.09453424 -0.3350111 -0.077295914
-0.08522383 -0.31928313 -0.07309378
-0.0762246 -0.30588815 -0.068841085
-0.06762301 -0.29447752 -0.064521536
-0.08767166 -0.24255234 -0.06235802
-0.07855828 -0.2353976 -0.057951536
-0.06973094 -0.22988924 -0.05349225
-0.089800715 -0.18091069 -0.051349767
-0.08061086 -0.18012308 -0.046814114
-0.07166389 -0.18068326 -0.04223494
-0.06295304 -0.18238914 -0.03761033
-0.08262407 -0.14184889 -0.035437863
-0.07364054 -0.14853673 -0.030747252
-0.06488401 -0.15607469 -0.026020257
-0.0848101 -0.122163154 -0.023829455
-0.07586756 -0.13494764 -0.019028326
-0.067163214 -0.14821717 -0.014198028
-0.058666058 -0.16177432 -0.009343232
-0.07854334 -0.14130755 -0.007074856
-0.06998459 -0.16008258 -0.0021374405
-0.061648846 -0.17865066 0.002815747
-0.08186644 -0.16895582 0.0051171137
-0.07354187 -0.19286816 0.010165686
-0.06546592 -0.21594006 0.015219654
-0.057573177 -0.23792085 0.020265099
-0.07802732 -0.24773416 0.022707867
-0.070314445 -0.2746055 0.027860107
-0.06278544 -0.29952526 0.032983053
-0.08363292 -0.32582527 0.03546802
-0.07639418 -0.35555086 0.040705748
-0.06933917 -0.38223806 0.045881577
-0.062315434 -0.40564543 0.050954532
-0.08391087 -0.45958552 0.05367805
-0.07747418 -0.48651084 0.058851272
-0.07092668 -0.5087972 0.06384695
-0.09310744 -0.58721036 0.066594854
-0.087507024 -0.61239713 0.071636595
-0.081464015 -0.6314086 0.07638562
-0.0748624 -0.6446248 0.08077449
-0.100030206 -0.75857466 0.08357928
-0.09442265 -0.7721964 0.08769549
-0.0874278 -0.77911305 0.09144563
-0.1164461 -0.9184223 0.09295985
-0.11133868 -0.9255465 0.095332645
-0.10336335 -0.92782485 0.09739373
0.13799365 -0.9271417 -0.110607386
0.11959068 -0.89502823 -0.110577
0.128335 -0.84877163 -0.10645503
0.13742098 -0.8016506 -0.10206492
0.119923316 -0.7653997 -0.101243295
0.12844725 -0.7292942 -0.09704637
0.13763781 -0.6915181 -0.09236288
0.14733787 -0.6513958 -0.08753001
0.12863976 -0.630266 -0.0865243
0.13802485 -0.60068226 -0.0819241
0.14790083 -0.5696046 -0.07700694
0.12822562 -0.5506412 -0.075741276
0.13797724 -0.52919334 -0.07125194
0.14807008 -0.5072123 -0.06642746
0.1586262 -0.48412722 -0.06152854
0.13736275 -0.47535214 -0.060606867
0.14763321 -0.46271375 -0.05590447
0.15823112 -0.44989374 -0.05102673
0.13618927 -0.43736646 -0.049983256
0.14651884 -0.43434703 -0.04541117
0.15711303 -0.43189383 -0.04063017
0.16790247 -0.4297667 -0.035854355
0.14473088 -0.42047554 -0.034968678
0.15521611 -0.42846754 -0.030305209
0.16590478 -0.43751466 -0.02553179
0.14229941 -0.41963318 -0.024495494
0.15252733 -0.43807983 -0.019966576
0.16298595 -0.4582396 -0.015273073
0.17343117 -0.47998187 -0.010603842
0.14904936 -0.45929828 -0.009615784
0.15915467 -0.4904503 -0.0050331396
0.16937262 -0.52385783 -0.00035378258
0.14481623 -0.49076095 0.0008458761
0.15441115 -0.5326937 0.005303688
0.16420476 -0.5775399 0.009925312
0.1738171 -0.625184 0.014540499
0.14877751 -0.5835447 0.015742078
0.15800932 -0.6394959 0.020280132
0.16725297 -0.6988922 0.024943132
0.14231926 -0.6416199 0.026422823
0.15084273 -0.7082112 0.03089931
0.15944982 -0.7788771 0.035594765
0.16771561 -0.8532619 0.040335737
0.1427811 -0.7822407 0.041777175
0.15061921 -0.86357695 0.04655021
0.15820646 -0.9488487 0.051544867
0.1339662 -0.86022604 0.05311541
0.1410025 -0.9516752 0.05809875
0.1475684 -1.0469489 0.06351619
0.15366964 -1.1445551 0.0689945
0.13074094 -1.0421159 0.07008415
0.13613464 -1.1468563 0.0762579
0.1408986 -1.2514737 0.08253088
0.12019045 -1.1337725 0.082777925
0.124233894 -1.2484845 0.090158954
0.12741664 -1.3580852 0.09693462
0.10480814 -1.0965841 -0.11828668
0.11626604 -1.1232768 -0.12003351
0.10599976 -1.2082224 -0.12405825
0.09932622 -1.293122 -0.12900412
0.10948628 -1.3340706 -0.13008292
0.10207251 -1.4235065 -0.13513093
0.09613751 -1.5055538 -0.14036106
0.09036202 -1.5784384 -0.14564405
0.100691915 -1.6581333 -0.14680545
0.09553767 -1.7321858 -0.15178697
0.09047391 -1.7962412 -0.1566786
0.102013856 -1.904062 -0.15825482
0.097468704 -1.9663087 -0.1628907
0.092997715 -2.0183387 -0.1674064
0.08837911 -2.0604131 -0.17178619
0.1015631 -2.2002523 -0.17345335
0.097518764 -2.2379656 -0.17761752
0.09338158 -2.2658126 -0.18164746
0.10739309 -2.4269311 -0.18338676
0.10360475 -2.448662 -0.18720955
0.099720635 -2.460747 -0.19089913
0.095702715 -2.4635453 -0.19444714
0.1108394 -2.6445572 -0.19612485
0.10700942 -2.6397471 -0.1994722
0.10302267 -2.6260126 -0.20268139
0.11882489 -2.8203268 -0.2043193
0.11484854 -2.7977967 -0.20731544
0.110683285 -2.766823 -0.2101768
0.10633798 -2.7278397 -0.21289565
0.12282823 -2.9302826 -0.21438415
0.118286245 -2.881625 -0.21688493
0.11352485 -2.8255823 -0.21924724
0.1305269 -3.0329359 -0.2206357
0.12541571 -2.966382 -0.22276047
0.120043814 -2.8931925 -0.22475052
0.11444695 -2.8138893 -0.22659916
0.13164133 -3.0173306 -0.22775748
0.12548234 -2.9271257 -0.22935562
0.11903599 -2.8317158 -0.23081684
0.13651599 -3.0309198 -0.23182473
0.1294282 -2.9240408 -0.233004
0.12195316 -2.8130152 -0.23404874
0.1141841 -2.6984718 -0.23496407
0.13147421 -2.880713 -0.23561637
0.12284973 -2.7548056 -0.23619747
0.11369627 -2.626668 -0.23666407
0.13119385 -2.79387 -0.23707151
0.12144151 -2.654097 -0.2371092
0.11075466 -2.5136616 -0.23704891
0.09934516 -2.3730047 -0.23699275
0.11742273 -2.5076897 -0.23656528
0.10544945 -2.3566234 -0.23584725
0.09174065 -2.206871 -0.23519242
0.1099802 -2.3128922 -0.23448679
0.09751897 -2.1526306 -0.23308508
0.082991816 -1.9943196 -0.23156707
-0.055918355 -0.8633708 -0.12402675
-0.027796317 -0.929802 -0.12524815
0.006231961 -1.0115362 -0.12464119
0.043569475 -1.0718931 -0.12282731
-0.05510586 -0.8842989 -0.12598227
-0.027609963 -0.9508323 -0.12717617
0.0061065573 -1.0356787 -0.12675546
0.043098498 -1.1019597 -0.12511568
-0.054379232 -0.90417814 -0.1279805
-0.027381983 -0.97175103 -0.12910056
0.006020093 -1.0598924 -0.12886009
0.042684644 -1.132308 -0.12738498
-0.053723436 -0.92316014 -0.12999365
-0.027113346 -0.99253654 -0.13102512
0.0059733023 -1.0841559 -0.13095473
0.04232879 -1.162894 -0.12963471
-0.05312017 -0.94134337 -0.1319986
-0.026805356 -1.0131626 -0.13295123
0.005965922 -1.1084452 -0.13303936
0.042030957 -1.1936717 -0.13186602
-0.05255083 -0.9588028 -0.1339924
-0.026459483 -1.0336027 -0.13487984
0.0059978245 -1.1327366 -0.13511431
0.04179104 -1.2245955 -0.13407958
-0.052001506 -0.9755922 -0.13597436
-0.026077304 -1.0538305 -0.13681123
0.0060688453 -1.1570059 -0.13717978
0.04160854 -1.2556205 -0.13627547
-0.05146212 -0.99175304 -0.13794555
-0.025660684 -1.073821 -0.13874538
0.0061787125 -1.1812291 -0.13923594
0.041482314 -1.286702 -0.13845369
-0.050925847 -1.0073172 -0.139907
-0.025211686 -1.0935502 -0.14068201
0.006327112 -1.2053816 -0.14128286
0.041410763 -1.3177974 -0.14061424
-0.05038816 -1.0223098 -0.1418596
-0.024732549 -1.1129962 -0.14262053
0.006513674 -1.2294394 -0.14332047
0.04139191 -1.3488659 -0.14275718
-0.04984623 -1.0367515 -0.14380392
-0.02422563 -1.1321388 -0.14456022
0.006737949 -1.2533779 -0.14534864
0.04142354 -1.3798691 -0.14488278
-0.049298394 -1.050659 -0.14574033
-0.023693332 -1.1509598 -0.14650004
0.006999408 -1.2771732 -0.14736712
0.04150338 -1.4107708 -0.14699143
-0.048743814 -1.0640465 -0.1476689
-0.023138009 -1.1694429 -0.14843889
0.0072974614 -1.3008009 -0.1493756
0.041629236 -1.4415373 -0.14908357
-0.048182257 -1.076926 -0.14958957
-0.022561982 -1.1875736 -0.1503755
0.007631363 -1.3242371 -0.15137371
0.041798968 -1.4721366 -0.15115967
-0.047613893 -1.0893083 -0.15150213
-0.021967439 -1.2053388 -0.15230857
0.008000268 -1.3474581 -0.15336104
0.042010635 -1.5025392 -0.15322022
-0.047039125 -1.1012026 -0.15340623
-0.021356344 -1.2227278 -0.15423673
0.008403321 -1.3704405 -0.15533708
0.04226261 -1.5327162 -0.15526554
-0.046458613 -1.1126175 -0.15530142
-0.02073056 -1.2397302 -0.15615864
0.00883948 -1.3931609 -0.15730134
0.042553365 -1.5626404 -0.1572959
-0.04587312 -1.1235608 -0.15718715
-0.020091757 -1.2563376 -0.15807293
0.00930764 -1.4155967 -0.1592533
0.042881582 -1.5922855 -0.15931146
-0.045283496 -1.1340399 -0.15906283
-0.019441426 -1.2725422 -0.15997835
0.009806633 -1.4377255 -0.16119237
0.043246128 -1.6216257 -0.16131221
-0.044690676 -1.1440618 -0.1609278
-0.018780965 -1.2883369 -0.16187362
0.010335132 -1.4595257 -0.16311805
0.04364586 -1.6506356 -0.16329806
-0.044095583 -1.1536334 -0.16278136
-0.018111594 -1.3037153 -0.16375759
0.010891817 -1.4809759 -0.16502972
0.04407983 -1.6792905 -0.1652688
-0.04349916 -1.162761 -0.16462271
-0.01743442 -1.3186718 -0.16562909
0.011475306 -1.5020555 -0.1669268
0.044547107 -1.7075655 -0.1672241
-0.04290237 -1.1714513 -0.16645113
-0.016750516 -1.3332008 -0.1674871
0.012084088 -1.5227444 -0.16880871
0.045046676 -1.7354363 -0.16916358
-0.04230611 -1.1797109 -0.1682658
-0.016060818 -1.3472974 -0.1693306
0.012716712 -1.5430233 -0.17067485
0.045577627 -1.7628784 -0.17108679
-0.041711293 -1.1875458 -0.17006591
-0.01536626 -1.3609569 -0.1711586
0.013371617 -1.5628736 -0.17252462
0.046138912 -1.7898674 -0.17299317
-0.04111879 -1.1949625 -0.17185067
-0.0146677345 -1.3741747 -0.17297024
0.014047216 -1.5822769 -0.17435743
0.046729423 -1.8163793 -0.17488222
-0.040529415 -1.2019674 -0.17361924
-0.01396606 -1.3869464 -0.17476463
0.014741979 -1.601216 -0.17617266
0.047348086 -1.84239 -0.17675327
-0.039943963 -1.2085668 -0.17537083
-0.013262085 -1.399268 -0.17654096
0.015454293 -1.619674 -0.17796972
0.04799364 -1.8678757 -0.17860575
-0.039363194 -1.2147669 -0.17710462
-0.012556636 -1.4111356 -0.17829841
0.01618256 -1.6376348 -0.17974801
0.048664786 -1.8928126 -0.18043903
-0.038787812 -1.2205741 -0.17881984
-0.011850531 -1.422545 -0.18003626
0.016925182 -1.6550826 -0.18150693
0.04936013 -1.9171774 -0.18225242
-0.03821849 -1.225995 -0.18051569
-0.011144593 -1.4334927 -0.18175378
0.017680561 -1.6720028 -0.18324585
0.050078202 -1.9409469 -0.18404531
-0.037655868 -1.2310354 -0.18219143
-0.01043965 -1.4439751 -0.18345027
0.018447097 -1.6883807 -0.18496422
0.050817437 -1.9640985 -0.18581706
-0.037100535 -1.2357018 -0.18384632
-0.009736532 -1.4539888 -0.18512505
0.019223202 -1.7042027 -0.1866614
0.051576197 -1.9866092 -0.18756703
-0.03655306 -1.2400004 -0.18547961
-0.009036085 -1.4635307 -0.18677747
0.020007279 -1.7194552 -0.18833683
0.05235276 -2.0084574 -0.18929458
-0.036013972 -1.2439374 -0.18709064
-0.008339167 -1.4725974 -0.18840691
0.020797726 -1.7341257 -0.18998994
0.053145304 -2.0296211 -0.19099909
-0.035483755 -1.247519 -0.18867868
-0.0076466114 -1.4811862 -0.19001277
0.021592993 -1.7482017 -0.19162011
0.053952016 -2.0500796 -0.19267994
-0.03496288 -1.2507514 -0.1902431
-0.0069592977 -1.4892942 -0.19159442
0.022391481 -1.7616715 -0.19322678
0.054770947 -2.0698118 -0.19433656
-0.03445179 -1.2536404 -0.19178323
-0.0062780995 -1.4969188 -0.19315131
0.023191607 -1.7745237 -0.19480939
0.055600096 -2.0887976 -0.19596836
-0.03395089 -1.2561922 -0.1932985
-0.0056038965 -1.5040575 -0.19468291
0.023991784 -1.7867476 -0.1963674
0.056437425 -2.1070175 -0.19757476
-0.03346057 -1.2584127 -0.19478829
-0.0049375826 -1.5107083 -0.19618867
0.024790416 -1.7983326 -0.19790028
0.05728082 -2.1244524 -0.19915527
-0.032981176 -1.2603078 -0.19625203
-0.004280032 -1.5168688 -0.19766808
0.02558594 -1.8092687 -0.19940746
0.05812818 -2.141084 -0.20070928
-0.03251306 -1.2618831 -0.19768918
-0.0036321564 -1.5225374 -0.19912063
0.026376735 -1.8195465 -0.20088845
0.05897729 -2.1568942 -0.20223632
-0.032056533 -1.2631446 -0.19909921
-0.002994847 -1.5277122 -0.20054585
0.027161216 -1.8291569 -0.20234273
0.059825957 -2.171866 -0.20373587
-0.031611882 -1.2640978 -0.2004816
-0.0023689948 -1.5323918 -0.20194328
0.027937792 -1.8380911 -0.2037698
0.06067195 -2.185983 -0.20520744
-0.031179395 -1.2647483 -0.20183589
-0.0017555146 -1.536575 -0.20331249
0.028704828 -1.8463413 -0.2051692
0.061512973 -2.199229 -0.20665057
-0.03075932 -1.2651016 -0.20316164
-0.001155305 -1.5402604 -0.20465307
0.029460706 -1.8538994 -0.20654048
0.06234673 -2.2115889 -0.20806481
-0.030351898 -1.2651628 -0.20445839
-0.0005692616 -1.5434475 -0.20596458
0.030203821 -1.8607583 -0.20788313
0.06317094 -2.2230482 -0.20944968
-0.029957347 -1.2649375 -0.20572573
1.7164995e-06 -1.5461353 -0.20724669
0.030932533 -1.8669112 -0.20919676
0.06398327 -2.2335927 -0.21080476
-0.029575868 -1.2644309 -0.2069633
0.00055672636 -1.5483234 -0.20849904
0.031645194 -1.8723516 -0.21048097
0.064781375 -2.2432096 -0.21212965
-0.029207649 -1.2636477 -0.20817073
0.0010948761 -1.5500116 -0.2097213
0.03234017 -1.877074 -0.21173532
0.065562926 -2.2518861 -0.21342394
-0.028852863 -1.2625933 -0.20934765
0.0016152716 -1.5511998 -0.21091314
0.0330158 -1.8810729 -0.21295941
0.066325575 -2.2596104 -0.21468721
-0.028511664 -1.2612722 -0.21049376
0.0021170278 -1.5518881 -0.2120743
0.033670433 -1.8843433 -0.2141529
0.06706698 -2.2663715 -0.21591909
-0.028184187 -1.2596892 -0.21160881
0.0025992603 -1.5520769 -0.21320455
0.034302402 -1.886881 -0.21531543
0.06778479 -2.2721584 -0.21711923
-0.027870558 -1.257849 -0.2126925
0.003061089 -1.5517669 -0.21430366
0.034910046 -1.8886824 -0.21644665
0.06847669 -2.2769616 -0.21828723
-0.027570894 -1.2557559 -0.21374458
0.0035016404 -1.5509586 -0.2153714
0.035491694 -1.8897442 -0.21754624
0.06914034 -2.2807717 -0.21942273
-0.027285282 -1.2534143 -0.2147649
0.0039200513 -1.5496533 -0.21640769
0.036045674 -1.8900636 -0.21861391
0.06977342 -2.2835805 -0.22052541
-0.027013812 -1.2508284 -0.2157532
0.0043154545 -1.547852 -0.21741232
0.03657032 -1.8896388 -0.21964933
0.07037363 -2.2853804 -0.22159491
-0.026756555 -1.2480019 -0.21670936
0.0046869996 -1.5455563 -0.21838525
0.03706396 -1.8884683 -0.22065225
0.0709387 -2.2861636 -0.22263089
-0.026513569 -1.244939 -0.21763326
0.005033838 -1.542768 -0.21932642
0.03752493 -1.8865513 -0.2216224
0.07146635 -2.285924 -0.223633
-0.0262849 -1.241643 -0.21852483
0.0053551323 -1.5394888 -0.22023582
0.037951574 -1.8838875 -0.22255957
0.07195434 -2.2846556 -0.22460097
-0.026070587 -1.2381176 -0.21938397
0.0056500454 -1.535721 -0.22111347
0.03834223 -1.8804775 -0.2234635
0.072400436 -2.2823532 -0.22553441
-0.025870662 -1.2343659 -0.22021067
0.005917752 -1.5314667 -0.22195944
0.038695257 -1.8763227 -0.224334
0.07280243 -2.2790122 -0.22643301
-0.025685145 -1.230391 -0.22100496
0.006157437 -1.526729 -0.22277386
0.03900903 -1.8714249 -0.22517087
0.073158175 -2.2746289 -0.22729643
-0.025514048 -1.2261958 -0.22176689
0.0063682883 -1.5215104 -0.22355688
0.039281942 -1.8657866 -0.22597395
0.07346549 -2.2691998 -0.22812435
-0.02535739 -1.2217829 -0.22249655
0.0065494943 -1.5158142 -0.2243087
0.039512385 -1.8594114 -0.22674306
0.07372226 -2.2627223 -0.22891638
-0.025215173 -1.2171545 -0.22319409
0.006700262 -1.5096437 -0.22502962
0.039698806 -1.8523031 -0.22747809
0.073926374 -2.2551942 -0.22967218
-0.02508741 -1.212313 -0.22385971
0.00681979 -1.5030025 -0.22571991
0.039839666 -1.844467 -0.22817892
0.07407575 -2.2466142 -0.23039135
-0.02497411 -1.2072601 -0.22449367
0.006907291 -1.4958947 -0.22637998
0.039933465 -1.8359087 -0.22884548
0.07416834 -2.2369812 -0.23107353
-0.02487529 -1.2019976 -0.22509629
0.00696197 -1.4883243 -0.22701025
0.03997875 -1.8266344 -0.2294777
0.07420208 -2.226295 -0.23171823
-0.024790978 -1.1965269 -0.22566794
0.006983039 -1.4802959 -0.22761121
0.039974116 -1.8166518 -0.23007555
0.07417495 -2.2145565 -0.23232502
-0.02472121 -1.1908488 -0.22620907
0.006969695 -1.4718143 -0.22818342
0.039918203 -1.8059685 -0.23063903
0.0740849 -2.201766 -0.23289335
-0.024666043 -1.1849647 -0.22672024
0.006921143 -1.4628847 -0.22872749
0.039809737 -1.7945937 -0.23116815
0.0739299 -2.1879258 -0.23342267
-0.024625553 -1.1788749 -0.22720207
0.006836566 -1.4535127 -0.2292441
0.0396475 -1.7825367 -0.231663
0.07370787 -2.173038 -0.23391233
-0.02459984 -1.1725799 -0.22765529
0.0067151426 -1.4437041 -0.22973403
0.039430358 -1.7698079 -0.23212366
0.073416725 -2.1571062 -0.23436163
-0.024589032 -1.16608 -0.22808072
0.0065560387 -1.4334654 -0.23019807
0.03915727 -1.7564182 -0.2325503
0.073054336 -2.1401343 -0.23476979
-0.024593296 -1.1593751 -0.22847928
0.0063583916 -1.4228033 -0.23063713
0.03882728 -1.7423792 -0.23294304
0.07261847 -2.1221275 -0.23513588
-0.02461283 -1.152465 -0.22885206
0.006121327 -1.4117252 -0.23105216
0.038439535 -1.7277027 -0.23330216
0.07210684 -2.103092 -0.23545893
-0.02464787 -1.1453493 -0.22920026
0.0058439537 -1.400239 -0.23144415
0.03799328 -1.7124017 -0.23362787
0.07151703 -2.083035 -0.2357378
-0.024698691 -1.1380277 -0.22952521
0.0055253636 -1.3883532 -0.2318142
0.03748788 -1.696489 -0.23392047
0.07084653 -2.061966 -0.23597129
-0.024765618 -1.1304995 -0.22982837
0.005164622 -1.3760772 -0.23216338
0.036922768 -1.6799781 -0.23418026
0.07009264 -2.039895 -0.23615803
-0.024848998 -1.1227641 -0.2301114
0.004760812 -1.3634206 -0.23249285
0.036297515 -1.6628824 -0.23440757
0.06925257 -2.0168352 -0.23629658
-0.024949215 -1.114821 -0.23037611
0.004313012 -1.3503945 -0.23280372
0.035611752 -1.6452159 -0.23460276
0.06832335 -1.9928012 -0.23638543
-0.025066666 -1.1066694 -0.23062447
0.0038203467 -1.3370099 -0.23309712
0.03486523 -1.6269922 -0.23476614
0.06730194 -1.9678108 -0.23642309
-0.025201762 -1.0983087 -0.23085864
0.003281988 -1.3232795 -0.2333741
0.034057755 -1.6082252 -0.23489805
0.066185206 -1.9418845 -0.23640805
-0.0253549 -1.0897381 -0.23108098
0.0026971889 -1.3092157 -0.23363562
0.0331892 -1.5889286 -0.23499875
0.06497008 -1.9150459 -0.23633902
-0.025526443 -1.0809572 -0.23129405
0.0020653342 -1.2948325 -0.23388249
0.032259516 -1.5691159 -0.23506844
0.06365366 -1.8873224 -0.23621492
-0.025716735 -1.071965 -0.23150064
0.0013859132 -1.2801437 -0.23411527
0.031268664 -1.5488006 -0.23510724
0.06223329 -1.8587449 -0.23603511
-0.025926027 -1.0627604 -0.23170386
0.00065860915 -1.2651635 -0.2343343
0.030216701 -1.5279952 -0.23511517
0.060706887 -1.8293467 -0.23579948
-0.026154596 -1.0533422 -0.23190716
-0.00011680334 -1.2499067 -0.23453943
0.029103676 -1.5067132 -0.23509203
0.059072934 -1.7991654 -0.2355086
-0.026402755 -1.0437083 -0.23211484
-0.0009403891 -1.2343869 -0.23472993
0.02792976 -1.4849663 -0.2350375
0.05733082 -1.7682399 -0.2351639
-0.026671227 -1.0338554 -0.232332
-0.001812209 -1.2186179 -0.23490405
0.026695168 -1.4627665 -0.23495102
0.05548075 -1.7366109 -0.23476763
-0.026961964 -1.0237782 -0.2325677
-0.002732305 -1.2026123 -0.23505858
0.025400292 -1.4401258 -0.23483188
0.053523853 -1.7043195 -0.23432328
-0.027279763 -1.0134679 -0.23283315
-0.0037007632 -1.1863819 -0.23518734
0.024045782 -1.4170548 -0.23467898
0.05146208 -1.6714064 -0.23383531
-0.027639123 -1.0029067 -0.23316444
-0.0047176727 -1.1699383 -0.23528072
0.022632323 -1.3935653 -0.23449203
0.049297772 -1.6379123 -0.23331141
-0.028068174 -0.99206954 -0.2335987
-0.0057820105 -1.1532876 -0.23532113
0.021161798 -1.3696632 -0.23426825
0.047034886 -1.6038709 -0.23276019
-0.028685782 -0.98084307 -0.23438685
-0.006893059 -1.1364467 -0.23529138
0.019633794 -1.3453665 -0.23401153
0.044675194 -1.5693239 -0.23220205
-0.09202619 -0.80314696 -0.1260191
-0.06955744 -0.86002886 -0.12840421
-0.07660643 -0.88211465 -0.13195258
-0.08246439 -0.90072644 -0.13527435
-0.060619798 -0.9555307 -0.1370047
-0.067311496 -0.96981394 -0.14076842
-0.073030084 -0.98017204 -0.14424765
-0.07791419 -0.98682785 -0.14761354
-0.059591282 -1.0413275 -0.14979023
-0.06478251 -1.0435098 -0.1533617
-0.06950931 -1.0411721 -0.15683329
-0.05303465 -1.1015487 -0.15898488
-0.057686396 -1.0953988 -0.16252945
-0.062223285 -1.0843908 -0.16598672
-0.066667795 -1.0684649 -0.16938585
-0.051417906 -1.1393228 -0.17153762
-0.05580335 -1.1201341 -0.17488618
-0.060233418 -1.0961881 -0.17816448
-0.045711208 -1.1774545 -0.18021308
-0.050022606 -1.1506956 -0.18338236
-0.054483734 -1.1195836 -0.18647514
-0.059116602 -1.084302 -0.1894896
-0.04471277 -1.1773695 -0.1913616
-0.04923779 -1.1399539 -0.19421904
-0.05394249 -1.0990281 -0.19699016
-0.039763205 -1.2007235 -0.1987371
-0.044386413 -1.1578743 -0.20131792
-0.049204513 -1.1122901 -0.20381059
-0.054209877 -1.0643137 -0.2062085
-0.039857324 -1.1733663 -0.20771103
-0.044800412 -1.1240898 -0.20989634
-0.04990185 -1.0733364 -0.21198419
-0.035612997 -1.1860069 -0.2133543
-0.040683378 -1.1339862 -0.21520711
-0.0458928 -1.0814694 -0.21696582
-0.051192466 -1.0288987 -0.21862356
-0.03683295 -1.1411613 -0.21971907
-0.04213593 -1.0878599 -0.22113366
-0.04750507 -1.0355829 -0.22245033
-0.03325766 -1.1444585 -0.22343
-0.03862203 -1.0913007 -0.22448894
-0.04402358 -1.0403008 -0.22546035
-0.049381424 -0.99198806 -0.22634272
-0.035372805 -1.0902342 -0.22706789
-0.040742524 -1.041403 -0.2277
-0.046066057 -0.9964786 -0.22826226
-0.032466 -1.0827848 -0.22896804
-0.037715726 -1.0368439 -0.22929409
-0.042813245 -0.9960099 -0.22960046
-0.047702406 -0.96060365 -0.22991423
-0.03514362 -1.0244081 -0.23050508
-0.039827958 -0.9880117 -0.23076391
-0.04388929 -0.9572199 -0.23123945
-0.03341773 -1.002367 -0.23173377
-0.03758611 -0.97072405 -0.23250183
-0.04024399 -0.9425912 -0.23379062
-0.03491723 -0.92416507 -0.23583004
-0.05423581 -0.6774097 -0.22544323
-0.08041585 -0.41003996 -0.22091334
-0.040942512 -0.8446644 -0.23103009
-0.0621623 -0.5941653 -0.22338498
-0.09002412 -0.32728523 -0.2207988
-0.04753589 -0.7648904 -0.22800858
-0.07051742 -0.5119956 -0.22188483
-0.037103817 -0.9176923 -0.23554082
-0.05454384 -0.68550324 -0.22546273
-0.079269506 -0.43131763 -0.22106361
-0.042252943 -0.84363425 -0.23133793
-0.06197759 -0.60676104 -0.22340512
-0.08837868 -0.352556 -0.22101508
-0.048283167 -0.76857007 -0.22809762
-0.069824584 -0.52894807 -0.22193472
-0.03906856 -0.909873 -0.23497367
-0.054781575 -0.6937571 -0.22546388
-0.07806878 -0.45236775 -0.22115818
-0.04361246 -0.8418404 -0.23149261
-0.061699957 -0.61946326 -0.22339545
-0.08668657 -0.37735048 -0.22116837
-0.048981827 -0.77212954 -0.22815171
-0.06903545 -0.54589987 -0.22194499
-0.040836852 -0.9018717 -0.23448631
-0.054896623 -0.7021034 -0.22543997
-0.076777995 -0.4732865 -0.22119868
-0.04484583 -0.83974165 -0.23148134
-0.061278544 -0.6322571 -0.2233609
-0.08491522 -0.40181842 -0.22125198
-0.04952949 -0.77561337 -0.22812787
-0.06811366 -0.5628824 -0.22192556
-0.042434584 -0.89406997 -0.23413408
-0.054803252 -0.7105196 -0.22538215
-0.07538229 -0.4941728 -0.22119692
-0.04580326 -0.8376804 -0.23135038
-0.060658723 -0.64512366 -0.22331224
-0.083087064 -0.42615357 -0.22126837
-0.1934806 -1.9996698 0.22758165
-0.14437117 -1.5131696 0.17045827
-0.102436684 -1.0150169 0.10506931
-0.18205763 -1.8698972 0.21158403
-0.1352359 -1.3814291 0.15254653
-0.22302392 -2.2201223 0.24982491
-0.1713687 -1.7401887 0.19508253
-0.12687671 -1.2494738 0.1338996
-0.21080136 -2.0915227 0.23442562
-0.16140158 -1.6104964 0.17801417
-0.11889874 -1.1171346 0.11397838
-0.19930273 -1.9630212 0.21860854
-0.15211844 -1.4806293 0.160299
-0.24055572 -2.3105578 0.25645536
-0.18853381 -1.8347465 0.20231031
-0.14341691 -1.3502144 0.14180247
-0.22819239 -2.1828558 0.24117175
-0.17846657 -1.7066599 0.18546422
-0.13493173 -1.2181051 0.122281745
-0.21657275 -2.0553885 0.22551957
-0.16902147 -1.578497 0.16798733
-0.25818416 -2.400757 0.26305428
-0.20570108 -1.9283253 0.20941822
-0.16002336 -1.449606 0.1497471
-0.24562421 -2.2737126 0.24782786
-0.19554012 -1.8016504 0.19279763
-0.15112217 -1.3184478 0.13055257
-0.23384202 -2.1470284 0.2323226
-0.18598928 -1.6750845 0.1755814
-0.1419299 -1.1819948 0.11090144
-0.22284313 -2.020939 0.21640992
-0.17683902 -1.5478774 0.15765837
-0.2630797 -2.3641434 0.25441107
-0.21258624 -1.8954697 0.20001242
-0.16770916 -1.4183493 0.13885374
-0.2510685 -2.237983 0.23902942
-0.20296443 -1.7703782 0.18305838
-0.15811947 -1.2835622 0.11923123
-0.11207349 -1.286569 0.15017258
-0.15951307 -1.7861248 0.20859927
-0.21381252 -2.2715075 0.26135477
-0.12190256 -1.4233586 0.1676395
-0.17145583 -1.9194273 0.2244807
-0.08655686 -1.0438161 0.123751566
-0.13244191 -1.5595382 0.18462798
-0.18409193 -2.0526054 0.23984417
-0.09620788 -1.1871387 0.14227591
-0.14364755 -1.6953161 0.20113516
-0.19742638 -2.1856787 0.25451958
-0.10629857 -1.3278437 0.15985948
-0.15553223 -1.8307984 0.21716826
-0.07251469 -0.9446724 0.11408685
-0.11687685 -1.4670879 0.17694518
-0.16810533 -1.9660292 0.23270711
-0.08122907 -1.0896103 0.133685
-0.12806655 -1.6054811 0.19357643
-0.18137021 -2.101077 0.2476408
-0.0911086 -1.2335153 0.15177034
-0.13990894 -1.7433019 0.20975837
-0.05976092 -0.85487825 0.1061568
-0.10165362 -1.3758043 0.16909395
-0.15242264 -1.8807037 0.22547613
-0.06749717 -0.9977479 0.12491998
-0.11280624 -1.5168879 0.18589342
-0.16561733 -2.0177956 0.2406585
-0.07672396 -1.14236 0.1433741
-0.12459552 -1.65714 0.2022357
-0.17950289 -2.15469 0.25508535
-0.086957596 -1.2866571 0.16102317
-0.13704386 -1.7967854 0.21813251
-0.05472466 -0.9127072 0.116805464
-0.09795319 -1.4300747 0.17805421
-0.15016401 -1.9359856 0.23354767
-0.0632525 -1.0561926 0.13500789
-0.1096353 -1.5726409 0.19458438
-0.16396473 -2.0748606 0.24835028
-0.07296606 -1.2009791 0.1528233
-0.12199099 -1.714515 0.2106655
-0.042598408 -0.8337343 0.10958004
-0.08363249 -1.3458557 0.17007288
-0.13502172 -1.8558369 0.22629863
-0.050555374 -0.9755343 0.12700166
-0.09510345 -1.4903163 0.18680346
-0.14873055 -1.9967271 0.24141525
-0.059710737 -1.1197239 0.14469609
-0.107308045 -1.6342242 0.20307344
-0.16311586 -2.1372678 0.25583497
-0.06993161 -1.2650867 0.16204154
-0.120216615 -1.7775997 0.21891199
-0.03847511 -0.9000268 0.11948185
-0.081079796 -1.4107764 0.17893079
-0.13381606 -1.9204936 0.23429735
-0.047114007 -1.0431582 0.13680796
-0.093052566 -1.5563412 0.19537392
-0.14809623 -2.0629601 0.24912848
-0.05685731 -1.1883 0.15408716
-0.1057869 -1.7015718 0.21140046
-0.026922058 -0.82913566 0.11241086
-0.06760929 -1.3345668 0.17104341
-0.11924594 -1.8463948 0.22701699
-0.03508454 -0.97106695 0.12923467
-0.079274215 -1.4812993 0.18761113
-0.13340442 -1.9907781 0.24217775
-0.044360563 -1.115629 0.14630874
-0.09177345 -1.628085 0.20379312
-0.14823711 -2.1347103 0.25677592
-0.05468919 -1.2619884 0.16322756
-0.1050497 -1.7746733 0.21960239
-0.023551717 -0.9030871 0.12198216
-0.06599582 -1.4094408 0.17984824
-0.11906048 -1.9209207 0.23502699
-0.032381464 -1.046914 0.13875844
-0.0782062 -1.5574307 0.19613531
-0.13376872 -2.0667279 0.2500108
-0.042285092 -1.1930934 0.15555026
-0.09125437 -1.7055663 0.21209198
-0.012454553 -0.8388195 0.11500816
-0.05321044 -1.3409256 0.17214894
-0.10508481 -1.8535655 0.22772156
-0.020864658 -0.9818802 0.13145116
-0.06509537 -1.4898114 0.18848073
-0.11964845 -2.0012329 0.24300389
-0.030353608 -1.1277394 0.1480513
-0.07787651 -1.6392518 0.20453216
-0.0017648156 -0.7779146 0.10824381
-0.040891543 -1.2757487 0.16456355
-0.09149322 -1.7888602 0.22030947
-0.009763981 -0.9202046 0.12437494
-0.05243163 -1.4252923 0.18088068
-0.10588804 -1.9383298 0.23581377
-0.018851135 -1.0656997 0.14074785
-0.06491837 -1.5758303 0.19697174
-0.1210043 -2.0874364 0.25103268
-0.029005356 -1.213771 0.15712517
-0.078292765 -1.7268904 0.21284005
0.0009531625 -0.8615878 0.11749822
-0.04019297 -1.3638262 0.17337646
-0.09249429 -1.8780844 0.22849813
-0.0077409083 -1.0067002 0.13363981
-0.052369077 -1.5152985 0.18945539
-0.10746089 -2.0290945 0.24395554
-0.017516926 -1.1547909 0.14985186
-0.065480255 -1.6676778 0.20536064
0.011327521 -0.8057322 0.11077846
-0.02835166 -1.305269 0.16599756
-0.079467185 -1.8205026 0.22111063
0.0030089605 -0.95047814 0.12671334
-0.04020924 -1.4575756 0.18201977
-0.09426597 -1.973387 0.23672996
-0.006395579 -1.0985662 0.14274955
-0.053043697 -1.6111664 0.19791307
-0.10980913 -2.1260257 0.2522492
-0.016879013 -1.2494338 0.15876277
-0.06679972 -1.7655426 0.2136994
0.013428544 -0.8967671 0.11994382
-0.028415352 -1.4025106 0.17469256
-0.08141421 -1.9202515 0.22941399
0.004387278 -1.0448618 0.13581413
-0.040965486 -1.5572484 0.1905318
-0.09681828 -2.0749264 0.24510136
-0.0057487558 -1.1961 0.15168199
-0.05447925 -1.7131075 0.20630571
0.023532258 -0.8453392 0.11329959
-0.016963271 -1.3499258 0.16749331
-0.06889607 -1.8695947 0.22205769
0.014855097 -0.99343556 0.12903248
-0.029225275 -1.5057681 0.18324384
-0.08414705 -2.0262773 0.2378439
0.0050637703 -1.1450527 0.1447575
-0.042489707 -1.6630707 0.19896343
-0.100159526 -2.1828415 0.25374192
-0.0058302362 -1.2996168 0.16043481
-0.056698896 -1.821289 0.21470295
0.025025727 -0.9440782 0.12238372
-0.017802455 -1.4565558 0.17606954
-0.07178454 -1.9799441 0.23052824
0.015578231 -1.0960717 0.13798475
-0.03081356 -1.6152757 0.19169948
-0.08767273 -2.1386554 0.24652147
0.005004783 -1.2513876 0.15352409
-0.044808548 -1.7751977 0.20738392
0.03492111 -0.8965801 0.11583989
-0.0066774194 -1.4094238 0.16902371
-0.059719127 -1.9357798 0.22319742
0.025812302 -1.0489624 0.1313525
-0.019433448 -1.5695645 0.18453482
-0.07546962 -2.0965896 0.2392302
0.015559061 -1.2050358 0.14676312
-0.033210557 -1.731171 0.20012775
0.0445401 -0.85077715 0.109366104
0.004167765 -1.3641943 0.16211663
-0.047939364 -1.8936468 0.21588635
0.035780337 -1.0035306 0.12484246
-0.008332844 -1.5257694 0.17748551
-0.06354073 -2.0564878 0.23190747
0.025848415 -1.160382 0.1401492
-0.021891136 -1.6890696 0.19295593
-0.07993735 -2.219368 0.24830864
0.014748435 -1.3206855 0.15535498
-0.0364347 -1.8534113 0.20862302
0.045486983 -0.959622 0.11842763
0.002503183 -1.4837371 0.17056383
-0.051878422 -2.018222 0.22458965
0.035883497 -1.1172464 0.13367487
-0.010837483 -1.6487546 0.18588527
-0.068139225 -2.1831098 0.24097462
0.025078345 -1.2787354 0.1487423
-0.025195846 -1.8149619 0.20142972
0.05494777 -0.91708535 0.11206845
0.013087934 -1.4433124 0.16377893
-0.04047703 -1.9816824 0.21730644
0.04567135 -1.075482 0.12732662
-3.822213e-05 -1.6101061 0.17892888
-0.056588873 -2.1484647 0.23363246
0.035166893 -1.2381798 0.14227971
-0.014214913 -1.7781969 0.19432427
-0.073460594 -2.315113 0.25055572
0.023433113 -1.404359 0.15713756
-0.029332798 -1.9467921 0.21008237
0.055217505 -1.0349443 0.12108105
0.010516722 -1.573007 0.1720968
-0.045285977 -2.1153526 0.22631516
0.045021772 -1.1988819 0.1359665
-0.0034856568 -1.7430395 0.18732078
-0.061997283 -2.2836626 0.24315995
0.033547673 -1.3667387 0.15064472
-0.01844376 -1.9134892 0.20293787
0.06450793 -0.9955421 0.114894666
0.02083591 -1.5373626 0.16539629
-0.034232326 -2.0837312 0.21905167
0.054644626 -1.1607021 0.12980022
0.006996527 -1.7094215 0.18043043
-0.050765485 -2.2535214 0.23578194
0.04343957 -1.3303348 0.1443047
-0.0078099826 -1.8817409 0.19589041
-0.06800499 -2.4229226 0.25331333
0.030926153 -1.5030804 0.15883176
-0.023431322 -2.053573 0.21186787
0.06402738 -1.1235445 0.12377499
0.017233916 -1.6773037 0.17366152
-0.03977115 -2.224678 0.22845683
0.053111486 -1.2950277 0.13812342
0.0025661997 -1.8515224 0.18895558
-0.0567948 -2.395155 0.24581985
0.040793013 -1.4700968 0.15240462
-0.012887791 -2.024873 0.2047874
0.07315881 -1.0873272 0.11786876
0.027225722 -1.6466572 0.16701937
-0.029020471 -2.1971278 0.22121854
0.06256266 -1.2607292 0.13211367
0.012679021 -1.8228362 0.18214826
-0.045804318 -2.3684735 0.23837987
0.05043837 -1.438355 0.14611274
-0.0026079346 -1.9976225 0.1978335
0.08197829 -1.0520749 0.111984156
0.03696622 -1.6174971 0.1605057
-0.018518897 -2.1708748 0.2140984
0.07178272 -1.227352 0.12630776
0.0225178 -1.7956904 0.17548452
-0.03503922 -2.3428888 0.23103675
0.05986245 -1.4078481 0.13995028
0.0074003437 -1.9718231 0.19103153
-0.052202735 -2.5140834 0.24887803
0.046440702 -1.5898693 0.15411787
-0.00827009 -2.1459 0.20712627
0.08073141 -1.1948819 0.12078714
0.032063078 -1.7701266 0.16898423
-0.0245013 -2.3184052 0.2238323
0.069057636 -1.3786019 0.1339087
0.017127011 -1.9474517 0.18441229
-0.041347075 -2.4898589 0.24133177
0.055614844 -1.5639118 0.14784877
0.0017258126 -2.1221724 0.20033403
0.08929321 -1.1633866 0.115717314
0.041284233 -1.746185 0.162677
-0.014185604 -2.2949865 0.21680121
0.07800564 -1.3507721 0.1279839
0.026561454 -1.9244769 0.17801613
-0.030682525 -2.4665549 0.23395413
0.06443467 -1.5398602 0.14169165
0.011474015 -2.0996056 0.19375914
-0.047840327 -2.6373405 0.25211746
0.050115585 -1.72393 0.15661532
-0.0040752147 -2.2725673 0.20997545
0.08657898 -1.3247606 0.12221487
0.035696026 -1.9027963 0.17189968
-0.020190252 -2.4441206 0.22678977
0.07261338 -1.5181757 0.13567023
0.021010408 -2.0780787 0.18744776
-0.03695819 -2.6148045 0.2444055
0.058598846 -1.7033031 0.15090463
0.005873925 -2.25101 0.20338786
0.0953817 -1.3015432 0.11699125
0.04460496 -1.8822576 0.16614865
-0.009834406 -2.4224687 0.21985926
0.080336146 -1.4995867 0.1299978
0.030416349 -2.057388 0.18145515
-0.026213292 -2.5929954 0.23699723
-0.046021525 -0.7570483 -0.22791284
-0.0719715 -0.47273746 -0.22161674
-0.032779243 -0.9305616 -0.23573153
-0.053687796 -0.6623619 -0.22540826
-0.082637005 -0.3672786 -0.22047558
-0.038625102 -0.8466857 -0.23102877
-0.06253751 -0.5617708 -0.2232248
-0.09438361 -0.25796312 -0.21997565
-0.04532854 -0.7546829 -0.22803007
-0.07256121 -0.45589003 -0.22145358
-0.030718394 -0.94039136 -0.23560295
-0.053328775 -0.6554644 -0.22543077
-0.083746776 -0.34534857 -0.22019964
-0.03719639 -0.85032016 -0.23145387
-0.06259871 -0.5499524 -0.22315039
-0.096068636 -0.23074572 -0.21958597
-0.044392556 -0.75334024 -0.22822493
-0.07311462 -0.43888295 -0.22126687
-0.028398316 -0.95296335 -0.23534445
-0.052827463 -0.6490935 -0.22547475
-0.08485472 -0.32292235 -0.21988964
-0.035411563 -0.85617924 -0.23176901
-0.062574916 -0.53829426 -0.22306836
-0.09779046 -0.20267871 -0.21915534
-0.04320682 -0.7532422 -0.22843103
-0.07362684 -0.42168778 -0.22105674
-0.025916724 -0.96739745 -0.23510863
-0.052175507 -0.6433458 -0.22552356
-0.08596252 -0.2999543 -0.2195472
-0.033413347 -0.8638552 -0.23193455
-0.062464353 -0.52681607 -0.22297409
-0.099554144 -0.17370921 -0.21868551
-0.041815534 -0.7543902 -0.22859037
-0.074101046 -0.40428564 -0.22082281
-0.023304133 -0.9832803 -0.23490568
-0.051382363 -0.63825876 -0.22555435
-0.087076545 -0.27640757 -0.21917355
-0.0312735 -0.87295145 -0.23198123
-0.06227256 -0.5155228 -0.22286035
-0.10136784 -0.14379318 -0.21817827
-0.040271472 -0.7566344 -0.22867545
-0.07454432 -0.38665596 -0.2205636
-0.02058245 -1.0003493 -0.23472211
-0.05047062 -0.63379407 -0.22554618
-0.08820546 -0.25224927 -0.21876958
-0.02903024 -0.88316303 -0.23194307
-0.06201133 -0.5043919 -0.22271807
-0.10324108 -0.1128938 -0.2176354
-0.03861814 -0.75977397 -0.2286821
-0.074966505 -0.36877093 -0.22027649
-0.017770978 -1.0184081 -0.23454599
-0.049468633 -0.62985384 -0.22548585
-0.089359164 -0.22744769 -0.21833558
-0.026708955 -0.8942563 -0.23184346
-0.06169778 -0.49337 -0.22253883
-0.10518384 -0.080980435 -0.21705857
-0.03688885 -0.7636091 -0.22861645
-0.0753802 -0.350591 -0.21995811
-0.014887151 -1.0372987 -0.23436935
-0.04840485 -0.6263084 -0.2253681
-0.09054867 -0.20196973 -0.21787135
-0.024329823 -0.9060445 -0.23169689
-0.061352227 -0.4823778 -0.22231674
-0.10720618 -0.048027594 -0.21644937
-0.035109866 -0.7679587 -0.22848722
-0.0758004 -0.33206385 -0.21960546
-0.01194693 -1.0568876 -0.23418707
-0.047305383 -0.6230173 -0.22519311
-0.091786094 -0.1757793 -0.21737657
-0.021910496 -0.91837204 -0.23151216
-0.060996093 -0.4713191 -0.22204898
-0.10931831 -0.01401383 -0.21580942
-0.033303116 -0.7726624 -0.22830273
-0.07624371 -0.31312603 -0.21921661
-0.008965102 -1.0770595 -0.23399584
-0.04619361 -0.61984247 -0.22496392
-0.09308456 -0.14883702 -0.21685128
-0.019467134 -0.9311052 -0.23129474
-0.060650524 -0.46009028 -0.22173542
-0.111530624 0.021078717 -0.21514054
-0.031487815 -0.7775786 -0.22806983
-0.076727614 -0.293707 -0.21879108
-0.005955528 -1.0977122 -0.23379342
-0.045090575 -0.61665344 -0.22468469
-0.094457895 -0.121101394 -0.2162962
-0.017014878 -0.9441262 -0.23104805
-0.06033578 -0.4485867 -0.22137775
-0.11385367 0.057264112 -0.21444505
-0.029681487 -0.78258085 -0.22779399
-0.077269696 -0.2737336 -0.2183299
-0.002931307 -1.1187538 -0.2335783
-0.044015538 -0.6133296 -0.22435975
-0.09592033 -0.09253105 -0.21571313
-0.0145681305 -0.9573293 -0.23077431
-0.060071085 -0.43670744 -0.22097883
-0.116298005 0.0945516 -0.21372601
-0.027900524 -0.7875549 -0.22747949
-0.07788731 -0.25313362 -0.21783537
9.510115e-05 -1.1401014 -0.23334938
-0.042986505 -0.6097596 -0.22399323
-0.09748611 -0.06308735 -0.21510491
-0.012140728 -0.97061807 -0.23047496
-0.05987473 -0.4243575 -0.22054207
-0.11887403 0.13294385 -0.21298741
-0.026160577 -0.7923965 -0.22712962
-0.07859736 -0.23183933 -0.21731076
0.00311179 -1.1616797 -0.23310587
-0.042020626 -0.6058411 -0.22358884
-0.09916925 -0.032737304 -0.21447554
-0.009746072 -0.98390377 -0.23015082
-0.059764277 -0.41144896 -0.22007123
-0.12159172 0.17243467 -0.21223435
-0.024476828 -0.79700863 -0.22674687
-0.07941627 -0.20978966 -0.21676019
0.0061073597 -1.1834196 -0.23284717
-0.04113453 -0.601479 -0.22314985
-0.100983314 -0.0014562046 -0.21383008
-0.0073972372 -0.9971034 -0.22980233
-0.059756804 -0.39790142 -0.21957017
-0.124460444 0.21300647 -0.21147312
-0.022864196 -0.80130064 -0.2263331
-0.08035996 -0.186932 -0.2161884
0.009070895 -1.2052575 -0.23257275
-0.040344607 -0.5965848 -0.22267918
-0.10294134 0.03076979 -0.21317464
-0.0051070414 -1.0101388 -0.22942953
-0.059869118 -0.38364214 -0.21904284
-0.12748872 0.25462747 -0.21071124
-0.021337524 -0.80518603 -0.22588961
-0.08144398 -0.16322379 -0.21560076
0.011991984 -1.2271359 -0.23228224
-0.039667245 -0.5910753 -0.22217938
-0.10505565 0.06394123 -0.2125163
-0.0028881093 -1.0229354 -0.22903223
-0.06011793 -0.3686063 -0.21849334
-0.13068396 0.29724923 -0.20995744
-0.019911727 -0.8085816 -0.22541732
-0.08268349 -0.13863409 -0.21500331
0.014860768 -1.2490022 -0.23197527
-0.039119046 -0.5848721 -0.22165288
-0.10733774 0.09804298 -0.21186315
-0.0007529129 -1.0354216 -0.22860987
-0.060520034 -0.35273743 -0.21792608
-0.13405235 0.34080416 -0.2092215
-0.018601952 -0.81140625 -0.22491676
-0.08409323 -0.113145486 -0.21440284
0.017668037 -1.2708094 -0.23165151
-0.03871701 -0.57790107 -0.22110204
-0.10979803 0.13304174 -0.21122427
0.001286202 -1.0475277 -0.22816165
-0.061092366 -0.33598876 -0.21734606
-0.13759848 0.38520378 -0.20851423
-0.017423727 -0.81358016 -0.22438827
-0.085687414 -0.08675658 -0.21380715
0.020405365 -1.292516 -0.23131073
-0.038478717 -0.5700926 -0.22052954
-0.112445615 0.16888358 -0.21060972
0.0032169977 -1.0591853 -0.2276865
-0.06185201 -0.3183251 -0.21675915
-0.1413252 0.43033746 -0.20784713
-0.01639313 -0.815024 -0.22383218
-0.08747937 -0.059485164 -0.21322519
0.023065306 -1.314087 -0.23095264
-0.038422477 -0.56138307 -0.21993877
-0.11528777 0.20549148 -0.21003039
0.0050273193 -1.0703269 -0.22718309
-0.06281603 -0.29972655 -0.21617272
-0.14523324 0.47607246 -0.20723206
-0.015527005 -0.8156596 -0.22324908
-0.08948104 -0.0313723 -0.21266738
0.025641633 -1.3354944 -0.23057695
-0.038567387 -0.5517172 -0.21933453
-0.11832947 0.2427634 -0.20949772
0.0067050317 -1.0808855 -0.22664993
-0.06400098 -0.28019378 -0.21559632
-0.14932108 0.5222549 -0.20668083
-0.014843224 -0.8154102 -0.22264047
-0.09170212 -0.0024869572 -0.21214555
0.028129619 -1.3567181 -0.23018332
-0.038933262 -0.5410539 -0.21872415
-0.12157265 0.28057125 -0.20902312
0.008237832 -1.0907944 -0.22608548
-0.06542202 -0.2597558 -0.21504241
-0.15358476 0.56871253 -0.2062047
-0.0143611 -0.81420434 -0.22200976
-0.09414881 0.027069418 -0.21167278
0.030526293 -1.377748 -0.2297712
-0.03954024 -0.52937484 -0.21811913
-0.12501563 0.31876203 -0.2086172
0.009612789 -1.0999874 -0.22548862
-0.06709125 -0.23847993 -0.21452713
-0.15801775 0.615259 -0.20581368
-0.01410198 -0.81198174 -0.22136416
-0.09682227 0.05715982 -0.21126257
0.03283058 -1.3985857 -0.22933955
-0.040407676 -0.5167001 -0.2175376
-0.12865242 0.35716143 -0.20828857
0.010815225 -1.1084003 -0.22485939
-0.06901512 -0.21648365 -0.21407042
-0.16261071 0.66169965 -0.2055161
-0.014090092 -0.8087075 -0.22071831
-0.099716805 0.08761238 -0.2109273
0.035042956 -1.419246 -0.22888628
-0.04155176 -0.5031109 -0.21700715
-0.1324721 0.39558172 -0.20804277
0.0118262125 -1.1159757 -0.22420126
-0.07119071 -0.19394459 -0.21369506
-0.16735053 0.7078385 -0.20531803
-0.014353489 -0.8043978 -0.22010049
-0.102818124 0.11822764 -0.21067622
0.037163924 -1.4397599 -0.22840714
-0.04298073 -0.48878103 -0.21656734
-0.1364576 0.43383262 -0.20788154
0.0126171 -1.1226728 -0.22352631
-0.073601216 -0.17110315 -0.21342352
-0.17221774 0.7534857 -0.20522295
-0.014924132 -0.79916966 -0.21956287
-0.10610167 0.14879432 -0.21051367
0.03918934 -1.4601754 -0.22789378
-0.044686668 -0.4740114 -0.2162689
-0.14058274 0.47173527 -0.20780288
0.013137973 -1.1284972 -0.22286871
-0.076211914 -0.14824843 -0.21327317
-0.17718033 0.7984651 -0.20523125
-0.01583377 -0.79332554 -0.219195
-0.10952965 0.17911302 -0.21043882
0.041097343 -1.4805593 -0.22733115
-0.04663379 -0.4592471 -0.21616551
-0.1448046 0.50913686 -0.2078023
0.013294745 -1.1335796 -0.22231798
-0.07896646 -0.12568048 -0.21325244
-0.18218197 0.8426229 -0.20533979
-0.017096799 -0.7874766 -0.21913135
-0.11304185 0.20902316 -0.21044862
0.04280965 -1.5009968 -0.22670083
-0.048744835 -0.44503936 -0.21629713
-0.14904758 0.54592586 -0.20787445
0.012910343 -1.1383896 -0.2220954
-0.08177403 -0.10365248 -0.21336292
-0.18712458 0.8858384 -0.20554051
-0.018661592 -0.7826407 -0.2195272
-0.116528414 0.23842756 -0.21054208
0.04406352 -1.5216198 -0.22603747
-0.05086902 -0.4319127 -0.21667808
-0.15317819 0.5820489 -0.20801203
0.011701976 -1.1442759 -0.22268452
-0.084448494 -0.08230965 -0.21360654
-0.19185714 0.9280383 -0.20581672
-0.02026276 -0.78007704 -0.22048752
-0.11977524 0.26731253 -0.21071638
0.043808904 -1.5426953 -0.22588715
-0.052596748 -0.42015776 -0.21730374
-0.15699397 0.6175287 -0.20819618
0.009848996 -1.1543651 -0.22485656
-0.08656535 -0.061641216 -0.21396595
-0.19621135 0.96920466 -0.20613319
0.04995257 -1.5732293 -0.23100138
0.06695821 -1.6310326 -0.23055139
0.049837843 -1.4684343 -0.2300906
0.031665076 -1.3180513 -0.22888726
0.015131132 -1.183233 -0.22711343
0.02780534 -1.1926979 -0.2272388
0.011569794 -1.0583769 -0.22586533
-0.0030077302 -0.9378687 -0.22435395
0.0035277854 -0.9119537 -0.2238712
-0.010796249 -0.79328775 -0.22266486
-0.023745809 -0.68636256 -0.22140189
-0.03505392 -0.59025866 -0.22012599
-0.03507763 -0.5250276 -0.21965042
-0.04656107 -0.43053874 -0.21858196
-0.056810673 -0.3452281 -0.2175007
-0.06078712 -0.25553238 -0.21692729
-0.070989765 -0.17209697 -0.21600884
-0.08023417 -0.096489824 -0.21508153
-0.08847826 -0.028172651 -0.21416046
-0.09671144 0.087864436 -0.2137017
-0.10506472 0.15487248 -0.21290058
-0.11261032 0.21558216 -0.21210378
-0.12354551 0.34872732 -0.21165146
-0.13112073 0.40816167 -0.21095896
-0.13803643 0.46213326 -0.21027033
-0.14429519 0.5109659 -0.20959112
-0.15828761 0.6629468 -0.20925136
-0.16464613 0.71099013 -0.20866215
-0.17046462 0.75456154 -0.20808017
-0.18649922 0.9189611 -0.20777868
-0.19235674 0.9618369 -0.20728907
-0.1977855 1.0008605 -0.20680624
-0.20279011 1.0362047 -0.20632018
-0.22110087 1.2144765 -0.20619376
-0.22618519 1.2497255 -0.20583138
-0.2309627 1.2818319 -0.20544402
-0.2508076 1.4687635 -0.20552157
-0.018934993 -2.6462398 0.23480903
0.037688322 -2.1135817 0.18032716
0.085719496 -1.566002 0.13181424
-0.0008424196 -2.506656 0.21805666
0.05334952 -1.9721797 0.16590902
0.09894501 -1.419306 0.11846882
0.01648987 -2.3669844 0.20204006
0.068381324 -1.8296238 0.15197864
-0.024287974 -2.7577152 0.242208
0.03309149 -2.227146 0.18674101
0.08289799 -1.685332 0.13836852
-0.005970314 -2.618465 0.22515534
0.049035523 -2.0869129 0.17210858
0.097319454 -1.5380151 0.1248262
0.011584786 -2.479234 0.20882781
0.064460374 -1.945838 0.15804349
-0.02978571 -2.8690755 0.24969065
0.02840609 -2.3400364 0.19322258
0.07961764 -1.8030603 0.1443879
-0.011199358 -2.7300563 0.23237959
0.04457658 -2.2007341 0.17830291
0.09507539 -1.6566052 0.13078713
0.006588612 -2.591135 0.2157409
0.060259752 -2.0609536 0.16398342
0.112347715 -1.501271 0.115139976
0.023612197 -2.4524238 0.19981179
0.0757655 -1.9198611 0.15010756
-0.016543636 -2.8415058 0.2397195
0.039951734 -2.3138885 0.18456918
0.091743566 -1.7754871 0.13633132
0.0015034056 -2.702765 0.22279431
0.05576918 -2.175276 0.16993496
0.10957696 -1.6228954 0.12151079
0.018726842 -2.5643964 0.20654777
0.07136993 -2.0359313 0.15574995
-0.022001285 -2.9528642 0.24716155
0.035208378 -2.4264758 0.19097742
0.08737057 -1.8942617 0.1416743
