0.11126694 -1.0396131 -0.009059409
0.026133347 0.2812293 0.02324789
0.017301032 0.70278966 0.035707526
0.028582292 0.2396421 0.018889915
0.11080685 -1.0376928 -0.0070343222
0.026414905 0.276659 0.023256112
0.017595442 0.69658107 0.035712313
0.028800303 0.23647588 0.018927835
0.11289952 -1.1070353 -0.00874571
0.09461846 -1.0073332 -0.008504905
0.09330955 -1.0014701 -0.0067670764
0.102123596 -1.0827863 -0.0068557337
0.1210968 -1.2601763 -0.0038739806
0.11862896 -1.0780202 0.02588456
0.124540254 -1.0588608 0.036723014
0.12579629 -1.0296923 0.02678985
0.12145274 -1.2646 -0.0036007261
0.118914165 -1.0831047 0.025884097
0.12488522 -1.0649018 0.036710788
0.12612064 -1.0349948 0.026772905
0.12177574 -1.2698965 -0.0035269936
0.11920015 -1.088342 0.025880467
0.12522756 -1.0709046 0.036685392
0.12644064 -1.040046 0.026731841
0.12200842 -1.2746962 -0.0034716134
0.11947936 -1.0934204 0.025899282
0.12556988 -1.0769626 0.036746107
0.12676156 -1.0453973 0.026843477
0.12201265 -1.2801276 -0.003475929
0.11976027 -1.0986687 0.025860993
0.12590873 -1.0829433 0.036593262
0.12707604 -1.050396 0.026577426
0.12183127 -1.285026 -0.0035121317
0.1200347 -1.1037385 0.025926974
0.1262493 -1.089016 0.036833186
0.12739272 -1.0557936 0.027005829
0.122062005 -1.2900741 -0.0032647424
0.120312296 -1.1090063 0.02583702
0.12658705 -1.0949994 0.036485076
0.12770277 -1.0607817 0.026393685
0.12201498 -1.294468 -0.003405988
0.12058279 -1.1140481 0.02593161
0.12692636 -1.1010237 0.036843073
0.12801461 -1.0661173 0.027034143
0.121653624 -1.2996407 -0.0031302099
0.120860316 -1.1193678 0.025880985
0.1272714 -1.1071255 0.03662674
0.128325 -1.0712959 0.02664748
0.123364404 -1.3355979 -0.0073581417
0.12694463 -0.9675155 0.010994522
0.12918662 -1.1106666 0.034025505
0.12475226 -1.1082445 0.033855133
0.119986095 -1.1764327 0.0156836
0.12396423 -1.4193451 0.012423913
0.13404654 -1.3660003 0.032073
0.14160952 -1.3892938 0.035055727
0.13353285 -1.1805712 0.014877231
0.1353074 -1.4864637 -0.014876784
0.16399401 -1.8271548 -0.032120436
0.2007943 -2.17962 -0.046880208
0.14380327 -1.5964751 -0.020402137
0.1755652 -1.9458145 -0.0376004
0.1459357 -0.61825097 -0.12989758
0.1357158 -0.6923085 -0.12946029
0.10222557 -0.9601938 -0.12571494
0.1306849 -0.71614933 -0.12917814
0.09430765 -0.92787313 -0.12684126
0.1327 -0.68333334 -0.12956284
0.12379079 -1.340662 -0.008065239
0.1304795 -1.4452565 -0.007645962
0.12708166 -1.354054 -0.0118037565
0.13142778 -1.4557312 -0.008975303
0.12449468 -1.3680986 -0.0127187
0.14292875 -1.6068445 -0.016271198
0.1603593 -1.7938803 -0.03179944
0.18231708 -2.0132525 -0.045941427
0.13454516 -1.5026114 -0.010030789
0.1302109 -1.4324378 -0.011037246
-0.038897194 -2.5008109 -0.17672145
0.03215674 -1.7618686 -0.15972103
0.14457108 -0.6578412 -0.13196337
0.07872461 -1.4928381 -0.16298524
-0.005157078 -2.3091843 -0.17896855
-0.08986777 -2.9917936 -0.1853489
-0.04637208 -2.5686433 -0.17755845
0.025626613 -1.8313981 -0.16141684
0.0953473 -1.0741744 -0.1305322
-0.047238193 -2.5746336 -0.1774087
0.02466852 -1.8392051 -0.16127811
0.098884255 -1.0840294 -0.1302866
0.14365986 -1.5948569 -0.020391637
0.17574763 -1.9477009 -0.037630342
0.12538894 -1.3642765 -0.012570086
0.1534952 -1.7106833 -0.026344748
0.18855947 -2.0703626 -0.04261391
-0.075019956 -2.8274002 -0.18060161
0.0011948199 -2.0910497 -0.167631
0.05662465 -1.3576986 -0.1444947
-0.075765826 -2.832837 -0.18042561
0.00032230865 -2.097999 -0.16748233
0.05486922 -1.3675895 -0.14441517
0.13249078 -1.4737362 -0.014657242
0.16427648 -1.8303915 -0.03220985
0.20242843 -2.1952376 -0.04705599
0.14313823 -1.5901618 -0.020375272
0.17628822 -1.9535294 -0.037727468
-0.10511359 -3.0867317 -0.18225312
-0.024337618 -2.3480265 -0.17267118
0.04131719 -1.6198258 -0.1531749
-0.10578817 -3.0916016 -0.18195616
-0.02513788 -2.354242 -0.17252383
0.040285967 -1.6280813 -0.15304509
0.12548159 -1.3493397 -0.012278068
0.15331827 -1.7100582 -0.02638837
0.18944193 -2.0794005 -0.04273724
0.13218741 -1.4660907 -0.014585489
0.16446123 -1.8332951 -0.03228956
0.20365097 -2.2073152 -0.047196064
-0.05110013 -2.6036055 -0.17665948
0.019954642 -1.8770852 -0.1605604
0.08696996 -1.150606 -0.12735863
-0.051832117 -2.6092196 -0.17651023
0.01899408 -1.8844671 -0.1604152
0.08208598 -1.1633923 -0.12687583
0.14249033 -1.5860847 -0.020387352
0.1768226 -1.9596404 -0.037835684
0.12341305 -1.3337624 -0.012496526
0.15305345 -1.709418 -0.026447695
0.19032045 -2.088575 -0.042870585
-0.0792757 -2.8590102 -0.17954862
-0.003916505 -2.1317465 -0.16673991
0.05684469 -1.4137232 -0.14365728
-0.11551148 -2.3820264 -0.17464118
-0.08157498 -2.0516348 -0.15693796
-0.058536895 -1.7572292 -0.14630139
-0.1307333 -3.282736 -0.17356087
-0.14114843 -3.2630596 -0.17365448
-0.13927943 -3.0161192 -0.17858368
-0.13294671 -2.6502645 -0.18447919
-0.041195452 -1.8117697 -0.14419436
-0.015223029 -1.8267802 -0.13972144
0.017840277 -1.6863488 -0.13588373
0.0600722 -1.3590779 -0.12949952
-0.045969684 -1.7656647 -0.14639176
-0.023248337 -1.8335395 -0.14064127
0.008145367 -1.7356116 -0.13687286
0.046933606 -1.4713466 -0.13212444
-0.045606285 -1.7613001 -0.14604707
-0.022802183 -1.8275875 -0.14043748
0.008715073 -1.7279294 -0.13669497
0.04766229 -1.461914 -0.13200507
-0.045180134 -1.7569325 -0.14566717
-0.022365721 -1.8216544 -0.1402325
0.009273782 -1.7202692 -0.13651818
0.048374508 -1.4525017 -0.13189723
-0.044739418 -1.7525097 -0.14525418
-0.02186842 -1.8156892 -0.14002725
0.009897145 -1.712575 -0.13634346
0.049191616 -1.4430338 -0.13180211
-0.044464275 -1.7481297 -0.14481147
-0.021527926 -1.8097697 -0.13982303
0.010353122 -1.7049313 -0.1361722
0.049738817 -1.4336312 -0.13172157
-0.04381363 -1.7436523 -0.14434415
-0.020903615 -1.8037932 -0.1396217
0.0111103775 -1.6972272 -0.1360065
0.050773498 -1.4241328 -0.13165855
-0.04378108 -1.7392323 -0.14385876
-0.020705968 -1.7978692 -0.1394258
0.011414495 -1.6895802 -0.13584921
0.051076334 -1.4147084 -0.13161734
-0.042982507 -1.7347742 -0.14336033
-0.020002589 -1.791927 -0.13923669
0.012253791 -1.6819153 -0.13570221
0.052244473 -1.405259 -0.13160108
0.111666545 -1.186024 -0.008464263
0.09827794 -1.0514104 -0.0069549573
0.0930974 -1.0053138 -0.0076695294
0.09988787 -1.0533571 -0.009859864
0.10594444 -1.1072586 -0.01086619
0.094540656 -1.0229291 -0.008654118
0.0964117 -1.0391257 -0.0073080747
0.107156284 -1.1422598 -0.008034329
0.10771054 -1.1277995 -0.011499057
0.09568439 -1.0371432 -0.009101422
0.09722442 -1.0490336 -0.007679444
0.10784234 -1.1488974 -0.008365145
0.10890294 -1.1482797 -0.012135245
0.096512206 -1.0512724 -0.009552883
0.097745694 -1.0588664 -0.008056698
0.107986994 -1.1554296 -0.008701771
0.110616915 -1.1688672 -0.0127712665
0.09762349 -1.0655307 -0.0100054545
0.09852591 -1.0688188 -0.008436236
0.10860672 -1.1621352 -0.009039261
0.111983135 -1.189342 -0.013407198
0.09854715 -1.0796862 -0.010458664
0.099134214 -1.0786802 -0.00881692
0.10890421 -1.1687013 -0.009375403
0.113559976 -1.2099125 -0.014043733
0.09958384 -1.093957 -0.010912737
0.09984464 -1.0886484 -0.009198458
0.10938812 -1.1754228 -0.009709131
0.18318352 -1.9525347 -0.028386468
0.3149033 -3.4178326 -0.05784252
0.46026343 -4.7776494 -0.07187427
0.44167954 -4.5912075 -0.074962676
0.3496722 -3.6990495 -0.06846353
0.27996674 -2.9726746 -0.058510356
0.23218971 -2.4703233 -0.051929776
0.10969257 -1.1834109 -0.010293931
0.10099952 -1.107191 -0.0100008715
0.1018834 -1.1252797 -0.011948152
0.11763175 -1.2593102 -0.015482433
0.10925431 -1.1765615 -0.009963139
0.10030343 -1.0970517 -0.009613483
0.10085799 -1.1107903 -0.01148555
0.11607404 -1.2384033 -0.014820688
0.11059539 -1.2628046 -0.009722049
0.113971256 -1.2458675 -0.0061342223
0.1174792 -1.3469976 -0.010526221
0.12072594 -1.3267729 -0.00754702
0.12460373 -1.4318888 -0.011123348
0.12766483 -1.4062088 -0.010924639
0.15064672 -1.7214276 -0.016429007
0.32592157 -3.5224066 -0.052186318
0.48674124 -5.0325284 -0.069770575
0.4521359 -4.710525 -0.07088513
0.30571377 -3.3221524 -0.05502164
0.17029332 -1.7944254 -0.022537254
0.4131025 -4.35925 -0.06832194
0.27008516 -2.950561 -0.04858511
0.51512957 -5.2512 -0.07307611
0.3630849 -3.890495 -0.063471004
0.22412398 -2.4436498 -0.03828579
0.4612924 -4.7896743 -0.07154438
0.31470862 -3.4141524 -0.05692328
0.18024555 -1.9164708 -0.026008015
0.40965188 -4.3271527 -0.06833003
0.26780596 -2.9265199 -0.04862577
0.51120096 -5.215673 -0.07312378
0.35994184 -3.8606153 -0.06345738
0.22246283 -2.4239383 -0.03825815
0.45758343 -4.7557454 -0.07155657
0.31193617 -3.3868492 -0.05695091
0.17921613 -1.90181 -0.02654863
0.40619928 -4.2950788 -0.06833502
0.26550826 -2.9025712 -0.048594985
0.50726056 -5.1801066 -0.07315081
0.35679588 -3.8306963 -0.06344505
0.22074535 -2.4040732 -0.03836219
-0.11539232 -2.3769457 -0.17467156
-0.081501864 -2.0466387 -0.15697391
-0.05932727 -1.7515336 -0.14632806
-0.11526508 -2.3718784 -0.17470117
-0.08142148 -2.04168 -0.15700953
-0.060341008 -1.7460297 -0.14637993
-0.11513159 -2.366811 -0.1747302
-0.08134428 -2.0367503 -0.157046
-0.061136175 -1.7409314 -0.1464633
-0.11499103 -2.3617165 -0.17475854
-0.08126762 -2.0317638 -0.15708284
-0.061074954 -1.7358083 -0.14657918
-0.11484281 -2.3565767 -0.17478615
-0.08119031 -2.0266285 -0.15712017
-0.06054724 -1.7295094 -0.14673132
-0.1146865 -2.3514037 -0.17481299
-0.08111501 -2.0214086 -0.15715784
-0.059238676 -1.7229424 -0.14692175
-0.114522114 -2.3462265 -0.17483895
-0.08104343 -2.016211 -0.15719603
-0.05778259 -1.7168812 -0.14714864
-0.11435066 -2.341061 -0.17486393
-0.08098571 -2.0110455 -0.1572339
-0.056698564 -1.7110727 -0.14740889
-0.11418485 -2.335909 -0.17488807
-0.080935806 -2.0059125 -0.15727389
-0.055982858 -1.7053468 -0.14769596
-0.050112117 -1.456218 -0.1403213
-0.04738908 -1.556011 -0.14534883
-0.04995931 -1.4621856 -0.14210244
-0.04557419 -1.5652403 -0.14813216
-0.04958035 -1.4688017 -0.1437277
-0.045920484 -1.5758237 -0.14647803
-0.10241257 -2.1056182 -0.17490125
-0.06717661 -1.7733876 -0.1568426
-0.04637616 -1.4637085 -0.14691405
0.11781253 -0.6770378 -0.013137798
0.088581726 -0.62047714 -0.013476279
0.06750845 -0.59243786 -0.017484546
0.04328146 -0.6571356 -0.022833994
0.11786183 -0.6552431 -0.015506952
0.08828002 -0.6163007 -0.015620099
0.0670298 -0.6017386 -0.019458156
0.04230869 -0.67855704 -0.024819216
0.11784467 -0.63454354 -0.017699461
0.08800783 -0.612025 -0.017778248
0.06654384 -0.61088157 -0.021440946
0.041301027 -0.6994801 -0.02676139
0.11776387 -0.6146931 -0.019818995
0.08776357 -0.60767496 -0.019943113
0.0660488 -0.6198622 -0.02343147
0.040260904 -0.7198695 -0.028665535
0.117647484 -0.5955403 -0.021900892
0.087548114 -0.60326964 -0.02210699
0.06554721 -0.62866884 -0.025423823
0.039194603 -0.7396899 -0.030534277
0.11752126 -0.5769892 -0.023965146
0.0873612 -0.5988342 -0.024265906
0.06503994 -0.6372976 -0.027415557
0.038106754 -0.75891536 -0.032371905
0.11740422 -0.55897903 -0.026020395
0.087202586 -0.5943948 -0.02641604
0.06452838 -0.64574486 -0.029403701
0.0370029 -0.7775236 -0.034180447
0.11730876 -0.54147124 -0.02807015
0.087071545 -0.5899787 -0.028554428
0.06401362 -0.65400916 -0.031386197
0.03588872 -0.79549795 -0.035961565
0.11724219 -0.52444154 -0.03011524
0.08696694 -0.5856129 -0.030678492
0.063496806 -0.66208994 -0.03336113
0.034770302 -0.81282794 -0.0377165
0.11720823 -0.507875 -0.032155197
0.08688718 -0.58132386 -0.032786183
0.06297902 -0.6699878 -0.035326887
0.033653855 -0.8295092 -0.039446697
0.11720829 -0.49176347 -0.034188997
0.08683035 -0.5771364 -0.034875922
0.062461372 -0.67770445 -0.037281998
0.03254538 -0.84554386 -0.041153796
0.11724226 -0.4761029 -0.03621541
0.08679423 -0.5730738 -0.036946584
0.061944943 -0.68524253 -0.0392251
0.03145044 -0.8609399 -0.042839635
0.11730912 -0.46089238 -0.038233195
0.086776495 -0.5691571 -0.038997434
0.061430812 -0.69260573 -0.041154955
0.030373937 -0.8757107 -0.04450616
0.11740728 -0.4461333 -0.04024118
0.086774774 -0.5654054 -0.04102806
0.060920056 -0.69979894 -0.0430704
0.029319998 -0.8898742 -0.04615527
0.11753484 -0.43182832 -0.0422383
0.08678677 -0.56183547 -0.043038283
0.060413722 -0.7068278 -0.044970363
0.028291913 -0.9034519 -0.047788717
0.11768967 -0.41798133 -0.044223607
0.086810306 -0.5584623 -0.04502811
0.059912853 -0.7136993 -0.046853915
0.027292205 -0.916468 -0.049408052
0.117869645 -0.40459678 -0.046196252
0.08684338 -0.5552991 -0.046997633
0.05941843 -0.72042114 -0.048720174
0.026322594 -0.9289487 -0.051014513
0.11807255 -0.39167953 -0.04815552
0.08688421 -0.5523575 -0.048947036
0.058931395 -0.72700226 -0.050568406
0.025384188 -0.9409213 -0.052609075
0.118296176 -0.3792347 -0.050100785
0.08693119 -0.54964775 -0.050876524
0.05845264 -0.73345244 -0.05239798
0.024477543 -0.9524139 -0.05419244
0.1185384 -0.36726743 -0.052031484
0.086982965 -0.54717916 -0.052786276
0.057982948 -0.73978233 -0.054208342
0.023602726 -0.96345466 -0.055764996
0.118797116 -0.3557828 -0.05394717
0.087038316 -0.5449601 -0.0546765
0.05752305 -0.7460035 -0.055999074
0.022759482 -0.9740716 -0.05732696
0.11907026 -0.34478575 -0.055847455
0.087096214 -0.5429983 -0.05654736
0.057073567 -0.75212836 -0.057769842
0.021947287 -0.9842924 -0.058878336
0.11935586 -0.33428103 -0.057732016
0.08715577 -0.5413011 -0.058399003
0.056635022 -0.7581699 -0.059520405
0.02116541 -0.99414384 -0.060418967
0.119651996 -0.32427308 -0.05960057
0.087216206 -0.5398751 -0.060231544
0.056207824 -0.76414186 -0.06125059
0.020412972 -1.0036523 -0.06194856
0.11995679 -0.31476608 -0.061452918
0.08727685 -0.538727 -0.062045112
0.055792294 -0.7700585 -0.06296033
0.019689038 -1.0128434 -0.06346678
0.12026848 -0.30576393 -0.06328889
0.08733711 -0.5378632 -0.06383979
0.05538861 -0.77593464 -0.0646496
0.018992571 -1.0217415 -0.06497319
0.12058535 -0.29727024 -0.06510833
0.08739642 -0.53729004 -0.065615654
0.054996848 -0.7817853 -0.066318385
0.01832251 -1.0303706 -0.066467285
0.12090573 -0.2892882 -0.06691117
0.08745429 -0.53701377 -0.0673728
0.05461699 -0.7876261 -0.06796681
0.017677803 -1.0387539 -0.06794862
0.12122803 -0.2818208 -0.06869733
0.08751025 -0.5370407 -0.069111295
0.054248888 -0.79347277 -0.069594964
0.017057363 -1.0469134 -0.06941665
0.121550746 -0.27487072 -0.07046677
0.087563835 -0.5373772 -0.07083121
0.05389229 -0.79934114 -0.071202956
0.01646011 -1.0548708 -0.070870884
0.12187237 -0.26844028 -0.072219506
0.08761458 -0.5380296 -0.07253265
0.053546865 -0.80524725 -0.07279096
0.015885 -1.0626469 -0.07231084
0.122191526 -0.26253164 -0.07395551
0.087662034 -0.5390045 -0.07421567
0.05321217 -0.8112072 -0.07435911
0.015330956 -1.0702617 -0.07373603
0.12250681 -0.25714657 -0.07567486
0.08770572 -0.5403084 -0.07588042
0.05288769 -0.81723696 -0.0759076
0.01479696 -1.077735 -0.07514601
0.122816935 -0.2522867 -0.07737758
0.08774515 -0.541948 -0.07752698
0.05257281 -0.8233525 -0.07743658
0.014281956 -1.0850853 -0.07654035
0.12312061 -0.24795343 -0.07906376
0.08777982 -0.54393005 -0.07915549
0.05226686 -0.82956976 -0.07894624
0.013784938 -1.0923309 -0.07791867
0.12341663 -0.24414787 -0.080733486
0.0878092 -0.54626137 -0.08076606
0.05196908 -0.83590424 -0.08043672
0.013304879 -1.0994898 -0.07928059
0.12370381 -0.24087097 -0.082386844
0.08783271 -0.54894894 -0.08235884
0.05167865 -0.8423716 -0.08190818
0.012840754 -1.1065791 -0.08062578
0.12398099 -0.23812352 -0.08402398
0.08784978 -0.5519996 -0.08393397
0.0513947 -0.8489869 -0.08336079
0.012391573 -1.1136152 -0.08195395
0.124247074 -0.23590612 -0.08564502
0.08785979 -0.5554206 -0.08549162
0.0511163 -0.8557652 -0.08479467
0.0119563155 -1.1206145 -0.08326482
0.12450098 -0.23421925 -0.0872501
0.087862074 -0.5592189 -0.087031946
0.050842453 -0.8627212 -0.08620997
0.01153397 -1.1275927 -0.08455817
0.12474168 -0.2330632 -0.08883937
0.08785595 -0.5634015 -0.08855509
0.05057213 -0.8698691 -0.087606795
0.011123524 -1.134565 -0.08583377
0.12496816 -0.2324382 -0.090412974
0.087840706 -0.5679757 -0.09006121
0.050304253 -0.87722296 -0.088985264
0.010723963 -1.1415461 -0.08709145
0.12517944 -0.23234436 -0.09197111
0.08781558 -0.5729486 -0.091550484
0.050037693 -0.8847964 -0.09034548
0.0103342645 -1.1485504 -0.088331096
0.12537456 -0.23278165 -0.09351393
0.0877798 -0.5783271 -0.09302306
0.049771305 -0.89260244 -0.09168754
0.009953412 -1.1555916 -0.089552574
0.12555261 -0.23375003 -0.095041595
0.08773253 -0.58411855 -0.09447907
0.049503855 -0.9006541 -0.09301151
0.009580356 -1.1626834 -0.090755805
0.12571268 -0.23524939 -0.09655429
0.087672934 -0.59032977 -0.09591864
0.049234133 -0.90896344 -0.09431749
0.009214078 -1.1698385 -0.09194074
0.1258539 -0.23727953 -0.098052174
0.08760013 -0.59696776 -0.09734191
0.048960846 -0.9175425 -0.09560552
0.008853523 -1.1770699 -0.09310735
0.12597542 -0.2398403 -0.09953541
0.08751319 -0.6040394 -0.09874894
0.048682686 -0.9264025 -0.09687566
0.008497641 -1.1843895 -0.09425564
0.1260764 -0.2429315 -0.10100416
0.087411195 -0.61155146 -0.10013983
0.0483983 -0.93555444 -0.09812796
0.008145376 -1.1918092 -0.095385656
0.12615608 -0.24655293 -0.102458596
0.08729316 -0.61951065 -0.101514645
0.048106324 -0.9450085 -0.09936247
0.0077956743 -1.1993403 -0.09649747
0.12621361 -0.25070444 -0.103898786
0.08715808 -0.6279234 -0.10287335
0.047805317 -0.9547744 -0.10057917
0.0074474486 -1.2069939 -0.09759113
0.12624829 -0.2553859 -0.105324894
0.08700492 -0.6367963 -0.10421597
0.047493856 -0.96486115 -0.101778135
0.0070996457 -1.2147807 -0.09866681
0.12625936 -0.26059735 -0.10673703
0.08683265 -0.6461355 -0.10554247
0.047170464 -0.9752774 -0.102959365
0.0067511885 -1.2227106 -0.09972466
0.12624606 -0.26633874 -0.1081352
0.08664015 -0.6559471 -0.10685269
0.0468336 -0.9860308 -0.10412282
0.006400975 -1.2307937 -0.10076482
0.12620774 -0.27261034 -0.109519504
0.08642633 -0.666237 -0.108146526
0.04648175 -0.9971286 -0.10526852
0.0060479417 -1.2390394 -0.10178754
0.12614366 -0.2794124 -0.11088992
0.086190045 -0.6770109 -0.10942376
0.046113323 -1.0085769 -0.10639644
0.0056909914 -1.2474568 -0.102793045
0.12605318 -0.2867454 -0.1122464
0.085930124 -0.68827426 -0.11068411
0.04572672 -1.0203815 -0.10750653
0.0053290343 -1.2560546 -0.10378162
0.12593563 -0.29461 -0.1135889
0.08564538 -0.7000325 -0.11192728
0.04532033 -1.0325468 -0.10859876
0.0049609896 -1.2648413 -0.104753576
0.12579034 -0.3030071 -0.11491726
0.085334584 -0.71229047 -0.113152824
0.044892475 -1.045077 -0.10967307
0.0045857523 -1.2738249 -0.10570926
0.1256167 -0.3119378 -0.116231315
0.0849965 -0.725053 -0.114360295
0.0444415 -1.0579747 -0.1107294
0.0042022374 -1.2830133 -0.10664906
0.12541404 -0.32140356 -0.11753078
0.084629826 -0.7383246 -0.11554909
0.043965697 -1.0712421 -0.111767635
0.0038093324 -1.292414 -0.1075734
0.12518175 -0.33140603 -0.11881531
0.08423324 -0.7521093 -0.11671852
0.043463357 -1.0848801 -0.11278767
0.00340593 -1.3020339 -0.10848272
0.12491916 -0.34194726 -0.12008452
0.083805405 -0.76641107 -0.11786785
0.04293278 -1.0988885 -0.11378942
0.0029909285 -1.3118801 -0.10937755
0.12462564 -0.35302973 -0.12133785
0.08334493 -0.78123325 -0.11899616
0.042372234 -1.1132663 -0.114772715
0.0025631895 -1.3219593 -0.110258445
0.124300525 -0.36465618 -0.12257471
0.082850374 -0.7965789 -0.12010244
0.041780025 -1.128011 -0.115737416
0.0021215836 -1.3322775 -0.11112603
0.12394313 -0.37682983 -0.123794295
0.08232024 -0.8124505 -0.12118554
0.041154448 -1.1431192 -0.116683334
0.0016649336 -1.3428413 -0.111980945
0.12355274 -0.38955438 -0.12499575
0.08175302 -0.8288503 -0.12224417
0.040493846 -1.1585863 -0.117610276
0.0011920595 -1.353656 -0.11282394
0.123128586 -0.40283406 -0.12617801
0.08114708 -0.84577996 -0.123276874
0.03979658 -1.1744063 -0.118518025
0.00070171576 -1.3647275 -0.11365583
0.12266989 -0.41667342 -0.12733987
0.08050077 -0.86324006 -0.12428204
0.03906109 -1.1905723 -0.11940633
0.00019263443 -1.376061 -0.11447749
0.12217576 -0.43107772 -0.12847988
0.079812296 -0.881231 -0.12525786
0.038285844 -1.2070758 -0.120274924
-0.00033654337 -1.3876613 -0.115289904
0.12164527 -0.44605264 -0.12959646
0.07907984 -0.89975226 -0.12620236
0.03746943 -1.2239076 -0.12112354
-0.0008872256 -1.3995332 -0.116094165
0.12107737 -0.46160442 -0.13068771
0.07830142 -0.91880226 -0.12711336
0.036610506 -1.2410573 -0.121951856
-0.0014609384 -1.4116806 -0.11689146
0.12047093 -0.47773972 -0.13175152
0.077474974 -0.9383785 -0.12798843
0.03570785 -1.2585129 -0.12275956
-0.00205931 -1.4241072 -0.11768313
0.11982468 -0.49446595 -0.13278545
0.076598234 -0.9584773 -0.12882495
0.034760337 -1.2762622 -0.12354631
-0.002684129 -1.4368161 -0.11847064
0.119137205 -0.51179075 -0.13378681
0.07566885 -0.9790935 -0.12962006
0.03376702 -1.2942915 -0.124311775
-0.003337314 -1.4498094 -0.11925566
0.118406974 -0.52972245 -0.13475253
0.074684255 -1.0002203 -0.13037069
0.032727066 -1.3125867 -0.12505563
-0.0040209824 -1.4630884 -0.12004001
0.11763222 -0.5482697 -0.13567913
0.07364169 -1.0218494 -0.1310735
0.031639773 -1.3311331 -0.12577753
-0.004737477 -1.4766531 -0.12082572
0.116811074 -0.5674414 -0.13656282
0.07253824 -1.0439699 -0.131725
0.030504642 -1.3499153 -0.12647723
-0.005489317 -1.4905021 -0.12161507
0.115941435 -0.58724725 -0.13739936
0.071370766 -1.066569 -0.13232146
0.029321255 -1.3689178 -0.12715451
-0.0062792986 -1.5046325 -0.12241051
0.11502102 -0.6076968 -0.13818398
0.070135966 -1.0896306 -0.13285904
0.028089358 -1.388125 -0.12780921
-0.0071104313 -1.5190388 -0.123214796
0.11404743 -0.6288003 -0.13891159
0.0688304 -1.1131365 -0.13333386
0.026808819 -1.4075212 -0.12844136
-0.00798592 -1.5337135 -0.12403087
0.11301808 -0.6505682 -0.13957648
0.06745056 -1.1370645 -0.13374205
0.025479598 -1.4270915 -0.12905113
-0.008909141 -1.548646 -0.124861926
0.11193029 -0.67301154 -0.14017247
0.065992884 -1.161389 -0.13407986
0.02410171 -1.4468206 -0.1296389
-0.009883564 -1.5638227 -0.12571134
0.11078139 -0.6961421 -0.14069284
0.064454 -1.1860814 -0.13434395
0.02267525 -1.4666947 -0.13020533
-0.010912597 -1.5792265 -0.12658265
0.109568715 -0.7199723 -0.1411303
0.06283072 -1.2111088 -0.13453142
0.02120028 -1.4867002 -0.13075149
-0.011999505 -1.5948366 -0.12747948
0.10828985 -0.74451655 -0.14147693
0.061120287 -1.2364357 -0.1346402
0.019676879 -1.5068246 -0.13127883
-0.013147159 -1.6106286 -0.12840547
0.10694281 -0.7697907 -0.14172418
0.059320576 -1.2620234 -0.13466932
0.018105127 -1.5270563 -0.1317893
-0.014357831 -1.6265751 -0.12936416
0.10552622 -0.7958144 -0.14186265
0.057430085 -1.2878319 -0.13461927
0.016485032 -1.5473851 -0.13228548
-0.015633069 -1.6426457 -0.13035895
0.104039885 -0.8226113 -0.14188205
0.055448096 -1.3138199 -0.13449252
0.014816634 -1.5678018 -0.1327705
-0.016973501 -1.6588084 -0.1313928
0.10248485 -0.85021186 -0.14176977
0.053374566 -1.3399473 -0.13429436
0.013100015 -1.5882986 -0.1332482
-0.018378884 -1.6750308 -0.13246807
0.10086499 -0.87865764 -0.1415118
0.05121002 -1.3661755 -0.13403411
0.011335484 -1.6088685 -0.13372293
-0.01984821 -1.6912819 -0.13358563
0.0991839 -0.90800256 -0.14108215
0.048955124 -1.3924699 -0.13372757
0.009523653 -1.6295067 -0.13419966
-0.021380236 -1.707533 -0.13474365
0.09745081 -0.9383361 -0.14045309
0.046610713 -1.4187994 -0.13340013
0.0076657715 -1.6502086 -0.134683
-0.022973832 -1.7237588 -0.13593335
0.09564859 -0.96977305 -0.13951589
0.044177607 -1.4451417 -0.13309558
0.0057638832 -1.6709753 -0.13517961
-0.024628544 -1.7399442 -0.13713664
0.09375458 -1.0025889 -0.13818188
0.041657183 -1.4714632 -0.13287333
0.0038198275 -1.6917955 -0.13568929
-0.02634533 -1.756066 -0.13830605
0.091469474 -1.0372994 -0.1356298
0.039058078 -1.4977964 -0.13281551
0.0018399899 -1.71271 -0.13621701
-0.028118925 -1.77217 -0.1393822
0.12313681 -0.6834115 -0.013051565
0.123846814 -0.67751914 -0.013527024
0.122865826 -0.6188761 -0.017947314
0.1229379 -0.57091117 -0.022735843
0.12813304 -0.53992516 -0.024571251
0.1264595 -0.495029 -0.028945854
0.1250441 -0.46152198 -0.033408303
0.12266219 -0.43908787 -0.037857674
0.13123119 -0.37351727 -0.039686386
0.1288104 -0.35440847 -0.04380775
0.12590894 -0.34516722 -0.04790213
0.1369148 -0.2568472 -0.04991612
0.13371706 -0.2518133 -0.053768937
0.13027467 -0.2556108 -0.057592966
0.12632817 -0.2677834 -0.061374154
0.13929732 -0.156045 -0.063262925
0.13533889 -0.1724715 -0.06686623
0.13104337 -0.19649325 -0.070429236
0.14520612 -0.068830475 -0.0723036
0.14075924 -0.097364716 -0.075713
0.13605265 -0.13280706 -0.079080634
0.13101557 -0.17485431 -0.08239674
0.14626847 -0.03140408 -0.08414169
0.14112496 -0.07778472 -0.087331735
0.13570175 -0.13022766 -0.090470105
0.15165551 0.024770068 -0.0921668
0.1460542 -0.032042053 -0.09519596
0.14021055 -0.09447856 -0.09817348
0.13410078 -0.16234094 -0.10108633
0.15065862 0.0042528985 -0.1026913
0.14437756 -0.06779086 -0.105524704
0.13785915 -0.14502814 -0.10829171
0.15478055 0.031397957 -0.10983528
0.1480536 -0.049907845 -0.112539634
0.14112343 -0.13634585 -0.115172595
0.13394733 -0.2278493 -0.11771163
0.15110464 -0.04010519 -0.119223185
0.14378859 -0.1356828 -0.12172604
0.13621661 -0.23658457 -0.12411613
0.15341006 -0.03715857 -0.12555456
0.14577872 -0.14198355 -0.12791584
0.13785931 -0.2526827 -0.13012764
0.12952659 -0.36923942 -0.13213778
0.14705792 -0.15377724 -0.13363564
0.13892876 -0.27499086 -0.13559252
0.1300954 -0.40299776 -0.13725895
0.14766988 -0.169461 -0.13862143
0.13965735 -0.30231407 -0.14013344
0.13027784 -0.4430916 -0.14121188
0.119596064 -0.5911613 -0.14182048
0.14073719 -0.3347743 -0.14276172
0.13076992 -0.48924568 -0.14267536
0.11791556 -0.6514501 -0.1421968
0.14395471 -0.37911916 -0.14096037
0.13375597 -0.54654866 -0.13809164
0.11844533 -0.71863496 -0.1349249
-0.028336618 -0.9151649 -0.024467796
-0.017174508 -0.88821805 -0.023761427
-0.023159705 -0.95837206 -0.027053643
-0.029718239 -1.0314162 -0.030699199
-0.019546933 -1.0011048 -0.03136176
-0.025227083 -1.0632541 -0.034554794
-0.03171561 -1.1284767 -0.038316943
-0.039031938 -1.1974161 -0.042247493
-0.026958605 -1.1437125 -0.043091245
-0.033582166 -1.2034866 -0.04653841
-0.04085512 -1.2655283 -0.05031319
-0.027620079 -1.2032717 -0.051585793
-0.03465275 -1.258404 -0.05471865
-0.042053796 -1.3143214 -0.058150355
-0.050071478 -1.3714721 -0.06165157
-0.034889396 -1.2970356 -0.06251328
-0.042445976 -1.3472897 -0.06557251
-0.050386474 -1.3973464 -0.06877222
-0.034398053 -1.3230656 -0.06991009
-0.042046607 -1.3680563 -0.07260645
-0.04995581 -1.4115905 -0.075445
-0.05805275 -1.4538172 -0.078282684
-0.040968742 -1.3799667 -0.079191916
-0.048808094 -1.417516 -0.08164997
-0.05682647 -1.4525216 -0.084186725
-0.039358545 -1.3860803 -0.085394554
-0.04703988 -1.4182024 -0.087482296
-0.054910265 -1.4465855 -0.08967497
-0.062624626 -1.4713676 -0.09187499
-0.04477692 -1.4165342 -0.09290939
-0.05244161 -1.4388851 -0.09473848
-0.06011652 -1.4564602 -0.09665203
-0.04219634 -1.4152352 -0.09802729
-0.049552355 -1.4321672 -0.09952514
-0.057015095 -1.4431522 -0.101147234
-0.064035006 -1.4484133 -0.10282454
-0.04641307 -1.4290428 -0.104018725
-0.05358036 -1.4340891 -0.105353214
-0.060573723 -1.4323517 -0.10682655
-0.043262478 -1.431947 -0.108387716
-0.05003356 -1.4317572 -0.10953406
-0.056712605 -1.4237713 -0.11089388
-0.0627003 -1.4086059 -0.11238757
-0.046624176 -1.4383974 -0.11365768
-0.052892078 -1.4249277 -0.11501758
-0.05862162 -1.4039499 -0.11664206
-0.04370553 -1.4559872 -0.117981784
-0.049576856 -1.4375913 -0.119596146
-0.05465142 -1.411802 -0.12167028
-0.058927465 -1.3805318 -0.12385102
-0.047052857 -1.4631326 -0.124349214
-0.051316246 -1.4329311 -0.12728612
-0.054753672 -1.399853 -0.1301727
-0.04593071 -1.5031859 -0.12959935
-0.049208157 -1.4677787 -0.1338294
-0.0515779 -1.4338843 -0.13694473
-0.00030623158 -0.66141844 -0.019230913
-0.0019720201 -0.6877589 -0.018608069
0.006623029 -0.57418054 -0.015688112
0.010688756 -0.46366498 -0.011611079
0.011246387 -0.4639221 -0.011558234
0.015676562 -0.34911153 -0.0073543075
0.018453198 -0.24705549 -0.0029374857
0.021324746 -0.16005641 0.0015335825
0.021354219 -0.10189788 0.0016621155
0.022858743 -0.0150967855 0.005658885
0.024590531 0.05592488 0.009511544
0.023474172 0.15524115 0.010163529
0.024045663 0.22191505 0.01356923
0.024917832 0.27312273 0.01678532
0.026355352 0.3094858 0.019796755
0.022566292 0.4524142 0.020451855
0.022878801 0.48134497 0.023045212
0.023731805 0.49638495 0.025434893
0.019082513 0.66569614 0.02616225
0.019112295 0.67088604 0.028141407
0.019714585 0.66339934 0.029920038
0.020910427 0.6440855 0.03149201
0.014261748 0.83297896 0.032001406
0.014888164 0.8024081 0.033174045
0.0161496 0.7614689 0.034149025
0.008964007 0.95980346 0.034587394
0.009867314 0.90609455 0.035157397
0.0114512835 0.8436347 0.03554075
0.013660346 0.77336144 0.03573305
0.005284447 0.96793115 0.03585305
0.0074177263 0.8844564 0.03565142
0.01021824 0.7949319 0.035273813
0.0017885838 0.98213905 0.035259817
0.0046678483 0.878511 0.034482013
0.008265564 0.7707187 0.033545423
0.01246332 0.65973467 0.032451805
0.0038233534 0.8210452 0.032047037
0.008393945 0.69629943 0.030564249
0.013629721 0.57037896 0.02895
0.0055067665 0.7079136 0.02837441
0.011169497 0.56785643 0.026359446
0.017627455 0.42880577 0.02424412
0.0246235 0.29173356 0.022058409
0.017114986 0.38208413 0.020976512
0.024928225 0.23211832 0.018382853
0.033499826 0.08654591 0.015790628
0.026734378 0.1360511 0.014491093
0.035909813 -0.022122107 0.011454072
0.046215482 -0.17315923 0.008524022
0.05716026 -0.31662902 0.005857504
0.05100325 -0.33582428 0.0037048645
0.06277811 -0.48883358 0.00058421347
0.07592645 -0.63185906 -0.0021040358
0.071422465 -0.70819986 -0.003922667
0.083915934 -0.86035174 -0.0065898453
0.09731171 -1.0022594 -0.008868821
0.12105985 -0.78899235 -0.0017794495
0.09042318 -0.6388538 -0.0036172431
0.069695964 -0.5434409 -0.007976014
0.04741341 -0.54331964 -0.012863191
0.12161691 -0.80678177 -0.000535699
0.09082931 -0.6418772 -0.0018590082
0.070084415 -0.5331851 -0.0061769513
0.048085574 -0.51947767 -0.010969879
0.122003876 -0.82332325 0.000787322
0.091241576 -0.6446697 -0.00015450131
0.07045649 -0.52282476 -0.0044154692
0.048708167 -0.4954027 -0.009115437
0.12228327 -0.8388122 0.0021505782
0.091656156 -0.6472114 0.0015019783
0.07080888 -0.51235914 -0.0026910247
0.049278416 -0.47112906 -0.007298765
0.12249191 -0.8533679 0.0035484037
0.09207208 -0.64949256 0.0031136924
0.07114186 -0.50179917 -0.0010035185
0.049796116 -0.4467007 -0.0055178665
0.12265857 -0.86708736 0.004962738
0.09248741 -0.6515022 0.004683566
0.071454614 -0.49115413 0.0006488122
0.0502605 -0.42216215 -0.0037709598
0.12280056 -0.88003963 0.006382388
0.0929003 -0.6532325 0.0062129796
0.07174675 -0.48043534 0.002266912
0.050671577 -0.3975597 -0.0020575314
0.12292914 -0.8922807 0.007797604
0.09330854 -0.654678 0.007703033
0.072017774 -0.4696545 0.003851841
0.05102999 -0.37293935 -0.00037736094
0.123051055 -0.9038548 0.009201473
0.093709804 -0.6558361 0.009154456
0.07226732 -0.45882434 0.0054042414
0.051337022 -0.3483461 0.0012694487
0.12317037 -0.91479874 0.01058851
0.094101705 -0.65670717 0.010567886
0.072494976 -0.4479581 0.0069245086
0.051594425 -0.32382333 0.002882797
0.12328939 -0.9251434 0.011954487
0.09448188 -0.65729433 0.011943896
0.07270044 -0.43706965 0.008412748
0.051804315 -0.29941213 0.00446263
0.123409286 -0.9349153 0.013295968
0.094848104 -0.65760326 0.013283025
0.07288343 -0.4261735 0.009868832
0.051968955 -0.27515134 0.006008973
0.12353051 -0.9441376 0.0146101285
0.09519838 -0.6576421 0.01458576
0.07304367 -0.41528463 0.011292442
0.0520906 -0.25107732 0.0075219027
0.123653 -0.9528308 0.015894627
0.09553094 -0.6574213 0.015852565
0.07318101 -0.40441844 0.012683131
0.05217148 -0.22722436 0.009001516
0.123776376 -0.9610135 0.017147496
0.09584433 -0.65695274 0.01708383
0.07329535 -0.3935908 0.0140403565
0.052213658 -0.20362474 0.010447873
0.12390004 -0.96870285 0.018367015
0.09613735 -0.65624994 0.018279815
0.07338659 -0.38281807 0.015363477
0.052218907 -0.18030907 0.011860945
0.12402322 -0.97591466 0.019551769
0.09640913 -0.65532756 0.019440738
0.07345476 -0.3721168 0.016651848
0.05218889 -0.1573067 0.01324062
0.12414505 -0.982664 0.020700539
0.09665901 -0.65420115 0.020566704
0.07349995 -0.36150396 0.017904803
0.05212505 -0.13464592 0.014586668
0.124264576 -0.9889653 0.021812283
0.09688661 -0.6528869 0.02165771
0.07352229 -0.35099676 0.01912167
0.052028652 -0.11235426 0.015898738
0.1243808 -0.9948325 0.022886181
0.09709174 -0.65140134 0.022713725
0.07352205 -0.34061265 0.020301837
0.051900916 -0.090458624 0.0171764
0.12449272 -1.0002795 0.023921505
0.09727437 -0.6497614 0.023734588
0.07349951 -0.33036923 0.021444684
0.0517429 -0.06898557 0.0184191
0.12459933 -1.0053201 0.024917657
0.097434655 -0.647984 0.024720076
0.07345502 -0.32028428 0.022549622
0.051555622 -0.047961365 0.019626198
0.12469964 -1.0099676 0.02587421
0.09757283 -0.6460862 0.025669975
0.073389076 -0.31037563 0.023616152
0.05134016 -0.02741205 0.020797033
0.1247927 -1.0142359 0.026790768
0.09768928 -0.644085 0.026583958
0.073302165 -0.30066118 0.02464375
0.0510975 -0.00736346 0.021930844
0.1248776 -1.0181386 0.027667064
0.09778443 -0.64199704 0.02746172
0.073194884 -0.29115888 0.025631977
0.05082875 0.012158534 0.023026872
0.124953486 -1.0216899 0.028502917
0.0978588 -0.6398391 0.028302949
0.0730679 -0.2818867 0.026580438
0.050535075 0.031128336 0.024084352
0.12501957 -1.0249035 0.029298145
0.097912945 -0.63762766 0.029107258
0.07292192 -0.2728625 0.02748871
0.05021763 0.049520385 0.025102463
0.12507512 -1.027794 0.030052682
0.09794748 -0.6353788 0.029874325
0.07275771 -0.264104 0.028356463
0.04987772 0.067309365 0.02608044
0.12511949 -1.0303756 0.030766487
0.09796304 -0.6331085 0.03060381
0.07257615 -0.25562906 0.029183367
0.049516737 0.08447003 0.027017511
0.12515211 -1.032663 0.031439558
0.09796031 -0.63083255 0.03129539
0.072378114 -0.24745513 0.029969128
0.04913614 0.10097748 0.027912937
0.12517245 -1.0346707 0.03207193
0.09793998 -0.62856644 0.03194875
0.07216456 -0.23959966 0.030713463
0.04873749 0.116807036 0.028766003
0.12518013 -1.0364139 0.03266366
0.097902775 -0.6263253 0.032563604
0.0719365 -0.23207988 0.03141611
0.048322443 0.13193431 0.029576026
0.12517475 -1.0379075 0.033214837
0.09784944 -0.62412417 0.033139687
0.07169499 -0.2249128 0.032076832
0.04789275 0.14633536 0.030342368
0.12515606 -1.0391665 0.033725563
0.09778074 -0.62197775 0.03367675
0.071441144 -0.21811527 0.032695394
0.047450237 0.1599865 0.031064421
0.12512384 -1.0402063 0.034195997
0.097697444 -0.6199005 0.03417461
0.07117612 -0.21170382 0.03327161
0.04699685 0.1728646 0.03174165
0.12507796 -1.0410421 0.034626234
0.097600356 -0.6179067 0.034633026
0.0709011 -0.20569472 0.033805232
0.04653456 0.18494701 0.032373495
0.12501836 -1.0416894 0.035016462
0.09749029 -0.6160102 0.035051864
0.07061733 -0.20010403 0.0342961
0.046065457 0.19621156 0.032959502
0.12494502 -1.0421636 0.035366856
0.09736808 -0.61422485 0.035430986
0.07032611 -0.19494744 0.034744035
0.045591693 0.20663665 0.033499245
0.124858014 -1.0424801 0.03567761
0.09723456 -0.6125641 0.035770293
0.07002874 -0.19024035 0.03514888
0.045115486 0.21620129 0.03399233
0.12475747 -1.0426545 0.035948962
0.09709061 -0.6110412 0.03606973
0.06972659 -0.18599784 0.035510514
0.04463912 0.2248851 0.03443845
0.124643564 -1.0427023 0.03618108
0.09693711 -0.6096691 0.036329195
0.06942103 -0.18223463 0.03582876
0.044164915 0.23266836 0.034837257
0.12451653 -1.0426389 0.03637426
0.09677497 -0.60846066 0.03654872
0.06911351 -0.17896509 0.03610355
0.043695267 0.23953198 0.035188533
0.12437668 -1.0424799 0.03652872
0.0966051 -0.60742825 0.036728274
0.068805456 -0.17620325 0.036334757
0.0432326 0.24545759 0.03549204
0.12422434 -1.0422407 0.036644723
0.09642843 -0.60658425 0.03686787
0.06849835 -0.17396268 0.03652228
0.042779375 0.2504276 0.035747588
0.12405993 -1.0419368 0.036722593
0.09624592 -0.6059405 0.036967594
0.068193704 -0.17225665 0.0366661
0.042338107 0.25442505 0.035955075
0.1238839 -1.0415833 0.036762636
0.09605855 -0.6055089 0.037027534
0.06789303 -0.17109798 0.036766175
0.04191133 0.25743383 0.036114417
0.12369675 -1.0411958 0.036765125
0.095867276 -0.6053008 0.037047725
0.06759788 -0.17049909 0.036822427
0.0415016 0.25943854 0.036225494
0.12349902 -1.0407892 0.03673042
0.09567312 -0.6053273 0.037028313
0.067309804 -0.17047198 0.036834877
0.041111495 0.26042458 0.03628832
0.12329131 -1.040379 0.036658898
0.09547709 -0.6055995 0.03696946
0.067030385 -0.17102826 0.036803562
0.04074362 0.26037815 0.036302935
0.12307427 -1.0399802 0.036550913
0.09528019 -0.6061279 0.0368713
0.0667612 -0.17217907 0.036728494
0.040400576 0.2592862 0.036269367
0.122848585 -1.0396074 0.036406845
0.09508348 -0.606923 0.036733992
0.06650386 -0.17393516 0.03660973
0.040084984 0.2571366 0.0361877
0.12261497 -1.0392758 0.036227107
0.094888 -0.6079946 0.03655774
0.066259965 -0.17630683 0.036447357
0.039799467 0.25391796 0.036058076
0.122374214 -1.0389999 0.036012143
0.094694786 -0.60935277 0.036342774
0.06603111 -0.17930394 0.036241498
0.03954663 0.2496197 0.035880674
0.12212712 -1.0387943 0.035762373
0.0945049 -0.61100686 0.03608928
0.065818936 -0.18293592 0.03599226
0.039329108 0.24423215 0.035655674
0.12187456 -1.0386734 0.03547825
0.0943194 -0.61296606 0.035797495
0.06562504 -0.18721174 0.035699792
0.039149497 0.23774646 0.03538332
0.12161742 -1.0386515 0.035160266
0.09413935 -0.6152393 0.03546769
0.06545104 -0.19214 0.035364304
0.039010383 0.23015454 0.035063922
0.12135665 -1.0387424 0.034808885
0.093965806 -0.61783534 0.03510009
0.06529856 -0.19772875 0.03498597
0.038914356 0.2214493 0.034697764
0.12109323 -1.0389603 0.03442461
0.09379981 -0.62076235 0.034694962
0.06516919 -0.20398572 0.034565035
0.038863964 0.21162432 0.034285214
0.12082817 -1.0393188 0.034007944
0.09364241 -0.62402856 0.03425257
0.065064564 -0.21091814 0.034101747
0.038861748 0.20067416 0.03382667
0.12056253 -1.0398312 0.033559423
0.093494646 -0.6276418 0.033773214
0.06498626 -0.21853282 0.03359643
0.038910188 0.18859418 0.033322595
0.12029741 -1.0405107 0.03307956
0.09335753 -0.63160956 0.033257153
0.06493587 -0.22683607 0.03304939
0.03901177 0.17538063 0.03277347
0.12003394 -1.0413703 0.032568872
0.093232065 -0.6359393 0.032704655
0.06491499 -0.23583387 0.032460976
0.039168924 0.16103055 0.032179803
0.119773276 -1.0424225 0.032027893
0.09311923 -0.6406382 0.032116003
0.06492519 -0.24553168 0.031831596
0.039384045 0.14554182 0.031542186
0.11951663 -1.0436797 0.031457152
0.09301998 -0.6457131 0.031491477
0.06496801 -0.25593454 0.03116168
0.03965947 0.12891325 0.030861247
0.11926523 -1.0451541 0.030857133
0.092935234 -0.65117085 0.03083131
0.06504504 -0.267047 0.030451689
0.039997526 0.11114447 0.030137634
0.11902032 -1.0468571 0.030228343
0.0928659 -0.6570181 0.030135766
0.065157786 -0.2788733 0.029702146
0.040400445 0.09223577 0.029372074
0.11878319 -1.0488002 0.02957125
0.09281283 -0.66326153 0.029405074
0.06530779 -0.29141697 0.028913612
0.040870443 0.07218862 0.028565327
0.11855515 -1.0509943 0.028886296
0.09277684 -0.66990757 0.02863945
0.06549656 -0.3046814 0.028086703
0.041409653 0.051004913 0.027718209
0.11833751 -1.05345 0.02817388
0.09275871 -0.67696273 0.027839085
0.065725565 -0.31866923 0.027222088
0.042020176 0.028687635 0.026831578
0.118131615 -1.0561773 0.027434366
0.092759155 -0.68443346 0.027004156
0.06599628 -0.3333827 0.026320506
0.042704027 0.005240653 0.02590636
0.11793879 -1.059186 0.02666803
0.09277886 -0.69232655 0.02613478
0.06631017 -0.34882373 0.025382727
0.043463223 -0.019331705 0.024943495
0.11776037 -1.0624853 0.025875116
0.09281843 -0.70064867 0.025231078
0.06666862 -0.36499345 0.024409637
0.04429966 -0.045023784 0.023944013
0.11759769 -1.0660844 0.025055759
0.09287843 -0.70940685 0.02429311
0.06707304 -0.38189262 0.023402158
0.045215238 -0.07182931 0.022908967
0.11745206 -1.0699914 0.024210004
0.09295935 -0.7186083 0.023320904
0.06752475 -0.39952162 0.022361297
0.04621179 -0.09974126 0.021839464
0.11732478 -1.0742145 0.023337804
0.09306162 -0.72826076 0.02231446
0.06802507 -0.41788006 0.021288155
0.04729111 -0.12875141 0.020736674
0.11721709 -1.0787613 0.02243896
0.0931856 -0.7383723 0.021273723
0.06857524 -0.43696722 0.020183902
0.048454996 -0.15885071 0.019601798
0.11713022 -1.0836391 0.021513155
0.09333159 -0.74895173 0.020198613
0.06917646 -0.45678183 0.019049793
0.049705207 -0.19002919 0.018436098
0.11706535 -1.0888549 0.020559918
0.093499824 -0.76000816 0.01908904
0.069829844 -0.47732192 0.017887197
0.051043496 -0.22227526 0.017240912
0.11702359 -1.0944153 0.019578615
0.09369049 -0.7715518 0.017944887
0.07053645 -0.49858537 0.016697556
0.052471623 -0.25557667 0.016017618
0.11700604 -1.1003269 0.018568413
0.09390376 -0.78359336 0.016766055
0.071297266 -0.5205691 0.015482407
0.053991396 -0.28991914 0.014767683
0.11701372 -1.1065956 0.017528316
0.094139755 -0.7961447 0.015552482
0.07211316 -0.54327 0.014243404
0.055604607 -0.3252872 0.013492678
0.11704764 -1.113228 0.016457098
0.094398655 -0.8092185 0.014304181
0.07298493 -0.5666842 0.01298229
0.05731309 -0.36166343 0.012194285
0.11710875 -1.1202296 0.015353344
0.09468066 -0.82282835 0.013021306
0.07391326 -0.5908075 0.011700945
0.059118636 -0.39902818 0.010874364
0.117198 -1.1276065 0.014215401
0.09498611 -0.8369887 0.0117041925
0.07489874 -0.6156352 0.010401367
0.061023016 -0.43735963 0.00953496
0.117316365 -1.1353648 0.013041366
0.09531548 -0.8517149 0.010353425
0.07594189 -0.64116263 0.009085689
0.06302791 -0.47663397 0.008178357
0.1174648 -1.1435099 0.011829099
0.09566943 -0.86702263 0.008969983
0.077043064 -0.667384 0.0077562574
0.065134734 -0.51682365 0.0068071675
0.11764433 -1.1520473 0.010576115
0.09604894 -0.8829277 0.007555279
0.078202635 -0.69429374 0.006415597
0.06734469 -0.55789906 0.005424288
0.11785595 -1.1609824 0.009279523
0.09645515 -0.8994463 0.006111355
0.07942083 -0.7218864 0.0050664973
0.069658406 -0.5998287 0.004032917
0.11810058 -1.1703196 0.0079359
0.096889526 -0.9165931 0.004641103
0.08069794 -0.75015473 0.0037120904
0.07207604 -0.6425769 0.002636495
0.11837878 -1.1800624 0.006540471
0.097353645 -0.9343821 0.003148601
0.082034215 -0.7790928 0.0023558866
0.074596904 -0.6861077 0.0012384378
0.11869007 -1.1902128 0.0050872657
0.09784916 -0.95282525 0.001639714
0.08343009 -0.80869335 0.0010018203
0.077219605 -0.7303831 -0.0001582689
0.11903127 -1.2007695 0.0035631987
0.09837767 -0.9719328 0.00012329081
0.08488618 -0.83894926 -0.00034557254
0.07994192 -0.77536494 -0.0015515808
0.11939351 -1.2117265 0.0019531471
0.09894053 -0.99171203 -0.001387116
0.08640337 -0.86985284 -0.0016814987
0.082760915 -0.82101476 -0.002941673
0.11974962 -1.2230632 0.00019377726
0.09953958 -1.0121685 -0.0028703783
0.087983415 -0.90139586 -0.003000333
0.08567379 -0.86729455 -0.0043314523
0.12004871 -1.2347541 -0.0017610939
0.10017719 -1.0333037 -0.0042949747
0.08962788 -0.93357146 -0.004297248
0.08867706 -0.914169 -0.0057290765
0.12007422 -1.246609 -0.004392199
0.10085929 -1.0551233 -0.0056208293
0.09134155 -0.96637535 -0.0055663534
0.091771625 -0.9616113 -0.007146465
0.12474942 -0.8575772 -0.0047774576
0.122653134 -0.8439593 -0.0042311554
0.12384885 -0.90860605 -0.00096424134
0.12590489 -0.9804178 0.002366221
0.12639207 -0.9297967 0.0043813647
0.12714967 -0.9964022 0.007200372
0.12896916 -1.0698037 0.010296578
0.13176931 -1.1502284 0.013445073
0.12895983 -1.048929 0.014870715
0.13125633 -1.1238704 0.017482052
0.13415268 -1.2038736 0.020073537
0.1292696 -1.0735029 0.021310505
0.13219613 -1.1490273 0.023440588
0.13532446 -1.2280315 0.025500027
0.13873695 -1.3098722 0.027416777
0.13199422 -1.1518753 0.028198838
0.13532965 -1.2295866 0.029772336
0.13866352 -1.3090135 0.031197442
0.13090591 -1.1379378 0.031846534
0.1343832 -1.2142878 0.03296091
0.13769439 -1.2914984 0.033932213
0.14082612 -1.3690711 0.034742568
0.13267168 -1.186991 0.035123423
0.13595635 -1.2622404 0.035664067
0.13895024 -1.3372287 0.036049657
0.13035186 -1.1519644 0.03630731
0.1335998 -1.2255602 0.036432963
0.13648517 -1.2983947 0.03641638
0.13894415 -1.37014 0.036247816
0.13077529 -1.185364 0.03628136
0.13356781 -1.2565157 0.035884924
0.13588426 -1.3262662 0.035346232
0.12764667 -1.1452099 0.035256885
0.1303661 -1.2151939 0.034506377
0.13256255 -1.2836117 0.033629213
0.13413952 -1.3503388 0.032615606
0.1270736 -1.1776577 0.03233962
0.12919362 -1.2454659 0.031162214
0.13066246 -1.3117146 0.029861096
0.12390981 -1.1466719 0.02944457
0.12601587 -1.2146224 0.028013017
0.12743661 -1.2813927 0.02647365
0.12804092 -1.3471731 0.024809966
0.123282224 -1.1932106 0.02423097
0.12478036 -1.2614907 0.022504447
0.12545748 -1.3296217 0.020654818
0.12121976 -1.1825688 0.019801436
0.12294722 -1.2531683 0.01791635
0.12399148 -1.3247025 0.015871799
0.124149345 -1.3973151 0.013606715
0.12198728 -1.2568238 0.012479095
0.12372643 -1.3323009 0.01001075
0.12545438 -1.408615 0.006994652
0.12165692 -1.2731512 0.005765972
0.124197975 -1.3531492 0.0020584562
0.12848233 -1.4299109 -0.0027645591
0.12888697 -1.390522 -0.013193111
0.15364921 -1.7127631 -0.026289197
0.18675561 -2.0527205 -0.042393785
0.13683751 -1.5042089 -0.015302784
0.16351259 -1.8222175 -0.032012857
0.19828245 -2.156084 -0.046634782
0.14514524 -1.6125191 -0.020569338
0.17362833 -1.9267938 -0.03735139
0.13032573 -1.4258709 -0.012784144
0.15379542 -1.7161833 -0.026259439
0.18397099 -2.0266938 -0.04213435
0.13842475 -1.5295432 -0.01592382
0.16269432 -1.8153495 -0.031902056
0.19450593 -2.1218708 -0.046322852
0.14608401 -1.6269665 -0.020774737
0.17182253 -1.910329 -0.037205815
0.13212052 -1.4585798 -0.011955391
0.15388931 -1.7199316 -0.026263073
0.1811765 -2.0014274 -0.04195963
0.13976492 -1.5533763 -0.016306218
0.16188103 -1.8088583 -0.031835955
0.19076215 -2.0887015 -0.046087533
0.14692864 -1.6410524 -0.020954324
0.17005616 -1.8942341 -0.037122335
0.13404706 -1.490562 -0.01130956
0.1540235 -1.723743 -0.02627803
0.17844538 -1.976591 -0.041866895
0.14109254 -1.5764159 -0.016429193
0.16116832 -1.8024979 -0.031803768
0.18710124 -2.056225 -0.045949474
0.14781615 -1.6547755 -0.021026587
0.16841759 -1.8782502 -0.037091974
0.13591157 -1.5224195 -0.010914496
0.15431134 -1.7274485 -0.02627231
0.17584664 -1.9518695 -0.041848548
0.14263338 -1.5992182 -0.016351108
0.16069724 -1.7960691 -0.031794917
0.18358013 -2.024014 -0.04592427
-0.042603996 -2.543972 -0.17780775
0.03030833 -1.7994405 -0.1616369
0.09344749 -1.030456 -0.1301389
-0.016938543 -2.306732 -0.17419733
0.05330395 -1.5547503 -0.15489373
-0.07174555 -2.821149 -0.18224652
0.008092834 -2.066587 -0.1697988
0.076423645 -1.3027838 -0.14681232
-0.044191413 -2.5821862 -0.17949405
0.03261341 -1.8223648 -0.16448826
0.09945386 -1.0398505 -0.13593267
-0.017428325 -2.3414369 -0.17613484
0.0567479 -1.5728699 -0.15809771
-0.07467986 -2.863898 -0.18369937
0.008697806 -2.097565 -0.17204243
0.08058369 -1.3167651 -0.15029684
-0.046208274 -2.6222818 -0.1810212
0.034293946 -1.8493525 -0.16708314
0.1036772 -1.0533587 -0.14026879
-0.018495277 -2.3787246 -0.17786404
0.05940222 -1.5957221 -0.16108537
-0.0779638 -2.907531 -0.18518157
0.008616718 -2.1318078 -0.17404912
0.08391538 -1.335933 -0.15373723
-0.048738386 -2.6639857 -0.18240897
0.03521922 -1.8802708 -0.16942832
0.10731586 -1.0705966 -0.14441799
-0.020210084 -2.418374 -0.17940368
0.0613068 -1.6230748 -0.16384171
0.12853634 -0.80418116 -0.13320917
0.0077757244 -2.1691294 -0.17584123
0.08667948 -1.3597171 -0.15703875
-0.05181637 -2.7070389 -0.18369846
0.035284933 -1.9149526 -0.17154837
0.11074125 -1.0912564 -0.14853561
-0.0226807 -2.4601548 -0.1807886
0.062264923 -1.654776 -0.16637525
0.13239303 -0.82204765 -0.13791116
0.035701163 -1.6764388 -0.15220506
-0.029669134 -2.3904269 -0.17164758
-0.10953422 -3.1193802 -0.18031387
0.01584869 -1.904936 -0.15852197
-0.053410638 -2.6169076 -0.17500326
0.05456509 -1.4348719 -0.13872
-0.005109405 -2.1301405 -0.16394262
-0.078072645 -2.8419864 -0.17741562
0.03598244 -1.6585753 -0.1475619
-0.026916591 -2.3527431 -0.16850814
-0.10368784 -3.0658498 -0.17837463
0.016800705 -1.8792694 -0.15448715
-0.04958242 -2.5734713 -0.17222713
0.05597339 -1.4165 -0.13247414
-0.0031493236 -2.0976312 -0.1603392
-0.07315929 -2.7927997 -0.17501631
0.036853492 -1.6369792 -0.14244011
-0.023965182 -2.314032 -0.16528985
-0.09766526 -3.010845 -0.17655937
0.018130412 -1.8516856 -0.15021554
-0.045639575 -2.5288491 -0.16938034
0.057643164 -1.3886179 -0.12998952
-0.0010634653 -2.063754 -0.15661144
-0.06819776 -2.742365 -0.17257145
0.038527768 -1.6084217 -0.13786653
-0.020985376 -2.274079 -0.1619805
-0.091657735 -2.9546037 -0.17467709
0.019916143 -1.820133 -0.14591286
-0.041724212 -2.4830248 -0.16645081
-0.11600333 -3.165385 -0.17512712
0.001215147 -2.0274823 -0.1527818
-0.06331738 -2.6907551 -0.17004305
0.04028986 -1.5740991 -0.13480094
-0.017984353 -2.232441 -0.15857823
-0.08578301 -2.8972518 -0.17266765
0.0220357 -1.7837561 -0.14210965
-0.03788369 -2.435831 -0.16343433
-0.10911582 -3.1023402 -0.17400914
0.00372345 -1.9878765 -0.14906609
-0.058575664 -2.637955 -0.16741842
0.041735232 -1.5366423 -0.13327938
-0.014911988 -2.1885245 -0.15516117
-0.08009899 -2.838831 -0.17051555
0.024146553 -1.74358 -0.13914047
-0.034098137 -2.3869834 -0.1603606
-0.10246159 -3.03833 -0.17256667
0.0063331923 -1.9448813 -0.14573881
-0.0539767 -2.583855 -0.1647092
-0.1256653 -3.236274 -0.17317417
-0.011782596 -2.1420083 -0.151889
-0.07462126 -2.7793343 -0.16823035
0.026025612 -1.7011878 -0.13703135
-0.030348998 -2.3362145 -0.15731148
-0.09606146 -2.9733841 -0.17086302
0.008847345 -1.8993262 -0.14294799
-0.049504407 -2.5283208 -0.16195871
-0.11830924 -3.16589 -0.17239755
-0.008695538 -2.0931206 -0.14891408
-0.06934287 -2.7187164 -0.16584328
0.027601706 -1.657863 -0.13561286
-0.02666719 -2.2835195 -0.15439808
-0.08991615 -2.9075222 -0.16895434
0.011127887 -1.8522916 -0.14070815
-0.045158956 -2.4712973 -0.15923926
-0.11125093 -3.0947099 -0.17119855
-0.00577591 -2.0425456 -0.14631474
-0.0642563 -2.6569645 -0.16340637
-0.1333742 -3.2802222 -0.17244287
-0.023127273 -2.2292237 -0.15171286
-0.08401984 -2.8407662 -0.16689971
0.013103463 -1.8047343 -0.13895592
-0.040973365 -2.4129355 -0.15663084
-0.104488105 -3.022794 -0.16969067
-0.0031161685 -1.9910874 -0.1441018
-0.059371028 -2.5941534 -0.1609847
-0.12569278 -3.2030554 -0.17171109
-0.019813774 -2.173906 -0.14930429
-0.07837275 -2.7731955 -0.16476348
0.014725052 -1.7573617 -0.13757491
-0.03700404 -2.353587 -0.15419619
-0.098019466 -2.9502285 -0.1679685
-0.0007761048 -1.9394897 -0.14224562
-0.05471758 -2.5305111 -0.1586417
-0.118345946 -3.1253438 -0.1705895
-0.016792208 -2.1181986 -0.14718246
-0.07298872 -2.704966 -0.16261058
0.016003259 -1.7106928 -0.13641928
-0.03331066 -2.2937496 -0.15197042
-0.09185089 -2.877163 -0.16611426
0.0012109336 -1.8883296 -0.14068916
-0.050339155 -2.4663868 -0.15642628
-0.11133644 -3.0472333 -0.16917683
-0.014108785 -2.0626976 -0.14533314
-0.06789473 -2.6363451 -0.1604986
-0.13148226 -3.2152784 -0.17185795
-0.029941054 -2.2339396 -0.14996488
-0.08599801 -2.8038065 -0.16419958
0.0028388707 -1.8380553 -0.13935378
-0.04627921 -2.402216 -0.15436852
-0.104673505 -2.968929 -0.1675726
-0.011787051 -2.0078776 -0.14372501
-0.06312426 -2.5676677 -0.1584719
-0.12395223 -3.1318336 -0.17069598
-0.026929291 -2.1746452 -0.14817463
-0.08048412 -2.7304435 -0.16228369
0.004087829 -1.7889736 -0.13814989
-0.042572822 -2.3384297 -0.15248238
-0.098372795 -2.8906744 -0.16585796
-0.0098375445 -1.9541199 -0.14231217
-0.058709394 -2.4993188 -0.1565603
-0.11681287 -3.0484965 -0.16928807
-0.024292294 -2.1162581 -0.14658284
-0.07533522 -2.6573923 -0.16041212
-0.13583767 -3.2040231 -0.17274079
-0.039244186 -2.275433 -0.15076993
-0.09245388 -2.8127592 -0.1640976
-0.008265205 -1.9016844 -0.1410366
-0.054675456 -2.4316633 -0.15478134
-0.11007853 -2.965533 -0.16772121
-0.02203839 -2.0590992 -0.14516214
-0.07057477 -2.584993 -0.1586174
-0.12823421 -3.1158412 -0.17144641
-0.036304824 -2.2135506 -0.14922443
-0.08693645 -2.7354805 -0.16234133
-0.0070484453 -1.8507576 -0.13983306
-0.051038682 -2.3650389 -0.15314318
-0.103764735 -2.883229 -0.16606547
-0.020164102 -2.0033815 -0.1438749
-0.06622016 -2.5135553 -0.15692131
-0.12107641 -3.0283513 -0.16995771
-0.033758365 -2.1530454 -0.14783117
-0.08183675 -2.6591375 -0.16062598
-0.13890089 -3.1709595 -0.17429318
-0.047805496 -2.299711 -0.15164684
-0.0978852 -2.8018556 -0.16437551
-0.018655675 -1.9492563 -0.1426742
-0.0622809 -2.4433584 -0.15533736
-0.114375174 -2.9418268 -0.16834228
-0.0315968 -2.0940886 -0.1465676
-0.07716518 -2.5839882 -0.15897782
-0.13133003 -3.0791605 -0.1727682
-0.04497453 -2.2358913 -0.15028733
-0.092449345 -2.7216687 -0.16269283
-0.017504945 -1.8967823 -0.1415047
-0.058758456 -2.3746128 -0.15387283
-0.10813789 -2.8565066 -0.16665852
-0.029807147 -2.0367935 -0.14540277
-0.072925135 -2.5102546 -0.15741497
-0.124249876 -2.9886317 -0.17111568
-0.042534705 -2.173708 -0.14905396
-0.0874607 -2.6428723 -0.16104797
-0.016668394 -1.8459637 -0.14030266
-0.05564678 -2.3074791 -0.1525301
-0.10236674 -2.7725968 -0.16495214
-0.02836987 -1.9811871 -0.14429647
-0.069112904 -2.438092 -0.15594941
-0.11766077 -2.8995714 -0.16936655
-0.040470425 -2.113237 -0.14793009
-0.08291629 -2.5656283 -0.15946275
-0.13337128 -3.0239055 -0.17460555
-0.05293202 -2.2420428 -0.15130742
-0.09705769 -2.6902423 -0.16325763
-0.027250633 -1.9272441 -0.14319663
-0.065718025 -2.3676076 -0.15458857
-0.11155667 -2.8121297 -0.16757049
-0.038756218 -2.0544736 -0.14689235
-0.07880668 -2.4900305 -0.15795232
-0.12644412 -2.9314263 -0.1727083
-0.050595075 -2.1783404 -0.15019937
-0.0922003 -2.6095364 -0.16159996
-0.02643184 -1.8748546 -0.14203437
-0.06272352 -2.2988374 -0.15333638
-0.105924726 -2.7263832 -0.16576658
-0.03736053 -1.9973637 -0.14590827
-0.07511631 -2.4161224 -0.15652674
-0.12001814 -2.8407714 -0.17074572
-0.048607748 -2.116334 -0.14919715
-0.0877779 -2.5305004 -0.15999638
-0.13451472 -2.9527397 -0.17692614
-0.060106993 -2.231772 -0.15219419
-0.100745395 -2.6423485 -0.1639838
-0.03624906 -1.9417691 -0.1449302
-0.07182403 -2.343879 -0.15519223
-0.11407058 -2.751944 -0.16876392
-0.046937745 -2.0559406 -0.14828858
-0.08376794 -2.453101 -0.15845789
-0.1277954 -2.859371 -0.17469922
-0.057838988 -2.1663332 -0.1511616
-0.09599269 -2.559966 -0.1622421
-0.035360117 -1.8874855 -0.14388055
-0.06890356 -2.2732267 -0.15395181
-0.10857156 -2.664881 -0.16679953
-0.04554228 -1.996996 -0.147457
-0.08014236 -2.3772335 -0.1569906
-0.12155982 -2.7679713 -0.17245156
-0.055886112 -2.1023998 -0.15023766
-0.09163444 -2.4791174 -0.16055402
-0.1349774 -2.8690977 -0.17969571
-0.06632331 -2.2040255 -0.15280588
-0.10348456 -2.5794425 -0.16487853
-0.044364378 -1.9392737 -0.146676
-0.0768675 -2.3027382 -0.15559626
-0.11576778 -2.6783996 -0.17023097
-0.054204814 -2.039778 -0.14942345
-0.087632075 -2.3996108 -0.1589265
-0.12850583 -2.7758265 -0.17703047
-0.06404814 -2.1360846 -0.1517523
-0.0987667 -2.4954324 -0.16301766
-0.043343827 -1.8824316 -0.14588751
-0.07390415 -2.2293775 -0.1542722
-0.110372566 -2.5904462 -0.16807625
-0.052744884 -1.9782166 -0.14872727
-0.083940014 -2.321193 -0.15736239
-0.12247447 -2.6844594 -0.17443264
-0.062036693 -2.0691364 -0.15078646
-0.09436842 -2.412589 -0.16122721
-0.042355493 -1.8259698 -0.14491515
-0.071207486 -2.1568422 -0.15301037
-0.10532165 -2.5038567 -0.16601114
-0.051441632 -1.9173625 -0.14817692
-0.08050474 -2.243529 -0.15586202
-0.116826475 -2.5947278 -0.17194553
-0.06024761 -2.0028408 -0.14990191
-0.09023308 -2.3305998 -0.1595146
-0.1288394 -2.6847036 -0.17953621
-0.06872512 -2.084715 -0.15179516
-0.10055679 -2.4183314 -0.16404802
-0.05018498 -1.8567166 -0.14784531
-0.07726359 -2.1662035 -0.15442507
-0.11149852 -2.5063355 -0.16960591
-0.058633585 -1.9367373 -0.14909239
-0.08629717 -2.249091 -0.15788828
-0.12300091 -2.5939975 -0.17653292
-0.066400394 -2.0124424 -0.1505997
-0.09601405 -2.3335402 -0.16219367
-0.048823863 -1.7954756 -0.14785495
-0.07414242 -2.088696 -0.15305421
-0.106420875 -2.418965 -0.16742271
-0.057147216 -1.8701762 -0.1483613
-0.082491204 -2.1676407 -0.15636185
-0.117445074 -2.5046103 -0.1737855
-0.06414713 -1.9392494 -0.14938128
-0.09162575 -2.249126 -0.16045512
-0.1289814 -2.5898037 -0.18185106
-0.07106659 -2.0103843 -0.15176362
-0.10151646 -2.3322916 -0.16538906
-0.055784117 -1.8021173 -0.14776552
-0.07874787 -2.0857875 -0.15495928
-0.112075426 -2.416215 -0.1712946
-0.061916616 -1.86399 -0.14808537
-0.08731682 -2.1647246 -0.15884405
-0.123192385 -2.5001411 -0.17844948
-0.06788698 -1.930544 -0.15059815
-0.096700706 -2.2459843 -0.16349395
-0.053951044 -1.7300467 -0.14773206
-0.074987665 -2.0030982 -0.15372406
-0.10678142 -2.3285086 -0.16901657
-0.05905553 -1.7848988 -0.14671575
-0.08304203 -2.0799704 -0.15738213
-0.11745085 -2.411406 -0.17553078
0.14170375 -1.5803607 -0.020455707
0.17751482 -1.9678185 -0.037997525
0.120777935 -1.3100808 -0.012802733
0.15258917 -1.7084532 -0.026624145
0.19205701 -2.1073027 -0.043168973
0.12931542 -1.436166 -0.01516302
0.16502348 -1.844264 -0.03269932
0.20813125 -2.2528927 -0.047773812
0.13995239 -1.5687339 -0.020838719
0.17905885 -1.9872311 -0.03844639
0.118247725 -1.2816297 -0.012580422
0.15198345 -1.7082264 -0.027037552
0.1946804 -2.1367404 -0.043697316
0.12716946 -1.4159544 -0.016026681
0.16553143 -1.8548317 -0.033183
0.2118527 -2.2922556 -0.048326164
0.1385603 -1.5593413 -0.021461004
0.18066229 -2.0082393 -0.039007716
0.116157494 -1.2579615 -0.012137058
0.15158619 -1.7098134 -0.02760983
0.19738597 -2.1680028 -0.044320002
0.12561224 -1.3999232 -0.016761579
0.16618572 -1.8671587 -0.03379086
0.215689 -2.3337102 -0.04895325
0.13757797 -1.5527701 -0.022198498
0.18239546 -2.0311162 -0.03967481
0.11429018 -1.237528 -0.011754195
0.15145192 -1.7136303 -0.028306732
0.20023057 -2.2013316 -0.045032896
0.12439387 -1.3874601 -0.01729103
0.16703637 -1.881567 -0.034508504
0.21968846 -2.3774626 -0.049657162
0.13695054 -1.5492144 -0.022943383
0.18430415 -2.0561345 -0.04043896
0.11259318 -1.2196475 -0.011461203
0.15159784 -1.7199867 -0.029082945
0.20325565 -2.2369623 -0.045831643
0.12339982 -1.3779768 -0.017670482
0.16811506 -1.8983403 -0.035316374
0.22388774 -2.4237182 -0.05043922
0.1366083 -1.5485938 -0.023643726
0.186422 -2.083544 -0.04128985
0.111042604 -1.2039309 -0.011242468
0.15201697 -1.7290478 -0.029896352
0.20649341 -2.2751164 -0.0467113
0.12258197 -1.3710583 -0.017962987
0.16944036 -1.917699 -0.036191624
0.22831625 -2.472676 -0.051299475
0.13650031 -1.5507336 -0.024290154
0.18877459 -2.1135623 -0.04221512
0.10962407 -1.190124 -0.011082786
0.15269215 -1.7408636 -0.030718727
0.20997018 -2.315997 -0.04766561
0.1219191 -1.3664274 -0.018212717
0.1710202 -1.9397929 -0.037112553
0.23299909 -2.524526 -0.052236263
0.1365959 -1.55546 -0.024892319
0.19138056 -2.1463668 -0.04320121
0.108329125 -1.178054 -0.010972312
0.1536065 -1.7554168 -0.03153634
0.21370785 -2.3597825 -0.0486868
0.121401645 -1.3638983 -0.018447373
0.17285605 -1.9647098 -0.03806215
0.23795843 -2.579443 -0.053245947
0.13687868 -1.5626312 -0.025464749
0.1942528 -2.1820927 -0.044234905
0.10715355 -1.1676003 -0.010905115
0.15474781 -1.7726628 -0.032345504
0.21772434 -2.406624 -0.049765922
0.121026225 -1.3633469 -0.018684022
0.17494701 -1.992493 -0.03902909
0.24321392 -2.637583 -0.054322917
0.13734126 -1.5721431 -0.026021108
0.1974002 -2.2208352 -0.04530464
0.10609651 -1.158682 -0.010877654
0.15610936 -1.7925534 -0.03314793
0.22203414 -2.4566417 -0.05089353
0.12079339 -1.364692 -0.018933358
0.17729253 -2.0231588 -0.040006943
0.24878263 -2.699077 -0.05545981
0.1379822 -1.5839232 -0.026572645
0.2008294 -2.262658 -0.046401106
0.10515983 -1.1512464 -0.010887797
0.15768924 -1.8150482 -0.03394763
0.22664912 -2.509925 -0.052060205
0.120706566 -1.3678839 -0.019202288
0.17989379 -2.056709 -0.040992692
0.2546792 -2.764027 -0.05664782
0.13880415 -1.5979265 -0.027128208
0.20454635 -2.3075995 -0.047517136
0.10434758 -1.1452639 -0.010934252
0.1594896 -1.8401183 -0.03474921
0.23157923 -2.5665345 -0.0532569
0.120771475 -1.3728973 -0.019495463
0.18275431 -2.0931404 -0.041985393
0.26091594 -2.832504 -0.057876978
0.13981275 -1.6141303 -0.027694706
0.2085573 -2.3556798 -0.04864725
0.103665695 -1.1407229 -0.0110162385
0.16151577 -1.867748 -0.03555713
0.23683332 -2.6265044 -0.054474976
0.12099581 -1.3797263 -0.019816179
0.18587993 -2.1324492 -0.042985167
0.26750305 -2.9045446 -0.0591364
0.14101616 -1.6325297 -0.0282776
0.21286935 -2.406905 -0.04978707
0.10312175 -1.1376269 -0.011133278
0.16377586 -1.8979341 -0.036375407
0.24241965 -2.6898434 -0.055706084
0.12138894 -1.3883811 -0.020166934
0.18927877 -2.1746333 -0.043992564
0.27444893 -2.9801505 -0.060414426
0.14242463 -1.6531365 -0.028881347
0.21749082 -2.4612713 -0.05093278
0.10272465 -1.135992 -0.011285076
0.16628034 -1.930685 -0.037207592
0.24834624 -2.7565374 -0.056941908
0.12196179 -1.3988866 -0.020549763
0.19296116 -2.2196937 -0.04500815
0.28176025 -3.059286 -0.061698645
0.14405033 -1.6759765 -0.029509718
0.22243133 -2.5187652 -0.052080676
0.10248451 -1.1358454 -0.011471423
0.16904192 -1.9660203 -0.038056802
0.25462112 -2.8265486 -0.058173906
0.12272668 -1.4112799 -0.020966468
0.19693944 -2.2676344 -0.04603229
0.28944197 -3.14188 -0.06297595
0.14590724 -1.7010884 -0.030166078
0.2277018 -2.5793645 -0.053226814
0.102412395 -1.1372235 -0.011692135
0.17207535 -2.0039694 -0.03892578
0.26125222 -2.8998165 -0.059393056
0.12369726 -1.4256103 -0.021418782
0.201228 -2.3184621 -0.04706493
0.29749754 -3.227821 -0.06423248
0.14801109 -1.7285241 -0.030853575
0.23331444 -2.6430373 -0.05436668
0.102520175 -1.1401706 -0.011946986
0.17539753 -2.0445716 -0.039816946
0.2682475 -2.9762561 -0.060589623
0.124888405 -1.4419388 -0.021908468
0.20584317 -2.3721848 -0.048105422
0.3059285 -3.3169608 -0.065453716
0.15037943 -1.7583477 -0.031575292
0.23928253 -2.7097402 -0.05549488
0.10282027 -1.1447383 -0.012235662
0.17902754 -2.0878747 -0.04073234
0.27561444 -3.0557568 -0.06175296
0.12631617 -1.4603374 -0.022437438
0.2108032 -2.428809 -0.049152244
0.31473452 -3.4091103 -0.066624485
0.15303172 -1.7906362 -0.032334335
0.24562019 -2.7794151 -0.05660478
0.103325464 -1.1509846 -0.0125576975
0.18298674 -2.1339345 -0.041673496
0.28335983 -3.1381798 -0.062871374
0.12799779 -1.4808905 -0.023007834
0.21612819 -2.4883385 -0.050202575
0.3239129 -3.504043 -0.06772923
0.15598945 -1.8254794 -0.033133857
0.252342 -2.8519864 -0.057688132
0.10404861 -1.1589726 -0.0129124215
0.18729891 -2.1828132 -0.042641103
0.29148903 -3.223355 -0.06393211
0.12995161 -1.5036948 -0.023622133
0.22183986 -2.5507684 -0.051251687
0.33345845 -3.601494 -0.06875228
0.15927641 -1.8629801 -0.03397695
0.25946212 -2.9273539 -0.058734655
0.105002366 -1.1687698 -0.0132989045
0.19199042 -2.2345757 -0.043634348
0.30000535 -3.3110802 -0.0649215
0.13219723 -1.5288601 -0.024283255
0.22796105 -2.6160793 -0.052292064
0.34336308 -3.701163 -0.069678366
0.16291912 -1.9032543 -0.034866314
0.26699343 -3.0053873 -0.05973173
0.10619878 -1.1804482 -0.013715911
0.19709037 -2.2892847 -0.044649776
0.308909 -3.4011166 -0.06582544
0.13475572 -1.5565116 -0.024994655
0.2345148 -2.6842265 -0.053312276
0.35361543 -3.802719 -0.070493266
0.16694745 -1.9464282 -0.035803456
0.27494588 -3.085919 -0.06066438
0.107649066 -1.1940827 -0.014161878
0.20263039 -2.3469896 -0.045679364
0.318196 -3.4931915 -0.06663024
0.1376502 -1.5867913 -0.025760397
0.24152255 -2.7551262 -0.054295726
0.3642009 -3.905807 -0.07118457
0.17139572 -1.9926347 -0.03678698
0.2833242 -3.1687353 -0.06151585
0.1093633 -1.2097521 -0.014634979
0.20864393 -2.40771 -0.04670755
0.32785726 -3.586999 -0.06732389
0.14090721 -1.6198598 -0.026584953
0.24900112 -2.8286388 -0.055219788
0.37510124 -4.010056 -0.07174248
0.17630416 -2.0420005 -0.03780909
0.29212558 -3.2535748 -0.06226905
0.1113507 -1.2275398 -0.015133325
0.21516412 -2.4714081 -0.04770715
0.33787748 -3.6822085 -0.06789758
0.14455962 -1.6558987 -0.027472235
0.2569581 -2.90455 -0.056056164
0.38629404 -4.11509 -0.0721606
0.18172131 -2.0946221 -0.03884872
0.30133682 -3.3401313 -0.062908955
0.11362083 -1.247536 -0.01565554
0.22221902 -2.5379465 -0.048635073
0.3482339 -3.778478 -0.068346895
0.1486532 -1.6951082 -0.028422091
0.26538584 -2.9825587 -0.056773677
0.39775047 -4.220541 -0.072436444
0.18770592 -2.1505127 -0.039859157
0.310932 -3.4280653 -0.06342523
0.11618791 -1.269846 -0.01620199
0.22982205 -2.6070375 -0.049430706
0.35889342 -3.8754685 -0.06867232
0.15326056 -1.7376919 -0.029419169
0.27425528 -3.0622802 -0.057343904
0.4094297 -4.326061 -0.07257199
0.19432539 -2.2095058 -0.040749114
0.32086918 -3.517031 -0.063813545
0.11908289 -1.294604 -0.016777039
0.23795678 -2.6782017 -0.05002282
0.36980578 -3.9728658 -0.0688785
0.15851074 -1.783797 -0.030399859
0.28351045 -3.1432803 -0.057747293
0.4212682 -4.431336 -0.07257416
0.20163918 -2.2710905 -0.0413652
0.3310817 -3.606705 -0.064073965
0.122390546 -1.3220057 -0.017390449
0.24655709 -2.75078 -0.050349005
0.3808884 -4.0703998 -0.06897299
0.16464616 -1.8333118 -0.031162724
0.29305533 -3.2251353 -0.057973944
0.43316284 -4.5361037 -0.07245589
0.20964049 -2.3342354 -0.04150776
0.34145197 -3.6968205 -0.06420736
0.12637894 -1.3523735 -0.018036226
0.2554697 -2.8240628 -0.050375614
0.39200184 -4.1678677 -0.06896734
0.17208824 -1.8852441 -0.031178897
0.30269435 -3.3075068 -0.058018215
0.44496027 -4.640169 -0.07223961
0.21807736 -2.3974679 -0.041016825
0.3517575 -3.7871954 -0.0642197
0.13216959 -1.3864274 -0.018391134
0.26426685 -2.897521 -0.050097864
0.4029398 -4.2651587 -0.06888675
0.18089181 -1.9363741 -0.029465731
0.31198698 -3.3902082 -0.05790002
0.45649278 -4.743421 -0.07196673
0.14456543 -1.5397766 -0.014247618
0.14866334 -1.7033293 -0.016254934
0.16246226 -1.8248029 -0.019463426
0.17611647 -1.9283191 -0.023296596
0.18712886 -2.0131047 -0.027352165
0.19942081 -2.2338297 -0.028506612
0.20962012 -2.3160312 -0.031836625
0.21788305 -2.3831966 -0.035136864
0.23789878 -2.6398368 -0.036748458
0.24520306 -2.7033212 -0.039535575
0.2512324 -2.754786 -0.04227683
0.25563604 -2.795444 -0.044929087
0.28225502 -3.0886734 -0.046275634
0.28645828 -3.1265585 -0.048596673
0.28956953 -3.155506 -0.050846126
0.32028854 -3.4713962 -0.052117374
0.32305902 -3.4977155 -0.054100227
0.32505485 -3.5165164 -0.056015268
0.32618392 -3.5283492 -0.057847586
0.36076796 -3.8680878 -0.058841415
0.36186096 -3.878134 -0.060463235
0.36229092 -3.88216 -0.062007867
0.39949033 -4.237852 -0.06287073
0.3998644 -4.240328 -0.06422243
0.39971358 -4.237553 -0.06549901
0.3990153 -4.2298217 -0.06669584
0.4390171 -4.6032023 -0.0673155
0.43839464 -4.594506 -0.068332486
0.43732736 -4.5814514 -0.0692728
0.47931656 -4.9668827 -0.06974999
0.47830456 -4.9530506 -0.070505604
0.47693753 -4.9354243 -0.07118613
0.47521257 -4.9141545 -0.07180376
0.5194237 -5.3132133 -0.07198411
0.5178143 -5.2918034 -0.072386034
0.51594794 -5.2672567 -0.07275108
0.56172097 -5.6749606 -0.072645895
-0.11342884 -2.3205884 -0.1748838
-0.08006355 -1.9906261 -0.15723401
-0.055077728 -1.6884885 -0.14797717
-0.10203033 -2.2079866 -0.16866064
-0.07112922 -1.8826648 -0.15391831
-0.04692583 -1.5866286 -0.14742081
-0.091267645 -2.0960534 -0.16328828
-0.06293701 -1.7773014 -0.1513199
-0.115906335 -2.3162787 -0.17779434
-0.081161365 -1.9850886 -0.15878928
-0.05545154 -1.6750555 -0.14937694
-0.1041675 -2.2037194 -0.17120664
-0.07176899 -1.8754967 -0.15515274
-0.048872914 -1.5767543 -0.14831482
-0.0930142 -2.0915344 -0.16543609
-0.063209124 -1.7678889 -0.15233429
-0.118432626 -2.3117592 -0.1808066
-0.08246744 -1.9798989 -0.1605343
-0.055714533 -1.6633531 -0.15028583
-0.10642312 -2.1993032 -0.1739327
-0.0725969 -1.869099 -0.1565104
-0.04999737 -1.5646007 -0.14886786
-0.09492464 -2.0870273 -0.16778709
-0.063562535 -1.7596694 -0.15333365
-0.049051434 -1.4810872 -0.14518753
-0.08395974 -1.9749727 -0.16248141
-0.055716507 -1.6527517 -0.15093403
-0.10878063 -2.1947467 -0.17679872
-0.07359458 -1.8632879 -0.15804496
-0.04996283 -1.5512593 -0.14906213
-0.097000234 -2.0825176 -0.17032947
-0.06399136 -1.7523565 -0.1544472
-0.048753954 -1.4636295 -0.14621793
-0.085654676 -1.9702702 -0.16464588
-0.05550472 -1.643106 -0.15158492
-0.111236714 -2.1900523 -0.17976964
-0.074807964 -1.8579922 -0.15980637
-0.04897748 -1.5379143 -0.14914964
