-0.3891316 -1.0655444 -0.10588315
-0.4096254 -0.69314826 -0.1095195
-0.4212203 -0.3785834 -0.11362891
-0.42467666 -0.14199397 -0.11692754
-0.38907486 -1.0686158 -0.107757255
-0.40950486 -0.6947656 -0.109526016
-0.42107597 -0.379998 -0.11363512
-0.4244667 -0.14397201 -0.11694039
-0.38736448 -1.0933276 -0.10708664
-0.3739574 -1.2400558 -0.107686795
-0.36285168 -1.3559098 -0.10703791
-0.3523435 -1.4611506 -0.10636
-0.3446514 -1.5286528 -0.1069114
-0.37402022 -1.0183985 -0.112256154
-0.38689095 -0.60832447 -0.11754231
-0.38399005 -0.37424487 -0.12450437
-0.34449914 -1.5295476 -0.10687242
-0.37392893 -1.0190151 -0.112261586
-0.38682625 -0.6083883 -0.117551886
-0.3839345 -0.37358183 -0.124520995
-0.34432745 -1.5305041 -0.10688875
-0.3738356 -1.0197123 -0.11226529
-0.38675895 -0.6085966 -0.11756053
-0.38387567 -0.37316686 -0.124535374
-0.34415114 -1.5314445 -0.10689562
-0.37374502 -1.0203174 -0.11227489
-0.38669467 -0.60864353 -0.11756657
-0.38381863 -0.37247232 -0.12454993
-0.34400922 -1.5324149 -0.10692075
-0.3736522 -1.0210193 -0.11227125
-0.38662776 -0.60885847 -0.117581345
-0.38375834 -0.37206843 -0.12456733
-0.3439124 -1.5332615 -0.10697691
-0.37356284 -1.0216124 -0.11229072
-0.38656458 -0.608887 -0.11757822
-0.3837006 -0.37134033 -0.12457648
-0.34370208 -1.5341448 -0.10693568
-0.37347114 -1.0223182 -0.112276465
-0.38649866 -0.6091112 -0.11760316
-0.38363966 -0.37095094 -0.12459938
-0.34353182 -1.5348775 -0.10700158
-0.3733839 -1.0229024 -0.11230146
-0.38643777 -0.609117 -0.11759289
-0.38358244 -0.37018496 -0.12460439
-0.34340954 -1.5356995 -0.10690074
-0.37329656 -1.0236064 -0.11229623
-0.38637507 -0.6093579 -0.11761301
-0.3835218 -0.36981678 -0.12462348
-0.3416679 -1.5615518 -0.106273
-0.37664318 -0.3525344 -0.1284396
-0.38656783 -0.45122802 -0.12128063
-0.3823314 -0.783141 -0.115001924
-0.36162668 -1.2507224 -0.11022284
-0.35340843 -1.3520033 -0.10972737
-0.37780517 -0.8540802 -0.11457854
-0.38476357 -0.4711504 -0.12083668
-0.37322608 -0.30256397 -0.12839824
-0.32138392 -1.8308629 -0.104675
-0.27392447 -2.3665404 -0.10208234
-0.21760124 -2.8988216 -0.10150482
-0.3066159 -2.008605 -0.10363527
-0.2563429 -2.5422142 -0.10162189
-0.35784525 -1.6409514 -0.25651398
-0.36212072 -1.6417892 -0.25592294
-0.3768394 -1.6453938 -0.2542265
-0.364357 -1.6349175 -0.2543958
-0.37495434 -1.6358025 -0.25297132
-0.36379558 -1.6258429 -0.25303644
-0.34130353 -1.5691656 -0.106122136
-0.338484 -1.6001419 -0.106257625
-0.33889487 -1.5918404 -0.10555734
-0.33687693 -1.623211 -0.10603235
-0.33847007 -1.6145734 -0.10543706
-0.31687558 -1.8844417 -0.10464618
-0.26683098 -2.44846 -0.10218603
-0.20782907 -3.0022368 -0.10165759
-0.3337828 -1.6632935 -0.105834566
-0.33606085 -1.6370965 -0.1057066
-0.4229672 -2.1725986 -0.325035
-0.39681908 -1.9011034 -0.29099295
-0.35744396 -1.6570565 -0.25938708
-0.37502295 -1.891532 -0.29542252
-0.40057835 -2.151269 -0.329041
-0.4369775 -2.3655524 -0.34999022
-0.4259562 -2.196757 -0.32777002
-0.39926788 -1.9241931 -0.29393208
-0.3799023 -1.6674206 -0.25750953
-0.42650452 -2.1979935 -0.3277855
-0.39977708 -1.9251165 -0.29394004
-0.38106045 -1.6683633 -0.25751007
-0.30673194 -2.0071754 -0.10362006
-0.25652748 -2.5402317 -0.10161598
-0.33578748 -1.6480849 -0.10528113
-0.29109982 -2.1836448 -0.10273601
-0.23799346 -2.715178 -0.10141426
-0.4372678 -2.2912278 -0.3385244
-0.40852445 -2.016136 -0.3055083
-0.38487783 -1.7515618 -0.27011693
-0.43783793 -2.2925525 -0.3385475
-0.40905207 -2.017169 -0.3055166
-0.38529682 -1.7522763 -0.27014834
-0.3221742 -1.8260419 -0.104580626
-0.2745852 -2.3592775 -0.10205102
-0.2184806 -2.8896806 -0.10147929
-0.30710363 -2.0028608 -0.103571214
-0.25708583 -2.5342612 -0.10159752
-0.44918084 -2.3857453 -0.3490442
-0.41854593 -2.1096287 -0.3168183
-0.3935606 -1.8391553 -0.2821678
-0.4497618 -2.387175 -0.3490745
-0.4190881 -2.110743 -0.31682965
-0.3940552 -1.8398612 -0.2821816
-0.33527505 -1.6454027 -0.10507171
-0.29155052 -2.178684 -0.10270166
-0.23860689 -2.7087302 -0.1013975
-0.32226387 -1.8223746 -0.10449268
-0.27509487 -2.353764 -0.10202609
-0.2191468 -2.882786 -0.10145991
-0.42928788 -2.2041461 -0.32786605
-0.40232307 -1.9295626 -0.29398432
-0.38335717 -1.6715449 -0.2575656
-0.4298441 -2.2053838 -0.32788247
-0.40282577 -1.9304475 -0.29399312
-0.38330612 -1.6719681 -0.2575407
-0.3075182 -1.9984674 -0.10351964
-0.25765106 -2.5282567 -0.10157822
-0.33592048 -1.6419829 -0.10493835
-0.29203317 -2.1737044 -0.10266624
-0.23922597 -2.7022676 -0.10138019
-0.44068614 -2.299223 -0.3386625
-0.41168413 -2.0221877 -0.30555996
-0.38884118 -1.7553625 -0.27026346
-0.5807628 -2.4819806 -0.3347521
-0.5297477 -1.9957455 -0.3003366
-0.48700002 -1.5119593 -0.26746607
-0.48118448 -2.4837313 -0.35116532
-0.5228041 -2.6098032 -0.35135144
-0.56050164 -2.6916292 -0.3508461
-0.5922146 -2.6915755 -0.34973022
-0.46245044 -1.457148 -0.25645283
-0.44312122 -1.5734478 -0.25591546
-0.42067954 -1.6422375 -0.25590408
-0.3940642 -1.667618 -0.2560297
-0.46667853 -1.4032534 -0.25646317
-0.44866103 -1.5392641 -0.25549114
-0.427195 -1.6214455 -0.2553645
-0.4021054 -1.661133 -0.25554708
-0.46613777 -1.396497 -0.25590637
-0.44822317 -1.533334 -0.25498664
-0.42682797 -1.6164178 -0.2548607
-0.40181106 -1.6570609 -0.2550456
-0.46562445 -1.3897333 -0.25533798
-0.4477887 -1.5274057 -0.25448233
-0.42646277 -1.6113921 -0.2543575
-0.4015175 -1.6529918 -0.25454557
-0.46505842 -1.3829513 -0.2547587
-0.44734022 -1.5214696 -0.25397828
-0.42609137 -1.6063619 -0.25385493
-0.40122208 -1.6489192 -0.25404692
-0.46459615 -1.3761741 -0.25416985
-0.44693133 -1.5155416 -0.25347483
-0.42574036 -1.6013374 -0.2533532
-0.40093645 -1.644852 -0.25354975
-0.46396816 -1.3693676 -0.25357342
-0.4464535 -1.5095998 -0.25297257
-0.4253545 -1.5963049 -0.25285268
-0.40063402 -1.6407789 -0.25305432
-0.46358094 -1.3625684 -0.25297192
-0.44608185 -1.5036676 -0.2524724
-0.42502457 -1.5912793 -0.25235406
-0.4003614 -1.6367128 -0.25256106
-0.4629166 -1.3557619 -0.25236812
-0.44558638 -1.4977317 -0.25197563
-0.4246289 -1.5862501 -0.2518582
-0.40005183 -1.6326416 -0.25207034
-0.34567326 -1.5285361 -0.1059018
-0.355743 -1.4293779 -0.10653567
-0.3664582 -1.3204263 -0.10723104
-0.37806517 -1.1969285 -0.10783651
-0.38143587 -1.1605058 -0.10794665
-0.369231 -1.2927381 -0.10736349
-0.358343 -1.4050567 -0.106672265
-0.34794587 -1.5082213 -0.10600675
-0.38114893 -1.1662259 -0.10790422
-0.36883944 -1.2988862 -0.107301556
-0.3579077 -1.411645 -0.10660599
-0.34748402 -1.5153077 -0.105932675
-0.38059944 -1.171991 -0.10786024
-0.3683491 -1.3050447 -0.10723953
-0.35740066 -1.4182367 -0.10653979
-0.34692502 -1.5224051 -0.105858795
-0.38027543 -1.1776903 -0.10781393
-0.36794204 -1.3111867 -0.107177526
-0.3569533 -1.4248214 -0.10647386
-0.34644738 -1.5294843 -0.1057856
-0.37979344 -1.1834537 -0.10776471
-0.36747473 -1.3173473 -0.10711554
-0.35646164 -1.4314158 -0.10640824
-0.3459103 -1.5365821 -0.10571325
-0.37939814 -1.1891574 -0.107712165
-0.367039 -1.323493 -0.1070535
-0.35599244 -1.4380035 -0.10634286
-0.34540418 -1.5436633 -0.10564179
-0.37310874 -1.2849399 -0.10465317
-0.3370849 -1.7002006 -0.10120141
-0.29252186 -2.123081 -0.10179173
-0.26225734 -2.4059389 -0.102592245
-0.24287662 -2.6098826 -0.10194976
-0.22358638 -2.808131 -0.10157431
-0.20488341 -2.9946475 -0.10161829
-0.34479046 -1.5536098 -0.105531394
-0.35548472 -1.4465669 -0.10624284
-0.3666151 -1.3307189 -0.10695722
-0.3791166 -1.1940483 -0.10763209
-0.34530917 -1.5465484 -0.10560092
-0.35596406 -1.4399948 -0.10630789
-0.36706403 -1.3245867 -0.10701949
-0.37954524 -1.1883616 -0.10769309
-0.39631864 -0.95497173 -0.1079764
-0.39181402 -1.0247165 -0.111768074
-0.3957869 -0.9698539 -0.1079065
-0.39109236 -1.0406687 -0.11073611
-0.39521948 -0.98528475 -0.108124815
-0.39029983 -1.0566931 -0.10799931
-0.39393362 -1.029247 -0.106422536
-0.36218995 -1.446708 -0.101569965
-0.31917983 -1.8705035 -0.10127809
-0.3009718 -2.0456457 -0.101506956
-0.34453866 -1.6230669 -0.10137366
-0.37936017 -1.2084662 -0.10538805
-0.31233698 -1.9425489 -0.10111446
-0.35384795 -1.5208261 -0.10193648
-0.27997074 -2.2274451 -0.10269988
-0.32682028 -1.8042774 -0.10096974
-0.36544788 -1.384776 -0.10310432
-0.2961689 -2.0890858 -0.10169178
-0.3404 -1.6663277 -0.10124389
-0.37600628 -1.250866 -0.1048817
-0.31152248 -1.9506848 -0.10111633
-0.35302237 -1.5290902 -0.10194778
-0.27914882 -2.2356527 -0.10269837
-0.3260053 -1.8124032 -0.100969486
-0.36462572 -1.393186 -0.10311051
-0.2953522 -2.0972543 -0.10169261
-0.33958128 -1.6744893 -0.10125405
-0.37519944 -1.2594454 -0.10488691
-0.310709 -1.9588187 -0.10111433
-0.35219997 -1.53734 -0.10194869
-0.27832747 -2.243862 -0.10269704
-0.32519183 -1.8205285 -0.10097439
-0.3638064 -1.4015895 -0.10312881
-0.5810791 -2.4805028 -0.33470252
-0.52999943 -1.9936062 -0.30030733
-0.48686385 -1.508723 -0.26743326
-0.5813936 -2.4790099 -0.33465257
-0.5302502 -1.9914727 -0.30027846
-0.48650417 -1.505453 -0.26740935
-0.58170575 -2.4774933 -0.3346024
-0.53049874 -1.9893427 -0.30024981
-0.48596352 -1.5022584 -0.267395
-0.58201545 -2.4759378 -0.33455196
-0.5307447 -1.9871589 -0.3002213
-0.48576632 -1.4990629 -0.2673913
-0.5823226 -2.4743361 -0.3345013
-0.5309869 -1.9848803 -0.30019298
-0.48605207 -1.4954022 -0.2673997
-0.5826275 -2.4726985 -0.33445033
-0.53122747 -1.9825587 -0.30016458
-0.48669764 -1.4918604 -0.26742074
-0.5829283 -2.4710417 -0.33439922
-0.53146297 -1.9802492 -0.30013633
-0.48718673 -1.4883734 -0.26745427
-0.5832272 -2.469368 -0.33434737
-0.53169805 -1.9779404 -0.30010688
-0.48745552 -1.4848522 -0.2674972
-0.5834621 -2.4676986 -0.33429614
-0.53182125 -1.97566 -0.30007854
-0.4875057 -1.4813733 -0.26754886
-0.4737758 -1.1381862 -0.2502496
-0.46920678 -1.2354859 -0.25271332
-0.47516322 -1.1596041 -0.25242803
-0.47171858 -1.2564795 -0.2557122
-0.47654527 -1.1811392 -0.25455743
-0.47236997 -1.2776753 -0.25652015
-0.59591806 -2.3886943 -0.33405098
-0.54098237 -1.8712701 -0.3001443
-0.4945644 -1.3336011 -0.26799616
-0.36828583 -0.50222445 -0.13034704
-0.3781546 -0.47326028 -0.12896378
-0.39265183 -0.36661813 -0.12803191
-0.40716073 -0.20822869 -0.12708591
-0.36770746 -0.5154039 -0.13177234
-0.3779732 -0.48100296 -0.1296624
-0.39248157 -0.370681 -0.1286534
-0.40696752 -0.20936416 -0.1276949
-0.36705026 -0.52869797 -0.13301118
-0.37779605 -0.48894385 -0.13040964
-0.3923144 -0.37497732 -0.12931387
-0.4067704 -0.21078011 -0.12834246
-0.36635688 -0.54210097 -0.134097
-0.37762272 -0.4970777 -0.13119215
-0.39214975 -0.3795077 -0.13001044
-0.40656957 -0.21248357 -0.12902665
-0.36566058 -0.55562747 -0.13507901
-0.37745377 -0.505394 -0.13199951
-0.3919878 -0.38427058 -0.1307391
-0.4063658 -0.21448128 -0.12974429
-0.36497942 -0.5692801 -0.13598865
-0.37728974 -0.51388425 -0.13282552
-0.39182863 -0.3892646 -0.13149604
-0.4061597 -0.21677986 -0.13049203
-0.36432526 -0.58306104 -0.13685021
-0.3771311 -0.52254087 -0.13366611
-0.39167255 -0.39448845 -0.13227779
-0.40595198 -0.21938564 -0.13126706
-0.36370447 -0.5969675 -0.13767952
-0.37697816 -0.5313571 -0.13451846
-0.39151993 -0.3999407 -0.13308129
-0.40574366 -0.22230424 -0.13206697
-0.36312073 -0.6109947 -0.13848785
-0.37683117 -0.54032737 -0.13538069
-0.39137116 -0.40562007 -0.13390405
-0.405536 -0.22554027 -0.13288973
-0.36257562 -0.6251355 -0.13928294
-0.37669024 -0.549447 -0.13625143
-0.3912267 -0.41152525 -0.13474405
-0.40533036 -0.22909716 -0.13373359
-0.3620697 -0.6393814 -0.14007047
-0.37655556 -0.5587121 -0.13712984
-0.391087 -0.41765505 -0.1355997
-0.4051282 -0.23297697 -0.13459693
-0.36160287 -0.6537229 -0.1408547
-0.3764273 -0.56811965 -0.13801534
-0.3909525 -0.42400822 -0.13646981
-0.404931 -0.23718047 -0.13547829
-0.36117464 -0.66814953 -0.14163898
-0.37630573 -0.57766694 -0.13890764
-0.3908236 -0.43058366 -0.1373535
-0.40474012 -0.24170722 -0.13637638
-0.3607843 -0.68265027 -0.142426
-0.3761912 -0.58735174 -0.13980669
-0.39070082 -0.43738016 -0.13825011
-0.4045569 -0.24655566 -0.13729002
-0.360431 -0.6972137 -0.14321804
-0.3760841 -0.597172 -0.14071254
-0.39058462 -0.4443967 -0.13915925
-0.4043824 -0.2517234 -0.1382182
-0.3601137 -0.7118282 -0.14401703
-0.37598482 -0.60712576 -0.14162545
-0.39047536 -0.45163217 -0.14008059
-0.4042176 -0.25720733 -0.13916
-0.35983157 -0.7264819 -0.14482464
-0.37589395 -0.61721104 -0.14254571
-0.39037356 -0.4590854 -0.14101398
-0.40406328 -0.26300386 -0.14011478
-0.35958347 -0.74116313 -0.14564233
-0.37581193 -0.62742573 -0.14347376
-0.39027968 -0.46675533 -0.14195931
-0.40392017 -0.26910907 -0.14108191
-0.35936835 -0.75586015 -0.14647137
-0.37573934 -0.63776755 -0.14440998
-0.3901941 -0.47464076 -0.14291656
-0.40378875 -0.2755188 -0.14206094
-0.35918516 -0.7705615 -0.14731285
-0.37567666 -0.64823425 -0.14535493
-0.39011732 -0.48274046 -0.14388573
-0.4036695 -0.28222895 -0.14305153
-0.35903275 -0.7852561 -0.14816777
-0.37562445 -0.65882313 -0.14630906
-0.39004976 -0.4910532 -0.14486687
-0.40356278 -0.28923523 -0.14405343
-0.35891005 -0.79993296 -0.14903693
-0.37558317 -0.66953146 -0.14727291
-0.38999188 -0.49957764 -0.14586003
-0.4034689 -0.29653355 -0.14506646
-0.35881594 -0.8145818 -0.14992106
-0.3755533 -0.6803563 -0.14824699
-0.3899441 -0.50831234 -0.14686528
-0.40338814 -0.30411994 -0.14609052
-0.3587493 -0.82919264 -0.15082078
-0.37553528 -0.69129443 -0.14923179
-0.3899069 -0.5172558 -0.14788267
-0.40332073 -0.31199047 -0.14712557
-0.35870898 -0.84375596 -0.15173659
-0.37552947 -0.7023425 -0.1502278
-0.38988066 -0.52640635 -0.14891227
-0.40326688 -0.3201414 -0.14817154
-0.35869393 -0.8582628 -0.15266891
-0.3755362 -0.71349716 -0.15123548
-0.38986582 -0.5357624 -0.14995417
-0.4032268 -0.32856923 -0.1492285
-0.35870305 -0.8727046 -0.15361814
-0.37555587 -0.72475475 -0.15225528
-0.38986278 -0.5453222 -0.15100843
-0.40320075 -0.3372705 -0.15029646
-0.35873526 -0.8870735 -0.15458456
-0.37558872 -0.7361117 -0.15328759
-0.38987195 -0.5550838 -0.1520751
-0.40318885 -0.346242 -0.15137546
-0.35878956 -0.901362 -0.15556838
-0.37563494 -0.7475641 -0.15433282
-0.3898937 -0.56504524 -0.15315424
-0.40319142 -0.35548055 -0.15246554
-0.35886496 -0.91556317 -0.15656984
-0.3756948 -0.75910825 -0.15539129
-0.38992846 -0.57520455 -0.15424594
-0.4032086 -0.36498323 -0.15356676
-0.35896042 -0.9296705 -0.15758903
-0.37576845 -0.77074033 -0.15646335
-0.38997653 -0.58555955 -0.15535021
-0.40324068 -0.3747471 -0.1546792
-0.35907504 -0.94367814 -0.15862611
-0.37585604 -0.7824564 -0.15754929
-0.39003828 -0.59610796 -0.15646714
-0.4032879 -0.3847694 -0.15580289
-0.35920787 -0.9575804 -0.1596811
-0.3759576 -0.79425263 -0.15864936
-0.39011404 -0.60684764 -0.15759675
-0.40335044 -0.39504746 -0.15693788
-0.35935804 -0.97137237 -0.16075407
-0.3760733 -0.8061253 -0.1597638
-0.3902041 -0.6177763 -0.15873909
-0.4034286 -0.40557867 -0.15808423
-0.35952467 -0.9850493 -0.16184503
-0.37620312 -0.8180705 -0.16089278
-0.39030883 -0.6288913 -0.1598942
-0.4035227 -0.41636047 -0.15924194
-0.35970694 -0.99860704 -0.16295396
-0.37634712 -0.83008456 -0.16203652
-0.39042845 -0.6401904 -0.1610621
-0.40363294 -0.4273903 -0.16041107
-0.35990405 -1.0120418 -0.16408086
-0.3765053 -0.84216386 -0.16319513
-0.39056328 -0.6516711 -0.16224284
-0.40375963 -0.43866584 -0.16159165
-0.3601152 -1.0253502 -0.16522563
-0.37667757 -0.85430485 -0.16436875
-0.39071357 -0.6633308 -0.16343644
-0.40390304 -0.45018455 -0.16278367
-0.36033967 -1.038529 -0.16638824
-0.37686396 -0.86650395 -0.16555744
-0.39087957 -0.67516696 -0.16464292
-0.4040635 -0.46194404 -0.16398714
-0.36057672 -1.0515759 -0.1675686
-0.3770644 -0.87875795 -0.1667613
-0.3910615 -0.68717706 -0.16586226
-0.40424123 -0.47394198 -0.16520207
-0.36082566 -1.0644882 -0.16876659
-0.3772788 -0.89106345 -0.16798034
-0.39125964 -0.69935846 -0.16709451
-0.4044366 -0.48617592 -0.16642845
-0.3610858 -1.0772638 -0.16998212
-0.37750712 -0.90341735 -0.16921459
-0.3914742 -0.71170837 -0.16833964
-0.40464982 -0.49864346 -0.16766626
-0.3613565 -1.0899014 -0.17121507
-0.3777492 -0.9158167 -0.17046407
-0.39170533 -0.7242244 -0.16959766
-0.4048813 -0.5113423 -0.1689155
-0.3616371 -1.1023993 -0.17246526
-0.37800494 -0.92825854 -0.17172873
-0.39195326 -0.73690367 -0.17086853
-0.40513122 -0.5242699 -0.17017609
-0.361927 -1.1147568 -0.17373261
-0.3782743 -0.94074017 -0.17300853
-0.39221823 -0.7497436 -0.17215225
-0.40539998 -0.5374239 -0.17144805
-0.3622256 -1.1269727 -0.17501688
-0.3785571 -0.9532589 -0.17430338
-0.3925004 -0.7627414 -0.17344877
-0.4056878 -0.5508018 -0.17273131
-0.36253235 -1.1390467 -0.17631793
-0.37885317 -0.96581227 -0.17561324
-0.39279994 -0.7758944 -0.17475806
-0.40599504 -0.56440115 -0.17402585
-0.36284664 -1.1509784 -0.17763557
-0.3791625 -0.97839797 -0.17693797
-0.39311704 -0.7891998 -0.17608006
-0.40632197 -0.57821935 -0.17533158
-0.36316797 -1.1627682 -0.1789696
-0.37948486 -0.9910138 -0.17827745
-0.39345187 -0.802655 -0.17741472
-0.40666884 -0.59225404 -0.17664848
-0.36349577 -1.1744164 -0.18031983
-0.37982017 -1.0036578 -0.17963152
-0.39380458 -0.81625706 -0.17876194
-0.40703598 -0.6065024 -0.17797647
-0.36382958 -1.1859233 -0.181686
-0.3801683 -1.0163279 -0.18100005
-0.39417538 -0.83000314 -0.18012169
-0.40742368 -0.62096196 -0.17931552
-0.36416888 -1.1972902 -0.18306789
-0.38052908 -1.0290223 -0.18238282
-0.39456442 -0.8438905 -0.18149383
-0.40783218 -0.63562995 -0.18066551
-0.36451316 -1.2085179 -0.18446526
-0.38090238 -1.0417396 -0.18377964
-0.39497185 -0.85791624 -0.18287827
-0.40826175 -0.65050375 -0.1820264
-0.36486202 -1.2196081 -0.18587783
-0.38128814 -1.0544779 -0.18519029
-0.39539784 -0.8720773 -0.18427493
-0.4087127 -0.6655805 -0.18339811
-0.36521494 -1.2305622 -0.18730535
-0.38168615 -1.0672363 -0.18661451
-0.39584258 -0.8863709 -0.18568364
-0.40918523 -0.68085754 -0.18478055
-0.36557156 -1.2413824 -0.1887475
-0.38209635 -1.0800134 -0.18805204
-0.39630622 -0.9007938 -0.18710428
-0.40967968 -0.69633186 -0.18617366
-0.3659314 -1.2520708 -0.190204
-0.38251862 -1.092808 -0.18950261
-0.3967889 -0.915343 -0.18853672
-0.41019627 -0.7120006 -0.18757737
-0.36629406 -1.26263 -0.19167449
-0.3829528 -1.1056192 -0.19096586
-0.39729083 -0.93001515 -0.18998078
-0.41073522 -0.72786087 -0.18899155
-0.36665916 -1.2730627 -0.19315867
-0.38339886 -1.1184462 -0.19244151
-0.39781213 -0.9448072 -0.19143628
-0.4112968 -0.74390966 -0.19041614
-0.3670263 -1.283372 -0.19465615
-0.38385665 -1.1312882 -0.19392915
-0.39835298 -0.95971555 -0.19290304
-0.41188124 -0.76014394 -0.19185106
-0.36739516 -1.2935612 -0.19616657
-0.3843261 -1.1441448 -0.19542845
-0.39891353 -0.97473687 -0.19438086
-0.4124888 -0.77656054 -0.19329625
-0.3677654 -1.3036339 -0.19768953
-0.38480714 -1.1570153 -0.19693895
-0.399494 -0.9898674 -0.19586954
-0.41311967 -0.7931564 -0.19475159
-0.36813664 -1.3135941 -0.1992246
-0.38529968 -1.1698995 -0.19846022
-0.40009448 -1.0051035 -0.19736882
-0.41377407 -0.8099282 -0.19621703
-0.36850864 -1.3234459 -0.20077133
-0.3858037 -1.1827971 -0.19999182
-0.4007152 -1.0204413 -0.19887845
-0.4144523 -0.8268727 -0.1976925
-0.36888105 -1.3331939 -0.20232925
-0.38631913 -1.1957078 -0.20153323
-0.40135622 -1.0358766 -0.20039818
-0.41515455 -0.84398663 -0.19917789
-0.36925364 -1.3428428 -0.20389785
-0.38684592 -1.2086318 -0.20308392
-0.40201774 -1.0514054 -0.2019277
-0.41588104 -0.8612664 -0.20067318
-0.36962613 -1.3523977 -0.20547658
-0.38738406 -1.221569 -0.20464334
-0.40269986 -1.0670233 -0.20346671
-0.41663203 -0.87870854 -0.2021783
-0.36999837 -1.3618642 -0.2070649
-0.38793358 -1.2345196 -0.2062109
-0.40340275 -1.0827259 -0.2050149
-0.41740772 -0.8963096 -0.20369323
-0.37037006 -1.3712478 -0.20866217
-0.38849443 -1.2474836 -0.20778593
-0.40412647 -1.0985084 -0.20657186
-0.41820842 -0.9140656 -0.2052179
-0.3707411 -1.3805547 -0.21026774
-0.38906673 -1.2604614 -0.20936783
-0.4048711 -1.1143659 -0.20813724
-0.4190344 -0.93197274 -0.20675233
-0.37111133 -1.3897913 -0.21188089
-0.38965043 -1.2734535 -0.21095584
-0.40563676 -1.1302936 -0.20971066
-0.4198859 -0.950027 -0.20829651
-0.3714806 -1.398964 -0.21350092
-0.39024568 -1.2864599 -0.21254925
-0.40642342 -1.1462865 -0.21129163
-0.42076325 -0.9682241 -0.20985046
-0.3718489 -1.4080802 -0.21512698
-0.3908525 -1.2994812 -0.21414725
-0.40723112 -1.1623391 -0.21287972
-0.4216668 -0.9865595 -0.21141422
-0.37221617 -1.417147 -0.2167582
-0.39147112 -1.3125176 -0.21574906
-0.40805984 -1.1784462 -0.21447441
-0.42259693 -1.0050286 -0.21298786
-0.37258238 -1.4261721 -0.21839367
-0.39210162 -1.3255696 -0.21735376
-0.40890956 -1.1946023 -0.21607521
-0.42355406 -1.023626 -0.21457148
-0.37294757 -1.4351635 -0.22003238
-0.39274418 -1.3386375 -0.21896045
-0.40978014 -1.210802 -0.21768154
-0.4245386 -1.0423461 -0.2161652
-0.37331185 -1.4441293 -0.22167324
-0.393399 -1.3517214 -0.22056821
-0.4106715 -1.2270398 -0.21929283
-0.42555115 -1.0611832 -0.21776916
-0.37367538 -1.453078 -0.22331506
-0.39406636 -1.3648216 -0.222176
-0.41158345 -1.2433101 -0.22090848
-0.42659214 -1.0801302 -0.21938354
-0.3740383 -1.4620186 -0.22495662
-0.39474648 -1.3779382 -0.22378281
-0.41251585 -1.2596076 -0.22252783
-0.42766228 -1.0991802 -0.22100854
-0.37440088 -1.4709599 -0.22659655
-0.39543968 -1.3910708 -0.22538753
-0.41346845 -1.2759268 -0.22415023
-0.42876217 -1.1183248 -0.22264433
-0.37476343 -1.4799112 -0.22823337
-0.39614627 -1.4042195 -0.22698906
-0.414441 -1.2922627 -0.225775
-0.4298925 -1.1375549 -0.22429115
-0.3751263 -1.4888821 -0.22986552
-0.39686656 -1.4173838 -0.22858626
-0.4154332 -1.3086101 -0.22740147
-0.43105397 -1.1568606 -0.22594914
-0.3754899 -1.4978821 -0.23149133
-0.39760095 -1.4305629 -0.23017794
-0.4164448 -1.3249642 -0.22902887
-0.4322472 -1.1762307 -0.22761847
-0.37585467 -1.506921 -0.23310895
-0.39834973 -1.4437559 -0.23176292
-0.4174755 -1.3413204 -0.23065647
-0.43347284 -1.1956527 -0.22929917
-0.3762212 -1.516009 -0.23471648
-0.39911333 -1.4569619 -0.23334
-0.41852498 -1.3576744 -0.23228353
-0.43473133 -1.2151134 -0.23099123
-0.37659007 -1.5251559 -0.23631178
-0.399892 -1.4701794 -0.23490801
-0.419593 -1.3740222 -0.23390925
-0.43602306 -1.2345982 -0.23269442
-0.37696195 -1.5343717 -0.23789266
-0.4006861 -1.4834073 -0.23646581
-0.42067918 -1.3903601 -0.23553278
-0.43734798 -1.2540913 -0.23440835
-0.37733755 -1.543667 -0.23945671
-0.4014958 -1.4966438 -0.23801237
-0.42178333 -1.406685 -0.2371532
-0.43870592 -1.2735769 -0.23613243
-0.37771767 -1.5530516 -0.24100138
-0.4023214 -1.5098873 -0.23954675
-0.42290512 -1.4229935 -0.2387695
-0.44009623 -1.2930381 -0.23786573
-0.3781033 -1.562536 -0.24252385
-0.40316308 -1.5231369 -0.24106824
-0.42404428 -1.4392834 -0.24038053
-0.44151798 -1.3124591 -0.23960702
-0.37849548 -1.5721304 -0.24402097
-0.40402094 -1.5363907 -0.2425765
-0.42520055 -1.4555522 -0.24198487
-0.44297004 -1.3318243 -0.24135451
-0.37889594 -1.5818455 -0.2454889
-0.40489516 -1.5496479 -0.24407184
-0.4263736 -1.4717982 -0.24358088
-0.44445103 -1.3511194 -0.24310549
-0.37930724 -1.5916929 -0.2469223
-0.40578592 -1.5629079 -0.2455555
-0.42756295 -1.48802 -0.2451665
-0.4459597 -1.3703321 -0.24485537
-0.37973502 -1.6016854 -0.24831246
-0.40669334 -1.5761707 -0.24703087
-0.42876807 -1.5042169 -0.24673975
-0.447495 -1.3894532 -0.24659663
-0.38019136 -1.6118425 -0.249641
-0.4076175 -1.5894343 -0.24850187
-0.42998832 -1.5203866 -0.24829687
-0.4490562 -1.4084721 -0.24831341
-0.3807099 -1.6222118 -0.25084513
-0.40855825 -1.6027055 -0.24997929
-0.43122295 -1.5365365 -0.2498379
-0.45064187 -1.4273965 -0.24998738
-0.3629003 -0.4892294 -0.1351343
-0.34903505 -0.48169574 -0.13297057
-0.3519923 -0.5253705 -0.13590391
-0.356776 -0.5659278 -0.13752902
-0.34203798 -0.5745934 -0.13873056
-0.3467801 -0.6161828 -0.14014386
-0.35173088 -0.6512 -0.14127016
-0.3561684 -0.67897195 -0.1422731
-0.3425856 -0.71551234 -0.14372921
-0.34777328 -0.7441162 -0.1449644
-0.35243347 -0.7664201 -0.14621754
-0.3396688 -0.8197668 -0.14741246
-0.3449452 -0.8415494 -0.1488874
-0.3497592 -0.85813385 -0.1504081
-0.3540616 -0.870086 -0.1519945
-0.3430666 -0.93995816 -0.15322544
-0.34796226 -0.9509834 -0.1549959
-0.352439 -0.95835245 -0.15682842
-0.3418928 -1.0363599 -0.1580352
-0.3468326 -1.0422382 -0.16003636
-0.35141513 -1.0453546 -0.16209607
-0.3556518 -1.0461327 -0.16422044
-0.34617788 -1.1296941 -0.16553885
-0.35083228 -1.1290212 -0.16781093
-0.35517764 -1.126791 -0.17014183
-0.34583122 -1.2115979 -0.17149477
-0.35054085 -1.2076733 -0.17396668
-0.3549674 -1.2029339 -0.17649166
-0.35914138 -1.1977153 -0.17907129
-0.35040224 -1.2799709 -0.18054684
-0.35489598 -1.2732806 -0.18325329
-0.35915676 -1.2667916 -0.18600695
-0.35028607 -1.3448728 -0.18752797
-0.35484365 -1.3368398 -0.1904019
-0.35918206 -1.3296689 -0.19331475
-0.3633492 -1.323626 -0.19626386
-0.35469875 -1.392896 -0.19790474
-0.3591115 -1.3856876 -0.20095898
-0.36337003 -1.3802273 -0.20403759
-0.35435784 -1.4410065 -0.20571952
-0.3588488 -1.4344692 -0.20889279
-0.36319607 -1.4302955 -0.2120754
-0.3674786 -1.4286613 -0.21525638
-0.35831022 -1.4759372 -0.2170526
-0.36274138 -1.4738417 -0.22030419
-0.3671449 -1.4748623 -0.22352822
-0.35741952 -1.5103862 -0.22534579
-0.361924 -1.5112727 -0.22861278
-0.36646122 -1.5158296 -0.23181649
-0.37113252 -1.523989 -0.23493414
-0.36063203 -1.5436317 -0.2368031
-0.3653353 -1.5526397 -0.23987612
-0.37033215 -1.5655458 -0.24283598
-0.35862637 -1.5734267 -0.24447358
-0.3635007 -1.5877014 -0.24716543
-0.36897585 -1.6055248 -0.2497074
-0.43498805 0.15293798 -0.12564987
-0.42589235 0.056189235 -0.1271922
-0.4292463 0.09260819 -0.1286464
-0.4325079 0.13024881 -0.13008846
-0.42301586 0.034153413 -0.13156088
-0.42648366 0.06663033 -0.1330706
-0.42981943 0.10076307 -0.13451995
-0.43302095 0.13665973 -0.1360115
-0.4237579 0.03224038 -0.1374692
-0.42713836 0.06302242 -0.139051
-0.43044502 0.09541297 -0.14061758
-0.4213089 -0.010643553 -0.14211142
-0.42468262 0.016748557 -0.14384201
-0.4280618 0.045559008 -0.1455461
-0.4313633 0.07584734 -0.14731511
-0.4225149 -0.03775995 -0.14895523
-0.42598045 -0.01257246 -0.1508039
-0.42944244 0.013869193 -0.1526765
-0.42068064 -0.10011567 -0.15437229
-0.42425814 -0.078540035 -0.15637095
-0.42787752 -0.055870272 -0.15837608
-0.43150327 -0.032115884 -0.16046558
-0.42293188 -0.15189512 -0.16223459
-0.4267339 -0.1328808 -0.16437088
-0.4305748 -0.11292909 -0.16654868
-0.422041 -0.23218715 -0.16836885
-0.42604643 -0.21668093 -0.17064081
-0.43011627 -0.2003198 -0.17293447
-0.434241 -0.1831566 -0.17531905
-0.4258489 -0.30679289 -0.17716818
-0.43016723 -0.29379588 -0.17957145
-0.43455064 -0.2800448 -0.1820299
-0.42617258 -0.40273365 -0.18394218
-0.43075007 -0.39287552 -0.18645959
-0.43540597 -0.38223088 -0.18901654
-0.44014373 -0.37093514 -0.19167215
-0.43189174 -0.49708015 -0.19357291
-0.43682858 -0.48924863 -0.19621758
-0.44183424 -0.48069322 -0.1989397
-0.43361783 -0.6059249 -0.20092006
-0.4388406 -0.60064 -0.20366235
-0.4441111 -0.59446454 -0.20647945
-0.44946453 -0.58774203 -0.20940793
-0.44147006 -0.7159387 -0.21130247
-0.4470012 -0.71180105 -0.21421602
-0.45252696 -0.70703214 -0.21724999
-0.44475856 -0.8346719 -0.21916838
-0.45057458 -0.83220094 -0.22221074
-0.45623624 -0.82900256 -0.22541554
-0.46196666 -0.82597506 -0.22871971
-0.45486346 -0.9551186 -0.23033248
-0.46061027 -0.95296824 -0.23379107
-0.46624735 -0.95161384 -0.23731858
-0.46001905 -1.0800807 -0.23864408
-0.46575952 -1.0780802 -0.24245289
-0.4712856 -1.0782286 -0.24608362
-0.42419812 0.015286112 -0.12188802
-0.4346904 0.110384434 -0.121333905
-0.4314606 0.061635554 -0.12030093
-0.42728886 0.013980064 -0.119790636
-0.43689755 0.10168579 -0.11922416
-0.4334935 0.05146263 -0.11876811
-0.4298038 0.0039548655 -0.11851339
-0.42635 -0.040533353 -0.11838763
-0.43482047 0.031248467 -0.11788955
-0.43155584 -0.0154600125 -0.11767326
-0.4284141 -0.059591938 -0.1175203
-0.43544433 0.0026108474 -0.11724055
-0.43257552 -0.04304358 -0.117016785
-0.42971396 -0.08659476 -0.11683273
-0.42699766 -0.12824875 -0.1166788
-0.43299717 -0.07730775 -0.11640985
-0.43037707 -0.12028786 -0.11619938
-0.42779687 -0.16176571 -0.11601168
-0.4329434 -0.11699681 -0.11579747
-0.43051046 -0.15952595 -0.11556377
-0.42805472 -0.20090848 -0.115346365
-0.42563286 -0.24129798 -0.11514317
-0.43018827 -0.20332165 -0.114901416
-0.42782614 -0.24473801 -0.11465684
-0.42545494 -0.28548276 -0.11442311
-0.42945617 -0.25079548 -0.114201546
-0.4271523 -0.29239163 -0.11393143
-0.42481238 -0.33362257 -0.113669485
-0.42245707 -0.37463066 -0.113414936
-0.42606306 -0.3430527 -0.11316551
-0.42372987 -0.38490713 -0.11287738
-0.42135906 -0.42683136 -0.112595625
-0.42458108 -0.39592394 -0.112358436
-0.4222293 -0.4385378 -0.11204579
-0.4198256 -0.48150757 -0.11173931
-0.41736883 -0.52497333 -0.11143956
-0.42032987 -0.4937065 -0.11117628
-0.4178769 -0.53785264 -0.11084718
-0.41535747 -0.58278376 -0.11052708
-0.41804984 -0.5495667 -0.110272884
-0.41553283 -0.59502393 -0.10992294
-0.4129454 -0.6415757 -0.10958646
-0.41025952 -0.6893588 -0.10927026
-0.41281295 -0.65210867 -0.108975306
-0.41016132 -0.7004714 -0.10862872
-0.40739393 -0.7504254 -0.10831708
-0.40974167 -0.7080924 -0.10802705
-0.4070444 -0.7585145 -0.107685715
-0.40420187 -0.8109574 -0.10740558
-0.40115026 -0.86544806 -0.107210994
-0.40368024 -0.8147388 -0.10686167
-0.40075725 -0.8700182 -0.1066853
-0.39749637 -0.9277246 -0.10663406
-0.40033323 -0.8688014 -0.106493555
-0.39734128 -0.92705643 -0.10666788
-0.39366356 -0.987606 -0.10701785
-0.37014228 -0.43257293 -0.12980565
-0.37924406 -0.43800363 -0.12693061
-0.39356196 -0.34992984 -0.12556049
-0.40803888 -0.20652238 -0.12455261
-0.3710683 -0.42119542 -0.13002056
-0.37953243 -0.43175197 -0.12676583
-0.3937608 -0.34733817 -0.1251863
-0.40819907 -0.20693588 -0.12412103
-0.37193054 -0.4110948 -0.13005798
-0.3798494 -0.42580205 -0.12662815
-0.39396673 -0.345 -0.124844514
-0.40835583 -0.20758738 -0.123711646
-0.3727292 -0.40209252 -0.12997907
-0.38019338 -0.4201654 -0.12650284
-0.3941795 -0.3429168 -0.12452976
-0.4085092 -0.20847109 -0.123323575
-0.3734765 -0.39407033 -0.12983188
-0.38056293 -0.4148588 -0.12638217
-0.39439902 -0.34109157 -0.1242382
-0.4086595 -0.20958208 -0.122956105
-0.37418517 -0.38694456 -0.12964094
-0.3809561 -0.40989935 -0.12626061
-0.39462498 -0.3395273 -0.123966075
-0.4088069 -0.21091565 -0.12260787
-0.3748653 -0.38065442 -0.12942164
-0.38137108 -0.4053048 -0.12613449
-0.3948569 -0.33822715 -0.123710185
-0.40895176 -0.21246782 -0.12227735
-0.3755239 -0.37515372 -0.12918301
-0.38180566 -0.40109253 -0.12600124
-0.39509428 -0.33719438 -0.1234678
-0.40909445 -0.21423541 -0.12196299
-0.3761656 -0.3704061 -0.12893039
-0.38225752 -0.39727932 -0.12585908
-0.39533648 -0.33643246 -0.12323661
-0.40923542 -0.21621615 -0.12166333
-0.3767932 -0.36638182 -0.128667
-0.382724 -0.39388055 -0.12570691
-0.39558297 -0.3359448 -0.12301469
-0.4093751 -0.2184088 -0.1213771
-0.37740833 -0.36305603 -0.12839487
-0.38320228 -0.39091003 -0.12554416
-0.39583305 -0.33573493 -0.122800395
-0.40951386 -0.22081307 -0.1211032
-0.3780116 -0.36040714 -0.12811537
-0.38368955 -0.38837966 -0.12537071
-0.39608613 -0.3358065 -0.122592345
-0.40965196 -0.22342959 -0.12084063
-0.37860328 -0.35841617 -0.12782952
-0.3841828 -0.3862993 -0.1251868
-0.3963415 -0.33616304 -0.122389354
-0.4097896 -0.22625977 -0.12058858
-0.37918296 -0.3570659 -0.12753814
-0.38467923 -0.38467675 -0.12499289
-0.39659852 -0.33680823 -0.1221904
-0.4099268 -0.22930562 -0.12034626
-0.3797502 -0.3563406 -0.12724198
-0.38517606 -0.3835178 -0.1247897
-0.39685652 -0.33774567 -0.12199461
-0.41006348 -0.23256966 -0.120113
-0.38030428 -0.35622552 -0.12694168
-0.38567075 -0.38282633 -0.124578
-0.39711478 -0.33897892 -0.12180123
-0.41019937 -0.2360547 -0.11988815
-0.38084435 -0.35670683 -0.12663786
-0.38616088 -0.38260463 -0.124358654
-0.3973726 -0.34051156 -0.1216096
-0.4103341 -0.23976375 -0.11967109
-0.38136965 -0.35777134 -0.12633112
-0.38664436 -0.3828534 -0.124132514
-0.3976293 -0.34234697 -0.12141918
-0.41046727 -0.24369983 -0.11946123
-0.38187927 -0.3594063 -0.12602201
-0.38711926 -0.3835721 -0.12390044
-0.39788407 -0.3444885 -0.12122949
-0.41059828 -0.24786597 -0.119258
-0.38237232 -0.3615995 -0.12571107
-0.38758388 -0.38475913 -0.12366323
-0.3981362 -0.3469393 -0.121040136
-0.41072658 -0.25226507 -0.119060814
-0.38284802 -0.364339 -0.1253988
-0.38803664 -0.38641196 -0.12342163
-0.39838487 -0.34970236 -0.12085079
-0.41085148 -0.25689977 -0.118869126
-0.38330555 -0.3676132 -0.12508567
-0.38847622 -0.38852733 -0.12317634
-0.3986293 -0.35278043 -0.12066118
-0.41097233 -0.26177263 -0.118682414
-0.38374412 -0.3714108 -0.1247721
-0.38890144 -0.39110133 -0.12292798
-0.3988687 -0.3561761 -0.12047109
-0.4110884 -0.26688588 -0.11850014
-0.38416305 -0.37572074 -0.124458514
-0.38931122 -0.39412957 -0.12267711
-0.39910224 -0.35989168 -0.12028038
-0.41119906 -0.27224144 -0.11832183
-0.3845616 -0.38053215 -0.12414529
-0.38970464 -0.3976073 -0.12242425
-0.39932907 -0.36392912 -0.12008891
-0.41130352 -0.2778411 -0.11814698
-0.38493922 -0.38583446 -0.12383276
-0.39008087 -0.40152946 -0.12216985
-0.39954835 -0.3682902 -0.119896606
-0.41140118 -0.28368622 -0.117975146
-0.38529524 -0.3916173 -0.12352124
-0.3904391 -0.40589073 -0.121914305
-0.3997593 -0.37297624 -0.11970343
-0.41149127 -0.28977802 -0.11780591
-0.38562915 -0.39787048 -0.12321101
-0.3907787 -0.41068563 -0.12165798
-0.39996105 -0.37798846 -0.119509354
-0.4115732 -0.2961174 -0.11763887
-0.38594046 -0.40458405 -0.12290232
-0.391099 -0.4159085 -0.1214012
-0.40015277 -0.3833276 -0.11931439
-0.41164628 -0.302705 -0.11747365
-0.38622868 -0.4117483 -0.1225954
-0.3913995 -0.42155358 -0.12114424
-0.40033364 -0.38899413 -0.11911856
-0.41170987 -0.30954126 -0.11730989
-0.38649338 -0.41935366 -0.12229045
-0.39167958 -0.4276151 -0.12088737
-0.40050292 -0.39498818 -0.11892189
-0.41176337 -0.31662634 -0.11714729
-0.3867342 -0.4273908 -0.12198765
-0.39193884 -0.43408716 -0.12063081
-0.40065974 -0.40130964 -0.11872446
-0.41180623 -0.32396024 -0.116985545
-0.3869507 -0.43585068 -0.12168715
-0.39217675 -0.4409639 -0.12037476
-0.4008034 -0.407958 -0.11852631
-0.41183782 -0.33154273 -0.11682439
-0.3871426 -0.44472426 -0.1213891
-0.39239293 -0.4482393 -0.12011942
-0.4009331 -0.41493246 -0.11832752
-0.4118576 -0.33937335 -0.11666359
-0.38730952 -0.4540029 -0.12109361
-0.39258695 -0.4559075 -0.119864956
-0.40104812 -0.42223203 -0.11812816
-0.41186506 -0.3474515 -0.11650292
-0.3874512 -0.46367803 -0.12080079
-0.3927584 -0.4639625 -0.11961151
-0.40114778 -0.42985532 -0.11792831
-0.41185966 -0.35577643 -0.1163422
-0.38756737 -0.47374126 -0.120510735
-0.39290693 -0.47239837 -0.119359225
-0.40123138 -0.43780077 -0.117728055
-0.41184092 -0.36434713 -0.11618126
-0.38765773 -0.48418447 -0.12022351
-0.39303225 -0.4812092 -0.11910824
-0.40129828 -0.44606644 -0.11752746
-0.4118083 -0.3731625 -0.11601995
-0.38772207 -0.49499968 -0.119939186
-0.39313394 -0.49038902 -0.11885865
-0.40134782 -0.4546503 -0.11732662
-0.41176143 -0.3822213 -0.11585814
-0.3877602 -0.50617903 -0.11965782
-0.39321175 -0.49993193 -0.11861057
-0.40137944 -0.46355 -0.11712559
-0.4116998 -0.39152217 -0.11569571
-0.38777182 -0.5177149 -0.11937946
-0.39326534 -0.5098321 -0.118364096
-0.4013925 -0.472763 -0.11692448
-0.411623 -0.40106353 -0.115532584
-0.3877568 -0.5295998 -0.11910415
-0.39329445 -0.5200835 -0.118119314
-0.40138644 -0.48228654 -0.116723344
-0.41153058 -0.41084376 -0.11536868
-0.3877149 -0.54182625 -0.118831895
-0.39329875 -0.53068036 -0.1178763
-0.40136078 -0.49211767 -0.11652227
-0.4114222 -0.42086104 -0.11520395
-0.387646 -0.5543873 -0.11856275
-0.39327803 -0.54161686 -0.11763513
-0.40131497 -0.5022533 -0.116321325
-0.41129738 -0.4311135 -0.115038335
-0.38754988 -0.56727564 -0.11829671
-0.393232 -0.55288714 -0.11739586
-0.40124854 -0.51269007 -0.116120584
-0.41115582 -0.44159922 -0.114871815
-0.3874264 -0.58048457 -0.118033804
-0.39316043 -0.56448543 -0.11715856
-0.40116102 -0.5234247 -0.11592011
-0.41099715 -0.4523161 -0.11470436
-0.38727546 -0.59400713 -0.11777403
-0.3930631 -0.5764058 -0.11692327
-0.40105194 -0.53445333 -0.11571998
-0.41082102 -0.46326187 -0.11453599
-0.38709685 -0.60783684 -0.1175174
-0.39293975 -0.5886427 -0.11669004
-0.40092087 -0.5457724 -0.11552026
-0.4106271 -0.4744344 -0.11436668
-0.3868905 -0.6219671 -0.1172639
-0.39279023 -0.60119027 -0.1164589
-0.40076745 -0.557378 -0.11532101
-0.41041505 -0.48583132 -0.11419646
-0.38665625 -0.63639146 -0.11701354
-0.39261428 -0.6140428 -0.1162299
-0.40059128 -0.56926614 -0.1151223
-0.41018462 -0.4974502 -0.114025354
-0.38639402 -0.65110356 -0.116766304
-0.39241174 -0.6271945 -0.11600305
-0.40039197 -0.58143264 -0.11492421
-0.40993544 -0.5092885 -0.113853395
-0.38610366 -0.6660972 -0.11652218
-0.3921824 -0.6406397 -0.11577838
-0.40016916 -0.59387326 -0.11472678
-0.4096673 -0.52134377 -0.11368064
-0.38578516 -0.6813665 -0.11628116
-0.39192614 -0.6543729 -0.1155559
-0.39992258 -0.6065837 -0.11453009
-0.40937993 -0.5336134 -0.11350712
-0.38543835 -0.69690526 -0.116043225
-0.39164278 -0.6683881 -0.11533561
-0.39965186 -0.61955947 -0.11433419
-0.40907302 -0.5460946 -0.11333292
-0.38506317 -0.7127075 -0.11580836
-0.39133215 -0.6826799 -0.11511753
-0.3993567 -0.632796 -0.11413915
-0.40874636 -0.5587848 -0.11315811
-0.3846596 -0.7287677 -0.11557653
-0.39099413 -0.6972426 -0.11490164
-0.39903682 -0.6462886 -0.11394504
-0.40839973 -0.5716812 -0.11298275
-0.38422748 -0.7450799 -0.115347706
-0.39062858 -0.7120705 -0.11468794
-0.39869195 -0.6600324 -0.11375191
-0.4080329 -0.58478093 -0.11280695
-0.3837668 -0.7616386 -0.115121864
-0.3902354 -0.7271581 -0.11447641
-0.39832187 -0.6740227 -0.11355983
-0.4076456 -0.5980813 -0.112630814
-0.38327754 -0.7784382 -0.114898965
-0.38981444 -0.7424998 -0.11426702
-0.39792627 -0.68825436 -0.11336886
-0.4072377 -0.61157936 -0.112454444
-0.38275963 -0.7954733 -0.114678964
-0.3893656 -0.7580901 -0.11405974
-0.39750496 -0.70272243 -0.11317907
-0.40680897 -0.6252723 -0.112277955
-0.38221306 -0.8127384 -0.11446182
-0.38888887 -0.7739231 -0.11385452
-0.39705774 -0.7174216 -0.11299051
-0.40635926 -0.63915694 -0.11210149
-0.38163775 -0.8302284 -0.11424746
-0.38838404 -0.7899936 -0.11365132
-0.39658436 -0.73234665 -0.11280326
-0.40588832 -0.6532305 -0.111925185
-0.38103372 -0.84793794 -0.11403586
-0.38785115 -0.8062959 -0.11345008
-0.39608467 -0.7474922 -0.11261736
-0.40539598 -0.66748995 -0.111749195
-0.38040093 -0.8658619 -0.113826916
-0.3872901 -0.82282436 -0.113250725
-0.3955585 -0.7628527 -0.11243288
-0.40488213 -0.6819322 -0.111573696
-0.3797394 -0.8839952 -0.11362057
-0.38670075 -0.83957356 -0.11305317
-0.3950057 -0.77842253 -0.11224989
-0.40434656 -0.6965542 -0.11139887
-0.3790491 -0.90233296 -0.11341673
-0.38608316 -0.85653806 -0.11285733
-0.3944261 -0.7941961 -0.11206844
-0.40378907 -0.71135294 -0.11122491
-0.37833005 -0.9208701 -0.11321529
-0.38543722 -0.8737121 -0.11266309
-0.3938196 -0.81016743 -0.11188858
-0.40320954 -0.7263251 -0.11105205
-0.37758225 -0.939602 -0.113016136
-0.3847629 -0.8910904 -0.112470336
-0.39318606 -0.82633084 -0.11171039
-0.40260777 -0.7414676 -0.11088051
-0.37680572 -0.9585238 -0.11281914
-0.3840602 -0.9086673 -0.11227893
-0.39252543 -0.8426802 -0.11153391
-0.40198356 -0.75677717 -0.110710554
-0.37600046 -0.9776308 -0.11262415
-0.38332906 -0.9264372 -0.11208872
-0.39183766 -0.8592094 -0.11135919
-0.40133682 -0.7722504 -0.110542454
-0.3751665 -0.99691844 -0.112431005
-0.3825694 -0.9443947 -0.11189953
-0.39112264 -0.8759125 -0.11118629
-0.40066728 -0.7878841 -0.11037651
-0.37430388 -1.0163821 -0.11223951
-0.38178125 -0.9625341 -0.111711174
-0.39038038 -0.892783 -0.111015245
-0.39997476 -0.8036746 -0.11021304
-0.37341255 -1.0360173 -0.112049446
-0.38096458 -0.98084974 -0.11152343
-0.38961086 -0.9098146 -0.1108461
-0.3992591 -0.8196182 -0.110052414
-0.3724926 -1.0558196 -0.11186056
-0.3801193 -0.9993361 -0.11133607
-0.38881412 -0.92700124 -0.110678904
-0.39852002 -0.8357115 -0.10989498
-0.37154403 -1.0757849 -0.11167259
-0.37924537 -1.0179874 -0.11114881
-0.38799018 -0.9443363 -0.110513665
-0.39775732 -0.85195035 -0.10974117
-0.37056687 -1.0959086 -0.11148521
-0.3783428 -1.0367976 -0.110961385
-0.38713914 -0.96181345 -0.110350415
-0.39697072 -0.8683307 -0.10959141
-0.3695611 -1.1161867 -0.111298084
-0.3774115 -1.0557612 -0.11077345
-0.38626105 -0.9794265 -0.11018917
-0.39615995 -0.8848485 -0.10944615
-0.3685268 -1.1366148 -0.11111081
-0.3764514 -1.074872 -0.11058467
-0.38535604 -0.99716884 -0.11002991
-0.39532474 -0.901499 -0.109305896
-0.3674639 -1.1571891 -0.11092295
-0.37546247 -1.0941238 -0.11039465
-0.38442424 -1.0150344 -0.10987263
-0.39446473 -0.91827756 -0.10917115
-0.36637244 -1.1779052 -0.11073402
-0.37444457 -1.1135105 -0.11020299
-0.3834658 -1.0330168 -0.1097173
-0.3935796 -0.935179 -0.10904246
-0.36525247 -1.1987593 -0.11054349
-0.37339768 -1.1330254 -0.11000924
-0.3824809 -1.0511099 -0.10956385
-0.39266902 -0.9521979 -0.10892036
-0.36410394 -1.2197473 -0.110350765
-0.3723217 -1.1526619 -0.10981292
-0.38146967 -1.0693079 -0.109412186
-0.39173257 -0.96932846 -0.10880538
-0.3629269 -1.2408652 -0.11015521
-0.37121654 -1.1724132 -0.10961357
-0.38043234 -1.0876048 -0.10926218
-0.39076993 -0.98656434 -0.108698055
-0.36172137 -1.2621094 -0.10995612
-0.37008223 -1.1922722 -0.10941067
-0.3793691 -1.1059947 -0.10911366
-0.38978073 -1.0038989 -0.10859886
-0.3604874 -1.283476 -0.10975274
-0.3689187 -1.2122316 -0.10920372
-0.3782801 -1.1244725 -0.108966395
-0.3887646 -1.0213252 -0.10850818
-0.35922506 -1.3049612 -0.109544255
-0.36772603 -1.2322838 -0.10899221
-0.3771656 -1.1430326 -0.108820066
-0.3877213 -1.0388356 -0.10842629
-0.35793445 -1.3265616 -0.10932978
-0.36650428 -1.2524214 -0.1087757
-0.3760257 -1.1616696 -0.10867428
-0.38665056 -1.0564224 -0.10835331
-0.3566158 -1.3482742 -0.109108366
-0.36525372 -1.272637 -0.10855373
-0.37486067 -1.1803794 -0.10852852
-0.38555226 -1.0740777 -0.10828908
-0.35526934 -1.3700956 -0.10887893
-0.36397457 -1.2929225 -0.108325996
-0.37367067 -1.1991565 -0.10838216
-0.3844263 -1.0917931 -0.10823315
-0.3538955 -1.3920238 -0.10864026
-0.3626672 -1.3132708 -0.10809226
-0.37245595 -1.217997 -0.1082344
-0.38327274 -1.1095607 -0.108184546
-0.35249466 -1.414057 -0.108390585
-0.361332 -1.3336749 -0.107852586
-0.37121674 -1.2368965 -0.10808433
-0.3820916 -1.1273729 -0.10814172
-0.35106748 -1.4361951 -0.108127855
-0.35996944 -1.3541282 -0.10760739
-0.36995345 -1.2558513 -0.10793082
-0.38088307 -1.1452224 -0.108102106
-0.34961402 -1.45844 -0.10784655
-0.35858 -1.3746244 -0.10735793
-0.3686665 -1.2748578 -0.107772715
-0.37964725 -1.1631025 -0.10806178
-0.34813374 -1.4807966 -0.10754241
-0.35716417 -1.3951573 -0.107106395
-0.36735645 -1.293912 -0.10760848
-0.3783844 -1.181007 -0.10801425
-0.3466193 -1.5032794 -0.10718041
-0.35572284 -1.4157233 -0.106857404
-0.36602435 -1.3130127 -0.10743746
-0.3770953 -1.1989323 -0.107950576
-0.3450559 -1.5259137 -0.10676251
-0.35425663 -1.4363153 -0.10661549
-0.36467063 -1.3321528 -0.10725683
-0.37578106 -1.2168682 -0.10785498
-0.35564783 -0.38275415 -0.12944685
-0.36608416 -0.3961823 -0.12910861
-0.36449492 -0.36687014 -0.12908255
-0.36448815 -0.33957148 -0.12936936
-0.37281805 -0.3631769 -0.12910658
-0.37160558 -0.34154207 -0.12886982
-0.3714786 -0.32252347 -0.12874472
-0.37241712 -0.3061699 -0.12858756
-0.37675694 -0.33629993 -0.12780926
-0.3766955 -0.32532468 -0.12746054
-0.37722343 -0.3173723 -0.12708847
-0.38056135 -0.3464169 -0.12632154
-0.38056207 -0.34310043 -0.12587939
-0.38081974 -0.342808 -0.12542076
-0.3813181 -0.34565777 -0.124938875
-0.3834073 -0.3728645 -0.12421512
-0.38343623 -0.37953973 -0.123731054
-0.38357916 -0.3891639 -0.1232346
-0.3854299 -0.4126987 -0.122568235
-0.38522086 -0.42570728 -0.12208791
-0.38503197 -0.44144136 -0.12159987
-0.38485983 -0.45989692 -0.12110807
-0.3862635 -0.4800211 -0.12052104
-0.38574946 -0.5012925 -0.12005212
-0.3852216 -0.52505463 -0.11958165
-0.386614 -0.5415062 -0.11904188
-0.38576874 -0.5678086 -0.118597105
-0.38487497 -0.5963852 -0.11815131
-0.3839333 -0.62720037 -0.11770692
-0.38511285 -0.6402499 -0.11723508
-0.3838499 -0.67319864 -0.11681528
-0.38252962 -0.7081841 -0.11639684
-0.38379505 -0.7179815 -0.11596377
-0.3821589 -0.7548967 -0.1155702
-0.38044456 -0.7936565 -0.1151776
-0.3786545 -0.8342157 -0.1147863
-0.37981322 -0.84094447 -0.11441128
-0.37770262 -0.88310605 -0.11404369
-0.37550682 -0.9268764 -0.11367637
-0.37682253 -0.9308574 -0.11333108
-0.37431866 -0.9760675 -0.11298621
-0.37170935 -1.0226897 -0.11264024
-0.36899048 -1.0706614 -0.11228987
-0.37030694 -1.0721253 -0.11198856
-0.36729804 -1.1212541 -0.11165716
-0.36416095 -1.1715114 -0.11131635
-0.36567348 -1.1709175 -0.11101898
-0.36229002 -1.2222321 -0.11068474
-0.35877678 -1.2744421 -0.11033049
-0.35507882 -1.3275073 -0.109943286
-0.3566708 -1.3253254 -0.10964414
-0.35285276 -1.3792028 -0.109216794
-0.34891304 -1.4338586 -0.10871562
-0.35038018 -1.430189 -0.10842011
-0.34633482 -1.4854425 -0.107787214
-0.34230223 -1.5417625 -0.107055224
-0.3351105 -1.6527848 -0.10536428
-0.2902603 -2.1935086 -0.10279837
-0.23677081 -2.7281382 -0.10144568
-0.3208484 -1.8379881 -0.10474384
-0.27293757 -2.3776252 -0.102124244
-0.21626967 -2.9127858 -0.10154254
-0.3054559 -2.0229435 -0.10374877
-0.25450042 -2.5623624 -0.10167339
-0.33440876 -1.6615986 -0.105433814
-0.2890214 -2.2082758 -0.10286839
-0.23495416 -2.747686 -0.10148481
-0.32001364 -1.8485309 -0.104731835
-0.27150196 -2.3941026 -0.102170475
-0.21430448 -2.9335985 -0.10159347
-0.30444115 -2.0355675 -0.10378915
-0.25288236 -2.5804 -0.10170389
-0.33355913 -1.6708943 -0.10553966
-0.28780878 -2.222841 -0.10290813
-0.23316702 -2.7671227 -0.1015111
-0.31910002 -1.8591859 -0.104681075
-0.27009273 -2.4104517 -0.10219649
-0.2123634 -2.954274 -0.10163348
-0.3034119 -2.0480828 -0.10378907
-0.2512852 -2.5983567 -0.10171898
-0.33267972 -1.680321 -0.10562133
-0.28660586 -2.2372966 -0.1029218
-0.23139443 -2.7864928 -0.101523414
-0.31814975 -1.8699722 -0.104646064
-0.26869756 -2.4267366 -0.102203846
-0.21043102 -2.974852 -0.10165724
-0.30237266 -2.0606015 -0.10377497
-0.24969809 -2.616282 -0.101719566
-0.33178705 -1.6897658 -0.105671346
-0.28541374 -2.251731 -0.10291664
-0.22962447 -2.805842 -0.10152191
-0.3172177 -1.880823 -0.10464015
-0.26731735 -2.4430196 -0.10219431
-0.20849566 -2.9953887 -0.10166084
-0.42369083 -2.1918182 -0.3277458
-0.3971351 -1.9205503 -0.29392245
-0.37711617 -1.6653143 -0.25745416
-0.4136183 -2.1084301 -0.31814343
-0.3889826 -1.8414315 -0.28357968
-0.4329209 -2.298228 -0.34103408
-0.40410426 -2.026072 -0.30832362
-0.38149753 -1.7648863 -0.2730229
-0.42220736 -2.2147775 -0.33175644
-0.39518318 -1.9451878 -0.29828694
-0.374781 -1.6916016 -0.262191
-0.4119974 -2.1318312 -0.32226494
-0.38689342 -1.8662642 -0.28803405
-0.4315985 -2.3203726 -0.34488562
-0.40233332 -2.049815 -0.31255248
-0.3792876 -1.7898661 -0.27755994
-0.42075235 -2.2373576 -0.33572292
-0.39325488 -1.9691741 -0.30261835
-0.37245882 -1.7167788 -0.26685137
-0.4103958 -2.1547656 -0.32634383
-0.38480723 -1.8903971 -0.29246324
-0.43030939 -2.3423543 -0.34869203
-0.40057376 -2.0730238 -0.31674042
-0.3770508 -1.8140652 -0.2820842
-0.4193197 -2.2596526 -0.33964956
-0.3913272 -1.9925709 -0.30691144
-0.37007234 -1.7409585 -0.27147803
-0.40880892 -2.1773088 -0.3303815
-0.38270208 -1.9138845 -0.29685867
-0.36395276 -1.6721666 -0.260787
-0.39882058 -2.0957603 -0.32088658
-0.37475884 -1.8375345 -0.2865818
-0.4179142 -2.281736 -0.3435399
-0.3893892 -2.015433 -0.31116197
-0.36758095 -1.7642709 -0.27607644
-0.40723082 -2.1995258 -0.33437842
-0.3805499 -1.9367813 -0.30120918
-0.36126807 -1.6950659 -0.26539308
-0.39720604 -1.8444189 -0.28224623
-0.42234045 -2.1175523 -0.31689796
-0.45325196 -2.3960214 -0.34923708
-0.4054257 -1.9253124 -0.29258206
-0.43247795 -2.2025406 -0.32662734
-0.39183497 -1.7394247 -0.2671802
-0.41424483 -2.0082335 -0.30275783
-0.44314873 -2.2883296 -0.33617985
-0.39908063 -1.8175592 -0.27779433
-0.42367482 -2.0927653 -0.31276757
-0.45432186 -2.3747814 -0.34553936
-0.40704265 -1.8986247 -0.28819776
-0.43368992 -2.1785662 -0.32260928
-0.39353293 -1.7107458 -0.26225823
-0.4156892 -1.9819748 -0.29845253
-0.44426072 -2.265378 -0.33227873
-0.40075856 -1.7893705 -0.27314636
-0.4249698 -2.0671494 -0.30855632
-0.45536453 -2.3530638 -0.34175107
-0.4085766 -1.8707626 -0.28369722
-0.43485722 -2.153795 -0.31850395
-0.39489147 -1.6788864 -0.25753668
-0.41705853 -1.9546034 -0.2940558
-0.4453262 -2.24166 -0.32828596
-0.40214777 -1.7589009 -0.26837927
-0.42619365 -2.0404625 -0.30425844
-0.4563573 -2.3305893 -0.3378752
-0.40992096 -1.8411785 -0.27907267
-0.4359561 -2.1279902 -0.31430948
-0.4679408 -2.4205046 -0.3472057
-0.41829848 -1.9257578 -0.28955665
-0.4463233 -2.216928 -0.3242009
-0.40327206 -1.7256274 -0.26365834
-0.4273125 -2.0124235 -0.29986855
-0.45727882 -2.3071108 -0.3339074
-0.41103166 -1.8092921 -0.27438456
-0.4369608 -2.1008966 -0.31002453
-0.46881342 -2.3984358 -0.34337312
-0.4193565 -1.8949952 -0.28496993
-0.44723046 -2.1909428 -0.32002324
-0.40418333 -1.6894423 -0.2590527
-0.42828745 -1.9826925 -0.29538965
-0.45810965 -2.2823904 -0.32984507
-0.41191813 -1.7747684 -0.26970538
-0.43784294 -2.0722375 -0.30565065
-0.4695912 -2.3751283 -0.3394442
-0.4202097 -1.8619207 -0.28033686
-0.44802532 -2.163455 -0.3157546
-0.4816718 -2.469076 -0.34873348
-0.4290874 -1.9509202 -0.29084092
-0.45883116 -2.2561982 -0.3256882
-0.41260433 -1.737472 -0.26507366
-0.43857467 -2.0417144 -0.30119726
-0.47025758 -2.3503551 -0.3354159
-0.42086166 -1.8262869 -0.27569792
-0.44868508 -2.13421 -0.31140056
-0.48230368 -2.4458463 -0.34486914
-0.42969888 -1.9168142 -0.2862518
-0.45942473 -2.2283018 -0.3214402
-0.41310886 -1.6973611 -0.26049593
-0.439136 -2.0090494 -0.29668298
-0.4707969 -2.3238995 -0.33128905
-0.4213253 -1.7879618 -0.27107835
-0.4491898 -2.1029544 -0.30697298
-0.4828047 -2.4209309 -0.34089315
-0.43012348 -1.8801792 -0.28164935
-0.45987284 -2.1984751 -0.3171088
-0.4954519 -2.5193417 -0.3501445
-0.43951857 -1.974015 -0.2921305
-0.4711944 -2.2955506 -0.32706857
-0.42161435 -1.7468857 -0.26648927
-0.44952643 -2.069464 -0.30248895
-0.48316213 -2.394129 -0.33681008
-0.4303694 -1.8408961 -0.27705258
-0.46016166 -2.1665053 -0.3127066
-0.49578366 -2.4941678 -0.34625816
-0.43972355 -1.9364531 -0.28756052
-0.4714373 -2.265112 -0.3227637
-0.42174256 -1.7030268 -0.26193157
-0.44968995 -2.0335577 -0.2979673
-0.48336503 -2.3652544 -0.33262688
-0.4304475 -1.7989017 -0.2724727
-0.4602828 -2.1322105 -0.3082493
-0.49595612 -2.4669092 -0.34223714
-0.43975726 -1.8962603 -0.28298882
-0.4715164 -2.2324064 -0.31838724
-0.42172027 -1.6563748 -0.2574004
-0.44968197 -1.9951066 -0.2934254
-0.48340473 -2.3341393 -0.3283542
-0.43036893 -1.7541592 -0.26791486
-0.46023396 -2.0954459 -0.30375364
-0.49596187 -2.437404 -0.33810416
-0.43962872 -1.8533766 -0.27842638
-0.47142705 -2.197287 -0.31395432
-0.50920284 -2.5422037 -0.34755945
-0.4495081 -1.9540237 -0.28887752
-0.48327586 -2.3006387 -0.32400548
-0.43014413 -1.7066537 -0.26337934
-0.4600175 -2.0561075 -0.29923525
-0.495796 -2.4055142 -0.3338718
-0.4393476 -1.8077664 -0.27388
-0.47116902 -2.1596386 -0.30948058
-0.50900453 -2.5119314 -0.34349352
-0.44917646 -1.9102569 -0.28433454
-0.48297676 -2.264636 -0.3195958
-0.42978576 -1.6563777 -0.2588632
-0.45963904 -2.014124 -0.29470772
-0.4954565 -2.3711236 -0.32955477
-0.43892398 -1.7594143 -0.2693527
-0.47074577 -2.1193793 -0.3049809
-0.5086263 -2.4791348 -0.33931267
-0.4486958 -1.8637743 -0.2798044
-0.4825092 -2.2260413 -0.31514063
-0.5225072 -2.5887084 -0.34879234
-0.45910624 -1.9694526 -0.2901823
-0.49494424 -2.3341424 -0.32516876
-0.4383685 -1.7083114 -0.2648442
-0.4701633 -2.0764525 -0.3004688
-0.508069 -2.4437253 -0.3350336
-0.44807577 -1.8145624 -0.27529204
-0.48187768 -2.184792 -0.3106548
-0.52190524 -2.5548434 -0.34468004
-0.4584275 -1.9220681 -0.28566802
-0.49426284 -2.2945032 -0.32072967
-0.43768883 -1.6544572 -0.26035136
-0.4694291 -2.0308259 -0.29595613
-0.5073359 -2.405637 -0.33067343
-0.44732553 -1.7626137 -0.27079934
-0.48108873 -2.1408458 -0.3061521
-0.52111864 -2.518258 -0.34044826
-0.45761192 -1.8719597 -0.28117162
-0.4934179 -2.2521603 -0.31625286
-0.5356378 -2.632436 -0.34997347
-0.46855155 -1.9824806 -0.29145315
-0.50643224 -2.3648226 -0.32624912
-0.4464534 -1.7079273 -0.26632497
-0.4801501 -2.09418 -0.30164522
-0.5201528 -2.4789076 -0.33611843
-0.4566679 -1.819123 -0.2766973
-0.49241653 -2.207085 -0.31175286
-0.5346066 -2.594499 -0.34581608
-0.46753934 -1.9314114 -0.28696832
-0.50536454 -2.3212512 -0.32177708
-0.44546896 -1.6505004 -0.26186404
-0.47907022 -2.0447838 -0.29714552
-0.5190142 -2.4367616 -0.33170927
-0.45560372 -1.7635586 -0.27224642
-0.49126682 -2.1592622 -0.30724308
-0.5333923 -2.5537157 -0.34152412
-0.46640062 -1.877617 -0.28250837
-0.5041405 -2.2749033 -0.3172727
-0.44437525 -1.5903263 -0.2574082
-0.47785765 -1.9926554 -0.29266313
-0.5177101 -2.3918009 -0.32723874
-0.45442656 -1.705264 -0.2678165
-0.4899773 -2.1086864 -0.30273595
-0.53200245 -2.5100691 -0.33713278
-0.46514317 -1.8211006 -0.27807784
-0.50276846 -2.2257702 -0.31275043
-0.5470514 -2.6298206 -0.3469256
-0.47652048 -1.9377983 -0.28820702
-0.5162485 -2.3440123 -0.3227237
-0.45314026 -1.644231 -0.2634
-0.48855668 -2.0553606 -0.298243
-0.53044474 -2.4635482 -0.3326624
-0.4637729 -1.7618613 -0.27367845
-0.501257 -2.173849 -0.30822358
-0.5453923 -2.5845113 -0.34255788
-0.47506627 -1.8802185 -0.2837848
-0.5146376 -2.2933888 -0.31817973
-0.45175186 -1.5804378 -0.25898182
-0.48701325 -1.9992903 -0.29377487
-0.5287268 -2.4141421 -0.32813215
-0.46229368 -1.6998919 -0.26930773
-0.49961492 -2.1191428 -0.30370468
-0.5435621 -2.5362704 -0.33808848
-0.4735004 -1.8199186 -0.27940255
-0.5128858 -2.2399254 -0.3136213
-0.5591847 -2.6598938 -0.34803754
-0.4853545 -1.9404842 -0.28934133
-0.5268562 -2.3618407 -0.3235597
-0.46070775 -1.6351681 -0.2649559
-0.49785063 -2.0616562 -0.29920527
-0.54156786 -2.4850867 -0.33354044
-0.4718264 -1.7568936 -0.27506405
-0.5110013 -2.1836195 -0.30906174
-0.55706483 -2.6098073 -0.34357283
-0.4835861 -1.8789479 -0.28495127
-0.52484035 -2.3066325 -0.3189613
-0.45900843 -1.5676383 -0.2606002
-0.49597177 -2.0013957 -0.29473606
-0.53941584 -2.4309437 -0.32893535
-0.47004366 -1.69112 -0.2707697
-0.5089921 -2.1244688 -0.3045132
-0.5547769 -2.5567265 -0.3390038
-0.4817117 -1.8146776 -0.28061238
-0.52268624 -2.248505 -0.31435192
-0.5709655 -2.684062 -0.34917334
-0.49398443 -1.9383634 -0.2903064
-0.5371121 -2.373822 -0.32429305
-0.46814504 -1.6225438 -0.26651338
-0.5068651 -2.0624697 -0.29998654
-0.55232596 -2.5006273 -0.33436078
-0.4797301 -1.7476535 -0.2763316
-0.52040035 -2.1874456 -0.30974543
-0.56837165 -2.62901 -0.34458634
-0.49189252 -1.8725507 -0.2859238
-0.5346621 -2.3137002 -0.3196321
-0.46611932 -1.5510637 -0.26227283
-0.5046254 -1.9976109 -0.29549053
-0.5497169 -2.4414842 -0.32967013
-0.4776351 -1.6778209 -0.2721158
-0.5179874 -2.123437 -0.3051544
-0.56561077 -2.5708888 -0.33989042
-0.4896958 -1.8039272 -0.28159323
-0.5320709 -2.2505598 -0.31497017
-0.4639315 -1.4764912 -0.25797704
-0.5022745 -1.9298604 -0.29103035
-0.5469544 -2.379273 -0.3249561
-0.47541153 -1.6050775 -0.26797485
-0.51544905 -2.0564537 -0.30058977
-0.56268686 -2.5096674 -0.3351358
-0.48739034 -1.7324198 -0.27731654
-0.5293416 -2.1843836 -0.3103246
-0.57929504 -2.6417236 -0.3455795
-0.49980885 -1.85915 -0.28660563
-0.54404336 -2.3139813 -0.32024184
-0.4730245 -1.5292295 -0.26392764
-0.5127811 -1.9864439 -0.2960594
-0.5596042 -2.4453242 -0.33035567
-0.48496553 -1.6578956 -0.27309328
-0.5264741 -2.115156 -0.30571222
-0.57604873 -2.578376 -0.34072158
-0.49721724 -1.785338 -0.28220785
-0.5409885 -2.2456117 -0.3155507
-0.47040585 -1.4499341 -0.2599907
-0.50997126 -1.9133123 -0.29156774
-0.5563693 -2.3778622 -0.32557985
-0.4824058 -1.5801109 -0.2689243
-0.5234621 -2.042844 -0.30114785
-0.57263803 -2.5118523 -0.33584055
-0.49447897 -1.708172 -0.27781782
-0.5377913 -2.1741886 -0.3109052
-0.5898055 -2.6475017 -0.34645423
-0.5069916 -1.8368843 -0.2871178
-0.55298954 -2.307323 -0.32083777
-0.47966105 -1.4986303 -0.26482922
-0.52029175 -1.967386 -0.29664406
-0.56906974 -2.4421766 -0.33097628
-0.49153328 -1.6272019 -0.27340472
-0.53444827 -2.0997345 -0.3063234
-0.58604455 -2.5786827 -0.34139955
-0.5038257 -1.7569027 -0.28271836
-0.5494687 -2.2337918 -0.31615615
-0.47688794 -1.4125544 -0.26097292
-0.5169372 -1.8886696 -0.29221463
-0.5653549 -2.3694556 -0.32616588
-0.48830557 -1.5416077 -0.26894712
-0.5309395 -2.0222359 -0.30181876
-0.58211035 -2.5066504 -0.33639827
-0.30807546 -1.9925728 -0.103450604
-0.25841758 -2.5202358 -0.10155161
-0.33684435 -1.6352253 -0.104852855
-0.29300776 -2.1636417 -0.10259583
-0.24048428 -2.6892896 -0.101344705
-0.32351375 -1.80811 -0.10419774
-0.2770506 -2.3333993 -0.101932086
-0.22163735 -2.857368 -0.10138955
-0.30945602 -1.9788771 -0.10330656
-0.26018715 -2.5020297 -0.1014912
-0.33813554 -1.6241484 -0.10491825
-0.2945349 -2.148238 -0.10249686
-0.242412 -2.6696587 -0.10129149
-0.3248839 -1.795427 -0.104043715
-0.27872133 -2.3164308 -0.10185875
-0.22372386 -2.8363578 -0.10133551
-0.31091595 -1.9646335 -0.10318587
-0.26200393 -2.4835958 -0.1014325
-0.3393852 -1.6124026 -0.1050323
-0.29611534 -2.1324549 -0.102408715
-0.24437799 -2.6498215 -0.10124026
-0.32629028 -1.782094 -0.10397289
-0.28043374 -2.2991734 -0.10179109
-0.22584343 -2.815149 -0.1012865
-0.31242606 -1.9498867 -0.103098355
-0.26385465 -2.4649217 -0.10137714
-0.34064397 -1.6002059 -0.10514079
-0.29773682 -2.1162987 -0.10233507
-0.2463725 -2.6297684 -0.101192266
-0.32771412 -1.7683016 -0.10396139
-0.28217882 -2.2816234 -0.10173085
-0.22798768 -2.7937374 -0.10124341
-0.31396854 -1.93472 -0.103046775
-0.26573205 -2.4460015 -0.10132631
-0.3419232 -1.5876666 -0.105239704
-0.2993904 -2.0997972 -0.102279596
-0.24838947 -2.6094947 -0.10114842
-0.3291508 -1.7541764 -0.10398654
-0.28395092 -2.2637897 -0.10168021
-0.23015119 -2.7721198 -0.10120669
-0.31553143 -1.91922 -0.10302687
-0.2676317 -2.4268367 -0.10128141
-0.3432228 -1.5748532 -0.105332606
-0.30106756 -2.0829935 -0.10224376
-0.25042513 -2.5889997 -0.10110962
-0.33059835 -1.7397978 -0.10403366
-0.28574482 -2.2456906 -0.10164103
-0.23233077 -2.750296 -0.10117661
-0.3171074 -1.9034581 -0.10303197
-0.2695501 -2.4074352 -0.10124382
-0.34453985 -1.5618142 -0.105422534
-0.30276096 -2.0659328 -0.102226675
-0.25247687 -2.5682876 -0.101076715
-0.3320551 -1.7252184 -0.10409434
-0.28755543 -2.2273512 -0.10161421
-0.2345244 -2.7282674 -0.101153314
-0.31869188 -1.8874882 -0.10305591
-0.27148396 -2.3878102 -0.10121454
-0.3458712 -1.548586 -0.10551137
-0.30446506 -2.0486572 -0.10222604
-0.2545425 -2.5473645 -0.1010504
-0.33351922 -1.7104739 -0.10416382
-0.2893781 -2.2087982 -0.10159958
-0.2367306 -2.706036 -0.10113685
-0.32028186 -1.8713495 -0.10309382
-0.27343008 -2.3679776 -0.10119406
-0.34721407 -1.535196 -0.105600126
-0.30617583 -2.0312014 -0.102239124
-0.25661987 -2.5262396 -0.10103108
-0.3349891 -1.6955895 -0.104239285
-0.29120913 -2.1900575 -0.10159617
-0.23894805 -2.6836069 -0.10112715
-0.32187536 -1.8550698 -0.10314213
-0.2753855 -2.3479548 -0.10118224
-0.34856606 -1.5216639 -0.10568933
-0.30789053 -2.013593 -0.10226324
-0.258707 -2.5049238 -0.101018816
-0.33646327 -1.6805836 -0.10431901
-0.29304555 -2.171152 -0.10160253
-0.24117543 -2.6609852 -0.101124056
-0.32347092 -1.8386687 -0.10319817
-0.27734777 -2.3277583 -0.10117844
-0.34992537 -1.5080043 -0.10577922
-0.30960718 -1.9958521 -0.102296025
-0.260802 -2.4834278 -0.10101333
-0.33794063 -1.665468 -0.10440184
-0.29488516 -2.1521006 -0.101617
-0.24341148 -2.6381776 -0.10112729
-0.3250675 -1.8221594 -0.10325993
-0.27931482 -2.3074026 -0.10118167
-0.3512906 -1.4942268 -0.10586983
-0.31132454 -1.9779935 -0.1023354
-0.2629032 -2.4617622 -0.10101404
-0.33942038 -1.6502506 -0.10448692
-0.29672647 -2.1329165 -0.10163786
-0.245655 -2.6151915 -0.10113644
-0.32666445 -1.80555 -0.10332579
-0.28128508 -2.2869003 -0.10119072
-0.35266083 -1.4803364 -0.10596107
-0.31304187 -1.9600261 -0.10237953
-0.2650093 -2.439937 -0.10102015
-0.34090203 -1.6349345 -0.10457354
-0.29856846 -2.11361 -0.10166345
-0.24790487 -2.5920346 -0.101150975
-0.32826146 -1.7888439 -0.1033944
-0.2832575 -2.26626 -0.10120426
-0.35403553 -1.4663343 -0.10605279
-0.31475875 -1.9419545 -0.10242675
-0.26711923 -2.4179602 -0.101030685
-0.34238535 -1.6195195 -0.104661115
-0.3004107 -2.094186 -0.10169209
-0.25016016 -2.5687141 -0.10117029
-0.32985854 -1.7720405 -0.103464514
-0.28523153 -2.2454877 -0.10122085
-0.35541457 -1.4522179 -0.10614478
-0.3164753 -1.9237788 -0.10247552
-0.2692323 -2.395838 -0.10104461
-0.34387058 -1.6040012 -0.104749046
-0.3022531 -2.074646 -0.10172217
-0.25242007 -2.5452375 -0.10119372
-0.3314561 -1.7551353 -0.10353498
-0.28720698 -2.224586 -0.10123908
-0.35679817 -1.4379807 -0.10623678
-0.3181919 -1.9054948 -0.10252428
-0.2713483 -2.3735747 -0.10106081
-0.3453582 -1.5883719 -0.10483677
-0.30409616 -2.054987 -0.10175207
-0.25468412 -2.5216124 -0.10122059
-0.33305475 -1.7381197 -0.103604645
-0.28918418 -2.203554 -0.10125746
-0.35818696 -1.4236125 -0.10632852
-0.31990936 -1.8870944 -0.102571495
-0.2734672 -2.3511727 -0.101078175
-0.34684905 -1.5726199 -0.10492366
-0.30594066 -2.035202 -0.10178014
-0.25695193 -2.497845 -0.10125027
-0.33465564 -1.7209812 -0.10367227
-0.2911639 -2.182387 -0.10127454
-0.35958195 -1.4090995 -0.1064197
-0.321629 -1.868565 -0.10261553
-0.2755896 -2.328632 -0.101095654
-0.34834442 -1.5567296 -0.10500907
-0.30778804 -2.0152798 -0.101804666
-0.25922343 -2.4739428 -0.10128216
-0.3362602 -1.703703 -0.10373655
-0.29314741 -2.1610785 -0.10128886
-0.36098456 -1.3944237 -0.10651002
-0.3233525 -1.8498895 -0.10265464
-0.2777163 -2.305952 -0.10111223
-0.34984592 -1.5406808 -0.10509227
-0.30964014 -1.9952055 -0.101823896
-0.26149872 -2.4499123 -0.101315774
-0.3378704 -1.6862634 -0.103796
-0.29513654 -2.139617 -0.10129901
-0.36239663 -1.379563 -0.10659921
-0.32508215 -1.831046 -0.10268692
-0.2798486 -2.2831297 -0.101127036
-0.35135564 -1.5244489 -0.10517242
-0.31149948 -1.9749589 -0.10183599
-0.26377806 -2.425762 -0.101350754
-0.33948871 -1.6686356 -0.103848875
-0.29713362 -2.117989 -0.101303644
-0.36382046 -1.3644903 -0.10668699
-0.32682082 -1.8120068 -0.10271022
-0.2819882 -2.2601612 -0.10113937
-0.35287622 -1.508004 -0.105248526
-0.3133692 -1.9545157 -0.10183907
-0.26606193 -2.4015002 -0.10138684
-0.34111816 -1.6507864 -0.10389315
-0.29914168 -2.0961785 -0.10130161
-0.36525887 -1.3491734 -0.10677312
-0.3285722 -1.7927386 -0.10272218
-0.2841371 -2.2370424 -0.10114879
-0.35441074 -1.4913096 -0.10531935
-0.3152534 -1.933847 -0.10183131
-0.2683508 -2.3771377 -0.101423904
-0.34276253 -1.6326764 -0.10392632
-0.30116427 -2.074167 -0.101292044
-0.36671528 -1.3335743 -0.10685746
-0.33034086 -1.7732012 -0.102720164
-0.28629756 -2.2137702 -0.10115517
-0.35596302 -1.4743228 -0.10538329
-0.31715694 -1.9129194 -0.10181105
-0.27064526 -2.3526866 -0.1014619
-0.3444265 -1.6142571 -0.10394531
-0.3032055 -2.0519352 -0.101274565
-0.3681937 -1.3176476 -0.106939934
-0.33213252 -1.7533474 -0.102701336
-0.28847203 -2.1903424 -0.101158746
-0.3575376 -1.4569911 -0.105438136
-0.3190857 -1.8916966 -0.10177708
-0.27294576 -2.3281612 -0.10150079
-0.34611592 -1.5954708 -0.10394621
-0.30526996 -2.029465 -0.10124942
-0.36969876 -1.3013395 -0.10702066
-0.33395436 -1.7331225 -0.10266285
-0.2906629 -2.1667595 -0.10116013
-0.3591398 -1.4392512 -0.105480686
-0.32104665 -1.8701407 -0.10172896
-0.27525273 -2.3035777 -0.101540454
-0.34783804 -1.5762471 -0.10392417
-0.30736238 -2.0067415 -0.10121765
-0.3712359 -1.2845857 -0.10710003
-0.3358154 -1.7124652 -0.10260227
-0.29287243 -2.143026 -0.10116021
-0.36077616 -1.4210253 -0.1055061
-0.32304752 -1.8482156 -0.101667546
-0.27756667 -2.2789538 -0.1015806
-0.34960252 -1.5565016 -0.10387334
-0.30948737 -1.9837551 -0.101181075
-0.37281135 -1.2673081 -0.10717886
-0.3377267 -1.69131 -0.10251852
-0.29510254 -2.1191502 -0.10115996
-0.36245453 -1.4022155 -0.10550676
-0.32509643 -1.8258922 -0.1015953
-0.27988818 -2.2543075 -0.10162068
-0.35142228 -1.5361333 -0.10378748
-0.31164896 -1.9605048 -0.10114207
-0.3744319 -1.2494099 -0.107258596
-0.33970147 -1.6695945 -0.102413125
-0.29735506 -2.0951445 -0.10116021
-0.36418536 -1.3826946 -0.10547049
-0.32720092 -1.8031536 -0.101516314
-0.28221852 -2.2296562 -0.10165984
-0.35331538 -1.5150262 -0.103662044
-0.31385043 -1.9369985 -0.10110308
-0.3761046 -1.230767 -0.107341126
-0.3417538 -1.64727 -0.10229153
-0.29963204 -2.0710247 -0.101161376
-0.36598402 -1.3622923 -0.10537879
-0.32936704 -1.7800007 -0.101435594
-0.2845601 -2.2050152 -0.101697005
-0.35530663 -1.4930631 -0.103499
-0.31609467 -1.9132535 -0.10106608
-0.3778354 -1.2112104 -0.107425466
-0.3438961 -1.624316 -0.10216298
-0.30193642 -2.0468087 -0.10116329
-0.36787945 -1.3407767 -0.10520972
-0.331599 -1.7564532 -0.10135778
-0.28691724 -2.180397 -0.10173094
-0.35742518 -1.470159 -0.10331305
-0.31838474 -1.8892949 -0.10103208
-0.37962714 -1.1904784 -0.107487
-0.34613603 -1.6007516 -0.10203757
-0.3042729 -2.0225146 -0.101165146
-0.36993662 -1.3178644 -0.104961894
-0.33390015 -1.7325478 -0.10128602
-0.2892968 -2.1558106 -0.10176051
-0.35969248 -1.4463143 -0.10312949
-0.32072523 -1.865153 -0.101000965
-0.38149786 -1.1680368 -0.10738258
-0.3484764 -1.576633 -0.10192267
-0.30664873 -1.9981601 -0.10116563
-0.3722874 -1.2934011 -0.10471169
-0.33627412 -1.7083337 -0.10122122
-0.29170856 -2.131259 -0.10178478
-0.38645533 -1.1151364 -0.106915615
-0.39220205 -1.0463167 -0.10648872
-0.38734218 -1.1136405 -0.10577506
-0.38200513 -1.1820694 -0.10511538
-0.37631506 -1.2506465 -0.104590945
-0.38326615 -1.1813465 -0.104243465
-0.37730163 -1.2504282 -0.10381057
-0.37127048 -1.3192189 -0.10343575
-0.37858543 -1.2511735 -0.10315772
-0.37218493 -1.3203425 -0.10283814
-0.36585167 -1.3891107 -0.10255332
-0.35953033 -1.4574691 -0.10230093
-0.3665618 -1.3914423 -0.10210912
-0.35999992 -1.4600232 -0.101891205
-0.3534824 -1.5282687 -0.10170178
-0.36044022 -1.463239 -0.101572506
-0.35371184 -1.5315777 -0.1014144
-0.34702978 -1.5996716 -0.10128395
-0.34036136 -1.6675627 -0.101179965
-0.3470107 -1.6034476 -0.10110619
-0.34018824 -1.6714005 -0.101034574
-0.3333747 -1.7392342 -0.10098965
-0.33992532 -1.6753986 -0.10096069
-0.33297825 -1.7432466 -0.10094959
-0.3260292 -1.8110439 -0.100965835
-0.31906098 -1.8788192 -0.10100821
-0.32541883 -1.8150721 -0.1010297
-0.31834087 -1.8828611 -0.10110982
-0.3112343 -1.9506714 -0.10121665
-0.3175251 -1.8868034 -0.10127764
-0.3103227 -1.954612 -0.101424225
-0.30308047 -2.0224671 -0.10159775
-0.2957922 -2.0903819 -0.10179639
-0.3019842 -2.0262678 -0.10191026
-0.29460797 -2.0941713 -0.102150664
-0.28717896 -2.1621368 -0.10241419
-0.2933319 -2.0978336 -0.102562234
-0.5843378 -2.462627 -0.33425245
-0.53247213 -1.9687538 -0.3000709
-0.48791444 -1.4711206 -0.26767355
-0.56916445 -2.3129826 -0.3240139
-0.51936877 -1.8166574 -0.29050887
-0.4759956 -1.3106154 -0.25901213
-0.5545496 -2.1625063 -0.31399998
-0.5067132 -1.6623002 -0.28112224
-0.59400916 -2.509505 -0.33856386
-0.54045606 -2.0106323 -0.3041946
-0.49444157 -1.5050803 -0.27191615
-0.5783557 -2.3587182 -0.32828024
-0.5268616 -1.8568369 -0.29459128
-0.48257533 -1.3444003 -0.2630168
-0.5632663 -2.2070735 -0.31821328
-0.51375896 -1.7006345 -0.28518862
-0.60386455 -2.5567887 -0.3428882
-0.5486985 -2.0539432 -0.30835122
-0.5011675 -1.541616 -0.2759969
-0.587783 -2.4051623 -0.3325875
-0.53463197 -1.8987621 -0.29869026
-0.48924696 -1.3797687 -0.26699644
-0.5722474 -2.2526422 -0.32247326
-0.5210722 -1.7410297 -0.28923166
-0.47890523 -1.2170417 -0.257435
-0.55722433 -2.0985425 -0.31255412
-0.50807965 -1.5803765 -0.2799785
-0.5974437 -2.4521601 -0.33693883
-0.5426959 -1.942261 -0.30282843
-0.49588326 -1.4168792 -0.27088344
-0.5815012 -2.2990775 -0.3267877
-0.5286731 -1.7832708 -0.29329556
-0.48517355 -1.2521385 -0.2614728
-0.56606025 -2.1443026 -0.31681532
-0.5152271 -1.621166 -0.28394648
-0.6073379 -2.4995787 -0.34133032
-0.5511226 -1.9871984 -0.3070242
-0.5025898 -1.4558947 -0.27471703
