0.056964032 -0.82916194 -0.06576178
0.012661362 -0.17713839 -0.043757487
-0.0021733958 0.26807162 -0.027744869
0.0023484265 0.32386127 -0.029848171
0.0570907 -0.827799 -0.06330571
0.012886783 -0.18025357 -0.043749757
-0.0019141979 0.26278895 -0.027741706
0.0025145025 0.3192292 -0.029832067
0.059308767 -0.85238945 -0.06487668
0.056291126 -0.845399 -0.06350537
0.06201879 -0.92891204 -0.063220836
0.0741489 -1.0902929 -0.0641796
0.09753383 -1.3734369 -0.0610003
0.1000553 -1.3859926 -0.036819644
0.10085853 -1.4140981 -0.024038948
0.092741154 -1.2845306 -0.023838121
0.097920865 -1.3795509 -0.060759548
0.10032682 -1.3914795 -0.036806148
0.10118852 -1.4205335 -0.02403915
0.09305445 -1.2911466 -0.023848977
0.09825215 -1.3863761 -0.0606665
0.10059703 -1.3970141 -0.03679222
0.10151332 -1.4268192 -0.024050104
0.09335977 -1.2973772 -0.023885695
0.098485395 -1.3928334 -0.06060711
0.10086369 -1.4025061 -0.036782354
0.101839624 -1.433282 -0.023998756
0.09366528 -1.3040575 -0.023768209
0.098516576 -1.3997768 -0.060564958
0.10112969 -1.4080546 -0.03676395
0.10216012 -1.4395461 -0.024099743
0.093960926 -1.310228 -0.02402905
0.098406896 -1.4064032 -0.06057773
0.10139229 -1.4135507 -0.03676209
0.102484025 -1.4460356 -0.023922378
0.09425846 -1.3169711 -0.023596609
0.09859384 -1.4130608 -0.060315717
0.10165509 -1.4191118 -0.03673632
0.10280254 -1.4522947 -0.024160415
0.09454583 -1.3231221 -0.024201034
0.0985381 -1.4193386 -0.06046079
0.101915516 -1.4246138 -0.03674041
0.10312551 -1.4587677 -0.023901267
0.09483501 -1.3298215 -0.02355886
0.098202914 -1.4261075 -0.060255773
0.102178514 -1.430183 -0.036719665
0.10345048 -1.4651016 -0.024044504
0.0951188 -1.336151 -0.02393784
0.10018915 -1.4587234 -0.0645768
0.08957268 -1.1203781 -0.03255908
0.100389026 -1.4372503 -0.021920547
0.104060024 -1.4618139 -0.02879682
0.10076772 -1.420938 -0.044801056
0.1063875 -1.688118 -0.046874307
0.113368206 -1.726407 -0.030393329
0.11237452 -1.7601206 -0.02177878
0.090733334 -1.4433559 -0.030024871
0.102282114 -1.4701954 -0.0666108
0.107323155 -1.5357969 -0.07618832
0.114369236 -1.604432 -0.08977417
0.10333788 -1.4871317 -0.06903258
0.109345876 -1.5565312 -0.08042138
-0.028674792 -2.1556315 -0.076357044
-0.020752873 -2.0535839 -0.076752834
0.007616012 -1.7344141 -0.08095858
-0.013702489 -1.958945 -0.07653235
0.0068330434 -1.6994063 -0.07889996
-0.010732466 -1.9233899 -0.075389504
0.10053231 -1.4602088 -0.065255195
0.10988193 -1.6025295 -0.06435162
0.102382414 -1.4628798 -0.06903653
0.11023774 -1.603704 -0.065316975
0.10021773 -1.4661229 -0.06947006
0.11840216 -1.6984644 -0.06792382
0.11707899 -1.6642106 -0.07584511
0.11450599 -1.6484637 -0.08933141
0.11383333 -1.6548295 -0.06569162
0.107197955 -1.5545745 -0.06719998
-0.12512264 -3.1177247 -0.07145153
-0.056033384 -2.432232 -0.06586696
-0.036789253 -2.2566478 -0.07624686
-0.10871158 -3.0156581 -0.06531294
-0.17767143 -3.6954784 -0.07308872
-0.20257631 -3.843158 -0.08727111
-0.13035767 -3.1629186 -0.072709695
-0.06062663 -2.4801497 -0.06570495
0.0035833812 -1.7519671 -0.07794811
-0.12951691 -3.1522398 -0.07274578
-0.059815466 -2.4694555 -0.065727405
0.006526741 -1.7385747 -0.07799265
0.10299279 -1.4828246 -0.06903319
0.10922172 -1.5545121 -0.08044034
0.098728076 -1.4310043 -0.068417124
0.104653925 -1.50303 -0.07238918
0.111668155 -1.5773294 -0.08497711
-0.15362291 -3.3641531 -0.07874348
-0.081482 -2.6900625 -0.06625708
-0.019810434 -1.9780096 -0.06984933
-0.15277785 -3.3535006 -0.07877227
-0.08069446 -2.6794739 -0.066298835
-0.019161219 -1.9670051 -0.06968794
0.099152535 -1.4482894 -0.066470355
0.10654191 -1.5250354 -0.07626312
0.1144251 -1.601259 -0.089848615
0.10189251 -1.4700764 -0.06905176
0.10884823 -1.5486081 -0.080501646
-0.17791043 -3.5644097 -0.08666977
-0.103067055 -2.896127 -0.06869162
-0.03643071 -2.2008579 -0.06695347
-0.17706908 -3.5537353 -0.086733885
-0.102270894 -2.885638 -0.06873373
-0.03566886 -2.1903868 -0.06692858
0.09768043 -1.4098514 -0.068311036
0.1038116 -1.4931344 -0.072443224
0.11150655 -1.5734055 -0.08503918
0.09816072 -1.4336363 -0.06647546
0.10594611 -1.5174221 -0.07632859
0.11446753 -1.5991516 -0.08990666
-0.12541316 -3.0993466 -0.07291935
-0.056022678 -2.4168365 -0.06583931
0.012433873 -1.6739154 -0.07872102
-0.124609865 -3.088837 -0.0729536
-0.055292357 -2.4064054 -0.0658644
0.011638704 -1.6624287 -0.079037964
0.10071029 -1.457941 -0.06909961
0.10847653 -1.5429484 -0.080569685
0.095566906 -1.3888185 -0.06865799
0.10291112 -1.4832261 -0.072511196
0.11134544 -1.5695595 -0.085106224
-0.14865763 -3.3005686 -0.0789184
-0.076838315 -2.6272542 -0.06650598
-0.011588094 -1.9127659 -0.069280565
-0.102121405 -2.136552 -0.097691014
-0.071421266 -1.8482687 -0.088955976
-0.044824053 -1.5341563 -0.077391036
-0.14278333 -3.0551772 -0.09031413
-0.10589092 -2.4592543 -0.092484646
-0.09370294 -2.1613286 -0.09471746
-0.10527339 -2.170312 -0.095727265
-0.003359632 -1.1098726 -0.0701204
0.022663413 -0.9690769 -0.073365316
0.033413917 -1.0526446 -0.074665725
0.024072025 -1.3873988 -0.077496335
-0.014518232 -1.1991 -0.06758526
0.017062923 -0.9801052 -0.07273923
0.032390144 -0.99836487 -0.07434497
0.030236932 -1.2484485 -0.075883314
-0.014356506 -1.1943812 -0.06766607
0.017418023 -0.9745848 -0.0727191
0.032863885 -0.9913438 -0.07433672
0.030851232 -1.2393411 -0.075860836
-0.01410693 -1.1896939 -0.067790985
0.01777944 -0.96906644 -0.07269936
0.033341765 -0.9843219 -0.07432641
0.03147107 -1.2302303 -0.07582722
-0.014064812 -1.1850717 -0.067957655
0.018069495 -0.9635814 -0.072679274
0.033759 -0.97732973 -0.074313514
0.032012153 -1.2211607 -0.075782046
-0.0136340745 -1.1804347 -0.06816184
0.018530916 -0.9580701 -0.07265742
0.034321506 -0.97031224 -0.07429685
0.032742947 -1.2120552 -0.07572409
-0.013852499 -1.1759068 -0.068396635
0.018670138 -0.95261854 -0.072631314
0.034607936 -0.9633476 -0.0742743
0.033113558 -1.2030215 -0.07565109
-0.013149886 -1.171354 -0.06865254
0.01928543 -0.9471349 -0.072597116
0.035302795 -0.95635206 -0.07424253
0.034019314 -1.1939439 -0.075559475
-0.013527922 -1.166831 -0.06891898
0.019325633 -0.94166607 -0.07255016
0.03550023 -0.94937146 -0.07419763
0.03427107 -1.18489 -0.07544582
0.085405126 -1.2436316 -0.06592564
0.0689217 -1.0230714 -0.06386958
0.0592904 -0.89305925 -0.06341763
0.056721117 -0.8428195 -0.06402609
0.058114294 -0.8533952 -0.06439842
0.05800844 -0.8749154 -0.06372637
0.06565127 -0.98069143 -0.0637887
0.079515204 -1.1683577 -0.06524934
0.058894347 -0.8610444 -0.064634375
0.058510695 -0.8802405 -0.063944384
0.066028744 -0.9841514 -0.06398637
0.07992478 -1.170285 -0.065444626
0.059232388 -0.86862636 -0.06487516
0.058754105 -0.8855081 -0.06416576
0.06610319 -0.9875519 -0.0641878
0.07969547 -1.1720998 -0.06564311
0.059960186 -0.8762992 -0.065119885
0.059224922 -0.89085406 -0.06438874
0.06644277 -0.9910427 -0.06439084
0.08002323 -1.1740934 -0.06584102
0.06042163 -0.88386893 -0.06536867
0.0595416 -0.89612556 -0.06461271
0.06660207 -0.99445367 -0.0645946
0.07996901 -1.1759312 -0.06603641
0.061036598 -0.8915208 -0.065621845
0.059947398 -0.901467 -0.06483754
0.066864796 -0.9979456 -0.06479872
0.08013266 -1.1779296 -0.066228226
0.08538409 -1.1619968 -0.07427933
0.13491058 -1.6924863 -0.08942203
0.18716794 -2.1783285 -0.098058216
0.18200247 -2.1389506 -0.10009741
0.15199219 -1.8692585 -0.098999955
0.13092509 -1.6892073 -0.09661989
0.11990683 -1.6265976 -0.0952659
0.07960372 -1.1722949 -0.06649461
0.0669133 -0.9994385 -0.065186225
0.06057439 -0.9099736 -0.06531927
0.06243517 -0.9088492 -0.06615666
0.079504155 -1.170243 -0.06631011
0.06667668 -0.99587667 -0.064980075
0.060188502 -0.90455425 -0.065091014
0.06185887 -0.90110224 -0.065888405
0.061391674 -0.9249269 -0.063673995
0.06162896 -0.9136972 -0.058736734
0.064755276 -0.9583037 -0.06426419
0.064755395 -0.9444161 -0.06058172
0.06818568 -0.99173325 -0.0644943
0.06779823 -0.97433084 -0.06470044
0.08033359 -1.1028371 -0.06854729
0.1429969 -1.72531 -0.086556375
0.19768386 -2.2472281 -0.09645339
0.18438838 -2.1504593 -0.0972836
0.1320628 -1.6567644 -0.087981194
0.08111252 -1.1071242 -0.071651004
0.17046146 -2.0258415 -0.0954944
0.11904773 -1.524426 -0.08470837
0.20680867 -2.3438904 -0.0995121
0.15256868 -1.8593786 -0.09255298
0.10187228 -1.3425019 -0.07960083
0.18760572 -2.179938 -0.09780386
0.13513665 -1.6899979 -0.08897079
0.08473282 -1.1506598 -0.073378965
0.16915922 -2.0155456 -0.09549152
0.11798733 -1.5159112 -0.084693424
0.20538913 -2.3326926 -0.09952274
0.15133291 -1.8496219 -0.09255018
0.10096389 -1.3349295 -0.07959088
0.18624376 -2.1691697 -0.09780387
0.13397703 -1.680811 -0.08895458
0.08402921 -1.1443098 -0.07342872
0.16785881 -2.0052602 -0.09549565
0.11693101 -1.5074476 -0.084690236
0.20396851 -2.3214846 -0.09952973
0.15009986 -1.839855 -0.09253618
0.1000545 -1.32732 -0.07956821
-0.10257474 -2.1403937 -0.09777125
-0.07199733 -1.8536632 -0.08894312
-0.0470809 -1.5427145 -0.07723665
-0.10303452 -2.144287 -0.097852424
-0.0725727 -1.8591276 -0.08892896
-0.049637392 -1.551526 -0.077036895
-0.10350099 -2.148218 -0.097934335
-0.073146045 -1.8646429 -0.08891392
-0.05192939 -1.5608096 -0.07679111
-0.10397406 -2.1521606 -0.09801714
-0.073714815 -1.8701116 -0.088898465
-0.053281005 -1.5697386 -0.07649925
-0.10445438 -2.156105 -0.09810085
-0.0742781 -1.8754807 -0.08888287
-0.05405301 -1.5775472 -0.07616485
-0.10494175 -2.160071 -0.09818576
-0.07483619 -1.8808414 -0.08886809
-0.053823754 -1.5853236 -0.07579444
-0.10544136 -2.1640792 -0.09827159
-0.07540061 -1.8862629 -0.08885357
-0.053328145 -1.5934596 -0.07539162
-0.105947234 -2.1681523 -0.09835983
-0.07595413 -1.8917663 -0.08884284
-0.053060617 -1.6017919 -0.07496864
-0.106593095 -2.1722317 -0.09844733
-0.07672579 -1.8972307 -0.08883008
-0.053076442 -1.610082 -0.07453321
-0.05744362 -1.6834304 -0.07413137
-0.04719426 -1.5085762 -0.06877842
-0.059157144 -1.6971679 -0.07203712
-0.04473967 -1.5232615 -0.06539655
-0.060743406 -1.7104442 -0.07020448
-0.049428843 -1.5368202 -0.06710341
-0.13430813 -2.3668153 -0.09892711
-0.11227445 -2.1487966 -0.08880551
-0.088674076 -1.9562659 -0.07413099
0.07884574 -0.60125774 -0.049421035
0.054107778 -0.44373006 -0.04887078
0.041042086 -0.30399504 -0.04984938
0.027017334 -0.2021689 -0.05166978
0.07922027 -0.5667522 -0.05027077
0.05420327 -0.42852452 -0.05002905
0.04109841 -0.3022616 -0.050868005
0.02693737 -0.21269219 -0.05271144
0.07941431 -0.53404206 -0.051061578
0.05433955 -0.41350028 -0.051155455
0.041158438 -0.3006561 -0.051871438
0.026829338 -0.22326064 -0.05371511
0.079456255 -0.5028411 -0.051873796
0.054514866 -0.3986963 -0.052252986
0.04122083 -0.2991822 -0.052860215
0.026693033 -0.23384847 -0.05468753
0.079405986 -0.47294557 -0.052711327
0.05472845 -0.38415113 -0.053324413
0.04128577 -0.29784095 -0.05383381
0.026530147 -0.244426 -0.055632584
0.079312794 -0.4442216 -0.053575926
0.0549791 -0.36990297 -0.054371733
0.041352868 -0.29663467 -0.054792996
0.02634156 -0.25496638 -0.056554228
0.07921404 -0.41657805 -0.054462004
0.055265326 -0.35598883 -0.055395693
0.041421965 -0.29556513 -0.055738255
0.026128924 -0.26544318 -0.057454295
0.079134434 -0.38995537 -0.055363674
0.05558509 -0.34244424 -0.056396402
0.041492812 -0.29463422 -0.05667016
0.02589429 -0.2758323 -0.05833391
0.079089604 -0.3643143 -0.0562747
0.055935822 -0.3293025 -0.057373576
0.0415652 -0.29384366 -0.05758901
0.025640292 -0.28611246 -0.059193652
0.07908838 -0.33962995 -0.0571895
0.05631443 -0.3165942 -0.058326844
0.041638903 -0.29319516 -0.058494877
0.025369955 -0.29626575 -0.06003407
0.07913522 -0.31588733 -0.058103096
0.056717504 -0.3043468 -0.059255913
0.04171371 -0.29269043 -0.05938759
0.02508648 -0.306278 -0.060855776
0.07923158 -0.29307863 -0.059011176
0.057141416 -0.2925844 -0.060160637
0.041789412 -0.29233116 -0.060266756
0.02479304 -0.31613868 -0.061659522
0.07937703 -0.2712009 -0.059910014
0.057582505 -0.28132755 -0.06104103
0.041865796 -0.2921191 -0.061131816
0.024492633 -0.32584083 -0.06244616
0.07956993 -0.2502549 -0.06079639
0.05803719 -0.27059352 -0.061897244
0.04194266 -0.29205593 -0.061982084
0.024187936 -0.33538052 -0.063216545
0.07980783 -0.23024398 -0.061667535
0.05850209 -0.26039645 -0.0627295
0.042019784 -0.2921434 -0.06281679
0.023881245 -0.3447566 -0.06397152
0.08008778 -0.21117328 -0.06252105
0.058974035 -0.25074762 -0.063538074
0.042096958 -0.29238328 -0.063635126
0.023574488 -0.35397008 -0.06471183
0.08040658 -0.19304913 -0.06335487
0.059450205 -0.24165586 -0.06432322
0.04217396 -0.29277733 -0.06443628
0.02326915 -0.3630237 -0.06543809
0.08076076 -0.17587861 -0.06416722
0.05992804 -0.23312779 -0.06508514
0.042250555 -0.2933272 -0.06521945
0.022966392 -0.3719216 -0.066150784
0.081146814 -0.15966919 -0.064956576
0.060405284 -0.22516827 -0.06582401
0.042326503 -0.29403475 -0.06598388
0.022667054 -0.3806688 -0.06685027
0.08156119 -0.14442842 -0.065721646
0.060879968 -0.21778071 -0.066539906
0.04240154 -0.29490158 -0.06672885
0.022371674 -0.38927096 -0.06753672
0.0820003 -0.13016364 -0.06646131
0.06135036 -0.21096721 -0.06723283
0.0424754 -0.29592937 -0.06745374
0.0220806 -0.39773428 -0.06821025
0.0824606 -0.116881914 -0.06717465
0.061814927 -0.20472896 -0.06790272
0.04254779 -0.29711977 -0.06815798
0.021794 -0.40606505 -0.06887086
0.08293857 -0.10458985 -0.06786087
0.062272325 -0.19906633 -0.06854943
0.04261841 -0.29847422 -0.06884108
0.021511903 -0.41426966 -0.06951845
0.08343079 -0.09329348 -0.06851931
0.062721364 -0.19397907 -0.06917278
0.042686928 -0.29999423 -0.06950259
0.021234227 -0.42235455 -0.07015286
0.08393387 -0.08299823 -0.06914942
0.06316094 -0.18946642 -0.06977252
0.042753026 -0.30168107 -0.070142195
0.020960843 -0.43032596 -0.07077393
0.08444453 -0.07370877 -0.06975074
0.06359007 -0.18552718 -0.07034839
0.04281634 -0.30353597 -0.070759594
0.020691544 -0.43819004 -0.071381435
0.08495959 -0.065429196 -0.07032287
0.06400783 -0.18215984 -0.07090008
0.042876516 -0.30555993 -0.07135456
0.020426081 -0.4459527 -0.07197513
0.08547593 -0.05816278 -0.07086552
0.064413354 -0.1793626 -0.0714273
0.04293318 -0.30775395 -0.07192694
0.020164216 -0.45361972 -0.07255479
0.08599054 -0.051912133 -0.07137842
0.0648058 -0.17713337 -0.071929716
0.04298596 -0.31011868 -0.07247659
0.019905666 -0.4611965 -0.07312018
0.08650052 -0.046679158 -0.07186133
0.065184355 -0.17546988 -0.072407015
0.043034464 -0.3126547 -0.07300344
0.019650145 -0.4686884 -0.07367106
0.087003015 -0.04246505 -0.07231409
0.06554824 -0.17436959 -0.07285891
0.04307832 -0.3153624 -0.073507465
0.019397391 -0.47610036 -0.07420724
0.087495305 -0.03927035 -0.072736554
0.06589668 -0.17382981 -0.0732851
0.043117132 -0.31824192 -0.07398863
0.019147111 -0.48343718 -0.07472851
0.08797472 -0.03709491 -0.0731286
0.0662289 -0.1738476 -0.07368533
0.043150537 -0.32129332 -0.07444698
0.018899055 -0.4907034 -0.0752347
0.088438705 -0.035937954 -0.073490135
0.06654413 -0.17441984 -0.07405936
0.043178145 -0.32451636 -0.074882545
0.018652946 -0.49790344 -0.07572567
0.08888473 -0.03579808 -0.07382109
0.06684162 -0.17554313 -0.074406974
0.043199606 -0.32791066 -0.07529539
0.018408552 -0.5050413 -0.07620128
0.0893104 -0.03667328 -0.074121416
0.06712058 -0.17721394 -0.07472799
0.043214563 -0.33147565 -0.075685605
0.018165626 -0.512121 -0.07666143
0.08971334 -0.038560953 -0.074391074
0.06738028 -0.17942844 -0.07502225
0.043222677 -0.33521056 -0.07605328
0.017923936 -0.51914626 -0.077106014
0.09009127 -0.041457906 -0.07463005
0.06761995 -0.18218261 -0.07528965
0.043223634 -0.33911452 -0.07639854
0.01768329 -0.5261206 -0.077535
0.09044194 -0.045360398 -0.074838355
0.06783884 -0.18547215 -0.0755301
0.043217126 -0.3431864 -0.076721504
0.01744348 -0.5330474 -0.07794833
0.09076319 -0.050264135 -0.07501601
0.0680362 -0.18929252 -0.07574355
0.04320288 -0.347425 -0.07702234
0.01720433 -0.53992987 -0.078345984
0.091052875 -0.05616424 -0.07516305
0.06821129 -0.1936389 -0.07592999
0.043180637 -0.35182893 -0.077301174
0.01696567 -0.5467711 -0.078727946
0.09130893 -0.06305528 -0.075279534
0.068363376 -0.19850624 -0.07608946
0.043150164 -0.35639673 -0.077558205
0.01672735 -0.553574 -0.07909423
0.09152933 -0.07093138 -0.07536554
0.068491735 -0.20388924 -0.07622201
0.043111257 -0.3611269 -0.07779361
0.01648924 -0.5603416 -0.07944488
0.09171209 -0.07978592 -0.075421184
0.06859566 -0.20978218 -0.07632777
0.043063752 -0.36601764 -0.0780076
0.016251227 -0.56707627 -0.079779916
0.09185525 -0.08961199 -0.075446576
0.06867445 -0.21617928 -0.07640688
0.043007493 -0.3710674 -0.078200385
0.01601319 -0.5737809 -0.08009938
0.09195692 -0.10040181 -0.075441875
0.06872745 -0.22307426 -0.07645954
0.04294238 -0.37627438 -0.0783722
0.015775064 -0.58045787 -0.08040336
0.09201523 -0.11214734 -0.07540726
0.06875399 -0.2304607 -0.07648599
0.04286833 -0.3816369 -0.078523315
0.0155367665 -0.5871098 -0.0806919
0.092028335 -0.12483967 -0.07534292
0.06875342 -0.23833178 -0.07648653
0.042785313 -0.3871532 -0.078653984
0.015298242 -0.5937389 -0.08096507
0.091994435 -0.13846959 -0.075249106
0.06872515 -0.24668056 -0.07646149
0.042693328 -0.39282173 -0.078764506
0.015059452 -0.60034776 -0.08122296
0.09191179 -0.15302709 -0.07512609
0.06866859 -0.25549963 -0.07641127
0.042592417 -0.398641 -0.078855194
0.014820376 -0.6069386 -0.081465654
0.09177862 -0.16850147 -0.074974164
0.06858317 -0.26478136 -0.076336324
0.04248265 -0.4046095 -0.07892638
0.014580988 -0.6135137 -0.0816932
0.091593266 -0.18488158 -0.07479369
0.068468384 -0.27451786 -0.07623717
0.04236417 -0.41072613 -0.07897843
0.014341308 -0.62007546 -0.081905715
0.09135405 -0.2021555 -0.07458506
0.068323754 -0.284701 -0.07611441
0.042237133 -0.41698992 -0.07901173
0.014101349 -0.62662613 -0.08210325
0.09105929 -0.22031054 -0.074348696
0.06814879 -0.2953222 -0.07596865
0.042101733 -0.42340016 -0.07902667
0.013861125 -0.633168 -0.082285866
0.09070743 -0.23933342 -0.07408511
0.06794311 -0.3063729 -0.075800665
0.041958243 -0.42995644 -0.0790237
0.013620695 -0.6397034 -0.08245363
0.09029686 -0.25920993 -0.07379483
0.06770633 -0.317844 -0.07561124
0.041806947 -0.43665874 -0.07900328
0.013380106 -0.64623463 -0.08260658
0.08982604 -0.2799252 -0.073478475
0.067438126 -0.32972628 -0.07540127
0.04164818 -0.4435075 -0.07896591
0.013139425 -0.65276414 -0.08274475
0.089293495 -0.30146343 -0.073136725
0.067138225 -0.3420103 -0.075171754
0.04148233 -0.45050356 -0.07891212
0.012898744 -0.65929437 -0.08286815
0.08869773 -0.32380804 -0.07277033
0.066806406 -0.35468635 -0.07492377
0.0413098 -0.45764837 -0.07884245
0.012658152 -0.66582763 -0.08297679
0.08803736 -0.34694153 -0.07238012
0.06644251 -0.36774457 -0.07465852
0.041131046 -0.4649439 -0.07875753
0.012417771 -0.6723666 -0.083070636
0.087310955 -0.3708454 -0.07196704
0.06604643 -0.3811749 -0.07437731
0.04094654 -0.47239283 -0.078657985
0.012177724 -0.6789137 -0.08314962
0.08651719 -0.39550012 -0.071532115
0.06561812 -0.394967 -0.07408158
0.040756788 -0.47999838 -0.078544475
0.011938168 -0.6854717 -0.083213665
0.08565483 -0.42088526 -0.07107649
0.06515763 -0.40911064 -0.07377288
0.04056232 -0.48776475 -0.07841773
0.011699287 -0.69204324 -0.08326265
0.084722616 -0.44697928 -0.07060143
0.064665064 -0.42359537 -0.073452905
0.040363662 -0.49569672 -0.07827853
0.011461287 -0.69863117 -0.08329641
0.08371943 -0.47375932 -0.07010836
0.06414064 -0.4384106 -0.073123515
0.04016136 -0.5038 -0.07812767
0.01122442 -0.70523846 -0.08331475
0.082644165 -0.50120157 -0.06959884
0.06358463 -0.45354587 -0.072786726
0.03995593 -0.512081 -0.07796603
0.010988971 -0.7118681 -0.08331737
0.081495866 -0.5292809 -0.0690746
0.062997445 -0.46899068 -0.07244469
0.03974789 -0.5205473 -0.077794515
0.010755293 -0.7185235 -0.08330398
0.0802736 -0.5579711 -0.06853759
0.062379573 -0.48473483 -0.07209978
0.03953771 -0.5292071 -0.07761412
0.01052379 -0.72520816 -0.08327416
0.07897661 -0.58724445 -0.067989945
0.06173165 -0.50076795 -0.07175453
0.03932583 -0.5380696 -0.077425875
0.010294957 -0.7319258 -0.083227456
0.0776042 -0.617072 -0.067434065
0.061054416 -0.51708037 -0.07141168
0.0391126 -0.5471449 -0.07723088
0.01006937 -0.73868054 -0.08316328
0.07615588 -0.64742357 -0.06687258
0.060348783 -0.53366244 -0.071074165
0.03889834 -0.5564438 -0.07703029
0.009847731 -0.7454772 -0.08308097
0.07463125 -0.6782676 -0.06630844
0.059615795 -0.55050534 -0.07074518
0.038683243 -0.5659781 -0.07682535
0.00963086 -0.7523209 -0.08297975
0.07303014 -0.70957094 -0.06574492
0.058856674 -0.56760055 -0.070428096
0.038467415 -0.57576 -0.07661733
0.009419731 -0.7592175 -0.08285871
0.07135249 -0.74129957 -0.065185644
0.058072798 -0.5849406 -0.07012656
0.03825084 -0.5858026 -0.07640757
0.009215482 -0.7661741 -0.082716785
0.069598556 -0.7734178 -0.06463462
0.05726578 -0.60251886 -0.06984444
0.038033392 -0.59611934 -0.07619747
0.009019456 -0.7731984 -0.08255279
0.06776878 -0.8058886 -0.064096294
0.056437414 -0.6203298 -0.069585845
0.037814815 -0.60672396 -0.07598847
0.008833198 -0.78029996 -0.08236535
0.06586382 -0.83867425 -0.06357559
0.055589676 -0.6383695 -0.06935512
0.037594702 -0.61763054 -0.075782046
0.008658468 -0.78748983 -0.082152925
0.06388469 -0.87173516 -0.06307791
0.05472481 -0.6566353 -0.06915683
0.037372556 -0.6288531 -0.07557967
0.008497272 -0.7947809 -0.081913814
0.061832607 -0.90503144 -0.06260923
0.053845204 -0.6751267 -0.06899574
0.03714773 -0.6404055 -0.07538284
0.008351814 -0.80218875 -0.08164616
0.059709113 -0.9385215 -0.062176112
0.052953444 -0.6938449 -0.06887677
0.036919493 -0.65230125 -0.075192995
0.008224497 -0.8097313 -0.08134791
0.05751607 -0.9721635 -0.06178571
0.05205229 -0.71279395 -0.06880495
0.03668703 -0.66455346 -0.07501152
0.008117869 -0.8174299 -0.081016965
0.05525561 -1.0059144 -0.061445873
0.05114457 -0.73197985 -0.06878532
0.036449477 -0.67717445 -0.074839704
0.008034526 -0.8253092 -0.0806511
0.052930113 -1.0397305 -0.061165165
0.05023313 -0.75141156 -0.06882287
0.036205932 -0.6901756 -0.07467871
0.007976996 -0.83339757 -0.080248065
0.050542276 -1.0735677 -0.06095287
0.04932077 -0.77110064 -0.068922356
0.035955533 -0.70356727 -0.074529506
0.007947588 -0.8417274 -0.07980573
0.048094925 -1.1073809 -0.060819104
0.048410065 -0.79106104 -0.069088176
0.03569741 -0.71735877 -0.07439284
0.007948166 -0.8503346 -0.07932207
0.045591082 -1.1411244 -0.060774848
0.04750331 -0.8113093 -0.06932412
0.035430793 -0.73155797 -0.07426922
0.007979949 -0.85925895 -0.07879534
0.04303393 -1.1747509 -0.060831986
0.046602394 -0.8318633 -0.06963315
0.035155 -0.7461713 -0.07415886
0.008043282 -0.8685427 -0.07822421
0.04042665 -1.208213 -0.06100359
0.045708697 -0.8527424 -0.070016995
0.034869403 -0.7612039 -0.07406169
0.00813745 -0.87823 -0.077607855
0.03777241 -1.2414602 -0.061303936
0.044823073 -0.8739657 -0.07047568
0.034573425 -0.7766592 -0.07397738
0.008260576 -0.88836527 -0.07694619
0.035074726 -1.2744405 -0.061749678
0.043945983 -0.89555174 -0.0710068
0.034266476 -0.7925393 -0.07390546
0.008409793 -0.89899147 -0.076240376
0.032337233 -1.3070955 -0.06235985
0.043077525 -0.9175167 -0.07160406
0.033947725 -0.8088446 -0.07384538
0.008581415 -0.91014796 -0.07549366
0.029567296 -1.3393631 -0.06316266
0.04221795 -0.93987375 -0.072255164
0.033616107 -0.8255739 -0.07379671
0.008771776 -0.92186886 -0.07471347
0.026775844 -1.37116 -0.0641952
0.041367307 -0.96263355 -0.07293842
0.03326967 -0.84272534 -0.07375984
0.00897744 -0.9341831 -0.073916405
0.024003953 -1.402391 -0.06554808
0.040526237 -0.9857981 -0.073614754
0.03290616 -0.86029124 -0.07373382
0.0091964165 -0.947106 -0.073132485
0.021331549 -1.4328543 -0.067351356
0.039693855 -1.0093815 -0.07423101
0.03252236 -0.87827533 -0.07372464
0.009427213 -0.9606638 -0.072428346
0.019074365 -1.4621295 -0.07031571
0.038865887 -1.0333331 -0.07470703
0.032113846 -0.8966259 -0.073730856
0.0096635455 -0.9747904 -0.07188593
0.082179725 -0.6401167 -0.04684554
0.06874131 -0.6883605 -0.04674527
0.07251806 -0.5753361 -0.048175346
0.07873662 -0.47705558 -0.05098107
0.07019073 -0.49540374 -0.051448237
0.074451454 -0.40425932 -0.05379484
0.078758344 -0.3301476 -0.056449406
0.08104962 -0.27255633 -0.059129108
0.0780797 -0.24866974 -0.059542373
0.08120252 -0.19809194 -0.06163276
0.083027475 -0.16099249 -0.06366151
0.08321983 -0.11384795 -0.06452025
0.08534224 -0.08567791 -0.06609347
0.08657301 -0.06827344 -0.06760373
0.086635575 -0.06038853 -0.06901578
0.09038435 0.0018530999 -0.06969948
0.09098114 0.0009011799 -0.070783384
0.09070999 -0.007451831 -0.071789056
0.0956668 0.06023586 -0.07245962
0.09563141 0.04247165 -0.07316369
0.094879866 0.019273914 -0.073798716
0.0933795 -0.00846667 -0.074355364
0.100015715 0.053049542 -0.07474757
0.09870553 0.01653138 -0.075028665
0.09673644 -0.022685483 -0.0752422
0.10369704 0.029710613 -0.07554456
0.10177588 -0.01851565 -0.07548014
0.09924786 -0.0675759 -0.07535805
0.09615948 -0.11666673 -0.075180344
0.10370105 -0.088380374 -0.075164355
0.10054673 -0.14552368 -0.074715175
0.09688116 -0.20078494 -0.07422635
0.10409601 -0.19530964 -0.07410483
0.100269474 -0.2586237 -0.07334197
0.09596057 -0.3180404 -0.0725601
0.09129481 -0.37279478 -0.07177872
0.098062254 -0.408694 -0.07129006
0.09304278 -0.47001505 -0.07024507
0.08773768 -0.5244895 -0.06924094
0.093579195 -0.5972765 -0.068648495
0.087778345 -0.65793735 -0.067389965
0.08175615 -0.7093314 -0.066232815
0.07579091 -0.7508691 -0.065244205
0.079821974 -0.88258606 -0.06418611
0.07295127 -0.92758566 -0.062997706
0.06643027 -0.9600724 -0.062108338
0.06878104 -1.1438947 -0.060996626
0.060817365 -1.1785101 -0.06001898
0.053788796 -1.197795 -0.059536785
0.047932394 -1.2023666 -0.059669126
0.04442777 -1.4586984 -0.05842684
0.037083056 -1.4606874 -0.059010703
0.032308772 -1.4463888 -0.060249552
0.021591045 -1.7557045 -0.061032455
0.013899358 -1.7377714 -0.06449962
0.011223712 -1.7065656 -0.06862003
0.0044190297 -0.13043498 -0.054370485
0.0031783623 -0.16430327 -0.05328718
0.003326738 -0.2081174 -0.054963633
0.0028324078 -0.258009 -0.056655385
0.0006860216 -0.27996033 -0.056525216
0.00094214524 -0.323209 -0.058165412
0.00052666315 -0.37282446 -0.059981618
-0.00072168536 -0.42846212 -0.06182332
-0.0014504889 -0.4214903 -0.062147994
-0.0020372167 -0.4724708 -0.06378977
-0.0031160794 -0.52890843 -0.06556164
-0.00328085 -0.50460815 -0.066097505
-0.004376375 -0.5574488 -0.06758384
-0.0055969297 -0.6151595 -0.06917771
-0.0074834153 -0.6778129 -0.07079035
-0.0064392854 -0.62952584 -0.07110335
-0.007917717 -0.68876815 -0.072527
-0.009650849 -0.7524779 -0.073974594
-0.00822514 -0.6903944 -0.0742953
-0.010039045 -0.7513839 -0.07557616
-0.011847981 -0.8165835 -0.07685412
-0.014096444 -0.88590086 -0.07808234
-0.011986023 -0.8044426 -0.078294165
-0.013941622 -0.87154156 -0.07943876
-0.016025405 -0.94263375 -0.08053229
-0.013754861 -0.8491515 -0.08066516
-0.015943915 -0.91853386 -0.081705
-0.01805566 -0.99197996 -0.08267208
-0.020495333 -1.0693091 -0.0835463
-0.017864602 -0.95852715 -0.08365694
-0.020093638 -1.034825 -0.08454936
-0.02237818 -1.1152463 -0.08532581
-0.019686325 -0.9923178 -0.08523181
-0.022154648 -1.0718437 -0.08606676
-0.024493365 -1.155946 -0.08675147
-0.027132375 -1.2442808 -0.08728818
-0.02422748 -1.1035388 -0.08724891
-0.026741786 -1.1917354 -0.08789208
-0.029318323 -1.2847475 -0.08831946
-0.026263373 -1.130309 -0.08794317
-0.029081387 -1.2227981 -0.088508494
-0.031876743 -1.3208863 -0.08877415
-0.035028506 -1.4236177 -0.0888002
-0.031442154 -1.2492791 -0.08867457
-0.034594994 -1.35265 -0.08872877
-0.038129807 -1.4609444 -0.08836778
-0.03366817 -1.2713239 -0.08811974
-0.037161432 -1.380239 -0.087766804
-0.04147821 -1.4940894 -0.086716734
-0.046226483 -1.6098063 -0.08541451
-0.03943875 -1.4041176 -0.086248495
-0.044770814 -1.5240694 -0.08402604
-0.050999273 -1.6423739 -0.08158147
-0.040875178 -1.4245015 -0.08373935
-0.047528703 -1.552733 -0.07974229
-0.055485077 -1.6721456 -0.07669476
0.0026272116 -0.00930532 -0.051256683
0.009317418 0.03604496 -0.050978158
0.008019958 0.082666986 -0.04907136
0.004628896 0.117251664 -0.0462026
0.009729831 0.18919612 -0.045803305
0.0074415635 0.22016217 -0.04340205
0.004935143 0.23683046 -0.04082922
0.0035775579 0.23943336 -0.038277254
0.0052711912 0.35134012 -0.037937697
0.003448245 0.34943888 -0.035960313
0.0024765234 0.33573925 -0.034080468
0.0017751636 0.47035417 -0.033401057
0.00060732523 0.4502916 -0.031980537
7.7597266e-05 0.42056587 -0.030664042
0.00041085243 0.38216156 -0.029472705
-0.0029610156 0.5345683 -0.029011846
-0.0030263916 0.48973906 -0.028179323
-0.0024128768 0.43797 -0.027459258
-0.0067127445 0.5985519 -0.027046544
-0.0063202735 0.5398381 -0.026650624
-0.005337304 0.4757961 -0.026360074
-0.0037265418 0.40714163 -0.02618025
-0.009384656 0.56823343 -0.026058236
-0.007993758 0.49317738 -0.026168633
-0.0060285763 0.41497645 -0.026380653
-0.011867602 0.57292396 -0.026369344
-0.010051538 0.48821324 -0.026857277
-0.0076901405 0.40178147 -0.02743786
-0.0048106033 0.31423262 -0.028111862
-0.011211222 0.45949328 -0.028387135
-0.008435449 0.36623037 -0.029312426
-0.005167987 0.2731913 -0.030319473
-0.011192534 0.406059 -0.03071033
-0.008007865 0.30743948 -0.03195387
-0.004344485 0.21034741 -0.033266068
-0.00027309565 0.11528999 -0.034642473
-0.006174139 0.22496064 -0.035300393
-0.00212344 0.12532763 -0.036885157
0.00231943 0.02895358 -0.038515136
-0.002723026 0.118780404 -0.039275024
0.0016801934 0.01820117 -0.04109278
0.0064862827 -0.07791991 -0.042931348
0.0115547525 -0.16920237 -0.04477388
0.007209514 -0.11051239 -0.04577624
0.012364359 -0.20469643 -0.047762383
0.017772034 -0.29290676 -0.049707912
0.014567548 -0.2598091 -0.050770372
0.020046163 -0.3502256 -0.052811116
0.025775585 -0.4335465 -0.054744992
0.031523585 -0.5096938 -0.056531694
0.029620117 -0.51264626 -0.05772754
0.03559975 -0.58920205 -0.059447903
0.041488547 -0.6577542 -0.060942065
0.041350495 -0.6883952 -0.061785266
0.047507204 -0.7566319 -0.06282826
0.05306881 -0.81697947 -0.06356622
0.080543295 -0.7912171 -0.039869294
0.054299463 -0.5213824 -0.042759545
0.04081168 -0.314633 -0.044637937
0.026916202 -0.15129952 -0.04615698
0.081554495 -0.8241458 -0.03888633
0.054476615 -0.5368933 -0.04154961
0.040778175 -0.3171001 -0.043597575
0.026798055 -0.14164428 -0.045074254
0.08236859 -0.85509926 -0.037992693
0.054698993 -0.55231756 -0.040366717
0.04075058 -0.31967953 -0.042568125
0.026652206 -0.13223234 -0.044015225
0.0830228 -0.88440347 -0.037142623
0.054963727 -0.56762695 -0.039215982
0.04072813 -0.3223701 -0.041552316
0.026479376 -0.12308889 -0.042980496
0.08355846 -0.9122736 -0.036296003
0.05526932 -0.5827891 -0.038100872
0.040711414 -0.32517195 -0.040553242
0.02628163 -0.114241734 -0.041971393
0.08401666 -0.9388729 -0.03545089
0.055613417 -0.5977681 -0.03702355
0.04070046 -0.3280827 -0.03957283
0.02606073 -0.10571637 -0.04098856
0.08442773 -0.9643181 -0.034608625
0.055993542 -0.6125292 -0.035985995
0.040695474 -0.33109972 -0.038612988
0.025818963 -0.09753709 -0.04003313
0.084813595 -0.9886986 -0.03377396
0.056406602 -0.62703973 -0.03498962
0.040696546 -0.33421987 -0.037675194
0.02555897 -0.089725874 -0.03910605
0.08518912 -1.0120825 -0.032951474
0.056849096 -0.6412701 -0.0340355
0.04070378 -0.3374401 -0.036760833
0.025283761 -0.08230212 -0.038208134
0.08556418 -1.0345235 -0.032145504
0.05731713 -0.65519434 -0.033124246
0.040717255 -0.3407573 -0.035871156
0.024996547 -0.075282276 -0.03733993
0.08594505 -1.0560648 -0.03135972
0.05780659 -0.66879046 -0.032256044
0.040737037 -0.34416845 -0.03500735
0.024700606 -0.06867962 -0.036501706
0.086335495 -1.076742 -0.030597256
0.058313265 -0.68204045 -0.031430695
0.04076317 -0.34767044 -0.034170557
0.02439913 -0.062504366 -0.035693504
0.08673756 -1.0965844 -0.029860707
0.05883307 -0.6949304 -0.03064768
0.04079569 -0.35126027 -0.033361882
0.024095086 -0.05676377 -0.03491521
0.087152 -1.1156174 -0.029152187
0.059362084 -0.7074502 -0.029906206
0.040834613 -0.35493496 -0.03258233
0.023791164 -0.051462516 -0.034166597
0.08757873 -1.1338625 -0.028473407
0.059896696 -0.7195934 -0.029205317
0.040879928 -0.35869148 -0.03183286
0.023489704 -0.046603072 -0.03344741
0.08801712 -1.1513394 -0.027825808
0.060433723 -0.7313567 -0.028544042
0.040931612 -0.36252698 -0.031114386
0.023192674 -0.042186067 -0.032757476
0.08846607 -1.1680655 -0.027210463
0.060970344 -0.74273944 -0.027921334
0.040989622 -0.36643857 -0.030427705
0.022901708 -0.03821073 -0.032096624
0.08892418 -1.184057 -0.026628219
0.061504148 -0.7537433 -0.02733619
0.041053887 -0.3704235 -0.029773535
0.022618126 -0.034675226 -0.031464793
0.089389905 -1.1993294 -0.026079718
0.06203313 -0.7643719 -0.02678769
0.041124333 -0.3744791 -0.029152514
0.022342969 -0.031576958 -0.030862022
0.08986152 -1.213897 -0.025565337
0.06255561 -0.77463025 -0.026274936
0.041200835 -0.37860283 -0.028565131
0.022077063 -0.028912818 -0.030288385
0.09033727 -1.2277743 -0.025085358
0.063070275 -0.7845247 -0.025797179
0.041283283 -0.3827923 -0.02801183
0.021821039 -0.026679423 -0.029744087
0.0908154 -1.2409753 -0.024639921
0.06357606 -0.79406244 -0.025353761
0.041371543 -0.38704526 -0.027492963
0.021575388 -0.02487323 -0.029229393
0.09129412 -1.2535138 -0.024228964
0.06407213 -0.8032512 -0.02494404
0.041465458 -0.39135966 -0.027008727
0.021340504 -0.023490679 -0.028744565
0.09177172 -1.2654041 -0.02385242
0.06455789 -0.81209946 -0.02456754
0.04156487 -0.39573362 -0.026559316
0.0211167 -0.022528255 -0.028289968
0.092246525 -1.27666 -0.023510065
0.06503286 -0.8206157 -0.024223786
0.04166961 -0.4001654 -0.026144788
0.020904252 -0.021982558 -0.02786594
0.09271691 -1.2872958 -0.023201598
0.06549671 -0.8288088 -0.023912348
0.04177951 -0.40465358 -0.025765125
0.020703401 -0.02185032 -0.027472818
0.09318141 -1.2973261 -0.022926737
0.06594924 -0.8366877 -0.023632918
0.041894402 -0.4091968 -0.02542031
0.020514386 -0.022128422 -0.027110996
0.093638584 -1.3067652 -0.022685073
0.06639028 -0.84426135 -0.023385145
0.04201412 -0.41379407 -0.02511021
0.020337442 -0.022813894 -0.026780793
0.0940871 -1.315628 -0.022476189
0.06681978 -0.8515386 -0.02316873
0.04213849 -0.41844442 -0.024834666
0.020172816 -0.023903908 -0.026482532
0.09452573 -1.3239294 -0.022299632
0.06723768 -0.85852844 -0.02298338
0.042267375 -0.42314726 -0.024593482
0.020020772 -0.025395764 -0.0262165
0.09495336 -1.3316847 -0.022154933
0.06764402 -0.8652396 -0.02282882
0.042400625 -0.42790207 -0.024386425
0.019881591 -0.027286876 -0.02598296
0.095368944 -1.338909 -0.022041593
0.068038814 -0.8716808 -0.022704769
0.042538106 -0.4327086 -0.024213236
0.01975558 -0.029574735 -0.025782129
0.09577154 -1.3456178 -0.021959106
0.06842213 -0.87786055 -0.022610946
0.042679712 -0.43756667 -0.024073634
0.019643065 -0.03225692 -0.025614195
0.09616032 -1.3518265 -0.021906953
0.06879404 -0.88378733 -0.022547066
0.04282534 -0.4424764 -0.02396733
0.019544395 -0.035331026 -0.025479302
0.096534505 -1.357551 -0.021884585
0.06915463 -0.8894695 -0.022512808
0.0429749 -0.44743794 -0.023893982
0.019459931 -0.03879471 -0.025377529
0.09689345 -1.3628068 -0.021891512
0.069504 -0.8949153 -0.022507915
0.043128338 -0.4524517 -0.023853319
0.019390076 -0.042645622 -0.025308982
0.09723655 -1.3676097 -0.021927172
0.06984225 -0.9001327 -0.02253204
0.043285597 -0.4575181 -0.023844987
0.019335229 -0.04688139 -0.02527366
0.0975633 -1.3719757 -0.021991022
0.07016949 -0.9051298 -0.022584852
0.043446645 -0.46263772 -0.02386865
0.019295812 -0.051499624 -0.025271546
0.097873256 -1.3759204 -0.022082508
0.07048584 -0.90991443 -0.022666004
0.043611467 -0.46781132 -0.023923965
0.019272257 -0.056497898 -0.025302581
0.09816606 -1.3794599 -0.022201054
0.07079141 -0.9144944 -0.022775112
0.04378005 -0.4730396 -0.024010561
0.019265007 -0.061873727 -0.025366653
0.09844144 -1.3826098 -0.022346152
0.07108633 -0.9188773 -0.02291185
0.043952424 -0.4783235 -0.02412813
0.019274531 -0.067624554 -0.025463667
0.09869912 -1.3853862 -0.022517193
0.07137073 -0.9230707 -0.023075787
0.044128597 -0.4836639 -0.024276271
0.019301277 -0.07374774 -0.02559342
0.09893898 -1.3878047 -0.022713639
0.071644746 -0.9270822 -0.023266548
0.044308614 -0.4890618 -0.024454648
0.019345725 -0.08024053 -0.025755731
0.09916089 -1.3898814 -0.022934942
0.071908526 -0.93091893 -0.023483753
0.044492528 -0.49451828 -0.02466291
0.019408355 -0.08710013 -0.02595039
0.0993648 -1.3916316 -0.023180483
0.0721622 -0.9345884 -0.023726936
0.044680383 -0.50003445 -0.024900647
0.019489624 -0.09432359 -0.026177095
0.099550724 -1.3930713 -0.023449684
0.072405934 -0.9380976 -0.023995671
0.04487224 -0.5056114 -0.02516748
0.01959001 -0.10190788 -0.026435547
0.09971873 -1.394216 -0.023742016
0.07263988 -0.9414537 -0.02428958
0.045068182 -0.5112504 -0.025463074
0.019710012 -0.10984976 -0.02672547
0.09986892 -1.395081 -0.024056867
0.0728642 -0.9446637 -0.0246082
0.04526828 -0.5169526 -0.025787013
0.01985009 -0.11814599 -0.02704649
0.10000148 -1.395682 -0.024393624
0.07307905 -0.9477346 -0.02495107
0.0454726 -0.52271926 -0.026138883
0.020010708 -0.1267931 -0.027398214
0.100116596 -1.396034 -0.024751721
0.07328461 -0.9506731 -0.025317773
0.045681223 -0.5285517 -0.026518302
0.020192342 -0.13578752 -0.027780252
0.100214556 -1.3961525 -0.025130562
0.07348105 -0.95348597 -0.025707869
0.045894235 -0.5344513 -0.02692486
0.020395454 -0.14512545 -0.028192176
0.100295655 -1.3960521 -0.025529549
0.073668554 -0.9561799 -0.026120918
0.046111707 -0.54041946 -0.027358137
0.0206205 -0.15480307 -0.028633526
0.10036026 -1.3957481 -0.025948053
0.07384729 -0.9587616 -0.026556458
0.046333708 -0.54645765 -0.027817683
0.020867916 -0.16481633 -0.029103799
0.10040876 -1.3952551 -0.026385503
0.074017435 -0.9612374 -0.027014088
0.046560317 -0.55256724 -0.028303081
0.02113815 -0.17516099 -0.029602502
0.10044162 -1.3945875 -0.026841294
0.07417917 -0.96361387 -0.027493384
0.046791594 -0.55875 -0.028813882
0.021431634 -0.18583265 -0.030129094
0.10045932 -1.3937598 -0.027314803
0.07433269 -0.9658974 -0.027993906
0.0470276 -0.5650074 -0.029349606
0.02174877 -0.19682683 -0.03068299
0.10046239 -1.3927863 -0.027805455
0.07447816 -0.9680943 -0.028515283
0.047268394 -0.57134134 -0.029909803
0.02208998 -0.20813869 -0.031263616
0.10045141 -1.3916806 -0.028312659
0.07461574 -0.9702109 -0.029057125
0.04751403 -0.5777536 -0.030493986
0.022455657 -0.21976343 -0.031870347
0.100426994 -1.3904568 -0.02883583
0.07474561 -0.9722535 -0.029619066
0.047764547 -0.58424616 -0.031101655
0.022846177 -0.23169589 -0.03250252
0.1003898 -1.3891282 -0.02937437
0.07486792 -0.97422826 -0.030200733
0.048019975 -0.5908211 -0.03173228
0.023261886 -0.24393076 -0.033159435
0.100340515 -1.387708 -0.02992773
0.074982814 -0.9761415 -0.030801816
0.04828035 -0.59748065 -0.032385338
0.02370314 -0.25646248 -0.03384038
0.10027987 -1.386209 -0.030495381
0.07509043 -0.9779995 -0.031422026
0.048545703 -0.60422724 -0.03306029
0.024170268 -0.2692854 -0.034544602
0.10020863 -1.384644 -0.031076787
0.075190894 -0.9798085 -0.03206108
0.04881606 -0.61106336 -0.033756558
0.024663571 -0.2823936 -0.035271302
0.1001276 -1.3830252 -0.031671446
0.075284295 -0.9815749 -0.03271874
0.04909143 -0.6179918 -0.03447355
0.025183318 -0.29578093 -0.036019634
0.1000376 -1.3813643 -0.032278918
0.075370714 -0.98330504 -0.03339482
0.049371842 -0.6250153 -0.03521067
0.025729785 -0.30944097 -0.036788743
0.09993947 -1.3796731 -0.03289877
0.07545022 -0.98500556 -0.034089163
0.049657315 -0.6321372 -0.035967268
0.02630319 -0.32336727 -0.037577692
0.09983411 -1.3779627 -0.033530634
0.075522825 -0.98668313 -0.034801655
0.04994788 -0.6393606 -0.036742687
0.026903734 -0.33755285 -0.038385514
0.09972239 -1.3762436 -0.034174185
0.07558854 -0.98834467 -0.035532232
0.05024356 -0.6466891 -0.037536237
0.02753158 -0.35199085 -0.039211188
0.099605225 -1.3745264 -0.034829184
0.07564731 -0.98999727 -0.036280893
0.050544396 -0.65412647 -0.038347192
0.028186856 -0.36667392 -0.040053632
0.09948353 -1.3728207 -0.03549544
0.075699076 -0.9916483 -0.03704768
0.050850436 -0.6616765 -0.03917479
0.028869642 -0.38159457 -0.040911697
0.0993582 -1.3711362 -0.036172897
0.0757437 -0.9933056 -0.03783273
0.05116175 -0.6693434 -0.04001826
0.029580003 -0.39674518 -0.04178419
0.09923015 -1.3694816 -0.036861546
0.07578101 -0.99497736 -0.038636208
0.051478412 -0.67713135 -0.040876757
0.030317912 -0.41211775 -0.042669818
0.09910026 -1.3678654 -0.037561543
0.07581078 -0.9966722 -0.03945838
0.051800523 -0.6850448 -0.041749418
0.031083325 -0.4277041 -0.04356722
0.0989694 -1.3662958 -0.03827315
0.07583273 -0.9983993 -0.040299572
0.052128196 -0.6930884 -0.042635333
0.031876124 -0.44349605 -0.044474956
0.09883838 -1.3647804 -0.038996775
0.0758465 -1.0001687 -0.041160174
0.052461565 -0.7012669 -0.043533545
0.032696124 -0.459485 -0.045391466
0.098708004 -1.3633264 -0.039733004
0.07585169 -1.0019908 -0.042040676
0.052800793 -0.7095849 -0.04444306
0.033543088 -0.4756623 -0.046315107
0.09857899 -1.3619407 -0.040482603
0.0758478 -1.0038773 -0.042941608
0.053146046 -0.7180474 -0.045362826
0.03441669 -0.49201918 -0.047244113
0.098452024 -1.3606299 -0.041246522
0.075834304 -1.0058408 -0.043863557
0.053497516 -0.72665906 -0.046291728
0.03531652 -0.50854665 -0.04817658
0.098327726 -1.3594 -0.042025927
0.075810604 -1.0078946 -0.044807147
0.05385539 -0.7354248 -0.0472286
0.036242086 -0.5252358 -0.049110476
0.09820666 -1.3582574 -0.04282223
0.07577608 -1.0100539 -0.04577303
0.054219887 -0.74434936 -0.04817222
0.03719282 -0.5420774 -0.050043628
0.09808934 -1.3572077 -0.043637067
0.075730085 -1.0123345 -0.04676181
0.054591198 -0.7534372 -0.049121268
0.03816803 -0.55906266 -0.0509737
0.097976215 -1.3562565 -0.044472344
0.075672016 -1.0147539 -0.047774047
0.054969527 -0.762693 -0.050074346
0.039166953 -0.5761824 -0.051898193
0.097867735 -1.3554097 -0.045330226
0.075601324 -1.0173311 -0.04881013
0.05535504 -0.77212083 -0.05102994
0.040188696 -0.59342784 -0.052814446
0.09776432 -1.3546729 -0.046213165
0.07551759 -1.0200863 -0.04987028
0.055747893 -0.7817247 -0.0519864
0.041232277 -0.61079013 -0.05371964
0.09766644 -1.3540514 -0.047123935
0.07542058 -1.0230409 -0.050954398
0.05614822 -0.79150856 -0.052941915
0.042296626 -0.6282609 -0.054610826
0.0975746 -1.3535503 -0.04806561
0.075310335 -1.0262173 -0.052061964
0.056556106 -0.8014757 -0.05389444
0.043380544 -0.64583176 -0.055484924
0.09748938 -1.3531748 -0.049041703
0.07518717 -1.0296388 -0.053191945
0.056971636 -0.81162924 -0.054841686
0.044482794 -0.66349465 -0.05633884
0.09741145 -1.3529291 -0.05005622
0.07505175 -1.0333283 -0.05434256
0.057394862 -0.82197225 -0.055781007
0.045602024 -0.68124235 -0.057169512
0.0973415 -1.3528169 -0.051113874
0.07490505 -1.0373086 -0.05551107
0.05782589 -0.83250695 -0.056709345
0.046736844 -0.69906706 -0.057974063
0.09727999 -1.35284 -0.05222093
0.07474828 -1.0416015 -0.056693334
0.058264866 -0.8432355 -0.057623137
0.047885776 -0.7169622 -0.058750045
0.09722648 -1.3529977 -0.053385474
0.074582726 -1.0462271 -0.05788314
0.058712102 -0.8541596 -0.058518246
0.049047332 -0.7349211 -0.05949577
0.097177945 -1.3532846 -0.054623228
0.07440966 -1.0512031 -0.059070863
0.059168175 -0.8652806 -0.059389904
0.05021997 -0.7529377 -0.06021081
0.09712516 -1.3536888 -0.055955563
0.07423018 -1.0565447 -0.06024122
0.05963402 -0.8765992 -0.06023276
0.051402174 -0.77100575 -0.060896836
0.09703961 -1.3541791 -0.05745213
0.0740457 -1.0622652 -0.061370548
0.060111266 -0.88811594 -0.0610413
0.052592773 -0.78912014 -0.06155913
0.096862145 -1.3547093 -0.059195843
0.07385883 -1.0683708 -0.06242162
0.06060214 -0.8998291 -0.061809044
0.05379106 -0.8072739 -0.062206995
0.096355595 -1.355055 -0.06167773
0.07367479 -1.0748781 -0.06335028
0.061109956 -0.91174614 -0.06253293
0.054998226 -0.82547086 -0.06285914
0.071049735 -0.9721659 -0.04439167
0.07924432 -0.91405106 -0.044346005
0.07736509 -1.0279726 -0.041911956
0.07795281 -1.1469765 -0.039136097
0.087063044 -1.0501406 -0.037374906
0.08546713 -1.1620616 -0.035599664
0.08602268 -1.2782812 -0.033341765
0.08860977 -1.3992026 -0.030988567
0.09071366 -1.2531132 -0.030325409
0.092277065 -1.3661485 -0.028692642
0.09502143 -1.481422 -0.027032796
0.093689606 -1.3108461 -0.026552778
0.09641503 -1.4194467 -0.025430359
0.099574536 -1.5285345 -0.024329549
0.10325446 -1.6374424 -0.02334359
0.09893779 -1.4460826 -0.023339393
0.10249989 -1.5488299 -0.022687798
0.10616568 -1.6503692 -0.022144182
0.10028822 -1.4521377 -0.022218237
0.10414219 -1.5486767 -0.021947239
0.10784243 -1.6433527 -0.021772407
0.11137299 -1.7357845 -0.02171367
0.10476878 -1.533093 -0.021988798
0.108478315 -1.6214763 -0.022132477
0.11188714 -1.7073145 -0.022380708
0.10457709 -1.5062064 -0.022719057
0.10825231 -1.5889301 -0.02314258
0.11153421 -1.6689899 -0.023656094
0.11437045 -1.7462542 -0.024268176
0.10732469 -1.5492578 -0.024726767
0.11047147 -1.6243961 -0.025467124
0.11313314 -1.6968843 -0.0262947
0.10584858 -1.50546 -0.026811933
0.10885774 -1.5765784 -0.027739804
0.11134042 -1.645374 -0.028741192
0.11323473 -1.7119606 -0.029823456
0.10686129 -1.5280405 -0.030401366
0.10919352 -1.5942767 -0.03153183
0.110920265 -1.6589658 -0.032732543
0.10465621 -1.4806823 -0.033388995
0.10689214 -1.5455058 -0.034600083
0.10850618 -1.6097035 -0.03587129
0.10941964 -1.6737193 -0.037217885
0.104629435 -1.5001947 -0.037913766
0.106260456 -1.5652626 -0.039212927
0.10719449 -1.6315278 -0.040595196
0.10254197 -1.4586129 -0.041527186
0.10435584 -1.5256877 -0.042847924
0.10565638 -1.5955449 -0.04430718
0.106271386 -1.6684844 -0.0459721
0.10270857 -1.4902741 -0.04710287
0.104757026 -1.5644634 -0.048946768
0.10708575 -1.6416746 -0.051377814
0.10087883 -1.4587858 -0.052543484
0.103844255 -1.5380734 -0.05576164
0.10900849 -1.6159567 -0.06016724
0.10286313 -1.470088 -0.06898933
0.10623055 -1.523905 -0.07231151
0.111993626 -1.5857636 -0.08486597
0.10491822 -1.5023823 -0.06698814
0.10850484 -1.552353 -0.07609532
0.11428812 -1.609498 -0.08966654
0.10678278 -1.530898 -0.06911779
0.11059076 -1.5772694 -0.08026127
0.105627604 -1.5231667 -0.06847626
0.10860038 -1.5559844 -0.072247714
0.11248679 -1.5990156 -0.08473284
0.10815359 -1.5494328 -0.06763132
0.110257655 -1.5777518 -0.07599154
0.11418847 -1.6177453 -0.08952143
0.1096883 -1.5706023 -0.069289654
0.111731105 -1.5965583 -0.080161236
0.10865025 -1.5731282 -0.067468576
0.1109874 -1.5885404 -0.07222201
0.11302585 -1.6127871 -0.08463943
0.11110928 -1.5948352 -0.06804405
0.11208561 -1.6035774 -0.07591922
0.11415971 -1.6266136 -0.08940367
0.112536535 -1.6100405 -0.069454886
0.112972185 -1.6161758 -0.0800958
0.11184914 -1.6223207 -0.0666584
0.11348062 -1.6212666 -0.07221061
0.11367706 -1.6268529 -0.08458593
0.11409395 -1.6393539 -0.06815893
0.114083 -1.6295897 -0.07587176
0.114248656 -1.6358954 -0.08933022
0.11549461 -1.6491476 -0.069507435
0.114396386 -1.6359086 -0.08006329
0.115083516 -1.6714948 -0.066131696
0.11621901 -1.6539552 -0.07217882
0.114495195 -1.6409973 -0.08457367
0.11740855 -1.6836456 -0.068032965
0.116393596 -1.6555811 -0.07584604
0.11447878 -1.6453336 -0.08931844
-0.1340281 -3.2063344 -0.07264513
-0.0643864 -2.5235348 -0.065659344
-0.0018988684 -1.7979805 -0.078476235
-0.11580561 -3.0428765 -0.06882798
-0.048381872 -2.3495727 -0.066879444
-0.17106636 -3.5502417 -0.08036621
-0.098306045 -2.8774755 -0.066424966
-0.03304601 -2.1708753 -0.06978442
-0.15183063 -3.3884501 -0.07461867
-0.08146606 -2.7093241 -0.06550064
-0.017771775 -1.9865218 -0.07526871
-0.13340287 -3.2257245 -0.07019421
-0.065193266 -2.5374172 -0.06614634
-0.18936267 -3.7321687 -0.0831652
-0.11572128 -3.061462 -0.067169465
-0.04930123 -2.360458 -0.06854942
-0.16982907 -3.5706565 -0.07687422
-0.09869296 -2.8948705 -0.06561483
-0.033181634 -2.1758633 -0.07310923
-0.15115565 -3.408534 -0.0718576
-0.082157485 -2.7248526 -0.06562315
-0.20787892 -3.9141011 -0.086164854
-0.13327353 -3.2452483 -0.06821545
-0.065809086 -2.5497105 -0.06737034
-0.18799949 -3.7528203 -0.0793932
-0.11607636 -3.080048 -0.066022374
-0.049051426 -2.3662744 -0.07114802
-0.16904141 -3.5911982 -0.07380801
-0.09937412 -2.9118416 -0.06535881
-0.031163082 -2.1686335 -0.07617847
-0.15093966 -3.4287384 -0.069558546
-0.082813084 -2.7388237 -0.06636228
-0.20631136 -3.934858 -0.0821466
-0.13359416 -3.264764 -0.06673084
-0.06576163 -2.5576792 -0.06928484
-0.18702182 -3.7736452 -0.07602918
-0.11682566 -3.0982747 -0.06539732
-0.047364287 -2.3628564 -0.07403602
-0.030636577 -2.1275578 -0.06690901
-0.097597286 -2.8230739 -0.06898863
-0.17214735 -3.4897938 -0.087103225
-0.047307514 -2.3050032 -0.066126585
-0.11612168 -2.9879754 -0.07259459
0.0010383738 -1.7545865 -0.07138499
-0.06451852 -2.4777308 -0.06659656
-0.1353346 -3.1509798 -0.07754788
-0.01578665 -1.9449645 -0.0681261
-0.08224023 -2.6467013 -0.06833262
-0.15530011 -3.3123786 -0.08411322
-0.032751493 -2.1268117 -0.066837326
-0.100533724 -2.8126357 -0.07133456
0.01270732 -1.5769169 -0.07573153
-0.049921807 -2.3024187 -0.06682513
-0.11946032 -2.9760642 -0.0756426
-0.0025517433 -1.7679347 -0.07055809
-0.06749663 -2.4732633 -0.068026766
-0.1390672 -3.1373372 -0.08145369
-0.019073458 -1.9527845 -0.06819565
-0.08556919 -2.6403034 -0.07044425
0.022153318 -1.4168203 -0.07739539
-0.036067937 -2.1309698 -0.067499496
-0.10420427 -2.8041868 -0.07411657
0.00850666 -1.6026194 -0.07335912
-0.053446878 -2.3036046 -0.06811182
-0.123447806 -2.9653544 -0.079188935
-0.00688483 -1.7863586 -0.070172265
-0.071270645 -2.471717 -0.0699412
-0.14332946 -3.1241195 -0.086074606
-0.023264054 -1.9652891 -0.0686832
-0.08959803 -2.636048 -0.07298972
0.017842388 -1.4509928 -0.075230025
-0.040249497 -2.138948 -0.06862705
-0.10847079 -2.7971158 -0.077351846
0.0036440534 -1.630638 -0.07222195
-0.05773166 -2.3077948 -0.06984158
-0.12791488 -2.95529 -0.083298504
-0.011796515 -1.8077654 -0.07021676
-0.07570448 -2.4724243 -0.07227081
0.025936399 -1.3120891 -0.07579566
-0.028117305 -1.980922 -0.06953603
-0.09418454 -2.6333337 -0.07595282
0.012727128 -1.4866418 -0.07381932
-0.04509174 -2.1496942 -0.07013526
-0.113185704 -2.7909043 -0.081057824
-0.0017206835 -1.6601582 -0.0717711
-0.06261741 -2.3142111 -0.07195311
-0.13271034 -2.9454248 -0.08796502
-0.017198177 -1.8311541 -0.070680186
-0.080656484 -2.4747689 -0.07498501
0.020604316 -1.3540316 -0.07475913
-0.033492174 -1.998699 -0.070749804
-0.09919436 -2.6316645 -0.07932495
0.0070794327 -1.523102 -0.07307593
-0.050446868 -2.1624079 -0.0719981
-0.118218474 -2.785147 -0.08521625
-0.007510383 -1.6907414 -0.071848646
-0.0679686 -2.3222349 -0.07442076
0.027411515 -1.2321634 -0.07509329
-0.023014635 -1.8559368 -0.07155173
-0.08600291 -2.478281 -0.0780647
0.014741414 -1.3964832 -0.07400318
-0.039285526 -2.017998 -0.07232459
-0.10451194 -2.6306822 -0.08308031
0.0010167598 -1.560111 -0.07287568
-0.056202322 -2.176555 -0.07420498
-0.123457186 -2.779561 -0.08977253
-0.013662938 -1.7221321 -0.07239404
-0.07367676 -2.3314552 -0.07722685
0.021372331 -1.2799197 -0.07453423
-0.02917971 -1.8817738 -0.07282168
-0.091642596 -2.482662 -0.08148177
0.008472389 -1.4392285 -0.07366912
-0.045417473 -2.0384672 -0.07425591
-0.110041335 -2.6301785 -0.08715699
-0.005388936 -1.5975783 -0.073160455
-0.06227295 -2.1918397 -0.076743
0.027065905 -1.1729791 -0.07472632
-0.020125886 -1.7542251 -0.07337771
-0.079658546 -2.3416622 -0.08034481
0.014940535 -1.3278437 -0.07419513
-0.035639092 -1.908528 -0.074477926
-0.09749595 -2.48779 -0.08518324
0.0018715393 -1.4822578 -0.07377735
-0.05182811 -2.0599744 -0.07653046
0.031867564 -1.0752647 -0.0746781
-0.012087265 -1.6355447 -0.07390204
-0.06859662 -2.2081761 -0.07958684
0.020492727 -1.2256308 -0.0744623
-0.026858525 -1.7870625 -0.07477883
-0.08585259 -2.3528376 -0.0837268
0.008185117 -1.3759851 -0.07420659
-0.04235285 -1.9362388 -0.07650161
-0.103503674 -2.493735 -0.08908132
-0.0050135227 -1.5257053 -0.07433087
-0.058476083 -2.0825782 -0.079120986
0.02518157 -1.1322638 -0.07451071
-0.019044552 -1.674183 -0.07508159
-0.07513116 -2.2256644 -0.082690276
0.013609617 -1.2784982 -0.07443738
-0.033834245 -1.8208321 -0.076574326
-0.09221708 -2.3651502 -0.08729325
0.0011496494 -1.4245493 -0.07462398
-0.049296774 -1.965106 -0.07886186
0.029073568 -1.047423 -0.074398346
-0.012154825 -1.5698395 -0.07532738
-0.06533724 -2.1065013 -0.08198007
0.018197166 -1.1895187 -0.07448125
-0.026243364 -1.7137984 -0.076678306
-0.08185193 -2.2445722 -0.085977085
0.006451657 -1.3318503 -0.074760325
-0.041041832 -1.8558582 -0.07873126
-0.09872802 -2.378945 -0.0909302
-0.006143389 -1.473882 -0.07547406
-0.05646211 -1.995468 -0.08150902
0.021998327 -1.1087644 -0.07436757
-0.019542675 -1.6150597 -0.07675678
-0.07240259 -2.132104 -0.085031584
0.010940354 -1.2473612 -0.07473541
-0.033683024 -1.754819 -0.078661464
-0.08874884 -2.2653048 -0.0893325
-0.0009664143 -1.3861029 -0.07549354
-0.048485383 -1.8925791 -0.081198946
0.025040617 -1.0359815 -0.07413795
-0.013691674 -1.5244644 -0.07676542
-0.0638535 -2.0277653 -0.084365785
0.014656713 -1.1708262 -0.074559756
-0.027185712 -1.661884 -0.07859581
-0.079674296 -2.1598384 -0.088161305
0.0034188824 -1.3062742 -0.07537016
-0.04137887 -1.7977701 -0.08098203
-0.09582169 -2.288359 -0.09262158
-0.008650519 -1.4418133 -0.07667058
-0.056181524 -1.9315027 -0.08389935
0.017634002 -1.1020118 -0.07425766
-0.021513024 -1.5768965 -0.07848768
-0.07148362 -2.0624814 -0.08731718
0.007048393 -1.2341597 -0.07510003
-0.035110004 -1.7109154 -0.080800526
-0.08715865 -2.1901827 -0.09120921
-0.0043808063 -1.3668927 -0.07644797
-0.04935873 -1.8432152 -0.08356266
0.019912481 -1.0406954 -0.07386637
-0.01662826 -1.4996647 -0.07829904
-0.06415217 -1.9731281 -0.08671646
0.009955622 -1.1695399 -0.07469117
-0.029644774 -1.6318572 -0.080605656
-0.079363376 -2.1000566 -0.090202056
-0.00084937096 -1.2994797 -0.07608192
-0.04335479 -1.7627662 -0.083296105
0.02149602 -0.9867035 -0.073435135
-0.012496312 -1.4299862 -0.07799903
-0.05765338 -1.8916558 -0.08628647
0.012168907 -1.1122073 -0.07416493
-0.024949245 -1.5604149 -0.08035605
-0.0724114 -2.017839 -0.08948777
0.0019750386 -1.2393662 -0.07556535
-0.038138803 -1.6900083 -0.08304873
-0.08748874 -2.1407964 -0.09280979
-0.009085715 -1.3676528 -0.07756305
-0.05196029 -1.8179326 -0.08596464
0.01370077 -1.0620003 -0.07355956
-0.020991037 -1.4964058 -0.08001644
-0.0662792 -1.9434016 -0.08898896
0.004114936 -1.1863552 -0.07490084
-0.033680245 -1.6247842 -0.0827768
-0.08094857 -2.0658014 -0.0920023
-0.0063675554 -1.3124684 -0.076972105
-0.047046494 -1.7518358 -0.0856972
0.014581033 -1.0187888 -0.07293728
-0.017740112 -1.4396422 -0.07955658
-0.060944878 -1.8766322 -0.0886379
0.0055860677 -1.1402923 -0.07410372
-0.02994996 -1.5669446 -0.08244246
-0.07521653 -1.9984562 -0.09145989
-0.0043210294 -1.2642456 -0.07621263
-0.04288665 -1.6932483 -0.08543773
-0.08971613 -2.1169014 -0.094010696
-0.015169305 -1.3899498 -0.07895051
-0.056388438 -1.8174465 -0.08837543
0.006400125 -1.1010567 -0.073210105
-0.026920551 -1.5163401 -0.08201291
-0.07027707 -1.938679 -0.09110538
-0.0029298682 -1.2228351 -0.07527669
-0.0394571 -1.6420714 -0.08514601
-0.08439664 -2.0564806 -0.09345678
-0.013257472 -1.3471605 -0.078176044
-0.05259183 -1.7657775 -0.08814967
0.0065339636 -1.0686246 -0.07229605
-0.024567459 -1.4728408 -0.08146018
-0.06611747 -1.8864298 -0.09086909
-0.002190976 -1.1881192 -0.07416334
-0.036736388 -1.5982153 -0.08478718
-0.079862066 -2.0034893 -0.093139365
-0.01198779 -1.3111411 -0.07721385
-0.04953945 -1.7215855 -0.0879146
-0.093710475 -2.1168592 -0.09474228
-0.022870611 -1.4363267 -0.080761686
-0.062727265 -1.8416889 -0.09068813
-0.0021215784 -1.1600747 -0.072884895
-0.034707017 -1.5616204 -0.08433198
-0.07610589 -1.9579301 -0.092967145
-0.011356782 -1.2817892 -0.076045126
-0.047218967 -1.6848414 -0.08762859
-0.08956138 -2.070237 -0.09451647
-0.021814916 -1.4067255 -0.079901636
-0.060097985 -1.804459 -0.09050494
-0.0027479758 -1.1387763 -0.07149286
-0.03335785 -1.5322505 -0.08375814
-0.0731226 -1.9198171 -0.09285875
-0.011372677 -1.2590895 -0.07464481
-0.045624066 -1.6555462 -0.08725308
-0.086181656 -2.0309224 -0.09449479
-0.02139611 -1.3840123 -0.078872815
-0.058223546 -1.7747352 -0.09026429
-0.004185656 -1.1245472 -0.07018347
-0.03268837 -1.5101467 -0.08305356
-0.07090599 -1.8891674 -0.09274
-0.01206718 -1.2431166 -0.07296413
-0.044758674 -1.6337222 -0.08675222
-0.08356751 -1.9989523 -0.094541
-0.021617444 -1.3682852 -0.077677816
-0.0571022 -1.7525173 -0.08990998
-0.096188664 -2.1045067 -0.09530103
-0.032716382 -1.4954469 -0.08222084
-0.06944762 -1.8659554 -0.09254052
-0.013535208 -1.2341719 -0.07089087
-0.044645067 -1.6194681 -0.08609236
-0.08171051 -1.9743421 -0.09455627
-0.02250097 -1.3597842 -0.07632775
-0.05674026 -1.7377781 -0.08938238
-0.09389355 -2.0782194 -0.0956738
-0.033488587 -1.4885058 -0.08128154
-0.06873653 -1.8501118 -0.092188194
-0.01597447 -1.2328882 -0.06821985
-0.045331918 -1.6129612 -0.08523798
-0.08059279 -1.9570199 -0.094455175
-0.02408968 -1.359072 -0.07483114
-0.05715619 -1.730511 -0.08861745
-0.09233638 -2.0592043 -0.09597402
-0.03509896 -1.4899672 -0.08027605
-0.06876194 -1.8414757 -0.09160783
-0.10401469 -2.1572273 -0.09620656
-0.046914015 -1.6145413 -0.08413611
-0.08018342 -1.9468143 -0.09415538
-0.026513007 -1.367255 -0.07313544
-0.058378723 -1.730699 -0.08754182
-0.09148741 -2.0473368 -0.09609107
-0.037848998 -1.5010391 -0.07923652
-0.06950167 -1.8398588 -0.09072539
-0.10272728 -2.1436586 -0.097079396
-0.04945512 -1.6245922 -0.08267661
-0.0804346 -1.9433897 -0.093579315
-0.029624537 -1.3869948 -0.070673734
-0.06038715 -1.7383785 -0.08605542
-0.09129271 -2.042315 -0.095940456
-0.041997816 -1.5236878 -0.07800418
-0.07089377 -1.8450274 -0.089469075
-0.10215373 -2.1371737 -0.09760632
0.09922204 -1.4415442 -0.069214575
0.10797484 -1.535395 -0.080671415
0.092569955 -1.3543133 -0.06905176
0.10120439 -1.463795 -0.07269535
0.11102112 -1.5621052 -0.08525627
0.09365508 -1.3790781 -0.067319654
0.103747025 -1.4897876 -0.07665338
0.11463559 -1.5920489 -0.09013778
0.09602542 -1.4062488 -0.06967781
0.10687461 -1.519223 -0.08095143
0.0894367 -1.3107327 -0.068765916
0.098804295 -1.4359907 -0.07308993
0.11057258 -1.5518312 -0.08552162
0.09053686 -1.3396981 -0.068319626
0.10206899 -1.4686774 -0.07702191
0.11482239 -1.5874453 -0.09035084
0.09328161 -1.3735876 -0.07034372
0.10586642 -1.504301 -0.081298396
0.08672673 -1.2727216 -0.06821024
0.096669145 -1.4100988 -0.07360584
0.110206425 -1.5427716 -0.085833035
0.08806823 -1.3051381 -0.069100045
0.100568876 -1.4491618 -0.07747296
0.115089685 -1.5840483 -0.09058731
0.09100777 -1.3440809 -0.07107648
0.10499314 -1.4908197 -0.081706084
0.08426669 -1.2384781 -0.067720816
0.09483335 -1.3864737 -0.07420584
0.10995454 -1.5350791 -0.08618716
0.08597072 -1.2745697 -0.069601916
0.09927664 -1.4314889 -0.07799204
0.11546208 -1.581974 -0.09084896
0.089124486 -1.3178061 -0.07176248
0.104280144 -1.4789685 -0.08216676
0.08201026 -1.2071861 -0.06732828
0.09329694 -1.3653401 -0.074841
0.10983805 -1.5289023 -0.08658064
0.08411655 -1.2472398 -0.06990164
0.098207645 -1.4158599 -0.07855891
0.11595648 -1.5813397 -0.091137335
0.087541595 -1.2945522 -0.072351724
0.103744134 -1.4689128 -0.082670815
0.07992785 -1.1783607 -0.06701086
0.09203532 -1.346763 -0.07546752
0.10987202 -1.524377 -0.08700947
0.082447775 -1.2226111 -0.070076436
0.09736458 -1.4024059 -0.079150155
0.116585545 -1.5822597 -0.09145328
0.0861917 -1.2740215 -0.072840385
0.10339524 -1.4607841 -0.08320643
0.077996254 -1.1516691 -0.06674829
0.09101436 -1.330686 -0.07605793
0.110067554 -1.5216223 -0.087468415
0.08093363 -1.2003089 -0.07017871
0.09673959 -1.3911829 -0.079744264
0.11735961 -1.584842 -0.09179643
0.08503036 -1.2559314 -0.07324392
0.103237174 -1.4546729 -0.083760805
0.07619748 -1.1268691 -0.06652746
0.0902015 -1.3169883 -0.076600954
0.11043221 -1.5207351 -0.087950975
0.07955489 -1.1800648 -0.07024074
0.09631877 -1.3821845 -0.0803254
0.118287235 -1.5891854 -0.092165016
0.08402886 -1.2400448 -0.073581725
0.10326826 -1.4506284 -0.08432197
0.07451782 -1.1037778 -0.06634033
0.0895702 -1.3055278 -0.07709599
0.11097016 -1.5217876 -0.08844997
0.07829839 -1.161681 -0.07028222
0.0960865 -1.3753625 -0.080884226
0.11937519 -1.595374 -0.09255591
0.083168335 -1.2261716 -0.073871195
0.103483155 -1.4486625 -0.08488023
0.07294707 -1.0822561 -0.06618198
0.089100495 -1.2961662 -0.077547915
0.11168258 -1.5248252 -0.08895826
0.077154875 -1.1450086 -0.070315346
0.09602822 -1.3706455 -0.08141681
0.12062831 -1.603474 -0.092964925
0.0824362 -1.2141615 -0.074126355
0.10387473 -1.4487593 -0.08542874
0.07147791 -1.062197 -0.066049375
0.08877792 -1.2887794 -0.077963576
0.11256835 -1.5298686 -0.089469455
0.07611798 -1.1299338 -0.07034793
0.09613172 -1.3679541 -0.081922874
0.122049525 -1.6135316 -0.09338718
0.08182412 -1.2038968 -0.07435814
0.10443556 -1.4508833 -0.08596329
0.07010544 -1.0435197 -0.065940574
0.08859239 -1.283261 -0.0783501
0.113624915 -1.536917 -0.08997821
0.07518363 -1.1163708 -0.07038511
0.096387476 -1.367209 -0.082404286
0.12364007 -1.6255711 -0.093817495
0.081326865 -1.1952856 -0.07457497
0.10515889 -1.4549873 -0.08648179
0.06882675 -1.0261635 -0.065854326
0.08853721 -1.2795223 -0.07871406
0.114849 -1.5459512 -0.09048027
0.074349664 -1.1042548 -0.07043042
0.096788555 -1.3683358 -0.08286392
0.1253998 -1.6395954 -0.094250664
0.08094156 -1.1882569 -0.07478336
0.10603909 -1.4610175 -0.086983554
0.06764066 -1.0100847 -0.06578978
0.088608354 -1.277491 -0.07906128
0.11623719 -1.5569378 -0.09097236
0.07361558 -1.0935388 -0.070486344
0.09733032 -1.3712677 -0.08330502
0.12732747 -1.655586 -0.094681665
0.08066727 -1.1827573 -0.07498847
0.1070719 -1.4689176 -0.08746879
0.066547476 -0.9952544 -0.065746345
0.08880397 -1.2771087 -0.07939679
0.1177863 -1.5698314 -0.091451906
0.072982274 -1.0841904 -0.07055473
0.09801014 -1.3759454 -0.08373083
0.12942106 -1.6735048 -0.095105685
0.08050469 -1.1787484 -0.075194426
0.10825444 -1.4786307 -0.08793811
0.06554875 -0.98165554 -0.06572352
0.08912404 -1.2783298 -0.07972497
0.11949355 -1.5845765 -0.09191683
0.07245192 -1.0761902 -0.070636965
0.098827176 -1.3823178 -0.08414437
0.13167793 -1.6932952 -0.09551821
0.08045594 -1.1762043 -0.075404644
0.109585114 -1.4900998 -0.08839229
0.06464716 -0.9692818 -0.0657209
0.08957014 -1.2811204 -0.08004958
0.12135669 -1.6011096 -0.09236527
0.07202781 -1.0695302 -0.070734166
0.09978214 -1.3903402 -0.08454836
0.1340949 -1.7148831 -0.09591493
0.080524385 -1.1751109 -0.07562202
0.11106354 -1.5032687 -0.08883203
0.06384635 -0.9581366 -0.06573801
0.09014526 -1.2854561 -0.080373995
0.12337393 -1.6193597 -0.09279549
0.071714275 -1.0642126 -0.070847236
0.10087716 -1.399975 -0.0849452
0.13666837 -1.7381779 -0.09629175
0.08071464 -1.1754644 -0.075849146
0.11269041 -1.5180814 -0.089257814
0.063150786 -0.94823164 -0.06577432
0.09085376 -1.2913219 -0.08070119
0.1255439 -1.6392483 -0.09320566
0.071516596 -1.060249 -0.070976965
0.10211565 -1.4111893 -0.08533693
0.13939431 -1.7630746 -0.09664473
0.08103243 -1.1772709 -0.07608839
0.11446739 -1.5344816 -0.0896698
0.062565655 -0.9395866 -0.065829165
0.09170125 -1.2987112 -0.08103387
0.12786558 -1.6606894 -0.09359379
0.071440935 -1.0576601 -0.07112409
0.10350227 -1.4239556 -0.08572516
0.14226817 -1.7894539 -0.0969701
0.0814846 -1.180546 -0.076342076
0.11639692 -1.5524116 -0.0900677
0.06209677 -0.93222797 -0.06590169
0.09269465 -1.3076249 -0.081374474
0.13033798 -1.6835897 -0.093957655
0.07149428 -1.056476 -0.07128936
0.105042815 -1.4382489 -0.08611097
0.14528486 -1.8171833 -0.09726429
0.08207916 -1.1853149 -0.07661253
0.11848207 -1.5718108 -0.0904506
0.061750405 -0.9261895 -0.06599075
0.09384219 -1.3180715 -0.08172514
0.13296013 -1.7078477 -0.09429475
0.07168447 -1.0567358 -0.07147362
0.10674411 -1.4540461 -0.08649472
0.14843865 -1.8461194 -0.097524
0.08282532 -1.1916118 -0.076902226
0.120726235 -1.5926144 -0.09081686
0.061533216 -0.92151105 -0.066094875
0.09515349 -1.3300643 -0.08208754
0.13573061 -1.7333533 -0.09460232
0.07202015 -1.0584881 -0.07167797
0.10861386 -1.471323 -0.08687575
0.15172315 -1.8761088 -0.09774639
0.08373373 -1.199481 -0.07721372
0.123132765 -1.6147503 -0.091163985
0.061452083 -0.9182398 -0.0662121
0.0966396 -1.3436214 -0.0824625
0.13864738 -1.7599875 -0.0948775
0.07251088 -1.0617926 -0.07190393
0.11066033 -1.4900508 -0.08725198
0.1551312 -1.9069904 -0.09792924
0.08481673 -1.2089759 -0.07754962
0.12570441 -1.6381367 -0.0914886
0.061513945 -0.91642964 -0.06633985
0.09831309 -1.3587607 -0.082849376
0.14170738 -1.7876225 -0.09511758
0.07316737 -1.0667216 -0.072153784
0.11289171 -1.5101908 -0.08761948
0.15865508 -1.9385995 -0.09807121
0.08608884 -1.2201589 -0.07791211
0.12844265 -1.6626804 -0.09178664
0.061725657 -0.9161434 -0.0664747
0.10018782 -1.3754948 -0.083245
0.14490636 -1.8161232 -0.095320374
0.07400191 -1.0733621 -0.072431006
0.115315124 -1.5316887 -0.08797221
0.1622865 -1.9707702 -0.09817208
0.08756759 -1.2330978 -0.07830183
0.13134693 -1.688274 -0.09205388
0.062093806 -0.9174545 -0.066612035
0.102278255 -1.3938205 -0.08364218
0.14823875 -1.8453503 -0.095484756
0.07502957 -1.0818205 -0.07274071
0.1179351 -1.5544672 -0.088302255
0.16601688 -2.0033412 -0.09823293
0.08927456 -1.2478582 -0.07871531
0.13441412 -1.714798 -0.09228673
0.06262467 -0.92045146 -0.066745654
0.104597576 -1.4137036 -0.084028445
0.15169764 -1.875163 -0.095611
0.0762708 -1.092226 -0.07308943
0.12075183 -1.5784224 -0.08860103
0.16983725 -2.0361598 -0.09825628
0.0912362 -1.2644837 -0.07913999
0.1376381 -1.7421236 -0.09248306
0.06332459 -0.9252472 -0.06686753
0.107154004 -1.4350615 -0.08438636
0.15527467 -1.9054261 -0.095701136
0.07775776 -1.104732 -0.07348125
0.123759754 -1.603425 -0.0888612
0.17373796 -2.0690882 -0.09824615
0.093481556 -1.2829561 -0.079547495
0.14100955 -1.7701203 -0.09264272
0.06420224 -0.93199784 -0.06696968
0.10994548 -1.457752 -0.08469749
0.15895931 -1.9360156 -0.09575901
0.079548985 -1.1194954 -0.07390059
0.12694664 -1.6293297 -0.089078344
0.1777077 -2.102008 -0.098208115
0.096030384 -1.3031341 -0.07989205
0.14451417 -1.7986629 -0.09276748
0.06528146 -0.94095546 -0.06705844
0.11295413 -1.4815865 -0.08494922
0.16273724 -1.9668257 -0.09579054
0.08175564 -1.1365584 -0.074261345
0.13028944 -1.6559898 -0.089251325
0.18173298 -2.134827 -0.0981496
0.0988596 -1.3247209 -0.08012993
0.14812824 -1.8276409 -0.092861444
0.066701256 -0.95268035 -0.0671991
0.11613015 -1.5063698 -0.08513832
0.16658969 -1.9977772 -0.095804386
0.08449275 -1.1554667 -0.07434971
0.13374057 -1.6832752 -0.08938493
0.18580158 -2.167484 -0.098081104
0.07300331 -1.0188707 -0.067267254
0.07874602 -1.0932935 -0.068416245
0.082824625 -1.131489 -0.0704011
0.08602677 -1.1625367 -0.07239797
0.0882251 -1.1880221 -0.0742234
0.0976612 -1.2797223 -0.075150676
0.09946473 -1.3033409 -0.07672053
0.10077387 -1.3231854 -0.07820296
0.11235082 -1.4228845 -0.079111375
0.11314189 -1.4408956 -0.0804322
0.11374317 -1.4561989 -0.081704296
0.114084594 -1.4691725 -0.082922354
0.12684219 -1.5753983 -0.08366868
0.12693663 -1.5871314 -0.0847971
0.12690857 -1.5969905 -0.08588409
0.14051569 -1.7074891 -0.08653572
0.14027682 -1.7163827 -0.08755133
0.139982 -1.7236956 -0.08853037
0.13959566 -1.7295338 -0.08947085
0.15376766 -1.8444592 -0.09001388
0.15329559 -1.8496497 -0.09089581
0.15276474 -1.85352 -0.09174153
0.16745153 -1.9718292 -0.09221114
0.16687022 -1.9752109 -0.09299974
0.1662439 -1.9773896 -0.093752794
0.16555591 -1.9784081 -0.09447069
0.18073958 -2.1006727 -0.09485044
0.18005759 -2.1013782 -0.09550946
0.17931944 -2.101018 -0.09613407
0.19494034 -2.226241 -0.09644953
0.19423227 -2.2256556 -0.09701157
0.19346814 -2.224108 -0.09754055
0.19264649 -2.22162 -0.09804207
0.20879135 -2.3503175 -0.09825741
0.20801954 -2.3477807 -0.09869053
0.20719935 -2.344418 -0.099107966
0.2237505 -2.4753854 -0.09924389
-0.1083255 -2.1847754 -0.09853731
-0.07899484 -1.91386 -0.08882752
-0.055656888 -1.6344233 -0.074021794
-0.10125715 -2.1201477 -0.09658904
-0.073801294 -1.8518372 -0.08462341
-0.053921416 -1.5824021 -0.068150595
-0.094879866 -2.0569277 -0.0938916
-0.06937517 -1.7929541 -0.079953134
-0.117518835 -2.2551012 -0.09944981
-0.08923819 -1.9961455 -0.090485685
-0.06571206 -1.7377373 -0.07495007
-0.11072416 -2.1931002 -0.0977019
-0.084307134 -1.9385923 -0.08642146
-0.06240098 -1.6860934 -0.06958402
-0.10461527 -2.1326542 -0.09523632
-0.07997199 -1.8847625 -0.0817816
-0.12668602 -2.3245163 -0.10032909
-0.09924863 -2.0750015 -0.092070065
-0.075964704 -1.8346071 -0.07667965
-0.12001992 -2.2644446 -0.09868522
-0.094588384 -2.021102 -0.08823583
-0.07148773 -1.7863582 -0.07144163
-0.11411015 -2.2060728 -0.0964365
-0.09047612 -1.971552 -0.083799325
-0.06353911 -1.7318082 -0.069170296
-0.108991735 -2.150845 -0.09352249
-0.08652131 -1.9262666 -0.078885086
-0.12916078 -2.3345518 -0.09954345
-0.10462708 -2.099891 -0.08995864
-0.081731446 -1.883311 -0.07386503
-0.12334476 -2.277514 -0.09746631
-0.1008495 -2.053972 -0.08580754
-0.07363254 -1.8353235 -0.070546895
-0.118397385 -2.2239945 -0.09478841
-0.0972521 -2.013238 -0.08121797
-0.13814513 -2.4037273 -0.10029743
-0.11424205 -2.1752965 -0.091497764
-0.092862345 -1.9763197 -0.07659245
