0.18921207 -1.4159125 0.18905558
0.13517074 -0.46267718 0.19359908
0.13475822 -0.2721839 0.18129241
0.1392581 -0.54802686 0.16408594
0.18847746 -1.4178417 0.18826336
0.13517052 -0.46499163 0.19359156
0.13470519 -0.27302492 0.18128839
0.13921827 -0.5466018 0.16409416
0.18837972 -1.4857728 0.18816751
0.1731637 -1.5169791 0.18607621
0.1620423 -1.4901803 0.18795565
0.15159543 -1.4169471 0.19017315
0.13056077 -1.1833951 0.18715906
0.10172609 -0.5512009 0.18251662
0.09767923 -0.24981624 0.17724401
0.10472196 -0.30490398 0.1693152
0.13038294 -1.1780323 0.18718894
0.10165878 -0.54907775 0.18249257
0.09764192 -0.24866295 0.17723984
0.1047263 -0.30454782 0.16933817
0.130322 -1.1727848 0.18708128
0.10159876 -0.54720557 0.1824751
0.09761247 -0.24783784 0.17725247
0.104737744 -0.30452597 0.16939098
0.1303355 -1.1674006 0.1870326
0.10153138 -0.5450345 0.18241909
0.09757743 -0.24663013 0.17716593
0.10474913 -0.30410966 0.16925603
0.1303329 -1.1621677 0.18689874
0.101473816 -0.5431749 0.18246053
0.09755263 -0.24584496 0.17732269
0.10477005 -0.30415562 0.16958323
0.1302205 -1.1564066 0.18669866
0.101407066 -0.540955 0.18232244
0.0975199 -0.2445829 0.17703338
0.10478972 -0.3036816 0.16906096
0.13041428 -1.1509324 0.18674022
0.10135131 -0.53910005 0.18245679
0.09749836 -0.24381247 0.17741147
0.104820214 -0.30374396 0.1698096
0.13058119 -1.1447897 0.18657906
0.10128459 -0.5368575 0.18225953
0.09746879 -0.2425641 0.17698742
0.10485181 -0.30334443 0.1690295
0.13073964 -1.139159 0.18689957
0.10122 -0.53495824 0.18234427
0.097442016 -0.24168141 0.17721905
0.104891315 -0.3031775 0.16949913
0.1295002 -1.14462 0.1904273
0.105467945 -0.47719797 0.16702726
0.101292826 -0.22915927 0.17291307
0.09690414 -0.33294284 0.18027586
0.11020337 -0.77283865 0.18263794
0.10933705 -0.67223734 0.18176383
0.09841477 -0.29585123 0.18034956
0.10403645 -0.1815972 0.17356324
0.11753797 -0.45774785 0.16801092
0.15875658 -1.5517498 0.17947946
0.22698145 -2.3297348 0.16574928
0.31002337 -3.1183372 0.16181196
0.18060347 -1.8149233 0.17383233
0.25345612 -2.5967681 0.1632836
0.09406294 -0.8873762 0.122992
0.09045684 -0.92147684 0.12319368
0.07122498 -1.0441576 0.12579252
0.08956061 -0.9259873 0.1231688
0.08268287 -1.0205284 0.124192625
0.09083897 -0.90318286 0.122753225
0.12939349 -1.1549338 0.1909134
0.11949534 -1.0447544 0.1892124
0.1337103 -1.1864991 0.1937903
0.12125631 -1.0750973 0.18909858
0.13241257 -1.2180327 0.19295074
0.13400726 -1.3047798 0.18021975
0.20114407 -2.0940645 0.16523825
0.28534684 -2.885724 0.16211173
0.11976521 -1.0710635 0.18787651
0.12732032 -1.1504568 0.19001919
-0.022123039 -2.1833596 0.12099265
0.03127714 -1.6256822 0.117554985
0.09211206 -0.9194377 0.12257674
0.0452648 -1.50285 0.11721695
-0.014470182 -2.0877597 0.12158393
-0.06700771 -2.5666323 0.12748751
-0.02738024 -2.233527 0.12162571
0.026698742 -1.6759557 0.11765568
0.056809183 -1.1196952 0.123573475
-0.027658306 -2.2369478 0.121680446
0.026223376 -1.67986 0.11774557
0.038899142 -1.1306609 0.12379599
0.18116324 -1.820056 0.17388229
0.25394666 -2.601736 0.16329078
0.14036903 -1.3124325 0.19018842
0.20431165 -2.084025 0.1693741
0.28213584 -2.869865 0.16189939
-0.04844805 -2.4272528 0.124434434
0.009241703 -1.8686227 0.118376024
0.06564519 -1.3160084 0.11943454
-0.048688076 -2.430584 0.12449256
0.008950651 -1.8723432 0.11845337
0.06687265 -1.3194985 0.11958508
0.16030812 -1.5735818 0.17971492
0.22896592 -2.349528 0.16584136
0.31202123 -3.138685 0.16173571
0.18278348 -1.8353068 0.17405178
0.25540245 -2.616559 0.16331214
-0.070654355 -2.621391 0.12806809
-0.009150497 -2.061392 0.11982518
0.04367996 -1.5073184 0.11836785
-0.07086851 -2.6246748 0.12818159
-0.009398724 -2.0650988 0.1198885
0.043156844 -1.5121434 0.118480444
0.14490724 -1.3322709 0.1908579
0.20579472 -2.0987275 0.16949813
0.28359595 -2.8848352 0.16187344
0.16267443 -1.589494 0.18002214
0.23040643 -2.3641207 0.1659144
0.3135032 -3.1539185 0.16167128
-0.028866261 -2.2543364 0.12195051
0.024954619 -1.7000071 0.11820534
0.048714492 -1.1553749 0.12577341
-0.02908719 -2.2577934 0.122003585
0.024790848 -1.7040019 0.118297175
0.058443133 -1.1579736 0.12596326
0.18428332 -1.8502264 0.17424609
0.2568335 -2.631297 0.16333288
0.14554437 -1.3490368 0.19151759
0.20719175 -2.1133933 0.16963033
0.28503972 -2.899839 0.16184415
-0.04977292 -2.4473763 0.124779925
0.007836616 -1.8914635 0.11883682
0.053902186 -1.3444817 0.12041543
-0.052214205 -2.635665 0.12497611
0.006176668 -2.0731409 0.124917254
0.05296899 -1.5266947 0.12075663
-0.07868111 -2.7873044 0.13145527
-0.080991134 -2.9110515 0.128469
-0.081784666 -2.951053 0.12383399
-0.07985634 -2.8966434 0.12149788
0.064122416 -1.4415786 0.117353685
0.0614941 -1.4729936 0.119482726
0.062561736 -1.405253 0.12091734
0.06804352 -1.2387526 0.123390965
0.06701994 -1.3977184 0.116024174
0.06229547 -1.4680694 0.1190345
0.062465034 -1.4270818 0.120514676
0.066249885 -1.2922955 0.12217028
0.067739375 -1.3898015 0.11621599
0.062833466 -1.4606818 0.11907006
0.062979095 -1.4198803 0.12051958
0.06678281 -1.2848996 0.122115426
0.06828503 -1.3818886 0.11643363
0.06336388 -1.4533126 0.119106315
0.06348645 -1.412702 0.12052406
0.06730553 -1.2775333 0.12205602
0.069059856 -1.3739332 0.11667535
0.063931756 -1.4459218 0.11914285
0.06402443 -1.4055043 0.12052772
0.06787225 -1.2701385 0.1219916
0.069507666 -1.3660039 0.11693831
0.06439954 -1.4385672 0.11917895
0.06447853 -1.3983454 0.12052984
0.06832168 -1.2627947 0.12192131
0.07039575 -1.3580123 0.11721854
0.06504468 -1.4311745 0.11921344
0.06508013 -1.3911527 0.120529294
0.06897693 -1.2554032 0.121843815
0.07071047 -1.3500522 0.11751121
0.06542096 -1.4238229 0.11924467
0.065456584 -1.3840036 0.12052452
0.06931911 -1.2480695 0.12175725
0.07164952 -1.3420724 0.11781253
0.06611222 -1.416457 0.11927153
0.0660964 -1.37684 0.12051467
0.07002806 -1.2407144 0.121661104
0.14351319 -1.3330581 0.19188195
0.15657613 -1.4641895 0.1891416
0.16692679 -1.5183144 0.1869621
0.17882091 -1.5337889 0.18525605
0.18369807 -1.5472136 0.1846634
0.17127809 -1.5412769 0.18612826
0.16047831 -1.4974864 0.18828689
0.1492117 -1.3960886 0.19078451
0.18495792 -1.5658143 0.18419282
0.17224216 -1.5559667 0.18586652
0.16123371 -1.5100212 0.18808913
0.14970158 -1.407304 0.19065389
0.18633321 -1.5844717 0.18372594
0.17333004 -1.5706602 0.18560612
0.16224581 -1.5225792 0.18789126
0.15085268 -1.4186211 0.19052157
0.18763025 -1.6030892 0.18326563
0.17431994 -1.5853654 0.18534729
0.16304196 -1.5351112 0.18769343
0.15143545 -1.4297904 0.19038601
0.18899426 -1.6217645 0.18281198
0.1753852 -1.6000869 0.18508929
0.16399346 -1.547689 0.18749517
0.15241608 -1.4411099 0.1902459
0.19033645 -1.6404029 0.18236478
0.17641562 -1.6148187 0.18483137
0.1648633 -1.560243 0.18729599
0.15317625 -1.4522958 0.19010027
0.2476564 -2.225811 0.17683253
0.36621195 -3.5918276 0.157894
0.5053073 -4.903258 0.14382692
0.50996566 -4.9804783 0.13883626
0.4474834 -4.456384 0.14540413
0.3971148 -3.9742591 0.15485598
0.35752568 -3.5558033 0.16199881
0.15546587 -1.4813514 0.1896396
0.16713521 -1.5885495 0.18678379
0.17907389 -1.6462032 0.18420482
0.19376744 -1.6783944 0.18132421
0.15462384 -1.4701004 0.18980034
0.16622448 -1.5758997 0.18698832
0.17801209 -1.6313283 0.18446857
0.19237098 -1.659492 0.18177919
0.18014278 -1.4557002 0.18421006
0.18585126 -1.5091676 0.18086478
0.18410392 -1.5213627 0.18425135
0.18993135 -1.5748256 0.17965764
0.18824932 -1.5878202 0.18356386
0.19447379 -1.6411169 0.18364438
0.20358497 -1.8126295 0.1833137
0.35192132 -3.445787 0.16243617
0.505191 -4.8891797 0.14681418
0.4931768 -4.7944493 0.14531259
0.35373402 -3.4598534 0.16016242
0.23406917 -2.0477712 0.18045151
0.45605043 -4.459665 0.14846832
0.3213072 -3.1128178 0.16485539
0.5550704 -5.3277173 0.14100721
0.40866622 -4.0126038 0.15323213
0.2805273 -2.6447902 0.17164564
0.50344414 -4.8856215 0.14433534
0.36343193 -3.561019 0.15868309
0.24331443 -2.1690094 0.17854223
0.45412415 -4.4429684 0.14845163
0.32047486 -3.10348 0.16477215
0.552728 -5.308151 0.14096297
0.40702385 -3.9978447 0.15324517
0.28021392 -2.6393995 0.17166522
0.5012859 -4.8673754 0.14431874
0.3621371 -3.548616 0.15861423
0.24342652 -2.1679618 0.1779332
0.45219153 -4.4262815 0.14845288
0.3196096 -3.0941658 0.1648085
0.55037177 -5.2885523 0.14093983
0.40537223 -3.983054 0.1532344
0.2798271 -2.6338792 0.17148326
-0.052032188 -2.6333604 0.12502891
0.0063691232 -2.0701678 0.12496939
0.055055276 -1.522699 0.1209011
-0.05184321 -2.631028 0.12508252
0.0065814615 -2.0671558 0.12502167
0.05867196 -1.518336 0.12103674
-0.05164767 -2.62867 0.12513669
0.00681445 -2.0640967 0.1250733
0.063424274 -1.513098 0.12115997
-0.05144557 -2.6262968 0.12519144
0.007066325 -2.0610192 0.12512444
0.06570835 -1.507721 0.121262714
-0.051236697 -2.6239166 0.12524673
0.007335474 -2.0579607 0.125175
0.0646683 -1.5037944 0.12133715
-0.051021237 -2.621526 0.1253027
0.0076218117 -2.0549064 0.12522525
0.061146766 -1.4999853 0.1213772
-0.05079675 -2.619117 0.12535915
0.007932896 -2.0518203 0.12527475
0.058753826 -1.4952558 0.12137748
-0.050565764 -2.6166766 0.12541673
0.00825924 -2.0486786 0.12532523
0.057983406 -1.4901395 0.121342316
-0.0502633 -2.6142316 0.12547384
0.008734125 -2.0455537 0.12537272
0.058048524 -1.4850265 0.12127466
0.086640246 -1.0896848 0.121521
0.08322177 -1.200184 0.11803847
0.08538758 -1.1112711 0.12034825
0.0758566 -1.2234076 0.115141064
0.084441416 -1.1333066 0.11926242
0.078221604 -1.2468543 0.11723457
-0.03750196 -2.4979024 0.12578025
0.026354069 -1.8992895 0.12550785
0.078029186 -1.2832099 0.120950304
0.09760222 -0.74559253 0.16407329
0.109903194 -0.603611 0.16066018
0.11434159 -0.5681065 0.15602094
0.1162686 -0.6389938 0.15188034
0.09646469 -0.76171815 0.16388728
0.10942232 -0.6133448 0.16054083
0.11390816 -0.57378626 0.15577623
0.115593836 -0.6403821 0.15167826
0.09552486 -0.7760426 0.16358067
0.108914025 -0.62281185 0.16040507
0.113469005 -0.5792914 0.15553582
0.11493781 -0.6414192 0.15148059
0.09475223 -0.78885686 0.163247
0.10837818 -0.6319875 0.16024764
0.1130221 -0.5846162 0.15529586
0.11430131 -0.6421154 0.15128925
0.09409599 -0.8003772 0.16289827
0.107818305 -0.6408441 0.16006836
0.1125697 -0.58975035 0.15505733
0.11368763 -0.6424861 0.15110698
0.09351789 -0.81075245 0.16254473
0.10723676 -0.6493602 0.15986612
0.11211258 -0.59469044 0.15481897
0.11309913 -0.64255416 0.15093382
0.09298963 -0.82009584 0.1621871
0.10663666 -0.6575163 0.15964106
0.11165221 -0.59943396 0.15458073
0.112538084 -0.6423453 0.15076903
0.09249279 -0.828494 0.16182499
0.10602119 -0.6652962 0.15939313
0.11118981 -0.60398054 0.15434216
0.11200609 -0.64188737 0.15061085
0.09201558 -0.8360164 0.16145675
0.10539389 -0.6726866 0.15912268
0.11072674 -0.60833097 0.15410292
0.11150416 -0.6412095 0.15045731
0.09155104 -0.8427204 0.16108082
0.10475849 -0.6796777 0.15883024
0.110264294 -0.612487 0.15386257
0.111032665 -0.6403409 0.15030633
0.09109527 -0.8486545 0.16069576
0.10411883 -0.68626314 0.15851668
0.10980379 -0.61645174 0.15362063
0.11059146 -0.6393108 0.150156
0.090646364 -0.8538609 0.1603004
0.1034787 -0.69244015 0.15818304
0.10934647 -0.62022895 0.15337653
0.11017995 -0.6381473 0.1500047
0.090203725 -0.8583771 0.15989386
0.10284175 -0.6982092 0.1578306
0.108893596 -0.62382346 0.1531297
0.10979723 -0.63687783 0.14985105
0.08976755 -0.8622369 0.15947548
0.10221137 -0.70357436 0.15746067
0.10844633 -0.6272409 0.15287949
0.109442145 -0.63552815 0.14969394
0.08933853 -0.8654715 0.1590448
0.10159062 -0.70854235 0.15707466
0.10800581 -0.6304879 0.15262528
0.1091134 -0.63412285 0.14953251
0.08891766 -0.8681099 0.15860163
0.100982234 -0.7131226 0.15667391
0.10757312 -0.633572 0.15236644
0.10880964 -0.632685 0.14936607
0.08850606 -0.87017965 0.15814584
0.10038852 -0.7173268 0.15625973
0.10714927 -0.6365013 0.15210237
0.10852948 -0.6312363 0.14919409
0.088104956 -0.87170696 0.1576775
0.09981144 -0.72116846 0.1558333
0.1067352 -0.6392851 0.15183249
0.10827153 -0.62979716 0.14901619
0.08771559 -0.8727172 0.15719675
0.09925262 -0.72466254 0.1553957
0.10633178 -0.6419332 0.15155627
0.10803447 -0.6283867 0.14883204
0.087339155 -0.8732349 0.15670381
0.09871332 -0.7278254 0.15494785
0.10593979 -0.64445627 0.1512732
0.10781702 -0.6270229 0.14864142
0.086976826 -0.8732843 0.156199
0.09819456 -0.73067415 0.15449058
0.10555992 -0.6468656 0.15098292
0.10761794 -0.6257229 0.14844415
0.08662966 -0.8728889 0.15568262
0.09769707 -0.7332268 0.15402457
0.105192795 -0.64917314 0.150685
0.10743607 -0.62450266 0.14824007
0.08629866 -0.8720722 0.1551551
0.097221404 -0.7355018 0.15355042
0.104838915 -0.6513915 0.15037915
0.10727029 -0.62337756 0.14802913
0.08598472 -0.8708574 0.15461683
0.09676788 -0.7375181 0.15306856
0.1044987 -0.65353376 0.15006512
0.10711955 -0.6223621 0.14781122
0.08568863 -0.86926734 0.15406823
0.096336715 -0.73929477 0.15257941
0.104172476 -0.65561354 0.14974274
0.106982835 -0.62147003 0.1475863
0.085411064 -0.8673249 0.15350974
0.095927946 -0.7408512 0.1520833
0.103860475 -0.6576448 0.14941184
0.10685915 -0.62071484 0.14735433
0.08515262 -0.86505264 0.15294176
0.09554153 -0.742207 0.15158042
0.10356282 -0.659642 0.14907235
0.10674757 -0.62010914 0.14711533
0.08491374 -0.8624732 0.15236473
0.09517731 -0.7433815 0.15107104
0.10327954 -0.6616198 0.14872424
0.10664716 -0.6196653 0.1468693
0.08469479 -0.8596088 0.15177906
0.09483504 -0.74439424 0.15055528
0.10301058 -0.6635932 0.14836751
0.10655706 -0.6193953 0.14661627
0.08449605 -0.8564818 0.1511851
0.09451442 -0.7452648 0.15003327
0.10275579 -0.66557735 0.14800219
0.10647636 -0.6193106 0.14635627
0.08431766 -0.8531143 0.15058325
0.09421507 -0.7460127 0.14950512
0.102514945 -0.6675877 0.14762838
0.10640421 -0.6194224 0.14608938
0.0841597 -0.84952813 0.14997387
0.093936555 -0.74665713 0.14897092
0.10228772 -0.6696395 0.14724617
0.10633975 -0.6197416 0.14581566
0.08402215 -0.8457452 0.1493573
0.093678385 -0.7472175 0.14843075
0.1020737 -0.6717485 0.14685568
0.10628214 -0.62027884 0.1455352
0.08390489 -0.841787 0.14873384
0.09344001 -0.74771285 0.14788467
0.10187243 -0.6739301 0.14645709
0.10623051 -0.62104446 0.14524812
0.08380775 -0.837675 0.1481038
0.09322085 -0.7481623 0.14733274
0.101683356 -0.6761998 0.14605056
0.10618401 -0.6220486 0.1449545
0.08373046 -0.83343035 0.14746748
0.093020275 -0.74858487 0.14677507
0.10150585 -0.67857313 0.14563629
0.10614179 -0.62330127 0.14465453
0.083672695 -0.82907414 0.14682513
0.09283759 -0.7489992 0.14621168
0.10133925 -0.6810654 0.14521447
0.106102966 -0.6248121 0.1443483
0.08363405 -0.8246273 0.14617702
0.09267207 -0.7494239 0.14564271
0.1011828 -0.6836919 0.14478533
0.10606667 -0.62659067 0.14403597
0.08361406 -0.82011026 0.14552341
0.09252296 -0.74987745 0.14506823
0.10103571 -0.68646777 0.1443491
0.106031984 -0.62864625 0.14371772
0.08361221 -0.81554353 0.14486451
0.092389435 -0.75037813 0.14448833
0.10089711 -0.6894078 0.14390601
0.10599803 -0.63098806 0.14339371
0.08362794 -0.8109473 0.1442006
0.09227065 -0.750944 0.14390315
0.100766115 -0.69252694 0.1434563
0.10596387 -0.6336249 0.14306414
0.0836606 -0.8063415 0.14353186
0.092165716 -0.751593 0.1433128
0.10064176 -0.6958394 0.14300025
0.10592857 -0.6365657 0.14272918
0.08370953 -0.801746 0.14285854
0.0920737 -0.75234264 0.14271744
0.10052303 -0.6993597 0.14253807
0.105891176 -0.6398189 0.14238904
0.083774 -0.79718035 0.14218087
0.091993645 -0.7532105 0.14211723
0.10040891 -0.70310163 0.14207008
0.10585072 -0.6433929 0.14204392
0.08385326 -0.7926639 0.14149907
0.09192453 -0.75421375 0.14151233
0.10029829 -0.70707893 0.14159654
0.105806194 -0.647296 0.14169401
0.083946496 -0.78821576 0.14081338
0.09186532 -0.75536937 0.14090297
0.10019006 -0.71130496 0.14111772
0.10575661 -0.651536 0.14133954
0.08405286 -0.7838549 0.14012405
0.09181494 -0.756694 0.14028934
0.10008304 -0.7157928 0.14063391
0.10570094 -0.6561207 0.14098072
0.084171474 -0.77960014 0.13943133
0.09177229 -0.7582042 0.1396717
0.09997603 -0.720555 0.1401454
0.10563813 -0.6610577 0.14061777
0.08430143 -0.77547 0.13873546
0.091736205 -0.7599162 0.1390503
0.09986779 -0.725604 0.1396525
0.105567135 -0.6663543 0.1402509
0.084441766 -0.771483 0.13803674
0.09170553 -0.76184565 0.13842542
0.099757046 -0.7309516 0.1391555
0.10548688 -0.67201763 0.13988036
0.084591515 -0.76765734 0.13733546
0.09167906 -0.7640084 0.1377974
0.099642485 -0.7366093 0.13865475
0.10539626 -0.67805445 0.13950631
0.084749654 -0.7640111 0.13663192
0.09165555 -0.7664196 0.13716654
0.09952277 -0.74258816 0.13815053
0.105294205 -0.6844714 0.13912901
0.08491513 -0.7605621 0.13592647
0.09163377 -0.76909435 0.13653325
0.099396534 -0.74889874 0.13764319
0.105179586 -0.69127494 0.13874868
0.08508689 -0.7573284 0.13521945
0.0916124 -0.7720473 0.13589789
0.09926235 -0.7555511 0.13713308
0.10505126 -0.69847107 0.13836549
0.085263826 -0.7543275 0.13451126
0.09159015 -0.77529275 0.13526092
0.09911881 -0.76255476 0.13662052
0.10490811 -0.7060657 0.13797967
0.0854448 -0.75157696 0.13380231
0.09156569 -0.7788449 0.1346228
0.098964415 -0.7699188 0.1361059
0.10474899 -0.71406436 0.13759142
0.08562866 -0.7490943 0.13309304
0.09153766 -0.7827173 0.13398404
0.098797694 -0.77765155 0.13558957
0.10457273 -0.7224724 0.1372009
0.08581421 -0.7468969 0.13238393
0.09150469 -0.7869234 0.13334522
0.09861712 -0.78576076 0.13507193
0.10437818 -0.73129493 0.13680835
0.086000234 -0.7450021 0.13167553
0.091465384 -0.79147625 0.1327069
0.098421164 -0.79425377 0.13455336
0.10416417 -0.7405367 0.13641389
0.08618549 -0.74342704 0.13096835
0.09141833 -0.7963884 0.13206974
0.09820824 -0.8031369 0.13403429
0.103929535 -0.7502021 0.13601771
0.086368695 -0.742189 0.13026305
0.09136209 -0.80167234 0.13143443
0.097976774 -0.812416 0.13351513
0.10367308 -0.76029545 0.13561992
0.08654854 -0.7413051 0.12956028
0.091295205 -0.8073399 0.13080172
0.09772515 -0.82209605 0.13299634
0.10339361 -0.7708206 0.13522069
0.08672367 -0.7407926 0.12886074
0.09121622 -0.8134028 0.13017245
0.09745176 -0.83218133 0.13247837
0.10308995 -0.7817813 0.1348201
0.08689271 -0.7406684 0.12816525
0.09112365 -0.81987214 0.12954746
0.09715498 -0.8426753 0.1319617
0.10276089 -0.79318094 0.13441826
0.08705423 -0.74094987 0.1274746
0.091015965 -0.8267589 0.12892772
0.09683318 -0.85358053 0.13144685
0.10240522 -0.8050224 0.13401522
0.08720677 -0.7416541 0.12678975
0.09089165 -0.83407354 0.12831424
0.09648473 -0.8648987 0.13093436
0.10202171 -0.8173086 0.13361101
0.087348826 -0.7427982 0.12611169
0.090749145 -0.8418261 0.12770812
0.09610802 -0.87663066 0.13042477
0.101609126 -0.8300419 0.13320564
0.087478824 -0.7443995 0.12544149
0.09058687 -0.8500262 0.12711054
0.09570144 -0.8887764 0.12991868
0.10116619 -0.8432244 0.13279907
0.08759516 -0.7464752 0.124780335
0.09040322 -0.85868317 0.12652276
0.09526344 -0.90133476 0.12941669
0.100691624 -0.8568579 0.13239123
0.08769614 -0.74904275 0.1241295
0.09019653 -0.8678057 0.12594618
0.094792455 -0.9143039 0.12891945
0.10018409 -0.87094367 0.13198197
0.08778005 -0.75211936 0.12349036
0.08996512 -0.8774022 0.12538226
0.09428703 -0.9276809 0.12842765
0.09964223 -0.88548267 0.13157111
0.08784507 -0.7557226 0.12286443
0.08970725 -0.8874803 0.124832585
0.093745716 -0.941462 0.12794203
0.0990646 -0.9004754 0.13115841
0.08788932 -0.75986993 0.12225333
0.08942111 -0.89804727 0.12429886
0.09316716 -0.95564234 0.12746328
0.098449714 -0.91592157 0.13074352
0.08791082 -0.76457894 0.12165883
0.08910483 -0.90910965 0.123782925
0.09255007 -0.97021663 0.12699224
0.09779597 -0.9318206 0.13032602
0.08790753 -0.76986724 0.12108284
0.088756464 -0.9206732 0.12328675
0.091893256 -0.9851783 0.12652971
0.097101696 -0.9481706 0.12990542
0.087877296 -0.7757525 0.120527424
0.088373974 -0.932743 0.12281241
0.091195635 -1.0005203 0.12607653
0.0963651 -0.96496934 0.12948109
0.08781787 -0.78225255 0.11999482
0.0879552 -0.9453232 0.12236218
0.0904562 -1.0162351 0.12563358
0.09558422 -0.98221326 0.12905233
0.08772692 -0.7893851 0.11948741
0.0874979 -0.9584167 0.121938415
0.08967409 -1.0323142 0.12520175
0.09475703 -0.99989736 0.12861826
0.08760201 -0.7971681 0.1190078
0.086999685 -0.9720254 0.12154364
0.08884853 -1.0487489 0.12478192
0.09388126 -1.0180154 0.12817794
0.08744059 -0.8056195 0.11855877
0.08645805 -0.9861497 0.121180475
0.08797885 -1.0655298 0.12437502
0.09295454 -1.0365591 0.1277303
0.08724005 -0.8147574 0.118143275
0.08587039 -1.0007886 0.12085164
0.087064505 -1.0826479 0.12398192
0.091974355 -1.0555183 0.12727416
0.08699771 -0.8246003 0.11776449
0.085233994 -1.015939 0.12055993
0.08610503 -1.1000936 0.123603486
0.09093809 -1.0748804 0.12680827
0.08671082 -0.83516663 0.11742579
0.08454607 -1.0315962 0.120308146
0.08510004 -1.1178573 0.12324052
0.08984305 -1.09463 0.12633136
0.08637666 -0.8464756 0.117130764
0.08380382 -1.0477536 0.120099
0.08404925 -1.1359298 0.12289379
0.0886866 -1.1147491 0.12584215
0.08599254 -0.85854703 0.1168832
0.08300448 -1.0644017 0.1199351
0.08295236 -1.1543018 0.12256395
0.087466225 -1.1352162 0.12533946
0.08555591 -0.87140167 0.11668709
0.082145415 -1.0815299 0.11981878
0.081809156 -1.1729645 0.1222516
0.08617969 -1.1560074 0.124822274
0.08506456 -0.8850615 0.116546616
0.08122422 -1.0991243 0.11975196
0.080619454 -1.1919091 0.12195723
0.08482527 -1.1770952 0.12428985
0.084516786 -0.899551 0.116466165
0.08023875 -1.1171706 0.119736046
0.07938305 -1.211128 0.121681236
0.08340179 -1.1984497 0.123741776
0.08391177 -0.914897 0.116450384
0.07918727 -1.1356518 0.11977164
0.07809979 -1.2306135 0.121423975
0.08190886 -1.2200397 0.1231781
0.083250105 -0.93113095 0.11650426
0.07806838 -1.154551 0.11985827
0.07676952 -1.2503587 0.12118577
0.08034683 -1.241833 0.122599505
0.08253472 -0.94829065 0.116633706
0.076881096 -1.1738505 0.11999393
0.075392246 -1.2703573 0.120967075
0.07871679 -1.2637973 0.12200761
0.081771664 -0.9664225 0.116845906
0.07562466 -1.1935335 0.1201741
0.073968075 -1.2906034 0.1207684
0.07702019 -1.2859026 0.12140568
0.08097159 -0.98559093 0.11715528
0.07429852 -1.2135835 0.120390825
0.072497435 -1.3110919 0.12059098
0.07525861 -1.3081213 0.12080091
0.08014842 -1.0058815 0.11757955
0.07290234 -1.2339871 0.120628655
0.07098114 -1.3318202 0.12043508
0.07343315 -1.330432 0.12020596
0.07930875 -1.027447 0.11820294
0.07143585 -1.2547255 0.120867856
0.06941986 -1.3527807 0.12030556
0.071544304 -1.3528095 0.11965167
0.078421704 -1.050566 0.11907021
0.0699011 -1.2758088 0.12107197
0.06781599 -1.373991 0.12019971
0.06959443 -1.3752718 0.11917474
0.097609185 -0.77840936 0.16204971
0.10856646 -0.8479544 0.16108014
0.10235984 -0.8579541 0.1606195
0.09550276 -0.8590902 0.16091032
0.10282886 -0.93319976 0.16065453
0.09748228 -0.92700624 0.16026013
0.09273593 -0.91365516 0.15999073
0.08975913 -0.8946239 0.15963334
0.09283761 -0.97163135 0.15929754
0.08959122 -0.9474387 0.15851995
0.08746538 -0.9208293 0.15768471
0.088656805 -0.9934027 0.15753016
0.08655505 -0.96187025 0.1564412
0.08517872 -0.9302942 0.15533274
0.08464548 -0.8995255 0.15417874
0.08408553 -0.9584935 0.15386595
0.083300345 -0.92449534 0.15260695
0.083080925 -0.8926422 0.15133274
0.08244895 -0.9395565 0.15093668
0.08207843 -0.9053816 0.14959057
0.08211724 -0.8743603 0.14824392
0.08256528 -0.8467931 0.14689152
0.08161979 -0.8751877 0.14635822
0.08182618 -0.84669584 0.14496341
0.082344696 -0.8223637 0.14357284
0.08194631 -0.8361877 0.14296421
0.082215846 -0.811722 0.14153475
0.08273599 -0.79203206 0.14011584
0.08348295 -0.77725416 0.13871098
0.08325162 -0.7714679 0.13799548
0.08369248 -0.75770533 0.13655761
0.084312856 -0.74938905 0.135141
0.08487737 -0.72788817 0.13438356
0.08514479 -0.7212515 0.13293974
0.08555955 -0.72057134 0.13152559
0.08607558 -0.72590715 0.13015227
0.08700471 -0.68451726 0.12931553
0.08713453 -0.6926075 0.12792745
0.087315895 -0.7071954 0.1265957
0.08916877 -0.6493785 0.12575977
0.08893866 -0.6673702 0.124436066
0.08870454 -0.6923333 0.12319252
0.08838247 -0.7242007 0.12205096
0.09086319 -0.64690554 0.121188186
0.09016483 -0.68339974 0.1201108
0.08919861 -0.7271937 0.11917667
0.09279641 -0.6336863 0.11840907
0.09166516 -0.68292624 0.1176376
0.089927696 -0.7397161 0.11706934
0.08758574 -0.80368584 0.11669177
0.09328766 -0.6945784 0.11632083
0.090733446 -0.76514834 0.11642365
0.08679646 -0.84266436 0.11668064
0.0952885 -0.72493696 0.117214076
0.09214898 -0.8096217 0.1186424
0.08677953 -0.8998776 0.12028271
0.094622746 -0.8119064 0.15346967
0.10211959 -0.7799661 0.1525131
0.09858706 -0.7714301 0.1520064
0.09550366 -0.75956464 0.1513774
0.10333082 -0.73221666 0.1505032
0.09986736 -0.7227783 0.15017204
0.09690501 -0.7094429 0.14977953
0.09437349 -0.6926045 0.14938642
0.10142218 -0.67877316 0.14888576
0.09872131 -0.6644472 0.14856301
0.09628613 -0.6464777 0.14829649
0.102940045 -0.6411078 0.14780827
0.1006765 -0.62654835 0.14750443
0.098498285 -0.6083761 0.14727858
0.09671097 -0.5864192 0.14709626
0.10267421 -0.5969752 0.14644688
0.10078968 -0.5794527 0.14622416
0.0990576 -0.55828553 0.14606905
0.1046143 -0.5766742 0.14533871
0.10302964 -0.5605369 0.14509219
0.10146173 -0.54087436 0.1449242
0.10020814 -0.5174951 0.14475986
0.10512077 -0.5522798 0.14385602
0.10370645 -0.534711 0.14367102
0.10240478 -0.51355803 0.14352818
0.106947035 -0.5551878 0.14251365
0.10567361 -0.54021066 0.14229919
0.10440311 -0.5216881 0.14214236
0.103409246 -0.49949458 0.14194927
0.1072505 -0.5576979 0.14082374
0.10599477 -0.54214185 0.14066598
0.10484302 -0.52291113 0.14051266
0.108311355 -0.58740926 0.13923807
0.10706182 -0.5751244 0.13906391
0.10582675 -0.55901796 0.13890618
0.10486794 -0.5391411 0.13866618
0.1074801 -0.6207864 0.13737763
0.10615379 -0.60795546 0.13722937
0.1049714 -0.5911848 0.1370259
0.107108735 -0.6792051 0.13556601
0.1056801 -0.6698105 0.13538201
0.10437632 -0.65615976 0.13513285
0.10338534 -0.63874424 0.1347486
0.104255475 -0.74458 0.13345212
0.10283673 -0.73404646 0.13312222
0.10174794 -0.7197368 0.13264234
0.101679966 -0.83218044 0.13135648
0.10008518 -0.82461566 0.13082485
0.09905127 -0.81332976 0.13006279
0.09832772 -0.79981375 0.12919937
0.09596898 -0.92751133 0.12852338
0.0950791 -0.9187851 0.12729117
0.09462489 -0.90919673 0.12611334
0.09007549 -1.0426674 0.12611178
0.08947486 -1.0353202 0.12423178
0.089340165 -1.029253 0.12304854
0.117144115 -0.8101346 0.15493682
0.107278205 -0.8445277 0.15531443
0.11548841 -0.8303624 0.15576036
0.123739876 -0.80403644 0.15561219
0.11670742 -0.8476825 0.15557595
0.12345479 -0.8136548 0.15626259
0.12924404 -0.77202374 0.15687014
0.1334678 -0.7251297 0.15757939
0.13015574 -0.7709019 0.15774491
0.1339635 -0.71968585 0.1589189
0.13667068 -0.6675831 0.1601327
0.13532542 -0.7057844 0.16022836
0.13755634 -0.6505063 0.16171332
0.13903497 -0.59745324 0.16318978
0.1397074 -0.5475945 0.16467701
0.139699 -0.56886554 0.16504768
0.14026152 -0.5188196 0.1666357
0.14027601 -0.4736727 0.16820265
0.14028473 -0.4801063 0.16870464
0.14025351 -0.43648136 0.17031422
0.13983847 -0.39893675 0.17188619
0.13903432 -0.36768872 0.17342235
0.1390854 -0.35559806 0.17408684
0.13848574 -0.32813042 0.17561413
0.13761409 -0.30760106 0.17709513
0.13694024 -0.2813816 0.1778411
0.13640857 -0.266079 0.17928605
0.13568722 -0.2581119 0.18067844
0.13477862 -0.25738996 0.18201296
0.13386835 -0.21756944 0.18281299
0.13351993 -0.2237125 0.18408579
0.13305353 -0.23720846 0.18529567
0.1311737 -0.18732066 0.18611175
0.13142596 -0.20886353 0.18723232
0.13161796 -0.23768756 0.18828544
0.13174611 -0.27349982 0.18926278
0.1297579 -0.21802424 0.19002867
0.13081884 -0.26306057 0.19088547
0.13189135 -0.3147571 0.19166128
0.12890469 -0.25572827 0.19237173
0.13102525 -0.3176549 0.19297898
0.1332622 -0.38570222 0.19349617
0.1355761 -0.45936778 0.19392547
0.13262823 -0.40602273 0.19440988
0.13619983 -0.4906371 0.1945814
0.14009997 -0.57996815 0.1946658
0.13607186 -0.5331714 0.19495173
0.14101233 -0.6342746 0.19464049
0.14670624 -0.73879087 0.19424091
0.15300645 -0.8463215 0.19386506
0.14807604 -0.822011 0.19328888
0.15536174 -0.94078946 0.19219369
0.16433872 -1.0611354 0.19118276
0.15837689 -1.0592123 0.19024946
0.16642857 -1.1914921 0.18834189
0.17659138 -1.3247011 0.18632078
0.10144291 -0.6413668 0.16277096
0.11180785 -0.5513169 0.16132763
0.11635093 -0.53678554 0.15733191
0.11983239 -0.6256488 0.15299398
0.101828545 -0.6218038 0.16319937
0.11209008 -0.54036623 0.16151589
0.11671751 -0.5300108 0.15762335
0.12056652 -0.62165195 0.15327376
0.10227032 -0.60295504 0.16360453
0.112341166 -0.52933514 0.16171993
0.11707282 -0.5231094 0.15792711
0.121301204 -0.617226 0.15358356
0.10273624 -0.58467007 0.16398306
0.112559006 -0.51824313 0.16193599
0.11741374 -0.5160797 0.15824328
0.12203133 -0.6123611 0.15392269
0.103201605 -0.5668621 0.16432747
0.1127436 -0.5071179 0.16216192
0.11774027 -0.50893056 0.15857086
0.12275379 -0.6070567 0.15429069
0.10364647 -0.54947597 0.16464385
0.112894446 -0.49598923 0.16239715
0.11805132 -0.5016707 0.1589099
0.123464696 -0.6013158 0.15468708
0.10405846 -0.5324809 0.16493739
0.11301161 -0.48488876 0.1626413
0.11834613 -0.49431193 0.15925981
0.1241603 -0.595146 0.15511082
0.104430035 -0.51586 0.16521342
0.11309556 -0.4738478 0.1628946
0.11862384 -0.48686677 0.15962026
0.124836735 -0.58855885 0.15556072
0.10475721 -0.49960643 0.16547623
0.11314719 -0.46289727 0.16315733
0.11888365 -0.4793491 0.15999086
0.12549023 -0.5815699 0.15603524
0.10503816 -0.48371974 0.16572942
0.113167755 -0.45206675 0.1634298
0.11912478 -0.47177356 0.16037138
0.12611718 -0.5741984 0.15653272
0.10527251 -0.46820423 0.16597593
0.1131588 -0.44138438 0.16371217
0.11934649 -0.46415555 0.16076161
0.12671427 -0.566467 0.15705127
0.10546077 -0.45306742 0.16621824
0.113122046 -0.43087658 0.1640045
0.11954811 -0.45651132 0.1611614
0.12727863 -0.55840147 0.15758893
0.10560402 -0.43831903 0.16645843
0.11305929 -0.4205681 0.16430673
0.11972902 -0.44885775 0.16157065
0.12780778 -0.5500303 0.15814377
0.105703756 -0.4239705 0.16669823
0.11297237 -0.41048187 0.16461863
0.11988868 -0.44121245 0.1619893
0.12829977 -0.5413841 0.15871394
0.1057617 -0.41003427 0.16693914
0.1128631 -0.40063924 0.16493991
0.120026655 -0.43359363 0.16241722
0.12875316 -0.53249526 0.15929765
0.1057797 -0.39652357 0.1671824
0.112733126 -0.39106 0.1652702
0.12014254 -0.4260202 0.16285434
0.1291669 -0.52339745 0.1598933
0.10575977 -0.38345194 0.16742906
0.11258404 -0.38176268 0.1656091
0.12023609 -0.41851157 0.16330054
0.12954043 -0.5141252 0.16049947
0.10570401 -0.37083316 0.16768
0.11241731 -0.37276474 0.16595621
0.1203071 -0.4110877 0.16375567
0.12987354 -0.50471365 0.16111484
0.10561455 -0.35868093 0.16793591
0.112234265 -0.36408263 0.1663111
0.12035551 -0.403769 0.16421951
0.13016632 -0.49519813 0.16173832
0.10549362 -0.34700873 0.16819732
0.11203616 -0.355732 0.16667335
0.12038135 -0.39657634 0.16469185
0.13041921 -0.485614 0.16236888
0.105343424 -0.3358298 0.16846465
0.11182412 -0.34772786 0.16704254
0.120384745 -0.38953093 0.16517238
0.1306328 -0.4759966 0.1630057
0.10516618 -0.3251568 0.16873819
0.11159919 -0.34008476 0.1674183
0.12036595 -0.38265434 0.16566078
0.1308079 -0.4663809 0.163648
0.104964174 -0.31500202 0.1690181
0.111362405 -0.33281675 0.16780023
0.12032533 -0.3759683 0.1661567
0.13094553 -0.45680147 0.16429512
0.10473959 -0.30537707 0.16930446
0.11111472 -0.32593754 0.16818796
0.12026332 -0.3694948 0.1666597
0.13104674 -0.4472925 0.16494651
0.10449468 -0.29629302 0.16959724
0.110857055 -0.31946063 0.16858113
0.12018052 -0.36325595 0.16716933
0.13111277 -0.43788773 0.1656016
0.10423164 -0.28776026 0.16989632
0.11059037 -0.31339923 0.16897936
0.120077595 -0.35727385 0.16768515
0.13114491 -0.42862028 0.16625991
0.103952624 -0.2797885 0.17020153
0.110315554 -0.30776638 0.1693823
0.11995531 -0.35157079 0.16820663
0.13114455 -0.41952282 0.16692102
0.103659764 -0.27238682 0.17051263
0.11003356 -0.30257487 0.16978958
0.11981454 -0.34616882 0.16873325
0.13111311 -0.41062742 0.16758448
0.103355154 -0.26556367 0.17082931
0.10974534 -0.29783747 0.1702008
0.11965624 -0.34109008 0.1692645
0.1310521 -0.40196565 0.16824988
0.10304085 -0.25932673 0.17115125
0.10945186 -0.29356667 0.17061558
0.11948147 -0.33635652 0.16979979
0.1309631 -0.39356852 0.1689168
0.10271886 -0.2536831 0.17147805
0.109154135 -0.28977484 0.17103353
0.11929135 -0.33198988 0.1703386
0.13084769 -0.38546646 0.16958489
0.102391146 -0.24863924 0.17180927
0.1088532 -0.28647417 0.17145425
0.1190871 -0.32801178 0.17088036
0.13070753 -0.37768945 0.1702537
0.10205962 -0.244201 0.17214447
0.10855011 -0.2836767 0.1718773
0.11887 -0.3244435 0.17142451
0.13054433 -0.3702668 0.17092285
0.10172615 -0.24037364 0.17248316
0.10824599 -0.28139433 0.17230225
0.11864141 -0.32130605 0.17197049
0.13035983 -0.36322746 0.17159194
0.101392575 -0.23716182 0.17282486
0.10794198 -0.2796387 0.17272866
0.11840274 -0.31862023 0.17251772
0.13015583 -0.3565997 0.17226054
0.10106065 -0.23456965 0.17316902
0.10763925 -0.27842122 0.17315605
0.11815548 -0.31640643 0.17306569
0.12993416 -0.3504113 0.17292826
0.10073213 -0.23260073 0.1735151
0.107339025 -0.27775317 0.17358398
0.11790117 -0.31468466 0.17361383
0.12969671 -0.34468955 0.17359464
0.100408696 -0.23125814 0.17386256
0.10704256 -0.27764556 0.17401198
0.1176414 -0.31347457 0.1741616
0.1294454 -0.33946115 0.17425928
0.100091994 -0.23054445 0.17421085
0.10675113 -0.27810904 0.17443952
0.11737782 -0.31279537 0.17470849
0.1291822 -0.3347523 0.17492169
0.09978362 -0.2304618 0.17455935
0.10646607 -0.27915418 0.17486612
0.11711212 -0.31266594 0.17525394
0.12890913 -0.33058855 0.17558149
0.09948516 -0.23101188 0.17490752
0.106188715 -0.2807911 0.1752913
0.116846055 -0.31310454 0.17579748
0.12862822 -0.32699504 0.17623816
0.0991981 -0.23219593 0.17525476
0.105920464 -0.28302976 0.17571455
0.116581395 -0.31412908 0.17633855
0.1283416 -0.32399625 0.17689128
0.09892396 -0.2340148 0.1756005
0.10566271 -0.2858797 0.17613536
0.116319984 -0.31575698 0.1768767
0.12805137 -0.3216161 0.17754036
0.09866416 -0.23646894 0.17594412
0.10541691 -0.2893502 0.17655323
0.116063684 -0.31800506 0.1774114
0.12775971 -0.31987795 0.17818493
0.09842009 -0.23955849 0.17628504
0.105184495 -0.2934502 0.17696765
0.11581439 -0.3208897 0.17794222
0.12746884 -0.3188046 0.17882451
0.09819314 -0.2432832 0.17662269
0.10496697 -0.29818827 0.17737815
0.11557405 -0.3244267 0.17846861
0.12718098 -0.31841817 0.17945863
0.09798463 -0.24764247 0.17695646
0.104765825 -0.30357265 0.17778422
0.115344636 -0.32863122 0.17899016
0.1268984 -0.31874028 0.18008676
0.097795844 -0.25263548 0.17728578
0.10458259 -0.3096112 0.17818537
0.11512816 -0.33351797 0.17950638
0.12662339 -0.31979185 0.18070844
0.09762803 -0.25826105 0.17761005
0.1044188 -0.3163114 0.17858116
0.11492665 -0.33910093 0.18001682
0.1263583 -0.3215932 0.18132313
0.09748242 -0.26451778 0.17792873
0.104276 -0.32368034 0.17897111
0.114742175 -0.3453935 0.18052103
0.12610547 -0.3241641 0.18193035
0.09736019 -0.27140394 0.17824125
0.10415578 -0.33172467 0.17935479
0.11457684 -0.35240835 0.18101856
0.12586726 -0.32752353 0.18252955
0.09726248 -0.27891773 0.17854707
0.104059696 -0.34045076 0.17973179
0.11443275 -0.3601576 0.18150899
0.12564605 -0.33169 0.18312024
0.0971904 -0.287057 0.17884563
0.10398933 -0.34986445 0.1801017
0.11431205 -0.36865258 0.18199186
0.12544426 -0.33668134 0.18370187
0.097145036 -0.29581952 0.17913643
0.10394631 -0.35997114 0.18046413
0.11421692 -0.37790388 0.18246678
0.1252643 -0.34251463 0.18427388
0.097127415 -0.30520275 0.17941892
0.10393223 -0.37077585 0.18081877
0.11414955 -0.3879213 0.1829333
0.1251086 -0.3492064 0.18483576
0.09713855 -0.31520426 0.17969266
0.10394869 -0.38228318 0.18116528
0.11411212 -0.398714 0.18339099
0.12497956 -0.35677248 0.18538691
0.09717941 -0.3258212 0.17995715
0.10399732 -0.39449713 0.18150337
0.11410687 -0.41029012 0.18383947
0.12487965 -0.36522812 0.18592678
0.097250946 -0.3370509 0.18021196
0.10407975 -0.40742144 0.18183279
0.11413605 -0.42265713 0.18427828
0.124811284 -0.37458786 0.18645477
0.09735406 -0.3488905 0.18045665
0.10419762 -0.42105925 0.18215336
0.11420189 -0.43582156 0.18470705
0.12477689 -0.38486564 0.1869703
0.097489625 -0.36133707 0.18069085
0.10435253 -0.43541318 0.1824649
0.11430665 -0.44978896 0.18512532
0.124778904 -0.39607477 0.18747272
0.09765849 -0.3743876 0.18091421
0.10454613 -0.45048535 0.18276727
0.1144526 -0.46456397 0.1855327
0.12481973 -0.40822783 0.1879614
0.09786149 -0.3880393 0.1811264
0.10478008 -0.46627745 0.18306045
0.11464201 -0.48015034 0.18592879
0.1249018 -0.42133692 0.1884357
0.09809942 -0.40228924 0.18132713
0.105056 -0.4827906 0.1833444
0.11487713 -0.49655074 0.18631315
0.1250275 -0.43541345 0.18889493
0.098373026 -0.41713452 0.1815162
0.10537556 -0.5000252 0.18361917
0.115160204 -0.5137667 0.18668538
0.12519918 -0.4504682 0.18933837
0.0986831 -0.43257242 0.18169343
0.10574041 -0.5179813 0.18388489
0.1154935 -0.5317989 0.18704504
0.12541929 -0.4665114 0.18976527
0.09903036 -0.44860032 0.1818587
0.10615224 -0.5366583 0.18414174
0.115879215 -0.5506468 0.1873917
0.12569012 -0.48355275 0.19017486
0.09941554 -0.46521556 0.18201198
0.106612705 -0.55605465 0.18439
0.11631956 -0.57030857 0.18772495
0.12601407 -0.50160116 0.19056633
0.09983936 -0.48241588 0.1821533
0.10712352 -0.57616866 0.18462998
0.116816685 -0.5907816 0.18804432
0.12639344 -0.5206653 0.19093877
0.10030253 -0.50019896 0.18228279
0.107686386 -0.5969976 0.1848621
0.11737269 -0.61206204 0.18834941
0.12683061 -0.54075295 0.19129127
0.100805774 -0.51856273 0.18240066
0.10830304 -0.6185378 0.18508692
0.11798963 -0.6341445 0.18863975
0.12732787 -0.56187147 0.19162284
0.10134984 -0.5375054 0.18250726
0.108975284 -0.64078534 0.18530503
0.11866952 -0.6570231 0.18891487
0.12788765 -0.5840278 0.19193237
0.10193546 -0.5570251 0.18260302
0.10970488 -0.66373473 0.18551715
0.119414255 -0.68069017 0.18917432
0.12851225 -0.6072279 0.1922187
0.10256343 -0.57712036 0.18268855
0.11049371 -0.6873799 0.18572408
0.120225675 -0.70513725 0.18941765
0.12920411 -0.63147736 0.19248056
0.10323457 -0.59779 0.18276457
0.111343674 -0.7117138 0.18592677
0.121105514 -0.730355 0.18964437
0.12996571 -0.6567811 0.19271654
0.10394971 -0.61903274 0.182832
0.11225671 -0.7367279 0.18612623
0.12205538 -0.7563327 0.189854
0.13079953 -0.6831432 0.19292511
0.104709774 -0.6408475 0.1828919
0.11323486 -0.76241267 0.18632361
0.123076804 -0.78305876 0.19004603
0.13170823 -0.7105668 0.19310455
0.105515726 -0.6632337 0.18294558
0.114280224 -0.7887571 0.18652016
0.124171175 -0.8105211 0.19021994
0.13269454 -0.73905456 0.19325301
0.10636857 -0.6861902 0.18299448
0.11539495 -0.8157483 0.18671718
0.12533973 -0.8387062 0.19037522
0.13376133 -0.76860726 0.1933684
0.10726938 -0.70971656 0.18304034
0.11658125 -0.84337217 0.18691607
0.1265836 -0.8676005 0.19051129
0.13491164 -0.799225 0.19344845
0.10821928 -0.7338119 0.18308508
0.11784144 -0.87161225 0.18711823
0.12790383 -0.8971893 0.19062752
0.13614874 -0.83090574 0.19349065
0.109219454 -0.75847584 0.18313092
0.119177796 -0.9004502 0.18732508
0.12930125 -0.9274579 0.19072321
0.13747601 -0.863646 0.1934923
0.110271096 -0.7837076 0.1831803
0.12059262 -0.9298658 0.18753794
0.13077664 -0.9583912 0.1907976
0.13889715 -0.89743984 0.19345044
0.11137539 -0.80950665 0.18323597
0.122088134 -0.9598359 0.18775801
0.13233066 -0.98997355 0.19084977
0.14041598 -0.93227863 0.19336198
0.11253349 -0.83587253 0.18330096
0.12366643 -0.99033546 0.18798622
0.13396385 -1.0221895 0.19087863
0.1420365 -0.9681509 0.1932237
0.11374645 -0.86280525 0.18337859
0.1253294 -1.0213375 0.18822321
0.13567673 -1.0550238 0.19088288
0.14376277 -1.0050422 0.19303231
0.11501515 -0.89030474 0.18347257
0.12707861 -1.0528123 0.18846904
0.13746966 -1.0884608 0.19086087
0.14559877 -1.0429332 0.1927846
0.116340265 -0.91837204 0.183587
0.12891528 -1.0847288 0.1887232
0.13934304 -1.1224852 0.1908106
0.1475484 -1.0818017 0.19247754
0.117722064 -0.9470099 0.18372653
0.13084017 -1.1170555 0.18898432
0.14129713 -1.1570827 0.19072957
0.14961505 -1.121622 0.19210847
0.11916048 -0.9762218 0.18389675
0.13285363 -1.1497588 0.1892499
0.14333218 -1.1922379 0.19061466
0.1518016 -1.1623628 0.19167523
0.12065491 -1.0060158 0.18410464
0.1349556 -1.1828068 0.18951592
0.14544827 -1.2279371 0.190462
0.1541101 -1.2039918 0.19117637
0.12220483 -1.0364039 0.18436046
0.13714589 -1.2161679 0.18977603
0.14764538 -1.2641666 0.19026686
0.15654172 -1.2464731 0.19061126
0.123810485 -1.0674076 0.18468015
0.13942413 -1.2498127 0.19002028
0.14992318 -1.3009131 0.1900238
0.15909661 -1.2897698 0.18998046
0.12547727 -1.09906 0.18509677
0.1417901 -1.2837138 0.19023229
0.15228091 -1.338164 0.18972617
0.161774 -1.3338444 0.18928558
0.1272237 -1.1314219 0.1856666
0.14424343 -1.3178449 0.19038728
0.15471756 -1.3759062 0.18936813
0.16457249 -1.3786584 0.18853156
0.12911126 -1.1646006 0.186575
0.14678168 -1.3521906 0.19044355
0.15723047 -1.4141338 0.1889403
0.16748896 -1.4241804 0.18772352
0.13133495 -1.198843 0.18809809
0.1494018 -1.3867186 0.19035581
0.1598192 -1.452823 0.18844292
0.17052232 -1.4703661 0.18687972
0.11685356 -0.7443616 0.16510135
0.108371854 -0.66501313 0.16617504
0.11319103 -0.64440894 0.16674972
0.11717828 -0.62053424 0.16718316
0.10631018 -0.5538599 0.16689837
0.11093743 -0.53168505 0.16753188
0.11461634 -0.50589967 0.16779964
0.117498025 -0.4759321 0.16789025
0.10870797 -0.43700567 0.16790196
0.1114097 -0.4104247 0.16827653
0.113619596 -0.38104498 0.16850553
0.106786355 -0.36086947 0.16859078
0.10836591 -0.3353418 0.16908927
0.10980844 -0.30827576 0.1694656
0.11103682 -0.2798956 0.169806
0.10559041 -0.2800859 0.17024453
0.10634285 -0.2565979 0.1707345
0.10712086 -0.23269758 0.17118467
0.10309996 -0.24392937 0.17165954
0.10330539 -0.22489154 0.17223038
0.103680715 -0.20604919 0.17274816
0.104216404 -0.18752792 0.1732477
0.10076095 -0.21216811 0.17386578
0.10083855 -0.19869472 0.17441362
0.10116818 -0.18579905 0.17493269
0.098783754 -0.21760131 0.17555445
0.09867469 -0.20958677 0.17609896
0.09886944 -0.20218472 0.17659944
0.099369034 -0.19533066 0.17707612
0.09726318 -0.23790617 0.17772397
0.097408235 -0.23569368 0.17817031
0.09789231 -0.23375532 0.17858368
0.09667882 -0.28310022 0.17921303
0.0968464 -0.28563023 0.17957234
0.097365215 -0.28795552 0.17988664
0.098223224 -0.28980416 0.18017088
0.09724191 -0.35165158 0.18074222
0.097836606 -0.35747972 0.18092462
0.09879156 -0.36203134 0.18107192
0.098662935 -0.43383825 0.18163657
0.099343896 -0.4423516 0.18165965
0.10036573 -0.44856346 0.181643
0.101733156 -0.4519545 0.1816073
0.10195325 -0.5431726 0.18210194
0.102967516 -0.5500369 0.18191278
0.104327746 -0.552729 0.18172348
0.10581958 -0.66114 0.18235847
0.106711164 -0.66784984 0.18204565
0.10770435 -0.6689688 0.18180145
0.108990304 -0.6643285 0.18169259
0.11199745 -0.8037832 0.18245067
0.11224969 -0.8030238 0.18254504
0.111904606 -0.7969734 0.18314233
0.11959269 -0.9588963 0.18377353
0.118848175 -0.95593244 0.18528797
0.11586173 -0.95227325 0.18769336
0.13707814 -1.2729094 0.19034238
0.2011101 -2.0535386 0.16915742
0.2791264 -2.8394337 0.16194333
0.15499264 -1.5175724 0.1795001
0.22385101 -2.2990897 0.1656234
0.30691424 -3.08721 0.16190873
0.17486744 -1.761441 0.17352137
0.2483072 -2.5458374 0.16321501
0.13263877 -1.223157 0.18980692
0.19612966 -2.006316 0.1689159
0.27442637 -2.79318 0.16198885
0.14990772 -1.4667363 0.1799734
0.21897684 -2.2524433 0.16547017
0.30214202 -3.0406148 0.16201198
0.16969356 -1.7120602 0.17349434
0.24346693 -2.499446 0.1631604
0.12860212 -1.1771196 0.1887425
0.19101746 -1.9581712 0.16876927
0.26957116 -2.7467992 0.16201298
0.14526805 -1.4174278 0.18039124
0.21392326 -2.205202 0.16535757
0.29723662 -2.9941056 0.16207169
0.16457668 -1.6624851 0.17357253
0.23844872 -2.4527626 0.16311428
0.12451739 -1.1318868 0.18783905
0.18575491 -1.9095266 0.1686861
0.2645565 -2.7003388 0.16201927
0.1406744 -1.3690764 0.1805186
0.20865448 -2.1576188 0.16528076
0.2921957 -2.9476457 0.16209753
0.1593511 -1.6130534 0.1735916
0.2332243 -2.4059312 0.16308181
0.12033674 -1.0864749 0.18719748
0.18020536 -1.860725 0.16862056
0.25938144 -2.6538477 0.16201955
0.13571051 -1.3209304 0.18035784
0.2030642 -2.1099417 0.16524088
0.2870646 -2.901204 0.1621064
-0.026114251 -2.2191637 0.12153417
0.028534833 -1.6592667 0.11751433
0.074460424 -1.0938911 0.12348773
-0.007997914 -2.0440793 0.11964293
0.04395267 -1.4831283 0.11766653
-0.05029626 -2.4326775 0.124895334
0.009408517 -1.8682952 0.11827529
0.059085343 -1.3048979 0.118656956
-0.03080194 -2.2569196 0.12236912
0.026163181 -1.6914948 0.11748942
0.07407471 -1.1224496 0.121419616
-0.012053749 -2.080638 0.12027248
0.042337835 -1.51331 0.117367305
-0.055740897 -2.4718597 0.12595105
0.006007086 -1.9034834 0.118673675
0.058012072 -1.3332391 0.11809603
-0.035716563 -2.295263 0.12330966
0.023433577 -1.7251064 0.11763589
0.07304122 -1.151011 0.120229535
-0.016407007 -2.1180215 0.121034086
0.040260706 -1.5451651 0.11723951
-0.061375644 -2.5113668 0.1270137
0.0022476553 -1.9397521 0.11922186
0.056454815 -1.3634248 0.11765074
-0.040892787 -2.3341386 0.1243394
0.020295205 -1.760077 0.11794536
0.07176417 -1.1803492 0.11927009
-0.021087227 -2.1561792 0.121914424
0.03775144 -1.5786471 0.11727818
0.08554089 -0.9989852 0.12231887
-0.0019000187 -1.9770508 0.119905315
0.05453974 -1.3953097 0.11734712
-0.046351373 -2.3734822 0.12543395
0.016709007 -1.7963554 0.11840099
0.07036259 -1.210713 0.1184414
-0.026138462 -2.195054 0.12289408
0.034740143 -1.6137133 0.11747065
0.08458795 -1.0276371 0.120955296
0.03961447 -1.5376792 0.119146526
-0.010689854 -2.0863066 0.12025937
-0.07200033 -2.643723 0.12881158
0.025368676 -1.7078584 0.1189239
-0.027946224 -2.2579246 0.122080564
0.056693513 -1.3363703 0.12240409
0.010535843 -1.8777263 0.11931271
-0.046074286 -2.4294927 0.1244856
0.043748252 -1.5045657 0.12053043
-0.0052557886 -2.0475333 0.12025866
-0.065054215 -2.6010187 0.12777497
0.030184647 -1.6721398 0.119781844
-0.021953283 -2.2174127 0.121748626
0.061923273 -1.3003179 0.12391973
0.015705958 -1.8397751 0.11976463
-0.039526038 -2.3874211 0.12383219
0.048640136 -1.4682038 0.12186908
0.00038403657 -2.0076663 0.12035467
-0.05796317 -2.5575285 0.126711
0.035144147 -1.634305 0.120694235
-0.015817186 -2.1758687 0.12151252
0.06629685 -1.2614063 0.12358759
0.021023942 -1.8002112 0.12029081
-0.032895632 -2.3443956 0.12326105
0.05352909 -1.428375 0.122703545
0.006108661 -1.9664319 0.1205369
-0.05084115 -2.5131545 0.12572934
0.040259514 -1.5937847 0.121494204
-0.00964927 -2.1331239 0.12137115
-0.06963537 -2.682009 0.12930447
0.026414135 -1.7586043 0.12083476
-0.026271459 -2.300271 0.1227896
0.05814352 -1.386525 0.12284176
0.011858294 -1.923569 0.12078293
-0.043760758 -2.4677904 0.12486755
0.04531965 -1.5508554 0.121993534
-0.0034976907 -2.0889804 0.12131532
-0.062108178 -2.6355257 0.12783822
0.031817634 -1.7148483 0.12128435
-0.019697605 -2.2549193 0.12241995
0.062446058 -1.3437685 0.12242563
0.01760435 -1.8788815 0.12103648
-0.03675837 -2.42131 0.12413547
0.050190542 -1.5063573 0.12215158
0.0026183275 -2.0432925 0.121317215
-0.05468088 -2.588029 0.12660213
0.037129223 -1.6692514 0.1215582
-0.013189648 -2.208205 0.12213935
-0.07346378 -2.754922 0.13013051
0.023295768 -1.832428 0.121229924
-0.02984714 -2.3736148 0.12352693
0.054833435 -1.4609218 0.12202627
0.008676881 -1.9959935 0.12133287
-0.047364023 -2.5394113 0.12556386
0.042272583 -1.6223413 0.12164702
-0.00675715 -2.1600578 0.12192118
-0.065743096 -2.7054727 0.12844166
0.028869819 -1.784464 0.12132412
-0.023031324 -2.3246148 0.12302387
0.059271738 -1.4148577 0.12171977
0.0146409385 -1.9471903 0.121320985
-0.04015962 -2.4896007 0.124694616
0.04722256 -1.5745002 0.12158053
-0.00041760755 -2.1104736 0.12173244
-0.0581483 -2.6548965 0.12705237
0.034281343 -1.7353369 0.12131622
-0.016317667 -2.2742858 0.12260033
-0.077006966 -2.820405 0.13027732
0.020471243 -1.8970782 0.12125955
-0.033069167 -2.4385405 0.123964794
0.051985443 -1.5259447 0.121401474
0.005803105 -2.059562 0.121545374
-0.050678283 -2.603145 0.1259006
0.039514553 -1.6852901 0.1212218
-0.009719866 -2.2226496 0.12222889
-0.06915252 -2.7679927 0.12852821
0.026140418 -1.8458946 0.121145785
-0.026098544 -2.3862326 0.12334429
0.056571797 -1.4766992 0.12116386
0.011879769 -2.007468 0.12134439
-0.04333449 -2.5501862 0.12493884
0.044570904 -1.6344717 0.121062264
-0.0032560343 -2.1698031 0.121887155
-0.061431758 -2.714414 0.12708932
0.03163875 -1.7937958 0.12098682
-0.019258523 -2.3327076 0.12280541
0.0610122 -1.4267249 0.12092753
0.017795598 -1.9543558 0.12112464
-0.03612239 -2.496036 0.12412781
0.04946114 -1.5828929 0.1208638
0.0030574095 -2.1158514 0.121560544
-0.053846236 -2.6596546 0.1258989
0.036967415 -1.7408813 0.120793216
-0.012561953 -2.2780461 0.12232554
-0.072436 -2.823484 0.12817018
0.023544967 -1.9003259 0.120887056
-0.02905055 -2.440726 0.12343475
0.054204218 -1.5305198 0.12065849
0.009210154 -2.060909 0.121240966
-0.04640081 -2.603738 0.12490788
0.042136732 -1.6871473 0.12057838
-0.006019658 -2.222323 0.12188783
-0.064612515 -2.7669644 0.12677118
0.029130187 -1.8454405 0.12063501
-0.022128178 -2.3843207 0.12283297
0.058808345 -1.4772383 0.12048125
0.015199582 -2.0050373 0.12092403
-0.039102186 -2.5466924 0.12407644
0.047160156 -1.6325575 0.12036001
0.00036229077 -2.1656165 0.12148
-0.05693542 -2.7093022 0.12562053
0.0345609 -1.789682 0.120373964
-0.015362348 -2.3268714 0.122301124
-0.075631835 -2.8720646 0.1274596
0.021029243 -1.9482709 0.12060724
-0.031956904 -2.4885666 0.12337187
0.052050732 -1.5770041 0.120160535
0.0065834606 -2.1079595 0.121092565
-0.049409688 -2.6505191 0.1246732
0.039848763 -1.7330087 0.12011269
-0.008756275 -2.2684288 0.121821925
-0.067719094 -2.8126307 0.12618087
0.026708324 -1.89058 0.12028979
-0.024969319 -2.4293923 0.12276705
0.056831796 -1.520374 0.12000591
0.012648485 -2.0493655 0.12071772
-0.04203967 -2.5906496 0.12389068
0.04500901 -1.675314 0.11986453
-0.0023086518 -2.2090042 0.121380776
-0.059960738 -2.7520657 0.12514833
0.032248344 -1.8319144 0.11997335
-0.018140486 -2.3691988 0.12223915
-0.078738935 -2.9135907 0.12648608
0.01856647 -1.9897934 0.12034906
-0.034827508 -2.5297072 0.12323993
0.050059836 -1.6164851 0.11964823
0.003986074 -2.1485934 0.12096489
-0.052359097 -2.6903882 0.12431967
0.037665118 -1.7721685 0.119663365
-0.011467627 -2.3079784 0.12176846
-0.07073802 -2.8511682 0.12540497
0.024349289 -1.9291856 0.11998202
-0.02777231 -2.467701 0.122692436
0.055014264 -1.5563552 0.11948851
0.010137142 -2.087145 0.12056287
-0.044914164 -2.6275942 0.12365661
0.042975303 -1.7112265 0.119370446
-0.0049443576 -2.2457097 0.12133756
-0.062893264 -2.787592 0.12456717
0.030012721 -1.8674343 0.11961465
-0.020869775 -2.404604 0.122223526
0.059903152 -1.4947535 0.119416334
0.016156795 -2.0245924 0.12016469
-0.037622895 -2.5636706 0.12312512
0.04819767 -1.6489204 0.119112276
0.00143897 -2.1823292 0.12093078
-0.05520232 -2.722838 0.12393087
0.035573706 -1.8044205 0.119248725
-0.014112414 -2.3403757 0.121811636
-0.07362338 -2.882111 0.124516465
0.022060588 -1.9608252 0.11976199
-0.03047897 -2.4985683 0.1226956
0.053358447 -1.5850724 0.11891652
0.007694792 -2.1177604 0.12053378
-0.047659405 -2.6568692 0.123456284
0.04105403 -1.7399752 0.118891455
-0.007489856 -2.274936 0.12143769
-0.065670535 -2.815296 0.12394832
0.027866181 -1.8957211 0.119348444
-0.023473011 -2.4322217 0.122342624
0.05847284 -1.5194441 0.118825376
0.013838445 -2.0518866 0.12013342
-0.040255204 -2.5896087 0.12310804
0.046478722 -1.6739143 0.11855856
-0.0009891931 -2.2081914 0.12108456
-0.05785759 -2.747168 0.123575285
0.03359642 -1.8291104 0.118920594
-0.016592935 -2.3645253 0.122044474
-0.07631434 -2.9049509 0.12356236
0.01988783 -1.9845798 0.11971772
-0.03297712 -2.5209575 0.122856
0.051874522 -1.6059893 0.11828058
0.0054048714 -2.1400115 0.12073668
-0.050171155 -2.677618 0.12335335
0.039277006 -1.7608057 0.118479095
-0.00982427 -2.2953575 0.1217826
-0.068216 -2.8346117 0.12333995
0.025865369 -1.9156693 0.11927587
-0.025809579 -2.4507754 0.12267531
0.0572863 -1.53591 0.11811561
0.011710197 -2.070253 0.12037995
-0.042593967 -2.6065087 0.123244226
0.04494165 -1.6905531 0.118031524
-0.0031502198 -2.2245584 0.1215412
-0.060229983 -2.7627182 0.12329717
0.03179698 -1.8449637 0.11879829
-0.01873431 -2.3789005 0.12254583
-0.07876261 -2.9194348 0.12257472
0.017948177 -1.9987311 0.12000194
-0.03510525 -2.53366 0.12321684
0.050635673 -1.6180469 0.11759954
0.0034487627 -2.1519501 0.121307336
-0.052333545 -2.689093 0.12337975
0.037717637 -1.7722094 0.11827611
-0.011730036 -2.3051312 0.12245142
-0.07047017 -2.8452497 0.12278405
0.024143608 -1.9252374 0.119592525
-0.027680986 -2.4588675 0.123246856
0.056409154 -1.5428632 0.117240936
0.009995719 -2.0773082 0.12107191
-0.04449986 -2.6135197 0.12354362
0.043670516 -1.6970958 0.11769918
-0.0047715013 -2.2292395 0.122379616
-0.062247317 -2.7691696 0.123134926
0.030327713 -1.8494965 0.11914444
-0.020293437 -2.3818915 0.12331493
0.06235834 -1.4644239 0.11712243
0.016518205 -2.0003626 0.12083196
-0.03669857 -2.535762 0.12375613
0.049714655 -1.6191921 0.11705106
0.0021722137 -2.1509428 0.12232241
-0.054059874 -2.6909459 0.12355379
0.036534835 -1.7711642 0.11865339
-0.012909989 -2.3024693 0.12340509
-0.07240019 -2.8473046 0.12238239
0.023048967 -1.9207501 0.12059435
-0.028895665 -2.4555633 0.12399307
0.055942927 -1.5378987 0.11630083
0.0091405595 -2.0698948 0.12227788
-0.045868825 -2.6103244 0.123992875
0.042806704 -1.689765 0.118115954
-0.005490859 -2.2202954 0.12350421
-0.06385079 -2.766573 0.12318369
0.029627915 -1.837978 0.12038153
-0.021052517 -2.3726647 0.1242348
0.06253675 -1.4522604 0.11544186
0.016179254 -1.9856316 0.12225169
-0.037630297 -2.5270538 0.12442428
0.04917224 -1.6046376 0.11752131
0.0020130388 -2.1350102 0.1236031
-0.05524456 -2.683241 0.12394135
0.036276635 -1.7513205 0.12024069
-0.013118867 -2.2867954 0.12446573
-0.073878504 -2.8409274 0.12239935
0.023372112 -1.8975298 0.12225562
-0.02929223 -2.4409158 0.12483022
0.05582663 -1.5146705 0.11681507
0.009663273 -2.046167 0.12369707
-0.046514403 -2.597078 0.12462502
0.043138247 -1.6596916 0.12025842
-0.0050365324 -2.1976635 0.12467721
-0.06477537 -2.754978 0.123657316
0.030624686 -1.804786 0.12230158
-0.020776344 -2.3517203 0.12519999
0.061139178 -1.4180431 0.11566377
0.017576046 -1.953208 0.12378231
-0.037575733 -2.5079434 0.1252267
0.04988005 -1.5610088 0.120572425
0.00337012 -2.1049125 0.12486497
-0.05541295 -2.6660078 0.12468241
0.18622102 -1.8699316 0.17453407
0.2586991 -2.6509283 0.16335948
0.14738075 -1.3785855 0.19201346
0.20988615 -2.1421127 0.16990794
0.28786483 -2.929777 0.16177379
0.16829321 -1.6441188 0.18153316
0.23537292 -2.4170175 0.16619028
0.31883144 -3.21014 0.16137733
0.19003029 -1.9119198 0.17523848
0.26273784 -2.6945846 0.1634013
0.14974867 -1.4146187 0.19156647
0.21361856 -2.1835961 0.17033489
0.29198825 -2.9745255 0.16163377
0.17123722 -1.6821984 0.18264043
0.23913631 -2.4589362 0.16640282
0.32310203 -3.2563872 0.16106442
0.19331105 -1.9506586 0.17596053
0.2666023 -2.737594 0.16341415
0.15205705 -1.4448824 0.19081856
0.21703784 -2.223046 0.17075822
0.29601294 -3.0191128 0.16144934
0.17368944 -1.7152039 0.18332197
0.24269485 -2.4995933 0.16659433
0.32734096 -3.3029337 0.16068451
0.1961669 -1.9860361 0.17658836
0.2703413 -2.7799392 0.163394
0.1542067 -1.471223 0.1901569
0.22018051 -2.260358 0.1711473
0.29998082 -3.0635557 0.1612194
0.17588314 -1.7443148 0.18362467
0.24608086 -2.5389428 0.1667551
0.33158827 -3.3498232 0.16023868
0.1987131 -2.018345 0.17704518
0.27398634 -2.8216155 0.1633375
0.15618053 -1.4945168 0.18960483
0.22308776 -2.2955801 0.17146331
0.30392274 -3.107876 0.16094355
0.17791389 -1.7704545 0.18367268
0.24931945 -2.5770006 0.16686991
0.33587387 -3.3970966 0.1597294
0.20105149 -2.0480692 0.17731586
0.27756023 -2.8626459 0.16323891
0.1579988 -1.515315 0.18912956
0.2258136 -2.3289006 0.17167698
0.30786097 -3.1521077 0.16062063
0.17982797 -1.7942641 0.18356243
0.25244007 -2.6138513 0.16692191
0.3402192 -3.444795 0.15915972
0.20325546 -2.0756967 0.17742121
0.28108418 -2.9030855 0.16309068
0.1596898 -1.5340191 0.18870309
0.22841357 -2.3605914 0.17177655
0.31181374 -3.1962981 0.16024859
0.18165602 -1.8161986 0.18335356
0.255477 -2.6496396 0.16689809
0.34464046 -3.4929593 0.15853263
0.20537555 -2.101649 0.17739199
0.28458077 -2.9430227 0.16288522
0.1612809 -1.550942 0.18830737
0.23093636 -2.3909488 0.17176437
0.31579804 -3.2405093 0.15982501
0.18342277 -1.8365997 0.18308096
0.25846583 -2.6845498 0.16679186
0.34915125 -3.5416327 0.15785107
0.20744787 -2.126273 0.17725652
0.2880744 -2.9825742 0.162617
0.16279647 -1.5663362 0.18793131
0.2334218 -2.420257 0.17165053
0.31983125 -3.2848175 0.159348
0.18514965 -1.8557358 0.18276504
0.26144013 -2.7187848 0.16660292
0.35376415 -3.5908623 0.15711786
0.20949996 -2.1498516 0.17703752
0.29159 -3.0218759 0.16228351
0.16425766 -1.5804106 0.18756807
0.23590182 -2.4487739 0.17144771
0.32393122 -3.3293111 0.15881692
0.18685554 -1.873826 0.18241814
0.2644299 -2.752547 0.16633543
0.3584917 -3.6406987 0.15633608
0.21155407 -2.1726189 0.17675218
0.29515195 -3.0610738 0.16188546
0.16568276 -1.5933405 0.18721332
0.2384024 -2.4767244 0.17116849
0.3281161 -3.3740873 0.15823285
0.1885571 -1.891054 0.1820479
0.2674613 -2.7860289 0.16599612
0.36334646 -3.691195 0.15550944
0.21362892 -2.1947718 0.17641337
0.2987831 -3.1003141 0.1614262
0.16708755 -1.6052752 0.18686424
0.24094519 -2.5043063 0.17082414
0.33240378 -3.419245 0.15759882
0.19026919 -1.9075762 0.18165916
0.27055705 -2.8194067 0.16559276
0.36834094 -3.742406 0.15464254
0.21574084 -2.2164793 0.17603074
0.30250433 -3.1397371 0.16091102
0.16848567 -1.6163422 0.18651901
0.24354883 -2.5316908 0.17042433
0.33681133 -3.4648814 0.15691958
0.19200504 -1.9235284 0.18125507
0.273737 -2.8528392 0.16513334
0.37348726 -3.794383 0.15374117
0.21790437 -2.2378876 0.1756115
0.3063347 -3.179473 0.16034645
0.16988902 -1.6266519 0.18617631
0.24622975 -2.5590296 0.16997716
0.3413548 -3.511087 0.15620142
0.19377667 -1.93903 0.18083762
0.277019 -2.8864682 0.16462556
0.37879688 -3.847172 0.15281244
0.22013275 -2.2591264 0.17516103
0.3102916 -3.2196383 0.15973973
0.17130792 -1.6362994 0.18583521
0.249003 -2.5864563 0.16948943
0.34604886 -3.5579407 0.1554519
0.19559497 -1.9541872 0.18040794
0.28041917 -2.9204197 0.16407666
0.38428026 -3.9008088 0.1518648
0.22243834 -2.2803125 0.17468335
0.31439075 -3.2603357 0.15909857
0.17275144 -1.6453676 0.18549493
0.25188258 -2.6140912 0.16896676
0.3509071 -3.605509 0.15467961
0.19746995 -1.9690952 0.17996658
0.28395265 -2.9548047 0.16349341
0.38994664 -3.9553146 0.15090804
0.22483283 -2.3015523 0.17418131
0.31864694 -3.301652 0.15843098
0.17422739 -1.6539283 0.18515484
0.254882 -2.6420436 0.16841385
0.3559416 -3.653841 0.15389413
0.19941097 -1.9838417 0.17951353
0.28763393 -2.9897213 0.16288222
0.39580384 -4.0106936 0.1499532
0.22732764 -2.3229449 0.17365694
0.32307383 -3.3436582 0.15774532
0.17574252 -1.6620433 0.18481429
0.25801462 -2.6704135 0.16783476
0.36116323 -3.7029672 0.15310587
0.2014268 -1.9985071 0.17904828
0.2914771 -3.025255 0.16224943
0.40185797 -4.066928 0.14901248
0.22993404 -2.3445833 0.1731115
0.32768434 -3.386408 0.15705045
0.17730251 -1.6697658 0.18447264
0.2612938 -2.6992939 0.16723306
0.36658135 -3.7528965 0.15232615
0.20352575 -2.0131676 0.17856988
0.2954962 -3.0614786 0.1616015
0.40811333 -4.123978 0.14809896
0.23266347 -2.3665578 0.17254572
0.3324905 -3.4299355 0.15635595
0.17891191 -1.6771405 0.18412916
0.26473343 -2.72877 0.16661228
0.3722037 -3.8036146 0.15156707
0.20571579 -2.0278957 0.17807688
0.29970515 -3.0984504 0.16094556
0.41457215 -4.181778 0.14722644
0.23552775 -2.388956 0.17195997
0.3375033 -3.4742532 0.15567242
0.18057407 -1.684204 0.18378307
0.26834795 -2.7589207 0.1659763
0.37803593 -3.8550804 0.15084147
0.20800468 -2.042762 0.17756733
0.30411795 -3.1362119 0.16028997
0.4212342 -4.2402363 0.14640899
0.23853949 -2.4118645 0.1713546
0.34273228 -3.5193474 0.15501171
0.18229103 -1.6909851 0.18343335
0.27215275 -2.7898157 0.16533016
0.38408116 -3.907224 0.15016271
0.21040013 -2.0578365 0.17703888
0.30874804 -3.1747828 0.15964511
0.42809668 -4.2992363 0.1456605
0.24171235 -2.4353678 0.17073056
0.34818456 -3.5651736 0.1543872
0.18406326 -1.6975037 0.18307874
0.27616408 -2.8215103 0.16468117
0.39033926 -3.9599462 0.14954406
0.21291004 -2.0731897 0.1764888
0.31360766 -3.2141526 0.15902431
0.43515408 -4.3586397 0.14499418
0.24506168 -2.4595475 0.17009029
0.3538638 -3.611652 0.15381354
0.18588962 -1.703771 0.1827175
0.2803989 -2.8540378 0.16404074
0.39680606 -4.0131183 0.14899789
0.21554317 -2.0888927 0.1759143
0.3187063 -3.2542706 0.15844473
0.4423978 -4.418289 0.14442186
0.24860534 -2.4844754 0.16943975
0.35976836 -3.6586626 0.15330595
0.18776727 -1.7097876 0.18234709
0.28487405 -2.8873935 0.16342694
0.4034728 -4.0665865 0.14853461
0.21831037 -2.1050177 0.17531323
0.32404783 -3.2950337 0.1579278
0.44981605 -4.478014 0.1439534
0.25236484 -2.510202 0.16879195
0.3658894 -3.7060466 0.15287879
0.18969232 -1.7155432 0.18196349
0.28960386 -2.9215117 0.16286783
0.41032514 -4.1201777 0.14816143
0.22122745 -2.1216352 0.17468603
0.32962677 -3.3362734 0.15749839
0.45739266 -4.537639 0.14359617
0.2563669 -2.5367312 0.16817349
0.37220883 -3.7536113 0.1525435
0.19166155 -1.7210144 0.18155992
0.29459578 -2.9562318 0.16240454
0.41734174 -4.1737127 0.14788157
0.22432126 -2.1388068 0.17404069
0.33542335 -3.3777518 0.15718187
0.4651041 -4.5969906 0.14335465
0.26064458 -2.563971 0.16763559
0.37869716 -3.8011467 0.15230654
0.19367778 -1.7261654 0.18112451
0.29984188 -2.9912596 0.1620914
0.42449093 -4.227018 0.14769447
0.2276425 -2.1565588 0.17340566
0.3413986 -3.4191737 0.15699907
0.47291258 -4.655905 0.14323007
0.26523477 -2.591645 0.1672697
0.38531017 -3.8484495 0.15216927
0.19576381 -1.7309473 0.18063694
0.30530614 -3.0261428 0.1619883
0.43172204 -4.279943 0.14759721
0.23129225 -2.1748116 0.17286357
0.34748977 -3.4602244 0.15696177
0.48075277 -4.7142344 0.14321981
0.2701627 -2.6191576 0.16721955
0.3919784 -3.8953514 0.15213081
0.19800296 -1.7352985 0.18006873
0.31090826 -3.0603046 0.16214316
0.43894756 -4.3323746 0.1475864
0.23547103 -2.193173 0.17263293
0.35359573 -3.5006328 0.1570745
0.48851207 -4.771862 0.14331634
0.27539128 -2.645465 0.1676618
0.39857706 -3.941746 0.15219277
0.2006701 -1.739124 0.17942505
0.31648597 -3.093179 0.16257766
0.4460144 -4.3842525 0.14765735
0.24053046 -2.2103755 0.17322744
0.35950822 -3.540238 0.15734218
0.49601734 -4.8287106 0.1435032
0.28065333 -2.6692078 0.16873166
0.40486327 -3.9876087 0.15235485
0.20485227 -1.7422506 0.17915674
0.3215834 -3.124436 0.16329317
0.45269048 -4.435585 0.14779295
0.24643138 -2.2231317 0.17556061
0.36474544 -3.5790405 0.15774858
0.50307435 -4.8847528 0.14374484
0.20950048 -1.7871814 0.18397109
0.20431183 -1.8190359 0.18328302
0.21790268 -1.9674319 0.18230629
0.23310106 -2.1063552 0.18053426
0.24691232 -2.2313972 0.17808363
0.24512744 -2.304424 0.17802376
0.25871125 -2.429595 0.17599714
0.27075097 -2.5421596 0.17381394
0.2749992 -2.6473198 0.1730962
0.28691378 -2.7585735 0.17124222
0.29753605 -2.8590908 0.16933419
0.30654702 -2.9497316 0.16741954
0.3173722 -3.0910048 0.1666954
0.3267176 -3.1803753 0.16501208
0.33488423 -3.2614458 0.16332315
0.34955597 -3.4247348 0.16248736
0.35779488 -3.5041873 0.16098125
0.36514306 -3.5766432 0.15947363
0.3715553 -3.6426218 0.15798038
0.39041257 -3.82931 0.15726379
0.39704144 -3.8941638 0.15590513
0.4029392 -3.9534953 0.15455809
0.4243649 -4.155053 0.15384658
0.43037787 -4.2132616 0.15261483
0.4358174 -4.266742 0.15139343
0.44068918 -4.315803 0.15018944
0.46502337 -4.533491 0.14959209
0.47006735 -4.5818644 0.14848407
0.47467077 -4.626434 0.1473914
0.50090146 -4.8546042 0.14683452
0.50559723 -4.898563 0.14583878
0.509975 -4.939272 0.14485975
0.5140332 -4.976891 0.14389223
0.5423327 -5.2166753 0.14350723
0.5465241 -5.2541957 0.14267005
0.55051506 -5.2890863 0.14183351
0.5801976 -5.5361032 0.14165665
-0.049476303 -2.6067233 0.12553084
0.009840762 -2.0359898 0.12541944
0.05957315 -1.4708323 0.12107395
-0.030178577 -2.4316955 0.12606959
0.026414627 -1.8600074 0.12448964
0.07586719 -1.284739 0.11786051
-0.0115935225 -2.256049 0.12616657
0.04242471 -1.6821988 0.12315989
-0.05525571 -2.6561193 0.12535374
0.0063311877 -2.0791914 0.1258201
0.058052275 -1.5017892 0.12137585
-0.035347402 -2.4798021 0.12602347
0.023625424 -1.9005741 0.1250238
0.07336961 -1.3178855 0.1186964
-0.016129166 -2.3027055 0.12627865
0.040290996 -1.7197207 0.1237633
-0.061228223 -2.7058592 0.12514599
0.0024569666 -2.1241245 0.1260992
0.0562788 -1.5363647 0.12197724
-0.040800698 -2.528624 0.12587805
0.020434568 -1.9434272 0.1254679
0.071190245 -1.3512996 0.11961259
-0.021009725 -2.3504863 0.12626873
0.037773255 -1.7601103 0.124364175
0.08257424 -1.1708063 0.11862457
-0.0018079318 -2.1706302 0.12624982
0.054316357 -1.574015 0.122754745
-0.046530627 -2.5780036 0.12565133
0.016825533 -1.9883399 0.12579374
0.069480985 -1.386184 0.12070333
-0.026245605 -2.3992462 0.12614158
0.034850262 -1.8030427 0.12488546
0.0813918 -1.2018685 0.11930219
-0.0065001687 -2.2185614 0.12626445
0.05209097 -1.6144828 0.12352926
-0.052534226 -2.6277974 0.12536497
0.012703324 -2.03514 0.12597656
0.067987844 -1.4233637 0.12185259
