-0.10736992 -0.98717666 -0.19180459
-0.033514943 -2.106156 -0.1827758
-0.029163707 -2.39763 -0.15021174
-0.044221703 -1.8746428 -0.089397535
-0.107330136 -0.98905087 -0.19213663
-0.034337934 -2.1019294 -0.1827816
-0.030021206 -2.3915565 -0.15021421
-0.044989925 -1.87108 -0.08942929
-0.110351495 -0.92966855 -0.19248287
-0.12990496 -1.0997796 -0.19208759
-0.16134201 -1.2279097 -0.1939634
-0.19742537 -1.3243955 -0.19423155
-0.23402059 -1.3922125 -0.19445597
-0.26505363 -1.0320563 -0.18095812
-0.28047 -0.76068795 -0.14887647
-0.28367966 -0.6814587 -0.093359195
-0.23435968 -1.3928747 -0.19419868
-0.26584104 -1.0286548 -0.18093881
-0.28132704 -0.7552626 -0.14885797
-0.28449762 -0.67679864 -0.09334168
-0.2346508 -1.393848 -0.19421744
-0.26662248 -1.0253825 -0.18089242
-0.28217906 -0.7500662 -0.14881335
-0.28531265 -0.6724032 -0.09329593
-0.23496725 -1.3948488 -0.19422793
-0.2674088 -1.0219448 -0.18100508
-0.28303674 -0.7445932 -0.14893267
-0.28613043 -0.66768616 -0.09343062
-0.23550941 -1.3959165 -0.19425352
-0.26818734 -1.018716 -0.18073057
-0.28388703 -0.73945004 -0.14864823
-0.28694284 -0.6633481 -0.09311863
-0.2362793 -1.3966063 -0.1945686
-0.26897544 -1.0152464 -0.18116228
-0.28474617 -0.73393226 -0.14910531
-0.28775907 -0.6585771 -0.09362831
-0.23650318 -1.3972285 -0.1941337
-0.2697564 -1.012016 -0.18054393
-0.28559756 -0.72879654 -0.14845368
-0.28856897 -0.65424645 -0.092906736
-0.23698162 -1.3974193 -0.19464377
-0.2705449 -1.0086275 -0.18117656
-0.2864562 -0.7233509 -0.1491328
-0.28938085 -0.6495505 -0.093667105
-0.23776887 -1.3976973 -0.19407338
-0.27134612 -1.005189 -0.18081081
-0.28731948 -0.71800655 -0.1487307
-0.29019037 -0.6449888 -0.0932134
-0.23873521 -1.4179293 -0.19431634
-0.2914549 -0.70797825 -0.054107428
-0.29075614 -0.642576 -0.12141422
-0.28295204 -0.8233299 -0.16615161
-0.2589035 -1.1792717 -0.18850297
-0.2833973 -1.1784445 -0.18960127
-0.31834644 -0.653055 -0.16984957
-0.32921875 -0.4049851 -0.12822556
-0.3249562 -0.5242679 -0.06339702
-0.22063409 -1.6060158 -0.20022023
-0.19063854 -1.9234158 -0.21589014
-0.16018316 -2.2065494 -0.24448563
-0.21020481 -1.7130159 -0.2043424
-0.18092711 -2.0107036 -0.2236712
-0.33266556 -1.1558355 0.21670477
-0.32562515 -1.15603 0.21606824
-0.30432427 -1.1584941 0.21498986
-0.32003996 -1.146109 0.21399389
-0.29884422 -1.145059 0.21284457
-0.31931594 -1.1337643 0.21180293
-0.23892069 -1.4241254 -0.19435763
-0.2508235 -1.452484 -0.1945738
-0.23379795 -1.4411026 -0.19471413
-0.24932434 -1.4736639 -0.19507504
-0.23816222 -1.4584509 -0.1953944
-0.23773067 -1.7436581 -0.20033817
-0.18746968 -2.27706 -0.21624048
-0.13665827 -2.7336304 -0.24585983
-0.25130698 -1.5144007 -0.19561616
-0.2431475 -1.4830704 -0.19567095
-0.35621637 -1.8113319 0.3262222
-0.32458213 -1.4822671 0.2690171
-0.33656228 -1.1784528 0.2211038
-0.36210844 -1.4906318 0.27591857
-0.3946688 -1.8143566 0.33354816
-0.39940998 -2.0566103 0.37294504
-0.35840413 -1.839719 0.33107334
-0.32624054 -1.5100018 0.27372664
-0.3076382 -1.1893252 0.21919653
-0.35765177 -1.8404943 0.33106625
-0.32553267 -1.5105428 0.27375156
-0.3147812 -1.1920686 0.21925893
-0.20995003 -1.7081985 -0.20428026
-0.18115805 -2.001512 -0.22363175
-0.23072712 -1.482087 -0.19596116
-0.20014466 -1.8041909 -0.20940486
-0.1717173 -2.082276 -0.23305994
-0.36914626 -1.9518692 0.3505961
-0.33468726 -1.6205386 0.29263383
-0.30281827 -1.2954957 0.23698519
-0.3684048 -1.9527504 0.35058212
-0.33393097 -1.6211916 0.2926456
-0.30129176 -1.2952274 0.23707116
-0.22122672 -1.5928084 -0.19979477
-0.19095065 -1.8922116 -0.21573453
-0.16229743 -2.1593392 -0.24423529
-0.20929173 -1.6937096 -0.2040843
-0.18186374 -1.973857 -0.2235068
-0.38057736 -2.064125 0.3703014
-0.34386802 -1.7322855 0.31173575
-0.31276563 -1.4033437 0.25528488
-0.37984037 -2.0651553 0.37028944
-0.34310982 -1.7331553 0.3117367
-0.3120813 -1.4042612 0.25532946
-0.22603226 -1.4770563 -0.19509755
-0.19998519 -1.7850395 -0.20926142
-0.17287566 -2.0505695 -0.23290728
-0.21912572 -1.583248 -0.1994496
-0.19123033 -1.8686422 -0.2156085
-0.16390872 -2.123697 -0.2440398
-0.3538995 -1.8447922 0.33102793
-0.32160053 -1.5138538 0.27387577
-0.30502802 -1.1916716 0.21986203
-0.3531449 -1.8456905 0.3310198
-0.3207749 -1.5145404 0.27389994
-0.29963493 -1.190797 0.21989122
-0.20881982 -1.6790844 -0.20388483
-0.1825883 -1.9460769 -0.22337341
-0.22630136 -1.4692585 -0.19472095
-0.19997086 -1.7657964 -0.20911421
-0.17405406 -2.0187302 -0.23274656
-0.36467898 -1.957542 0.3505114
-0.33001986 -1.6250868 0.29270217
-0.30241784 -1.2987053 0.23745543
-0.1437606 -2.195475 0.35016942
-0.09140574 -1.6968522 0.29549894
-0.047519226 -1.199875 0.2401932
-0.34359983 -2.139818 0.3721654
-0.29193977 -2.244791 0.37037095
-0.24101517 -2.342407 0.36897984
-0.18735032 -2.3890395 0.36894622
-0.079004295 -1.1047125 0.21718861
-0.14464284 -1.1654925 0.2173445
-0.20806246 -1.1865315 0.21730459
-0.2697157 -1.1823967 0.21722667
-0.05845698 -1.0665436 0.21625434
-0.12535366 -1.1470284 0.21659027
-0.1893709 -1.1781387 0.21659477
-0.25160512 -1.1811825 0.2164421
-0.057922743 -1.0595981 0.21555933
-0.124914855 -1.1409901 0.21585824
-0.18900317 -1.1729321 0.2158534
-0.25128815 -1.1765672 0.21568014
-0.05737396 -1.0526443 0.2148749
-0.12447923 -1.1349579 0.21512637
-0.18863742 -1.1677364 0.21511193
-0.2509736 -1.1719692 0.21491803
-0.05681434 -1.0456711 0.21420057
-0.124032855 -1.1289184 0.21439461
-0.18826899 -1.162536 0.21437033
-0.25065845 -1.1673659 0.21415572
-0.056320615 -1.0387051 0.21353547
-0.12361887 -1.1228907 0.21366273
-0.18791337 -1.1573497 0.21362849
-0.25035107 -1.1627829 0.21339308
-0.055690534 -1.0317056 0.21287811
-0.123149805 -1.1168505 0.21293028
-0.18753828 -1.1521558 0.21288607
-0.2500345 -1.1581919 0.21262988
-0.055282302 -1.024718 0.21222647
-0.12276692 -1.1108238 0.21219654
-0.1871969 -1.1469775 0.21214262
-0.24973682 -1.1536239 0.21186584
-0.054605067 -1.0177178 0.21157862
-0.12228446 -1.1047918 0.21146071
-0.18681774 -1.1417933 0.2113979
-0.2494194 -1.1490467 0.21110137
-0.21944706 -1.382508 -0.19386946
-0.18379962 -1.2877015 -0.19441618
-0.14916353 -1.1773767 -0.19348861
-0.12145852 -1.023972 -0.19116816
-0.116335005 -0.952258 -0.19056162
-0.14077935 -1.1285862 -0.19296466
-0.17358513 -1.2543314 -0.19444373
-0.2090879 -1.35694 -0.19425312
-0.11773732 -0.93507683 -0.19041698
-0.14152229 -1.1188985 -0.1930078
-0.1738649 -1.2504224 -0.19453874
-0.20896836 -1.358279 -0.19436145
-0.11883983 -0.91790664 -0.19027029
-0.14213231 -1.1092563 -0.193047
-0.1741026 -1.2465361 -0.19462845
-0.20884354 -1.3596302 -0.19446455
-0.12022458 -0.9007047 -0.19012631
-0.14286478 -1.099545 -0.19308569
-0.17437957 -1.2426115 -0.19471657
-0.20872244 -1.360957 -0.1945664
-0.12142491 -0.8835461 -0.18998544
-0.14351776 -1.0898854 -0.19312419
-0.1746322 -1.2387098 -0.19480383
-0.20859903 -1.3622934 -0.1946679
-0.12274258 -0.8663606 -0.18984719
-0.14422077 -1.0801641 -0.19316208
-0.17490092 -1.2347739 -0.19489013
-0.20847702 -1.3636076 -0.19476914
-0.17090885 -0.19086587 -0.19163343
-0.28379902 1.0608708 -0.2015244
-0.40605408 2.1997736 -0.23012741
-0.39003783 1.7240416 -0.24032782
-0.3062874 0.44908363 -0.2431001
-0.23354468 -0.77484417 -0.24941751
-0.17313364 -1.8553095 -0.25532818
-0.20688586 -1.3605914 -0.19500466
-0.17408197 -1.2207553 -0.19502021
-0.1445258 -1.0527093 -0.19311164
-0.124780566 -0.82073003 -0.18938254
-0.20699166 -1.3595057 -0.19490632
-0.17379846 -1.2249292 -0.19494028
-0.14381246 -1.0627016 -0.19308199
-0.12344783 -0.83829653 -0.18953888
-0.07818851 -0.7586361 -0.19123463
-0.094247736 -0.7897473 -0.19187339
-0.08414112 -0.6819976 -0.19190413
-0.10006868 -0.71694905 -0.19282322
-0.09032458 -0.60448056 -0.19251871
-0.106130145 -0.6454934 -0.19335862
-0.11172553 -0.33620313 -0.1934588
-0.2745922 1.3322676 -0.19725212
-0.42130846 2.6891341 -0.2211529
-0.3983007 2.191542 -0.22555032
-0.27311683 1.012682 -0.19935584
-0.15495938 -0.31542802 -0.19257508
-0.36541703 1.8906711 -0.21712905
-0.24255762 0.6894858 -0.19591111
-0.45139703 2.6346571 -0.24239819
-0.32304287 1.4897491 -0.20784788
-0.20297745 0.24800086 -0.1931999
-0.40634713 2.2421982 -0.22861674
-0.28184503 1.0805731 -0.20078357
-0.16528748 -0.21270522 -0.1923842
-0.36299288 1.8489945 -0.2171126
-0.24173874 0.6596879 -0.19585946
-0.44825763 2.5877812 -0.2423257
-0.3210642 1.4514091 -0.20785405
-0.2029128 0.22406982 -0.19321926
-0.40353838 2.197737 -0.22859485
-0.28038204 1.0460794 -0.20075013
-0.16597039 -0.23002931 -0.19183816
-0.36056495 1.8073387 -0.21709165
-0.24089673 0.6299784 -0.1958771
-0.44510204 2.5408435 -0.24228169
-0.31908026 1.4130151 -0.20787024
-0.20278671 0.19996898 -0.19310997
-0.14290866 -2.1946847 0.35021788
-0.09047374 -1.6953443 0.29553717
-0.04668995 -1.1971382 0.24025859
-0.14205466 -2.1938624 0.35026678
-0.08954257 -1.6937745 0.29557505
-0.045943793 -1.1943436 0.24031603
-0.14119825 -2.1930225 0.35031605
-0.08861022 -1.6921513 0.29561284
-0.045146126 -1.1912081 0.24036494
-0.1403398 -2.1921935 0.3503657
-0.087679096 -1.6905776 0.2956505
-0.044087134 -1.1879578 0.24040395
-0.13947926 -2.191391 0.3504157
-0.08675066 -1.689134 0.29568818
-0.042900115 -1.1856964 0.24043277
-0.13861683 -2.1905968 0.35046622
-0.08582411 -1.6877306 0.29572618
-0.041473493 -1.1832474 0.2404518
-0.13775 -2.189783 0.35051703
-0.084893696 -1.6862713 0.2957642
-0.040010843 -1.1804858 0.24046057
-0.13688123 -2.1889303 0.3505688
-0.08396521 -1.6847415 0.29580367
-0.038663212 -1.1776773 0.24046187
-0.135944 -2.1880667 0.35062003
-0.08291329 -1.6832125 0.29584208
-0.037210032 -1.1748847 0.2404552
0.010083629 -0.8327481 0.21498396
-0.014937223 -0.92246026 0.21495059
0.008596412 -0.8554117 0.21660823
-0.016166152 -0.94452757 0.21642523
0.007084937 -0.87817013 0.21829027
-0.017732915 -0.9668453 0.21889743
-0.09566477 -2.1429312 0.35086733
-0.03902738 -1.6099626 0.29578182
0.009605283 -1.0503235 0.24005307
-0.28481936 -0.9040977 -0.004502669
-0.22201541 -0.91686183 -0.0041871225
-0.16586168 -0.89399207 -0.00272434
-0.10571602 -0.8194107 0.0007001972
-0.28531113 -0.9144768 -0.001939007
-0.22211613 -0.91412956 -0.0011300917
-0.16553925 -0.87951535 0.00035459804
-0.10479418 -0.7926562 0.0037951716
-0.2856467 -0.92388844 0.0006698714
-0.222216 -0.9113408 0.0018786895
-0.16519582 -0.8652415 0.0033855701
-0.103827775 -0.76651263 0.0067944243
-0.28586572 -0.93247706 0.0033507007
-0.22231345 -0.9084886 0.004846269
-0.16483088 -0.8511854 0.0063725202
-0.10281947 -0.74102557 0.009715382
-0.286013 -0.94036424 0.0060791546
-0.22240803 -0.9055665 0.007777391
-0.16444586 -0.8373646 0.00931793
-0.101774305 -0.7162438 0.012570038
-0.28611788 -0.9476302 0.008841497
-0.22249891 -0.9025692 0.010675589
-0.16404144 -0.82379353 0.0122258635
-0.10069618 -0.6922081 0.01536942
-0.28620127 -0.95433754 0.011623407
-0.22258526 -0.89949244 0.0135432985
-0.16361856 -0.81048673 0.015099767
-0.09959001 -0.6689561 0.018120693
-0.28627595 -0.9605322 0.014415155
-0.22266595 -0.8963338 0.016382448
-0.16317801 -0.797458 0.017942868
-0.09846131 -0.6465194 0.020829283
-0.28634986 -0.9662507 0.017209189
-0.22273964 -0.89309245 0.019194586
-0.1627206 -0.7847207 0.020757772
-0.097316235 -0.62492347 0.023499379
-0.28642735 -0.97152203 0.020000108
-0.22280487 -0.88976973 0.021981081
-0.16224724 -0.77228796 0.02354657
-0.09616134 -0.6041866 0.026134748
-0.2865106 -0.97637 0.022783838
-0.2228602 -0.8863687 0.02474316
-0.16175883 -0.7601723 0.02631082
-0.09500308 -0.58432037 0.028738938
-0.28660047 -0.98081475 0.02555731
-0.22290419 -0.8828945 0.02748193
-0.16125633 -0.7483857 0.029051637
-0.09384756 -0.56532955 0.031315375
-0.2866969 -0.9848736 0.02831814
-0.22293554 -0.87935394 0.030198405
-0.16074078 -0.7369396 0.0317698
-0.092700236 -0.54721326 0.033867344
-0.28679943 -0.9885617 0.031064458
-0.22295319 -0.87575537 0.032893483
-0.16021329 -0.72584486 0.034465823
-0.09156581 -0.5299655 0.03639789
-0.2869071 -0.9918927 0.033794757
-0.22295624 -0.87210846 0.035567943
-0.15967502 -0.7151117 0.03714002
-0.0904481 -0.5135763 0.03890973
-0.2870189 -0.9948791 0.036507834
-0.22294407 -0.8684239 0.03822246
-0.15912719 -0.7047494 0.039792605
-0.08935016 -0.49803284 0.041405242
-0.28713366 -0.99753267 0.039202694
-0.22291629 -0.86471313 0.04085756
-0.15857105 -0.69476694 0.04242369
-0.08827421 -0.48332015 0.04388636
-0.28725022 -0.99986446 0.041878544
-0.2228727 -0.860988 0.04347368
-0.15800792 -0.68517214 0.045033388
-0.087221876 -0.46942195 0.04635466
-0.2873673 -1.0018852 0.04453475
-0.22281338 -0.857261 0.046071146
-0.15743911 -0.67597234 0.047621787
-0.08619421 -0.45632136 0.048811335
-0.2874838 -1.0036054 0.047170788
-0.22273852 -0.8535444 0.048650164
-0.15686598 -0.66717386 0.050188974
-0.085191794 -0.44400135 0.05125722
-0.28759852 -1.0050354 0.049786277
-0.22264847 -0.84985065 0.05121089
-0.15628985 -0.6587824 0.052735094
-0.08421493 -0.43244502 0.053692907
-0.2877103 -1.0061859 0.052380923
-0.22254375 -0.846192 0.053753406
-0.15571205 -0.65080285 0.055260316
-0.08326366 -0.42163596 0.056118727
-0.28781813 -1.0070672 0.05495451
-0.22242492 -0.8425805 0.05627773
-0.15513389 -0.6432394 0.057764843
-0.08233787 -0.41155842 0.05853483
-0.287921 -1.00769 0.057506897
-0.22229268 -0.8390279 0.058783844
-0.15455665 -0.6360954 0.060248908
-0.08143735 -0.4021974 0.0609412
-0.28801802 -1.008065 0.060038023
-0.22214778 -0.8355456 0.061271723
-0.15398158 -0.6293738 0.062712796
-0.08056185 -0.39353868 0.06333776
-0.2881083 -1.0082033 0.06254787
-0.221991 -0.8321445 0.06374133
-0.15340985 -0.62307656 0.065156825
-0.0797111 -0.38556883 0.06572433
-0.28819108 -1.008116 0.06503645
-0.22182319 -0.8288352 0.066192575
-0.15284261 -0.6172053 0.06758129
-0.07888484 -0.37827525 0.06810064
-0.28826573 -1.0078144 0.067503855
-0.22164515 -0.82562786 0.06862544
-0.15228097 -0.6117612 0.06998657
-0.07808286 -0.37164608 0.07046648
-0.2883316 -1.0073102 0.069950186
-0.2214578 -0.8225322 0.07103988
-0.15172596 -0.60674465 0.072372995
-0.07730498 -0.3656701 0.07282158
-0.2883882 -1.0066149 0.07237555
-0.22126195 -0.81955737 0.07343586
-0.15117855 -0.60215586 0.07474093
-0.07655107 -0.3603369 0.075165644
-0.28843507 -1.0057403 0.07478014
-0.22105852 -0.81671226 0.07581339
-0.15063971 -0.5979945 0.077090755
-0.07582107 -0.35563654 0.077498466
-0.2884719 -1.0046984 0.077164106
-0.22084835 -0.8140053 0.07817247
-0.1501103 -0.59426016 0.0794228
-0.07511495 -0.35155964 0.07981977
-0.28849834 -1.0035013 0.07952768
-0.22063233 -0.81144446 0.080513164
-0.1495912 -0.59095174 0.08173746
-0.07443276 -0.34809738 0.08212939
-0.28851426 -1.002161 0.08187107
-0.22041129 -0.8090374 0.08283554
-0.14908314 -0.5880683 0.08403505
-0.07377458 -0.34524134 0.08442711
-0.2885194 -1.0006897 0.08419452
-0.22018605 -0.80679125 0.0851397
-0.14858694 -0.58560836 0.08631593
-0.073140554 -0.34298345 0.086712815
-0.2885138 -0.9990998 0.08649828
-0.21995747 -0.804713 0.08742575
-0.1481033 -0.5835705 0.08858042
-0.07253086 -0.34131607 0.08898635
-0.28849742 -0.9974033 0.08878263
-0.21972634 -0.8028091 0.08969387
-0.1476329 -0.5819529 0.09082884
-0.071945705 -0.34023184 0.09124765
-0.28847024 -0.9956127 0.09104786
-0.21949346 -0.8010858 0.09194422
-0.1471764 -0.5807538 0.09306152
-0.07138537 -0.33972356 0.093496636
-0.2884324 -0.9937401 0.09329426
-0.2192596 -0.7995491 0.094177
-0.14673446 -0.5799713 0.09527875
-0.07085014 -0.3397844 0.095733285
-0.28838405 -0.99179775 0.095522165
-0.21902555 -0.7982044 0.09639246
-0.14630766 -0.5796033 0.097480826
-0.070340335 -0.3404077 0.097957596
-0.2883254 -0.98979795 0.09773189
-0.21879204 -0.7970573 0.098590836
-0.14589664 -0.5796477 0.09966804
-0.06985631 -0.34158686 0.10016958
-0.28825668 -0.9877528 0.09992377
-0.21855979 -0.79611266 0.10077239
-0.14550194 -0.58010226 0.101840675
-0.069398426 -0.3433155 0.10236928
-0.28817815 -0.98567444 0.1020982
-0.21832953 -0.7953754 0.10293744
-0.14512415 -0.58096474 0.103999026
-0.06896708 -0.3455874 0.10455678
-0.28809017 -0.9835749 0.10425551
-0.21810198 -0.79485023 0.105086274
-0.14476381 -0.5822328 0.10614335
-0.06856268 -0.3483963 0.10673215
-0.2879931 -0.9814662 0.10639613
-0.21787782 -0.7945414 0.10721924
-0.14442149 -0.583904 0.10827393
-0.06818566 -0.35173616 0.10889553
-0.28788733 -0.9793601 0.10852043
-0.21765772 -0.79445326 0.10933668
-0.14409772 -0.58597594 0.11039105
-0.06783644 -0.35560086 0.11104703
-0.2877733 -0.97726864 0.11062885
-0.21744235 -0.79458976 0.11143896
-0.143793 -0.58844614 0.11249498
-0.06751548 -0.35998443 0.11318681
-0.28765148 -0.97520345 0.112721786
-0.21723238 -0.7949547 0.11352645
-0.14350791 -0.5913119 0.114585996
-0.06722322 -0.3648808 0.115315005
-0.28752232 -0.97317624 0.114799716
-0.21702844 -0.7955519 0.11559956
-0.14324294 -0.59457064 0.11666439
-0.06696014 -0.37028402 0.117431834
-0.2873864 -0.9711986 0.1168631
-0.21683116 -0.7963847 0.1176587
-0.14299864 -0.59821963 0.11873045
-0.066726685 -0.37618807 0.11953747
-0.2872442 -0.96928203 0.11891238
-0.21664117 -0.79745656 0.11970427
-0.1427755 -0.6022561 0.12078444
-0.06652334 -0.38258684 0.12163211
-0.28709632 -0.967438 0.12094806
-0.2164591 -0.7987707 0.121736735
-0.14257406 -0.6066771 0.122826695
-0.066350564 -0.38947436 0.12371598
-0.2869434 -0.96567774 0.12297067
-0.21628553 -0.8003303 0.12375656
-0.14239483 -0.61147976 0.12485751
-0.06620881 -0.3968445 0.12578931
-0.286786 -0.9640126 0.12498068
-0.21612108 -0.8021382 0.12576416
-0.14223833 -0.6166609 0.12687717
-0.06609858 -0.40469107 0.12785234
-0.28662476 -0.9624538 0.12697867
-0.21596633 -0.80419743 0.12776008
-0.14210509 -0.6222173 0.12888603
-0.06602031 -0.4130079 0.12990528
-0.2864604 -0.96101236 0.12896514
-0.21582186 -0.8065106 0.12974477
-0.14199561 -0.62814575 0.13088441
-0.06597447 -0.42178866 0.1319484
-0.28629354 -0.9596994 0.13094068
-0.21568826 -0.8090805 0.13171872
-0.1419104 -0.6344427 0.13287264
-0.06596151 -0.43102697 0.13398194
-0.2861249 -0.9585259 0.13290587
-0.21556608 -0.8119096 0.13368252
-0.14185 -0.6411045 0.13485107
-0.06598189 -0.44071642 0.13600618
-0.28595525 -0.95750266 0.1348613
-0.2154559 -0.8150005 0.13563666
-0.14181489 -0.6481275 0.13682008
-0.06603604 -0.45085046 0.13802136
-0.2857853 -0.95664066 0.1368076
-0.21535829 -0.8183555 0.1375817
-0.1418056 -0.6555077 0.13878006
-0.06612441 -0.4614224 0.14002776
-0.2856158 -0.9559506 0.1387454
-0.21527375 -0.821977 0.13951823
-0.14182262 -0.6632409 0.14073136
-0.066247426 -0.47242555 0.14202563
-0.28544757 -0.9554433 0.14067532
-0.21520287 -0.82586724 0.14144681
-0.14186648 -0.67132294 0.1426744
-0.066405535 -0.48385292 0.14401521
-0.28528142 -0.9551294 0.14259805
-0.21514617 -0.8300285 0.14336805
-0.14193764 -0.6797492 0.14460963
-0.06659913 -0.49569762 0.1459968
-0.28511816 -0.9550194 0.14451426
-0.21510418 -0.8344629 0.1452826
-0.1420366 -0.68851495 0.14653747
-0.06682864 -0.5079525 0.14797062
-0.28495866 -0.9551241 0.14642468
-0.21507743 -0.8391726 0.14719106
-0.14216383 -0.69761515 0.14845839
-0.06709447 -0.52061015 0.14993694
-0.2848038 -0.9554539 0.14833003
-0.21506645 -0.8441596 0.1490941
-0.14231978 -0.70704466 0.15037286
-0.067397036 -0.53366315 0.15189599
-0.2846545 -0.9560192 0.15023103
-0.21507175 -0.8494261 0.15099241
-0.14250493 -0.71679795 0.15228139
-0.06773674 -0.5471038 0.15384799
-0.28451163 -0.9568306 0.1521285
-0.21509387 -0.8549741 0.1528867
-0.14271967 -0.72686946 0.15418452
-0.06811399 -0.5609244 0.15579319
-0.28437617 -0.95789844 0.15402322
-0.21513331 -0.8608056 0.15477768
-0.14296444 -0.737253 0.1560828
-0.06852919 -0.5751166 0.15773179
-0.28424913 -0.95923305 0.15591598
-0.2151906 -0.8669226 0.15666609
-0.14323959 -0.74794257 0.15797678
-0.06898277 -0.5896722 0.15966396
-0.28413147 -0.96084476 0.15780765
-0.21526626 -0.87332714 0.15855274
-0.14354546 -0.75893164 0.15986711
-0.069475144 -0.6045825 0.16158989
-0.28402424 -0.9627438 0.1596991
-0.21536082 -0.8800213 0.1604384
-0.1438824 -0.7702136 0.1617544
-0.07000675 -0.61983854 0.16350976
-0.28392848 -0.9649404 0.16159122
-0.21547481 -0.8870069 0.16232395
-0.14425066 -0.78178144 0.16363934
-0.07057803 -0.63543093 0.16542368
-0.28384528 -0.96744484 0.16348493
-0.21560882 -0.89428604 0.16421023
-0.14465049 -0.7936281 0.1655226
-0.071189485 -0.6513499 0.16733178
-0.28377572 -0.9702672 0.1653812
-0.21576338 -0.9018606 0.16609818
-0.14508209 -0.8057463 0.16740492
-0.0718416 -0.667585 0.16923417
-0.283721 -0.9734175 0.16728099
-0.21593907 -0.9097325 0.16798873
-0.14554559 -0.81812865 0.16928707
-0.07253489 -0.6841255 0.17113091
-0.2836822 -0.97690606 0.16918533
-0.21613656 -0.9179038 0.1698829
-0.1460411 -0.8307676 0.17116983
-0.073269926 -0.70095986 0.17302208
-0.28366056 -0.9807429 0.17109522
-0.21635646 -0.926376 0.1717817
-0.14656866 -0.8436554 0.17305401
-0.07404727 -0.7180756 0.17490774
-0.28365728 -0.9849381 0.17301175
-0.21659948 -0.935151 0.17368628
-0.14712827 -0.8567846 0.1749405
-0.074867524 -0.7354598 0.17678797
-0.2836736 -0.9895018 0.17493601
-0.21686633 -0.9442301 0.17559776
-0.14771989 -0.87014735 0.17683013
-0.07573132 -0.7530982 0.1786628
-0.28371078 -0.99444425 0.17686912
-0.2171578 -0.9536148 0.17751738
-0.14834343 -0.8837361 0.17872386
-0.07663924 -0.7709757 0.18053241
-0.28377002 -0.9997757 0.17881224
-0.21747471 -0.96330595 0.17944643
-0.14899874 -0.8975433 0.18062262
-0.07759185 -0.7890761 0.18239693
-0.28385267 -1.0055066 0.1807665
-0.21781795 -0.97330445 0.18138622
-0.14968565 -0.9115616 0.18252742
-0.07858968 -0.80738187 0.18425666
-0.28395998 -1.0116476 0.1827331
-0.21818842 -0.98361045 0.18333818
-0.15040398 -0.92578375 0.18443933
-0.07963307 -0.8258744 0.18611196
-0.28409323 -1.0182096 0.18471323
-0.21858709 -0.99422383 0.18530375
-0.15115349 -0.9402027 0.18635944
-0.08072226 -0.84453374 0.18796341
-0.2842536 -1.0252037 0.18670808
-0.21901493 -1.0051439 0.18728442
-0.15193397 -0.9548117 0.18828899
-0.08185721 -0.8633392 0.18981181
-0.28444222 -1.0326416 0.1887188
-0.2194729 -1.016369 0.18928175
-0.15274516 -0.96960413 0.1902293
-0.08303756 -0.88226885 0.19165814
-0.28466 -1.0405358 0.19074652
-0.21996196 -1.0278975 0.19129726
-0.15358679 -0.98457396 0.1921819
-0.08426263 -0.90130067 0.19350377
-0.28490758 -1.0488994 0.19279227
-0.22048298 -1.0397265 0.1933325
-0.15445864 -0.9997151 0.1941485
-0.08553133 -0.92041236 0.19535033
-0.28518492 -1.057747 0.19485685
-0.22103675 -1.0518528 0.19538897
-0.15536046 -1.015022 0.19613111
-0.08684223 -0.9395824 0.19719993
-0.2854911 -1.0670948 0.19694115
-0.22162396 -1.0642725 0.19746816
-0.15629193 -1.0304894 0.19813213
-0.0881936 -0.95879006 0.19905521
-0.28582332 -1.0769618 0.19904493
-0.22224516 -1.0769812 0.19957139
-0.15725277 -1.0461123 0.20015427
-0.08958363 -0.9780163 0.20091978
-0.28617647 -1.087371 0.2011702
-0.22290081 -1.0899742 0.20169997
-0.15824258 -1.061886 0.2022009
-0.09101047 -0.9972444 0.20279928
-0.28653917 -1.0983527 0.20331047
-0.22359115 -1.1032466 0.20385437
-0.15926084 -1.0778067 0.2042751
-0.09247262 -1.0164604 0.20470223
-0.28689852 -1.109947 0.2054862
-0.22431658 -1.1167923 0.20603639
-0.16030712 -1.0938694 0.20638199
-0.093968496 -1.0356501 0.20664537
-0.28721905 -1.1222179 0.20760244
-0.22507742 -1.1306094 0.20824002
-0.16138072 -1.1100764 0.20852046
-0.095496394 -1.0548164 0.20864595
-0.29515994 -0.8895053 -0.008359277
-0.31068096 -0.87042135 -0.003968804
-0.30452725 -0.913853 0.0009793448
-0.2998194 -0.9461044 0.007084384
-0.3170984 -0.95189714 0.009841553
-0.31129372 -0.9799692 0.015645094
-0.3053335 -0.9961308 0.021684473
-0.298164 -1.0008684 0.027763998
-0.31847033 -1.0395154 0.030220754
-0.311595 -1.0413507 0.035865735
-0.3037895 -1.0344691 0.041480582
-0.32607573 -1.0907573 0.044164248
-0.3183736 -1.080304 0.049441017
-0.30995035 -1.0635133 0.054687493
-0.30069086 -1.0413276 0.05988177
-0.3253148 -1.1113937 0.062361035
-0.31632218 -1.086647 0.06731462
-0.30667773 -1.0583051 0.07222927
-0.3321213 -1.1337907 0.07466681
-0.32263812 -1.1030612 0.07937506
-0.3126201 -1.070293 0.08405068
-0.30206227 -1.0360676 0.08868573
-0.3287112 -1.1125108 0.09090771
-0.3183738 -1.0770007 0.09537324
-0.30758187 -1.0412965 0.09980442
-0.3344142 -1.1151807 0.1019569
-0.32383233 -1.0785288 0.10623721
-0.3128633 -1.0427966 0.11048869
-0.30153245 -1.0083733 0.11470804
-0.3289215 -1.0753106 0.11669034
-0.3178505 -1.0409195 0.120787665
-0.30647665 -1.0087312 0.124860264
-0.33359057 -1.0680897 0.1267876
-0.32250836 -1.036328 0.13075936
-0.31117284 -1.0075264 0.13471453
-0.29962412 -0.9819018 0.13865392
-0.32682475 -1.0300059 0.14047104
-0.31561753 -1.0056661 0.14434269
-0.3042451 -0.98504376 0.14820918
-0.33081016 -1.0232857 0.15000111
-0.31983063 -1.0044138 0.1538293
-0.30872697 -0.9896536 0.15766457
-0.2975487 -0.9790351 0.16150938
-0.32385987 -1.0054401 0.16327643
-0.31311628 -0.9973252 0.16713221
-0.3023565 -0.99349934 0.17100987
-0.32778674 -1.0109148 0.17281125
-0.31748578 -1.010147 0.17675483
-0.30723637 -1.013613 0.18073228
-0.29708314 -1.021213 0.18472779
-0.3219576 -1.0308329 0.18670802
-0.31225112 -1.0419763 0.19087212
-0.30277923 -1.0569588 0.1950555
-0.32682472 -1.062631 0.19713238
-0.317593 -1.0819522 0.20154631
-0.30860355 -1.1048644 0.20606488
0.013235155 -0.61878055 0.0026276982
-0.005283599 -0.6304149 0.0018262799
0.003613711 -0.5474674 0.0072380877
0.013251606 -0.45916158 0.012861249
-0.0034696667 -0.4741563 0.0134812305
0.0049692774 -0.40225354 0.018891502
0.014538953 -0.32385048 0.02487277
0.025106763 -0.23861463 0.030983409
0.006327643 -0.2900101 0.032202274
0.016114974 -0.21895863 0.03790324
0.026671382 -0.14236282 0.04399837
0.0065029897 -0.20861696 0.04564109
0.016961109 -0.14437348 0.051044557
0.027769404 -0.07604503 0.056854963
0.039438933 -0.0029568553 0.06274134
0.016879389 -0.097086586 0.063828066
0.027989633 -0.037008043 0.06933093
0.03953214 0.026507286 0.075016424
0.015861023 -0.07396344 0.076213546
0.027218077 -0.022186521 0.081427865
0.03875121 0.032067914 0.08683881
0.05071729 0.088980295 0.09219335
0.025472064 -0.028769102 0.09310917
0.0369437 0.016545953 0.09826106
0.04863299 0.063710935 0.10346843
0.022775607 -0.054283652 0.10445197
0.034108486 -0.017538242 0.10935959
0.045531668 0.020506812 0.11435944
0.057105176 0.05980375 0.119248025
0.030257812 -0.067945555 0.12014845
0.04136333 -0.038398013 0.1249612
0.05254923 -0.007994107 0.12975995
0.025412071 -0.13266174 0.13068758
0.03614687 -0.110997066 0.13532375
0.046909414 -0.08865211 0.13998362
0.057657294 -0.06586944 0.14450568
0.029898303 -0.19547638 0.14548558
0.040202986 -0.18039162 0.15003288
0.050514955 -0.16489393 0.15451114
0.022641053 -0.29017964 0.15547827
0.03245702 -0.2815996 0.159919
0.04229547 -0.2724206 0.16431428
0.052050695 -0.26318362 0.16855255
0.023691157 -0.3908001 0.16971229
0.03304572 -0.3870131 0.17404473
0.04244683 -0.3829438 0.17824185
0.013913223 -0.50664246 0.17941156
0.022754064 -0.507315 0.18367314
0.031799387 -0.50735277 0.18777144
0.040777568 -0.5079595 0.19171663
0.011441027 -0.6320431 0.1933517
0.020185959 -0.6350104 0.19729276
0.029101735 -0.6388442 0.20110804
-0.0010044673 -0.7600569 0.20301318
0.0075506647 -0.7643959 0.20672326
0.016422387 -0.7706541 0.2105249
-0.018590763 -0.90484613 -0.008941495
-0.009418581 -0.8954581 -0.011307292
-0.019365277 -1.0181644 -0.017976727
-0.024979383 -1.1327726 -0.026196364
-0.013612785 -1.1527759 -0.028171014
-0.021273786 -1.2699006 -0.0360231
-0.027456347 -1.3715482 -0.04416647
-0.03451273 -1.4565836 -0.052338555
-0.019657161 -1.5360531 -0.054429393
-0.026066715 -1.619759 -0.061943546
-0.03293901 -1.6876929 -0.069334805
-0.014754213 -1.8053591 -0.07205401
-0.021377485 -1.8680321 -0.07892243
-0.028213324 -1.9161526 -0.08563784
-0.03570099 -1.9506071 -0.09217086
-0.014247544 -2.1061413 -0.094825424
-0.021170111 -2.132978 -0.10093827
-0.02851052 -2.1473825 -0.10687544
-0.005465457 -2.3250442 -0.10956843
-0.012578657 -2.3298664 -0.115111694
-0.020024855 -2.3235629 -0.120481014
-0.027901426 -2.3069658 -0.12566517
-0.0031138405 -2.499452 -0.12810364
-0.010851562 -2.4722571 -0.13291498
-0.018983683 -2.4361696 -0.13754754
0.0066132965 -2.6351666 -0.13988255
-0.0015867914 -2.5872533 -0.14413752
-0.010178389 -2.5319622 -0.14822069
-0.019151136 -2.4701664 -0.15212438
0.00718033 -2.6629453 -0.15412533
-0.0020465574 -2.589041 -0.15766013
-0.011657328 -2.5102673 -0.16102584
0.014854872 -2.6942751 -0.16286646
0.004841382 -2.6026235 -0.1658545
-0.0055736103 -2.507847 -0.16868539
-0.016312174 -2.4108684 -0.17135562
0.009911586 -2.5684114 -0.17280206
-0.0014453264 -2.4588685 -0.17510158
-0.013158317 -2.3489897 -0.17725809
0.012581292 -2.482543 -0.1785082
0.00019942889 -2.3597274 -0.18027781
-0.012630263 -2.2385838 -0.18192455
-0.025716094 -2.1200683 -0.18346642
-0.0011382453 -2.2071705 -0.18421768
-0.015167741 -2.0767171 -0.18535186
-0.029658306 -1.9511036 -0.18643029
-0.0059574777 -1.9981469 -0.18692143
-0.021123199 -1.8607261 -0.18753108
-0.037126638 -1.7306508 -0.18815407
-0.053587057 -1.6084615 -0.18892556
-0.030885603 -1.5881593 -0.1885128
-0.048077755 -1.4566643 -0.18870905
-0.06659477 -1.3353224 -0.18917896
-0.045532085 -1.2583454 -0.18882167
-0.063040875 -1.1279348 -0.18896475
-0.08172829 -1.0082407 -0.18927768
-0.28249833 -0.835937 -0.022331655
-0.22158106 -0.92997694 -0.02039688
-0.16710925 -0.96895915 -0.018762572
-0.10937774 -0.96065795 -0.016201211
-0.2825425 -0.82391185 -0.025760397
-0.22152661 -0.9325969 -0.023770094
-0.1672827 -0.9843788 -0.022073485
-0.10989001 -0.9900455 -0.019723596
-0.2825216 -0.8128212 -0.029091014
-0.22148617 -0.93524003 -0.027151007
-0.16743124 -0.999892 -0.025402728
-0.110328205 -1.0196636 -0.023244578
-0.28244925 -0.80249095 -0.032361716
-0.22145863 -0.9379183 -0.03053176
-0.1675538 -1.0154862 -0.028743722
-0.11069205 -1.0494599 -0.026756562
-0.28234383 -0.79280925 -0.035602536
-0.22144374 -0.94064534 -0.033906087
-0.16765079 -1.0311451 -0.03209033
-0.110982895 -1.0793742 -0.030254604
-0.28222194 -0.78370076 -0.038823668
-0.22144073 -0.94343686 -0.03726933
-0.16772221 -1.0468533 -0.03543776
-0.11120205 -1.1093462 -0.0337351
-0.28209525 -0.7751147 -0.042030055
-0.22144872 -0.94630885 -0.04061739
-0.1677682 -1.0625948 -0.03878163
-0.11135152 -1.1393156 -0.037194505
-0.28197142 -0.7670157 -0.045222912
-0.2214665 -0.9492769 -0.043946847
-0.16778888 -1.0783539 -0.042118292
-0.11143418 -1.1692239 -0.040629804
-0.2818552 -0.759379 -0.048401766
-0.22149259 -0.9523557 -0.047254723
-0.16778441 -1.0941147 -0.045444503
-0.111453645 -1.199015 -0.044038508
-0.28174922 -0.75218713 -0.05156528
-0.22152515 -0.9555584 -0.05053853
-0.167755 -1.1098613 -0.048757393
-0.11141415 -1.228637 -0.047418777
-0.28165478 -0.7454274 -0.054711755
-0.22156218 -0.9588965 -0.05379624
-0.16770086 -1.1255776 -0.052054357
-0.11132026 -1.2580422 -0.050769426
-0.28157222 -0.7390911 -0.057839382
-0.22160149 -0.96237946 -0.057026215
-0.16762227 -1.1412476 -0.05533299
-0.11117664 -1.2871876 -0.0540898
-0.28150138 -0.7331719 -0.06094637
-0.22164087 -0.96601444 -0.06022717
-0.16751954 -1.1568558 -0.058591057
-0.11098777 -1.3160347 -0.05737965
-0.2814416 -0.7276653 -0.06403103
-0.22167818 -0.96980673 -0.06339811
-0.16739309 -1.1723863 -0.06182648
-0.11075789 -1.3445492 -0.06063901
-0.28139198 -0.72256845 -0.06709178
-0.22171138 -0.9737594 -0.06653823
-0.16724336 -1.1878234 -0.06503731
-0.11049081 -1.3727005 -0.063868016
-0.28135148 -0.71787935 -0.070127115
-0.22173859 -0.9778737 -0.069646865
-0.16707084 -1.2031518 -0.06822172
-0.11018978 -1.4004613 -0.067066826
-0.28131893 -0.7135967 -0.07313569
-0.22175814 -0.9821492 -0.07272348
-0.16687608 -1.2183565 -0.071377985
-0.10985766 -1.4278069 -0.07023554
-0.2812931 -0.7097198 -0.07611625
-0.22176857 -0.98658395 -0.07576756
-0.16665971 -1.2334223 -0.07450454
-0.109496854 -1.4547143 -0.07337415
-0.28127268 -0.70624816 -0.07906762
-0.22176862 -0.9911749 -0.078778625
-0.16642235 -1.2483348 -0.07759989
-0.10910934 -1.4811622 -0.07648248
-0.28125635 -0.70318145 -0.08198877
-0.22175725 -0.99591774 -0.08175624
-0.16616474 -1.2630794 -0.08066272
-0.10869688 -1.5071304 -0.07956028
-0.28124282 -0.7005195 -0.0848787
-0.22173361 -1.0008075 -0.084699914
-0.16588761 -1.2776424 -0.08369177
-0.10826088 -1.5325997 -0.08260709
-0.28123078 -0.69826204 -0.08773648
-0.22169703 -1.0058383 -0.08760915
-0.16559167 -1.2920097 -0.0866859
-0.10780256 -1.557551 -0.08562235
-0.28121892 -0.6964087 -0.090561315
-0.22164698 -1.011004 -0.09048349
-0.16527778 -1.3061683 -0.08964412
-0.107323125 -1.581966 -0.08860541
-0.28120598 -0.6949591 -0.09335239
-0.22158305 -1.0162976 -0.09332239
-0.1649467 -1.320105 -0.09256547
-0.10682355 -1.6058266 -0.09155552
-0.28119075 -0.6939125 -0.096108995
-0.22150496 -1.0217122 -0.09612534
-0.16459928 -1.333807 -0.09544913
-0.1063049 -1.6291144 -0.094471864
-0.28117204 -0.69326824 -0.09883048
-0.22141255 -1.0272404 -0.09889186
-0.16423637 -1.3472621 -0.09829436
-0.10576822 -1.6518115 -0.097353615
-0.2811486 -0.6930252 -0.10151616
-0.2213057 -1.032875 -0.101621374
-0.16385877 -1.360458 -0.101100445
-0.10521449 -1.6738999 -0.10019985
-0.28111944 -0.6931821 -0.10416548
-0.22118439 -1.038608 -0.10431339
-0.16346736 -1.3733832 -0.10386679
-0.10464483 -1.6953617 -0.1030097
-0.28108335 -0.6937376 -0.10677787
-0.22104867 -1.0444319 -0.10696738
-0.16306302 -1.3860258 -0.106592834
-0.10406039 -1.7161793 -0.10578226
-0.28103936 -0.69469 -0.10935283
-0.22089861 -1.0503392 -0.109582864
-0.16264658 -1.3983748 -0.10927807
-0.10346238 -1.7363347 -0.10851667
-0.28098643 -0.6960374 -0.11188986
-0.22073434 -1.0563222 -0.11215936
-0.16221893 -1.4104192 -0.11192203
-0.102852106 -1.7558106 -0.111212075
-0.2809236 -0.6977777 -0.11438851
-0.22055607 -1.0623733 -0.11469639
-0.16178095 -1.4221483 -0.114524305
-0.10223092 -1.7745895 -0.11386764
-0.28084993 -0.69990855 -0.11684836
-0.22036394 -1.0684848 -0.11719352
-0.16133352 -1.4335517 -0.117084496
-0.101600274 -1.7926545 -0.116482586
-0.28076455 -0.70242745 -0.11926898
-0.22015822 -1.0746493 -0.11965032
-0.16087751 -1.4446187 -0.11960223
-0.100961685 -1.8099886 -0.11905614
-0.28066656 -0.7053317 -0.12165005
-0.21993914 -1.0808595 -0.12206642
-0.16041388 -1.4553397 -0.122077204
-0.10031676 -1.8265753 -0.121587634
-0.28055516 -0.7086183 -0.12399117
-0.219707 -1.087108 -0.12444142
-0.15994348 -1.4657047 -0.12450905
-0.09966713 -1.8423985 -0.12407636
-0.28042954 -0.7122841 -0.12629205
-0.21946205 -1.0933877 -0.12677498
-0.15946727 -1.4757041 -0.12689751
-0.099014536 -1.8574423 -0.12652172
-0.28028893 -0.7163259 -0.12855238
-0.21920463 -1.0996916 -0.1290668
-0.15898618 -1.4853284 -0.1292423
-0.098360755 -1.8716913 -0.12892312
-0.2801326 -0.7207401 -0.13077189
-0.21893506 -1.1060126 -0.13131657
-0.1585012 -1.4945686 -0.13154317
-0.09770762 -1.8851306 -0.13128006
-0.27995986 -0.72552305 -0.13295038
-0.21865366 -1.112344 -0.13352408
-0.15801327 -1.5034156 -0.13379991
-0.09705706 -1.897746 -0.13359207
-0.27977002 -0.7306709 -0.1350876
-0.21836077 -1.118679 -0.13568902
-0.1575234 -1.5118607 -0.13601226
-0.09641096 -1.909523 -0.13585865
-0.2795624 -0.7361796 -0.13718338
-0.21805677 -1.1250112 -0.13781126
-0.1570326 -1.5198954 -0.13818005
-0.09577132 -1.9204487 -0.13807948
-0.2793364 -0.74204487 -0.13923754
-0.217742 -1.131334 -0.13989058
-0.15654188 -1.5275115 -0.14030306
-0.09514015 -1.9305097 -0.14025415
-0.2790914 -0.7482624 -0.14124994
-0.21741684 -1.1376411 -0.14192683
-0.15605229 -1.5347008 -0.14238116
-0.094519466 -1.9396939 -0.14238235
-0.2788268 -0.75482756 -0.1432205
-0.21708167 -1.1439265 -0.1439199
-0.15556489 -1.5414556 -0.1444142
-0.093911365 -1.9479897 -0.14446385
-0.2785421 -0.7617357 -0.14514916
-0.2167369 -1.150184 -0.14586973
-0.15508078 -1.5477686 -0.14640209
-0.09331793 -1.9553856 -0.14649841
-0.27823666 -0.7689818 -0.14703579
-0.21638289 -1.1564078 -0.1477762
-0.15460104 -1.5536324 -0.14834465
-0.09274126 -1.9618711 -0.1484858
-0.27791005 -0.7765609 -0.14888042
-0.21602006 -1.1625922 -0.1496393
-0.15412676 -1.5590401 -0.15024184
-0.09218347 -1.9674363 -0.15042588
-0.27756172 -0.78446776 -0.15068308
-0.21564883 -1.1687313 -0.15145904
-0.15365909 -1.5639851 -0.15209362
-0.09164671 -1.9720718 -0.15231855
-0.27719125 -0.7926969 -0.15244374
-0.2152696 -1.17482 -0.15323539
-0.15319915 -1.568461 -0.15389994
-0.0911331 -1.9757687 -0.15416372
-0.27679813 -0.80124265 -0.15416247
-0.21488278 -1.1808525 -0.15496843
-0.1527481 -1.5724618 -0.15566073
-0.09064481 -1.9785191 -0.15596129
-0.2763819 -0.81009936 -0.15583937
-0.21448879 -1.186824 -0.1566582
-0.15230708 -1.575982 -0.15737607
-0.09018395 -1.9803154 -0.15771127
-0.27594224 -0.81926113 -0.15747458
-0.21408807 -1.1927291 -0.15830486
-0.15187728 -1.5790161 -0.15904595
-0.08975268 -1.981151 -0.1594137
-0.2754787 -0.8287217 -0.1590682
-0.21368104 -1.1985629 -0.15990847
-0.15145987 -1.5815592 -0.16067044
-0.08935314 -1.9810194 -0.16106857
-0.27499086 -0.83847487 -0.16062039
-0.21326815 -1.2043205 -0.16146922
-0.15105602 -1.5836066 -0.1622496
-0.08898743 -1.9799153 -0.16267598
-0.27447844 -0.84851414 -0.16213141
-0.21284981 -1.2099974 -0.1629873
-0.15066692 -1.5851542 -0.16378355
-0.088657685 -1.9778336 -0.16423607
-0.27394104 -0.85883284 -0.16360143
-0.21242645 -1.2155888 -0.16446291
-0.15029377 -1.5861979 -0.16527241
-0.08836599 -1.9747704 -0.16574891
-0.2733784 -0.86942416 -0.16503072
-0.21199854 -1.2210903 -0.16589628
-0.14993775 -1.5867344 -0.16671634
-0.08811442 -1.9707221 -0.16721472
-0.27279016 -0.8802811 -0.16641954
-0.21156646 -1.2264975 -0.16728769
-0.14960006 -1.5867606 -0.1681155
-0.087905034 -1.9656855 -0.16863367
-0.27217612 -0.89139634 -0.16776824
-0.21113071 -1.2318063 -0.16863745
-0.14928187 -1.5862739 -0.16947015
-0.08773986 -1.9596587 -0.170006
-0.27153596 -0.90276253 -0.16907713
-0.21069168 -1.2370123 -0.16994587
-0.1489844 -1.5852721 -0.17078048
-0.08762091 -1.9526399 -0.17133197
-0.2708695 -0.91437215 -0.17034656
-0.2102498 -1.2421117 -0.1712133
-0.1487088 -1.5837532 -0.17204678
-0.087550156 -1.9446285 -0.17261185
-0.2701765 -0.9262174 -0.17157693
-0.2098055 -1.2471004 -0.17244013
-0.14845626 -1.581716 -0.17326936
-0.08752954 -1.9356239 -0.17384596
-0.2694568 -0.9382902 -0.17276865
-0.20935921 -1.2519745 -0.17362677
-0.14822794 -1.5791596 -0.17444855
-0.08756097 -1.9256266 -0.17503463
-0.2687102 -0.9505825 -0.17392217
-0.20891134 -1.2567302 -0.17477362
-0.14802502 -1.5760835 -0.17558469
-0.08764632 -1.9146379 -0.17617823
-0.2679366 -0.96308595 -0.17503795
-0.20846231 -1.261364 -0.17588118
-0.14784859 -1.5724878 -0.17667824
-0.087787434 -1.9026592 -0.17727713
-0.2671358 -0.97579193 -0.17611647
-0.2080125 -1.265872 -0.17694989
-0.14769982 -1.5683731 -0.1777296
-0.08798612 -1.889693 -0.17833176
-0.2663078 -0.9886919 -0.17715827
-0.20756233 -1.2702506 -0.17798029
-0.14757977 -1.5637403 -0.17873931
-0.08824414 -1.8757423 -0.17934254
-0.2654525 -1.0017768 -0.17816387
-0.20711215 -1.2744962 -0.1789729
-0.14748955 -1.5585908 -0.17970787
-0.08856322 -1.8608109 -0.18030992
-0.26456985 -1.0150377 -0.17913385
-0.20666236 -1.2786051 -0.17992826
-0.1474302 -1.5529269 -0.18063588
-0.08894505 -1.8449031 -0.18123433
-0.26365983 -1.0284653 -0.18006879
-0.2062133 -1.2825737 -0.18084691
-0.14740273 -1.5467508 -0.18152401
-0.089391336 -1.8280239 -0.18211626
-0.26272246 -1.0420501 -0.18096931
-0.20576534 -1.2863985 -0.18172947
-0.14740813 -1.5400655 -0.18237291
-0.0899037 -1.8101791 -0.18295616
-0.26175773 -1.0557827 -0.18183607
-0.20531878 -1.2900755 -0.18257649
-0.14744735 -1.5328748 -0.18318337
-0.090483785 -1.7913753 -0.1837545
-0.26076576 -1.0696532 -0.1826697
-0.20487396 -1.2936012 -0.18338862
-0.14752124 -1.5251824 -0.1839562
-0.09113323 -1.7716197 -0.18451172
-0.25974658 -1.0836518 -0.18347092
-0.20443119 -1.2969713 -0.18416643
-0.14763066 -1.5169926 -0.18469228
-0.091853656 -1.7509207 -0.18522829
-0.25870034 -1.0977685 -0.18424042
-0.20399071 -1.300182 -0.18491055
-0.1477764 -1.5083104 -0.18539256
-0.09264674 -1.729287 -0.18590459
-0.2576272 -1.1119936 -0.18497895
-0.20355283 -1.3032289 -0.18562162
-0.14795913 -1.4991411 -0.18605804
-0.09351417 -1.706729 -0.18654105
-0.25652725 -1.1263162 -0.18568727
-0.20311776 -1.3061075 -0.18630026
-0.14817952 -1.4894903 -0.1866898
-0.094457686 -1.6832583 -0.18713804
-0.25540075 -1.1407267 -0.18636617
-0.20268573 -1.3088132 -0.18694715
-0.14843813 -1.4793637 -0.18728895
-0.09547908 -1.6588871 -0.18769589
-0.25424787 -1.1552145 -0.18701644
-0.20225698 -1.3113408 -0.1875629
-0.14873546 -1.468768 -0.1878567
-0.09658026 -1.63363 -0.18821494
-0.25306895 -1.1697695 -0.18763894
-0.2018317 -1.3136849 -0.18814819
-0.14907193 -1.4577094 -0.18839425
-0.09776315 -1.6075029 -0.18869554
-0.25186422 -1.1843814 -0.18823452
-0.2014101 -1.3158399 -0.18870373
-0.14944787 -1.4461946 -0.18890285
-0.0990298 -1.5805238 -0.18913803
-0.250634 -1.1990399 -0.18880409
-0.20099244 -1.3177992 -0.18923025
-0.14986354 -1.4342308 -0.1893838
-0.10038224 -1.5527133 -0.18954284
-0.24937874 -1.2137351 -0.18934855
-0.20057897 -1.3195564 -0.18972853
-0.15031914 -1.4218247 -0.18983841
-0.101822525 -1.5240942 -0.18991056
-0.24809879 -1.2284575 -0.18986888
-0.20017004 -1.3211042 -0.1901994
-0.15081482 -1.4089833 -0.19026794
-0.103352614 -1.4946922 -0.19024189
-0.24679475 -1.2431971 -0.19036604
-0.19976607 -1.3224353 -0.19064383
-0.1513506 -1.3957139 -0.1906737
-0.104974225 -1.4645362 -0.19053787
-0.24546723 -1.2579452 -0.19084106
-0.19936761 -1.3235418 -0.19106284
-0.15192653 -1.3820235 -0.1910569
-0.1066888 -1.4336582 -0.19079982
-0.2441171 -1.2726938 -0.19129498
-0.19897532 -1.3244157 -0.1914576
-0.15254258 -1.3679186 -0.19141883
-0.10849719 -1.4020922 -0.19102949
-0.24274546 -1.287435 -0.1917287
-0.1985901 -1.3250488 -0.1918294
-0.15319872 -1.3534069 -0.19176061
-0.11039965 -1.3698763 -0.19122903
-0.24135399 -1.3021635 -0.19214328
-0.19821292 -1.3254335 -0.19217974
-0.15389489 -1.3384948 -0.19208346
-0.11239554 -1.3370489 -0.1914009
-0.23994488 -1.3168751 -0.19253843
-0.197845 -1.3255621 -0.19251032
-0.15463106 -1.3231891 -0.19238846
-0.114483394 -1.3036509 -0.19154766
-0.2385218 -1.3315696 -0.1929159
-0.19748758 -1.325428 -0.19282322
-0.15540724 -1.3074968 -0.19267686
-0.11666082 -1.2697223 -0.19167182
-0.23708871 -1.3462514 -0.19326605
-0.19714198 -1.3250248 -0.19312102
-0.15622343 -1.2914245 -0.19294971
-0.11892461 -1.2353036 -0.19177501
-0.23565552 -1.3609313 -0.1936043
-0.19680968 -1.3243476 -0.19340745
-0.15707998 -1.2749794 -0.19320872
-0.12127144 -1.2004344 -0.1918585
-0.23421729 -1.3756475 -0.19383046
-0.19649194 -1.3233917 -0.193687
-0.15797675 -1.2581657 -0.19345444
-0.12369696 -1.16515 -0.19192117
-0.23281707 -1.390405 -0.19415958
-0.19619113 -1.3221564 -0.19396813
-0.15891579 -1.2409914 -0.19369033
-0.12620008 -1.1294827 -0.19196387
-0.31706005 -0.746809 -0.020795401
-0.29804087 -0.77935314 -0.023741867
-0.305328 -0.72718745 -0.030356605
-0.31411487 -0.669396 -0.03717184
-0.29563996 -0.72843844 -0.040785875
-0.30303347 -0.6736864 -0.04716808
-0.31169257 -0.6135584 -0.053717725
-0.3216719 -0.5479465 -0.06025547
-0.29973057 -0.6428915 -0.063366875
-0.3087268 -0.5811674 -0.06954845
-0.31855577 -0.51517546 -0.075685866
-0.29560906 -0.63248575 -0.078674704
-0.30505154 -0.57027304 -0.08448168
-0.31494772 -0.50491196 -0.090225376
-0.3253961 -0.43690407 -0.09585186
-0.30077273 -0.5787286 -0.09850311
-0.31076717 -0.514884 -0.10384723
-0.3210612 -0.4494793 -0.10907029
-0.2959618 -0.6044926 -0.11160018
-0.30601573 -0.5429494 -0.116522625
-0.31621507 -0.48091826 -0.12133087
-0.32657322 -0.41894472 -0.12600037
-0.3006772 -0.5869058 -0.12822235
-0.31075996 -0.5289719 -0.13259886
-0.32087934 -0.47219542 -0.13683818
-0.29472667 -0.64436775 -0.13892522
-0.30464703 -0.59120286 -0.14285
-0.31450868 -0.54029626 -0.14665058
-0.3242581 -0.49219832 -0.15030648
-0.29784906 -0.6649524 -0.15207501
-0.30740547 -0.6205182 -0.15543042
-0.31677255 -0.5799748 -0.15864757
-0.29036754 -0.7473613 -0.16028233
-0.29956266 -0.7099249 -0.16318724
-0.30848217 -0.6774129 -0.16597216
-0.3170106 -0.6503335 -0.1686168
-0.2910109 -0.80542445 -0.1699488
-0.29942885 -0.7813176 -0.1723114
-0.3074087 -0.7635739 -0.17454588
-0.28181827 -0.90383446 -0.17576209
-0.28967974 -0.88839954 -0.17771308
-0.29703107 -0.8801535 -0.17956005
-0.30368382 -0.8795038 -0.18128234
-0.27933425 -0.9953483 -0.18224248
-0.2860251 -0.9966317 -0.18372566
-0.29201353 -1.0061498 -0.1851032
-0.2685184 -1.0989137 -0.18598345
-0.2745214 -1.109623 -0.18712337
-0.2798019 -1.129043 -0.18818888
-0.28403413 -1.1574041 -0.18916078
-0.2626619 -1.2159121 -0.18985128
-0.26728195 -1.2447994 -0.19063742
-0.27088946 -1.282738 -0.19138029
-0.25059408 -1.3126785 -0.19202681
-0.2546609 -1.3505006 -0.1925904
-0.25758746 -1.3969325 -0.19328944
-0.2326514 -1.4876226 -0.19650519
-0.20076422 -1.8424966 -0.20966636
-0.16943145 -2.1459723 -0.23334026
-0.22319418 -1.6248184 -0.20063424
-0.1902444 -1.9710414 -0.21609189
-0.15700449 -2.278378 -0.24484254
-0.21283872 -1.7612245 -0.20483378
-0.17868938 -2.1039846 -0.22400568
-0.23802409 -1.5002054 -0.19648904
-0.20175007 -1.8999954 -0.20994797
-0.16606806 -2.2417445 -0.23367783
-0.22708745 -1.6519909 -0.20081174
-0.1897511 -2.0419786 -0.21629663
-0.15233849 -2.384918 -0.245303
-0.21529454 -1.8036389 -0.20504104
-0.17675497 -2.1874824 -0.22418848
-0.24261004 -1.5136559 -0.1963797
-0.20272927 -1.9569 -0.21009071
-0.16274694 -2.3367455 -0.23389761
-0.23066713 -1.6790665 -0.20071396
-0.18924521 -2.1125238 -0.21638784
-0.14771543 -2.49025 -0.24564897
-0.217608 -1.8456223 -0.20506278
-0.17479709 -2.2706409 -0.22426361
-0.24685898 -1.5275906 -0.19624394
-0.20360906 -2.013522 -0.21010853
-0.15939613 -2.431295 -0.2339972
-0.23394929 -1.7064955 -0.20054077
-0.1886538 -2.1829379 -0.2163795
-0.14306158 -2.5947416 -0.24584752
-0.21972008 -1.8876417 -0.20496786
-0.17276487 -2.3537192 -0.22424695
-0.2508404 -1.5418897 -0.19610481
-0.20433562 -2.070195 -0.2100258
-0.15598096 -2.5257254 -0.23399034
-0.23703034 -1.7342988 -0.20038718
-0.18796588 -2.2534637 -0.2162922
-0.13837852 -2.6988885 -0.2458813
-0.36144185 -1.8363808 0.33108455
-0.32923448 -1.5073786 0.2736867
-0.30343053 -1.1856302 0.2191252
-0.3536264 -1.7375304 0.3141347
-0.3234361 -1.4109306 0.25733507
-0.38132215 -1.9687756 0.35558984
-0.34638405 -1.6392484 0.29734173
-0.31814876 -1.3157076 0.24121048
-0.37274998 -1.8699397 0.3384171
-0.33971635 -1.5417525 0.28071213
-0.3132251 -1.221349 0.22554593
-0.3647168 -1.7713478 0.3213846
-0.33361363 -1.4452373 0.2642567
-0.39289245 -2.0018542 0.36302516
-0.3572346 -1.6732348 0.3045064
-0.3280485 -1.3498542 0.24801466
-0.3841256 -1.9032893 0.34578213
-0.35030445 -1.5758048 0.2877899
-0.3230111 -1.2557299 0.23214772
-0.37588072 -1.8049053 0.3286716
-0.3439201 -1.4792311 0.27124348
-0.40452808 -2.0348704 0.3704783
-0.3681702 -1.7069349 0.31171295
-0.33807918 -1.3836744 0.25489578
-0.39556774 -1.9364887 0.3531727
-0.36099398 -1.6095698 0.29491588
-0.33282307 -1.2894149 0.2388553
-0.38711786 -1.8382461 0.3359911
-0.35434574 -1.5129615 0.2782872
-0.32834893 -1.1975309 0.22334367
-0.37919 -1.7403786 0.31895715
-0.3482269 -1.417252 0.26184493
-0.407082 -1.9695821 0.36058268
-0.37178078 -1.64307 0.30208507
-0.34268352 -1.3227147 0.24565569
-0.39842668 -1.8714094 0.3433391
-0.3648793 -1.5464518 0.28538164
-0.3378819 -1.2302494 0.22989826
-0.3081804 -1.4078981 0.25557277
-0.33850056 -1.7380278 0.31173855
-0.37539878 -2.07137 0.3702277
-0.3139476 -1.5051556 0.27173367
-0.3463148 -1.8378887 0.32854208
-0.29226682 -1.2742413 0.23334606
-0.32024783 -1.6036564 0.28808346
-0.35472763 -1.9382936 0.34549236
-0.29726112 -1.3709013 0.24903423
-0.32724026 -1.7032381 0.3045933
-0.3637078 -2.0391543 0.36265215
-0.30281702 -1.4686371 0.2649813
-0.33488172 -1.8037057 0.32125407
-0.2812124 -1.235058 0.22652681
-0.3090393 -1.5676222 0.28115222
-0.3431362 -1.9048917 0.3380747
-0.2861413 -1.3324047 0.24234924
-0.31589523 -1.6677836 0.2975068
-0.35198128 -2.0067008 0.3551066
-0.29165572 -1.4308912 0.2582142
-0.3233918 -1.768958 0.3140269
-0.2706728 -1.1959769 0.2195355
-0.2977678 -1.5305877 0.27425098
-0.33151263 -1.8710054 0.33071584
-0.2752164 -1.29305 0.23549655
-0.3045071 -1.6314784 0.29046816
-0.3402401 -1.9738083 0.3476121
-0.2805247 -1.3920426 0.25137803
-0.3118783 -1.7334781 0.30685613
-0.34956193 -2.0772994 0.3648306
-0.28649762 -1.4924805 0.26734763
-0.3198781 -1.836456 0.32341662
-0.26448157 -1.2533866 0.22859877
-0.29310948 -1.5942125 0.28346103
-0.32849768 -1.940312 0.34017816
-0.2695102 -1.3524339 0.24448918
-0.3003586 -1.6971217 0.29973376
-0.33772874 -2.044957 0.35721958
-0.27527738 -1.4534273 0.2604248
-0.30824324 -1.8011074 0.3161746
-0.25385937 -1.2134025 0.22174238
-0.28173137 -1.5559585 0.276468
-0.31675923 -1.9060599 0.33280727
-0.25860825 -1.3122909 0.2376047
-0.28884712 -1.6598166 0.29264823
-0.32590145 -2.0118978 0.34968913
-0.26413685 -1.413589 0.25349954
-0.2966139 -1.7648461 0.30898362
-0.33566657 -2.1185448 0.3669343
-0.27039903 -1.5167904 0.26948535
-0.3050257 -1.8709381 0.32549757
-0.24778396 -1.2715646 0.23076326
-0.27735972 -1.6215385 0.28559092
-0.31407785 -1.977991 0.34223497
-0.2530716 -1.3730471 0.24660143
-0.28499702 -1.7276139 0.30183643
-0.32376733 -2.0859337 0.35927805
-0.25912398 -1.4767666 0.26252532
-0.29329818 -1.8348511 0.31824479
-0.237002 -1.2300874 0.22398101
-0.26590917 -1.5823147 0.27856228
-0.30225566 -1.9431382 0.33485284
-0.24205998 -1.331726 0.23975007
-0.27340075 -1.6893774 0.294729
-0.31186485 -2.0523798 0.3517238
-0.2479004 -1.4358944 0.2556039
-0.2815799 -1.7977446 0.31104445
-0.3221248 -2.1625166 0.36895978
-0.25449866 -1.5421438 0.27157
-0.2904342 -1.9072533 0.32753822
-0.23107764 -1.2894835 0.23295338
-0.26183042 -1.650129 0.28766242
-0.29995608 -2.017795 0.3442597
-0.23671244 -1.3940833 0.24873154
-0.26987448 -1.7595726 0.30389437
-0.31014207 -2.1292865 0.3612834
-0.24312164 -1.5009933 0.26462275
-0.27861467 -1.8702791 0.32028738
-0.2201036 -1.2461164 0.22621317
-0.25028524 -1.6098329 0.280641
-0.28803968 -1.9820973 0.33687884
-0.22554198 -1.3512039 0.24191184
-0.25818327 -1.7203035 0.29679486
-0.29814327 -2.094931 0.35372782
-0.2317655 -1.4587643 0.25772548
-0.26679802 -1.8321593 0.31309783
-0.20911938 -1.2014343 0.21952833
-0.23875852 -1.5684334 0.2736686
-0.2761156 -1.9452251 0.32957616
-0.21437186 -1.3070798 0.2351447
-0.24650362 -1.6798811 0.28974736
-0.28612682 -2.0593693 0.34627458
-0.22041585 -1.4153363 0.25087917
-0.25498363 -1.7928461 0.30596843
-0.29682806 -2.1745174 0.36325806
-0.22723979 -1.5258293 0.26674673
-0.26418346 -1.9071137 0.3223478
-0.20318685 -1.2615439 0.22842872
-0.2348292 -1.6382371 0.28275248
-0.27409193 -2.0225356 0.3389169
-0.20905842 -1.3705521 0.24408232
-0.24316822 -1.7522707 0.29889807
-0.28470305 -2.1390088 0.35572657
-0.21571727 -1.4819064 0.25987422
-0.2522418 -1.867704 0.31519046
-0.19197541 -1.2144108 0.22176228
-0.22315115 -1.5952703 0.27580905
-0.26203758 -1.9843578 0.3316489
-0.1976805 -1.3242623 0.23733275
-0.23134595 -1.7103584 0.29188472
-0.2725481 -2.102118 0.34830987
-0.20417897 -1.4365227 0.25304818
-0.2402871 -1.8269204 0.30810058
-0.28377178 -2.220916 0.3652319
-0.21145964 -1.5508723 0.26891392
-0.24996194 -1.9447695 0.32446495
-0.18627119 -1.2762997 0.23062862
-0.21950938 -1.6670094 0.2849248
-0.26036194 -2.0637684 0.34100056
-0.19261406 -1.3895425 0.2462654
-0.22831436 -1.7846842 0.30107367
-0.27148455 -2.183844 0.35774946
-0.19974466 -1.5049138 0.2620628
-0.2378618 -1.9036905 0.31735906
-0.17481959 -1.2265155 0.2239693
-0.20765033 -1.622121 0.2780134
-0.24814269 -2.0238879 0.3337909
-0.18101242 -1.3408141 0.23952302
-0.21631734 -1.7408983 0.29410407
-0.25915393 -2.1451886 0.35039595
-0.18799682 -1.4572699 0.25525084
-0.2257329 -1.8610404 0.31032443
-0.27089965 -2.2675617 0.3672354
-0.19576041 -1.5755742 0.27114457
-0.23588762 -1.9823935 0.32667258
-0.16936465 -1.2901998 0.23281994
-0.20428927 -1.6954652 0.28718513
-0.24677818 -2.1048732 0.3431604
-0.17620699 -1.4078033 0.24847381
-0.21357009 -1.8167245 0.30335346
-0.258409 -2.2284417 0.35982096
-0.18383157 -1.5272542 0.2643119
-0.2235931 -1.9392036 0.31963664
-0.1576632 -1.2375476 0.22615738
-0.19222325 -1.6482745 0.28030923
-0.23435497 -2.0628128 0.33603257
-0.16436677 -1.3563855 0.24172875
-0.20136787 -1.7706493 0.29643768
-0.2458607 -2.1875255 0.3525566
-0.17185576 -1.4770355 0.2575091
-0.21125491 -1.8942243 0.31267348
-0.14589708 -1.1827155 0.21953943
-0.1801125 -1.5992199 0.27346835
-0.22188117 -2.0189238 0.32900134
-0.15246776 -1.3028749 0.23501524
-0.18912064 -1.7227105 0.2895681
-0.23325269 -2.1447268 0.34541994
-0.15982535 -1.4247993 0.2507308
-0.19886857 -1.8473636 0.30577308
-0.24538454 -2.2716548 0.36195225
-0.16795018 -1.5481865 0.26665434
-0.20935312 -1.9731112 0.3220551
-0.14049987 -1.2471346 0.22833702
-0.17682289 -1.6728084 0.28273523
-0.22058204 -2.0999577 0.3383976
-0.14773177 -1.370414 0.24397336
-0.18642952 -1.7985203 0.2989251
-0.23257299 -2.2279387 0.3548029
-0.15572947 -1.4950644 0.25985932
-0.1967669 -1.9252809 0.31518215
-0.12845586 -1.1890055 0.22170429
-0.16446906 -1.620836 0.27592945
-0.20784518 -2.0531206 0.33147553
-0.13556536 -1.313749 0.23723635
-0.17393333 -1.747597 0.29211897
-0.21968585 -2.1821074 0.3477903
-0.14344224 -1.4397324 0.25307634
-0.18411846 -1.8753303 0.3083708
-0.23231648 -2.3122978 0.36413762
-0.15205337 -1.5666908 0.26914123
-0.19503808 -2.004115 0.32463974
-0.123315364 -1.2546489 0.2305253
-0.16137558 -1.69449 0.28534424
-0.2067192 -2.1340573 0.3408967
-0.13107917 -1.3820673 0.24630001
-0.1714039 -1.8231577 0.30160952
-0.21919414 -2.2652426 0.35713014
-0.13956876 -1.510261 0.26236156
-0.1821565 -1.9528319 0.31787637
-0.11096361 -1.192939 0.223857
-0.14875156 -1.6390988 0.27859083
-0.19366844 -2.0836802 0.3341041
-0.11862737 -1.3219206 0.23952764
-0.15861918 -1.768656 0.2948873
-0.20597865 -2.21582 0.35026777
-0.12700659 -1.4514292 0.2555822
-0.16919605 -1.8991615 0.31117225
-0.21912141 -2.3493001 0.3663654
-0.1360553 -1.5813136 0.27184972
-0.18052854 -2.030859 0.32739484
-0.10606817 -1.2591172 0.23276202
-0.1457596 -1.7117181 0.28819412
-0.19266473 -2.163913 0.34352386
-0.11435395 -1.3900548 0.2487962
-0.15615194 -1.8429888 0.30451465
-0.20564254 -2.2983837 0.3595286
-0.12327902 -1.5210153 0.26511386
-0.16729428 -1.9754767 0.32075194
-0.09337891 -1.1934258 0.22601892
-0.1328188 -1.6522248 0.28152195
-0.1792468 -2.1093998 0.33687386
-0.101593 -1.3259641 0.24199678
-0.14301798 -1.7841959 0.29789189
-0.19205204 -2.2448316 0.35284624
-0.11041081 -1.4580567 0.25837928
-0.15395994 -1.917415 0.31415862
-0.08051406 -1.124529 0.2193535
-0.119787104 -1.5900363 0.2748666
-0.16571939 -2.052161 0.3302944
-0.08869744 -1.2589256 0.23517513
-0.12978484 -1.7226528 0.29129413
-0.1783441 -2.1885188 0.34627
-0.097434975 -1.3922452 0.251646
-0.14051832 -1.8565581 0.30759835
-0.19186015 -2.326461 0.3620157
-0.10664898 -1.5249698 0.26823026
-0.15207748 -1.9920878 0.32376263
-0.0756207 -1.1886125 0.22831412
-0.11643719 -1.6582005 0.28471512
-0.16451368 -2.1293306 0.33976632
-0.08432845 -1.3233172 0.24491869
-0.12695852 -1.7927878 0.3010554
-0.17785281 -2.268251 0.35555077
-0.09338187 -1.4567628 0.26162422
-0.13831563 -1.9290875 0.31725538
-0.062295232 -1.1145409 0.22138992
-0.10294985 -1.5906285 0.2781532
-0.15055785 -2.0671785 0.33330435
-0.07105992 -1.2508873 0.23820497
-0.11326245 -1.7259649 0.29451677
-0.16371003 -2.2070172 0.34915695
-0.07994613 -1.3850299 0.2550723
-0.1244252 -1.8630865 0.3107506
-0.1777847 -2.3485231 0.36468533
-0.08928736 -1.5196347 0.27160993
-0.13647506 -2.002012 0.32685336
-0.05759969 -1.1743788 0.23150599
-0.099403374 -1.6559103 0.28797293
-0.14943059 -2.1426992 0.34279057
-0.066296734 -1.3091682 0.24861272
-0.11038853 -1.7940001 0.30423138
-0.16330735 -2.28508 0.35847673
-0.0753775 -1.4448127 0.2650839
-0.12225999 -1.9338348 0.32038602
-0.043720957 -1.0926535 0.22473513
-0.085341156 -1.5823674 0.28141502
-0.13501869 -2.0753086 0.33641124
-0.05219716 -1.2282616 0.24228126
-0.096187 -1.721726 0.29768708
-0.14867252 -2.21843 0.35225597
-0.20815249 -1.659395 -0.20363383
-0.18359554 -1.9088894 -0.22318551
-0.22481553 -1.4571271 -0.19455716
-0.19988364 -1.7270114 -0.20882322
-0.17647395 -1.9546249 -0.23240472
-0.21528678 -1.5450008 -0.1986026
-0.19252472 -1.7814662 -0.21511173
-0.17000987 -1.9914285 -0.24327774
-0.20702945 -1.6139778 -0.2031572
-0.18599361 -1.8244154 -0.2227278
-0.22162314 -1.4387519 -0.19469841
-0.19989428 -1.6679405 -0.20841259
-0.1802386 -1.8572804 -0.23185103
-0.21318217 -1.5118979 -0.19834565
-0.1937458 -1.7089946 -0.21468861
-0.1752067 -1.8811852 -0.24261414
-0.20596029 -1.5673264 -0.20281136
-0.18850878 -1.7387182 -0.22223617
-0.21801624 -1.4201711 -0.19489853
-0.19994886 -1.6077943 -0.20803836
-0.1841275 -1.7583926 -0.2312592
-0.21087699 -1.4781933 -0.19829147
-0.19502066 -1.6354007 -0.21425883
-0.18055452 -1.7690071 -0.24192363
-0.20483448 -1.519763 -0.20257795
-0.19109377 -1.6516899 -0.22171788
-0.21426544 -1.4014648 -0.19507694
-0.19999926 -1.5466406 -0.20770064
-0.18811154 -1.6578578 -0.23063646
-0.20842133 -1.4442433 -0.1983165
-0.1963199 -1.5606508 -0.21382582
-0.18603136 -1.6548132 -0.24121097
-0.20362595 -1.4715704 -0.20241904
-0.19373026 -1.5632601 -0.22117838
-0.21044213 -1.3826802 -0.1952258
-0.2000254 -1.4845836 -0.20739454
-0.19217914 -1.5556024 -0.22998847
-0.20586139 -1.4101703 -0.19835976
-0.1976331 -1.4847482 -0.21339269
-0.19162895 -1.5385427 -0.2404794
-0.20233881 -1.4229198 -0.2022958
-0.19641396 -1.4733894 -0.22062309
-0.20656851 -1.363837 -0.19534655
-0.20001997 -1.4217184 -0.20710881
-0.19632944 -1.4515786 -0.22932044
-0.2032268 -1.3759962 -0.19839345
-0.19895689 -1.4077141 -0.21296006
-0.19734827 -1.4201537 -0.23973154
-0.20098726 -1.373885 -0.20217972
-0.19914626 -1.3820614 -0.22005633
-0.20265523 -1.3449346 -0.19544025
-0.1999855 -1.3581063 -0.20682995
-0.20056672 -1.3457587 -0.22863704
-0.20053808 -1.341698 -0.1984048
-0.20029299 -1.3295716 -0.21252564
-0.20319496 -1.2996215 -0.23896971
-0.19958822 -1.3244755 -0.20205288
-0.20193161 -1.2892731 -0.21948074
-0.19871065 -1.3259565 -0.19550699
-0.1999314 -1.2937707 -0.20654593
-0.20489752 -1.2381314 -0.22794205
-0.19781163 -1.307231 -0.19838768
-0.20164785 -1.250335 -0.21208538
-0.20917654 -1.176937 -0.23819609
-0.19815907 -1.2746623 -0.20190474
-0.20477687 -1.1950282 -0.21889724
-0.19474344 -1.3068732 -0.1955463
-0.19987115 -1.2287036 -0.2062477
-0.20932962 -1.1286976 -0.22723827
-0.19506247 -1.2725378 -0.19833899
-0.20303175 -1.1700048 -0.21163493
-0.21530098 -1.0521067 -0.23741288
-0.19671717 -1.2243947 -0.20172936
-0.20769112 -1.0993301 -0.21830556
-0.19076334 -1.2876446 -0.19555742
-0.1998206 -1.1628741 -0.20592904
-0.21387169 -1.0174667 -0.22652772
-0.1923053 -1.2375541 -0.19825701
-0.20445785 -1.0885683 -0.21117043
-0.22157624 -0.9251512 -0.23662242
-0.19527991 -1.173609 -0.2015233
-0.21068543 -1.00218 -0.21770498
-0.18678114 -1.2682222 -0.19553955
-0.19979686 -1.0962359 -0.20558587
-0.2185332 -0.90445435 -0.22581205
-0.18955506 -1.2022092 -0.19814074
-0.20594124 -1.0060008 -0.21068902
-0.22801007 -0.7961051 -0.23582733
-0.19386481 -1.1222339 -0.20128454
-0.21377248 -0.9035755 -0.21709484
-0.18280873 -1.2485503 -0.19549194
-0.1998178 -1.0287323 -0.20521566
-0.22332446 -0.78968173 -0.22509284
-0.18682715 -1.1664289 -0.19798942
-0.20749837 -0.92226934 -0.21018875
-0.23460999 -0.66501635 -0.23503077
-0.19248967 -1.0701923 -0.20101173
-0.21696626 -0.8035115 -0.21647495
-0.17885886 -1.2285675 -0.19541384
-0.19990195 -0.9602997 -0.20481677
-0.22825637 -0.673175 -0.22437209
-0.18413748 -1.1301345 -0.19780241
-0.20914668 -0.837335 -0.20966846
-0.24138325 -0.5319473 -0.2342366
-0.19117266 -1.0174032 -0.20070387
-0.22028176 -0.7019815 -0.21584566
-0.1749451 -1.2082072 -0.1953046
-0.20006835 -0.89086926 -0.20438805
-0.23334043 -0.5549665 -0.22365235
-0.18150249 -1.0932434 -0.197579
-0.21090445 -0.7511546 -0.20912765
-0.24833673 -0.39697528 -0.23344961
-0.18993248 -0.9637816 -0.20035994
-0.22373484 -0.59897923 -0.21520808
-0.1710816 -1.1873994 -0.19516362
-0.20033672 -0.8203682 -0.20392863
-0.23858848 -0.43509623 -0.22293703
-0.17893921 -1.0556695 -0.19731833
-0.21279074 -0.66368264 -0.2085663
-0.25547686 -0.26019397 -0.23267564
-0.18878844 -0.90923786 -0.19997889
-0.22734205 -0.4945005 -0.214564
-0.16728297 -1.16607 -0.19499035
-0.20072751 -0.7487194 -0.20343772
-0.24401261 -0.31361356 -0.22223051
-0.17646521 -1.0173223 -0.19701943
-0.2148255 -0.57487184 -0.20798478
-0.26280943 -0.121715665 -0.2319218
-0.18776058 -0.85367787 -0.1995594
-0.23112063 -0.3885451 -0.21391596
-0.16356419 -1.144142 -0.19478431
-0.20126212 -0.6758421 -0.20291452
-0.24962495 -0.19057977 -0.2215382
-0.17409863 -0.9781065 -0.19668102
-0.21702962 -0.48467478 -0.20738389
-0.27033928 0.018326946 -0.23119637
-0.18686979 -0.7970017 -0.19909993
-0.2350884 -0.28111887 -0.21326739
-0.15994039 -1.1215364 -0.19454512
-0.20196305 -0.6016512 -0.20235822
-0.2554375 -0.06607031 -0.22086671
-0.17185812 -0.93792164 -0.1963016
-0.21942501 -0.3930444 -0.20676489
-0.27807033 0.15977862 -0.23050892
-0.186138 -0.739103 -0.19859862
-0.23926365 -0.17223604 -0.2126227
-0.15642668 -1.0981721 -0.19427246
-0.20285414 -0.5260572 -0.20176807
-0.26146176 0.059822254 -0.22022386
-0.16976294 -0.8966611 -0.19587934
-0.22203475 -0.29993603 -0.2061298
-0.28600493 0.30245984 -0.22987011
-0.18558834 -0.6798676 -0.19805332
-0.2436651 -0.061922383 -0.2119876
-0.15303802 -1.0739666 -0.19396618
-0.20396076 -0.44896653 -0.20114361
-0.26770854 0.18698528 -0.21961872
-0.1678329 -0.8542115 -0.19541207
-0.22488312 -0.2053097 -0.20548175
-0.2941439 0.44616556 -0.2292915
-0.18524536 -0.6191733 -0.19746168
-0.24831131 0.049780793 -0.2113693
-0.14978881 -1.0488373 -0.19362625
-0.20531012 -0.3702828 -0.200485
-0.2741872 0.31528297 -0.21906157
-0.1660884 -0.8104516 -0.19489723
-0.22799538 -0.10913428 -0.20482557
-0.30248582 0.59066534 -0.22878513
-0.18513535 -0.55688846 -0.1968214
-0.25322035 0.16281159 -0.21077691
-0.14669272 -1.0227013 -0.19325285
-0.20693134 -0.2899092 -0.19979385
-0.28090513 0.44455355 -0.2185636
-0.16455054 -0.7652514 -0.19433187
-0.23139745 -0.011393574 -0.20416859
-0.31102717 0.73570436 -0.22836307
-0.18528667 -0.49287316 -0.19613066
-0.25840858 0.27708143 -0.21022153
-0.1437623 -0.9954769 -0.19284636
-0.20885566 -0.20775397 -0.1990743
-0.28786677 0.5746075 -0.2181364
-0.16324136 -0.7184707 -0.19371267
-0.23511493 0.08790439 -0.20352177
-0.3197617 0.88100684 -0.2280367
-0.18573049 -0.42698067 -0.19538912
-0.26388943 0.39246863 -0.20971628
-0.14100866 -0.96708477 -0.19240728
-0.21111621 -0.123740256 -0.198335
-0.295073 0.7052276 -0.21779095
-0.16218433 -0.6699582 -0.1930361
-0.23917143 0.18871489 -0.20290074
-0.32868057 1.0262815 -0.22781596
-0.18650158 -0.35906345 -0.19459985
-0.26967132 0.508813 -0.20927542
-0.13844119 -0.9374483 -0.19193618
-0.21374705 -0.03782294 -0.19759211
-0.30252 0.83617276 -0.2175364
-0.16140577 -0.61955065 -0.1922989
-0.24358559 0.29094106 -0.20232639
-0.33777207 1.1712288 -0.22770852
-0.18763979 -0.28898585 -0.19377308
-0.27575547 0.62591416 -0.20891294
-0.13606791 -0.90649426 -0.19143322
-0.21678093 0.049984295 -0.19687301
-0.31019866 0.9671858 -0.2173786
-0.16093768 -0.5670738 -0.19149972
-0.24836664 0.39441827 -0.20182429
-0.3470209 1.3155508 -0.2277191
-0.18919171 -0.21665132 -0.19293319
-0.28213367 0.74353695 -0.20864002
-0.1338967 -0.8741521 -0.19089742
-0.22024421 0.13956985 -0.1962202
-0.31809333 1.0980061 -0.21731882
-0.16082403 -0.5123483 -0.19064347
-0.25350884 0.4989054 -0.20142175
-0.3564059 1.458962 -0.22784878
-0.19121201 -0.14205585 -0.19213088
-0.28878593 0.8614267 -0.20846272
-0.13193978 -0.8403505 -0.19032496
-0.22414741 0.23067719 -0.195692
-0.32617903 1.2283869 -0.21735346
-0.16113435 -0.45521155 -0.18975407
-0.2589859 0.604093 -0.20114222
-0.36589444 1.6012003 -0.22809453
-0.1937605 -0.06538604 -0.19146067
-0.29567757 0.9793352 -0.20838086
-0.13022658 -0.80500853 -0.18970671
-0.22847068 0.32287014 -0.19535497
-0.3344144 1.3581141 -0.21747486
-0.1619915 -0.3955898 -0.18890917
-0.26474586 0.7096393 -0.20100005
-0.37543097 1.7420412 -0.22844844
-0.19688438 0.0128264995 -0.19107509
-0.30275008 1.0970519 -0.20839044
-0.12884226 -0.76801574 -0.18902881
-0.23314567 0.41555598 -0.19526467
-0.34272605 1.4870274 -0.21767251
-0.16362296 -0.33371535 -0.18832836
-0.27069786 0.8152312 -0.20100094
-0.38492018 1.8813126 -0.22889633
-0.20056112 0.09155124 -0.19116423
-0.30989367 1.2144345 -0.20848775
-0.12806076 -0.7292044 -0.1883104
-0.23801927 0.5081187 -0.19544807
-0.3509835 1.6150435 -0.21793173
-0.16640897 -0.27074403 -0.1885454
-0.27665037 0.9206542 -0.20114847
-0.39421633 2.0189137 -0.22941376
-0.20452592 0.1693772 -0.19187166
-0.31689155 1.3314347 -0.20866568
-0.12900853 -0.688221 -0.18798856
-0.24266195 0.6001492 -0.19590597
-0.3589885 1.7421825 -0.2182241
-0.17030191 -0.20997079 -0.19049315
-0.2821634 1.025852 -0.20142254
-0.4031616 2.1548321 -0.2299545
-0.12657353 -0.53218395 -0.19386162
-0.11316442 -0.35805365 -0.19358224
-0.13231578 -0.2580845 -0.19386022
-0.15151723 -0.17778742 -0.19346257
-0.16807999 -0.118924804 -0.19271867
-0.16271228 0.12336162 -0.1932765
-0.17853849 0.17991787 -0.19321227
-0.19218116 0.21827254 -0.1931408
-0.19509083 0.5066463 -0.19320458
-0.20791262 0.54145765 -0.19364475
-0.21910284 0.56097144 -0.19412437
-0.22832002 0.56639165 -0.19468994
-0.23910414 0.9048409 -0.19500679
-0.24817143 0.9074608 -0.19593684
-0.2557783 0.89796704 -0.19694544
-0.27160206 1.2687131 -0.19732636
-0.27887288 1.2564017 -0.19864652
-0.2850068 1.2335534 -0.20004828
-0.28991458 1.2007892 -0.20154734
-0.31089818 1.6070783 -0.20225103
-0.315745 1.5723318 -0.20401856
-0.31957906 1.528814 -0.20588242
-0.34410325 1.9591601 -0.2067381
-0.3478288 1.9138129 -0.20885925
-0.35069737 1.8606787 -0.21107832
-0.35268602 1.8001359 -0.21339858
-0.38116455 2.257676 -0.21457502
-0.38317418 2.1959736 -0.21714884
-0.38442352 2.1276991 -0.21982236
-0.41570464 2.6036603 -0.22118014
-0.41693747 2.5343862 -0.22411704
-0.41752115 2.459364 -0.22715203
-0.4174596 2.3788073 -0.2302637
-0.45192364 2.8756557 -0.23203778
-0.45190617 2.794986 -0.23545666
-0.4513806 2.7095563 -0.23890923
-0.48805562 3.2195187 -0.24106954
-0.13330634 -2.1852627 0.35066473
-0.08003298 -1.6783992 0.29585347
-0.0340527 -1.1662753 0.24035908
-0.11419596 -2.0340939 0.33485904
-0.0629738 -1.5243198 0.27965668
-0.018061751 -1.0024706 0.22368251
-0.09564124 -1.8819938 0.31889755
-0.0463302 -1.3675286 0.2633959
-0.13262333 -2.2405868 0.35753578
-0.07759466 -1.728298 0.30280936
-0.030033255 -1.2072443 0.24708253
-0.11301324 -2.0881872 0.34174976
-0.06002213 -1.5723538 0.2866142
-0.014066516 -1.0425794 0.23059456
-0.09396603 -1.9348236 0.32581115
-0.04290239 -1.4135094 0.2703274
-0.13213347 -2.2963636 0.3644064
-0.0754277 -1.779765 0.30974388
-0.02623646 -1.2511346 0.25395355
-0.11207887 -2.143057 0.34861004
-0.057364903 -1.6223122 0.29356483
-0.01014342 -1.0848768 0.23751046
-0.09256859 -1.9887484 0.33268902
-0.039766658 -1.4617918 0.27728623
0.004550314 -0.9160872 0.22156954
-0.073559 -1.832646 0.31664371
-0.022669153 -1.2976 0.26091805
-0.11138877 -2.1985347 0.355437
-0.055019803 -1.6740135 0.30048764
-0.006255941 -1.129473 0.24450731
-0.09145692 -2.0436206 0.33952293
-0.036946192 -1.5121503 0.28423372
0.0088597555 -0.9584755 0.2284565
-0.072016194 -1.8868004 0.32349682
-0.01938732 -1.3464175 0.26790205
-0.11094293 -2.2544746 0.36223516
-0.05306037 -1.7273057 0.30736586
-0.0025384 -1.1764399 0.25155804
