-0.106777474 -1.3876867 0.12662743
-0.13550152 -0.7932656 0.09562597
-0.13334848 -0.6765951 0.052072372
-0.12864259 -0.75004214 0.014546312
-0.10703046 -1.3925626 0.124095045
-0.13525456 -0.79564667 0.09561397
-0.1331794 -0.6764175 0.05206089
-0.1284473 -0.7485467 0.01453105
-0.10647212 -1.448511 0.12594339
-0.08896011 -1.6700323 0.12366369
-0.0739371 -1.7991216 0.12517175
-0.0628658 -1.842587 0.12797579
-0.07019987 -1.6556906 0.1226482
-0.11409372 -0.8397926 0.08209636
-0.13138725 -0.2577539 0.0449216
-0.12553549 -0.11130469 0.01145828
-0.07029219 -1.649845 0.12238246
-0.11394928 -0.8370863 0.082064755
-0.13128942 -0.25478914 0.04491614
-0.12542625 -0.10827157 0.011482149
-0.07026118 -1.6432693 0.12221556
-0.11379802 -0.83452153 0.082035676
-0.13118035 -0.252225 0.044932835
-0.12530437 -0.1058626 0.011551694
-0.070080355 -1.6370118 0.12211842
-0.11364853 -0.8317772 0.08199407
-0.1310769 -0.24919233 0.044821806
-0.12518327 -0.10272354 0.011343134
-0.06967331 -1.6303091 0.121997096
-0.113491155 -0.82920665 0.08198639
-0.13095994 -0.24667747 0.04502308
-0.12504627 -0.10042024 0.011817562
-0.0691618 -1.6236438 0.121909015
-0.11333684 -0.826424 0.08191665
-0.13085221 -0.24357732 0.044653185
-0.12491268 -0.09717786 0.011038847
-0.06883334 -1.6171615 0.12161418
-0.11317464 -0.8238464 0.08194346
-0.13073067 -0.24107912 0.045136478
-0.12476201 -0.09490596 0.012134254
-0.068241246 -1.6107076 0.12169759
-0.11301824 -0.82103425 0.081851766
-0.13061967 -0.23799908 0.044596855
-0.12461305 -0.09175389 0.010976834
-0.06733565 -1.6040102 0.12162345
-0.11286173 -0.818434 0.08186559
-0.13050796 -0.23535472 0.04488874
-0.124453366 -0.08915332 0.0116607165
-0.06707324 -1.6061568 0.12854497
-0.11968231 -0.26248237 0.0005790046
-0.12905325 -0.08363453 0.02558544
-0.12559386 -0.46084535 0.06213004
-0.09596665 -1.162265 0.09724372
-0.078206226 -1.0594808 0.10028864
-0.11042171 -0.4116066 0.06628582
-0.117456965 0.041779973 0.029302541
-0.095757365 -0.122333735 0.0030366972
-0.036878005 -2.0441356 0.1272791
0.03747889 -2.8830047 0.13218507
0.12693647 -3.7292473 0.14433809
-0.013302174 -2.327433 0.12785876
0.065694764 -3.1672752 0.13548175
-0.07781335 -0.68543506 -0.08632967
-0.08545744 -0.74279076 -0.08576655
-0.109581605 -0.9323143 -0.08218569
-0.09032814 -0.779591 -0.08511694
-0.1146272 -0.9305721 -0.082812734
-0.09062755 -0.7786359 -0.08515002
-0.06702168 -1.6167231 0.12965082
-0.07170416 -1.4977918 0.12772511
-0.06545393 -1.650796 0.13567178
-0.06978518 -1.5319829 0.12898196
-0.06213182 -1.6842147 0.13593867
-0.04988322 -1.8106261 0.12905148
0.027304627 -2.7263103 0.1315749
0.124088086 -3.6328464 0.14433032
-0.06888699 -1.5321473 0.12901612
-0.06567865 -1.6125796 0.13184024
-0.12607664 -1.1306401 -0.12990409
-0.11849707 -1.0368034 -0.11351203
-0.075137034 -0.668686 -0.08821892
-0.077456474 -0.7577785 -0.11653404
-0.09017741 -0.8798349 -0.13163356
-0.12102114 -1.1130654 -0.13682152
-0.12766866 -1.1448383 -0.13075726
-0.11975818 -1.0501897 -0.11521344
-0.11103607 -0.9702006 -0.086372405
-0.1284011 -1.1505181 -0.13069037
-0.120478794 -1.0564858 -0.11514215
-0.10966383 -0.9774178 -0.0862341
-0.01299482 -2.3319592 0.12788425
0.06580721 -3.1700468 0.13549833
-0.05638115 -1.7854735 0.1336686
0.011734308 -2.6138482 0.12970749
0.09560031 -3.453795 0.13948658
-0.13265114 -1.1905099 -0.13369624
-0.12339135 -1.0919163 -0.12137484
-0.12218903 -1.0136833 -0.098995395
-0.13334432 -1.195976 -0.13362491
-0.12409683 -1.0978565 -0.1212979
-0.12330103 -1.0210236 -0.09899168
-0.03410508 -2.0669808 0.1272464
0.03813717 -2.895893 0.13229379
0.12703767 -3.737314 0.14431776
-0.0120285 -2.3452582 0.12798895
0.06613791 -3.1781514 0.13555118
-0.13796951 -1.2367243 -0.1354328
-0.12742248 -1.1345788 -0.12639327
-0.121737234 -1.0493779 -0.107493825
-0.13863622 -1.2419846 -0.1353001
-0.12810585 -1.1401497 -0.12632139
-0.12248776 -1.0554473 -0.1074356
-0.054151658 -1.8087124 0.13391028
0.012423724 -2.6245537 0.12982121
0.095790565 -3.4606123 0.13950415
-0.032965347 -2.0817318 0.12741427
0.038616784 -2.9048922 0.13238557
0.12710762 -3.74308 0.14429832
-0.13184585 -1.1781377 -0.13035919
-0.12408296 -1.0867745 -0.11477616
-0.11734864 -1.0227717 -0.08457189
-0.13250963 -1.1835531 -0.13029349
-0.124808215 -1.0927016 -0.11470161
-0.119873635 -1.0312926 -0.08425818
-0.011030891 -2.357644 0.1281385
0.06645438 -3.18594 0.13560875
-0.0527045 -1.8302479 0.1346621
0.013137146 -2.635265 0.12995334
0.09597391 -3.4673908 0.1395229
-0.13667445 -1.2226557 -0.1332684
-0.12754086 -1.1264852 -0.12091504
-0.123725325 -1.0535477 -0.09869975
-0.18261749 -1.2067889 -0.12424266
-0.16444054 -1.0303681 -0.10719756
-0.1510344 -0.8793037 -0.09533391
-0.1657953 -1.4800584 -0.13138944
-0.18977034 -1.6632588 -0.1311294
-0.1986497 -1.6293381 -0.13266449
-0.19461788 -1.4001648 -0.13495882
-0.15998162 -1.127877 -0.09396226
-0.16258743 -1.3226832 -0.09073707
-0.15498014 -1.3444015 -0.088903494
-0.13450643 -1.1781185 -0.08561402
-0.15607406 -1.0262182 -0.09588026
-0.16281727 -1.2832286 -0.09117911
-0.15808229 -1.3536109 -0.0891599
-0.14222029 -1.2495476 -0.08703786
-0.15579455 -1.0242012 -0.095528275
-0.16264321 -1.2812369 -0.090932615
-0.15794368 -1.3519475 -0.08892042
-0.14210947 -1.2483819 -0.086834006
-0.15556298 -1.0221629 -0.09513898
-0.16247675 -1.2792507 -0.09068564
-0.15781155 -1.3502954 -0.088682465
-0.14200711 -1.2472328 -0.086639106
-0.15518713 -1.0200678 -0.09471444
-0.16225097 -1.2772353 -0.090438925
-0.15762827 -1.3486164 -0.08844665
-0.14183536 -1.2460448 -0.08645378
-0.15511413 -1.0179927 -0.09425823
-0.16217364 -1.2752502 -0.0901937
-0.15757425 -1.3469706 -0.088214055
-0.14184028 -1.2449037 -0.08627927
-0.15451717 -1.0158219 -0.09377603
-0.16182324 -1.2732128 -0.089952
-0.15728231 -1.3452773 -0.087986544
-0.14152008 -1.2436957 -0.08611769
-0.15468419 -1.0136814 -0.0932756
-0.1618804 -1.2712113 -0.08971691
-0.15734673 -1.3436224 -0.08776688
-0.14168811 -1.2425423 -0.08597222
-0.15394898 -1.0115117 -0.09276491
-0.16145054 -1.2691954 -0.08949166
-0.1569843 -1.341953 -0.08755772
-0.14127065 -1.2413667 -0.08584522
-0.059663597 -1.8049982 0.13104992
-0.065380715 -1.8504498 0.12698278
-0.07833145 -1.7711407 0.12462179
-0.09489223 -1.6139295 0.12354048
-0.099738345 -1.5646054 0.12350007
-0.08183531 -1.745082 0.12431736
-0.06784043 -1.8478338 0.12633388
-0.0586842 -1.8502804 0.12974487
-0.09897499 -1.5778979 0.12351396
-0.08113603 -1.756978 0.124462776
-0.067232236 -1.859309 0.12650953
-0.058342516 -1.8616585 0.12996641
-0.09787752 -1.591258 0.1235336
-0.080161124 -1.7689102 0.12461121
-0.066182345 -1.8708434 0.12668757
-0.05694266 -1.8732082 0.13018872
-0.09705649 -1.6045502 0.123559915
-0.07941856 -1.7808028 0.12476135
-0.0655106 -1.8822908 0.12686628
-0.056457587 -1.8844923 0.1304074
-0.09603415 -1.6179336 0.123592675
-0.078509636 -1.7927543 0.12491207
-0.06457317 -1.893832 0.12704444
-0.055337336 -1.8960229 0.13061963
-0.095114864 -1.6312541 0.12363165
-0.07768866 -1.8046701 0.12506257
-0.06378076 -1.9052944 0.1272213
-0.054572828 -1.9073144 0.13082367
-0.06872363 -1.9484576 0.13033104
0.015435072 -2.9381669 0.13599828
0.11868723 -3.9168105 0.13748764
0.15738654 -4.246363 0.13628465
0.15693684 -4.225418 0.13984913
0.15822859 -4.1657295 0.14478931
0.15967524 -4.0652537 0.14930414
-0.052955616 -1.9331763 0.13099332
-0.062593065 -1.925688 0.1274548
-0.076604195 -1.8228958 0.12529075
-0.093954876 -1.6491017 0.12361506
-0.053841367 -1.9218633 0.13080901
-0.063440934 -1.9141971 0.1272824
-0.07746528 -1.8109231 0.125144
-0.09493654 -1.6356481 0.123574175
-0.13472997 -1.25026 0.123183854
-0.120668605 -1.3636975 0.11777757
-0.13284525 -1.2908943 0.1240452
-0.118508555 -1.4063084 0.12032679
-0.13085395 -1.3319421 0.12443869
-0.115995385 -1.4491748 0.12512866
-0.12458753 -1.4637216 0.12849134
-0.027915027 -2.5844643 0.13534693
0.08245193 -3.6339324 0.1374054
0.10354014 -3.7894337 0.13748477
0.00082685816 -2.799219 0.13569894
-0.08248336 -1.7891389 0.12977384
0.07657464 -3.5444725 0.13730238
-0.021835921 -2.5503583 0.13479672
0.1511712 -4.198636 0.1375566
0.042174075 -3.2166543 0.13677728
-0.049937975 -2.217314 0.13315418
0.11322617 -3.8728826 0.13750532
0.00969569 -2.8874292 0.13594615
-0.0748075 -1.8849852 0.13051258
0.07712016 -3.546947 0.13728873
-0.020655513 -2.5569115 0.13472901
0.15149108 -4.199623 0.13753054
0.042882066 -3.2201679 0.13678467
-0.04847702 -2.2260432 0.13316399
0.113642365 -3.8745458 0.13749349
0.0106057385 -2.8922503 0.13588761
-0.07316457 -1.8959911 0.13009617
0.07766014 -3.5494215 0.13729163
-0.01950101 -2.5634506 0.13475393
0.1518017 -4.2005925 0.13751787
0.04358185 -3.2236652 0.13676849
-0.047067877 -2.2347069 0.13302128
-0.18240114 -1.2014858 -0.12420946
-0.16416298 -1.0241275 -0.10721889
-0.14980169 -0.87086797 -0.09543356
-0.18217865 -1.1961519 -0.12417535
-0.16388433 -1.0178382 -0.10724093
-0.14841601 -0.8622814 -0.09556937
-0.18195052 -1.1907973 -0.12414047
-0.16360782 -1.0115128 -0.10726368
-0.14716624 -0.853377 -0.09574306
-0.18171662 -1.1854403 -0.124104716
-0.16333498 -1.0052222 -0.107286684
-0.14637113 -0.84468883 -0.09595506
-0.18147641 -1.1800876 -0.124068044
-0.16306664 -0.99900264 -0.10730979
-0.14587238 -0.83675367 -0.096203685
-0.18122981 -1.1747247 -0.12403024
-0.1628027 -0.9927862 -0.10733231
-0.14588572 -0.8287641 -0.09648487
-0.1809735 -1.1693362 -0.12399144
-0.16253568 -0.9865247 -0.10735464
-0.14605178 -0.8205536 -0.096795924
-0.18071163 -1.1639075 -0.12395065
-0.16227967 -0.9802051 -0.10737432
-0.14614493 -0.8122446 -0.097128056
-0.18036544 -1.1584766 -0.1239099
-0.16188972 -0.9739118 -0.107395574
-0.14613062 -0.80396765 -0.09747428
-0.13450545 -0.5160414 -0.088097155
-0.13806899 -0.6986308 -0.09328232
-0.13419925 -0.52056974 -0.09053493
-0.14032285 -0.70332354 -0.0968118
-0.13394262 -0.52555305 -0.09276341
-0.1381439 -0.7090438 -0.09594315
-0.1640747 -0.9073757 -0.12364336
-0.14015882 -0.68632436 -0.107295185
-0.12564509 -0.4522466 -0.09747786
-0.118119515 -0.7290925 -0.006641647
-0.11251734 -0.65421075 -0.010210004
-0.11942147 -0.6473905 -0.012073064
-0.12703691 -0.6725534 -0.013046253
-0.11908547 -0.7631155 -0.0069221877
-0.11263927 -0.67196906 -0.010382164
-0.1195049 -0.6552717 -0.01248323
-0.127178 -0.67221016 -0.013414896
-0.1198212 -0.7948535 -0.007411245
-0.11281754 -0.6896917 -0.010554261
-0.11960192 -0.66317016 -0.012874943
-0.12729773 -0.6718075 -0.013774167
-0.120340675 -0.82471496 -0.007924914
-0.113051556 -0.7073368 -0.0107358135
-0.11971328 -0.6710824 -0.013253964
-0.12739642 -0.6713723 -0.014132021
-0.12070847 -0.8529946 -0.00842917
-0.11333886 -0.7248592 -0.010931961
-0.1198382 -0.6790008 -0.013623503
-0.1274741 -0.670928 -0.014491024
-0.12098318 -0.879893 -0.008911746
-0.113677405 -0.74221486 -0.011147102
-0.11997644 -0.68691874 -0.01398699
-0.12753092 -0.6704989 -0.014852434
-0.121210694 -0.90555537 -0.009375766
-0.11406442 -0.75936025 -0.011384285
-0.12012745 -0.69482917 -0.014346929
-0.12756738 -0.6701094 -0.015217276
-0.12142266 -0.93008614 -0.009827045
-0.114496686 -0.7762538 -0.0116460705
-0.12029074 -0.7027253 -0.014705579
-0.12758456 -0.6697833 -0.015586766
-0.121639855 -0.95356303 -0.010272112
-0.11497036 -0.7928567 -0.011934342
-0.1204658 -0.7106007 -0.015064867
-0.12758411 -0.66954297 -0.01596218
-0.12187492 -0.9760449 -0.010716695
-0.11548102 -0.80913347 -0.01225039
-0.12065206 -0.7184493 -0.0154265575
-0.12756816 -0.669409 -0.01634466
-0.12213509 -0.9975772 -0.011165633
-0.11602386 -0.82505316 -0.012594896
-0.120848946 -0.7262654 -0.01579229
-0.12753919 -0.6693992 -0.01673511
-0.12242388 -1.0181956 -0.011622853
-0.116593875 -0.8405893 -0.012968002
-0.12105589 -0.73404354 -0.016163616
-0.1274998 -0.66952866 -0.01713415
-0.12274244 -1.0379289 -0.012091525
-0.11718604 -0.85572016 -0.013369387
-0.1212723 -0.741779 -0.016542017
-0.12745267 -0.66980976 -0.01754215
-0.12309032 -1.0568006 -0.012574192
-0.1177955 -0.87042874 -0.013798381
-0.121497594 -0.74946725 -0.016928904
-0.12740025 -0.670252 -0.017959287
-0.123466134 -1.07483 -0.013072896
-0.11841771 -0.88470244 -0.014254088
-0.12173117 -0.75710416 -0.017325612
-0.12734483 -0.6708627 -0.018385615
-0.12386779 -1.0920342 -0.013589227
-0.11904847 -0.8985328 -0.014735451
-0.12197241 -0.7646862 -0.017733384
-0.12728843 -0.6716467 -0.018821107
-0.124292895 -1.1084276 -0.014124473
-0.1196841 -0.9119147 -0.015241405
-0.12222075 -0.7722103 -0.018153384
-0.12723276 -0.6726074 -0.019265736
-0.1247388 -1.1240236 -0.014679602
-0.120321326 -0.92484623 -0.01577088
-0.12247555 -0.77967364 -0.018586665
-0.12717927 -0.6737465 -0.019719468
-0.12520272 -1.138834 -0.01525534
-0.12095734 -0.93732804 -0.016322874
-0.12273622 -0.7870741 -0.019034171
-0.12712914 -0.67506474 -0.020182302
-0.12568192 -1.1528705 -0.015852245
-0.12158977 -0.94936293 -0.01689651
-0.12300218 -0.7944099 -0.01949675
-0.12708335 -0.6765618 -0.020654293
-0.12617362 -1.166144 -0.016470673
-0.12221664 -0.96095544 -0.017491002
-0.12327282 -0.8016798 -0.019975122
-0.12704262 -0.67823666 -0.021135516
-0.12667513 -1.1786654 -0.017110849
-0.12283628 -0.9721116 -0.018105686
-0.12354758 -0.8088831 -0.020469904
-0.12700757 -0.68008804 -0.021626092
-0.12718382 -1.1904455 -0.017772887
-0.123447336 -0.9828384 -0.018740011
-0.12382588 -0.8160195 -0.0209816
-0.12697867 -0.68211406 -0.022126166
-0.12769724 -1.2014952 -0.018456819
-0.124048695 -0.9931438 -0.019393548
-0.12410718 -0.8230891 -0.021510622
-0.12695625 -0.6843128 -0.022635916
-0.12821294 -1.2118253 -0.019162567
-0.12463944 -1.0030365 -0.020065924
-0.12439096 -0.8300928 -0.022057254
-0.12694058 -0.68668205 -0.023155505
-0.12872869 -1.2214471 -0.019890044
-0.12521882 -1.0125258 -0.020756878
-0.12467672 -0.83703154 -0.022621728
-0.12693186 -0.6892196 -0.023685133
-0.12924235 -1.230372 -0.020639103
-0.12578627 -1.0216211 -0.021466212
-0.12496399 -0.84390706 -0.023204185
-0.12693024 -0.69192326 -0.024224987
-0.12975192 -1.2386116 -0.021409549
-0.12634127 -1.0303324 -0.02219376
-0.12525232 -0.85072136 -0.023804674
-0.12693581 -0.69479084 -0.024775231
-0.1302555 -1.2461777 -0.022201186
-0.12688342 -1.0386698 -0.022939418
-0.12554131 -0.85747683 -0.024423202
-0.12694867 -0.69782037 -0.025336042
-0.1307514 -1.2530824 -0.023013817
-0.1274124 -1.0466439 -0.023703115
-0.12583062 -0.86417645 -0.025059728
-0.12696886 -0.7010097 -0.025907572
-0.13123792 -1.259338 -0.023847198
-0.12792793 -1.0542649 -0.024484772
-0.12611988 -0.8708233 -0.025714135
-0.12699644 -0.704357 -0.026489938
-0.1317136 -1.2649572 -0.024701122
-0.12842983 -1.0615437 -0.025284361
-0.12640883 -0.87742114 -0.026386298
-0.12703145 -0.7078606 -0.027083267
-0.13217698 -1.2699524 -0.025575345
-0.12891787 -1.0684909 -0.026101818
-0.12669721 -0.8839737 -0.02707603
-0.1270739 -0.71151876 -0.027687628
-0.13262677 -1.2743367 -0.02646967
-0.12939195 -1.0751172 -0.026937125
-0.12698483 -0.89048535 -0.02778315
-0.12712386 -0.7153301 -0.028303107
-0.13306177 -1.2781229 -0.027383847
-0.12985195 -1.0814338 -0.02779021
-0.12727152 -0.8969605 -0.028507415
-0.12718134 -0.71929336 -0.028929725
-0.13348083 -1.2813244 -0.028317673
-0.13029777 -1.0874516 -0.028661022
-0.12755717 -0.9034039 -0.029248595
-0.1272464 -0.72340727 -0.029567512
-0.13388294 -1.2839544 -0.02927095
-0.13072938 -1.0931815 -0.02954951
-0.12784171 -0.9098205 -0.030006446
-0.1273191 -0.72767085 -0.03021648
-0.13426709 -1.2860265 -0.03024344
-0.13114673 -1.0986347 -0.03045556
-0.12812512 -0.9162155 -0.030780679
-0.12739949 -0.7320832 -0.030876584
-0.13463244 -1.2875539 -0.031234942
-0.13154982 -1.1038225 -0.031379085
-0.1284074 -0.92259413 -0.031571023
-0.12748766 -0.7366436 -0.031547792
-0.13497812 -1.2885507 -0.032245252
-0.13193867 -1.1087558 -0.03231996
-0.12868865 -0.928962 -0.032377195
-0.1275837 -0.7413514 -0.032230046
-0.13530336 -1.2890306 -0.033274155
-0.13231333 -1.1134462 -0.033278044
-0.12896894 -0.9353245 -0.033198893
-0.12768772 -0.7462062 -0.032923263
-0.13560748 -1.2890072 -0.034321435
-0.13267383 -1.1179049 -0.034253165
-0.12924844 -0.94168735 -0.034035813
-0.12779985 -0.75120753 -0.033627357
-0.1358898 -1.288495 -0.03538688
-0.1330203 -1.1221431 -0.035245147
-0.12952735 -0.94805634 -0.03488765
-0.12792024 -0.7563551 -0.034342222
-0.13614972 -1.2875077 -0.036470234
-0.13335282 -1.1261725 -0.036253743
-0.1298059 -0.954437 -0.035754066
-0.12804905 -0.76164865 -0.035067722
-0.13638666 -1.2860599 -0.037571304
-0.13367157 -1.1300044 -0.03727875
-0.13008437 -0.9608352 -0.036634766
-0.12818646 -0.7670882 -0.03580376
-0.13660012 -1.2841657 -0.038689803
-0.13397668 -1.1336501 -0.03831986
-0.13036309 -0.9672565 -0.037529387
-0.12833267 -0.7726734 -0.036550175
-0.13678962 -1.28184 -0.039825484
-0.13426836 -1.1371213 -0.039376788
-0.13064244 -0.9737066 -0.038437597
-0.1284879 -0.77840453 -0.037306834
-0.13695471 -1.2790972 -0.040978067
-0.13454683 -1.1404295 -0.040449187
-0.13092284 -0.9801909 -0.039359044
-0.1286524 -0.7842814 -0.03807359
-0.13709497 -1.2759523 -0.042147253
-0.13481233 -1.1435863 -0.041536693
-0.13120474 -0.9867147 -0.040293366
-0.12882641 -0.790304 -0.03885029
-0.13721006 -1.2724203 -0.043332715
-0.13506514 -1.1466031 -0.042638883
-0.13148864 -0.9932834 -0.04124018
-0.12901023 -0.7964725 -0.03963678
-0.1372996 -1.2685165 -0.04453411
-0.13530558 -1.1494917 -0.04375532
-0.1317751 -0.99990165 -0.042199116
-0.12920414 -0.80278677 -0.040432923
-0.13736331 -1.2642564 -0.045751058
-0.13553396 -1.1522635 -0.044885494
-0.1320647 -1.0065744 -0.04316976
-0.12940845 -0.8092469 -0.04123856
-0.13740093 -1.2596556 -0.04698315
-0.13575065 -1.1549301 -0.04602886
-0.13235807 -1.0133059 -0.044151697
-0.12962349 -0.8158528 -0.042053543
-0.13741216 -1.2547301 -0.04822995
-0.13595606 -1.1575031 -0.047184836
-0.13265592 -1.0201004 -0.04514451
-0.12984963 -0.8226045 -0.042877767
-0.13739683 -1.2494961 -0.049490973
-0.1361506 -1.1599942 -0.04835276
-0.13295895 -1.0269613 -0.046147745
-0.1300872 -0.8295017 -0.043711077
-0.13735475 -1.2439703 -0.05076569
-0.13633475 -1.1624148 -0.04953192
-0.13326791 -1.0338922 -0.047160942
-0.1303366 -0.8365442 -0.044553377
-0.13728574 -1.2381694 -0.052053526
-0.13650899 -1.1647763 -0.050721545
-0.13358362 -1.0408956 -0.048183613
-0.13059822 -0.8437319 -0.04540457
-0.13718972 -1.2321109 -0.053353842
-0.13667385 -1.1670905 -0.051920783
-0.13390692 -1.0479739 -0.049215242
-0.13087246 -0.8510642 -0.04626455
-0.13706657 -1.2258122 -0.05466596
-0.13682991 -1.1693686 -0.05312872
-0.13423868 -1.0551287 -0.050255317
-0.13115975 -0.85854083 -0.047133278
-0.13691626 -1.2192916 -0.055989116
-0.13697778 -1.171622 -0.054344345
-0.1345798 -1.0623611 -0.051303267
-0.13146053 -0.86616117 -0.048010696
-0.13673879 -1.2125674 -0.057322484
-0.13711809 -1.1738621 -0.05556658
-0.13493122 -1.0696715 -0.052358523
-0.13177527 -0.87392455 -0.0488968
-0.13653417 -1.2056588 -0.058665145
-0.13725156 -1.1761001 -0.05679423
-0.13529393 -1.0770596 -0.053420465
-0.13210444 -0.88183016 -0.049791608
-0.13630249 -1.1985852 -0.060016103
-0.13737892 -1.1783471 -0.058026023
-0.13566887 -1.0845244 -0.05448845
-0.13244854 -0.889877 -0.05069515
-0.13604386 -1.1913667 -0.06137426
-0.13750096 -1.1806141 -0.059260562
-0.13605705 -1.0920638 -0.055561807
-0.13280809 -0.8980642 -0.051607527
-0.13575849 -1.184024 -0.06273839
-0.13761853 -1.182912 -0.060496338
-0.13645945 -1.099675 -0.056639805
-0.13318366 -0.9063903 -0.052528854
-0.13544662 -1.1765782 -0.064107165
-0.13773255 -1.1852514 -0.061731722
-0.13687709 -1.1073546 -0.057721704
-0.13357584 -0.9148539 -0.053459316
-0.13510856 -1.1690513 -0.0654791
-0.137844 -1.1876427 -0.062964946
-0.13731089 -1.115098 -0.058806695
-0.13398527 -0.92345333 -0.054399136
-0.13474469 -1.1614659 -0.06685259
-0.13795392 -1.1900963 -0.06419411
-0.13776185 -1.1228997 -0.05989395
-0.13441265 -0.93218666 -0.055348627
-0.13435552 -1.1538451 -0.06822583
-0.13806346 -1.1926218 -0.065417156
-0.13823083 -1.1307533 -0.060982566
-0.13485871 -0.9410516 -0.056308135
-0.1339416 -1.1462128 -0.06959685
-0.13817385 -1.1952289 -0.06663185
-0.13871871 -1.1386515 -0.062071618
-0.1353243 -0.9500455 -0.057278123
-0.13350363 -1.1385938 -0.07096347
-0.13828641 -1.1979268 -0.06783582
-0.13922626 -1.1465864 -0.063160114
-0.13581035 -0.95916533 -0.058259115
-0.13304241 -1.1310134 -0.072323285
-0.13840261 -1.2007238 -0.06902649
-0.13975419 -1.1545488 -0.06424703
-0.13631788 -0.96840733 -0.05925175
-0.1325589 -1.1234975 -0.07367365
-0.138524 -1.2036278 -0.07020109
-0.1403031 -1.1625288 -0.065331265
-0.13684802 -0.97776717 -0.060256783
-0.13205415 -1.1160731 -0.07501164
-0.13865231 -1.206646 -0.07135666
-0.14087355 -1.170516 -0.06641171
-0.1374021 -0.9872396 -0.06127509
-0.13152947 -1.1087677 -0.07633405
-0.1387894 -1.2097847 -0.07249003
-0.1414659 -1.1784995 -0.06748719
-0.13798156 -0.99681836 -0.062307667
-0.13098624 -1.1016095 -0.07763735
-0.13893732 -1.213049 -0.07359782
-0.14208044 -1.1864673 -0.06855649
-0.13858803 -1.0064961 -0.06335566
-0.1304261 -1.0946271 -0.07891766
-0.13909827 -1.216443 -0.07467644
-0.14271735 -1.1944076 -0.06961841
-0.13922334 -1.0162636 -0.06442038
-0.12985086 -1.0878502 -0.08017074
-0.13927466 -1.2199688 -0.0757221
-0.1433766 -1.2023082 -0.070671685
-0.13988946 -1.0261104 -0.065503255
-0.12926255 -1.0813086 -0.08139196
-0.13946906 -1.2236276 -0.076730825
-0.14405818 -1.2101568 -0.0717151
-0.14058863 -1.0360235 -0.06660588
-0.12866338 -1.0750332 -0.08257624
-0.13968423 -1.2274181 -0.07769847
-0.14476189 -1.2179412 -0.07274743
-0.1413232 -1.0459878 -0.06772999
-0.12805577 -1.0690547 -0.08371809
-0.1399231 -1.231337 -0.078620814
-0.14548743 -1.2256492 -0.07376753
-0.14209566 -1.0559852 -0.068877384
-0.12744232 -1.0634052 -0.08481155
-0.14018868 -1.2353787 -0.07949354
-0.14623447 -1.2332696 -0.0747743
-0.14290854 -1.0659947 -0.07004997
-0.1268258 -1.0581167 -0.08585014
-0.14048405 -1.2395351 -0.08031239
-0.14700262 -1.2407912 -0.075766765
-0.14376438 -1.0759919 -0.07124966
-0.12620907 -1.0532221 -0.08682692
-0.14081225 -1.2437954 -0.08107328
-0.1477915 -1.2482038 -0.076744065
-0.14466546 -1.0859491 -0.072478294
-0.12559505 -1.0487553 -0.08773435
-0.1411762 -1.2481462 -0.08177236
-0.14860068 -1.2554979 -0.07770552
-0.14561377 -1.095835 -0.0737376
-0.12498661 -1.044751 -0.088564366
-0.1415786 -1.2525715 -0.08240629
-0.14942984 -1.262665 -0.07865063
-0.14661074 -1.1056151 -0.07502907
-0.12438648 -1.0412459 -0.0893083
-0.14202173 -1.2570533 -0.082972445
-0.15027863 -1.2696978 -0.079579085
-0.14765699 -1.1152523 -0.076353826
-0.12379702 -1.0382782 -0.089956746
-0.1425075 -1.2615719 -0.08346915
-0.1511468 -1.2765898 -0.080490775
-0.14875235 -1.1247078 -0.07771257
-0.123219915 -1.0358899 -0.09049955
-0.14303723 -1.2661071 -0.08389616
-0.15203409 -1.2833357 -0.08138574
-0.14989558 -1.1339421 -0.07910536
-0.12265615 -1.0341264 -0.090924844
-0.14361186 -1.2706383 -0.084255196
-0.15294024 -1.2899318 -0.0822641
-0.15108459 -1.142917 -0.08053122
-0.12210505 -1.0330415 -0.09121953
-0.14423189 -1.2751467 -0.08455101
-0.1538648 -1.2963752 -0.08312592
-0.15231654 -1.1515967 -0.0819874
-0.12156638 -1.0326968 -0.09136238
-0.14489777 -1.2796149 -0.084793195
-0.15480708 -1.3026643 -0.08397114
-0.15358858 -1.1599494 -0.083467774
-0.12103707 -1.0331781 -0.09132919
-0.14560974 -1.284028 -0.08499863
-0.15576574 -1.3087984 -0.08479887
-0.15489803 -1.1679484 -0.08495849
-0.12053318 -1.0345906 -0.09104226
-0.14636822 -1.2883774 -0.08519829
-0.156739 -1.3147813 -0.0856095
-0.15624334 -1.1755776 -0.08643469
-0.120081015 -1.0371474 -0.09042255
-0.14717282 -1.2926447 -0.085433796
-0.15772468 -1.3206068 -0.08639716
-0.15762356 -1.1828125 -0.08784053
-0.11990225 -1.0412604 -0.088895485
-0.1480192 -1.2968619 -0.08577034
-0.15871851 -1.3263147 -0.08716365
-0.1590332 -1.1897047 -0.08910803
-0.11819887 -0.75026596 -0.012498634
-0.09292442 -0.80799496 -0.011486691
-0.10308062 -0.8704998 -0.012534209
-0.114870526 -0.9188487 -0.011843216
-0.096906364 -0.9954718 -0.01240261
-0.1060542 -1.0359087 -0.012663307
-0.114785284 -1.062637 -0.012653501
-0.12087008 -1.07725 -0.012723421
-0.110064946 -1.1780502 -0.013436287
-0.116783634 -1.1860745 -0.014156587
-0.12196685 -1.1859636 -0.014956298
-0.11472045 -1.2951372 -0.015280141
-0.11992959 -1.2875365 -0.016510967
-0.12421593 -1.2748392 -0.017789166
-0.12727822 -1.2582686 -0.019153913
-0.12337455 -1.3653308 -0.01967575
-0.12689531 -1.3423972 -0.021282729
-0.1296078 -1.317485 -0.022942906
-0.12654603 -1.418832 -0.023526078
-0.12946731 -1.387861 -0.025386572
-0.13179614 -1.3564742 -0.027285352
-0.13349338 -1.325283 -0.029231872
-0.13157775 -1.4110113 -0.030038694
-0.13355511 -1.3749037 -0.032147538
-0.13502856 -1.3402594 -0.03429154
-0.13298385 -1.4118872 -0.03519108
-0.13466194 -1.3726983 -0.03749453
-0.13590945 -1.3361807 -0.039823927
-0.13675775 -1.3027794 -0.042176593
-0.1349394 -1.3499115 -0.043292917
-0.13597779 -1.313069 -0.045796525
-0.13667366 -1.2805114 -0.048310656
-0.13423178 -1.3066678 -0.04950534
-0.13509424 -1.2710586 -0.05216823
-0.13564685 -1.2409369 -0.0548261
-0.13597785 -1.216677 -0.057462186
-0.13313876 -1.2103891 -0.058880962
-0.13355476 -1.1843841 -0.061653823
-0.1338115 -1.1655154 -0.064374916
-0.1300071 -1.1314261 -0.06584577
-0.1302851 -1.1113713 -0.06868647
-0.13046522 -1.0998508 -0.071429886
-0.13073713 -1.0970774 -0.074027985
-0.12573346 -1.0227098 -0.07574543
-0.125784 -1.0207777 -0.07840226
-0.1261848 -1.0290802 -0.08082116
-0.119771935 -0.9198539 -0.08250693
-0.119525686 -0.93013036 -0.08486638
-0.12014535 -0.95213217 -0.08684946
-0.12173623 -0.98528504 -0.088406585
-0.11115007 -0.831764 -0.089888625
-0.112101026 -0.8698487 -0.09090194
-0.11524126 -0.9196582 -0.09150323
-0.09933794 -0.73601705 -0.09132657
-0.100435354 -0.7914554 -0.09000811
-0.10549688 -0.85608375 -0.08825978
-0.14988565 -0.65044075 -0.0105884345
-0.139338 -0.6593865 -0.012319747
-0.14342354 -0.63317597 -0.013242452
-0.14709532 -0.6033603 -0.0141613465
-0.13609435 -0.61825424 -0.0153824715
-0.14022923 -0.59308046 -0.016216854
-0.1439184 -0.5636722 -0.016942453
-0.14704597 -0.53024524 -0.017649814
-0.13707039 -0.56355935 -0.018556455
-0.14062293 -0.533854 -0.019311665
-0.14385417 -0.50018173 -0.019991579
-0.13433912 -0.5444927 -0.020816335
-0.13754214 -0.5143928 -0.021618973
-0.14068186 -0.48042887 -0.02235666
-0.14335403 -0.44263536 -0.023099871
-0.13472676 -0.5048782 -0.024046278
-0.13771115 -0.47061148 -0.024857286
-0.14053091 -0.43261805 -0.02566362
-0.1322153 -0.5048495 -0.026643014
-0.13499786 -0.4702129 -0.027527764
-0.13780881 -0.43184277 -0.028415816
-0.1402879 -0.38986087 -0.029359028
-0.13256313 -0.47876734 -0.030393662
-0.1353234 -0.43979758 -0.031346455
-0.13799776 -0.39713976 -0.032344107
-0.13045879 -0.4958668 -0.033472504
-0.13310608 -0.4560556 -0.034479517
-0.1358296 -0.41234922 -0.035537597
-0.13827184 -0.36492413 -0.036684047
-0.13119379 -0.48027158 -0.03780749
-0.13390456 -0.43517148 -0.0388891
-0.13656512 -0.3860216 -0.040065393
-0.12965047 -0.5121593 -0.04138005
-0.1322539 -0.46539593 -0.042479485
-0.13495971 -0.41408053 -0.043692783
-0.13736835 -0.35853675 -0.045040905
-0.1309313 -0.50289685 -0.04628041
-0.13359039 -0.44909322 -0.047492646
-0.13616526 -0.39046237 -0.048883103
-0.13002703 -0.54758847 -0.050413433
-0.13253672 -0.49112877 -0.051663157
-0.13503422 -0.4290739 -0.053153615
-0.13714872 -0.36228454 -0.054855295
-0.13190033 -0.54025346 -0.056130666
-0.13420966 -0.4745678 -0.05776685
-0.13613714 -0.40381846 -0.05974699
-0.13186274 -0.5965105 -0.06111251
-0.133996 -0.526906 -0.063066274
-0.13538708 -0.45213115 -0.06558932
-0.13630134 -0.37480327 -0.06832458
-0.13454217 -0.5858304 -0.06872583
-0.13519913 -0.5064582 -0.072190404
-0.13504784 -0.42730737 -0.075813636
-0.13635615 -0.65134984 -0.07509078
-0.13601358 -0.56543326 -0.07998535
-0.13456129 -0.4853714 -0.084040664
-0.13353257 -0.73054314 -0.0059457743
-0.14880614 -0.7238425 -0.005156394
-0.14271562 -0.74885476 -0.003308646
-0.13500068 -0.76467866 -0.0023760512
-0.15032317 -0.7735399 -0.0011836026
-0.14332892 -0.7854007 0.00019236156
-0.13660674 -0.7875729 0.0014055433
-0.13114806 -0.78078324 0.0026461713
-0.14384575 -0.81153977 0.004084045
-0.13787825 -0.80213886 0.0058640647
-0.13300586 -0.787005 0.0077296705
-0.14431384 -0.82566565 0.0089417165
-0.13899502 -0.8073613 0.011210301
-0.13458619 -0.7860966 0.013551124
-0.1311842 -0.7629499 0.015983291
-0.14034079 -0.8023645 0.017437236
-0.13627434 -0.77748686 0.02013803
-0.13302813 -0.75272316 0.022904357
-0.14222288 -0.7873683 0.024435287
-0.13834865 -0.7613978 0.027418459
-0.13518494 -0.73722506 0.030450264
-0.13271636 -0.71543306 0.033532124
-0.14096963 -0.7387944 0.035294186
-0.13777424 -0.7173598 0.03853973
-0.13519584 -0.6996262 0.041819938
-0.14421472 -0.7111829 0.04366568
-0.14084828 -0.6945306 0.047079995
-0.13804601 -0.68273044 0.050515544
-0.13576058 -0.6761117 0.053967178
-0.14440542 -0.6705613 0.055973005
-0.14124465 -0.6664794 0.059519753
-0.13855219 -0.6684832 0.06306807
-0.14840655 -0.64767474 0.06511417
-0.14472976 -0.6530118 0.068723276
-0.14148504 -0.66518205 0.072318435
-0.13860753 -0.6842937 0.075889625
-0.14839828 -0.6449014 0.07800249
-0.14444779 -0.66869897 0.08158464
-0.14081126 -0.6999236 0.0851231
-0.15210456 -0.6452184 0.08721013
-0.1472907 -0.6820301 0.09070281
-0.14273098 -0.72655845 0.09412554
-0.13834594 -0.7786506 0.0974704
-0.14981566 -0.7087829 0.0994561
-0.14420179 -0.76769626 0.10264484
-0.13857703 -0.8341057 0.105726026
-0.15174712 -0.7533701 0.10753552
-0.14504638 -0.8276116 0.110311836
-0.13802703 -0.90893114 0.11293718
-0.13062881 -0.9970944 0.11547966
-0.14500351 -0.91163975 0.116589434
-0.13673925 -1.0081756 0.11846393
-0.12722836 -1.1108676 0.12024452
-0.14336504 -1.0259352 0.120872386
-0.13448146 -1.13805 0.12168255
-0.123849384 -1.255898 0.12219283
-0.11853203 -0.53760856 -0.009171861
-0.112774394 -0.56649953 -0.008897863
-0.11922899 -0.6086957 -0.009597298
-0.12604094 -0.6728125 -0.01066104
-0.119175054 -0.50482714 -0.008372532
-0.112981856 -0.54955596 -0.008456901
-0.119235754 -0.6011866 -0.008988898
-0.1258058 -0.6724726 -0.010003
-0.119618334 -0.4741264 -0.0075519765
-0.113235034 -0.53290594 -0.007958083
-0.119257115 -0.5937739 -0.008341719
-0.12556612 -0.671971 -0.009292959
-0.11991672 -0.44519424 -0.006720994
-0.1135327 -0.5165864 -0.007407826
-0.11929383 -0.58646584 -0.007656387
-0.12532446 -0.67129683 -0.008536968
-0.12011778 -0.41782895 -0.0059038172
-0.11387343 -0.5006393 -0.0068113715
-0.1193457 -0.57927376 -0.006934991
-0.12508275 -0.6704432 -0.0077393414
-0.120266 -0.39188033 -0.005096864
-0.11425562 -0.4851092 -0.006171955
-0.119412854 -0.5722096 -0.0061792065
-0.12484324 -0.6694047 -0.006902461
-0.120392404 -0.3672466 -0.004298068
-0.11467714 -0.4700396 -0.0054915664
-0.11949531 -0.5652866 -0.0053908466
-0.12460838 -0.6681789 -0.0060280412
-0.12051871 -0.34385392 -0.0035024767
-0.11513522 -0.45547155 -0.004771346
-0.119593084 -0.5585181 -0.0045714118
-0.124380864 -0.6667667 -0.0051175077
-0.12065893 -0.3216502 -0.0027054593
-0.11562654 -0.441443 -0.0040120855
-0.11970617 -0.5519178 -0.0037221594
-0.12416348 -0.66517204 -0.004172278
-0.1208219 -0.30059752 -0.0019023971
-0.116147324 -0.42798823 -0.0032144822
-0.119834505 -0.5454997 -0.002844041
-0.12395896 -0.6634023 -0.003193837
-0.12101273 -0.2806684 -0.001089187
-0.11669352 -0.41513768 -0.002379321
-0.11997801 -0.53927785 -0.0019377554
-0.1237699 -0.661468 -0.00218373
-0.121234 -0.26184303 -0.0002621945
-0.117260925 -0.4029178 -0.0015075326
-0.12013654 -0.5332667 -0.0010037838
-0.12359855 -0.65938246 -0.0011435183
-0.121486545 -0.244107 0.00058170623
-0.11784544 -0.39135113 -0.0006001845
-0.12030989 -0.5274809 -4.243114e-05
-0.12344683 -0.65716153 -7.4703545e-05
-0.121769935 -0.22745006 0.0014451547
-0.118443035 -0.3804566 0.00034152548
-0.120497786 -0.5219351 0.0009461021
-0.12331621 -0.6548231 0.0010212967
-0.12208288 -0.2118649 0.0023303486
-0.11905 -0.37024972 0.0013163333
-0.120699875 -0.5166443 0.0019616906
-0.12320775 -0.6523867 0.0021432033
-0.12242355 -0.19734628 0.0032391152
-0.119662955 -0.36074305 0.0023229874
-0.12091576 -0.5116235 0.0030042746
-0.12312212 -0.6498731 0.0032899226
-0.12278961 -0.18389049 0.0041728965
-0.12027882 -0.35194662 0.0033602342
-0.12114493 -0.5068878 0.004073778
-0.1230596 -0.6473036 0.004460505
-0.12317842 -0.17149472 0.005132818
-0.12089489 -0.3438684 0.0044268845
-0.12138682 -0.5024525 0.0051701195
-0.12302017 -0.64470017 0.00565417
-0.123587176 -0.1601567 0.0061197234
-0.12150876 -0.33651453 0.005521834
-0.12164078 -0.49833265 0.006293193
-0.12300354 -0.642085 0.0068702972
-0.12401284 -0.14987431 0.0071341684
-0.12211834 -0.3298898 0.0066440376
-0.121906064 -0.4945434 0.0074428255
-0.123009175 -0.6394803 0.008108374
-0.12445236 -0.14064541 0.008176501
-0.12272179 -0.32399783 0.007792561
-0.122181885 -0.49109977 0.008618814
-0.12303637 -0.63690794 0.009368018
-0.12490261 -0.13246754 0.009246864
-0.12331749 -0.3188415 0.008966554
-0.12246737 -0.48801666 0.009820899
-0.1230843 -0.63438964 0.01064894
-0.12536044 -0.12533778 0.010345191
-0.123903975 -0.3144229 0.01016521
-0.12276157 -0.48530874 0.0110487435
-0.12315201 -0.63194674 0.011950891
-0.12582277 -0.11925267 0.011471299
-0.12447997 -0.31074375 0.01138783
-0.123063475 -0.4829905 0.012301989
-0.123238474 -0.6296001 0.013273712
-0.1262865 -0.11420815 0.012624834
-0.12504427 -0.3078054 0.01263373
-0.123372026 -0.48107618 0.013580197
-0.1233426 -0.62737024 0.014617241
-0.12674865 -0.11019939 0.013805327
-0.12559575 -0.30560884 0.013902269
-0.1236861 -0.47957975 0.014882887
-0.12346327 -0.62527716 0.015981343
-0.12720628 -0.1072209 0.015012243
-0.12613335 -0.30415502 0.015192867
-0.124004535 -0.4785148 0.01620956
-0.12359933 -0.6233403 0.017365903
-0.12765656 -0.10526643 0.016244933
-0.12665607 -0.30344465 0.016504936
-0.12432613 -0.4778946 0.017559664
-0.12374959 -0.62157875 0.018770788
-0.12809679 -0.10432897 0.01750268
-0.12716289 -0.3034783 0.017837897
-0.12464964 -0.4777322 0.018932618
-0.12391286 -0.62001127 0.02019585
-0.1285243 -0.10440081 0.018784722
-0.12765282 -0.3042565 0.019191189
-0.12497378 -0.47804013 0.020327823
-0.12408794 -0.61865586 0.021640927
-0.12893659 -0.10547353 0.020090243
-0.12812488 -0.30577964 0.020564241
-0.12529726 -0.47883064 0.021744665
-0.12427362 -0.61753047 0.023105836
-0.12933125 -0.10753803 0.021418387
-0.12857805 -0.30804807 0.021956475
-0.12561874 -0.4801155 0.023182506
-0.12446868 -0.6166524 0.024590354
-0.12970597 -0.11058454 0.022768272
-0.12901133 -0.31106198 0.023367306
-0.12593688 -0.4819062 0.024640713
-0.12467189 -0.61603874 0.026094245
-0.13005854 -0.1146027 0.024138981
-0.12942372 -0.31482148 0.024796126
-0.12625031 -0.4842138 0.026118627
-0.12488203 -0.6157061 0.02761722
-0.1303869 -0.11958153 0.025529573
-0.12981415 -0.31932655 0.026242314
-0.12655766 -0.48704892 0.027615594
-0.12509786 -0.6156707 0.029158968
-0.13068905 -0.12550952 0.026939126
-0.13018155 -0.324577 0.027705254
-0.12685752 -0.49042183 0.029130977
-0.12531811 -0.6159486 0.030719155
-0.13096312 -0.13237461 0.028366663
-0.13052489 -0.33057255 0.029184286
-0.1271485 -0.4943424 0.030664107
-0.12554155 -0.6165554 0.0322974
-0.1312073 -0.14016429 0.029811215
-0.13084304 -0.33731267 0.030678743
-0.12742916 -0.49882007 0.03221433
-0.12576689 -0.6175064 0.033893283
-0.13141991 -0.14886554 0.0312718
-0.13113493 -0.34479675 0.032187946
-0.12769808 -0.50386393 0.033780996
-0.12599286 -0.61881655 0.03550637
-0.1315994 -0.15846497 0.03274743
-0.13139942 -0.3530239 0.03371119
-0.12795384 -0.5094826 0.03536344
-0.12621817 -0.6205006 0.037136186
-0.13174419 -0.16894874 0.034237128
-0.13163541 -0.36199304 0.03524779
-0.12819499 -0.5156844 0.036961026
-0.12644152 -0.62257296 0.038782235
-0.13185294 -0.18030266 0.035739884
-0.13184176 -0.37170294 0.036797006
-0.12842005 -0.52247715 0.038573094
-0.12666157 -0.6250476 0.04044397
-0.13192429 -0.19251217 0.03725471
-0.13201733 -0.38215202 0.038358115
-0.1286276 -0.5298683 0.040198993
-0.12687701 -0.62793845 0.042120837
-0.13195696 -0.20556246 0.03878063
-0.13216098 -0.39333862 0.039930403
-0.12881613 -0.53786486 0.04183809
-0.12708648 -0.63125885 0.043812256
-0.13194986 -0.21943836 0.04031661
-0.13227157 -0.4052607 0.041513108
-0.12898417 -0.5464734 0.04348972
-0.12728864 -0.63502204 0.045517605
-0.13190189 -0.23412454 0.041861672
-0.13234797 -0.41791612 0.043105498
-0.12913026 -0.5557002 0.04515324
-0.12748209 -0.63924086 0.04723625
-0.131812 -0.2496052 0.043414827
-0.13238901 -0.4313023 0.044706836
-0.12925284 -0.5655508 0.046828005
-0.12766546 -0.64392793 0.048967514
-0.13167931 -0.26586467 0.044975087
-0.13239355 -0.44541663 0.046316404
-0.12935042 -0.5760306 0.048513375
-0.12783736 -0.64909554 0.05071073
-0.13150299 -0.28288683 0.04654144
-0.13236049 -0.46025604 0.047933448
-0.12942152 -0.5871444 0.050208688
-0.12799637 -0.6547556 0.05246517
-0.13128223 -0.30065548 0.048112925
-0.13228866 -0.4758173 0.04955727
-0.12946457 -0.59889644 0.051913295
-0.12814108 -0.66091985 0.0542301
-0.13101633 -0.31915423 0.049688544
-0.13217695 -0.49209675 0.05118715
-0.12947804 -0.6112905 0.053626537
-0.12827006 -0.66759956 0.056004748
-0.13070469 -0.33836672 0.05126734
-0.13202421 -0.5090907 0.052822415
-0.12946035 -0.6243299 0.055347763
-0.12838188 -0.6748059 0.05778834
-0.13034678 -0.35827646 0.05284834
-0.13182938 -0.52679515 0.05446238
-0.12941 -0.6380175 0.05707631
-0.12847508 -0.6825496 0.059580058
-0.12994207 -0.3788668 0.054430593
-0.13159129 -0.54520553 0.056106407
-0.12932537 -0.65235513 0.0588115
-0.12854825 -0.6908411 0.061379053
-0.12949018 -0.4001211 0.056013163
-0.13130885 -0.5643171 0.057753876
-0.1292049 -0.6673445 0.06055267
-0.1285999 -0.6996906 0.06318446
-0.1289908 -0.42202294 0.05759512
-0.13098097 -0.5841251 0.059404194
-0.12904702 -0.6829867 0.06229914
-0.1286286 -0.70910794 0.06499541
-0.12844361 -0.44455558 0.059175555
-0.13060653 -0.60462403 0.06105681
-0.1288501 -0.6992817 0.064050205
-0.12863289 -0.7191027 0.066810936
-0.12784845 -0.46770278 0.060753595
-0.13018444 -0.6258083 0.062711224
-0.12861256 -0.7162293 0.06580519
-0.12861131 -0.72968423 0.06863011
-0.12720516 -0.4914481 0.062328376
-0.12971361 -0.647672 0.06436695
-0.12833278 -0.7338284 0.067563385
-0.12856242 -0.7408616 0.07045194
-0.1265137 -0.5157753 0.06389906
-0.12919293 -0.6702087 0.06602357
-0.1280092 -0.75207704 0.069324054
-0.12848476 -0.7526436 0.072275385
-0.12577409 -0.54066837 0.065464854
-0.12862134 -0.6934115 0.06768073
-0.1276402 -0.7709725 0.07108646
-0.1283769 -0.7650386 0.0740994
-0.12498632 -0.5661115 0.06702502
-0.12799767 -0.71727353 0.06933811
-0.12722416 -0.7905114 0.072849855
-0.12823737 -0.7780551 0.07592286
-0.12415055 -0.59208924 0.06857884
-0.12732084 -0.741787 0.07099549
-0.12675954 -0.8106895 0.07461348
-0.12806474 -0.791701 0.07774463
-0.12326696 -0.6185862 0.07012567
-0.12658976 -0.76694393 0.072652675
-0.12624475 -0.83150154 0.07637653
-0.12785757 -0.8059842 0.079563506
-0.12233573 -0.64558744 0.07166493
-0.12580322 -0.7927356 0.074309595
-0.12567823 -0.8529414 0.07813819
-0.12761441 -0.8209123 0.08137823
-0.12135715 -0.67307866 0.07319613
-0.1249601 -0.819153 0.07596625
-0.12505846 -0.87500226 0.079897635
-0.12733385 -0.83649284 0.08318749
-0.12033151 -0.70104545 0.07471884
-0.12405921 -0.8461862 0.07762271
-0.124383956 -0.89767593 0.08165398
-0.12701441 -0.85273296 0.0849899
-0.11925914 -0.72947437 0.07623276
-0.12309932 -0.8738251 0.07927918
-0.12365327 -0.9209538 0.083406344
-0.12665465 -0.8696399 0.08678401
-0.11814039 -0.75835204 0.0777377
-0.122079186 -0.90205824 0.08093595
-0.122865014 -0.944826 0.0851538
-0.1262531 -0.8872205 0.088568285
-0.11697564 -0.78766567 0.07923358
-0.12099752 -0.9308736 0.08259341
-0.12201785 -0.96928155 0.08689537
-0.12580828 -0.9054815 0.09034107
-0.11576522 -0.8174034 0.08072054
-0.11985292 -0.96025854 0.08425212
-0.12111049 -0.99430907 0.088630065
-0.12531865 -0.9244297 0.09210065
-0.11450951 -0.8475531 0.08219881
-0.11864402 -0.9901989 0.0859127
-0.120141774 -1.0198957 0.090356834
-0.124782644 -0.9440714 0.09384514
-0.11320881 -0.8781036 0.08366889
-0.11736931 -1.0206796 0.087575935
-0.119110584 -1.046028 0.092074595
-0.12419864 -0.9644128 0.09557253
-0.1118634 -0.9090445 0.08513145
-0.11602721 -1.0516843 0.08924275
-0.11801591 -1.0726918 0.093782224
-0.123564936 -0.98546 0.09728068
-0.110473536 -0.94036543 0.08658743
-0.1146161 -1.0831951 0.090914175
-0.11685686 -1.099872 0.095478535
-0.122879766 -1.0072185 0.09896724
-0.109039366 -0.9720566 0.08803804
-0.113134205 -1.1151928 0.09259138
-0.11563263 -1.1275527 0.09716228
-0.1221412 -1.0296937 0.10062967
-0.10756096 -1.0041088 0.08948478
-0.11157969 -1.147656 0.094275646
-0.11434255 -1.1557182 0.09883216
-0.12134721 -1.0528907 0.10226523
-0.10603834 -1.0365127 0.090929456
-0.10995062 -1.1805613 0.09596832
-0.11298604 -1.1843511 0.10048678
-0.12049561 -1.0768131 0.1038709
-0.10447142 -1.06926 0.09237426
-0.108245 -1.2138835 0.097670846
-0.11156267 -1.2134347 0.10212468
-0.119584024 -1.1014646 0.10544342
-0.10285999 -1.1023415 0.093821704
-0.10646075 -1.2475946 0.09938462
-0.11007204 -1.2429513 0.10374425
-0.11860985 -1.1268476 0.10697923
-0.101203814 -1.1357491 0.09527474
-0.104595825 -1.281664 0.10111102
-0.108513914 -1.2728837 0.105343774
-0.11757032 -1.1529632 0.108474486
-0.09950255 -1.1694742 0.09673671
-0.10264817 -1.3160585 0.10285126
-0.10688809 -1.3032143 0.10692132
-0.11646239 -1.1798106 0.10992506
-0.09775587 -1.2035084 0.0982114
-0.10061592 -1.3507421 0.10460628
-0.10519447 -1.3339258 0.10847475
-0.11528284 -1.2073879 0.11132652
-0.09596345 -1.2378433 0.09970306
-0.09849741 -1.3856757 0.106376626
-0.10343299 -1.365001 0.11000159
-0.11402829 -1.2356901 0.11267422
-0.094125 -1.2724708 0.10121646
-0.0962913 -1.4208183 0.108162306
-0.1016036 -1.3964232 0.111499034
-0.1126952 -1.2647108 0.11396334
-0.09224046 -1.3073826 0.10275689
-0.09399676 -1.4561259 0.109962516
-0.09970632 -1.4281759 0.11296374
-0.11128009 -1.2944396 0.11518893
-0.090309866 -1.3425713 0.104330346
-0.09161343 -1.4915531 0.11177547
-0.09774114 -1.4602432 0.11439174
-0.109779485 -1.3248636 0.11634608
-0.08833363 -1.3780311 0.10594371
-0.08914164 -1.5270547 0.113598116
-0.095708154 -1.4926106 0.11577833
-0.10819028 -1.3559679 0.11743014
-0.08631226 -1.4137568 0.10760509
-0.086582206 -1.5625837 0.1154256
-0.093607426 -1.5252622 0.11711775
-0.10650968 -1.387733 0.11843672
-0.084246315 -1.449748 0.10932521
-0.08393652 -1.5980964 0.11725075
-0.09143924 -1.558185 0.118403174
-0.10473557 -1.4201386 0.11936212
-0.08213522 -1.486008 0.111118525
-0.08120605 -1.6335505 0.11906272
-0.08920403 -1.5913655 0.1196264
-0.10286639 -1.4531616 0.120203465
-0.07997502 -1.5225508 0.113011256
-0.07839236 -1.6689076 0.12084502
-0.0869027 -1.6247913 0.120777994
-0.10090142 -1.486778 0.120959304
-0.07775187 -1.5594033 0.11504487
-0.075496696 -1.7041334 0.12257128
-0.084536724 -1.6584508 0.12184691
-0.098840594 -1.5209633 0.121629834
-0.07542302 -1.5966281 0.11732826
-0.07252066 -1.7391958 0.12420156
-0.08210827 -1.6923325 0.12282248
-0.096684486 -1.5556916 0.122219615
-0.07288845 -1.6343278 0.120051436
-0.06946847 -1.7740779 0.12567127
-0.079621255 -1.7264323 0.12369054
-0.09443528 -1.5909431 0.12273525
-0.06977505 -1.6728841 0.123919666
-0.06634687 -1.8087403 0.12690736
-0.07707839 -1.7607255 0.124447234
-0.09209432 -1.6266831 0.12319898
-0.08477742 -0.57368916 -0.0052537937
-0.10576591 -0.51332945 -0.0027423038
-0.0973423 -0.44820687 -0.0015163553
-0.090778604 -0.3784196 -0.00066241977
-0.115086585 -0.35271922 -0.00086021645
-0.10678858 -0.29092833 0.0007415612
-0.100349665 -0.22477962 0.0017088775
-0.095525816 -0.15352738 0.002452663
-0.11427143 -0.18269113 0.003198287
-0.1092105 -0.121215194 0.0046648155
-0.10503931 -0.057545006 0.005990114
-0.11983327 -0.11651142 0.006938659
-0.11633551 -0.062006913 0.008849648
-0.11298211 -0.007586443 0.0106746955
-0.10986981 0.046090428 0.012549139
-0.121918306 -0.040486064 0.0141138565
-0.11926242 0.0037088403 0.01632742
-0.1163998 0.045743436 0.018581873
-0.1262136 -0.051174246 0.02022459
-0.12403646 -0.017622055 0.022743959
-0.12137441 0.012897187 0.025282707
-0.11819809 0.040027943 0.027882142
-0.12742768 -0.066684596 0.02974478
-0.12484547 -0.04726999 0.032494158
-0.12160503 -0.03153938 0.035285402
-0.12950721 -0.13941932 0.037172504
-0.12687711 -0.13045585 0.040072005
-0.123491235 -0.12514168 0.04298807
-0.11929008 -0.123475425 0.045942217
-0.12752602 -0.23305716 0.04788031
-0.123918705 -0.2369925 0.050859645
-0.119458 -0.24407502 0.053859215
-0.12684521 -0.35211137 0.055790942
-0.12296164 -0.36396572 0.0587734
-0.118193306 -0.37815142 0.061754055
-0.11248744 -0.39429328 0.064749755
-0.120706975 -0.50364023 0.06661167
-0.115628965 -0.5231404 0.06950818
-0.10959856 -0.54323703 0.07240505
-0.117242776 -0.6544104 0.07428066
-0.111901894 -0.6773625 0.07702643
-0.105620936 -0.69914377 0.079758555
-0.09832655 -0.7188835 0.082505085
-0.10712767 -0.84023714 0.08427735
-0.10077297 -0.8614732 0.08679305
-0.0934232 -0.8782086 0.0893406
-0.101314016 -1.0123898 0.09137569
-0.09512599 -1.0311829 0.093690485
-0.088301174 -1.0427421 0.096133724
-0.080579504 -1.0465342 0.098816
-0.08831726 -1.2102034 0.10102303
-0.082633436 -1.2153659 0.103907555
-0.07763143 -1.2128564 0.10765566
-0.07939195 -1.3994703 0.10975684
-0.0751645 -1.3969499 0.114760935
-0.07468982 -1.3939718 0.12152477
-0.060237784 -1.7428265 0.1343688
0.01037963 -2.590802 0.12952659
0.09519177 -3.4394405 0.13945441
-0.03936665 -2.010429 0.12770832
0.036444724 -2.8631012 0.13204367
0.12676051 -3.7168598 0.14435703
-0.016375288 -2.2809632 0.12779896
0.06449927 -3.1388772 0.13533664
-0.06177642 -1.6904593 0.13346916
0.008278006 -2.5549364 0.12934531
0.09450775 -3.4173293 0.13941121
-0.042006303 -1.9614536 0.12866518
0.034818117 -2.8323252 0.13187423
0.12642708 -3.6979039 0.14435968
-0.018932981 -2.2381942 0.12797405
0.0632967 -3.1125093 0.1352341
-0.063418545 -1.6434934 0.1317387
0.006076199 -2.518072 0.12924351
0.0936903 -3.3947558 0.13937278
-0.04411647 -1.9150956 0.12932965
0.03300244 -2.8007998 0.1317444
0.1259486 -3.6785872 0.14434004
-0.021415487 -2.1956027 0.12818955
0.061878465 -3.0856864 0.13515323
-0.065309726 -1.5977602 0.1303183
0.0036573533 -2.4807475 0.12918034
0.09265573 -3.371918 0.13934168
-0.046261594 -1.8701922 0.12950438
0.030866062 -2.7688894 0.13164729
0.12526134 -3.6590285 0.14431696
-0.024105677 -2.153427 0.12824197
0.060132183 -3.058672 0.13509884
-0.067329645 -1.5518973 0.12935656
0.0007832887 -2.4433546 0.12909545
0.09133892 -3.3490067 0.13932984
-0.04900262 -1.8256139 0.12925617
0.028190743 -2.7369297 0.1315844
0.12436722 -3.6393824 0.14431706
-0.12449476 -1.1217748 -0.13087057
-0.116254546 -1.0247899 -0.11533066
-0.111038 -0.94065046 -0.08604086
-0.1191526 -1.07418 -0.127424
-0.111703135 -0.9800493 -0.10879061
-0.12440054 -1.1317482 -0.13469028
-0.11394537 -1.0265994 -0.123158365
-0.10701523 -0.93531823 -0.10106435
-0.11852689 -1.0828242 -0.13226846
-0.10885832 -0.9790643 -0.11799406
-0.10246941 -0.8895335 -0.09113737
-0.112791896 -1.0337476 -0.12914634
-0.1038821 -0.93168557 -0.11182178
-0.11880647 -1.0943425 -0.13569953
-0.10717217 -0.9843984 -0.1252349
-0.099050716 -0.88464195 -0.10441887
-0.112656265 -1.0444416 -0.13350166
-0.10167017 -0.93477744 -0.12044824
-0.09478451 -0.8388787 -0.09523841
-0.1066028 -0.9941686 -0.1306767
-0.096336424 -0.88506246 -0.11467675
-0.113268994 -1.0572369 -0.13665463
-0.10062403 -0.9433512 -0.12710416
-0.09133619 -0.8358114 -0.1077153
-0.1069234 -1.0066062 -0.13458851
-0.09473263 -0.89194953 -0.12268985
-0.08712998 -0.78875417 -0.09915887
-0.100620635 -0.95542526 -0.13202852
-0.08900833 -0.8401397 -0.117334425
-0.08452771 -0.7485756 -0.08922481
-0.09433756 -0.90344316 -0.1287783
-0.083671786 -0.78859544 -0.11087644
-0.10135622 -0.9692765 -0.13555896
-0.088091694 -0.85057014 -0.12472736
-0.07922401 -0.7392587 -0.102998294
-0.09490065 -0.91748065 -0.13322325
-0.081973106 -0.796922 -0.11978309
-0.07651686 -0.6965265 -0.093482256
-0.12619951 -1.092236 -0.107023284
-0.13204202 -1.1732374 -0.12589328
-0.14246167 -1.2731408 -0.13455571
-0.12916468 -1.1301575 -0.11330638
-0.13653113 -1.2168046 -0.12937506
-0.12887697 -1.1069249 -0.094829105
-0.13264419 -1.16944 -0.118761994
-0.14127941 -1.2608786 -0.13200992
-0.13122025 -1.1375921 -0.10312211
-0.13647085 -1.2097857 -0.12342029
-0.14625613 -1.3053467 -0.13347201
-0.13392165 -1.1711335 -0.10988725
-0.14060196 -1.2510741 -0.1272935
-0.13230501 -1.1492056 -0.08930757
-0.1370232 -1.2069386 -0.11573246
-0.14501952 -1.2931712 -0.13033293
-0.13541825 -1.1787025 -0.098655485
-0.14051017 -1.2444896 -0.12077106
-0.14969617 -1.3359355 -0.1323172
-0.13811693 -1.209179 -0.1061509
-0.14433017 -1.2834383 -0.1250308
-0.13487996 -1.1811006 -0.0863173
-0.14100802 -1.2419437 -0.112485014
-0.14845552 -1.3235561 -0.12848268
-0.13851795 -1.2122406 -0.09433859
-0.14422174 -1.2768368 -0.117929615
-0.15286501 -1.3646185 -0.13098098
-0.14156194 -1.242247 -0.10220769
-0.14776881 -1.3135225 -0.12257689
-0.15753387 -1.4064089 -0.1320883
-0.14448215 -1.2732782 -0.10901668
-0.15163454 -1.3516945 -0.12643553
-0.14096265 -1.2380778 -0.09097158
-0.14756066 -1.3061252 -0.114886515
-0.15580311 -1.391093 -0.12942132
-0.14425614 -1.268936 -0.09845588
-0.15090857 -1.3408285 -0.119926766
-0.16025773 -1.431471 -0.1312673
-0.1473441 -1.299701 -0.1054757
-0.15455909 -1.3772072 -0.12418353
-0.14304732 -1.2574809 -0.088674314
-0.15043756 -1.3314698 -0.11169183
-0.15851627 -1.4150189 -0.12762572
-0.14640233 -1.2892821 -0.09519607
-0.15369354 -1.3647541 -0.11709993
-0.16277471 -1.4540341 -0.13009647
-0.14962761 -1.3205457 -0.10208249
-0.15719661 -1.3996413 -0.12173574
-0.1673331 -1.4940476 -0.1312334
-0.15280956 -1.3521277 -0.1084671
-0.16098447 -1.4360359 -0.12560028
-0.14815299 -1.3039173 -0.0925013
-0.15606722 -1.3846706 -0.114158206
-0.16507138 -1.4737673 -0.12861098
-0.15144308 -1.3358644 -0.09898333
-0.1595003 -1.4185177 -0.11912601
-0.16946599 -1.5126734 -0.13054778
-0.15470731 -1.3677508 -0.1053447
-0.16317312 -1.4537563 -0.123368844
-0.1495656 -1.3134279 -0.090283945
-0.15801223 -1.4001261 -0.11119409
-0.16712263 -1.490348 -0.12684684
-0.15287977 -1.3460159 -0.09622593
-0.16143595 -1.4334006 -0.11641432
-0.17137238 -1.5281986 -0.12943193
-0.15619744 -1.37839 -0.10241127
-0.16504797 -1.4678168 -0.12097397
-0.17594896 -1.5672255 -0.13089536
-0.15955265 -1.4109298 -0.1082956
-0.16889988 -1.5034623 -0.1248475
-0.1539906 -1.3513883 -0.09379289
-0.1629976 -1.4440124 -0.113673046
-0.17302968 -1.5403516 -0.12796322
-0.1573375 -1.3842742 -0.099703506
-0.16658913 -1.4779216 -0.11847275
-0.17747271 -1.5784653 -0.13017975
-0.16073194 -1.4171338 -0.105522856
-0.17038046 -1.512848 -0.12266544
-0.15481827 -1.3522772 -0.091620356
-0.16420433 -1.450252 -0.11096745
-0.17441761 -1.548895 -0.12621008
-0.15817101 -1.3856775 -0.09722399
-0.16779666 -1.4839057 -0.115926206
-0.17874391 -1.5861299 -0.12902342
-0.1615904 -1.4189017 -0.102907516
-0.17155427 -1.5183146 -0.120358534
-0.15536644 -1.3489064 -0.08961839
-0.16508666 -1.4521765 -0.108345106
-0.17552318 -1.5536549 -0.12423841
-0.15872842 -1.3828272 -0.09495039
-0.16868642 -1.4857265 -0.11338853
-0.17975032 -1.5900589 -0.12752143
-0.1621622 -1.4164399 -0.10046052
-0.1724252 -1.519776 -0.11798364
-0.18428776 -1.6276412 -0.13014245
-0.16567473 -1.449916 -0.1058359
-0.17634343 -1.5545241 -0.12211137
-0.1590244 -1.3759114 -0.09284042
-0.16928163 -1.4834489 -0.11090182
-0.18048672 -1.5901575 -0.1257535
-0.1624706 -1.4099294 -0.098177046
-0.17300738 -1.5172328 -0.11559078
-0.18490794 -1.6268419 -0.1288803
-0.16599515 -1.4436361 -0.103455886
-0.17688502 -1.5514765 -0.11988693
-0.15908737 -1.3650657 -0.09084041
-0.16960587 -1.4771867 -0.10849619
-0.18095554 -1.5863875 -0.1237905
-0.16253325 -1.3995297 -0.09603821
-0.17331965 -1.5107591 -0.11322068
-0.18526962 -1.6221768 -0.12730081
-0.16606686 -1.4334868 -0.101210035
-0.17716125 -1.5445465 -0.11761541
-0.18988879 -1.6590328 -0.13041952
-0.1696802 -1.46708 -0.106191896
-0.18116558 -1.5787706 -0.12169464
-0.16236694 -1.385358 -0.09401315
-0.17338122 -1.5004612 -0.11090506
-0.18537919 -1.6136657 -0.12548149
-0.1659062 -1.4196047 -0.09909303
-0.17718822 -1.5338173 -0.115338795
-0.18986152 -1.6494645 -0.12900406
-0.16952059 -1.4532577 -0.104001
-0.18112953 -1.5673676 -0.11951921
-0.16196951 -1.3675029 -0.09206257
-0.17320919 -1.4864621 -0.108668104
-0.18524686 -1.6013689 -0.12348947
-0.16552341 -1.402091 -0.0970893
-0.17698194 -1.5193901 -0.11309135
-0.18959662 -1.6360852 -0.12730223
-0.1691406 -1.4358375 -0.101927854
-0.18086144 -1.5522677 -0.11730904
-0.19424841 -1.6717492 -0.13101795
-0.17281708 -1.4688743 -0.10652762
-0.18488456 -1.5853653 -0.12138211
-0.16492254 -1.3810229 -0.09517334
-0.17655651 -1.5013741 -0.11090092
-0.1891048 -1.6189834 -0.12538555
-0.16854732 -1.4149078 -0.09996891
-0.18037462 -1.533565 -0.115101464
-0.19359078 -1.653396 -0.12940657
-0.1722157 -1.4477994 -0.10449569
-0.18430409 -1.5657442 -0.11920783
-0.16411428 -1.3564423 -0.0933098
-0.17592327 -1.4798659 -0.10879006
-0.1883964 -1.5982478 -0.12331534
-0.16774584 -1.3905346 -0.09811193
-0.1796805 -1.5113521 -0.112927645
-0.1927203 -1.6314008 -0.12753384
-0.17141053 -1.4233135 -0.10257875
-0.18351582 -1.5425856 -0.11700725
-0.16307923 -1.3283552 -0.091453515
-0.17509072 -1.4549497 -0.106776886
-0.18748017 -1.5739574 -0.12114396
-0.16673727 -1.3627502 -0.09633445
-0.1787881 -1.485705 -0.11081383
-0.19164464 -1.605851 -0.12546761
-0.17040537 -1.3954716 -0.100777134
-0.18252797 -1.5159571 -0.11481451
-0.19609123 -1.638559 -0.13012345
-0.17406334 -1.4266874 -0.10487552
-0.18636249 -1.5461688 -0.118915685
-0.16551 -1.3315504 -0.094600454
-0.17770381 -1.4566845 -0.10878233
-0.19036816 -1.5768062 -0.12326486
-0.16919672 -1.3642977 -0.09908391
-0.18134661 -1.4859043 -0.112658575
-0.19463344 -1.6082283 -0.12802604
-0.17284325 -1.3951206 -0.103096336
-0.18504712 -1.5149128 -0.11666787
-0.16406797 -1.2968876 -0.09285425
-0.17643113 -1.4243305 -0.10685219
-0.18889177 -1.5442878 -0.120974936
-0.16777588 -1.3297808 -0.097482026
-0.17997533 -1.4524518 -0.1105642
-0.1929801 -1.5744767 -0.12575503
-0.1714256 -1.3602644 -0.101445906
-0.18353538 -1.4801906 -0.11443203
-0.19740294 -1.6057001 -0.13121052
-0.17497078 -1.3886627 -0.10503968
-0.18721303 -1.5082797 -0.11864016
-0.1661314 -1.2918644 -0.09593735
-0.1784154 -1.4156018 -0.1085526
-0.1911255 -1.5372832 -0.12336801
-0.16980219 -1.3221008 -0.09992669
-0.181826 -1.441975 -0.1122349
-0.195374 -1.5674762 -0.12882535
-0.17331824 -1.3496778 -0.10335862
-0.1853265 -1.4687293 -0.11629664
-0.16422322 -1.2504174 -0.09438241
-0.17666535 -1.3753325 -0.106641546
-0.1890601 -1.4965807 -0.12091652
-0.16795412 -1.2805687 -0.09853568
-0.1799151 -1.4002116 -0.11009894
-0.1931435 -1.5258671 -0.12629238
-0.1714657 -1.3073404 -0.10182112
-0.18322362 -1.4255506 -0.11397542
-0.1976482 -1.5565802 -0.13269743
-0.17471986 -1.3315955 -0.10484494
-0.18677117 -1.4522659 -0.11844578
-0.16584618 -1.2355335 -0.097258985
-0.17779511 -1.3548125 -0.10804229
-0.19069552 -1.4807569 -0.12367992
-0.16939454 -1.261576 -0.10043955
-0.18089223 -1.3786288 -0.111703664
-0.19506936 -1.5109977 -0.12994282
-0.17256975 -1.2843015 -0.10317179
-0.18424308 -1.4042057 -0.11599571
-0.16343653 -1.1867652 -0.09604945
-0.17545319 -1.3056526 -0.106077574
-0.18801184 -1.4320034 -0.1210491
-0.16707705 -1.2122401 -0.09923216
-0.17831466 -1.3278137 -0.109505735
-0.19227163 -1.4619436 -0.12708277
-0.17019762 -1.2333086 -0.101624854
-0.1814571 -1.3522531 -0.11360335
-0.16060916 -1.1338321 -0.094736554
-0.17286836 -1.2525387 -0.10420945
-0.18507329 -1.3794503 -0.11845299
-0.16446662 -1.1591018 -0.098237365
-0.17546469 -1.2729186 -0.10740371
-0.18923366 -1.409247 -0.12421303
-0.16758119 -1.1783762 -0.10019976
-0.1783899 -1.2962445 -0.11130584
-0.19393535 -1.4412245 -0.13125746
-0.17000589 -1.1951851 -0.10243097
-0.18186077 -1.3229563 -0.11593945
-0.1614638 -1.1017443 -0.09754613
-0.17230181 -1.2136846 -0.10541807
-0.18593553 -1.3527443 -0.12140725
-0.16468419 -1.1191387 -0.09888604
-0.17501119 -1.2360159 -0.109142855
-0.19059421 -1.3850827 -0.12798971
-0.16681074 -1.1331278 -0.10071951
-0.17835544 -1.2623992 -0.11355606
-0.15788993 -1.039453 -0.0973231
-0.16876523 -1.1497729 -0.103571214
-0.18236196 -1.2923218 -0.11872295
-0.16145593 -1.0549697 -0.0976761
-0.17128117 -1.1713753 -0.10715849
-0.18699163 -1.3251206 -0.12484114
-0.1631894 -1.0656543 -0.09903535
-0.17453746 -1.1977074 -0.11135256
-0.19218305 -1.3602424 -0.13241939
-0.16476253 -1.0807078 -0.10189964
-0.17850456 -1.227926 -0.116211146
-0.1577955 -0.98478144 -0.09661315
-0.16715378 -1.1021242 -0.10540577
-0.1831142 -1.2612596 -0.12188526
-0.15891455 -0.9915808 -0.097339734
-0.1703938 -1.1288214 -0.10937949
-0.18829982 -1.2970984 -0.12867352
-0.16020618 -1.0059547 -0.10048482
-0.17436504 -1.159608 -0.11391857
-0.15366106 -0.9061063 -0.09616282
-0.16261497 -1.0280287 -0.10396046
-0.17896079 -1.1935356 -0.11916491
-0.15365939 -0.9090589 -0.095732056
-0.16594665 -1.0557129 -0.10768881
-0.18409958 -1.2300259 -0.12528837
-0.009834487 -2.374352 0.12840964
0.066863224 -3.1963804 0.13569371
-0.050914604 -1.8626039 0.13538837
0.014400262 -2.6559916 0.13027409
0.09631618 -3.4807773 0.1395644
-0.029369343 -2.1350563 0.12916152
0.04023513 -2.9374769 0.13280408
0.12732455 -3.7641792 0.14419709
-0.0076005463 -2.408958 0.1292714
0.067678854 -3.218874 0.13591668
-0.04998612 -1.8974991 0.13484262
0.015958225 -2.6848392 0.13088131
0.09674808 -3.5000741 0.13963531
-0.027929103 -2.1692903 0.13086109
0.04127716 -2.961969 0.13323429
0.12744127 -3.7807834 0.14408083
-0.0061550066 -2.438976 0.13035874
0.06831849 -3.239936 0.13617888
-0.049570773 -1.9230797 0.13381717
0.017060392 -2.710633 0.13160764
0.09706571 -3.5183556 0.13971382
-0.027481206 -2.1954708 0.1320739
0.04202628 -2.9842634 0.13372783
0.12749474 -3.796751 0.14393678
-0.0054581794 -2.463798 0.13145737
0.068764895 -3.259396 0.1364721
-0.049517684 -1.9423976 0.1328994
0.017691609 -2.732962 0.13239427
0.097261116 -3.5355093 0.13979688
-0.02758157 -2.215201 0.13275768
0.04247074 -3.004105 0.13426356
0.12748404 -3.8120215 0.14376836
-0.00535412 -2.4835336 0.1323976
0.06901163 -3.2770872 0.13678686
-0.049779058 -1.956872 0.13213794
0.01787874 -2.751642 0.13316536
0.097332425 -3.551428 0.13988161
-0.028030278 -2.229861 0.13306503
0.0426118 -3.0213227 0.13481116
0.12741134 -3.8265288 0.14357951
-0.0056818724 -2.4987202 0.13311504
0.06905743 -3.2928832 0.1371103
-0.0503071 -1.9673743 0.13149187
0.017683377 -2.766745 0.1338562
0.09727996 -3.5660214 0.13996397
-0.028733114 -2.240436 0.13313496
0.042467378 -3.0358584 0.13533598
0.12727891 -3.8402078 0.1433737
-0.0063215704 -2.5099955 0.13361685
0.0689075 -3.306709 0.13742605
-0.051057253 -1.9745239 0.13092425
0.017178625 -2.7785225 0.13443016
0.09710606 -3.5792224 0.14003806
-0.029635131 -2.2476277 0.133059
0.042069755 -3.0477698 0.1358077
0.12708858 -3.852996 0.14315313
-0.0071916957 -2.517943 0.13393752
0.06857484 -3.3185518 0.13771677
-0.051991414 -1.9787905 0.13041125
0.016432013 -2.7873104 0.1348765
0.09681622 -3.5909932 0.14009644
-0.030697687 -2.2519555 0.13289271
0.041458543 -3.0572035 0.13620587
0.1268425 -3.8648407 0.14291848
-0.008236309 -2.5230532 0.13411474
0.068079256 -3.328457 0.1379671
-0.053077925 -1.980544 0.12993836
0.015499319 -2.7934604 0.13520078
0.09641962 -3.6013288 0.14013122
-0.03189084 -2.2538197 0.13266978
0.04067408 -3.064361 0.13652082
0.12654401 -3.8757033 0.14266904
-0.009415279 -2.5257287 0.13418095
0.067444794 -3.3365202 0.13816594
-0.054290816 -1.9800813 0.12949681
0.01442464 -2.7973034 0.1354161
0.0959289 -3.6102576 0.14013538
-0.033190448 -2.2535381 0.13241108
0.039753422 -3.0694673 0.13675135
0.12619829 -3.8855622 0.14240322
-0.010698472 -2.5262992 0.13416182
0.066697 -3.34287 0.13830715
-0.05560886 -1.9776454 0.12908119
0.013242529 -2.799136 0.13553773
0.09535915 -3.6178355 0.14010374
-0.034576774 -2.2513692 0.13212994
0.038728803 -3.0727487 0.1369017
0.12581228 -3.8944163 0.14211921
-0.012062439 -2.5250373 0.1340771
0.06586078 -3.3476548 0.13838908
-0.05701486 -1.9734358 0.12868819
0.011980266 -2.7992175 0.13558042
0.09472671 -3.6241407 0.1400335
-0.036033638 -2.2475255 0.1318352
0.037627492 -3.0744207 0.13697912
0.12539445 -3.9022837 0.14181562
-0.013488496 -2.52217 0.13394198
0.064959146 -3.3510296 0.13841347
-0.05849494 -1.967618 0.12831566
0.010659683 -2.7977731 0.13555743
0.09404808 -3.6292665 0.13992417
-0.037547786 -2.2421842 0.13153286
0.03647233 -3.0746818 0.13699202
0.124954306 -3.9091992 0.14149192
-0.0149615165 -2.5178893 0.13376802
0.064012736 -3.3531485 0.13838439
-0.06003809 -1.9603287 0.12796226
0.009298512 -2.794997 0.13548017
0.09333915 -3.6333132 0.13977733
-0.03910842 -2.2354944 0.13122705
0.03528246 -3.0737112 0.13694903
0.124501735 -3.9152114 0.14114876
-0.016469121 -2.5123572 0.1335642
0.06303969 -3.3541574 0.13830732
-0.061635684 -1.951681 0.12762706
0.007911378 -2.7910583 0.13535835
0.09261469 -3.6363845 0.13959622
-0.040706817 -2.2275813 0.13092063
0.034074012 -3.071669 0.13685845
0.12404663 -3.9203775 0.14078811
-0.018001089 -2.5057137 0.13333744
0.06205584 -3.354193 0.13818853
-0.063281186 -1.9417682 0.12730937
0.0065105287 -2.7861042 0.13520016
0.091888115 -3.6385815 0.1393854
-0.04233598 -2.2185512 0.13061559
0.032860745 -3.0686984 0.13672803
0.12359845 -3.9247603 0.14041324
-0.019548913 -2.4980786 0.13309309
0.061074983 -3.3533792 0.13803469
-0.06496987 -1.9306656 0.12700856
0.005106407 -2.780263 0.13501255
0.091171436 -3.6399999 0.13915041
-0.043990407 -2.2084947 0.13031316
0.03165454 -3.0649252 0.13656503
0.12316596 -3.9284232 0.14002872
-0.021105431 -2.489557 0.13283531
0.060109142 -3.3518274 0.13785273
-0.06669861 -1.9184339 0.12672406
0.0037080927 -2.7736478 0.13480145
0.090475194 -3.6407268 0.13889761
-0.045665845 -2.1974885 0.13001397
0.03046583 -3.06046 0.13637623
0.122756995 -3.9314263 0.13964015
-0.022664515 -2.4802408 0.13256733
0.059168793 -3.349635 0.13764976
-0.06846574 -1.9051201 0.12645519
0.0023236806 -2.7663589 0.13457206
0.089808464 -3.6408384 0.13863403
-0.0473591 -2.1855986 0.12971815
0.029303897 -3.0553994 0.13616821
0.122378334 -3.9338238 0.13925417
-0.024220796 -2.4702113 0.13229164
0.058263004 -3.346884 0.1374332
-0.07027095 -1.8907593 0.12620106
0.00096059 -2.7584836 0.13432917
0.08917877 -3.6403983 0.13836727
-0.049067877 -2.1728814 0.12942535
0.028177092 -3.0498254 0.13594766
0.122035444 -3.9356613 0.13887805
-0.025769396 -2.4595413 0.13201031
0.05739941 -3.3436415 0.13721092
-0.072115235 -1.8753753 0.12596065
-0.0003741762 -2.7500987 0.1340775
0.08859196 -3.6394553 0.13810536
-0.0507906 -2.1593852 0.12913477
0.027092887 -3.0438042 0.13572174
0.12173239 -3.9369733 0.13851956
-0.027305657 -2.4482956 0.1317252
0.056584053 -3.339955 0.13699134
-0.07400088 -1.8589817 0.12573251
-0.0016738438 -2.7412686 0.13382232
0.08805195 -3.6380415 0.13785657
-0.052526228 -2.1451526 0.12884529
0.026057743 -3.0373833 0.13549855
0.121471696 -3.9377842 0.13818657
-0.028824834 -2.436532 0.13143857
0.055820987 -3.3358521 0.13678344
-0.07593144 -1.8415821 0.12551479
-0.002931797 -2.7320435 0.13357013
0.08756046 -3.6361718 0.137629
-0.05427399 -2.1302197 0.1285555
0.025076643 -3.030589 0.13528772
0.12125422 -3.9381068 0.13788679
-0.030321712 -2.4242992 0.13115364
0.055111635 -3.3313375 0.13659668
-0.07791166 -1.8231698 0.12530492
-0.0041417344 -2.722454 0.13332988
0.08711662 -3.6338449 0.1374301
-0.056032885 -2.1146183 0.12826419
0.024152173 -3.0234199 0.13510077
0.12107906 -3.9379442 0.13762732
-0.031790107 -2.4116342 0.13087615
0.05445393 -3.3263912 0.13644041
-0.07994735 -1.8037282 0.12509936
-0.0052982783 -2.7125025 0.13311443
0.08671672 -3.6310441 0.13726597
-0.05780077 -2.0983741 0.12797078
0.023282971 -3.0158398 0.1349512
0.12094327 -3.9372926 0.13741443
-0.0332222 -2.398553 0.13061662
0.05384128 -3.320971 0.13632303
-0.08204469 -1.7832294 0.12489286
-0.006398436 -2.7021496 0.13294236
0.08635367 -3.627743 0.1371408
-0.059572417 -2.081505 0.12767725
0.022461496 -3.0077748 0.1348538
0.120840974 -3.936143 0.13725324
-0.03460781 -2.3850346 0.13039452
0.053261552 -3.3150163 0.13625067
-0.08420865 -1.7616339 0.124677375
-0.007444545 -2.6912951 0.13283941
0.08601606 -3.623911 0.13705657
-0.061335538 -2.064013 0.12739174
0.021671385 -2.999112 0.13482258
0.120761104 -3.9344835 0.13714762
-0.035934236 -2.3709898 0.13024488
0.052695896 -3.3084602 0.1362264
-0.086438775 -1.7388896 0.124440104
-0.008449325 -2.6797595 0.13283768
0.08568563 -3.619521 0.13701345
-0.06306256 -2.0458646 0.12713833
0.02088501 -2.9897115 0.1348679
0.12068236 -3.932303 0.13709988
-0.03718875 -2.3562071 0.13022672
0.052116375 -3.3012435 0.13625053
-0.088718474 -1.7149307 0.12416079
-0.009442969 -2.6672764 0.13297011
0.08533113 -3.614557 0.13701093
-0.06469476 -2.0269353 0.12697971
0.020060847 -2.9794333 0.1349945
0.120563895 -3.9295926 0.13711056
-0.03836931 -2.3402786 0.13042703
0.051478527 -3.2933314 0.13632302
-0.09098468 -1.6896734 0.12381337
-0.010481891 -2.6535249 0.13326034
0.08489574 -3.6090212 0.13704933
-0.0661157 -2.0068681 0.12706742
0.019132895 -2.9681752 0.13520384
0.12033184 -3.9263508 0.13717753
-0.039515723 -2.3225465 0.13094474
0.050700184 -3.2847283 0.13644668
-0.09303166 -1.6629845 0.12340896
-0.01167392 -2.6382198 0.13371699
0.08427779 -3.602942 0.13712901
-0.067136 -1.9847245 0.12772425
0.017962558 -2.955914 0.13549943
0.11987091 -3.922589 0.1372934
-0.040815007 -2.3022304 0.13184874
0.049619615 -3.2754874 0.13662374
-0.09407278 -1.6345567 0.12334362
-0.013324701 -2.6212513 0.13433972
0.08332295 -3.5963805 0.13724266
-0.06790105 -1.9584396 0.12946527
0.016228355 -2.942733 0.1358718
0.11905265 -3.918334 0.1374389
-0.1025512 -1.5779933 0.12768671
-0.12079884 -1.4900035 0.12840652
-0.106558315 -1.6323175 0.1299217
-0.09078272 -1.7718788 0.13083693
-0.0755286 -1.9049888 0.13118365
-0.09282988 -1.8363422 0.13218462
-0.077391304 -1.9707371 0.13265091
-0.062747 -2.0986261 0.13293508
-0.07684295 -2.0475597 0.13341841
-0.061959986 -2.1756437 0.13380356
-0.04781945 -2.2979136 0.13409398
-0.034621518 -2.414741 0.13431941
-0.04466175 -2.3848176 0.13466129
-0.03104205 -2.5015128 0.13495724
-0.018127713 -2.6135755 0.13519648
-0.025860231 -2.5963917 0.13537166
-0.012735415 -2.7079213 0.13565767
-0.00014693564 -2.8155344 0.13589339
0.011883974 -2.9195209 0.13608892
0.006842545 -2.9160018 0.13623914
0.019123225 -3.0196018 0.13645595
0.030974776 -3.1201348 0.13663268
0.027518928 -3.1249962 0.13671048
0.03952506 -3.2250466 0.13689631
0.051207047 -3.3225033 0.13704233
0.062572345 -3.4175498 0.13715377
0.0609442 -3.4313774 0.13721558
0.07247665 -3.5261335 0.13732308
0.08378089 -3.6188467 0.13739586
0.08330077 -3.6382868 0.13741761
0.09469939 -3.730707 0.13748613
0.10595776 -3.8214061 0.13752277
0.11707053 -3.910482 0.13752727
0.11780457 -3.9360402 0.13757198
0.12903398 -4.0250735 0.13759527
0.14019737 -4.1127377 0.13758712
0.14172503 -4.1420403 0.13770482
-0.17935841 -1.1420025 -0.123856895
-0.16051683 -0.9548886 -0.10738878
-0.14456807 -0.779545 -0.09787544
-0.17230031 -1.0696098 -0.11802197
-0.15425254 -0.8818282 -0.10425579
-0.13759494 -0.7012036 -0.096821465
-0.16536681 -0.99645233 -0.11304682
-0.1480813 -0.8073237 -0.10171956
-0.17896298 -1.1167619 -0.12644064
-0.15853195 -0.9219411 -0.10890187
-0.14199494 -0.7311002 -0.09965707
-0.1714763 -1.0427834 -0.12030552
-0.15182354 -0.8456429 -0.10553906
-0.13630377 -0.6533287 -0.09811942
-0.16410579 -0.9678617 -0.115005784
-0.14534304 -0.7673442 -0.10287697
-0.17866808 -1.0920349 -0.12910078
-0.15681793 -0.8912419 -0.11053565
-0.13932058 -0.68727654 -0.10080951
-0.17086256 -1.0169153 -0.12274853
-0.14965087 -0.81235063 -0.10686464
-0.13445063 -0.60716355 -0.09906839
-0.16310857 -0.94070977 -0.117138304
-0.14274469 -0.7308848 -0.10392677
-0.13343371 -0.53456056 -0.09489912
-0.15538745 -0.8624963 -0.11233233
-0.13643847 -0.6471065 -0.101604305
-0.17044216 -0.9917736 -0.12533648
-0.14773782 -0.7815568 -0.10831795
-0.13160187 -0.5628931 -0.09957187
-0.16238672 -0.9147819 -0.11945861
-0.14030595 -0.6974406 -0.10503257
-0.13046652 -0.48502266 -0.09626209
-0.1542878 -0.8354876 -0.114332795
-0.1334425 -0.61019945 -0.1023357
-0.17021531 -0.96716607 -0.128046
-0.14620973 -0.75302005 -0.10997397
-0.12799016 -0.5212035 -0.09986737
