-0.12300292 -1.5186653 0.04042142
-0.15353897 -0.96718943 0.015641984
-0.16881514 -0.4334648 -0.0002242514
-0.16361617 -0.04519853 -0.006789034
-0.12270359 -1.5149318 0.042610522
-0.15338911 -0.96449536 0.015638255
-0.1686089 -0.43203494 -0.00024024626
-0.16337973 -0.04613596 -0.006816905
-0.12056019 -1.5262494 0.04300829
-0.11350782 -1.3512386 0.044192057
-0.104068235 -1.228793 0.044642
-0.09158311 -1.1469593 0.0455795
-0.0773042 -1.0608035 0.044434875
-0.12565175 -0.24759144 0.01630219
-0.13832085 0.24862635 -0.00612688
-0.12703906 0.2776831 -0.019072937
-0.07694999 -1.0601332 0.04463893
-0.12556984 -0.24504831 0.016306318
-0.1382796 0.25215983 -0.006131069
-0.1269994 0.28106552 -0.019074218
-0.076571085 -1.0597947 0.044621546
-0.12547873 -0.2428115 0.016330296
-0.13822947 0.2552547 -0.0061129723
-0.12695229 0.2839227 -0.01904578
-0.076225586 -1.0593984 0.04460742
-0.12539783 -0.24021937 0.016242472
-0.1381886 0.2588583 -0.006222838
-0.12690881 0.2873933 -0.019191524
-0.076066054 -1.0591432 0.044584963
-0.12530522 -0.23802698 0.016425453
-0.13813622 0.2618996 -0.006020223
-0.1268556 0.29018223 -0.018909905
-0.07609187 -1.0584664 0.044346042
-0.12522715 -0.23538665 0.016114585
-0.13809647 0.26557326 -0.0063892105
-0.12680782 0.2937403 -0.019410936
-0.07568296 -1.0579027 0.04465554
-0.12513697 -0.23320949 0.016538477
-0.13804422 0.26859334 -0.0059044114
-0.12674925 0.29650554 -0.018741142
-0.07549381 -1.0568583 0.044253226
-0.1250622 -0.2305971 0.016084876
-0.13800499 0.27225 -0.0064436286
-0.1266951 0.30003136 -0.019478245
-0.07557953 -1.0560062 0.0446838
-0.12499216 -0.22829375 0.016336793
-0.1379641 0.27541143 -0.0061499425
-0.12663314 0.30299568 -0.019064272
-0.0721035 -1.0923668 0.045302916
-0.11797806 0.08991239 -0.020880833
-0.1335942 0.35962975 -0.014414117
-0.1358854 0.09960849 0.0030460698
-0.10702241 -0.57806003 0.029310213
-0.094164275 -0.6160417 0.03295501
-0.13060774 0.17537762 0.005496689
-0.13160338 0.5208839 -0.0133598875
-0.109914854 0.28023252 -0.021163506
-0.037073866 -1.5496812 0.059978478
0.04098465 -2.4257035 0.088661574
0.13227765 -3.287618 0.11455137
-0.012655578 -1.8438095 0.06986631
0.06941209 -2.7122872 0.097647674
-0.11358739 -1.4416765 -0.061706983
-0.11691554 -1.4659473 -0.061373476
-0.13095102 -1.5382737 -0.059919816
-0.11968954 -1.4905881 -0.06071414
-0.12508997 -1.5496196 -0.059740122
-0.120576136 -1.5019765 -0.060276628
-0.07157857 -1.1056433 0.045719747
-0.06543035 -1.0995328 0.045986515
-0.065786704 -1.1440209 0.046525355
-0.06259092 -1.1390219 0.04706819
-0.06742827 -1.182782 0.04754451
-0.026243655 -1.5411056 0.059434615
0.05873961 -2.4819686 0.08854133
0.15559134 -3.3879254 0.11426864
-0.05662728 -1.1852666 0.048672188
-0.061531153 -1.1850764 0.048018355
-0.09029191 -1.1416316 -0.09275893
-0.10890346 -1.3284594 -0.07859866
-0.11059373 -1.4112588 -0.062898055
-0.08645414 -1.1615591 -0.08058227
-0.06452636 -0.95421344 -0.09403624
-0.06424064 -0.9283501 -0.09986298
-0.08913508 -1.1301115 -0.09372866
-0.107865795 -1.3152698 -0.08000796
-0.13068062 -1.5274017 -0.061647147
-0.08961969 -1.1337004 -0.09375625
-0.10832618 -1.3183228 -0.08005006
-0.13448514 -1.531706 -0.061726384
-0.0129447095 -1.8433343 0.069912344
0.06897238 -2.7106986 0.0976568
-0.062171318 -1.2529744 0.050047565
0.012664604 -2.1334758 0.07945488
0.0988428 -2.9953065 0.10630234
-0.08350283 -1.0773774 -0.09720258
-0.10266043 -1.2585722 -0.08520562
-0.11484382 -1.4551042 -0.06858301
-0.08402566 -1.0811251 -0.09723997
-0.10312113 -1.2618457 -0.0852367
-0.114861436 -1.4575564 -0.068718456
-0.03984729 -1.5492724 0.060343154
0.039392974 -2.4207342 0.088719234
0.13022475 -3.2787209 0.11459626
-0.013897723 -1.8418804 0.07005328
0.06764421 -2.7058907 0.09768481
-0.07762366 -1.0248876 -0.10017176
-0.09743266 -1.2043802 -0.089833476
-0.11447734 -1.3921287 -0.07465032
-0.07816626 -1.0288239 -0.10023118
-0.097920276 -1.2078665 -0.0898601
-0.11487468 -1.3950894 -0.074719995
-0.06048989 -1.2533993 0.05076998
0.011545107 -2.1307201 0.07953232
0.09740073 -2.9894965 0.10632748
-0.039884076 -1.5490135 0.060618486
0.03816173 -2.4168549 0.088763036
0.12867233 -3.271964 0.114629336
-0.092144996 -1.1518183 -0.093896806
-0.11043765 -1.3337632 -0.08026866
-0.13496563 -1.5441049 -0.06250652
-0.092656285 -1.1554717 -0.09392475
-0.11083426 -1.3368807 -0.08031123
-0.13270971 -1.5458839 -0.06251047
-0.015001197 -1.8402326 0.070189945
0.06630302 -2.701004 0.09771275
-0.06261835 -1.2518483 0.051057946
0.0103138015 -2.1279137 0.07960717
0.095947966 -2.9836578 0.10635231
-0.08666492 -1.1000886 -0.09742431
-0.10542638 -1.2783923 -0.08539159
-0.122442886 -1.4719642 -0.069295995
-0.19799702 -1.8969201 -0.09037952
-0.18854238 -1.8105534 -0.07965773
-0.1781843 -1.722817 -0.06618578
-0.10662821 -1.2369329 -0.10183869
-0.14544782 -1.5377464 -0.09992837
-0.17521745 -1.7630535 -0.096632704
-0.19552538 -1.8986158 -0.09467271
-0.17712611 -1.7344668 -0.06082137
-0.16982086 -1.7413644 -0.060674813
-0.15808582 -1.7042122 -0.061040554
-0.14021304 -1.6136659 -0.061416328
-0.17834713 -1.7227155 -0.06093808
-0.1723234 -1.7434014 -0.060421493
-0.16205229 -1.7204561 -0.060660284
-0.14637984 -1.6488614 -0.06112601
-0.17817956 -1.7218485 -0.060748823
-0.17227075 -1.7429736 -0.06020112
-0.16207401 -1.721032 -0.060419034
-0.1465099 -1.6508863 -0.06086501
-0.17816374 -1.720966 -0.060553696
-0.17221835 -1.7425324 -0.059980884
-0.16209535 -1.7215953 -0.060178343
-0.14663894 -1.6528997 -0.06060588
-0.17797244 -1.7200801 -0.060352907
-0.1721566 -1.7420889 -0.059760828
-0.16210926 -1.7221565 -0.059938144
-0.14676242 -1.6549118 -0.06034843
-0.17797019 -1.7191743 -0.060147043
-0.17211697 -1.7416347 -0.05954117
-0.16214028 -1.7227069 -0.05969853
-0.1468968 -1.6569136 -0.060092647
-0.17776427 -1.7182678 -0.05993722
-0.17203443 -1.7411755 -0.059322357
-0.16213666 -1.7232535 -0.059459794
-0.14700612 -1.6589122 -0.059838653
-0.17776397 -1.7173358 -0.05972524
-0.17201526 -1.7407053 -0.059105262
-0.16218418 -1.723789 -0.059222564
-0.14715232 -1.6609011 -0.059586827
-0.17757004 -1.7164134 -0.05951442
-0.17191797 -1.740237 -0.05889171
-0.16216694 -1.724326 -0.05898833
-0.14724734 -1.6628889 -0.059338197
-0.08086071 -1.1263707 0.046444066
-0.09603307 -1.1832465 0.045593955
-0.107334055 -1.2788938 0.04477725
-0.11595727 -1.4165598 0.044590108
-0.11750303 -1.474032 0.045087613
-0.109509304 -1.3231841 0.045021437
-0.09900044 -1.2168288 0.045689944
-0.08495847 -1.1508045 0.046680536
-0.11684864 -1.4816178 0.045499727
-0.108852744 -1.3319153 0.045399692
-0.098265395 -1.2267405 0.046077024
-0.08409931 -1.1621393 0.047088012
-0.116451144 -1.4891444 0.04591094
-0.108283296 -1.3406119 0.04577951
-0.09760353 -1.2366177 0.046466045
-0.083343714 -1.1734475 0.04749736
-0.11582932 -1.4967536 0.046319403
-0.10763547 -1.3493534 0.04615995
-0.096874416 -1.24654 0.046855953
-0.08249251 -1.1847937 0.047907446
-0.115358904 -1.5042876 0.046724334
-0.10703681 -1.3580576 0.046540756
-0.09618625 -1.2564262 0.047246467
-0.081701584 -1.196107 0.048318062
-0.11480122 -1.5118963 0.047125343
-0.10640714 -1.3668013 0.046921898
-0.09547108 -1.266352 0.047637552
-0.08087196 -1.2074541 0.04872924
-0.10187167 -1.7944038 0.056305565
-0.05509644 -2.321012 0.082730524
0.0014622618 -2.8573613 0.1097128
0.041686628 -3.0629191 0.11991162
0.07227139 -3.152454 0.12105813
0.107597694 -3.3038113 0.12232336
0.14732726 -3.4888566 0.12283615
-0.07994019 -1.2316561 0.049511135
-0.09457663 -1.2894237 0.048379015
-0.10556744 -1.3892632 0.04767166
-0.11405289 -1.5342555 0.047969505
-0.080758564 -1.220376 0.049099214
-0.095285185 -1.2795475 0.0479868
-0.106188774 -1.3805643 0.047289494
-0.11457804 -1.5266987 0.0475755
-0.1236352 -1.713268 0.045486286
-0.12068775 -1.6457247 0.05037969
-0.121563345 -1.733848 0.046625037
-0.11876179 -1.6662639 0.05031738
-0.11949825 -1.7540413 0.048111055
-0.11692461 -1.6867411 0.04826398
-0.113008745 -1.8284854 0.05031259
-0.0750613 -2.2643156 0.075871974
-0.028727327 -2.73629 0.10296221
-0.008821475 -2.7912133 0.1063271
-0.06289354 -2.265641 0.079302914
-0.10733117 -1.754504 0.05308741
-0.023097085 -2.6581535 0.099618584
-0.074665874 -2.1351938 0.07252349
0.017568426 -3.0133429 0.11748478
-0.04123622 -2.4813821 0.09062334
-0.08964382 -1.9620976 0.063624434
-0.0029190874 -2.8353226 0.10856656
-0.058277823 -2.3055065 0.08157402
-0.1038668 -1.788693 0.055166516
-0.022304565 -2.6570816 0.09962698
-0.07429994 -2.130465 0.07254354
0.01857424 -3.013853 0.1175057
-0.04057221 -2.479281 0.090626925
-0.08942816 -1.9557478 0.0636316
-0.002011828 -2.8351054 0.10857582
-0.057754416 -2.3022041 0.08158857
-0.10377717 -1.7806544 0.055232085
-0.021509679 -2.65601 0.099637054
-0.073926635 -2.1257393 0.072550245
0.019584889 -3.0143828 0.117519714
-0.03990505 -2.4771953 0.09062667
-0.08920107 -1.9494288 0.06365911
-0.19821374 -1.8976247 -0.090362564
-0.18872891 -1.8107358 -0.079694465
-0.17601661 -1.7220607 -0.066363476
-0.19843167 -1.8983091 -0.090345554
-0.18891901 -1.8108767 -0.07973196
-0.1733066 -1.7209487 -0.06655763
-0.19865023 -1.8989868 -0.090328395
-0.18910961 -1.8109921 -0.07976935
-0.17107484 -1.7193128 -0.06676382
-0.19886962 -1.8996819 -0.090311065
-0.18930285 -1.8111657 -0.079806514
-0.17066777 -1.7181313 -0.06698006
-0.19908974 -1.9004071 -0.09029353
-0.18949978 -1.8114605 -0.07984319
-0.17130928 -1.7182169 -0.06719976
-0.19931063 -1.9011476 -0.09027565
-0.18969813 -1.811807 -0.07987899
-0.17375535 -1.7187022 -0.06741539
-0.19953051 -1.9018805 -0.09025753
-0.18989207 -1.812125 -0.07991392
-0.17661303 -1.7186674 -0.06762457
-0.19975124 -1.9025896 -0.090238675
-0.19008486 -1.8124022 -0.07994703
-0.17885533 -1.7182747 -0.067821
-0.1999307 -1.9032933 -0.09021998
-0.1902266 -1.8126795 -0.07997907
-0.18069047 -1.7178214 -0.06800121
-0.18169971 -1.655319 -0.05921061
-0.17645517 -1.6769377 -0.06012648
-0.18191628 -1.6606839 -0.06046548
-0.1823149 -1.6799192 -0.06172444
-0.18242706 -1.6659415 -0.061650142
-0.17929287 -1.6827078 -0.06268909
-0.20878254 -1.9311775 -0.0901288
-0.19753653 -1.8250215 -0.08015538
-0.18863331 -1.7079252 -0.06816932
-0.11117878 -0.41179013 -0.017666733
-0.10950433 -0.4163493 -0.017412374
-0.11833514 -0.37255362 -0.016096577
-0.12688304 -0.2639367 -0.014458992
-0.11121949 -0.44823393 -0.017945418
-0.10936339 -0.44112918 -0.017290916
-0.11803084 -0.39068034 -0.016090365
-0.12635772 -0.27906975 -0.014505527
-0.11112536 -0.48374888 -0.018200709
-0.109265424 -0.46610615 -0.017189328
-0.11775276 -0.40914562 -0.01608514
-0.12585466 -0.29471093 -0.014539766
-0.11093703 -0.51852536 -0.018380303
-0.10920925 -0.49124596 -0.017104156
-0.11750019 -0.42793024 -0.016083626
-0.12537539 -0.3108372 -0.014579664
-0.110706456 -0.5527022 -0.018499408
-0.10919461 -0.51651275 -0.01703229
-0.11727373 -0.44701567 -0.016087504
-0.1249223 -0.32742465 -0.014632861
-0.11046985 -0.58636415 -0.018568102
-0.10922097 -0.54187196 -0.016972328
-0.11707371 -0.46638414 -0.016098026
-0.12449741 -0.34445176 -0.01470267
-0.11025293 -0.6195686 -0.018599663
-0.109287575 -0.5672904 -0.016923942
-0.116900675 -0.48601845 -0.016116299
-0.124102645 -0.36189753 -0.01478973
-0.11007159 -0.65235144 -0.018604156
-0.10939336 -0.5927361 -0.01688736
-0.11675525 -0.50590134 -0.016143115
-0.12373965 -0.37974086 -0.014893508
-0.10993541 -0.6847353 -0.01859004
-0.1095369 -0.6181791 -0.016863111
-0.11663809 -0.5260155 -0.016179163
-0.1234099 -0.3979604 -0.01501302
-0.10984939 -0.71673304 -0.01856391
-0.109716445 -0.6435914 -0.016851742
-0.11654976 -0.5463437 -0.016224984
-0.12311459 -0.41653442 -0.015147109
-0.10981581 -0.748351 -0.018531108
-0.10993005 -0.6689474 -0.016853733
-0.1164908 -0.56686825 -0.016281059
-0.12285475 -0.43544096 -0.015294641
-0.10983516 -0.7795905 -0.018495973
-0.110175736 -0.6942238 -0.01686943
-0.1164617 -0.5875717 -0.01634781
-0.122631155 -0.4546576 -0.01545455
-0.10990682 -0.81044954 -0.01846209
-0.110451475 -0.71939975 -0.016899036
-0.116462834 -0.60843617 -0.016425623
-0.122444406 -0.47416186 -0.015625883
-0.11002949 -0.8409234 -0.018432464
-0.110755384 -0.74445647 -0.01694264
-0.11649451 -0.6294441 -0.016514841
-0.12229487 -0.49393117 -0.015807807
-0.11020149 -0.8710058 -0.018409634
-0.11108573 -0.7693772 -0.017000243
-0.11655695 -0.6505777 -0.016615788
-0.122182764 -0.5139431 -0.015999626
-0.1104208 -0.9006886 -0.018395748
-0.11144089 -0.7941469 -0.017071776
-0.11665022 -0.67181927 -0.016728727
-0.122108035 -0.53417534 -0.01620075
-0.1106854 -0.9299631 -0.018392637
-0.11181954 -0.8187521 -0.017157167
-0.11677438 -0.6931512 -0.01685392
-0.122070566 -0.5546061 -0.016410729
-0.11099306 -0.95881987 -0.018401848
-0.11222048 -0.8431804 -0.017256327
-0.11692933 -0.714556 -0.016991563
-0.122070044 -0.5752139 -0.016629208
-0.11134151 -0.987249 -0.01842467
-0.11264266 -0.86742043 -0.017369173
-0.11711487 -0.73601633 -0.01714182
-0.12210603 -0.5959777 -0.01685592
-0.1117286 -1.0152407 -0.018462198
-0.113085285 -0.8914616 -0.017495666
-0.117330804 -0.75751525 -0.017304838
-0.12217807 -0.61687726 -0.017090699
-0.11215205 -1.0427848 -0.018515317
-0.11354758 -0.9152939 -0.01763577
-0.11757675 -0.77903587 -0.017480697
-0.12228554 -0.6378928 -0.01733343
-0.112609625 -1.0698718 -0.018584741
-0.11402892 -0.93890774 -0.01778948
-0.11785231 -0.8005617 -0.017669458
-0.122427806 -0.6590051 -0.017584054
-0.11309915 -1.0964918 -0.018671043
-0.114528745 -0.96229386 -0.017956814
-0.118156984 -0.8220766 -0.017871143
-0.12260416 -0.6801956 -0.01784256
-0.113618515 -1.1226357 -0.018774668
-0.11504657 -0.98544323 -0.01813781
-0.11849028 -0.8435646 -0.01808575
-0.12281391 -0.7014466 -0.018108971
-0.11416553 -1.1482944 -0.018895928
-0.11558184 -1.008347 -0.018332504
-0.11885152 -0.8650104 -0.018313227
-0.123056225 -0.7227406 -0.018383317
-0.11473818 -1.1734598 -0.019035058
-0.11613412 -1.0309967 -0.018540952
-0.1192401 -0.886399 -0.018553521
-0.12333036 -0.7440611 -0.01866566
-0.115334496 -1.1981235 -0.01919221
-0.11670298 -1.0533834 -0.018763218
-0.11965535 -0.9077155 -0.018806562
-0.12363554 -0.765392 -0.01895608
-0.115952455 -1.2222779 -0.019367445
-0.11728786 -1.0754989 -0.01899934
-0.12009648 -0.928946 -0.019072236
-0.123970896 -0.7867179 -0.01925463
-0.1165902 -1.2459159 -0.019560786
-0.11788829 -1.0973349 -0.01924937
-0.120562784 -0.95007676 -0.01935044
-0.12433563 -0.80802375 -0.019561395
-0.11724591 -1.2690307 -0.019772207
-0.11850375 -1.1188829 -0.019513356
-0.12105347 -0.9710943 -0.019641059
-0.124728955 -0.82929534 -0.019876447
-0.11791774 -1.2916158 -0.02000162
-0.11913364 -1.140135 -0.019791309
-0.121567704 -0.9919858 -0.019943949
-0.12514997 -0.8505187 -0.02019984
-0.118604004 -1.3136655 -0.020248929
-0.1197774 -1.161083 -0.020083258
-0.12210469 -1.0127388 -0.020258995
-0.1255979 -0.87168056 -0.020531645
-0.11930296 -1.3351742 -0.020513985
-0.120434344 -1.1817191 -0.020389188
-0.12266355 -1.0333414 -0.020586042
-0.12607184 -0.89276797 -0.020871894
-0.120013006 -1.3561366 -0.020796647
-0.12110387 -1.2020354 -0.020709103
-0.12324347 -1.0537821 -0.020924967
-0.12657103 -0.9137686 -0.021220647
-0.12073249 -1.376548 -0.021096721
-0.1217852 -1.2220247 -0.021042952
-0.12384355 -1.0740495 -0.021275617
-0.12709454 -0.9346704 -0.021577913
-0.12145987 -1.396404 -0.021414028
-0.122477636 -1.2416793 -0.021390704
-0.12446293 -1.0941328 -0.021637859
-0.12764157 -0.95546186 -0.021943724
-0.12219365 -1.4157007 -0.021748375
-0.12318043 -1.2609923 -0.021752303
-0.12510078 -1.1140221 -0.022011563
-0.1282113 -0.976132 -0.022318097
-0.12293227 -1.4344342 -0.022099536
-0.12389273 -1.2799567 -0.022127662
-0.12575614 -1.133707 -0.02239658
-0.12880284 -0.9966699 -0.022701018
-0.12367429 -1.4526011 -0.022467304
-0.12461375 -1.2985657 -0.0225167
-0.12642819 -1.1531785 -0.022792775
-0.12941535 -1.0170654 -0.023092482
-0.12441828 -1.4701983 -0.022851462
-0.12534262 -1.3168132 -0.022919318
-0.12711601 -1.1724268 -0.02320002
-0.130048 -1.0373085 -0.02349248
-0.12516282 -1.4872231 -0.023251785
-0.12607849 -1.3346928 -0.023335397
-0.12781873 -1.1914436 -0.023618177
-0.13069996 -1.0573895 -0.023900978
-0.12590653 -1.5036732 -0.023668047
-0.12682045 -1.3521987 -0.023764815
-0.12853548 -1.2102201 -0.024047112
-0.13137037 -1.0772991 -0.024317948
-0.12664802 -1.5195463 -0.024100026
-0.1275676 -1.3693255 -0.024207437
-0.12926537 -1.2287486 -0.024486696
-0.13205838 -1.0970287 -0.02474335
-0.12738596 -1.5348403 -0.024547482
-0.12831901 -1.3860677 -0.0246631
-0.1300075 -1.247021 -0.024936782
-0.13276316 -1.1165694 -0.025177129
-0.12811902 -1.5495542 -0.025010208
-0.12907377 -1.4024208 -0.025131667
-0.13076106 -1.26503 -0.025397254
-0.1334839 -1.135913 -0.02561925
-0.12884586 -1.5636864 -0.02548796
-0.1298309 -1.4183795 -0.025612948
-0.13152511 -1.2827685 -0.025867958
-0.13421972 -1.1550516 -0.026069641
-0.1295652 -1.5772359 -0.02598052
-0.13058947 -1.43394 -0.026106777
-0.13229883 -1.3002297 -0.026348764
-0.13496983 -1.1739775 -0.026528249
-0.13027573 -1.5902022 -0.026487662
-0.13134854 -1.4490982 -0.026612958
-0.13308135 -1.3174069 -0.026839528
-0.13573338 -1.192683 -0.026995009
-0.13097622 -1.6025848 -0.027009161
-0.13210715 -1.4638505 -0.027131297
-0.13387182 -1.3342942 -0.027340109
-0.13650957 -1.2111614 -0.027469857
-0.13166535 -1.6143839 -0.027544785
-0.13286431 -1.4781935 -0.027661577
-0.1346694 -1.3508854 -0.02785035
-0.13729754 -1.2294056 -0.027952716
-0.13234192 -1.6255995 -0.028094323
-0.13361913 -1.4921243 -0.02820359
-0.13547325 -1.3671749 -0.028370114
-0.13809653 -1.2474091 -0.02844353
-0.13300467 -1.6362324 -0.028657537
-0.13437063 -1.5056403 -0.028757093
-0.13628253 -1.3831573 -0.02889923
-0.13890569 -1.2651653 -0.028942216
-0.13365234 -1.6462833 -0.0292342
-0.13511783 -1.5187392 -0.02932185
-0.13709643 -1.3988274 -0.029437538
-0.1397242 -1.2826685 -0.029448705
-0.13428378 -1.6557534 -0.0298241
-0.13585986 -1.531419 -0.029897615
-0.13791417 -1.4141802 -0.029984884
-0.14055131 -1.2999125 -0.029962935
-0.13489774 -1.6646445 -0.030426992
-0.13659577 -1.5436782 -0.030484116
-0.1387349 -1.429211 -0.030541087
-0.1413862 -1.3168916 -0.030484827
-0.13549303 -1.6729583 -0.031042652
-0.13732466 -1.5555153 -0.03108108
-0.13955787 -1.4439152 -0.03110597
-0.14222807 -1.3336005 -0.031014321
-0.13606846 -1.6806971 -0.031670842
-0.13804564 -1.5669296 -0.031688213
-0.14038226 -1.4582886 -0.031679347
-0.14307618 -1.3500339 -0.03155135
-0.13662285 -1.6878636 -0.032311313
-0.13875781 -1.5779203 -0.03230521
-0.14120732 -1.4723269 -0.03226103
-0.1439297 -1.3661867 -0.03209585
-0.13715506 -1.6944607 -0.032963827
-0.13946033 -1.5884873 -0.03293175
-0.14203228 -1.4860263 -0.032850817
-0.14478794 -1.3820543 -0.032647766
-0.13766392 -1.7004919 -0.033628117
-0.14015236 -1.5986304 -0.033567492
-0.14285639 -1.4993829 -0.033448506
-0.14565006 -1.3976318 -0.03320704
-0.13814828 -1.705961 -0.03430393
-0.1408331 -1.60835 -0.034212086
-0.14367889 -1.5123931 -0.034053884
-0.14651538 -1.4129149 -0.03377363
-0.13860705 -1.710872 -0.034990977
-0.14150175 -1.6176468 -0.03486516
-0.14449903 -1.5250535 -0.034666732
-0.14738315 -1.427899 -0.034347493
-0.1390391 -1.7152297 -0.03568897
-0.14215755 -1.6265216 -0.03552631
-0.14531611 -1.5373607 -0.035286814
-0.14825265 -1.4425802 -0.034928586
-0.13944334 -1.7190391 -0.036397602
-0.14279978 -1.6349756 -0.036195125
-0.14612937 -1.5493118 -0.0359139
-0.14912318 -1.4569546 -0.035516895
-0.13981868 -1.7223057 -0.037116535
-0.14342774 -1.6430103 -0.03687117
-0.14693809 -1.5609034 -0.036547735
-0.14999403 -1.471018 -0.036112383
-0.14016408 -1.7250354 -0.037845418
-0.14404078 -1.6506273 -0.037553977
-0.14774154 -1.572133 -0.03718807
-0.15086453 -1.4847668 -0.03671505
-0.14047849 -1.7272348 -0.038583867
-0.14463824 -1.6578283 -0.038243063
-0.148539 -1.5829976 -0.037834633
-0.15173402 -1.4981973 -0.037324887
-0.14076091 -1.7289108 -0.039331477
-0.14521958 -1.6646159 -0.038937915
-0.14932978 -1.5934948 -0.03848716
-0.1526019 -1.5113062 -0.037941914
-0.14101034 -1.7300707 -0.040087786
-0.14578421 -1.670992 -0.03963799
-0.15011312 -1.6036221 -0.03914535
-0.1534675 -1.5240896 -0.03856614
-0.14122583 -1.7307227 -0.040852297
-0.14633167 -1.6769592 -0.04034272
-0.15088832 -1.6133773 -0.03980892
-0.15433028 -1.5365443 -0.039197605
-0.14140645 -1.7308749 -0.04162447
-0.14686146 -1.68252 -0.04105151
-0.15165465 -1.6227585 -0.040477566
-0.15518963 -1.548667 -0.03983635
-0.1415513 -1.7305366 -0.042403698
-0.14737318 -1.6876771 -0.041763734
-0.15241139 -1.6317637 -0.04115098
-0.15604503 -1.560454 -0.040482435
-0.14165954 -1.7297171 -0.04318931
-0.14786647 -1.6924334 -0.04247873
-0.15315779 -1.6403913 -0.04182883
-0.15689597 -1.5719022 -0.041135922
-0.14173037 -1.7284267 -0.043980565
-0.14834099 -1.6967915 -0.04319582
-0.15389314 -1.6486399 -0.0425108
-0.15774195 -1.5830077 -0.041796897
-0.14176302 -1.7266757 -0.044776633
-0.14879645 -1.7007544 -0.043914285
-0.15461673 -1.6565082 -0.04319656
-0.15858251 -1.5937673 -0.04246544
-0.1417568 -1.7244753 -0.04557659
-0.14923263 -1.7043248 -0.04463338
-0.15532781 -1.6639955 -0.043885764
-0.1594172 -1.6041771 -0.043141652
-0.1417111 -1.721837 -0.046379413
-0.14964932 -1.7075057 -0.04535235
-0.15602568 -1.6711011 -0.044578087
-0.1602456 -1.6142333 -0.043825626
-0.14162534 -1.7187729 -0.047183953
-0.15004636 -1.7102995 -0.046070393
-0.15670963 -1.6778245 -0.045273185
-0.1610673 -1.6239319 -0.044517454
-0.14149903 -1.7152953 -0.04798894
-0.15042362 -1.712709 -0.046786714
-0.15737897 -1.6841661 -0.045970734
-0.16188188 -1.6332686 -0.045217223
-0.14133176 -1.7114172 -0.048792947
-0.15078098 -1.7147366 -0.04750049
-0.15803306 -1.690126 -0.04667041
-0.16268891 -1.6422391 -0.045925006
-0.14112324 -1.7071514 -0.04959441
-0.15111832 -1.7163849 -0.0482109
-0.15867122 -1.6957049 -0.047371905
-0.1634879 -1.6508387 -0.04664084
-0.14087324 -1.7025115 -0.050391577
-0.15143558 -1.7176561 -0.04891713
-0.15929285 -1.7009041 -0.048074923
-0.16427834 -1.6590629 -0.047364738
-0.14058162 -1.6975108 -0.05118252
-0.15173265 -1.7185526 -0.049618375
-0.1598974 -1.705725 -0.048779197
-0.16505963 -1.6669065 -0.04809667
-0.14024843 -1.6921631 -0.0519651
-0.1520094 -1.7190764 -0.05031387
-0.16048434 -1.7101692 -0.049484473
-0.16583101 -1.674365 -0.048836563
-0.1398738 -1.6864817 -0.052736957
-0.15226568 -1.71923 -0.051002897
-0.16105318 -1.7142392 -0.05019054
-0.1665917 -1.6814338 -0.04958429
-0.13945803 -1.68048 -0.053495474
-0.15250133 -1.7190158 -0.051684797
-0.16160351 -1.7179375 -0.050897207
-0.16734068 -1.6881086 -0.050339665
-0.1390017 -1.6741709 -0.05423776
-0.15271612 -1.7184365 -0.052359033
-0.16213493 -1.7212669 -0.051604316
-0.16807681 -1.6943855 -0.051102456
-0.13850565 -1.6675665 -0.05496059
-0.15290983 -1.7174948 -0.053025212
-0.16264713 -1.724231 -0.052311733
-0.16879888 -1.7002622 -0.05187238
-0.13797128 -1.6606785 -0.055660337
-0.15308224 -1.7161946 -0.053683195
-0.1631398 -1.7268332 -0.053019352
-0.16950554 -1.7057366 -0.052649047
-0.13740075 -1.6535169 -0.05633288
-0.15323313 -1.7145396 -0.054333203
-0.16361268 -1.7290776 -0.05372706
-0.17019548 -1.7108085 -0.053431872
-0.13679762 -1.6460901 -0.05697317
-0.15336238 -1.7125345 -0.054976102
-0.16406542 -1.7309684 -0.054434743
-0.17086743 -1.7154791 -0.054219875
-0.13616796 -1.6384038 -0.057575423
-0.15347 -1.7101848 -0.055613752
-0.16449772 -1.73251 -0.055142205
-0.17152043 -1.719751 -0.05501119
-0.13552277 -1.6304612 -0.058129087
-0.15355597 -1.7074962 -0.056249715
-0.16490903 -1.7337072 -0.055849258
-0.17215362 -1.7236282 -0.055802237
-0.13488144 -1.6222607 -0.058624025
-0.15362066 -1.7044756 -0.056890234
-0.16529895 -1.7345651 -0.056555644
-0.17276661 -1.7271161 -0.05658681
-0.13428596 -1.6137983 -0.05901877
-0.15366386 -1.7011286 -0.057544306
-0.16566658 -1.7350879 -0.05726071
-0.17335872 -1.7302169 -0.057353146
-0.1338092 -1.6050929 -0.059209816
-0.1536857 -1.6974726 -0.058223967
-0.16601172 -1.7352896 -0.057963066
-0.17392893 -1.7329534 -0.058086213
-0.108351864 -0.3996811 -0.02169667
-0.09333764 -0.40830654 -0.020554952
-0.09803445 -0.5008997 -0.021306435
-0.10473973 -0.58471316 -0.020704262
-0.09274413 -0.61399144 -0.02098173
-0.09803114 -0.694879 -0.020601256
-0.10349517 -0.7648821 -0.019908015
-0.10773887 -0.8241996 -0.019135721
-0.099582225 -0.88418424 -0.019558966
-0.10424585 -0.9406918 -0.019202901
-0.10813644 -0.9887268 -0.018869376
-0.10263131 -1.0648421 -0.018926335
-0.10660237 -1.1085297 -0.0189147
-0.11011019 -1.1456605 -0.018937847
-0.11296182 -1.1771137 -0.019028004
-0.11003867 -1.2645286 -0.019171512
-0.113170825 -1.291484 -0.019479204
-0.115894616 -1.3140953 -0.019840881
-0.114091046 -1.4056958 -0.019966017
-0.11688586 -1.4233061 -0.020510644
-0.119410306 -1.4376838 -0.021101862
-0.12163655 -1.4493476 -0.021750942
-0.1209088 -1.5388917 -0.022007396
-0.123206556 -1.5456812 -0.0227996
-0.12528984 -1.5506263 -0.023640458
-0.12495868 -1.6364862 -0.023936598
-0.12701333 -1.6363286 -0.024909616
-0.12890372 -1.6351192 -0.025923468
-0.13064933 -1.6332315 -0.026982768
-0.13058802 -1.7082016 -0.027405469
-0.1322456 -1.701426 -0.028577603
-0.13379504 -1.6946783 -0.02978612
-0.13370399 -1.7601353 -0.030261898
-0.1350944 -1.7484137 -0.031580318
-0.13639966 -1.7374187 -0.03292604
-0.13766369 -1.727454 -0.03429768
-0.1372402 -1.7751716 -0.034909293
-0.13825512 -1.7606137 -0.036381397
-0.13925259 -1.7477893 -0.037866544
-0.13847885 -1.78098 -0.03854085
-0.13916337 -1.76364 -0.040128414
-0.13984138 -1.7487963 -0.041713055
-0.14059769 -1.7366858 -0.04327828
-0.13893513 -1.7460841 -0.044135064
-0.13923909 -1.7302318 -0.0457998
-0.13965446 -1.7179483 -0.047410786
-0.13737108 -1.7077982 -0.04834603
-0.13725026 -1.6921787 -0.050054137
-0.1372982 -1.6810614 -0.05165813
-0.13763525 -1.6743034 -0.05310143
-0.13359301 -1.6353905 -0.05428477
-0.13334182 -1.6269195 -0.055764925
-0.13352878 -1.6234264 -0.057037495
-0.12761998 -1.5628722 -0.05791877
-0.12718962 -1.558271 -0.058890056
-0.1277321 -1.5580417 -0.059653066
-0.12562673 0.04006884 -0.013893632
-0.12603866 -0.051844668 -0.014048535
-0.12526141 -0.063072324 -0.014196252
-0.12473467 -0.07546518 -0.014196021
-0.1254656 -0.16571271 -0.014310389
-0.12477708 -0.1798038 -0.01459747
-0.12446012 -0.19529249 -0.014777375
-0.124300115 -0.21177974 -0.014982078
-0.12484671 -0.2996481 -0.01542756
-0.12482801 -0.31781092 -0.015732858
-0.124975674 -0.33708203 -0.016094595
-0.1253349 -0.4212573 -0.01658031
-0.12573919 -0.4414447 -0.016995924
-0.12626745 -0.4627057 -0.01748527
-0.1270213 -0.48531154 -0.018078292
-0.12712926 -0.5649924 -0.018471936
-0.12807097 -0.58738947 -0.01907772
-0.12915361 -0.6110867 -0.01977893
-0.12896615 -0.6874183 -0.020117706
-0.13031994 -0.71008587 -0.02082869
-0.13177551 -0.7340189 -0.021629386
-0.13347109 -0.7594733 -0.022505831
-0.13296875 -0.8298487 -0.022717172
-0.13477758 -0.85321355 -0.02360954
-0.13674185 -0.8780256 -0.02458383
-0.13596588 -0.94578797 -0.024744866
-0.13808814 -0.9678514 -0.025712991
-0.14034131 -0.99129957 -0.026766177
-0.14284015 -1.0163317 -0.027866408
-0.14164056 -1.0771772 -0.027939642
-0.14414208 -1.0986181 -0.02905696
-0.14682676 -1.1215193 -0.030246777
-0.14535797 -1.1805038 -0.030307835
-0.14805268 -1.1993881 -0.031466104
-0.15092264 -1.2195994 -0.0327109
-0.15404506 -1.2412963 -0.033988275
-0.15198828 -1.2931029 -0.034000732
-0.1549901 -1.3101645 -0.035279125
-0.15820351 -1.3284953 -0.036635026
-0.1558596 -1.3793463 -0.03669403
-0.15893224 -1.3929144 -0.037981655
-0.16221312 -1.4075079 -0.039375372
-0.16573814 -1.4233171 -0.04080808
-0.16266438 -1.4676418 -0.04083562
-0.1659567 -1.4782466 -0.042256128
-0.16943014 -1.4898138 -0.043792397
-0.16610299 -1.5342132 -0.043900393
-0.16937804 -1.5406743 -0.045346852
-0.17273916 -1.54789 -0.04699592
-0.17628883 -1.5564948 -0.048720162
-0.17243412 -1.5947229 -0.048671477
-0.17562541 -1.5974882 -0.050538387
-0.17878714 -1.6023262 -0.052598797
-0.17511325 -1.64022 -0.05234428
-0.1780605 -1.6380904 -0.054628458
-0.18075131 -1.6401819 -0.05701836
-0.13784136 0.020301133 -0.012071206
-0.13884664 0.109676614 -0.011885595
-0.14321668 0.093525335 -0.010692905
-0.14654039 0.07043038 -0.009644149
-0.15124574 0.15417147 -0.0085993
-0.15343642 0.12196383 -0.008249151
-0.1549265 0.08779446 -0.007995211
-0.15563758 0.053634807 -0.007883694
-0.16279058 0.11595515 -0.006896152
-0.16279136 0.07459559 -0.0069556586
-0.16241178 0.03545787 -0.0070335167
-0.17082702 0.078573436 -0.00611116
-0.1696824 0.03333927 -0.0062290467
-0.16837534 -0.008419898 -0.0063122855
-0.16690482 -0.04637793 -0.006367341
-0.1753299 -0.0325501 -0.0055387295
-0.17326924 -0.075037576 -0.0055290167
-0.17117557 -0.113350146 -0.0054675173
-0.17964543 -0.11929667 -0.0046931384
-0.17698056 -0.16111821 -0.0045379614
-0.17435718 -0.19868568 -0.0043184487
-0.17178272 -0.23209174 -0.0040372927
-0.17949219 -0.26340678 -0.0032427756
-0.176416 -0.2994499 -0.0028425832
-0.17344134 -0.3315237 -0.0023742889
-0.1808343 -0.37885764 -0.001583974
-0.1773701 -0.41285574 -0.0009918783
-0.1740383 -0.44317177 -0.00032885812
-0.17083643 -0.47002146 0.00040594954
-0.1772685 -0.53635174 0.0012597202
-0.17361096 -0.5646446 0.0021184022
-0.1701043 -0.58982116 0.003049538
-0.17617403 -0.6676634 0.003922112
-0.17221655 -0.6937868 0.0049725757
-0.16841967 -0.7171463 0.006094543
-0.16477108 -0.7379718 0.0072922097
-0.16992281 -0.8287013 0.008228428
-0.16584167 -0.85015726 0.009533143
-0.16191871 -0.8693852 0.010912785
-0.16679977 -0.9677509 0.01187421
-0.16243312 -0.9872426 0.013352876
-0.1582337 -1.0047572 0.014906549
-0.15418895 -1.020502 0.016544541
-0.15825444 -1.1269982 0.017543064
-0.15376185 -1.1426582 0.019267578
-0.14946808 -1.1567005 0.021082314
-0.15335722 -1.2681597 0.022108227
-0.14852719 -1.2817649 0.024015265
-0.14398387 -1.293842 0.02602682
-0.13971493 -1.3046373 0.028150918
-0.14250894 -1.4206486 0.029247707
-0.13768235 -1.4304942 0.031530537
-0.13339281 -1.4391603 0.033937674
-0.13560131 -1.5571301 0.03526627
-0.13037112 -1.5645984 0.038054235
-0.12604043 -1.571365 0.04102922
-0.11258918 -0.21889523 -0.021186633
-0.11091289 -0.29647672 -0.01844456
-0.120245166 -0.287323 -0.016076684
-0.12985478 -0.19608958 -0.013684838
-0.113387376 -0.18473703 -0.021411434
-0.11134549 -0.2735886 -0.0186707
-0.120706506 -0.27148208 -0.016048163
-0.13053204 -0.18420576 -0.013416655
-0.114065275 -0.15234114 -0.021547055
-0.11182845 -0.25114956 -0.01887771
-0.12119481 -0.25608566 -0.016012615
-0.13123739 -0.17293678 -0.013147735
-0.11466027 -0.121456444 -0.02162024
-0.112359166 -0.22918962 -0.019059641
-0.12170861 -0.24114487 -0.015968328
-0.131968 -0.1622895 -0.012885064
-0.11520462 -0.09192832 -0.021664547
-0.11293599 -0.20774134 -0.01921447
-0.12224729 -0.22667181 -0.015915873
-0.13272141 -0.15227468 -0.012634475
-0.115725696 -0.06364668 -0.0216876
-0.11355652 -0.18683904 -0.019340917
-0.12280966 -0.21267958 -0.015855514
-0.13349472 -0.14290251 -0.012397825
-0.116241604 -0.03653717 -0.021694073
-0.11421825 -0.16651681 -0.019438168
-0.123394586 -0.1991815 -0.015787456
-0.13428512 -0.13418317 -0.012175645
-0.11676407 -0.010545732 -0.021684844
-0.114918105 -0.14680761 -0.019505821
-0.12400076 -0.18619107 -0.01571187
-0.13508964 -0.12612599 -0.0119676115
-0.1173001 0.014366497 -0.02165982
-0.11565266 -0.12774229 -0.019543763
-0.12462681 -0.1737216 -0.015628798
-0.13590522 -0.11873911 -0.011772922
-0.11785361 0.03822855 -0.02161828
-0.11641814 -0.10934919 -0.01955221
-0.12527134 -0.16178618 -0.015538194
-0.13672876 -0.11202902 -0.0115904575
-0.1184264 0.06106209 -0.021559415
-0.11721053 -0.09165366 -0.019531682
-0.12593286 -0.15039755 -0.0154399155
-0.13755724 -0.10600051 -0.011418863
-0.119018905 0.082883544 -0.021482432
-0.118025735 -0.074677974 -0.019482965
-0.12660985 -0.13956808 -0.015333735
-0.13838762 -0.10065656 -0.011256626
-0.119630694 0.10370549 -0.021386648
-0.11885967 -0.058441162 -0.019407043
-0.12730077 -0.12930965 -0.015219359
-0.13921708 -0.095998384 -0.011102136
-0.12026063 0.12353759 -0.021271527
-0.11970836 -0.04295925 -0.019305052
-0.12800397 -0.119633764 -0.015096444
-0.14004295 -0.092025615 -0.01095373
-0.12090722 0.14238738 -0.021136677
-0.120568015 -0.028245404 -0.019178199
-0.12871778 -0.11055128 -0.014964608
-0.14086273 -0.08873643 -0.010809744
-0.12156872 0.1602608 -0.020981787
-0.12143519 -0.014310168 -0.019027673
-0.12944047 -0.102072515 -0.01482344
-0.1416742 -0.08612772 -0.010668559
-0.122243136 0.17716265 -0.020806693
-0.122306615 -0.0011618515 -0.018854655
-0.13017029 -0.09420711 -0.0146725215
-0.14247529 -0.08419533 -0.010528606
-0.12292839 0.19309683 -0.020611309
-0.12317937 0.011193217 -0.018660244
-0.13090537 -0.08696403 -0.014511423
-0.14326413 -0.0829342 -0.010388399
-0.12362233 0.20806675 -0.02039562
-0.12405078 0.022750404 -0.018445434
-0.13164392 -0.08035148 -0.014339719
-0.14403902 -0.08233853 -0.010246535
-0.124322705 0.22207542 -0.020159708
-0.12491842 0.033506487 -0.018211141
-0.132384 -0.07437685 -0.014156997
-0.14479846 -0.08240192 -0.010101698
-0.12502731 0.23512565 -0.019903678
-0.1257801 0.04345941 -0.017958142
-0.13312373 -0.06904673 -0.013962852
-0.14554103 -0.08311748 -0.009952671
-0.12573393 0.24722017 -0.019627672
-0.12663384 0.052608117 -0.017687105
-0.13386118 -0.06436683 -0.013756892
-0.14626545 -0.08447792 -0.009798317
-0.1264403 0.25836173 -0.019331902
-0.12747778 0.060952354 -0.01739862
-0.13459444 -0.060342014 -0.013538753
-0.14697054 -0.08647565 -0.009637586
-0.12714429 0.2685532 -0.019016556
-0.12831023 0.068492584 -0.017093148
-0.1353216 -0.056976218 -0.013308078
-0.1476552 -0.089102805 -0.009469503
-0.12784372 0.27779752 -0.018681869
-0.1291296 0.07522979 -0.016771086
-0.13604078 -0.054272536 -0.013064539
-0.14831841 -0.092351295 -0.009293166
-0.12853651 0.28609782 -0.01832809
-0.1299344 0.08116547 -0.016432755
-0.13675009 -0.052233163 -0.01280783
-0.14895919 -0.09621287 -0.009107742
-0.12922059 0.29345748 -0.017955426
-0.1307232 0.08630156 -0.016078386
-0.13744773 -0.05085944 -0.012537649
-0.14957662 -0.1006791 -0.008912457
-0.12989397 0.29988003 -0.017564123
-0.13149464 0.09064038 -0.015708176
-0.13813193 -0.050151866 -0.012253727
-0.15016983 -0.105741434 -0.008706596
-0.1305547 0.3053692 -0.01715441
-0.13224739 0.094184555 -0.015322265
-0.13880093 -0.05011013 -0.011955807
-0.15073797 -0.11139115 -0.008489494
-0.1312009 0.309929 -0.0167265
-0.13298017 0.09693708 -0.01492075
-0.13945307 -0.050733153 -0.011643649
-0.15128024 -0.11761946 -0.00826054
-0.13183069 0.3135637 -0.016280597
-0.13369173 0.098901235 -0.014503693
-0.14008673 -0.052019104 -0.011317026
-0.15179586 -0.12441745 -0.008019163
-0.13244231 0.31627765 -0.015816893
-0.13438082 0.10008059 -0.014071129
-0.14070034 -0.053965442 -0.010975726
-0.1522841 -0.13177606 -0.0077648405
-0.13303399 0.31807554 -0.015335564
-0.13504626 0.10047899 -0.013623069
-0.14129242 -0.05656898 -0.010619549
-0.15274425 -0.1396862 -0.0074970853
-0.13360406 0.31896216 -0.01483677
-0.13568683 0.100100584 -0.013159504
-0.14186154 -0.059825886 -0.010248308
-0.15317562 -0.14813855 -0.0072154514
-0.13415086 0.3189426 -0.014320672
-0.13630137 0.09894979 -0.012680422
-0.14240633 -0.06373175 -0.0098618325
-0.15357757 -0.15712386 -0.0069195307
-0.13467278 0.31802216 -0.013787372
-0.13688871 0.0970313 -0.012185763
-0.14292547 -0.068281636 -0.00945994
-0.15394942 -0.16663267 -0.0066089393
-0.13516825 0.31620622 -0.013237001
-0.13744773 0.09435009 -0.011675494
-0.14341775 -0.073470056 -0.00904248
-0.15429065 -0.17665546 -0.0062833363
-0.13563575 0.31350043 -0.012669664
-0.1379773 0.090911396 -0.011149562
-0.14388195 -0.0792911 -0.008609302
-0.15460062 -0.18718262 -0.005942407
-0.13607378 0.30991066 -0.012085448
-0.13847631 0.08672073 -0.010607909
-0.14431699 -0.085738376 -0.008160266
-0.15487882 -0.19820447 -0.0055858665
-0.13648091 0.30544287 -0.011484444
-0.1389437 0.08178387 -0.010050487
-0.14472179 -0.09280514 -0.0076952446
-0.15512477 -0.20971125 -0.0052134614
-0.13685568 0.3001033 -0.010866693
-0.13937838 0.076106854 -0.009477208
-0.14509535 -0.10048425 -0.0072140964
-0.15533793 -0.22169316 -0.0048249504
-0.1371967 0.29389837 -0.010232281
-0.13977934 0.06969601 -0.008888034
-0.14543672 -0.10876822 -0.0067167203
-0.15551789 -0.23414025 -0.004420138
-0.13750263 0.2868346 -0.009581244
-0.14014554 0.0625579 -0.008282893
-0.14574502 -0.11764921 -0.0062029976
-0.1556642 -0.24704252 -0.0039988365
-0.13777211 0.27891877 -0.008913608
-0.140476 0.054699313 -0.0076617105
-0.14601937 -0.12711921 -0.005672815
-0.15577649 -0.26039007 -0.0035608776
-0.13800386 0.27015787 -0.008229437
-0.14076978 0.04612733 -0.007024453
-0.14625902 -0.13716985 -0.005126093
-0.15585439 -0.27417272 -0.003106134
-0.13819657 0.26055896 -0.007528761
-0.14102592 0.0368492 -0.0063710646
-0.14646325 -0.14779261 -0.004562742
-0.15589757 -0.2883805 -0.0026344846
-0.13834901 0.2501295 -0.0068115843
-0.1412435 0.02687254 -0.005701477
-0.14663129 -0.15897858 -0.003982666
-0.15590571 -0.3030031 -0.0021458175
-0.13845994 0.23887688 -0.0060779424
-0.14142166 0.016204996 -0.0050156536
-0.14676252 -0.1707189 -0.0033857955
-0.15587854 -0.3180305 -0.0016400511
-0.13852815 0.2268089 -0.0053278725
-0.14155956 0.0048545673 -0.0043135686
-0.14685638 -0.18300438 -0.0027720735
-0.15581585 -0.33345246 -0.0011171254
-0.13855249 0.2139335 -0.0045613865
-0.14165637 -0.007170572 -0.003595179
-0.14691226 -0.19582571 -0.0021414314
-0.15571742 -0.34925878 -0.00057698
-0.13853176 0.20025888 -0.0037785121
-0.14171128 -0.019861992 -0.0028604632
-0.14692968 -0.2091734 -0.0014938188
-0.15558302 -0.36543915 -1.9576542e-05
-0.13846487 0.18579331 -0.002979275
-0.14172357 -0.033211205 -0.0021094028
-0.14690815 -0.22303796 -0.00082918897
-0.15541252 -0.38198343 0.00055511406
-0.13835071 0.17054538 -0.002163719
-0.1416925 -0.047209468 -0.0013420013
-0.14684725 -0.23740976 -0.00014751393
-0.15520583 -0.39888144 0.0011470999
-0.13818818 0.15452394 -0.0013318702
-0.14161736 -0.061847802 -0.00055825256
-0.14674659 -0.25227898 0.0005512428
-0.15496281 -0.41612288 0.0017563923
-0.13797626 0.13773802 -0.0004837717
-0.14149751 -0.07711711 0.00024183044
-0.1466058 -0.26763582 0.0012671023
-0.15468338 -0.43369755 0.0023829874
-0.1377139 0.12019678 0.000380517
-0.14133231 -0.093008235 0.0010582154
-0.1464246 -0.28347054 0.0020000702
-0.15436754 -0.4515954 0.0030268673
-0.13740009 0.1019099 0.0012609451
-0.14112116 -0.109511614 0.0018908735
-0.14620271 -0.29977313 0.002750157
-0.15401524 -0.46980608 0.003688018
-0.13703386 0.082886904 0.0021574483
-0.14086351 -0.12661788 0.002739761
-0.14593989 -0.3165338 0.0035173625
-0.15362652 -0.4883197 0.0043664197
-0.13661426 0.063137874 0.0030699447
-0.14055878 -0.14431725 0.0036048144
-0.14563593 -0.33374268 0.0043016723
-0.15320137 -0.5071261 0.0050620423
-0.13614039 0.04267304 0.00399833
-0.14020653 -0.16259994 0.0044859475
-0.1452907 -0.3513898 0.0051030545
-0.15273994 -0.5262153 0.0057748468
-0.13561134 0.02150298 0.0049424996
-0.13980626 -0.18145591 0.005383074
-0.14490408 -0.36946532 0.005921479
-0.15224227 -0.5455772 0.0065048025
-0.13502623 -0.00036164947 0.0059023397
-0.13935752 -0.20087518 0.006296095
-0.14447595 -0.3879595 0.0067569097
-0.15170851 -0.5652021 0.007251885
-0.13438423 -0.022909835 0.006877703
-0.13885993 -0.22084759 0.0072248843
-0.14400628 -0.40686265 0.0076092896
-0.15113881 -0.5850801 0.008016059
-0.13368458 -0.046130184 0.007868422
-0.1383131 -0.24136275 0.008169294
-0.14349505 -0.42616498 0.008478545
-0.15053335 -0.6052014 0.008797293
-0.13292645 -0.07001111 0.008874325
-0.1377167 -0.26241025 0.009129179
-0.14294225 -0.44585702 0.009364606
-0.14989235 -0.6255564 0.009595574
-0.1321091 -0.09454092 0.009895204
-0.13707039 -0.2839797 0.010104358
-0.14234795 -0.4659294 0.010267379
-0.14921603 -0.6461357 0.010410889
-0.13123187 -0.11970721 0.010930819
-0.13637392 -0.3060603 0.011094632
-0.1417122 -0.48637256 0.01118675
-0.14850469 -0.66692954 0.011243228
-0.13029405 -0.14549783 0.011980918
-0.13562703 -0.3286416 0.0120997885
-0.14103512 -0.5071776 0.012122601
-0.14775862 -0.68792903 0.012092608
-0.12929502 -0.17189997 0.013045205
-0.1348295 -0.3517126 0.013119586
-0.14031683 -0.52833533 0.013074788
-0.14697817 -0.7091248 0.012959051
-0.1282342 -0.1989005 0.014123344
-0.13398117 -0.37526238 0.014153753
-0.1395575 -0.5498369 0.014043141
-0.14616372 -0.7305079 0.013842592
-0.12711097 -0.22648643 0.015214987
-0.13308182 -0.39928013 0.015202019
-0.13875727 -0.57167363 0.015027493
-0.14531566 -0.7520697 0.0147433095
-0.12592487 -0.25464392 0.016319713
-0.1321314 -0.42375457 0.016264055
-0.13791639 -0.593837 0.016027624
-0.14443448 -0.7738015 0.015661279
-0.12467541 -0.28335914 0.017437076
-0.13112977 -0.44867447 0.017339522
-0.13703503 -0.61631864 0.017043307
-0.14352065 -0.795695 0.016596617
-0.12336214 -0.31261814 0.01856658
-0.13007689 -0.47402868 0.018428052
-0.13611345 -0.63911045 0.018074287
-0.14257471 -0.81774217 0.017549476
-0.1219847 -0.3424064 0.01970767
-0.12897272 -0.4998057 0.019529227
-0.13515192 -0.6622045 0.019120272
-0.14159729 -0.8399353 0.018520024
-0.12054273 -0.37270924 0.020859743
-0.12781727 -0.525994 0.020642614
-0.13415068 -0.68559307 0.02018095
-0.140589 -0.862267 0.019508483
-0.11903592 -0.403512 0.022022137
-0.12661058 -0.5525822 0.02176773
-0.13311005 -0.70926875 0.02125597
-0.13955057 -0.8847305 0.020515103
-0.11746405 -0.43479922 0.023194114
-0.12535271 -0.5795582 0.022904038
-0.13203028 -0.733224 0.022344934
-0.13848278 -0.9073191 0.021540163
-0.11582691 -0.46655592 0.024374887
-0.124043785 -0.6069105 0.024050973
-0.13091171 -0.7574519 0.023447422
-0.13738649 -0.9300273 0.022583986
-0.11412432 -0.49876627 0.025563592
-0.12268392 -0.63462687 0.025207898
-0.12975465 -0.78194535 0.02456296
-0.13626257 -0.95284945 0.023646915
-0.112356186 -0.5314147 0.026759295
-0.121273324 -0.6626953 0.026374122
-0.12855943 -0.8066978 0.025691025
-0.135112 -0.97578126 0.024729311
-0.110522404 -0.5644853 0.027960997
-0.1198122 -0.69110364 0.027548892
-0.12732635 -0.8317026 0.026831046
-0.13393584 -0.99881893 0.025831532
-0.10862296 -0.597962 0.02916761
-0.11830084 -0.71983933 0.028731368
-0.1260558 -0.8569533 0.027982369
-0.13273518 -1.0219597 0.026953897
-0.10665785 -0.63182867 0.030377986
-0.116739586 -0.74889 0.02992064
-0.12474813 -0.8824437 0.02914428
-0.13151112 -1.0452015 0.028096663
-0.10462708 -0.66606945 0.031590916
-0.1151288 -0.77824324 0.031115716
-0.12340369 -0.90816814 0.030315973
-0.1302648 -1.0685441 0.029259989
-0.102530785 -0.70066744 0.03280509
-0.113469 -0.807886 0.032315496
-0.12202289 -0.9341201 0.03149651
-0.12899734 -1.0919873 0.03044382
-0.100369036 -0.7356065 0.03401917
-0.11176066 -0.8378056 0.033518825
-0.12060606 -0.960294 0.032684833
-0.12770975 -1.1155322 0.031647872
-0.09814212 -0.77087086 0.03523175
-0.110004485 -0.86798996 0.034724478
-0.11915362 -0.9866847 0.03387972
-0.12640297 -1.1391817 0.032871507
-0.09585034 -0.8064435 0.03644144
-0.10820114 -0.8984256 0.035931177
-0.117665894 -1.0132859 0.035079725
-0.1250778 -1.1629381 0.034113586
-0.09349444 -0.8423091 0.03764662
-0.106351495 -0.9291005 0.037137695
-0.11614326 -1.0400928 0.036283188
-0.1237349 -1.1868056 0.035372376
-0.09107545 -0.8784519 0.038846493
-0.10445641 -0.96000236 0.038342897
-0.11458595 -1.0670999 0.03748816
-0.12237471 -1.2107878 0.036645286
-0.08859575 -0.9148577 0.04003785
-0.10251688 -0.9911197 0.039545942
-0.112994194 -1.0943023 0.038692437
-0.120997615 -1.2348888 0.037928585
-0.08605834 -0.9515132 0.04122514
-0.10053391 -1.0224409 0.040746294
-0.11136809 -1.1216948 0.03989346
-0.11960382 -1.2591122 0.0392168
-0.083472855 -0.98840654 0.04238833
-0.0985083 -1.0539553 0.041944332
-0.10970739 -1.1492726 0.04108867
-0.11819327 -1.2834612 0.040501785
-0.08084144 -1.0255402 0.04358996
-0.09644106 -1.0856537 0.043140803
-0.10801203 -1.1770309 0.042275023
-0.11676558 -1.307938 0.04177157
-0.07822415 -1.0628775 0.04460843
-0.094331846 -1.1175264 0.044337526
-0.106280595 -1.204965 0.043450546
-0.11531887 -1.3325472 0.04300874
-0.094325244 -0.1514167 -0.01891854
-0.105863415 -0.14997369 -0.018254917
-0.10265982 -0.06374069 -0.01882096
-0.1011737 0.024453381 -0.01964077
-0.11365015 0.0003501113 -0.020022593
-0.11059351 0.08085261 -0.020175122
-0.109039195 0.1628997 -0.020621102
-0.1088542 0.24678198 -0.021102635
-0.11699786 0.18760455 -0.020724783
-0.11602997 0.2629839 -0.020753805
-0.11586901 0.3386897 -0.02079154
-0.122142605 0.2615622 -0.02026484
-0.12186135 0.32921597 -0.019977422
-0.12189279 0.3961204 -0.019681325
-0.1222817 0.46185577 -0.019312892
-0.12673871 0.36549905 -0.018481664
-0.12693118 0.42319858 -0.017928308
-0.12721609 0.47904807 -0.017309988
-0.1308155 0.37464496 -0.016417705
-0.1310597 0.42290643 -0.015642883
-0.13122898 0.4688218 -0.014815051
-0.13133338 0.51209176 -0.013917093
-0.13429442 0.3975116 -0.012892388
-0.13427706 0.43347293 -0.011871337
-0.1341047 0.46640974 -0.010785102
-0.13659284 0.34892276 -0.009718154
-0.13630195 0.3749498 -0.0085037695
-0.13578813 0.3976107 -0.0072354507
-0.13503669 0.41667083 -0.0059016794
-0.13722464 0.29507506 -0.0047289217
-0.13629307 0.30754945 -0.0032764487
-0.13508536 0.3161046 -0.0017625869
-0.13695426 0.19568032 -0.0005617304
-0.13552894 0.1981111 0.0010832202
-0.13378473 0.19631897 0.002777795
-0.131677 0.19009845 0.0045337584
-0.13341162 0.07128645 0.005829919
-0.13106078 0.059379436 0.0077079367
-0.1283325 0.042768918 0.009640339
-0.12986933 -0.070787005 0.010940036
-0.1268452 -0.09247925 0.013005324
-0.12341834 -0.11911344 0.015108773
-0.119502455 -0.1508477 0.017262122
-0.121092044 -0.2568433 0.018628819
-0.116909735 -0.2929933 0.020893266
-0.1122543 -0.33437896 0.023190308
-0.113786265 -0.43115252 0.02450736
-0.10879694 -0.4761327 0.02691174
-0.10332451 -0.526352 0.029312951
-0.09722181 -0.5817419 0.03171756
-0.09912767 -0.66575295 0.03302834
-0.09281246 -0.72371584 0.03544496
-0.0857905 -0.78622484 0.037775997
-0.08800115 -0.8593472 0.039065193
-0.08090077 -0.9238437 0.041293655
-0.0728203 -0.9912329 0.043260153
-0.059940703 -1.2474511 0.04944713
0.0146867065 -2.1387162 0.07930571
0.1017246 -3.0069418 0.10625314
-0.0356789 -1.5493398 0.05956976
0.043363728 -2.4333704 0.088582724
0.13539547 -3.3012466 0.114482984
-0.009774088 -1.8482157 0.06947704
0.07381083 -2.728579 0.09756734
-0.058767296 -1.2412945 0.04941881
0.017698523 -2.1464767 0.079130985
0.10602957 -3.024549 0.10619063
-0.033772532 -1.5477211 0.05927886
0.046843853 -2.4447167 0.08849949
0.14002338 -3.3215175 0.11438808
-0.007305989 -1.8513677 0.06927149
0.077711985 -2.7431781 0.097524986
-0.057011828 -1.235148 0.04956533
0.02068746 -2.1538801 0.079029925
0.11030834 -3.042048 0.106151104
-0.0317182 -1.5456347 0.059237324
0.05032067 -2.4559135 0.08846252
0.14463946 -3.3415813 0.114312656
-0.004785953 -1.854074 0.06919844
0.08162707 -2.7577114 0.09751386
-0.055030964 -1.2291185 0.049718227
0.023725385 -2.1610675 0.07900198
0.11461227 -3.0594769 0.1061379
-0.029491724 -1.543572 0.059304252
0.053851716 -2.4670453 0.08846945
0.14928754 -3.361482 0.11426844
-0.0021556176 -1.8566757 0.0692269
0.085598975 -2.7722352 0.09753095
-0.05292501 -1.223247 0.049839824
0.026856497 -2.1682246 0.07904057
0.1189716 -3.0768938 0.1061495
-0.02712681 -1.5416814 0.059397846
0.057468973 -2.4782104 0.08851502
0.15398091 -3.3813097 0.11426278
-0.08712103 -1.115543 -0.09368482
-0.10607669 -1.3028523 -0.07994615
-0.12479534 -1.5168016 -0.061483663
-0.09131226 -1.1583391 -0.09020701
-0.110164344 -1.3524204 -0.07497131
-0.07543813 -1.016852 -0.0977574
-0.09548501 -1.2028083 -0.086274944
-0.11453009 -1.4063207 -0.069603264
-0.07994562 -1.0594623 -0.0949689
-0.099712245 -1.2496805 -0.08189734
-0.11944873 -1.4663423 -0.063925594
-0.084350534 -1.102967 -0.09170887
-0.10408696 -1.299804 -0.07708512
-0.06794312 -0.95950943 -0.098705955
-0.088731445 -1.1480354 -0.08798363
-0.108744346 -1.3542378 -0.07186185
-0.072645485 -1.002781 -0.096164264
-0.09317131 -1.1954082 -0.08380253
-0.11385101 -1.414503 -0.06633658
-0.07723469 -1.0468506 -0.09313179
-0.09776965 -1.2459503 -0.079175964
-0.0603377 -0.9018816 -0.0995408
-0.08179384 -1.0923892 -0.08962196
-0.10265209 -1.3007302 -0.074123785
-0.06520601 -0.94563544 -0.09727152
-0.08640818 -1.1401336 -0.08564758
-0.107944354 -1.3611009 -0.06873102
-0.06995347 -0.9901022 -0.09447327
-0.09117676 -1.1909401 -0.08122108
-0.113600604 -1.4283285 -0.06344254
-0.07466047 -1.0359699 -0.09118346
-0.09621818 -1.2458621 -0.076358564
-0.05762957 -0.8881363 -0.09828998
-0.07940184 -1.0839517 -0.08741898
-0.1016516 -1.3061838 -0.07110798
-0.06249196 -0.93281895 -0.09572886
-0.08425719 -1.1348728 -0.08319311
-0.107503705 -1.373077 -0.065708876
-0.118254386 -1.4128302 -0.0750836
-0.10089561 -1.2288374 -0.09001463
-0.08146221 -1.0527421 -0.10055333
-0.11483668 -1.366486 -0.07991799
-0.097062826 -1.1884382 -0.09363633
-0.12902352 -1.5145515 -0.06810956
-0.11126116 -1.3231258 -0.08442215
-0.09312624 -1.1491868 -0.09688504
-0.12503108 -1.4634377 -0.07330405
-0.107673354 -1.2821059 -0.08856649
-0.08905202 -1.1109096 -0.099815466
-0.12133396 -1.4172574 -0.07815048
-0.10404854 -1.2428641 -0.09234627
-0.13488017 -1.5633007 -0.065125175
-0.117833376 -1.3745393 -0.082720615
-0.10034376 -1.2050256 -0.09577307
-0.13126995 -1.512824 -0.07100164
-0.114373066 -1.3344151 -0.086978465
-0.09653701 -1.1683985 -0.098869994
-0.1276728 -1.4668928 -0.07611593
-0.11091158 -1.2963192 -0.09090481
-0.13971199 -1.6059954 -0.06224902
-0.124223456 -1.4247273 -0.08083454
-0.10741182 -1.2598666 -0.094495855
-0.13673039 -1.5586631 -0.06827513
-0.1208785 -1.3854666 -0.08523
-0.103848875 -1.2248589 -0.09775472
-0.13351047 -1.514234 -0.07374707
-0.11757306 -1.3484863 -0.08930564
-0.1002167 -1.1912162 -0.10070027
-0.13027504 -1.4730673 -0.07871443
-0.11426533 -1.3133931 -0.093056515
-0.1414088 -1.5993836 -0.065524496
-0.12709539 -1.4348104 -0.08329658
-0.11093024 -1.279959 -0.09647686
-0.13870229 -1.5578531 -0.07115978
-0.12396274 -1.3989989 -0.08753948
-0.107558675 -1.2480828 -0.0995635
-0.1358345 -1.5185925 -0.076368034
-0.120849654 -1.365262 -0.09145437
-0.1454462 -1.6346499 -0.062959425
-0.13292062 -1.481813 -0.08116663
-0.11773592 -1.333378 -0.09503807
-0.14324887 -1.59683 -0.06853575
-0.13001037 -1.4473816 -0.085598536
-0.11461341 -1.3032237 -0.09828047
-0.14082369 -1.5603704 -0.07388234
-0.12711313 -1.4150926 -0.089687526
-0.1114819 -1.2747416 -0.10116463
-0.13826507 -1.5257213 -0.07886951
-0.124225974 -1.3847721 -0.09343894
-0.14721447 -1.6308565 -0.06598475
-0.13564415 -1.4930747 -0.08349112
-0.121348284 -1.3563226 -0.09684482
-0.14524105 -1.5977896 -0.07135854
-0.13300213 -1.4624398 -0.08775971
-0.11848429 -1.3296866 -0.09988517
-0.14308426 -1.5658879 -0.07646876
-0.13036025 -1.433779 -0.09168266
-0.15065856 -1.6599156 -0.0635394
-0.14080833 -1.5354984 -0.08125034
-0.12773223 -1.4070507 -0.09525602
-0.14912091 -1.6305965 -0.068864025
-0.13846652 -1.5068362 -0.085688084
-0.12513112 -1.38224 -0.09846196
-0.14737685 -1.6018789 -0.07402951
-0.13609849 -1.480007 -0.08977949
-0.12256959 -1.3593352 -0.10123488
-0.1454764 -1.5741861 -0.07892438
-0.13373405 -1.4550807 -0.09351981
-0.15250398 -1.6587354 -0.06643094
-0.14347048 -1.5478371 -0.083504066
-0.13139798 -1.4321 -0.09689413
-0.15116477 -1.6334943 -0.07159873
-0.14140606 -1.5230787 -0.08774957
-0.12911268 -1.4111062 -0.09986459
-0.14964859 -1.6088204 -0.07655984
-0.1393243 -1.5000818 -0.09164934
-0.15542996 -1.6822782 -0.064067475
-0.14799838 -1.585101 -0.08124579
-0.13726144 -1.4789836 -0.09518825
-0.15447839 -1.6606745 -0.069204085
-0.14626013 -1.5626549 -0.08562124
-0.13525006 -1.459882 -0.09833585
-0.15334144 -1.6392508 -0.0741924
-0.14447972 -1.5417572 -0.08966499
-0.15793192 -1.70133 -0.061769202
-0.1520525 -1.6183956 -0.07894913
-0.14270107 -1.5226226 -0.093358435
-0.15734968 -1.6834692 -0.06685905
-0.15065247 -1.5984867 -0.083425805
-0.14096567 -1.5054312 -0.09667456
-0.15657936 -1.6654285 -0.07184596
-0.14918663 -1.579853 -0.087592006
-0.13931243 -1.4903123 -0.09956109
-0.15564711 -1.6476136 -0.0766429
-0.1477023 -1.5627925 -0.09142426
-0.15980884 -1.701963 -0.06456766
-0.15458746 -1.6304082 -0.08119237
-0.14624687 -1.5475479 -0.09489611
-0.15938939 -1.6873972 -0.06953517
-0.1534422 -1.6141934 -0.08545681
-0.14486657 -1.5343218 -0.09796574
-0.15880321 -1.6727245 -0.07434814
-0.15225841 -1.5993106 -0.08940823
-0.16188745 -1.7162912 -0.06232837
-0.15807869 -1.6583508 -0.07894512
-0.15108624 -1.5860734 -0.093019456
-0.16179919 -1.7052336 -0.067267895
-0.15725298 -1.6446663 -0.08328386
-0.14997691 -1.5747378 -0.09625429
-0.1615448 -1.6937754 -0.07207941
-0.15637079 -1.6320608 -0.08733312
-0.14898092 -1.5655068 -0.099051885
-0.16114524 -1.6823045 -0.07670288
-0.1554825 -1.6208864 -0.091065064
-0.1638367 -1.719063 -0.06504714
-0.16063255 -1.6712371 -0.08109398
-0.15464206 -1.6114624 -0.094446875
-0.16389737 -1.7108423 -0.06984635
-0.16004798 -1.660976 -0.08521997
-0.15390426 -1.6040388 -0.09743146
-0.16380933 -1.7023245 -0.07447977
-0.1594406 -1.6519213 -0.089053005
-0.1655267 -1.7290106 -0.06287274
-0.16359913 -1.6939163 -0.07890418
-0.15886527 -1.6444284 -0.09256301
-0.16588649 -1.7240471 -0.06765462
-0.16330403 -1.6860518 -0.083087064
-0.15837963 -1.6388056 -0.09570991
-0.16609482 -1.718491 -0.072286196
-0.16297087 -1.679149 -0.08700171
-0.15804051 -1.6352724 -0.0984199
-0.16617389 -1.7127696 -0.07672798
-0.16265438 -1.6736131 -0.09062093
-0.16753688 -1.7335141 -0.065506965
-0.16615683 -1.7073171 -0.08094983
-0.16241398 -1.6697878 -0.09391014
-0.1680259 -1.7309265 -0.070129596
-0.16608788 -1.7025901 -0.08492744
-0.16230945 -1.6679462 -0.096822105
-0.16837959 -1.7278832 -0.07457607
-0.16602117 -1.6990192 -0.08863717
-0.16887423 -1.7394012 -0.06340361
-0.16862689 -1.7248478 -0.07882105
-0.16601744 -1.6969991 -0.092049554
-0.16962688 -1.7397579 -0.06801497
-0.16880943 -1.7222896 -0.08284421
-0.166139 -1.6968362 -0.09512379
-0.17023969 -1.739383 -0.072456926
-0.16898069 -1.7206873 -0.08662639
-0.1699188 -1.7418523 -0.061343
-0.17073636 -1.7387365 -0.07671135
-0.16920282 -1.7204676 -0.09014343
-0.1709217 -1.7451442 -0.06594518
-0.17115562 -1.7383311 -0.08076409
-0.16954087 -1.7219862 -0.09336023
-0.17177813 -1.747399 -0.07037722
-0.17155053 -1.738674 -0.08460155
-0.17005539 -1.7254784 -0.09623
-0.17250834 -1.7491114 -0.07462965
-0.17198536 -1.7402493 -0.0882054
-0.17193198 -1.747235 -0.06392078
-0.17314807 -1.7508112 -0.07869741
-0.1725285 -1.7434443 -0.09154614
-0.17301828 -1.752094 -0.06834222
-0.17375024 -1.7530681 -0.08257416
-0.1732436 -1.7485348 -0.09458077
-0.1739666 -1.7561067 -0.0725835
-0.17438218 -1.756409 -0.086247936
-0.17268132 -1.7462072 -0.061939247
-0.17480963 -1.7598591 -0.07665308
-0.17511705 -1.7612785 -0.08969467
-0.17398274 -1.7536243 -0.06635586
-0.17560081 -1.7639666 -0.08055439
-0.17602226 -1.7679719 -0.09287515
-0.17513469 -1.7598875 -0.07057949
-0.17641206 -1.7690376 -0.08428262
-0.1771509 -1.7766514 -0.095736764
-0.17616391 -1.7656085 -0.07463872
-0.17732313 -1.77556 -0.08781853
-0.17469355 -1.7521753 -0.06442028
-0.17712441 -1.7714956 -0.07855116
-0.17840648 -1.7838671 -0.09112621
-0.17603615 -1.7606167 -0.06862379
-0.17809492 -1.7782313 -0.08232034
-0.17971665 -1.7941182 -0.09415652
-0.17723483 -1.7682241 -0.07266087
-0.1791648 -1.7863829 -0.08593056
-0.1751675 -1.7479135 -0.06253387
-0.17834392 -1.7757844 -0.07657208
-0.18041293 -1.7962996 -0.08934725
-0.1766933 -1.7584873 -0.066722654
-0.17945164 -1.7841121 -0.080371276
-0.18189499 -1.8081452 -0.09252387
-0.1780466 -1.767869 -0.07072525
-0.18066113 -1.7938465 -0.08404401
-0.18364389 -1.8219508 -0.09538724
-0.17928255 -1.7769893 -0.07462319
-0.18205993 -1.8053715 -0.08755319
-0.17712586 -1.7536812 -0.06488331
-0.18050325 -1.7868048 -0.07844485
-0.18370372 -1.8188206 -0.090854004
-0.17862268 -1.7647365 -0.068837404
-0.18183205 -1.7980777 -0.0821728
-0.18562138 -1.8342046 -0.09389623
-0.17996334 -1.7752632 -0.07270843
-0.18336754 -1.8111954 -0.085761055
-0.17735161 -1.7464083 -0.06311316
-0.18127023 -1.7864584 -0.07654942
-0.18516351 -1.8262607 -0.0891634
-0.17898567 -1.7590126 -0.067004636
-0.1826975 -1.7992107 -0.08033186
-0.18724158 -1.8432268 -0.09234119
-0.1804079 -1.7707814 -0.07082903
-0.18435767 -1.8139181 -0.083990216
-0.17737456 -1.7368509 -0.061409716
-0.18177031 -1.7832154 -0.07469188
-0.1862984 -1.8305979 -0.087472826
-0.17915536 -1.7509166 -0.065241136
-0.18327612 -1.7974118 -0.0785376
-0.18853016 -1.8491486 -0.09075276
-0.18063529 -1.7637008 -0.06898289
-0.18505387 -1.8137071 -0.0822631
-0.19105417 -1.8694683 -0.09380043
-0.18201578 -1.7772344 -0.07287759
-0.18713693 -1.83201 -0.0858072
-0.1791458 -1.7406592 -0.063581064
-0.18358187 -1.7928541 -0.07680888
-0.18951942 -1.8521234 -0.08915546
-0.18065912 -1.7541915 -0.0671644
-0.18548004 -1.8107803 -0.08060566
-0.1921929 -1.8739161 -0.09230878
-0.18200217 -1.7686436 -0.07111168
-0.18771328 -1.8307077 -0.08419587
-0.17892398 -1.7285044 -0.062106095
-0.18362248 -1.7857494 -0.07516975
-0.19025126 -1.852358 -0.087580994
-0.18048275 -1.7423829 -0.06536599
-0.18566054 -1.8053831 -0.079048194
-0.1930755 -1.8755554 -0.090785556
-0.18172057 -1.7575718 -0.06940517
-0.18806683 -1.8269677 -0.08267237
-0.19618145 -1.9002423 -0.09383453
-0.18337296 -1.7763182 -0.073656484
-0.19078188 -1.8501015 -0.08606711
-0.17999364 -1.728353 -0.06359053
-0.18561834 -1.7978278 -0.07762762
-0.19376928 -1.8746171 -0.08927655
-0.1809398 -1.7440993 -0.06779871
-0.18826419 -1.8210976 -0.081273004
-0.19701934 -1.9004439 -0.09235255
-0.18293457 -1.7649112 -0.07233488
-0.19119276 -1.8456855 -0.08465338
-0.17999715 -1.7123587 -0.061964143
-0.18545033 -1.7884318 -0.07639431
-0.19436483 -1.8713781 -0.08783046
-0.18013003 -1.7283305 -0.06646692
-0.1883926 -1.8134676 -0.080033556
-0.1977581 -1.8982015 -0.090864144
-0.016436502 -1.8380077 0.070350565
0.06448723 -2.6945202 0.09774821
-0.06514429 -1.2522645 0.051199645
0.007896459 -2.1222796 0.07973664
0.09300633 -2.9719975 0.10639843
-0.043018926 -1.5462917 0.061179128
0.03345665 -2.4026563 0.08889919
0.122897364 -3.247114 0.11473914
-0.019935276 -1.832452 0.070594415
0.060327496 -2.6798708 0.09781185
-0.068040624 -1.2537599 0.05117878
0.004193142 -2.113557 0.079865105
0.088539995 -2.9544268 0.10645272
-0.046287306 -1.5433894 0.061223954
0.02952214 -2.3908844 0.08896209
0.118109524 -3.2266433 0.11480787
-0.02341904 -1.8264863 0.07067794
0.05612971 -2.6651473 0.09784588
-0.07057453 -1.2558734 0.051102202
0.00050394656 -2.104636 0.07991182
0.084053256 -2.936793 0.10648388
-0.049316887 -1.5407956 0.061102245
0.02560029 -2.3790424 0.0889766
0.113309935 -3.2060874 0.114852645
-0.02678857 -1.8205272 0.07062871
0.051947474 -2.6504097 0.09784736
-0.072961085 -1.2585297 0.050998244
-0.0031190403 -2.0957184 0.079879835
0.07958523 -2.9191525 0.106489345
-0.052168444 -1.5387903 0.06091907
0.021728788 -2.3672485 0.08894235
0.108531 -3.1855056 0.11487137
-0.030020839 -1.8149102 0.0704898
0.04781029 -2.6357415 0.09781497
-0.07525131 -1.2617415 0.05087499
-0.006648118 -2.087021 0.07977889
0.07515999 -2.9015768 0.10646754
-0.054883208 -1.537472 0.06071471
0.017929766 -2.35564 0.08886058
0.103793144 -3.1649673 0.11486305
-0.033118438 -1.8098464 0.0702988
0.04373593 -2.621242 0.09774786
-0.07745819 -1.2655362 0.050738078
-0.010068548 -2.0787334 0.079624206
0.070792206 -2.8841486 0.10641717
-0.057482272 -1.5368798 0.060503434
0.01421844 -2.3443563 0.08873539
0.09910865 -3.144549 0.11482738
-0.036090046 -1.8054556 0.07008034
0.039736733 -2.6070175 0.09764635
-0.07958564 -1.26994 0.050591953
-0.013374906 -2.0709984 0.07943155
0.0664917 -2.8669577 0.10633765
-0.059976935 -1.5370322 0.06029072
0.010604417 -2.333524 0.08857337
0.09448538 -3.1243327 0.114764646
-0.038944393 -1.8018034 0.06984866
0.0358215 -2.5931737 0.09751244
-0.08163553 -1.2749746 0.050440237
-0.016567491 -2.0639167 0.079213925
0.062265545 -2.8500967 0.106229395
-0.062374305 -1.5379392 0.06007919
0.0070924335 -2.3232493 0.08838204
0.08992896 -3.1044047 0.11467575
-0.041689146 -1.7989252 0.069611706
0.03199601 -2.5798097 0.09734954
-0.08360955 -1.2806568 0.050285902
-0.019649614 -2.0575557 0.07898086
0.05811894 -2.8336568 0.10609389
-0.06467979 -1.5396057 0.059870508
0.0036835154 -2.3136158 0.08816857
0.08544379 -3.084852 0.11456216
-0.04433105 -1.7968404 0.06937404
0.028263366 -2.5670128 0.0971619
-0.08550973 -1.286999 0.050131418
-0.022625986 -2.0519595 0.07873899
0.054055452 -2.8177247 0.10593355
-0.06689815 -1.5420338 0.059665974
0.00037617638 -2.3046877 0.08793907
0.08103336 -3.0657604 0.11442586
-0.046876274 -1.7955586 0.06913844
0.024624461 -2.5548575 0.09695391
-0.0873386 -1.2940092 0.04997887
-0.025501912 -2.0471566 0.07849281
0.050077185 -2.8023796 0.105751336
-0.06903397 -1.5452226 0.059466735
-0.0028326365 -2.2965126 0.08769842
0.076700345 -3.047213 0.114269234
-0.049330607 -1.7950835 0.068906754
0.021078492 -2.5434053 0.09672976
-0.08909903 -1.3016924 0.049830027
-0.028282903 -2.0431647 0.07824546
0.046184935 -2.7876923 0.10555047
-0.07109176 -1.5491699 0.059273843
-0.0059468965 -2.2891254 0.08745047
0.07244664 -3.0292878 0.11409492
-0.051699612 -1.7954149 0.06868033
0.017623425 -2.5327063 0.096493125
-0.090794265 -1.3100505 0.049686406
-0.030974492 -2.0399945 0.077999175
0.04237839 -2.7737246 0.10533412
-0.073076054 -1.5538715 0.0590883
-0.008971093 -2.282551 0.08719812
0.06827332 -3.012057 0.11390568
-0.053988688 -1.79655 0.068460256
0.014256384 -2.5228002 0.09624714
-0.09242773 -1.3190835 0.04954935
-0.033582177 -2.0376508 0.07775559
0.038656358 -2.7605293 0.10510526
-0.07499137 -1.559322 0.058911055
-0.011909986 -2.276807 0.086943656
0.06418074 -2.995585 0.113704234
-0.056203086 -1.7984841 0.06824744
0.010973926 -2.5137186 0.095994405
-0.09400298 -1.3287898 0.049420033
-0.036111366 -2.0361354 0.07751598
0.03501695 -2.748151 0.10486658
-0.076842174 -1.565515 0.058743022
-0.014768463 -2.2719054 0.08668882
0.060168587 -2.9799285 0.11349316
-0.05834795 -1.8012108 0.06804267
0.0077722482 -2.5054858 0.09573706
-0.09552358 -1.3391669 0.04929952
-0.03856738 -2.0354466 0.077281326
0.031457774 -2.736627 0.10462041
-0.078632884 -1.5724435 0.058585074
-0.017551448 -2.2678537 0.08643494
0.05623597 -2.9651365 0.11327484
-0.06042829 -1.8047224 0.06784666
0.0046473336 -2.49812 0.09547681
-0.09699306 -1.3502116 0.049188774
-0.040955417 -2.035581 0.07705238
0.027976055 -2.7259877 0.10436875
-0.0803678 -1.5800998 0.05843806
-0.020263845 -2.264656 0.08618304
0.052381497 -2.9512506 0.113051385
-0.062448975 -1.8090109 0.06766001
0.0015950623 -2.4916356 0.095215
-0.09841479 -1.3619211 0.049088694
-0.043280568 -2.0365338 0.07682968
0.024568783 -2.7162566 0.10411324
-0.08205105 -1.5884764 0.058302782
-0.022910483 -2.2623136 0.08593383
0.04860336 -2.938303 0.11282462
-0.06441473 -1.8140674 0.067483194
-0.0013886993 -2.486042 0.09495265
-0.09979195 -1.3742927 0.04900013
-0.045547772 -2.0382984 0.07661357
0.021232788 -2.7074523 0.10385525
-0.08368659 -1.5975659 0.058179997
-0.02549607 -2.2608263 0.08568774
0.04489939 -2.92632 0.11259607
-0.06633009 -1.8198831 0.067316525
-0.0043080137 -2.4813466 0.0946905
-0.10112738 -1.3873254 0.048923887
-0.047761805 -2.0408683 0.076404124
0.01796484 -2.699588 0.10359589
-0.085278094 -1.6073619 0.05807038
-0.028025128 -2.2601924 0.085444935
0.04126712 -2.91532 0.11236699
-0.06819938 -1.8264495 0.067160085
-0.007166785 -2.4775531 0.09442907
-0.10242355 -1.40102 0.048860773
-0.04992721 -2.0442374 0.076201096
0.014761713 -2.692673 0.10333609
-0.08682893 -1.617859 0.057974484
-0.030501902 -2.26041 0.08520526
0.037703823 -2.9053135 0.11213836
-0.07002667 -1.8337594 0.0670136
-0.009968661 -2.4746642 0.094168685
-0.10368243 -1.4153804 0.0488116
-0.05204821 -2.0484 0.07600381
0.011620243 -2.6867113 0.1030767
-0.088342085 -1.6290544 0.057892643
-0.03293022 -2.2614777 0.08496828
0.034206524 -2.896305 0.11191095
-0.07181567 -1.8418075 0.06687626
-0.012716927 -2.4726803 0.093909666
-0.10490537 -1.4304141 0.048777245
-0.054128576 -2.053353 0.075811036
0.008537347 -2.6817026 0.10281862
-0.08982012 -1.6409484 0.05782483
-0.0353133 -2.2633948 0.0847333
0.030771999 -2.8882916 0.11168529
-0.07356967 -1.8505924 0.06674646
-0.015414398 -2.4716003 0.09365246
-0.10609302 -1.4461342 0.048758708
-0.056171365 -2.0590978 0.07562078
0.005510013 -2.6776416 0.102563
-0.09126506 -1.653546 0.057770398
-0.03765348 -2.2661626 0.08449949
0.027396794 -2.8812635 0.111461766
-0.07529133 -1.8601186 0.066621296
-0.018063348 -2.4714193 0.09339794
-0.10724522 -1.4625611 0.048757255
-0.058178503 -2.0656407 0.075430155
0.0025352517 -2.6745167 0.10231133
-0.09267848 -1.6668597 0.05772759
-0.03995187 -2.2697837 0.0842662
0.024077285 -2.875204 0.111240536
-0.076982446 -1.8704004 0.06649601
-0.020665487 -2.4721289 0.09314767
-0.10836101 -1.4797243 0.048774637
-0.060150173 -2.0729973 0.07523535
-0.0003899308 -2.6723084 0.10206556
-0.09406157 -1.6809131 0.057692654
-0.04220803 -2.2742598 0.08403337
0.020809911 -2.8700912 0.11102164
-0.07864344 -1.8814676 0.06636305
-0.023222027 -2.4737115 0.0929042
-0.1094388 -1.4976662 0.048813507
-0.062083907 -2.0811927 0.07503202
-0.0032684098 -2.6709888 0.101828076
-0.09541548 -1.6957471 0.057658147
-0.044419795 -2.2795901 0.083802216
0.017591756 -2.8658957 0.11080494
-0.08027235 -1.8933736 0.066211306
-0.025733707 -2.476139 0.09267103
-0.110477135 -1.5164468 0.048878044
-0.06397358 -2.0902615 0.07481636
-0.006102395 -2.6705189 0.1016015
-0.09674207 -1.7114322 0.057609584
-0.046583373 -2.2857625 0.083575614
0.014421768 -2.862584 0.1105903
-0.08186284 -1.9062048 0.06602614
-0.028200423 -2.4793677 0.09245215
-0.11147686 -1.5361508 0.048974503
-0.06580886 -2.1002405 0.07458708
-0.00889202 -2.670848 0.1013884
-0.098044455 -1.7280908 0.05751964
-0.048693467 -2.2927485 0.08335776
0.011302878 -2.8601172 0.11037784
-0.08340079 -1.9200857 0.06579258
-0.03061952 -2.483335 0.092251144
-0.11244759 -1.5569035 0.04910839
-0.067575656 -2.1111536 0.074346974
-0.0116325235 -2.671913 0.101191066
-0.09932481 -1.7459399 0.05734114
-0.05074143 -2.3004937 0.08315249
0.00824505 -2.85845 0.11016833
-0.08486038 -1.9351611 0.06550339
-0.032981064 -2.4879599 0.09206989
-0.11342635 -1.5789161 0.049258694
-0.06925414 -2.122988 0.0741016
-0.0143099055 -2.673636 0.101011656
-0.100567214 -1.7653486 0.05701225
-0.05270593 -2.308916 0.08296114
0.0052675493 -2.8575306 0.10996419
-0.08619588 -1.9515322 0.065165095
-0.035259116 -2.4931426 0.09190852
-0.11453829 -1.6026642 0.04922935
-0.07079383 -2.1356733 0.07385519
-0.016897967 -2.6759224 0.100853376
-0.10163568 -1.7867867 0.05650295
-0.054533105 -2.3179066 0.08278458
0.0023944317 -2.8572977 0.10977204
-0.11348687 -1.6988629 0.04948917
-0.11283888 -1.8103575 0.05037928
-0.10901088 -1.813036 0.052118655
-0.10566076 -1.8176978 0.054008994
-0.10227087 -1.825864 0.056118753
-0.10108411 -1.9248705 0.05698885
-0.09765224 -1.9327098 0.059138622
-0.09385714 -1.9443929 0.061361738
-0.09341806 -2.0319288 0.06236156
-0.08970235 -2.043579 0.06458974
-0.08550602 -2.0589807 0.06685038
-0.08082178 -2.078044 0.06913604
-0.081873044 -2.1510155 0.0701958
-0.07721606 -2.1702027 0.07246461
-0.07208128 -2.1927638 0.07475013
-0.07409549 -2.2558897 0.075865075
-0.0689308 -2.2787666 0.07813045
-0.06331491 -2.3047202 0.080407634
-0.05725818 -2.333622 0.08269459
-0.06057885 -2.3852997 0.083808005
-0.054469407 -2.4144673 0.08607247
-0.047943283 -2.4462988 0.08834478
-0.052098263 -2.49031 0.0894755
-0.045491625 -2.5224764 0.09172482
-0.038494874 -2.5570333 0.09398096
-0.031118898 -2.5938723 0.096244335
-0.036334492 -2.6291356 0.097354196
-0.0288719 -2.66619 0.09959387
-0.021053845 -2.705267 0.10184167
-0.026959902 -2.73476 0.10295543
-0.01903547 -2.7740629 0.1051789
-0.010783112 -2.815125 0.10741249
-0.0022163822 -2.8578775 0.10966339
-0.008949433 -2.880873 0.11072857
-0.0002708596 -2.9236112 0.11294784
0.008682811 -2.9677925 0.11519968
0.0014239808 -2.9867835 0.11621031
-0.20054767 -1.90525 -0.09020284
-0.19072618 -1.8134406 -0.08001545
-0.18126255 -1.7169603 -0.068154015
-0.19817178 -1.8802965 -0.087302685
-0.18842319 -1.7862749 -0.076878935
-0.17981625 -1.6881157 -0.06396938
-0.19579566 -1.8546492 -0.0843788
-0.18613727 -1.757712 -0.073591754
-0.20368274 -1.9227732 -0.091374554
-0.19341621 -1.8279812 -0.08140418
-0.18397477 -1.7277677 -0.070056096
-0.20115696 -1.8970886 -0.088522725
-0.19105327 -1.800055 -0.07834582
-0.18220425 -1.6969048 -0.0659799
-0.19865501 -1.8707675 -0.08564737
-0.18875489 -1.7707258 -0.075150385
-0.20688014 -1.9406397 -0.09251266
-0.19617018 -1.8434448 -0.082722194
-0.18661135 -1.7399681 -0.071721174
-0.20422816 -1.9144037 -0.089717984
-0.19372313 -1.8148515 -0.07971677
-0.18475366 -1.7079135 -0.06784082
-0.2016 -1.8875539 -0.08688476
-0.19136213 -1.7848107 -0.07658283
-0.18305112 -1.6742268 -0.06320536
-0.19899555 -1.8596897 -0.08399851
-0.18916923 -1.7532462 -0.07323502
-0.20738205 -1.9321132 -0.090900846
-0.19643553 -1.8305131 -0.08103169
-0.18725194 -1.7201929 -0.069519
-0.20463602 -1.9049003 -0.0881102
-0.19396727 -1.799814 -0.077942275
-0.18558757 -1.6855439 -0.065199435
-0.20191015 -1.8766205 -0.08525891
-0.19167173 -1.7674663 -0.07465778
-0.21062163 -1.9501197 -0.09207577
-0.19923522 -1.8469522 -0.08232422
-0.18966712 -1.7334452 -0.07105458
