-0.032064755 -1.1929425 -0.33173954
-0.011704527 -1.5660892 -0.31463182
-0.023513498 -1.4025822 -0.2846853
-0.034482695 -0.86794573 -0.24745068
-0.03173559 -1.1900885 -0.3274982
-0.012068956 -1.5640432 -0.3146223
-0.023845483 -1.4015099 -0.28468454
-0.034766722 -0.86904854 -0.24747105
-0.032265656 -1.1524302 -0.32948923
-0.050276473 -1.1497585 -0.32695276
-0.067188196 -1.2398334 -0.32856765
-0.081834495 -1.3967754 -0.33
-0.08706205 -1.6786739 -0.32656404
-0.10321537 -1.5483155 -0.30391818
-0.1170791 -1.2927039 -0.28159565
-0.12231817 -1.0106485 -0.25236654
-0.08716074 -1.6847413 -0.32653576
-0.10353701 -1.5503592 -0.30389667
-0.117441595 -1.2929915 -0.2815912
-0.12267106 -1.0104777 -0.25237742
-0.0873519 -1.690716 -0.32646224
-0.10385963 -1.5523384 -0.3038716
-0.11780469 -1.2932673 -0.28158823
-0.123024374 -1.0103668 -0.25239336
-0.08761514 -1.6968826 -0.32643726
-0.10418025 -1.5544 -0.30386287
-0.11816799 -1.2935618 -0.2815742
-0.123379126 -1.0101932 -0.2523714
-0.08792262 -1.7028617 -0.32633147
-0.10450313 -1.5563886 -0.3038192
-0.11853251 -1.2938374 -0.28158894
-0.123734616 -1.0100757 -0.25244418
-0.088193014 -1.7091978 -0.32625705
-0.10482468 -1.5584692 -0.3038368
-0.118897356 -1.2941388 -0.2815502
-0.12409165 -1.0098978 -0.25234166
-0.088590786 -1.7153159 -0.3262053
-0.105149575 -1.5604614 -0.30376893
-0.11926379 -1.2944173 -0.28159288
-0.12444971 -1.0097857 -0.25250185
-0.089031965 -1.7219115 -0.32622418
-0.10547258 -1.5625715 -0.30379626
-0.119631 -1.2947167 -0.28153643
-0.12481041 -1.0095745 -0.25234607
-0.08956193 -1.7279954 -0.32636124
-0.10579976 -1.564548 -0.3037631
-0.11999916 -1.2950137 -0.281564
-0.12517141 -1.0095206 -0.25244707
-0.087522335 -1.7584331 -0.33049738
-0.123037085 -0.8817503 -0.2353637
-0.12455221 -1.1371704 -0.26641765
-0.11474999 -1.4259449 -0.2927019
-0.09779265 -1.6633846 -0.31187227
-0.106390096 -1.8799772 -0.31349087
-0.13027413 -1.5136532 -0.29519498
-0.14249238 -1.1738751 -0.2701062
-0.14181016 -0.89572185 -0.23984595
-0.08471423 -1.7532232 -0.33335242
-0.08288793 -1.7632685 -0.34861487
-0.0833032 -1.7549458 -0.37593582
-0.08416731 -1.7528477 -0.33708686
-0.08303112 -1.7547854 -0.3563321
-0.13205121 -1.6406411 -0.17512292
-0.12971757 -1.6321036 -0.17519388
-0.12162244 -1.6055275 -0.17559949
-0.12732227 -1.6160005 -0.1753619
-0.11967877 -1.5917741 -0.17561501
-0.12640426 -1.6029963 -0.17550649
-0.086887516 -1.7595408 -0.33121333
-0.08508923 -1.8973082 -0.33023277
-0.0874352 -1.7617923 -0.33467102
-0.08443092 -1.9013394 -0.33114713
-0.08566367 -1.764171 -0.3350142
-0.07659898 -2.0453439 -0.33419535
-0.07012431 -2.0823152 -0.34819284
-0.06855657 -2.0952747 -0.37626827
-0.08293093 -1.9580746 -0.3314285
-0.08462092 -1.8536648 -0.33296302
-0.18146265 -2.2925506 -0.15331739
-0.14706968 -1.9403716 -0.16444752
-0.13441718 -1.6668973 -0.17433245
-0.16007304 -1.9789901 -0.16306153
-0.19250405 -2.3084235 -0.15164354
-0.21520562 -2.5558326 -0.14321584
-0.1844849 -2.3226976 -0.15237832
-0.149439 -1.9695162 -0.16357164
-0.12290511 -1.6289557 -0.17450474
-0.18435259 -2.3233745 -0.15241818
-0.14924996 -1.9696267 -0.1635927
-0.12310233 -1.628173 -0.17451642
-0.08439398 -1.7463658 -0.33711112
-0.08327659 -1.7478019 -0.35633692
-0.0863336 -1.724271 -0.3341294
-0.08395802 -1.7428234 -0.34226933
-0.08374364 -1.7371771 -0.36538026
-0.19742735 -2.442223 -0.1484744
-0.16001116 -2.0873384 -0.16000615
-0.12897457 -1.7385042 -0.17056568
-0.19733268 -2.4430704 -0.1485261
-0.1598624 -2.0876834 -0.16003475
-0.1286859 -1.7381114 -0.17056274
-0.08551464 -1.7272782 -0.3334041
-0.0837998 -1.7361681 -0.34867737
-0.084472924 -1.7252159 -0.37586442
-0.08504983 -1.7270105 -0.33719894
-0.08400243 -1.7268785 -0.35635138
-0.2110934 -2.5615847 -0.14454508
-0.17148848 -2.2066655 -0.1563645
-0.13844545 -1.853032 -0.16716403
-0.21101996 -2.5626178 -0.14462471
-0.17136246 -2.2072024 -0.15639871
-0.1382491 -1.8528641 -0.16717826
-0.08851953 -1.7022684 -0.33439663
-0.084585615 -1.723105 -0.34234703
-0.084534004 -1.7155644 -0.36535698
-0.08646323 -1.7078342 -0.3335498
-0.08445624 -1.7158979 -0.3487279
-0.08533997 -1.7028632 -0.37580633
-0.18380466 -2.3269112 -0.15262045
-0.14839877 -1.9702213 -0.16370526
-0.12110331 -1.6223881 -0.17483413
-0.18370108 -2.3276577 -0.15266116
-0.14822717 -1.9703665 -0.16372848
-0.120495394 -1.6213465 -0.17489497
-0.0856537 -1.707711 -0.3373088
-0.08471161 -1.705946 -0.35636592
-0.08871963 -1.6822133 -0.33480534
-0.08517776 -1.7034049 -0.3424327
-0.08531376 -1.6939067 -0.36533192
-0.19689612 -2.4475315 -0.14878464
-0.15913919 -2.089454 -0.16017982
-0.1282672 -1.7358037 -0.17061098
-0.19623697 -3.043991 -0.14827429
-0.1332507 -2.4456813 -0.15889482
-0.07962435 -1.8406957 -0.16781029
-0.21189363 -2.658018 -0.14653426
-0.21533048 -2.8350606 -0.14741212
-0.22036697 -3.0418465 -0.14677486
-0.22297832 -3.2209923 -0.14491443
-0.07135863 -1.6118923 -0.17216687
-0.085815206 -1.6007959 -0.17283411
-0.0998509 -1.5902414 -0.17345002
-0.11369468 -1.5941811 -0.1746158
-0.06633994 -1.6040744 -0.17195836
-0.08111869 -1.5973027 -0.17275444
-0.095353685 -1.586246 -0.17333803
-0.10925634 -1.585113 -0.17421113
-0.06572596 -1.5956546 -0.17204538
-0.080589436 -1.5899761 -0.17284311
-0.0949082 -1.5799991 -0.17342572
-0.108891435 -1.5798539 -0.17429659
-0.065096855 -1.5872303 -0.17213143
-0.080061704 -1.5826507 -0.17293184
-0.09446294 -1.5737543 -0.17351331
-0.108525135 -1.574599 -0.17438032
-0.064482674 -1.5788021 -0.17221645
-0.07953834 -1.5753257 -0.17302047
-0.09402868 -1.5675129 -0.17360057
-0.10817959 -1.5693516 -0.17446208
-0.06386741 -1.5703729 -0.1723004
-0.07901065 -1.568001 -0.17310892
-0.093573526 -1.5612704 -0.17368735
-0.10778882 -1.5641016 -0.17454158
-0.06324261 -1.561937 -0.1723834
-0.07849609 -1.5606776 -0.17319717
-0.09316093 -1.5550339 -0.17377348
-0.10748433 -1.558865 -0.17461842
-0.062648535 -1.5535012 -0.17246562
-0.07796671 -1.5533546 -0.17328525
-0.09268993 -1.5487964 -0.17385876
-0.107056536 -1.5536256 -0.17469206
-0.06201602 -1.5450624 -0.17254743
-0.07745893 -1.5460311 -0.17337354
-0.09229107 -1.5425584 -0.17394324
-0.10677693 -1.548386 -0.17476189
-0.08761026 -1.5469958 -0.33148146
-0.07701737 -1.3265984 -0.32966465
-0.061316185 -1.1948043 -0.32813326
-0.04396729 -1.126808 -0.32643345
-0.038946863 -1.1152714 -0.32602558
-0.056841217 -1.1631649 -0.32777935
-0.07292923 -1.2786686 -0.32942307
-0.08576125 -1.46879 -0.3309971
-0.03932575 -1.1068734 -0.3259915
-0.057069853 -1.1582664 -0.3279137
-0.072963595 -1.2761436 -0.3295973
-0.085519016 -1.4681555 -0.33121392
-0.04018435 -1.0983665 -0.32596275
-0.057528265 -1.1533355 -0.32804862
-0.0732832 -1.273577 -0.3297708
-0.085878335 -1.4674239 -0.3314288
-0.040639557 -1.0899986 -0.3259431
-0.057791803 -1.148441 -0.32818502
-0.07335758 -1.2710636 -0.3299444
-0.085716166 -1.4668317 -0.3316412
-0.041379873 -1.0814921 -0.32593367
-0.05819227 -1.1434958 -0.32832256
-0.07360246 -1.2684864 -0.33011794
-0.085914746 -1.4660984 -0.3318502
-0.041968077 -1.073113 -0.32593474
-0.058518697 -1.1385834 -0.32846075
-0.07375294 -1.2659571 -0.3302911
-0.08590975 -1.4654908 -0.33205506
-0.06077706 -0.79812515 -0.3338888
-0.11568902 -0.16036928 -0.3481357
-0.17898712 0.43408415 -0.36741525
-0.17990075 0.26231378 -0.37316856
-0.1471535 -0.3124404 -0.3766899
-0.11851124 -0.9103793 -0.38238728
-0.0942092 -1.4944149 -0.3871573
-0.08570131 -1.4535866 -0.33234864
-0.07353637 -1.254157 -0.3305635
-0.058599602 -1.1243795 -0.32864538
-0.042585578 -1.0551447 -0.32578304
-0.085633285 -1.4542868 -0.33215538
-0.07334561 -1.2567921 -0.33039376
-0.058235254 -1.1294254 -0.32851014
-0.041911297 -1.0637306 -0.3257726
-0.004949062 -1.2260282 -0.32589188
-0.017460585 -1.1763188 -0.31710717
-0.006157835 -1.192407 -0.32651925
-0.019008985 -1.1421987 -0.32028374
-0.007521638 -1.1575334 -0.32642794
-0.020908328 -1.1083456 -0.32726696
-0.011916282 -1.0401845 -0.33117995
-0.09209688 -0.1418852 -0.34446338
-0.17296922 0.5973487 -0.36202538
-0.17270726 0.41472864 -0.36470437
-0.107438534 -0.2045792 -0.34627306
-0.050148062 -0.88680625 -0.33293796
-0.15572834 0.25847965 -0.35946694
-0.09224035 -0.3711769 -0.3426883
-0.20103861 0.650583 -0.3744305
-0.13387476 0.04983386 -0.35312665
-0.07312925 -0.5966561 -0.33834714
-0.1776743 0.44636965 -0.3665308
-0.11286598 -0.16257353 -0.34754425
-0.05600489 -0.82653755 -0.33392915
-0.1552499 0.24194343 -0.35944846
-0.09285447 -0.37955853 -0.34261614
-0.20009984 0.630772 -0.37438354
-0.13369617 0.035487197 -0.35313195
-0.074211515 -0.600925 -0.33835077
-0.17694268 0.42806256 -0.36651185
-0.11303956 -0.17428455 -0.3474858
-0.057482872 -0.82630336 -0.33351025
-0.15476511 0.22541307 -0.35944062
-0.093441285 -0.38792956 -0.34263206
-0.19914775 0.61092305 -0.37435645
-0.13350858 0.021105196 -0.35312483
-0.07523981 -0.605308 -0.3382136
-0.19617748 -3.0452478 -0.14822336
-0.13311487 -2.4463527 -0.15885079
-0.07965465 -1.8405683 -0.16774039
-0.19611782 -3.0464783 -0.14817227
-0.13298075 -2.4469779 -0.15880701
-0.07976414 -1.8404083 -0.16767006
-0.1960573 -3.0476925 -0.1481211
-0.13284495 -2.4475632 -0.1587632
-0.07982187 -1.8400081 -0.16759902
-0.19599631 -3.0489123 -0.14806984
-0.13270947 -2.4481826 -0.15871948
-0.07964302 -1.8394847 -0.1675283
-0.19593495 -3.0501492 -0.14801854
-0.13257526 -2.4488993 -0.15867575
-0.079338856 -1.8396848 -0.16745812
-0.19587351 -3.0513906 -0.1479671
-0.1324417 -2.4496489 -0.15863182
-0.07880275 -1.8397572 -0.16738862
-0.19581011 -3.0526161 -0.14791574
-0.13230456 -2.4503584 -0.15858792
-0.078220196 -1.8395925 -0.1673207
-0.19574632 -3.0538101 -0.14786394
-0.13216597 -2.4510162 -0.15854311
-0.07772096 -1.8393916 -0.16725332
-0.1956261 -3.0549943 -0.14781289
-0.13192599 -2.4516728 -0.15849896
-0.07710489 -1.8392026 -0.16718873
-0.046703722 -1.5102197 -0.17074774
-0.05385076 -1.5470195 -0.17079315
-0.048738845 -1.5382549 -0.17066222
-0.05534903 -1.5741013 -0.1705856
-0.050815474 -1.5662436 -0.17056718
-0.05769456 -1.601153 -0.17052087
-0.19289964 -3.1031885 -0.1475924
-0.12671658 -2.4781616 -0.15863164
-0.06841814 -1.8278967 -0.16771992
-0.11148738 -0.8048661 -0.21531017
-0.09158512 -0.7571165 -0.213151
-0.07169731 -0.63301104 -0.21006532
-0.04879199 -0.43626383 -0.20645612
-0.110819265 -0.80291826 -0.21462329
-0.09116509 -0.7517981 -0.2121554
-0.071156554 -0.62436354 -0.20900965
-0.04791597 -0.4240327 -0.20545083
-0.110150576 -0.8014609 -0.21385191
-0.090733744 -0.74679327 -0.21119668
-0.07060412 -0.6161184 -0.20800176
-0.047027647 -0.4124829 -0.20452061
-0.10949374 -0.80044353 -0.2130256
-0.090290666 -0.7421084 -0.21026684
-0.07003936 -0.608285 -0.20703606
-0.04612888 -0.40163314 -0.20365134
-0.10885418 -0.79983634 -0.21216685
-0.0898377 -0.7377511 -0.20936137
-0.06946431 -0.6008772 -0.20610948
-0.045223534 -0.39150473 -0.202834
-0.108233124 -0.7996159 -0.2112905
-0.089376 -0.7337268 -0.20847654
-0.06888001 -0.59390444 -0.20521742
-0.044314522 -0.38211167 -0.20205998
-0.10763086 -0.7997645 -0.21040678
-0.088907 -0.7300407 -0.20760995
-0.06828782 -0.58737576 -0.20435621
-0.04340533 -0.37346545 -0.20132327
-0.10704703 -0.80026674 -0.20952205
-0.08843195 -0.72669756 -0.20675965
-0.067688964 -0.5812993 -0.20352243
-0.04249962 -0.3655733 -0.20061891
-0.106481224 -0.80110943 -0.20864053
-0.0879521 -0.7237017 -0.20592415
-0.06708469 -0.5756824 -0.20271331
-0.04160126 -0.35843855 -0.1999429
-0.10593302 -0.8022805 -0.20776485
-0.0874687 -0.72105706 -0.20510232
-0.06647628 -0.5705317 -0.20192648
-0.04071411 -0.35206047 -0.19929172
-0.10540204 -0.80376893 -0.20689681
-0.08698299 -0.71876705 -0.2042933
-0.06586501 -0.56585336 -0.20116009
-0.03984184 -0.3464344 -0.19866218
-0.104887985 -0.80556446 -0.20603766
-0.0864962 -0.7168347 -0.20349646
-0.06525219 -0.5616526 -0.20041265
-0.038987745 -0.34155238 -0.19805138
-0.10439064 -0.8076573 -0.20518827
-0.08600954 -0.71526235 -0.20271137
-0.06463916 -0.557934 -0.19968295
-0.03815466 -0.33740348 -0.19745676
-0.10390984 -0.81003815 -0.20434935
-0.085524224 -0.7140519 -0.20193781
-0.06402729 -0.55470145 -0.19897005
-0.03734489 -0.3339746 -0.196876
-0.10344545 -0.8126981 -0.20352143
-0.08504142 -0.71320456 -0.20117564
-0.06341795 -0.55195814 -0.19827321
-0.036560226 -0.33125094 -0.19630718
-0.102997355 -0.81562847 -0.20270498
-0.084562264 -0.7127211 -0.20042486
-0.062812544 -0.54970634 -0.19759175
-0.03580197 -0.32921672 -0.19574863
-0.10256549 -0.818821 -0.20190041
-0.08408784 -0.71260154 -0.19968551
-0.06221248 -0.5479477 -0.1969252
-0.035070997 -0.32785562 -0.19519906
-0.102149785 -0.8222676 -0.20110807
-0.08361921 -0.7128456 -0.1989577
-0.06161916 -0.5466831 -0.19627306
-0.034367833 -0.32715118 -0.19465743
-0.10175015 -0.82596046 -0.20032826
-0.08315735 -0.71345246 -0.19824156
-0.061033968 -0.5459124 -0.19563496
-0.033692725 -0.3270871 -0.19412301
-0.10136654 -0.82989204 -0.1995613
-0.08270324 -0.71442074 -0.19753727
-0.06045828 -0.545635 -0.19501056
-0.033045717 -0.3276475 -0.19359529
-0.10099886 -0.8340551 -0.19880742
-0.08225778 -0.7157487 -0.19684498
-0.059893433 -0.5458494 -0.1943995
-0.032426696 -0.32881713 -0.19307393
-0.10064704 -0.8384426 -0.19806685
-0.08182183 -0.71743447 -0.19616485
-0.059340723 -0.54655343 -0.19380152
-0.031835474 -0.3305814 -0.19255877
-0.10031099 -0.84304786 -0.19733977
-0.08139622 -0.7194754 -0.19549702
-0.058801398 -0.5477443 -0.1932163
-0.0312718 -0.33292642 -0.19204976
-0.09999061 -0.8478643 -0.1966264
-0.08098174 -0.7218688 -0.19484168
-0.058276664 -0.54941833 -0.1926436
-0.030735424 -0.33583903 -0.19154696
-0.099685796 -0.8528856 -0.19592683
-0.08057914 -0.7246117 -0.19419892
-0.05776765 -0.5515716 -0.19208314
-0.030226089 -0.33930686 -0.19105047
-0.09939646 -0.858106 -0.19524121
-0.08018914 -0.72770065 -0.19356886
-0.05727543 -0.5541994 -0.1915347
-0.029743573 -0.34331816 -0.19056045
-0.0991225 -0.86351967 -0.19456963
-0.07981242 -0.7311321 -0.1929516
-0.05680102 -0.5572966 -0.19099805
-0.029287698 -0.3478619 -0.19007713
-0.09886381 -0.8691212 -0.19391216
-0.07944965 -0.73490226 -0.19234721
-0.05634535 -0.5608576 -0.19047298
-0.028858308 -0.35292757 -0.18960069
-0.09862028 -0.8749054 -0.19326885
-0.07910145 -0.73900706 -0.19175573
-0.055909302 -0.56487644 -0.18995927
-0.028455315 -0.35850525 -0.18913136
-0.09839183 -0.8808673 -0.19263971
-0.07876841 -0.74344224 -0.1911772
-0.055493683 -0.5693468 -0.18945679
-0.028078677 -0.3645855 -0.18866938
-0.09817835 -0.8870023 -0.19202477
-0.078451104 -0.7482034 -0.19061165
-0.055099234 -0.574262 -0.18896534
-0.027728377 -0.37115932 -0.18821494
-0.09797976 -0.8933057 -0.191424
-0.07815007 -0.7532858 -0.19005905
-0.05472664 -0.5796153 -0.18848476
-0.027404474 -0.37821805 -0.18776827
-0.09779597 -0.8997734 -0.19083737
-0.07786582 -0.7586849 -0.18951938
-0.054376528 -0.5853995 -0.18801491
-0.027107028 -0.38575342 -0.18732952
-0.09762691 -0.90640146 -0.19026482
-0.077598825 -0.76439553 -0.1889926
-0.054049466 -0.5916075 -0.18755569
-0.026836175 -0.39375746 -0.18689889
-0.09747249 -0.91318583 -0.18970628
-0.07734954 -0.7704128 -0.18847866
-0.053745963 -0.5982318 -0.18710694
-0.026592044 -0.40222242 -0.18647653
-0.097332664 -0.920123 -0.18916167
-0.0771184 -0.77673155 -0.1879775
-0.053466503 -0.605265 -0.18666859
-0.026374819 -0.41114077 -0.18606257
-0.09720737 -0.92720944 -0.1886309
-0.0769058 -0.7833464 -0.18748899
-0.053211514 -0.61269957 -0.18624052
-0.02618471 -0.42050523 -0.18565716
-0.09709654 -0.934442 -0.1881138
-0.0767121 -0.7902521 -0.18701304
-0.052981373 -0.6205279 -0.18582265
-0.026021916 -0.43030855 -0.18526037
-0.097000144 -0.94181746 -0.18761028
-0.076537654 -0.7974431 -0.18654956
-0.052776437 -0.6287424 -0.18541488
-0.02588668 -0.44054374 -0.18487228
-0.096918136 -0.94933295 -0.18712017
-0.07638276 -0.80491406 -0.1860984
-0.05259702 -0.6373355 -0.18501714
-0.025779253 -0.45120394 -0.18449299
-0.096850485 -0.9569857 -0.18664333
-0.07624774 -0.8126593 -0.18565942
-0.052443415 -0.6462995 -0.18462935
-0.025699891 -0.46228227 -0.18412252
-0.09679715 -0.964773 -0.18617956
-0.07613282 -0.8206733 -0.1852325
-0.052315876 -0.65562683 -0.18425146
-0.025648862 -0.47377193 -0.18376093
-0.09675813 -0.97269243 -0.18572868
-0.076038264 -0.82895046 -0.18481746
-0.052214637 -0.6653101 -0.18388335
-0.025626432 -0.48566642 -0.18340822
-0.09673338 -0.98074156 -0.1852905
-0.07596427 -0.8374851 -0.18441413
-0.0521399 -0.6753416 -0.183525
-0.025632862 -0.4979589 -0.18306439
-0.09672291 -0.98891824 -0.1848648
-0.07591106 -0.84627163 -0.18402235
-0.05209187 -0.68571407 -0.1831763
-0.02566845 -0.510643 -0.18272945
-0.096726686 -0.9972203 -0.18445137
-0.07587877 -0.8553044 -0.18364196
-0.052070703 -0.69642 -0.18283716
-0.02573344 -0.5237119 -0.18240337
-0.09674472 -1.0056458 -0.18404998
-0.07586757 -0.8645779 -0.18327272
-0.05207655 -0.7074522 -0.18250754
-0.025828112 -0.5371594 -0.18208611
-0.096777014 -1.0141926 -0.18366037
-0.075877585 -0.8740863 -0.1829145
-0.05210955 -0.7188032 -0.18218736
-0.02595273 -0.5509787 -0.18177763
-0.096823566 -1.0228593 -0.18328233
-0.07590893 -0.88382435 -0.18256706
-0.052169822 -0.73046607 -0.18187654
-0.026107553 -0.5651635 -0.18147784
-0.09688437 -1.0316441 -0.18291557
-0.07596167 -0.8937864 -0.18223022
-0.05225745 -0.7424336 -0.18157494
-0.02629281 -0.5797072 -0.1811867
-0.096959464 -1.0405455 -0.18255986
-0.07603592 -0.90396684 -0.18190378
-0.052372552 -0.75469863 -0.18128254
-0.026508782 -0.5946033 -0.18090414
-0.097048834 -1.0495617 -0.18221492
-0.0761317 -0.91436046 -0.18158752
-0.052515175 -0.76725435 -0.1809992
-0.026755663 -0.6098454 -0.18063003
-0.0971525 -1.0586917 -0.18188047
-0.07624905 -0.9249618 -0.18128124
-0.052685373 -0.78009385 -0.18072481
-0.027033677 -0.62542695 -0.18036425
-0.0972705 -1.0679342 -0.18155624
-0.076388024 -0.9357656 -0.18098474
-0.052883234 -0.79321027 -0.1804593
-0.02734308 -0.6413414 -0.18010674
-0.09740284 -1.0772877 -0.18124196
-0.0765486 -0.9467666 -0.18069777
-0.05310875 -0.806597 -0.18020254
-0.027684031 -0.65758234 -0.17985736
-0.09754955 -1.0867513 -0.18093733
-0.07673079 -0.9579597 -0.18042016
-0.05336197 -0.82024723 -0.17995441
-0.028056748 -0.6741432 -0.17961594
-0.09771067 -1.096324 -0.18064207
-0.07693456 -0.9693398 -0.18015169
-0.0536429 -0.8341545 -0.17971478
-0.028461413 -0.6910174 -0.1793824
-0.097886205 -1.1060046 -0.18035588
-0.07715989 -0.9809019 -0.17989211
-0.05395152 -0.8483122 -0.17948353
-0.028898176 -0.70819837 -0.17915653
-0.09807622 -1.1157924 -0.18007849
-0.07740672 -0.9926411 -0.17964125
-0.054287836 -0.86271405 -0.1792605
-0.029367214 -0.7256796 -0.17893821
-0.09828071 -1.1256864 -0.1798096
-0.07767499 -1.0045526 -0.17939886
-0.054651804 -0.87735367 -0.17904557
-0.029868657 -0.7434544 -0.17872725
-0.09849976 -1.1356862 -0.1795489
-0.07796464 -1.0166318 -0.17916477
-0.055043403 -0.89222485 -0.17883857
-0.030402664 -0.7615163 -0.1785235
-0.098733395 -1.1457907 -0.17929615
-0.07827559 -1.028874 -0.17893876
-0.055462588 -0.9073214 -0.17863934
-0.03096936 -0.7798583 -0.17832677
-0.09898165 -1.1559995 -0.17905103
-0.078607716 -1.0412748 -0.17872062
-0.05590927 -0.92263716 -0.17844771
-0.03156884 -0.79847395 -0.17813686
-0.09924458 -1.166312 -0.17881326
-0.078960925 -1.0538298 -0.17851016
-0.0563834 -0.9381664 -0.17826349
-0.032201227 -0.81735647 -0.17795359
-0.09952222 -1.1767277 -0.17858258
-0.07933508 -1.0665349 -0.17830719
-0.056884874 -0.9539029 -0.17808649
-0.03286659 -0.836499 -0.17777674
-0.09981462 -1.1872458 -0.17835873
-0.07973006 -1.0793856 -0.17811154
-0.05741361 -0.969841 -0.17791653
-0.033565037 -0.8558946 -0.17760612
-0.10012183 -1.1978663 -0.17814143
-0.08014571 -1.0923784 -0.17792302
-0.05796949 -0.98597497 -0.17775336
-0.034296613 -0.87553644 -0.17744151
-0.10044391 -1.2085886 -0.17793044
-0.08058187 -1.1055094 -0.17774147
-0.0585524 -1.0022993 -0.17759678
-0.0350614 -0.8954175 -0.17728268
-0.100780874 -1.2194123 -0.17772555
-0.081038356 -1.1187748 -0.17756674
-0.059162196 -1.0188082 -0.17744653
-0.03585943 -0.9155306 -0.1771294
-0.10113278 -1.2303371 -0.1775265
-0.08151498 -1.1321712 -0.1773987
-0.05979875 -1.0354964 -0.17730238
-0.036690753 -0.9358687 -0.17698145
-0.101499654 -1.2413629 -0.17733313
-0.08201152 -1.1456953 -0.1772372
-0.060461894 -1.0523586 -0.17716403
-0.03755538 -0.95642436 -0.17683858
-0.101881534 -1.2524894 -0.17714521
-0.082527764 -1.1593441 -0.17708215
-0.061151464 -1.0693895 -0.17703122
-0.038453344 -0.97719026 -0.17670052
-0.10227843 -1.2637162 -0.17696261
-0.08306345 -1.1731148 -0.17693345
-0.06186728 -1.086584 -0.17690362
-0.03938463 -0.99815875 -0.176567
-0.10269036 -1.2750435 -0.1767852
-0.083618335 -1.1870046 -0.17679101
-0.06260918 -1.103937 -0.17678091
-0.04034926 -1.0193223 -0.17643777
-0.10311732 -1.2864708 -0.17661284
-0.08419211 -1.2010113 -0.1766548
-0.06337693 -1.1214437 -0.17666276
-0.041347187 -1.0406728 -0.17631252
-0.103559285 -1.2979982 -0.17644545
-0.08478446 -1.2151327 -0.17652476
-0.064170346 -1.1390992 -0.17654876
-0.042378377 -1.0622023 -0.17619093
-0.10401625 -1.3096257 -0.176283
-0.08539508 -1.2293674 -0.17640084
-0.064989224 -1.156899 -0.17643857
-0.043442804 -1.0839027 -0.17607267
-0.10448816 -1.3213533 -0.17612548
-0.08602358 -1.2437136 -0.17628306
-0.0658333 -1.1748381 -0.17633171
-0.044540364 -1.1057652 -0.17595737
-0.104974955 -1.3331813 -0.17597288
-0.08666958 -1.2581707 -0.17617139
-0.06670237 -1.1929123 -0.17622775
-0.045670982 -1.1277815 -0.17584462
-0.10547657 -1.3451095 -0.1758253
-0.087332696 -1.272738 -0.17606582
-0.06759619 -1.211117 -0.1761262
-0.046834547 -1.1499423 -0.17573397
-0.105992936 -1.3571383 -0.17568281
-0.08801249 -1.2874155 -0.17596632
-0.06851448 -1.2294481 -0.17602652
-0.048030887 -1.1722386 -0.1756249
-0.10652397 -1.369268 -0.17554557
-0.08870854 -1.3022035 -0.17587283
-0.069456995 -1.2479013 -0.17592812
-0.0492598 -1.194661 -0.17551684
-0.1070696 -1.3814987 -0.17541377
-0.08942045 -1.3171031 -0.17578524
-0.070423454 -1.2664725 -0.17583033
-0.050521057 -1.2171997 -0.17540911
-0.10762975 -1.3938309 -0.17528765
-0.09014779 -1.3321157 -0.17570338
-0.071413554 -1.2851577 -0.17573245
-0.051814314 -1.2398448 -0.17530093
-0.108204424 -1.4062648 -0.17516747
-0.090890236 -1.3472432 -0.17562695
-0.07242703 -1.3039528 -0.17563362
-0.05313921 -1.2625862 -0.1751914
-0.108793646 -1.4188002 -0.1750536
-0.091647476 -1.3624882 -0.1755555
-0.07346356 -1.3228543 -0.17553292
-0.054495268 -1.285414 -0.17507951
-0.1093975 -1.4314371 -0.17494646
-0.0924193 -1.3778532 -0.17548838
-0.074522816 -1.3418581 -0.17542924
-0.05588188 -1.3083175 -0.17496406
-0.11001621 -1.4441749 -0.17484654
-0.09320557 -1.3933413 -0.17542474
-0.07560449 -1.3609611 -0.1753213
-0.057298377 -1.331287 -0.1748437
-0.11065015 -1.457012 -0.17475452
-0.094006285 -1.4089556 -0.17536336
-0.076708265 -1.380159 -0.17520757
-0.05874396 -1.3543122 -0.17471695
-0.11129982 -1.4699467 -0.17467137
-0.094821475 -1.4246991 -0.17530261
-0.077833824 -1.399449 -0.17508632
-0.060217746 -1.3773836 -0.17458215
-0.11196604 -1.4829748 -0.17459837
-0.09565126 -1.440574 -0.1752402
-0.078980885 -1.4188274 -0.17495546
-0.061718747 -1.4004918 -0.17443751
-0.11264939 -1.4960908 -0.17453854
-0.096495725 -1.4565828 -0.17517301
-0.080149174 -1.4382907 -0.17481263
-0.06324594 -1.4236284 -0.17428115
-0.113350816 -1.5092843 -0.17449544
-0.09735498 -1.4727266 -0.17509636
-0.0813385 -1.4578362 -0.17465517
-0.064798236 -1.4467858 -0.17411107
-0.114066795 -1.5225416 -0.1744845
-0.09822901 -1.4890059 -0.17500329
-0.0825487 -1.4774601 -0.17448027
-0.06637463 -1.469956 -0.17392509
-0.114791565 -1.5358261 -0.17451866
-0.09911808 -1.5054221 -0.17488348
-0.08377968 -1.4971602 -0.17428482
-0.06797385 -1.4931331 -0.17372067
-0.1154782 -1.5490708 -0.1747258
-0.10002329 -1.5219682 -0.17472795
-0.08503173 -1.5169306 -0.17406906
-0.069595605 -1.5163095 -0.17349724
-0.11467447 -0.8047846 -0.21709616
-0.12153244 -0.80812776 -0.21485607
-0.11676696 -0.8082518 -0.21353063
-0.112755775 -0.8079676 -0.21181233
-0.11855481 -0.82120246 -0.21124908
-0.114769615 -0.82352376 -0.20939773
-0.111204065 -0.82366395 -0.20748411
-0.107695065 -0.8210903 -0.20553304
-0.113218606 -0.8505328 -0.20517246
-0.110052794 -0.85018015 -0.20333034
-0.10679329 -0.8471638 -0.2015154
-0.11229457 -0.8869873 -0.2011101
-0.10941834 -0.8855199 -0.19942044
-0.106376626 -0.8817286 -0.1977736
-0.10316656 -0.87582725 -0.19617064
-0.10931915 -0.9274774 -0.19582698
-0.10644986 -0.9228139 -0.1943534
-0.10339429 -0.91655856 -0.19292572
-0.10970779 -0.97400755 -0.1925805
-0.10697658 -0.9685755 -0.19127594
-0.10405628 -0.9620951 -0.19001664
-0.100963816 -0.9548295 -0.18880452
-0.10789959 -1.0174228 -0.188543
-0.10510729 -1.0109535 -0.18744227
-0.10215092 -1.0042194 -0.18638627
-0.109153375 -1.0680609 -0.18614393
-0.106492035 -1.0619084 -0.18518947
-0.103680424 -1.0559736 -0.18427616
-0.10074223 -1.0504761 -0.1834063
-0.108151816 -1.114012 -0.18323639
-0.10550125 -1.1091743 -0.18245041
-0.102740824 -1.1051667 -0.1817033
-0.11002787 -1.1666039 -0.18155478
-0.10756276 -1.1631747 -0.18087912
-0.10500441 -1.1609013 -0.18023746
-0.102377616 -1.1599218 -0.179632
-0.109818876 -1.2176106 -0.17952827
-0.1074935 -1.2173095 -0.17897403
-0.10511034 -1.2185048 -0.17845173
-0.1122297 -1.2724098 -0.17836201
-0.11017939 -1.2743031 -0.17787708
-0.10807321 -1.2778066 -0.17742148
-0.10593258 -1.2829748 -0.17699946
-0.11304937 -1.3320825 -0.17691359
-0.11126556 -1.3379902 -0.17651163
-0.10941531 -1.3455396 -0.17614605
-0.11611433 -1.3911144 -0.17606398
-0.11472532 -1.3994747 -0.17571414
-0.11317833 -1.4093744 -0.17540947
-0.11154003 -1.4208643 -0.17514941
-0.11857448 -1.462779 -0.1750975
-0.117330864 -1.4750764 -0.17489956
-0.11579309 -1.4888608 -0.17471516
-0.12312523 -1.5277847 -0.17495161
-0.12222312 -1.5428529 -0.17505658
-0.12072956 -1.5597566 -0.17511535
3.4421384e-05 -0.05346311 -0.20577915
-0.0057245772 -0.13100547 -0.2070251
-0.002385965 -0.078493655 -0.20546472
0.0011572719 -0.02454267 -0.20377721
-0.0034432467 -0.09810657 -0.20441693
-0.0005268701 -0.055148974 -0.20286801
0.0028981655 -0.009791426 -0.2009785
0.006650504 0.038351156 -0.19904324
0.0012665357 -0.051199 -0.19938569
0.0046698586 -0.012998037 -0.19768363
0.00838801 0.027280727 -0.19576785
0.0022837315 -0.065712966 -0.1958969
0.0058728633 -0.03427644 -0.19441213
0.009608959 -0.001610925 -0.19269134
0.013653802 0.03273541 -0.19096413
0.006361736 -0.07192629 -0.19142406
0.010101809 -0.04680095 -0.18991907
0.01399756 -0.020785056 -0.18832625
0.0061253896 -0.12407433 -0.18873934
0.00979799 -0.10645436 -0.1874473
0.013530126 -0.08852572 -0.18604608
0.017332649 -0.07018032 -0.18471426
0.00870327 -0.17883582 -0.18528621
0.012204752 -0.16873418 -0.18407448
0.015740799 -0.1587248 -0.18284822
0.006840803 -0.26238143 -0.1833786
0.010028087 -0.2598038 -0.1823557
0.013225243 -0.25768793 -0.18128331
0.016318066 -0.25608093 -0.18030636
0.007013423 -0.36026743 -0.18087313
0.0098069785 -0.3655857 -0.17995115
0.012548566 -0.3717109 -0.17904872
0.003189739 -0.46876863 -0.17957406
0.005511073 -0.48104295 -0.17880113
0.007800599 -0.49431062 -0.17801087
0.009869974 -0.50872797 -0.17731991
0.00036157743 -0.6027743 -0.17780423
0.0021453602 -0.6225878 -0.17711605
0.003817828 -0.643653 -0.1764659
-0.0056001 -0.72957206 -0.17691363
-0.0043732957 -0.7553325 -0.17631717
-0.0032064435 -0.7823307 -0.17572507
-0.0023247192 -0.81083876 -0.1752261
-0.0117153395 -0.8914135 -0.17556976
-0.011090416 -0.92363054 -0.17501044
-0.010603967 -0.95723003 -0.1745028
-0.019829305 -1.0297749 -0.17483246
-0.0197739 -1.0665112 -0.17427605
-0.019779326 -1.1043631 -0.17374814
-0.020071698 -1.143786 -0.17330776
-0.029205594 -1.2100066 -0.17346449
-0.029702524 -1.2512858 -0.172884
-0.030314513 -1.2938428 -0.17238735
-0.039366182 -1.3531625 -0.17256513
-0.040322 -1.3970127 -0.17189503
-0.041312363 -1.44196 -0.17133683
-0.014441632 -0.2599943 -0.20906517
-0.012521288 -0.17916499 -0.21009088
-0.017835088 -0.26646128 -0.21297453
-0.02092016 -0.3547928 -0.21662569
-0.01723713 -0.2830489 -0.217283
-0.021571774 -0.37707305 -0.22092493
-0.024797322 -0.46721116 -0.22475287
-0.028160771 -0.5522629 -0.22866797
-0.023111587 -0.50819576 -0.2294968
-0.026273737 -0.5961219 -0.23323196
-0.029341023 -0.6781301 -0.23696928
-0.02256305 -0.6539918 -0.23817343
-0.025616469 -0.73668855 -0.24178018
-0.028463116 -0.81305563 -0.24536158
-0.03138487 -0.8831415 -0.24890788
-0.023190817 -0.88344616 -0.25023133
-0.025881752 -0.9522523 -0.2536719
-0.02854154 -1.0146407 -0.25707117
-0.019330902 -1.031326 -0.25850824
-0.021931114 -1.0911176 -0.26181167
-0.024471425 -1.144477 -0.26506808
-0.027030338 -1.1915743 -0.2682719
-0.01691168 -1.2254466 -0.26972976
-0.019445859 -1.2687466 -0.2728424
-0.021990465 -1.3058985 -0.27590057
-0.011095686 -1.3514303 -0.27739045
-0.01373929 -1.3838732 -0.2803557
-0.016400158 -1.4103569 -0.2832657
-0.01909619 -1.4311216 -0.286113
-0.0076265377 -1.4865956 -0.28757817
-0.010525556 -1.501866 -0.29033598
-0.013469917 -1.5116788 -0.29303125
-0.0013823002 -1.5739391 -0.2944839
-0.0046416335 -1.5775985 -0.2970836
-0.007956831 -1.5761081 -0.2996207
-0.011324782 -1.569759 -0.30208445
0.00096973666 -1.6349534 -0.3034788
-0.002827303 -1.6219205 -0.30584687
-0.0067036436 -1.6043773 -0.30813897
0.0060176733 -1.6715137 -0.30948225
0.0016487389 -1.6467849 -0.31166077
-0.0028457856 -1.617928 -0.31375542
-0.007454402 -1.5853016 -0.3157545
0.005202285 -1.6484534 -0.31698003
2.9871311e-05 -1.6082318 -0.31882584
-0.00543427 -1.5646833 -0.3205618
0.007548492 -1.6245935 -0.321652
0.0017607232 -1.573019 -0.3231466
-0.0046510207 -1.5186793 -0.32449985
-0.011644593 -1.4619383 -0.325756
0.0022161028 -1.5095642 -0.3263312
-0.0049492405 -1.444773 -0.32706037
-0.013654777 -1.3782194 -0.32768083
0.0010736851 -1.4142543 -0.32775277
-0.0061856275 -1.3394114 -0.32744464
-0.015728977 -1.2635025 -0.32680887
-0.11405737 -0.8195501 -0.2214005
-0.09351494 -0.7884015 -0.21902785
-0.07415197 -0.6820767 -0.21606797
-0.05275421 -0.50699085 -0.21287669
-0.1146983 -0.8239154 -0.22289853
-0.09387751 -0.79556304 -0.22036587
-0.07458623 -0.69297665 -0.21740508
-0.053427402 -0.5228692 -0.21436414
-0.1153017 -0.8288489 -0.22433089
-0.09423395 -0.80300385 -0.221732
-0.07500081 -0.7041952 -0.21877778
-0.0540559 -0.5392397 -0.21588062
-0.11586489 -0.83428776 -0.22572015
-0.09458207 -0.8107213 -0.2231177
-0.075393505 -0.71572524 -0.2201805
-0.054637846 -0.55607635 -0.21741846
-0.11639048 -0.8401869 -0.22708498
-0.09492102 -0.8187102 -0.22451772
-0.075764164 -0.7275534 -0.22160809
-0.055173006 -0.57334435 -0.21897236
-0.11688181 -0.84651136 -0.2284356
-0.09524945 -0.82696575 -0.22592835
-0.07611201 -0.7396668 -0.22305651
-0.05566094 -0.5910083 -0.2205385
-0.1173418 -0.8532329 -0.22977853
-0.09556625 -0.8354822 -0.22734661
-0.07643649 -0.7520512 -0.22452202
-0.056101624 -0.60903126 -0.22211346
-0.117772706 -0.8603275 -0.2311174
-0.09587027 -0.84425366 -0.22877021
-0.076737024 -0.7646921 -0.22600153
-0.05649551 -0.6273759 -0.22369438
-0.11817618 -0.867774 -0.23245423
-0.09616042 -0.85327375 -0.23019727
-0.07701308 -0.77757454 -0.22749236
-0.05684353 -0.6460056 -0.22527893
-0.11855335 -0.87555367 -0.23379
-0.096435584 -0.8625354 -0.23162632
-0.07726417 -0.790683 -0.22899225
-0.057147034 -0.66488475 -0.22686526
-0.11890501 -0.8836489 -0.23512512
-0.096694656 -0.87203103 -0.23305613
-0.077489816 -0.8040017 -0.23049927
-0.057407662 -0.6839796 -0.22845206
-0.11923168 -0.8920434 -0.23645967
-0.096936576 -0.8817524 -0.23448575
-0.07768963 -0.81751466 -0.23201169
-0.057627227 -0.70325834 -0.23003839
-0.1195337 -0.90072185 -0.23779355
-0.0971603 -0.8916903 -0.23591438
-0.07786325 -0.8312054 -0.23352803
-0.057807546 -0.72269124 -0.23162368
-0.11981131 -0.90966946 -0.23912658
-0.0973649 -0.90183514 -0.2373414
-0.0780104 -0.8450575 -0.23504692
-0.057950415 -0.7422506 -0.2332076
-0.120064646 -0.91887194 -0.24045849
-0.09754951 -0.9121764 -0.23876631
-0.078130886 -0.85905397 -0.23656718
-0.058057487 -0.76191044 -0.23478995
-0.1202938 -0.92831576 -0.24178903
-0.097713344 -0.92270297 -0.24018866
-0.078224525 -0.873178 -0.2380877
-0.05813016 -0.78164643 -0.23637062
-0.12049885 -0.9379875 -0.24311791
-0.09785573 -0.9334033 -0.24160807
-0.07829125 -0.8874124 -0.23960751
-0.058169715 -0.8014356 -0.23794955
-0.12067987 -0.9478742 -0.24444482
-0.09797613 -0.9442653 -0.24302417
-0.07833107 -0.90174 -0.24112569
-0.058177214 -0.821256 -0.23952663
-0.12083692 -0.9579633 -0.24576947
-0.09807406 -0.9552764 -0.24443665
-0.078344 -0.91614366 -0.24264142
-0.058153532 -0.8410865 -0.24110173
-0.12097012 -0.9682424 -0.24709155
-0.0981492 -0.9664238 -0.24584518
-0.07833024 -0.93060595 -0.24415395
-0.05809948 -0.86090666 -0.2426747
-0.121079564 -0.97869956 -0.24841075
-0.09820129 -0.97769433 -0.24724945
-0.07828995 -0.9451097 -0.2456626
-0.05801567 -0.8806964 -0.24424529
-0.121165365 -0.989323 -0.24972671
-0.098230146 -0.9890747 -0.24864914
-0.07822336 -0.9596377 -0.24716674
-0.057902656 -0.9004361 -0.24581325
-0.12122772 -1.0001013 -0.25103912
-0.09823572 -1.0005515 -0.2500439
-0.07813084 -0.9741728 -0.2486658
-0.057761 -0.9201063 -0.24737823
-0.12126678 -1.0110233 -0.25234765
-0.09821799 -1.012111 -0.2514334
-0.0780127 -0.98869795 -0.25015926
-0.057591148 -0.9396878 -0.24893992
-0.121282764 -1.022078 -0.25365195
-0.09817702 -1.0237396 -0.25281733
-0.077869385 -1.0031961 -0.25164664
-0.057393614 -0.9591613 -0.25049788
-0.12127592 -1.033255 -0.25495163
-0.09811299 -1.0354238 -0.25419533
-0.07770138 -1.0176506 -0.25312752
-0.057168927 -0.97850776 -0.25205174
-0.12124647 -1.0445437 -0.25624633
-0.09802605 -1.0471495 -0.25556707
-0.07750916 -1.0320446 -0.2546015
-0.05691757 -0.99770814 -0.25360107
-0.121194705 -1.0559343 -0.2575357
-0.09791649 -1.0589036 -0.25693217
-0.07729328 -1.0463617 -0.25606823
-0.056640137 -1.0167435 -0.2551454
-0.121120915 -1.0674168 -0.25881934
-0.0977846 -1.0706722 -0.2582903
-0.07705434 -1.0605854 -0.2575273
-0.056337245 -1.035595 -0.25668433
-0.12102541 -1.0789818 -0.2600969
-0.09763075 -1.0824418 -0.25964108
-0.076792955 -1.0746994 -0.25897846
-0.056009565 -1.0542438 -0.2582174
-0.12090851 -1.09062 -0.26136798
-0.09745533 -1.0941993 -0.2609842
-0.0765098 -1.0886877 -0.26042137
-0.055657823 -1.0726712 -0.25974417
-0.12077056 -1.1023226 -0.26263213
-0.0972588 -1.1059312 -0.26231933
-0.07620557 -1.1025344 -0.26185575
-0.055282798 -1.0908586 -0.26126426
-0.1206119 -1.1140807 -0.26388907
-0.09704165 -1.1176243 -0.26364607
-0.07588098 -1.1162238 -0.26328138
-0.054885343 -1.1087874 -0.2627772
-0.12043289 -1.1258857 -0.26513833
-0.096804395 -1.1292658 -0.2649641
-0.075536825 -1.1297404 -0.2646979
-0.054466352 -1.1264395 -0.26428264
-0.12023391 -1.1377296 -0.26637954
-0.09654762 -1.1408429 -0.2662731
-0.07517389 -1.1430688 -0.26610515
-0.054026812 -1.1437967 -0.26578015
-0.1200153 -1.1496044 -0.2676123
-0.09627189 -1.1523429 -0.26757273
-0.074793 -1.1561937 -0.26750287
-0.053567696 -1.1608411 -0.2672694
-0.11977746 -1.1615022 -0.2688363
-0.095977835 -1.1637534 -0.26886266
-0.07439503 -1.1691004 -0.26889077
-0.0530901 -1.177555 -0.26875004
-0.119520776 -1.1734155 -0.27005103
-0.095666125 -1.1750622 -0.27014259
-0.07398089 -1.1817741 -0.27026868
-0.052595142 -1.193921 -0.27022168
-0.11924562 -1.185337 -0.27125624
-0.09533745 -1.186257 -0.27141222
-0.07355151 -1.1942002 -0.27163637
-0.052084003 -1.2099218 -0.27168405
-0.11895241 -1.1972593 -0.2724515
-0.094992526 -1.1973263 -0.27267122
-0.0731079 -1.2063644 -0.2729936
-0.05155792 -1.2255408 -0.27313682
-0.118641496 -1.2091758 -0.27363646
-0.094632074 -1.2082584 -0.27391934
-0.07265101 -1.2182529 -0.27434018
-0.051018126 -1.240761 -0.27457967
-0.11831331 -1.2210797 -0.27481076
-0.094256885 -1.2190418 -0.2751563
-0.07218193 -1.2298516 -0.27567586
-0.05046597 -1.2555666 -0.27601236
-0.117968224 -1.2329642 -0.27597407
-0.09386772 -1.2296654 -0.27638182
-0.071701735 -1.2411473 -0.2770005
-0.04990278 -1.2699412 -0.27743462
-0.11760661 -1.2448229 -0.27712604
-0.09346539 -1.2401183 -0.27759564
-0.07121152 -1.2521266 -0.27831385
-0.049329933 -1.2838696 -0.27884614
-0.11722889 -1.2566496 -0.27826634
-0.09305073 -1.2503899 -0.27879754
-0.070712455 -1.2627767 -0.27961573
-0.048748877 -1.2973363 -0.2802467
-0.11683545 -1.2684382 -0.2793947
-0.09262461 -1.2604697 -0.27998728
-0.07020575 -1.2730851 -0.280906
-0.048161075 -1.3103266 -0.28163612
-0.11642665 -1.2801825 -0.28051075
-0.09218786 -1.2703476 -0.28116465
-0.06969258 -1.2830395 -0.2821844
-0.04756797 -1.3228259 -0.28301406
-0.116002865 -1.2918767 -0.28161427
-0.091741376 -1.2800136 -0.28232947
-0.06917424 -1.292628 -0.2834508
-0.046971098 -1.3348202 -0.28438038
-0.11556451 -1.3035148 -0.28270495
-0.09128608 -1.289458 -0.28348154
-0.06865201 -1.3018395 -0.28470504
-0.046372008 -1.3462956 -0.2857348
-0.11511194 -1.3150913 -0.28378254
-0.09082286 -1.2986717 -0.28462076
-0.06812722 -1.3106625 -0.28594694
-0.04577224 -1.3572391 -0.28707713
-0.11464551 -1.3266003 -0.2848468
-0.09035268 -1.3076453 -0.28574693
-0.067601226 -1.3190868 -0.28717634
-0.04517338 -1.3676376 -0.28840715
-0.11416559 -1.3380362 -0.28589752
-0.08987645 -1.31637 -0.28686
-0.06707541 -1.327102 -0.28839308
-0.044577025 -1.3774787 -0.28972465
-0.113672554 -1.3493935 -0.2869345
-0.08939517 -1.3248373 -0.2879598
-0.066551216 -1.3346987 -0.28959706
-0.043984793 -1.3867505 -0.29102936
-0.11316674 -1.3606665 -0.28795752
-0.088909805 -1.333039 -0.2890464
-0.06603008 -1.3418676 -0.29078808
-0.04339831 -1.395441 -0.29232112
-0.1126485 -1.3718495 -0.28896648
-0.08842134 -1.3409669 -0.29011968
-0.065513484 -1.3486003 -0.29196608
-0.042819206 -1.4035394 -0.29359964
-0.11211819 -1.3829373 -0.2899612
-0.087930776 -1.3486134 -0.2911797
-0.06500294 -1.3548888 -0.29313087
-0.042249143 -1.411035 -0.29486474
-0.11157614 -1.3939236 -0.2909416
-0.08743913 -1.3559711 -0.2922264
-0.064499974 -1.3607258 -0.29428235
-0.041689772 -1.4179171 -0.29611608
-0.11102268 -1.4048033 -0.29190758
-0.086947426 -1.3630328 -0.29326
-0.06400614 -1.3661046 -0.2954204
-0.04114275 -1.4241762 -0.29735348
-0.11045814 -1.4155703 -0.29285914
-0.0864567 -1.3697919 -0.29428053
-0.063523024 -1.3710191 -0.29654494
-0.040609747 -1.4298028 -0.2985766
-0.10988289 -1.4262186 -0.29379624
-0.08596803 -1.3762417 -0.29528818
-0.06305222 -1.3754641 -0.29765582
-0.04009245 -1.4347878 -0.29978517
-0.10929723 -1.4367423 -0.29471895
-0.08548247 -1.3823762 -0.29628316
-0.06259534 -1.3794351 -0.298753
-0.039592523 -1.4391227 -0.30097884
-0.1087015 -1.4471352 -0.2956273
-0.085001096 -1.3881896 -0.29726574
-0.06215399 -1.3829281 -0.29983634
-0.03911165 -1.4427994 -0.30215725
-0.10809604 -1.4573909 -0.29652146
-0.08452501 -1.3936762 -0.29823622
-0.06172982 -1.3859404 -0.30090576
-0.03865151 -1.4458104 -0.30332005
-0.10748121 -1.467503 -0.29740155
-0.084055334 -1.3988311 -0.299195
-0.061324455 -1.3884698 -0.30196118
-0.038213793 -1.4481485 -0.3044668
-0.106857345 -1.4774646 -0.29826787
-0.08359319 -1.4036496 -0.3001425
-0.060939524 -1.3905152 -0.30300254
-0.037800185 -1.4498068 -0.30559707
-0.10622481 -1.4872688 -0.29912075
-0.08313974 -1.4081272 -0.30107927
-0.06057665 -1.3920761 -0.30402976
-0.037412383 -1.4507791 -0.3067103
-0.105584 -1.4969084 -0.2999605
-0.082696155 -1.41226 -0.30200583
-0.060237445 -1.3931533 -0.30504274
-0.037052095 -1.4510596 -0.307806
-0.10493532 -1.506376 -0.30078763
-0.08226364 -1.4160447 -0.3029229
-0.059923485 -1.3937483 -0.30604148
-0.03672104 -1.4506428 -0.30888346
-0.10427919 -1.5156637 -0.30160272
-0.08184343 -1.4194782 -0.30383122
-0.05963633 -1.3938636 -0.3070259
-0.03642096 -1.4495243 -0.30994207
-0.10361609 -1.5247635 -0.30240643
-0.08143681 -1.4225578 -0.30473158
-0.05937748 -1.3935027 -0.30799598
-0.036153615 -1.4476993 -0.31098104
-0.10294649 -1.5336672 -0.30319953
-0.081045076 -1.4252818 -0.30562496
-0.059148412 -1.39267 -0.30895165
-0.03592081 -1.4451644 -0.3119995
-0.10227096 -1.542366 -0.3039829
-0.08066961 -1.4276487 -0.30651242
-0.05895053 -1.3913709 -0.3098929
-0.035724383 -1.4419163 -0.3129965
-0.10159009 -1.550851 -0.30475768
-0.08031183 -1.4296579 -0.307395
-0.05878516 -1.3896117 -0.3108197
-0.03556624 -1.4379526 -0.31397098
-0.100904524 -1.5591131 -0.305525
-0.079973206 -1.4313095 -0.3082741
-0.058653574 -1.3873997 -0.31173208
-0.035448357 -1.4332715 -0.31492174
-0.100215 -1.5671428 -0.3062863
-0.07965531 -1.4326042 -0.30915096
-0.058556944 -1.3847426 -0.31263003
-0.03537279 -1.4278721 -0.31584743
-0.09952229 -1.5749304 -0.3070431
-0.07935978 -1.433544 -0.31002718
-0.058496352 -1.3816495 -0.31351358
-0.035341717 -1.4217544 -0.31674656
-0.09882726 -1.582466 -0.3077972
-0.07908831 -1.4341317 -0.31090432
-0.058472786 -1.3781297 -0.31438276
-0.03535743 -1.4149194 -0.31761748
-0.098130845 -1.5897393 -0.30855054
-0.07884273 -1.4343714 -0.31178412
-0.058487136 -1.3741933 -0.3152376
-0.035422374 -1.4073697 -0.31845835
-0.097434066 -1.59674 -0.30930537
-0.07862492 -1.4342682 -0.31266838
-0.058540184 -1.369851 -0.3160782
-0.035539147 -1.3991092 -0.31926715
-0.09673799 -1.6034577 -0.3100641
-0.078436844 -1.4338291 -0.31355906
-0.05863263 -1.3651139 -0.31690454
-0.035710536 -1.3901434 -0.32004172
-0.09604376 -1.6098816 -0.31082946
-0.07828053 -1.4330622 -0.31445807
-0.05876507 -1.359993 -0.3177167
-0.035939485 -1.38048 -0.32077968
-0.09535254 -1.6160011 -0.3116044
-0.078158036 -1.4319776 -0.31536743
-0.058938023 -1.3545002 -0.3185147
-0.03622912 -1.370129 -0.3214786
-0.094665535 -1.6218052 -0.31239218
-0.078071415 -1.4305872 -0.3162891
-0.059151936 -1.3486469 -0.3192985
-0.03658269 -1.359103 -0.32213593
-0.09398391 -1.6272827 -0.3131963
-0.07802265 -1.4289045 -0.31722486
-0.0594072 -1.342445 -0.32006812
-0.037003525 -1.3474174 -0.3227491
-0.09330875 -1.6324222 -0.3140206
-0.0780136 -1.426945 -0.3181764
-0.059704155 -1.3359058 -0.32082337
-0.037494946 -1.3350908 -0.3233158
-0.092641026 -1.6372117 -0.3148692
-0.07804592 -1.4247258 -0.31914502
-0.0600431 -1.3290409 -0.32156408
-0.038060144 -1.3221452 -0.3238338
-0.091981485 -1.6416382 -0.31574664
-0.07812102 -1.4222653 -0.32013166
-0.060424317 -1.3218614 -0.32228988
-0.038702052 -1.3086063 -0.32430145
-0.0913306 -1.6456877 -0.31665787
-0.07824 -1.4195833 -0.32113662
-0.060848013 -1.3143779 -0.3230003
-0.03942315 -1.2945018 -0.32471773
-0.090688504 -1.6493446 -0.3176086
-0.07840362 -1.4166999 -0.32215932
-0.061314378 -1.3066012 -0.32369462
-0.04022535 -1.2798635 -0.32508254
-0.09005497 -1.6525897 -0.31860572
-0.07861239 -1.413635 -0.32319805
-0.061823454 -1.2985411 -0.32437187
-0.041109823 -1.264724 -0.32539696
-0.08942979 -1.6554003 -0.31965855
-0.07886664 -1.4104085 -0.32424906
-0.062375125 -1.2902071 -0.3250307
-0.042077012 -1.249118 -0.32566366
-0.08881368 -1.6577458 -0.32078168
-0.07916665 -1.4070387 -0.32530567
-0.06296897 -1.2816087 -0.32566968
-0.043126572 -1.2330798 -0.32588762
-0.088211484 -1.6595855 -0.32200128
-0.07951273 -1.4035423 -0.32635564
-0.063604094 -1.2727541 -0.3262866
-0.04425747 -1.2166427 -0.32607657
-0.08764069 -1.6608559 -0.32337
-0.07990496 -1.3999358 -0.32737952
-0.06427911 -1.2636521 -0.32688025
-0.045468077 -1.1998407 -0.32624447
-0.08715073 -1.6614572 -0.32502034
-0.080341764 -1.3962272 -0.3283436
-0.06499126 -1.254305 -0.3274464
-0.046754993 -1.182699 -0.32640997
-0.086919226 -1.6611676 -0.32724807
-0.080820516 -1.3924388 -0.32921112
-0.065738946 -1.244731 -0.32798862
-0.048115034 -1.1652577 -0.32660994
-0.13071293 -0.8138806 -0.22178139
-0.12249627 -0.8199283 -0.22303876
-0.12749292 -0.82823324 -0.22588407
-0.13318695 -0.8369961 -0.2288792
-0.12352001 -0.8502067 -0.23003004
-0.12853956 -0.86187303 -0.232858
-0.13401102 -0.87430036 -0.23568942
-0.14002663 -0.88763565 -0.23848742
-0.12835807 -0.9050567 -0.23950283
-0.13357581 -0.9207089 -0.24226001
-0.13913026 -0.9372693 -0.2449751
-0.1272953 -0.9548418 -0.24603105
-0.13223632 -0.9731473 -0.24873957
-0.13739629 -0.99227357 -0.25139952
-0.14279509 -1.0123528 -0.25402242
-0.13018475 -1.029681 -0.2551516
-0.13499732 -1.0508692 -0.25775105
-0.13999505 -1.073001 -0.26030958
-0.12753205 -1.0888245 -0.26146725
-0.13203382 -1.1117134 -0.26398963
-0.13667955 -1.1356478 -0.26646504
-0.14147232 -1.1607981 -0.26890188
-0.12857263 -1.1735859 -0.27006638
-0.13290647 -1.1992071 -0.27243727
-0.1373638 -1.2263179 -0.27476507
-0.124666736 -1.2352368 -0.27593255
-0.12871885 -1.2625352 -0.2781775
-0.13286358 -1.2917128 -0.28037503
-0.1370749 -1.3230304 -0.28253004
-0.124159515 -1.3243551 -0.28364295
-0.1280134 -1.3557814 -0.2856905
-0.13191989 -1.3898977 -0.2876936
-0.1192787 -1.3832102 -0.28880018
-0.1228518 -1.4171171 -0.2906799
-0.12644497 -1.4543647 -0.29251486
-0.12999712 -1.4953129 -0.29430863
-0.117428906 -1.4740655 -0.29532683
-0.1207027 -1.5147909 -0.2969809
-0.12394391 -1.5600199 -0.2985979
-0.111817025 -1.5246793 -0.29963982
-0.114742436 -1.5691934 -0.30110663
-0.117601834 -1.6191133 -0.30254558
-0.12032933 -1.6749045 -0.30396762
-0.10865345 -1.6151813 -0.30496046
-0.11104281 -1.670071 -0.30624148
-0.11332751 -1.7318362 -0.307537
-0.10261646 -1.6499743 -0.3087092
-0.104416534 -1.7098352 -0.3099119
-0.105920136 -1.7774843 -0.311211
-0.10721687 -1.8528911 -0.31265786
-0.098135196 -1.735201 -0.3140141
-0.09853767 -1.8080312 -0.31571752
-0.098035865 -1.8875785 -0.31790957
-0.092923984 -1.7438122 -0.31921658
-0.09202598 -1.8210529 -0.3223325
-0.08886261 -1.9001733 -0.32628942
-0.08512443 -1.766173 -0.33453423
-0.08259943 -1.7830622 -0.34213904
-0.0821075 -1.780921 -0.365422
-0.083255745 -1.7935278 -0.33353668
-0.08143561 -1.8051893 -0.34852993
-0.08147987 -1.8005186 -0.37603188
-0.08186549 -1.81995 -0.33697772
-0.0804299 -1.8264164 -0.3562862
-0.084335715 -1.8220965 -0.3341552
-0.080452845 -1.844941 -0.34199712
-0.07953045 -1.8473992 -0.36546874
-0.08160149 -1.8531653 -0.33405596
-0.07913625 -1.868597 -0.34842288
-0.078669496 -1.868736 -0.37614506
-0.07984263 -1.8811074 -0.33703575
-0.07794122 -1.8914019 -0.35624522
-0.083690956 -1.8749418 -0.33324394
-0.07821064 -1.9074631 -0.3419091
-0.07683383 -1.9139571 -0.36549467
-0.08027206 -1.9113384 -0.33442497
-0.076693825 -1.9324635 -0.348336
-0.07575601 -1.9367955 -0.37622067
-0.07786057 -1.9422604 -0.3371282
-0.075305596 -1.9566252 -0.35620385
-0.08293449 -1.9271986 -0.33244452
-0.07583848 -1.9703366 -0.3418466
-0.07400327 -1.980565 -0.3654997
-0.07892824 -1.9687476 -0.334503
-0.07406619 -1.9966127 -0.34826428
-0.0727275 -2.0047405 -0.37625897
-0.07576477 -2.00328 -0.33712882
-0.07249208 -2.0219872 -0.35616556
-0.08206064 -1.9797244 -0.33186302
-0.07321482 -2.0333598 -0.34177193
-0.07103311 -2.0472052 -0.36549196
-0.07724748 -2.0261033 -0.33432686
-0.071163915 -2.0608814 -0.3482081
-0.06961937 -2.0726383 -0.37626746
-0.18505001 -2.3200843 -0.15231289
-0.15027322 -1.969195 -0.16353998
-0.123209916 -1.6322205 -0.17459506
-0.1746558 -2.2157683 -0.15567769
-0.14221144 -1.8689592 -0.16666144
-0.20219316 -2.4618855 -0.14717305
-0.16496843 -2.1126606 -0.15894769
-0.13502279 -1.7716453 -0.16978957
-0.19107921 -2.3579578 -0.15073943
-0.15602581 -2.0112562 -0.162149
-0.12866874 -1.6780964 -0.17311431
-0.18060492 -2.2546642 -0.15417773
-0.14786166 -1.9120513 -0.16531545
-0.20834762 -2.4982662 -0.14547203
-0.17082293 -2.1525414 -0.157508
-0.14050095 -1.8155721 -0.16850139
-0.19712764 -2.3951929 -0.14914688
-0.16177048 -2.0520897 -0.16075714
-0.13389498 -1.7222819 -0.17181389
-0.18654142 -2.2927232 -0.15266792
-0.15347007 -1.9537761 -0.16396028
-0.214539 -2.5343626 -0.14371824
-0.17664383 -2.1914122 -0.15606359
-0.14592037 -1.8580205 -0.16717218
-0.20317517 -2.4319088 -0.14753568
-0.16746934 -2.0917614 -0.15936247
-0.13906765 -1.7650836 -0.17048271
-0.19244885 -2.3300407 -0.15114687
-0.15903182 -1.9942192 -0.16259816
-0.13281083 -1.6748493 -0.173865
-0.18241355 -2.2293487 -0.1546112
-0.1513139 -1.8991488 -0.16581793
-0.20921895 -2.468208 -0.14590132
-0.17309467 -2.1303356 -0.1579601
-0.1442447 -1.8067112 -0.16909786
-0.19830187 -2.3667054 -0.14960922
-0.16449082 -2.0334399 -0.16122504
-0.13771074 -1.7167085 -0.17248748
-0.13722861 -1.8523045 -0.1672759
-0.17064498 -2.2107453 -0.15660462
-0.21063669 -2.5693192 -0.14506254
-0.14578313 -1.9567261 -0.16432565
-0.18140152 -2.318275 -0.15342261
-0.12429468 -1.7029313 -0.17174189
-0.1550516 -2.0631623 -0.16132797
-0.19280897 -2.4266334 -0.15019968
-0.13196354 -1.8069367 -0.16872449
-0.16504446 -2.1712172 -0.15827739
-0.20483665 -2.535678 -0.14700927
-0.14040326 -1.913199 -0.1658095
-0.17573877 -2.2805376 -0.15517123
-0.119465046 -1.6558521 -0.17332278
-0.14958821 -2.0213993 -0.1628722
-0.18710475 -2.3908503 -0.1520193
-0.1268082 -1.7610526 -0.17021042
-0.15950151 -2.1312451 -0.15988907
-0.19911967 -2.502032 -0.14885607
-0.13508528 -1.8689924 -0.16727321
-0.17012867 -2.2424457 -0.15685332
-0.114715524 -1.6091111 -0.17432648
-0.14415894 -1.978988 -0.16437022
-0.18144844 -2.3547802 -0.15376563
-0.12179905 -1.7150865 -0.17158903
-0.15398513 -2.0906856 -0.16144404
-0.19344305 -2.468125 -0.15063737
-0.12985185 -1.8243057 -0.16869815
-0.16454154 -2.2038307 -0.15847275
-0.20610674 -2.5824492 -0.14751568
-0.1387714 -1.935932 -0.16582672
-0.17581016 -2.3182256 -0.15544645
-0.11682878 -1.6688261 -0.17270778
-0.14848757 -2.0494547 -0.16294743
-0.18777704 -2.4337568 -0.15236129
-0.124686845 -1.7791896 -0.17000811
-0.15896188 -2.1645539 -0.16003352
-0.20043598 -2.5503721 -0.14922947
-0.1334314 -1.892268 -0.16721621
-0.17017144 -2.2810287 -0.15706597
-0.11182614 -1.6217812 -0.1735561
-0.14301203 -2.0075057 -0.1643937
-0.18210219 -2.3987525 -0.15402986
-0.119536154 -1.7334234 -0.17115101
-0.15338564 -2.1245193 -0.16153596
-0.19474733 -2.517663 -0.15091714
-0.12811883 -1.8479115 -0.16850021
-0.16452307 -2.2430558 -0.15862575
-0.20810318 -2.6377223 -0.14773239
-0.13755405 -1.9647835 -0.16576387
-0.17640676 -2.3629665 -0.15564267
-0.114360325 -1.6866719 -0.17212279
-0.14781086 -2.083641 -0.16297296
-0.18902776 -2.4841635 -0.15256712
-0.12280105 -1.8026575 -0.1696575
-0.15886089 -2.2041996 -0.16012347
-0.20238158 -2.6065981 -0.14938377
-0.1320964 -1.9211559 -0.16703822
-0.17068414 -2.3262687 -0.15719745
-0.1091445 -1.6386515 -0.17295085
-0.14222969 -2.0418184 -0.16433224
-0.18326898 -2.4497359 -0.15417074
-0.1174534 -1.7562474 -0.17068775
-0.15318032 -2.164351 -0.1615527
-0.19660915 -2.5745285 -0.1510164
-0.12661736 -1.8764343 -0.16820751
-0.16492987 -2.2885437 -0.15868971
-0.21069957 -2.700603 -0.14768009
-0.13662823 -1.9989046 -0.16560358
-0.17746553 -2.4142504 -0.15572062
-0.112062134 -1.7084519 -0.17160338
-0.14747314 -2.1233904 -0.1629057
-0.1907795 -2.5413797 -0.1526142
-0.12110015 -1.8304057 -0.16927308
-0.15913852 -2.2496717 -0.16011366
-0.20486647 -2.669869 -0.14932597
-0.13099119 -1.9547284 -0.16678317
-0.1716128 -2.3775878 -0.1572099
-0.106617644 -1.6590716 -0.1724249
-0.14172842 -2.0811713 -0.16417709
-0.1848878 -2.5070229 -0.15416406
-0.115533575 -1.7828773 -0.17024277
-0.1533028 -2.2095263 -0.16146395
-0.19895792 -2.637901 -0.15093085
-0.12530662 -1.9091069 -0.16787322
-0.16570562 -2.3396232 -0.15863249
-0.10112086 -1.6079526 -0.17317744
-0.1359352 -2.0375373 -0.16536576
-0.17892973 -2.4713354 -0.1556561
-0.109911196 -1.7336763 -0.17112853
-0.1474143 -2.167967 -0.16273767
-0.19296984 -2.6045704 -0.15249197
-0.11956608 -1.8618746 -0.16887973
-0.15973799 -2.300231 -0.15998404
-0.20782201 -2.7392693 -0.14907075
-0.13008487 -1.9923295 -0.1664743
-0.17290086 -2.4341934 -0.15708326
-0.104231626 -1.6826644 -0.17194502
-0.14146523 -2.124853 -0.16393496
-0.18689863 -2.5697541 -0.15399697
-0.11376522 -1.812881 -0.16981113
-0.15370367 -2.2592793 -0.16126272
-0.20172822 -2.7068434 -0.15066338
-0.12417153 -1.9454039 -0.1675079
-0.16679658 -2.3954747 -0.15844128
-0.09849213 -1.6297193 -0.172708
-0.13544962 -2.0800436 -0.1650587
-0.18074088 -2.533331 -0.15543766
-0.10790235 -1.7620031 -0.17067745
-0.14759742 -2.2166407 -0.1624693
-0.19553457 -2.6727738 -0.15219755
-0.11819234 -1.8966295 -0.16847329
-0.16061273 -2.355057 -0.15972863
-0.21117707 -2.8137567 -0.14863068
-0.12936372 -2.0334136 -0.16611357
-0.1744936 -2.4951851 -0.15680942
-0.10197708 -1.7091309 -0.17148978
-0.1414155 -2.1721914 -0.16360669
-0.18923898 -2.6369438 -0.15366493
-0.11214636 -1.8458972 -0.1693783
-0.15434617 -2.312826 -0.1609463
-0.20484945 -2.7802846 -0.15022004
-0.12320611 -1.9848493 -0.1671055
-0.16815448 -2.4552042 -0.15811075
-0.09599294 -1.6541767 -0.17225917
-0.13515607 -2.1258225 -0.16467938
-0.18284012 -2.599245 -0.15506081
-0.10603462 -1.7931094 -0.17023143
-0.14799516 -2.2686727 -0.16209723
-0.19840454 -2.7448957 -0.15173268
-0.11697698 -1.9342546 -0.1680412
-0.16172233 -2.4132864 -0.15934275
-0.21485178 -2.8921366 -0.14800921
-0.12881906 -2.0774355 -0.1656929
-0.17633756 -2.5595765 -0.1563838
-0.0998597 -1.7381877 -0.17104132
-0.14155959 -2.2225041 -0.16318586
-0.19184276 -2.7074902 -0.15316717
-0.110678226 -1.8815452 -0.1689279
-0.15519732 -2.3693383 -0.16050844
-0.20824286 -2.8570056 -0.1496085
-0.1224059 -2.0269485 -0.16665348
-0.169732 -2.5178487 -0.15763518
-0.09362375 -1.6810585 -0.17181614
-0.13504083 -2.174236 -0.16421762
-0.18516558 -2.6679783 -0.15452266
-0.10431253 -1.8266511 -0.16977283
-0.14858101 -2.3232796 -0.1616123
-0.20150343 -2.8197079 -0.15110125
-0.11591927 -1.9742886 -0.16756777
-0.16302542 -2.4739811 -0.15881822
-0.08733207 -1.6216604 -0.17256351
-0.12844153 -2.1237996 -0.1651986
-0.17837557 -2.6262834 -0.15580091
-0.09788311 -1.7695078 -0.17058295
-0.14187622 -2.2750409 -0.1626599
-0.19463685 -2.7801645 -0.15250419
-0.109362446 -1.9193966 -0.16844244
-0.15622105 -2.4279084 -0.15993766
-0.21181966 -2.9356413 -0.1488388
-0.121765316 -2.0711353 -0.16613528
-0.17147648 -2.5823383 -0.1570057
-0.09139394 -1.7100594 -0.17136411
-0.13508692 -2.224567 -0.16365743
-0.18764754 -2.7383118 -0.1538201
-0.10273916 -1.8622173 -0.16928387
-0.14932324 -2.3795743 -0.16099936
-0.204745 -2.895848 -0.15030971
-0.115016244 -2.0161943 -0.16703431
-0.16447316 -2.53609 -0.15814233
-0.084847406 -1.6482462 -0.17212063
-0.12821786 -2.1718109 -0.16461152
-0.18054089 -2.6940951 -0.15505369
-0.09605289 -1.8027016 -0.17009751
-0.14233738 -2.328936 -0.16200978
-0.19753745 -2.853616 -0.15167849
-0.108198486 -1.9589326 -0.16790205
-0.1573715 -2.4874947 -0.1592171
-0.21548042 -3.0147052 -0.14792474
-0.12127408 -2.1167367 -0.16552901
-0.17332332 -2.6474721 -0.15621111
-0.08930619 -1.7407942 -0.17088713
-0.13526952 -2.2759602 -0.16297588
-0.190204 -2.8089023 -0.15295155
-0.1013155 -1.8993093 -0.16874409
-0.15017837 -2.4365213 -0.16023701
-0.20803216 -2.9718494 -0.14936969
-0.11426043 -2.059312 -0.1664165
-0.16600214 -2.59841 -0.15729958
-0.0825008 -1.6764339 -0.17165372
-0.12812598 -2.2206233 -0.16390476
-0.18275237 -2.7616746 -0.15413657
-0.09436949 -1.8372755 -0.16956457
-0.14290123 -2.383148 -0.16120945
-0.20044914 -2.9263933 -0.15069756
-0.10718073 -1.9995061 -0.16727993
-0.15858547 -2.5468872 -0.158327
-0.21911791 -3.0926504 -0.1468817
-0.120912634 -2.1629055 -0.16480316
-0.17519107 -2.7119088 -0.15524235
-0.08736057 -1.7727718 -0.1703651
-0.1355477 -2.3273625 -0.16214176
-0.19274025 -2.878313 -0.1519209
-0.100036934 -1.9372805 -0.16812393
-0.15108208 -2.4928913 -0.15930164
-0.21126041 -3.0461965 -0.14829943
-0.1136341 -2.1027882 -0.16567688
-0.16752931 -2.6595914 -0.15627861
-0.08028616 -1.7057128 -0.17114304
-0.12812488 -2.2691572 -0.1630405
-0.18491502 -2.8275924 -0.15305115
-0.09282807 -1.8725795 -0.16895121
-0.14350072 -2.4364188 -0.16023159
-0.20326939 -2.9970093 -0.1495752
-0.10629268 -2.0402424 -0.16653003
-0.15977694 -2.6047184 -0.15725568
-0.07313929 -1.6359764 -0.17188862
-0.12063816 -2.2085202 -0.16391042
-0.1769838 -2.7742248 -0.1541012
-0.085549235 -1.8053174 -0.16976172
-0.13584901 -2.3774707 -0.16112371
-0.1951554 -2.9450798 -0.15073916
-0.0988875 -1.9752176 -0.16736427
-0.15194364 -2.5472965 -0.15818402
-0.21432425 -3.1173851 -0.14711814
-0.11309001 -2.145427 -0.16475295
-0.16895787 -2.7182183 -0.15508527
-0.07818889 -1.7353615 -0.17055117
-0.12813187 -2.3160403 -0.16198191
-0.18693016 -2.8904102 -0.15180884
-0.09141334 -1.9076287 -0.16817838
-0.14403726 -2.487339 -0.15907273
-0.20589615 -3.0639925 -0.1483244
-0.10547954 -2.079818 -0.1655647
-0.1608486 -2.6595964 -0.1560186
-0.070732184 -1.6625104 -0.17130576
-0.120349035 -2.2520967 -0.16280535
-0.17860734 -2.833024 -0.15280476
-0.08385947 -1.8373349 -0.16896765
-0.13606095 -2.4248502 -0.15992719
-0.19735199 -3.007767 -0.14941628
-0.0977984 -2.0115812 -0.16633552
-0.1526649 -2.5983996 -0.15691501
-0.21711734 -3.1839142 -0.14582698
-0.11249562 -2.1855576 -0.16358712
-0.17020172 -2.7729745 -0.15375024
-0.07622078 -1.7641274 -0.16972233
-0.1280103 -2.359804 -0.16074695
-0.18870948 -2.9487529 -0.15042421
-0.090051115 -1.940514 -0.1670443
-0.14440641 -2.5346584 -0.15778266
-0.20822707 -3.125854 -0.14693715
-0.10453854 -2.1162663 -0.16431388
-0.16172343 -2.7103517 -0.15466675
-0.06835316 -1.6876253 -0.1704204
-0.11986385 -2.2921093 -0.16152556
-0.17999144 -2.887047 -0.1513864
-0.0821319 -1.8662909 -0.16764836
-0.13606262 -2.468381 -0.15862232
-0.19924356 -3.0649357 -0.1479473
-0.08639741 -1.682231 -0.3374868
-0.0856287 -1.6781166 -0.35638618
-0.08895407 -1.6464427 -0.3351167
-0.08626069 -1.6645671 -0.3426225
-0.08682821 -1.6507123 -0.3652758
-0.08839581 -1.6396036 -0.33455372
-0.08665333 -1.6423026 -0.34893206
-0.08844911 -1.6206772 -0.37555945
-0.087708145 -1.6266314 -0.33797413
-0.087577425 -1.6159477 -0.35642633
-0.0887074 -1.5998073 -0.3347253
-0.087653644 -1.6075476 -0.3429406
-0.08901352 -1.5860679 -0.36517513
-0.088844456 -1.5888988 -0.33542585
-0.08822069 -1.5832156 -0.34910974
-0.09092636 -1.5532459 -0.37531725
-0.08857976 -1.5735528 -0.33853737
-0.08938223 -1.5543487 -0.35645947
-0.08828758 -1.5581124 -0.33413184
-0.08877817 -1.5521675 -0.34328893
-0.09110974 -1.5216057 -0.36505488
-0.0888036 -1.5424576 -0.3360241
-0.08960412 -1.5252063 -0.34929278
-0.0933659 -1.4856168 -0.3750399
-0.089058034 -1.5232618 -0.33907896
-0.09106411 -1.4933736 -0.35648447
-0.08767624 -1.5198768 -0.33363283
-0.08964338 -1.4986038 -0.3436436
-0.09313637 -1.4573567 -0.36491612
-0.08847664 -1.4994665 -0.33634737
-0.09081518 -1.4683735 -0.34947494
-0.095787264 -1.4178059 -0.37472972
-0.08922293 -1.4756714 -0.3395221
-0.092636965 -1.433079 -0.3565002
-0.08687186 -1.4844258 -0.33323905
-0.090269364 -1.4469194 -0.3439709
-0.095108226 -1.3933551 -0.3647599
-0.0879511 -1.4592464 -0.3364797
-0.09186397 -1.4127767 -0.34964445
-0.09820524 -1.3498366 -0.37438956
-0.08915356 -1.4304953 -0.33984068
-0.09411086 -1.3735067 -0.35650328
-0.08589244 -1.4513452 -0.33291832
-0.0906912 -1.3970551 -0.34424216
-0.097035915 -1.3296325 -0.36458647
-0.087269016 -1.4213185 -0.33649203
-0.09276618 -1.3584224 -0.349787
-0.10063008 -1.2817377 -0.37402236
-0.088909276 -1.3874081 -0.34004185
-0.09549602 -1.3146771 -0.3564881
-0.08476039 -1.4203364 -0.3326438
-0.090948895 -1.3488687 -0.34444213
-0.098927975 -1.2662138 -0.36439487
-0.08645722 -1.3853425 -0.33642918
-0.09354339 -1.3052659 -0.34989
-0.10306901 -1.2135406 -0.3736308
-0.088531725 -1.3461162 -0.3401444
-0.096804924 -1.256586 -0.35644832
-0.083497256 -1.3911673 -0.33239782
-0.09107941 -1.3021822 -0.34456778
-0.10079276 -1.2031145 -0.3641834
-0.08553686 -1.3510628 -0.3363171
-0.09422003 -1.2532233 -0.34994555
-0.105527684 -1.145278 -0.37321708
-0.088051066 -1.3063737 -0.3401675
-0.09805244 -1.1992048 -0.3563784
-0.08212244 -1.3636501 -0.332169
-0.091113925 -1.2568144 -0.34462342
-0.10263938 -1.1403395 -0.36395013
-0.084526114 -1.318279 -0.3361707
-0.09482042 -1.2021886 -0.34995076
-0.10801134 -1.076981 -0.37278306
-0.08749052 -1.2679778 -0.3401271
-0.09925491 -1.1424855 -0.35627487
-0.0806531 -1.3376292 -0.33194986
-0.09107807 -1.212597 -0.34461644
-0.10447795 -1.0778824 -0.36369374
-0.08344109 -1.2868276 -0.3359987
-0.095367044 -1.1520483 -0.3499066
-0.11052539 -1.0086775 -0.3723304
-0.08686907 -1.2307608 -0.3400356
-0.10042897 -1.0863683 -0.35613668
-0.079104386 -1.3129734 -0.33173537
-0.09099304 -1.1693803 -0.34455505
-0.10631932 -1.0157281 -0.36341393
-0.082296185 -1.2565718 -0.33580625
-0.095879935 -1.1026914 -0.34981653
-0.11307557 -0.9403921 -0.37186098
-0.086202815 -1.1945815 -0.33990216
-0.10159072 -1.0307876 -0.35596484
-0.07748967 -1.2895705 -0.33152196
-0.090876706 -1.1270336 -0.34444693
-0.10817458 -0.953856 -0.3631117
-0.08110437 -1.2273955 -0.33559632
-0.09637674 -1.0540146 -0.34968522
-0.1156679 -0.8721458 -0.37137714
-0.08550591 -1.1593202 -0.33973387
-0.1027552 -0.97567874 -0.3557621
-0.07582074 -1.2673247 -0.33130714
-0.09074456 -1.0854435 -0.34429884
-0.110054605 -0.8922434 -0.36278936
-0.07987733 -1.1991987 -0.3353708
-0.096873045 -1.0059247 -0.34951797
-0.11830846 -0.80395824 -0.37088197
-0.08479098 -1.1248739 -0.33953595
-0.10393619 -0.9209811 -0.35553226
-0.07410804 -1.2461536 -0.33108893
-0.0906103 -1.0445113 -0.34411672
-0.11196976 -0.8308688 -0.36245045
-0.07862572 -1.1718943 -0.33513066
-0.09738276 -0.9583401 -0.34932005
-0.12100312 -0.7358494 -0.37037936
-0.08406953 -1.0911528 -0.33931234
-0.10514626 -0.866641 -0.35528004
-0.072360784 -1.2259867 -0.33086586
-0.09048634 -1.0041516 -0.34390563
-0.11392963 -0.7697151 -0.36209944
-0.0773592 -1.1454067 -0.3348764
-0.09791847 -0.91118973 -0.3490967
-0.12375731 -0.66784173 -0.36987412
-0.083352126 -1.0580783 -0.33906618
-0.10639684 -0.81261355 -0.3550106
-0.070587054 -1.2067642 -0.33063668
-0.090384096 -0.96428967 -0.34366998
-0.115942925 -0.7087716 -0.3617417
-0.07608658 -1.1196692 -0.33460805
-0.09849176 -0.8644131 -0.34885293
-0.12657581 -0.599963 -0.369372
-0.08264866 -1.0255806 -0.33879974
-0.107698336 -0.7588633 -0.35472944
-0.06879382 -1.1884362 -0.33040038
-0.09031432 -0.9248602 -0.3434137
-0.11801741 -0.64803636 -0.36138332
-0.07481592 -1.0946238 -0.33432546
-0.09911339 -0.81795996 -0.34859383
-0.12946256 -0.53224796 -0.36887962
-0.08196844 -0.99359804 -0.33851486
-0.10906022 -0.7053656 -0.35444257
-0.06698697 -1.1709621 -0.33015594
-0.090287246 -0.8858064 -0.3431404
-0.12015983 -0.5875176 -0.3610311
-0.073554546 -1.0702193 -0.33402812
-0.0997935 -0.7717902 -0.34832445
-0.13242054 -0.4647405 -0.36840427
-0.08132036 -0.9620751 -0.33821312
-0.11049105 -0.65210754 -0.3541563
-0.06517127 -1.1543111 -0.3299025
-0.09031277 -0.8470795 -0.34285355
-0.12237572 -0.52723575 -0.36069232
-0.07230907 -1.0464115 -0.33371538
-0.1005417 -0.72587425 -0.34805015
-0.13545159 -0.3974948 -0.3679539
-0.08071297 -0.93096256 -0.33789584
-0.1119984 -0.5990894 -0.3538775
-0.063350245 -1.1384614 -0.32963914
-0.090400554 -0.80863863 -0.34255695
-0.12466934 -0.46722457 -0.36037484
-0.07108544 -1.0231625 -0.33338645
-0.10136701 -0.6801947 -0.34777692
-0.13855624 -0.33057615 -0.36753687
-0.08015458 -0.9002169 -0.3375646
-0.113588646 -0.5463264 -0.35361376
-0.061526038 -1.1234022 -0.3293649
-0.090560086 -0.77045214 -0.34225494
-0.12704332 -0.40753254 -0.36008674
-0.06988888 -1.0004406 -0.33304045
-0.1022777 -0.6347484 -0.34751168
-0.14173362 -0.26406077 -0.36716157
-0.07965339 -0.8698008 -0.33722135
-0.11526658 -0.49385124 -0.3533733
-0.05969922 -1.1091336 -0.32907867
-0.090800636 -0.73249954 -0.34195307
-0.12949839 -0.34822354 -0.35983625
-0.06872395 -0.97822094 -0.3326766
-0.103280894 -0.5895502 -0.34726277
-0.14498135 -0.1980349 -0.3668363
-0.07921755 -0.8396851 -0.33686927
-0.11703483 -0.44171628 -0.3531649
-0.057868537 -1.0956686 -0.32877916
-0.09113103 -0.6947761 -0.34165892
-0.13203302 -0.2893765 -0.359631
-0.06759456 -0.9564861 -0.3322945
-0.10438177 -0.54463756 -0.34704033
-0.14829549 -0.13259256 -0.3665688
-0.0788553 -0.8098518 -0.33651355
-0.118893065 -0.38999528 -0.35299763
-0.0560307 -1.0830353 -0.3284647
-0.09155911 -0.65729994 -0.34138334
-0.13464312 -0.23108345 -0.35947752
-0.066504285 -0.9352286 -0.33189473
-0.10558231 -0.50007683 -0.34685653
-0.15167056 -0.06783265 -0.36636585
-0.07857513 -0.78030133 -0.3361632
-0.12083699 -0.33878326 -0.35287985
-0.054180283 -1.0712801 -0.3281327
-0.092090614 -0.62012297 -0.3411421
-0.13732177 -0.17344531 -0.3593804
-0.06545707 -0.9144541 -0.33147997
-0.10687938 -0.45596907 -0.34672537
-0.15509927 -0.0038551185 -0.3662331
-0.07838597 -0.7510645 -0.33583394
-0.12285738 -0.28819323 -0.35281816
-0.052309975 -1.060471 -0.32777926
-0.092726916 -0.58334696 -0.34095737
-0.14005886 -0.11656513 -0.35934144
-0.06445889 -0.8941892 -0.33105746
-0.10826217 -0.4124532 -0.3466613
-0.15857172 0.05924318 -0.36617467
-0.078297116 -0.72222537 -0.33555296
-0.12493915 -0.23834707 -0.35281578
-0.050411895 -1.0507039 -0.32739788
-0.0934612 -0.54714334 -0.3408587
-0.14284031 -0.060539078 -0.3593595
-0.06352155 -0.8744956 -0.33064452
-0.10970945 -0.36970198 -0.34667656
-0.16207303 0.12137263 -0.36619294
-0.07831691 -0.6939601 -0.33536595
-0.12706049 -0.1893612 -0.35287157
-0.048481517 -1.0421083 -0.32697734
-0.09427239 -0.5117709 -0.34088087
-0.14564545 -0.0054462687 -0.3594308
-0.06267035 -0.85550356 -0.33028072
-0.11118754 -0.32790428 -0.3467779
-0.16557798 0.18245493 -0.36628827
-0.07844778 -0.6665978 -0.33534458
-0.1291906 -0.14132696 -0.35298067
-0.046528585 -1.0348593 -0.32649967
-0.09511788 -0.4775746 -0.34105644
-0.14844063 0.048661366 -0.35955012
-0.061958406 -0.8374878 -0.33005536
-0.11264838 -0.28723153 -0.34696475
-0.1690411 0.24242789 -0.3664584
-0.078671776 -0.6406966 -0.33558625
-0.13128199 -0.0942911 -0.35313743
-0.044609178 -1.0291994 -0.32594597
-0.09592636 -0.44493958 -0.3414038
-0.15116575 0.101769134 -0.3597124
-0.061486132 -0.82104963 -0.33016095
-0.11401936 -0.24779351 -0.34723273
-0.17238219 0.30125257 -0.3666971
-0.07891726 -0.61707324 -0.33618918
-0.13324782 -0.04823948 -0.35333943
-0.04292743 -1.0255189 -0.32536536
-0.09657583 -0.41418096 -0.3419228
-0.15371351 0.15391125 -0.35991162
-0.061391443 -0.80750567 -0.33096105
-0.11515387 -0.20959608 -0.3475807
-0.17547683 0.3589238 -0.36699113
-0.07896076 -0.5966151 -0.33720374
-0.13491759 -0.003085886 -0.35358495
-0.042275902 -1.0246594 -0.32534683
-0.09674768 -0.38539264 -0.34260395
-0.15591945 0.20518312 -0.36013347
-0.061379105 -0.7993278 -0.33294255
-0.11571767 -0.17251423 -0.3479961
-0.17818464 0.41547462 -0.36731142
-0.03296517 -1.0242406 -0.3302631
-0.015311718 -1.0322074 -0.3310772
-0.027859451 -0.9442993 -0.3329184
-0.04176079 -0.86468875 -0.33416113
-0.054772545 -0.7974425 -0.33480862
-0.038777553 -0.76587003 -0.3360302
-0.05186201 -0.6982456 -0.33690447
-0.06361188 -0.6424799 -0.33763233
-0.051866967 -0.57892764 -0.33835515
-0.06385016 -0.52398324 -0.33930013
-0.07450626 -0.47959882 -0.3401992
-0.083697185 -0.44513068 -0.34108827
-0.07759797 -0.34418577 -0.34177473
-0.08715449 -0.31064743 -0.34284812
-0.09549911 -0.2857052 -0.34392
-0.09272383 -0.1611511 -0.34450182
-0.1012113 -0.13755704 -0.34573367
-0.10868729 -0.12140351 -0.34697035
-0.11516151 -0.11221901 -0.3482244
-0.11639424 0.038232666 -0.34890935
-0.12304019 0.04644086 -0.35029545
-0.1288347 0.048592266 -0.35169855
-0.13251545 0.21575646 -0.3523891
-0.1383828 0.21686177 -0.35391316
-0.14352795 0.21270299 -0.3554541
-0.14797668 0.20358995 -0.35701674
-0.15458874 0.38918707 -0.3578279
-0.15912475 0.3794261 -0.35949954
-0.163071 0.36536363 -0.36119092
-0.1715718 0.56295824 -0.362045
-0.1755296 0.5482868 -0.3638471
-0.17900676 0.529923 -0.3656685
-0.18201786 0.5080387 -0.36750013
-0.19266047 0.7189787 -0.36853927
-0.19570062 0.69703496 -0.37051055
-0.19838974 0.67209524 -0.37247226
-0.21043293 0.89129883 -0.37371847
-0.19547659 -3.0583708 -0.14777507
-0.1316058 -2.4534535 -0.15849404
-0.076544225 -1.838347 -0.16719727
-0.17565814 -2.885131 -0.1510911
-0.11427948 -2.2768936 -0.16122325
-0.061207645 -1.6525499 -0.16965015
-0.15654702 -2.710992 -0.15425737
-0.09752452 -2.0976498 -0.16379705
-0.2036732 -3.144303 -0.14618514
-0.13810118 -2.5353749 -0.15725404
-0.08128145 -1.9149976 -0.16624114
-0.18335864 -2.9700835 -0.14960673
-0.120279774 -2.3576915 -0.16007878
-0.06547365 -1.7280372 -0.1686509
-0.16376509 -2.7949996 -0.15287992
-0.10303677 -2.1773155 -0.16274403
-0.21208537 -3.230619 -0.14455831
-0.14484544 -2.618447 -0.1559823
-0.08631597 -1.9935395 -0.16527778
-0.19130437 -3.0556686 -0.14809257
-0.12655683 -2.43983 -0.15890883
-0.0700538 -1.8055451 -0.16772728
-0.17124483 -2.8798616 -0.15147379
-0.1088532 -2.258526 -0.16167061
-0.054312035 -1.612567 -0.1702603
-0.15186688 -2.7025754 -0.15468366
-0.09168367 -2.0738492 -0.1642944
-0.19949703 -3.1417546 -0.146559
-0.1331308 -2.523216 -0.15771459
-0.07499961 -1.8850249 -0.1668209
-0.17899293 -2.9654682 -0.150046
-0.11499517 -2.341176 -0.16057572
-0.05878441 -1.6912258 -0.16926257
-0.15918438 -2.7876616 -0.15336141
-0.0974192 -2.1557937 -0.16329055
-0.20793697 -3.2282271 -0.14500988
-0.1400503 -2.6077502 -0.15649475
-0.080375046 -1.9663256 -0.16589457
