-7.775802e-18 5.28e-43 -7.775802e-18
5.28e-43 2.2e-44 0.32587507
-0.121748425 -0.9387666 0.25972039
-0.12986147 -0.46182296 0.19056301
-0.09060591 -1.5082533 0.39052463
-0.101409785 -1.344234 0.32586935
-0.120650135 -0.9401797 0.25972196
-0.12880626 -0.463542 0.19056344
-0.08555055 -1.5127969 0.39430395
0.0017334367 -1.5795345 0.3936875
0.08140233 -1.5858338 0.39379746
0.15728456 -1.5575855 0.3935078
0.23032591 -1.5102501 0.39067438
0.23429516 -1.573645 0.32526365
0.22656623 -1.4906273 0.262425
0.21324304 -1.1560106 0.19463374
0.2312873 -1.5095264 0.39060682
0.23542763 -1.574521 0.325263
0.22776566 -1.4931632 0.26242477
0.21445046 -1.1593657 0.19462301
0.2322431 -1.5087712 0.39062378
0.23655468 -1.5752586 0.3252517
0.22895843 -1.4954563 0.26240864
0.21565074 -1.1624016 0.19458549
0.23321205 -1.5079439 0.39063984
0.23768544 -1.5761582 0.3252964
0.2301551 -1.4980339 0.26248306
0.21685098 -1.1658169 0.19470982
0.23425257 -1.5071679 0.3906488
0.23881005 -1.5768758 0.32520717
0.23134391 -1.5002933 0.2623371
0.21804246 -1.1687974 0.1944363
0.23536004 -1.5064964 0.39075327
0.23994073 -1.5777981 0.3253604
0.23253906 -1.5029116 0.2625934
0.21923546 -1.1722709 0.19489197
0.23630995 -1.5058081 0.39065102
0.24106544 -1.5785105 0.3251549
0.23372607 -1.5051608 0.26225019
0.2204191 -1.1752394 0.19425718
0.23734128 -1.5052224 0.3908238
0.24219693 -1.579418 0.3253747
0.2349196 -1.5077578 0.26262382
0.22160318 -1.1786578 0.19493218
0.2384882 -1.5047123 0.39066973
0.24333148 -1.5801944 0.32525834
0.23611304 -1.5101122 0.26241893
0.22278206 -1.1818241 0.19453748
0.24216896 -1.4978659 0.3939485
0.2196366 -0.8746248 0.1527742
0.23011768 -1.3725775 0.22663088
0.24186046 -1.570536 0.291484
0.24373515 -1.5548636 0.35414854
0.29124233 -1.5392991 0.3623104
0.2939689 -1.6515044 0.29951006
0.2838176 -1.5516005 0.23533382
0.26439404 -1.0919436 0.16267547
0.2350734 -1.4589332 0.42981696
0.22921208 -1.3987262 0.50364435
0.22372958 -1.3480595 0.5799897
0.23202094 -1.4383498 0.45407516
0.22650966 -1.3831426 0.52884763
0.258818 -0.709409 -0.18082707
0.2451554 -0.74434114 -0.1796822
0.19677098 -0.8785629 -0.17499696
0.23755585 -0.74546874 -0.17704661
0.19650993 -0.85090435 -0.17354411
0.23939727 -0.71689606 -0.17493045
0.24222943 -1.4963739 0.3949305
0.26705965 -1.480484 0.39604124
0.2407435 -1.4925647 0.39805296
0.2667012 -1.475936 0.39906174
0.24213581 -1.4886273 0.40110448
0.28105652 -1.414156 0.43009737
0.27156568 -1.3204497 0.503622
0.2635352 -1.2500424 0.5799992
0.27551958 -1.4638313 0.403024
0.25693876 -1.4773569 0.40213662
0.072635904 -2.2403886 -0.3415562
0.13708109 -1.5748023 -0.26283798
0.259285 -0.7530915 -0.18726316
0.20354448 -1.4690398 -0.27330464
0.13127358 -2.1811478 -0.35154888
0.03850266 -2.723254 -0.4014405
0.06526465 -2.299069 -0.34779996
0.13056639 -1.6342239 -0.2695351
0.18798211 -0.9632474 -0.18349457
0.06386066 -2.301993 -0.34770694
0.12908342 -1.6381952 -0.2694607
0.18727349 -0.96993876 -0.1833564
0.2310565 -1.439644 0.45405558
0.22561584 -1.3849816 0.52884907
0.23468593 -1.485682 0.40579715
0.2282066 -1.4216305 0.47869235
0.22295284 -1.3704599 0.55430955
0.038021572 -2.5276628 -0.37264517
0.10723923 -1.8623924 -0.2960241
0.1632116 -1.2022839 -0.21454817
0.03668515 -2.530293 -0.3725387
0.10583586 -1.8658736 -0.29593596
0.1614791 -1.2072368 -0.21456935
0.23181225 -1.463162 0.42964846
0.2255604 -1.4054465 0.5036358
0.22028226 -1.3565418 0.5799984
0.22819465 -1.4435564 0.45399576
0.22293763 -1.3905345 0.528854
0.009453161 -2.7567866 -0.39670873
0.08279174 -2.0895598 -0.32190427
0.14350909 -1.4310464 -0.24209328
0.008157066 -2.7591414 -0.39653265
0.08142667 -2.0927184 -0.32181358
0.14201836 -1.4356248 -0.24204127
0.23077713 -1.4886097 0.40546018
0.2254273 -1.4262762 0.47866693
0.22032452 -1.3764726 0.55431956
0.2285734 -1.4666686 0.4295216
0.2228366 -1.4106373 0.5036307
0.21770042 -1.362968 0.58000773
0.05711376 -2.3162878 -0.34724322
0.121905655 -1.6578095 -0.269077
0.17612433 -1.0087104 -0.18172282
0.055787064 -2.3190553 -0.34715092
0.12047594 -1.6616292 -0.26899853
0.17379346 -1.0155883 -0.18137053
0.22539158 -1.4476871 0.45393816
0.22026408 -1.3961604 0.5288606
0.22837546 -1.4922692 0.40530452
0.22269191 -1.4309337 0.47864348
0.21769966 -1.3824931 0.55433166
0.030132383 -2.543051 -0.3720083
0.09889814 -1.8831612 -0.29549614
0.15497568 -1.2335309 -0.2143625
-0.2322296 -1.8940669 -0.36526722
-0.18408854 -1.430888 -0.28683773
-0.14736164 -0.9899244 -0.21538737
-0.0535251 -2.8504035 -0.3944442
-0.12249003 -2.7766097 -0.39370328
-0.18091035 -2.537383 -0.39524314
-0.23375 -2.2019444 -0.3974182
-0.092113435 -1.0040019 -0.19078404
-0.020437533 -1.1390935 -0.18799838
0.056029517 -1.1812555 -0.18504824
0.13928394 -1.0973715 -0.18017869
-0.111011736 -0.9365971 -0.19106883
-0.04139535 -1.10242 -0.18777998
0.033890948 -1.1707798 -0.18499398
0.114492856 -1.1320467 -0.18124285
-0.11053645 -0.9302818 -0.19000348
-0.040862784 -1.0951712 -0.18678768
0.034496523 -1.1625884 -0.18401101
0.115187995 -1.1230594 -0.18028976
-0.11001824 -0.9239673 -0.18891984
-0.040336642 -1.0879345 -0.18579546
0.03509417 -1.1544088 -0.18302976
0.115870595 -1.1140777 -0.17934649
-0.10950519 -0.9176224 -0.18781903
-0.03977642 -1.0806788 -0.18480386
0.035734046 -1.1462071 -0.18205081
0.116630286 -1.1050571 -0.17841381
-0.10906927 -0.9113034 -0.18670283
-0.03930797 -1.0734512 -0.18381354
0.036262017 -1.138036 -0.18107499
0.11719201 -1.0960742 -0.17749292
-0.10844609 -0.90493065 -0.18557388
-0.03867581 -1.0661896 -0.18282554
0.03698962 -1.1298255 -0.18010359
0.11811076 -1.0870235 -0.17658584
-0.10814352 -0.8985931 -0.18443546
-0.03829272 -1.0589606 -0.1818412
0.037415076 -1.1216499 -0.17913839
0.11849334 -1.0780164 -0.17569561
-0.107440226 -0.8922317 -0.18328957
-0.037615817 -1.0517198 -0.18086104
0.038196158 -1.113463 -0.17818074
0.11951007 -1.0689932 -0.174825
0.20298524 -1.5262687 0.3943128
0.12928912 -1.5716635 0.39465848
0.052168854 -1.5887324 0.39484072
-0.02925808 -1.5649478 0.39456034
-0.054064207 -1.5460614 0.39537835
0.029049698 -1.5874388 0.3958569
0.1072262 -1.5802349 0.39577052
0.18179578 -1.5413103 0.3953748
-0.054294106 -1.5461172 0.3964524
0.029014096 -1.587954 0.39689916
0.107203916 -1.5804648 0.3967865
0.18172647 -1.5408508 0.3963691
-0.053981137 -1.5462632 0.39752775
0.029170558 -1.588511 0.39794073
0.10728736 -1.5807229 0.39780185
0.18173306 -1.5404062 0.39736295
-0.05414377 -1.546259 0.3986063
0.029159676 -1.5889994 0.3989822
0.107278936 -1.5809374 0.39881718
0.18167318 -1.5399396 0.39835694
-0.05398114 -1.5463849 0.39968944
0.029263001 -1.5895411 0.400024
0.10733292 -1.5811858 0.39983276
0.1816586 -1.5394934 0.39935124
-0.05400435 -1.546375 0.40077817
0.029301265 -1.5900211 0.40106636
0.107351355 -1.581395 0.4008486
0.18161808 -1.5390275 0.40034586
-0.09087062 -1.4916415 0.43367204
-0.0886774 -1.5114778 0.51331884
-0.0851853 -1.5440481 0.5909098
-0.022006208 -1.601125 0.61575645
0.059222884 -1.6177747 0.61237335
0.1304992 -1.5464789 0.6084021
0.19392933 -1.4058399 0.6060996
0.17853719 -1.5404887 0.40235683
0.10424506 -1.5829781 0.4028998
0.026079694 -1.5904555 0.4031562
-0.057579465 -1.542636 0.40294743
0.17856635 -1.5409187 0.40136123
0.10421356 -1.5827533 0.4018825
0.026020356 -1.5899829 0.40211096
-0.0576138 -1.542706 0.4018384
-0.14258377 -1.3963052 0.39502934
-0.11753453 -1.4425322 0.38910258
-0.14353834 -1.3941692 0.39773253
-0.11829999 -1.4407192 0.3934135
-0.14450175 -1.3928396 0.39994237
-0.11907011 -1.4390687 0.4009319
-0.15157247 -1.381742 0.41213974
-0.15825309 -1.4085963 0.49380025
-0.15306862 -1.4669707 0.57164747
-0.096749865 -1.5288923 0.5812852
-0.10044309 -1.492585 0.50354135
-0.102261454 -1.4721837 0.4231153
-0.09653012 -1.5210273 0.5619405
-0.09980492 -1.4864509 0.48384452
-0.09255578 -1.546295 0.61333317
-0.0965509 -1.510352 0.53606683
-0.09913177 -1.4803094 0.45722708
-0.09271611 -1.5355132 0.58771396
-0.09639738 -1.5003701 0.51006484
-0.09845159 -1.4786502 0.42999706
-0.092801705 -1.5249757 0.5619363
-0.09600194 -1.4919494 0.48384827
-0.08891066 -1.5495495 0.6133267
-0.09278233 -1.514752 0.53605795
-0.09536615 -1.4863096 0.4572065
-0.08903042 -1.5390817 0.5877094
-0.09259836 -1.5052979 0.51006943
-0.09471781 -1.4851422 0.4301963
-0.08907415 -1.5289185 0.56192535
-0.092195846 -1.4974266 0.483825
-0.0852661 -1.552795 0.6133203
-0.089014664 -1.5191458 0.53606004
-0.09158364 -1.4923202 0.45724142
-0.23291288 -1.8892277 -0.36527544
-0.18479991 -1.4261159 -0.28684658
-0.14869823 -0.9848307 -0.21537887
-0.23359105 -1.8843932 -0.3652833
-0.18550543 -1.4213579 -0.28685504
-0.15019038 -0.97984993 -0.21538275
-0.23426506 -1.8795573 -0.365291
-0.18621154 -1.4166077 -0.28686407
-0.15153584 -0.97505593 -0.2154031
-0.23493457 -1.8747092 -0.36529842
-0.18691686 -1.4118326 -0.28687334
-0.15229976 -0.9702046 -0.21544059
-0.23559925 -1.8698411 -0.36530557
-0.18762098 -1.4069932 -0.28688297
-0.15274559 -0.9648225 -0.2154976
-0.23625886 -1.8649576 -0.36531246
-0.18832514 -1.4021138 -0.2868929
-0.15265216 -0.9592537 -0.21557559
-0.23691344 -1.8600705 -0.365319
-0.18903011 -1.3972392 -0.28690323
-0.15245402 -0.95392716 -0.21567385
-0.23756331 -1.8551869 -0.36532527
-0.18974139 -1.3923738 -0.2869136
-0.15249805 -0.9487439 -0.21579094
-0.23821642 -1.8503073 -0.36533123
-0.19045444 -1.3875234 -0.28692558
-0.15276314 -0.9436087 -0.21592431
-0.15950717 -0.6189809 -0.18116786
-0.14128111 -0.72938067 -0.18575048
-0.16024087 -0.63354206 -0.18470563
-0.14070703 -0.7459743 -0.18981081
-0.16081008 -0.6484953 -0.18819201
-0.14192006 -0.7633366 -0.19149213
-0.26543427 -1.6311116 -0.3653033
-0.21646993 -1.1674734 -0.28662312
-0.18038554 -0.71899265 -0.21532291
0.20555353 -0.34685466 0.09927408
0.1151409 -0.29783207 0.10021267
0.035713624 -0.2465794 0.101933196
-0.04136845 -0.18651919 0.10349962
0.20636569 -0.3140606 0.096292
0.11566988 -0.27701625 0.09680682
0.036202893 -0.23296295 0.09861092
-0.040799256 -0.17827657 0.10012597
0.20697586 -0.28304 0.09327175
0.11623315 -0.25667706 0.09343874
0.036706645 -0.2197651 0.09529394
-0.040238034 -0.17050539 0.09675275
0.2074271 -0.25354284 0.09019171
0.11682909 -0.23684113 0.090100676
0.037224106 -0.20699288 0.091984004
-0.03968565 -0.16319796 0.093384475
0.2077805 -0.22538246 0.08706837
0.11745544 -0.21754165 0.08678423
0.03775357 -0.19465856 0.088680394
-0.039143544 -0.15634872 0.090022355
0.20808135 -0.19843343 0.08390577
0.11811029 -0.19880858 0.08348452
0.03829384 -0.18277179 0.08538313
-0.03861293 -0.14994815 0.08666783
0.20836343 -0.17260605 0.08071099
0.11879133 -0.18067081 0.080198415
0.03884371 -0.17134218 0.08209184
-0.038094893 -0.14398573 0.0833221
0.20864862 -0.14783847 0.07748959
0.11949595 -0.16315493 0.07692425
0.03940211 -0.1603787 0.078806296
-0.037590247 -0.13844998 0.079986416
0.2089508 -0.12408616 0.07424724
0.12022119 -0.14628488 0.07366116
0.039968014 -0.1498898 0.07552636
-0.037099455 -0.13332911 0.076661885
0.20927787 -0.10131729 0.07098897
0.12096378 -0.13008173 0.07040867
0.04054037 -0.13988349 0.07225202
-0.03662265 -0.1286114 0.07334947
0.20963395 -0.07950857 0.06771933
0.12172033 -0.11456338 0.06716644
0.041118145 -0.13036728 0.06898342
-0.036159657 -0.12428565 0.0700499
0.21002059 -0.05864311 0.06444233
0.1224874 -0.09974467 0.06393417
0.04170029 -0.12134822 0.06572084
-0.035710048 -0.120341465 0.06676373
0.21043774 -0.03870835 0.061161477
0.123261675 -0.085637376 0.060711525
0.04228572 -0.11283279 0.062464636
-0.035273228 -0.116769426 0.06349129
0.21088424 -0.019695085 0.057879794
0.12403999 -0.07225048 0.05749815
0.04287335 -0.10482702 0.05921527
-0.03484851 -0.11356127 0.06023281
0.2113583 -0.0015964244 0.0545999
0.12481945 -0.05959047 0.054293677
0.04346207 -0.09733637 0.05597325
-0.034435175 -0.11070991 0.056988366
0.2118576 0.015592796 0.051324014
0.12559736 -0.04766167 0.051097758
0.044050734 -0.09036581 0.052739117
-0.034032516 -0.108209394 0.053757966
0.21237968 0.031876605 0.048054025
0.1263714 -0.036466546 0.04791008
0.044638213 -0.08391979 0.04951342
-0.033639885 -0.10605488 0.050541565
0.21292181 0.047258295 0.044791494
0.12713945 -0.02600605 0.044730384
0.045223344 -0.07800222 0.04629669
-0.033256717 -0.104242526 0.04733909
0.21348119 0.06174071 0.04153772
0.12789963 -0.01627994 0.04155847
0.045804974 -0.07261654 0.043089446
-0.032882538 -0.102769405 0.044150446
0.214055 0.075326554 0.038293764
0.12865038 -0.0072870003 0.03839422
0.046381965 -0.06776567 0.03989217
-0.03251698 -0.10163341 0.040975537
0.2146404 0.08801862 0.035060447
0.12939022 0.000974742 0.03523755
0.046953175 -0.06345206 0.03670529
-0.032159764 -0.1008331 0.037814267
0.21523455 0.09981987 0.031838406
0.13011788 0.00850781 0.03208845
0.04751749 -0.059677698 0.03352919
-0.031810727 -0.10036769 0.03466654
0.21583466 0.110733606 0.02862812
0.13083221 0.015315127 0.028946955
0.048073806 -0.05644417 0.030364208
-0.031469796 -0.10023687 0.03153228
0.21643807 0.12076355 0.025429921
0.13153216 0.021399947 0.025813142
0.048621044 -0.053752646 0.027210632
-0.031136978 -0.10044076 0.028411409
0.21704207 0.1299139 0.022244008
0.13221675 0.026765734 0.022687107
0.04915815 -0.051603913 0.024068693
-0.030812372 -0.100979865 0.025303863
0.21764416 0.1381894 0.019070467
0.13288505 0.031416155 0.019568954
0.0496841 -0.049998417 0.020938551
-0.030496137 -0.10185493 0.02220956
0.21824183 0.1455953 0.015909335
0.13353619 0.03535495 0.016458835
0.0501979 -0.048936293 0.01782037
-0.03018851 -0.10306694 0.019128464
0.21883273 0.15213741 0.012760517
0.1341693 0.03858599 0.013356857
0.050698582 -0.048417386 0.014714217
-0.029889777 -0.10461709 0.016060494
0.21941458 0.15782207 0.009623902
0.13478354 0.041113213 0.0102631515
0.051185198 -0.04844129 0.011620152
-0.029600278 -0.10650664 0.013005596
0.21998523 0.16265613 0.006499318
0.13537808 0.04294063 0.0071778395
0.051656842 -0.04900736 0.008538195
-0.029320406 -0.10873696 0.009963708
0.2205426 0.16664697 0.0033865334
0.13595212 0.044072323 0.0041010086
0.052112628 -0.050114747 0.005468325
-0.029050583 -0.1113095 0.0069347583
0.2210847 0.16980243 0.00028532022
0.1365048 0.044512436 0.0010327611
0.05255168 -0.05176242 0.002410517
-0.028791282 -0.114225656 0.003918685
0.22160967 0.17213081 -0.0028046144
0.13703531 0.044265192 -0.0020268527
0.05297316 -0.053949177 -0.0006353019
-0.028542992 -0.11748686 0.00091540394
0.22211573 0.17364085 -0.0058835633
0.13754284 0.04333489 -0.005077787
0.053376235 -0.056673683 -0.0036692156
-0.028306244 -0.12109451 -0.002075175
0.22260118 0.1743417 -0.008951838
0.13802657 0.041725926 -0.008120018
0.0537601 -0.05993444 -0.0066913157
-0.028081581 -0.12504992 -0.005053135
0.22306441 0.17424285 -0.012009761
0.13848564 0.039442778 -0.011153542
0.054123957 -0.06372984 -0.009701714
-0.027869575 -0.12935431 -0.008018579
0.22350392 0.1733542 -0.015057677
0.13891925 0.03649 -0.0141783925
0.05446701 -0.068058185 -0.012700545
-0.027670816 -0.13400888 -0.010971632
0.22391826 0.1716859 -0.018095922
0.13932657 0.032872293 -0.0171946
0.054788493 -0.0729176 -0.015687928
-0.027485901 -0.13901465 -0.013912398
0.22430606 0.16924846 -0.021124844
0.13970679 0.028594423 -0.020202233
0.055087622 -0.07830617 -0.01866401
-0.027315449 -0.14437252 -0.016841017
0.22466606 0.1660526 -0.024144806
0.14005908 0.023661258 -0.023201376
0.055363633 -0.08422183 -0.021628946
-0.027160084 -0.1500833 -0.019757636
0.22499704 0.16210936 -0.027156146
0.14038265 0.018077808 -0.026192114
0.05561575 -0.09066241 -0.024582874
-0.027020445 -0.15614763 -0.022662396
0.22529785 0.15742995 -0.03015921
0.14067668 0.011849188 -0.029174546
0.055843208 -0.09762559 -0.027525943
-0.026897175 -0.16256598 -0.025555456
0.22556745 0.15202577 -0.033154387
0.14094037 0.004980541 -0.032148827
0.056045245 -0.10510904 -0.03045834
-0.026790917 -0.16933873 -0.02843702
0.22580479 0.1459085 -0.03614199
0.14117298 -0.0025227177 -0.035115045
0.056221083 -0.113110095 -0.033380184
-0.026702318 -0.17646597 -0.031307235
0.22600897 0.13908982 -0.039122403
0.14137366 -0.010655284 -0.038073372
0.056369938 -0.12162618 -0.036291678
-0.026632044 -0.1839478 -0.034166336
0.22617908 0.13158172 -0.042095937
0.14154172 -0.019411506 -0.041023914
0.056491036 -0.13065432 -0.039192937
-0.026580736 -0.19178395 -0.0370145
0.22631432 0.123396166 -0.045062963
0.14167638 -0.028785849 -0.043966837
0.056583587 -0.14019157 -0.042084154
-0.026549052 -0.19997413 -0.03985198
0.22641392 0.11454534 -0.048023783
0.14177687 -0.038772486 -0.046902243
0.05664679 -0.1502346 -0.044965457
-0.026537651 -0.20851773 -0.042678975
0.22647719 0.10504134 -0.05097876
0.14184248 -0.049365684 -0.0498303
0.05667984 -0.16078007 -0.04783703
-0.026547175 -0.21741414 -0.04549577
0.22650349 0.094896466 -0.05392821
0.14187251 -0.060559474 -0.05275112
0.056681946 -0.17182429 -0.050699025
-0.02657826 -0.2266624 -0.04830262
0.22649221 0.08412304 -0.056872413
0.1418662 -0.07234777 -0.055664778
0.056652248 -0.18336326 -0.053551566
-0.026631573 -0.2362614 -0.05109978
0.22644284 0.07273328 -0.0598117
0.1418229 -0.08472449 -0.058571406
0.056589957 -0.19539283 -0.056394827
-0.02670772 -0.24620993 -0.05388756
0.2263549 0.060739484 -0.06274636
0.1417419 -0.09768344 -0.06147107
0.056494236 -0.20790853 -0.059228953
-0.026807327 -0.25650656 -0.056666274
0.22622794 0.048153926 -0.06567663
0.1416225 -0.11121822 -0.06436379
0.056364205 -0.22090545 -0.062054064
-0.02693104 -0.2671496 -0.059436224
0.2260616 0.034988724 -0.0686028
0.14146405 -0.12532249 -0.06724962
0.056199044 -0.23437847 -0.06487033
-0.027079444 -0.27813736 -0.06219777
0.22585554 0.021256028 -0.07152508
0.14126588 -0.13998966 -0.070128515
0.055997886 -0.24832201 -0.06767784
-0.02725315 -0.2894678 -0.064951256
0.22560948 0.0069678267 -0.074443676
0.1410273 -0.15521309 -0.07300044
0.055759862 -0.26273003 -0.070476755
-0.027452748 -0.30113888 -0.06769706
0.22532322 -0.007864037 -0.07735878
0.14074768 -0.17098603 -0.07586529
0.055484127 -0.27759618 -0.07326718
-0.027678804 -0.31314826 -0.07043559
0.22499652 -0.023227887 -0.080270536
0.14042635 -0.1873016 -0.07872293
0.05516979 -0.29291356 -0.07604922
-0.0279319 -0.32549354 -0.07316725
0.2246293 -0.039112236 -0.083179064
0.14006266 -0.20415281 -0.08157317
0.054816004 -0.30867478 -0.078823015
-0.02821258 -0.33817223 -0.07589248
0.2242214 -0.05550583 -0.08608443
0.13965593 -0.2215325 -0.08441576
0.05442189 -0.324872 -0.08158865
-0.028521404 -0.35118166 -0.07861175
0.22377275 -0.072397575 -0.08898665
0.1392055 -0.23943324 -0.08725036
0.053986583 -0.3414966 -0.084346205
-0.028858911 -0.36451894 -0.08132552
0.22328337 -0.089776814 -0.0918857
0.13871069 -0.2578476 -0.0900766
0.05350926 -0.35853967 -0.0870958
-0.029225616 -0.3781813 -0.08403434
0.2227532 -0.10763316 -0.0947815
0.13817081 -0.2767679 -0.092894025
0.052989073 -0.37599158 -0.089837514
-0.029622054 -0.39216575 -0.086738735
0.22218232 -0.12595645 -0.09767388
0.13758515 -0.2961861 -0.09570207
0.05242523 -0.39384198 -0.09257141
-0.030048734 -0.40646914 -0.08943927
0.22157073 -0.14473696 -0.10056257
0.13695295 -0.31609386 -0.09850009
0.051816933 -0.41208 -0.09529755
-0.030506188 -0.42108834 -0.09213657
0.2209185 -0.16396543 -0.10344727
0.1362735 -0.33648273 -0.10128736
0.051163454 -0.43069404 -0.09801602
-0.030994926 -0.43602014 -0.09483127
0.2202257 -0.1836331 -0.10632753
0.13554598 -0.35734382 -0.10406305
0.05046407 -0.44967207 -0.10072689
-0.031515498 -0.4512613 -0.097524084
0.2194924 -0.20373136 -0.10920279
0.13476956 -0.37866762 -0.106826186
0.049718156 -0.46900102 -0.10343018
-0.03206844 -0.46680835 -0.10021572
0.21871863 -0.22425237 -0.11207235
0.13394333 -0.40044442 -0.109575704
0.04892509 -0.48866758 -0.106125966
-0.032654338 -0.48265785 -0.102906995
0.21790443 -0.24518868 -0.11493539
0.13306639 -0.42266378 -0.1123104
0.048084375 -0.5086577 -0.10881429
-0.033273786 -0.49880627 -0.10559876
0.21704979 -0.26653337 -0.11779091
0.13213772 -0.44531465 -0.11502897
0.047195558 -0.5289567 -0.11149521
-0.033927444 -0.5152499 -0.108291954
0.21615468 -0.28827986 -0.1206377
0.13115625 -0.46838513 -0.1177299
0.046258286 -0.54954946 -0.11416878
-0.03461601 -0.53198487 -0.11098758
0.21521892 -0.31042236 -0.12347437
0.13012078 -0.49186268 -0.12041162
0.04527227 -0.57042044 -0.116835065
-0.035340276 -0.549007 -0.113686755
0.21424235 -0.33295524 -0.12629928
0.1290301 -0.5157334 -0.12307234
0.044237368 -0.5915537 -0.11949413
-0.036101077 -0.56631196 -0.11639067
0.21322471 -0.3558735 -0.12911056
0.12788284 -0.53998244 -0.1257102
0.04315352 -0.6129329 -0.12214611
-0.036899365 -0.5838948 -0.11910067
0.21216555 -0.37917268 -0.13190605
0.1266775 -0.5645938 -0.12832318
0.042020738 -0.63454187 -0.12479112
-0.037736222 -0.6017504 -0.12181822
0.21106443 -0.40284827 -0.13468328
0.12541257 -0.58954936 -0.13090913
0.040839203 -0.6563639 -0.12742935
-0.038612787 -0.6198725 -0.1245449
0.20992069 -0.42689666 -0.13743947
0.124086365 -0.61483 -0.13346587
0.039609134 -0.6783829 -0.13006109
-0.03953038 -0.6382545 -0.12728253
0.20873354 -0.451314 -0.14017148
0.122697145 -0.6404142 -0.13599113
0.038330853 -0.7005824 -0.13268666
-0.04049043 -0.65688854 -0.130033
0.20750216 -0.47609705 -0.1428758
0.121243134 -0.6662785 -0.13848266
0.03700478 -0.7229465 -0.13530657
-0.041494448 -0.6757656 -0.13279846
0.20622551 -0.50124264 -0.14554855
0.119722575 -0.6923974 -0.14093837
0.035631385 -0.7454599 -0.13792145
-0.042544052 -0.69487536 -0.13558118
0.20490251 -0.52674764 -0.14818537
0.118133746 -0.7187429 -0.14335628
0.03421116 -0.7681075 -0.14053218
-0.04364091 -0.7142058 -0.13838366
0.20353206 -0.5526097 -0.1507815
0.116475135 -0.7452849 -0.14573477
0.03274466 -0.79087514 -0.1431399
-0.044786643 -0.7337433 -0.1412085
0.2021129 -0.5788262 -0.15333164
0.11474543 -0.77199084 -0.14807272
0.031232398 -0.8137492 -0.14574608
-0.045982793 -0.7534723 -0.14405848
0.20064396 -0.60539556 -0.15583001
0.11294371 -0.79882675 -0.15036967
0.029674895 -0.83671725 -0.14835265
-0.047230687 -0.77337563 -0.14693652
0.19912428 -0.63231677 -0.15827017
0.111069575 -0.8257568 -0.15262601
0.028072681 -0.8597673 -0.15096202
-0.048531286 -0.793434 -0.14984553
0.19755304 -0.6595905 -0.16064495
0.10912308 -0.8527451 -0.1548434
0.026426222 -0.88288885 -0.15357722
-0.049885154 -0.8136276 -0.1527885
0.19592987 -0.6872192 -0.16294627
0.10710489 -0.8797556 -0.15702504
0.024736004 -0.906072 -0.15620197
-0.051292323 -0.83393496 -0.1557683
0.19425452 -0.71520865 -0.16516413
0.10501608 -0.906754 -0.15917633
0.023002552 -0.9293084 -0.15884079
-0.052752316 -0.8543353 -0.15878764
0.19252753 -0.7435702 -0.16728684
0.10285811 -0.93370795 -0.16130581
0.021226536 -0.9525902 -0.16149889
-0.0542642 -0.8748081 -0.16184847
0.19074707 -0.77232087 -0.16929382
0.10063241 -0.96058863 -0.16342713
0.019408857 -0.9759112 -0.16418238
-0.055826847 -0.89533466 -0.16495147
0.18891117 -0.8014996 -0.17116031
0.09834044 -0.9873711 -0.1655614
0.017550815 -0.99926585 -0.1668975
-0.05743917 -0.91589826 -0.1680936
0.18699263 -0.8311547 -0.17280479
0.09598359 -1.0140373 -0.1677437
0.015654333 -1.0226523 -0.16965224
-0.05910035 -0.936488 -0.17126702
0.18494461 -0.86144453 -0.17414303
0.093563594 -1.0405611 -0.17002197
0.013720975 -1.0460603 -0.1724501
-0.060810544 -0.9570877 -0.17444745
0.18250598 -0.89267844 -0.17452529
0.09108795 -1.0669693 -0.1724575
0.01175599 -1.069517 -0.17529649
-0.062566034 -0.97772306 -0.17760481
0.22197662 -0.36805382 0.10025056
0.2399767 -0.382301 0.09921624
0.23252115 -0.29078978 0.0932484
0.22721392 -0.21144629 0.08610542
0.24847512 -0.20527005 0.08316221
0.24172275 -0.1335153 0.07628975
0.23476116 -0.07587543 0.0690725
0.22592637 -0.031883854 0.06178084
0.25198072 0.0046488647 0.058749847
0.24393293 0.04198816 0.051914886
0.2346072 0.06861283 0.04509722
0.2631828 0.12140028 0.041617088
0.25416553 0.14017165 0.035125062
0.24426392 0.15061112 0.028650979
0.23330103 0.15368627 0.022233509
0.26477733 0.216671 0.0188189
0.25429395 0.21250027 0.01258095
0.24303988 0.2024438 0.006377486
0.27520892 0.27078313 0.0029512667
0.2641894 0.25363806 -0.0031202582
0.25256017 0.23173942 -0.009169044
0.24030417 0.20549741 -0.015182219
0.27357832 0.27433956 -0.018503994
0.26155403 0.24188137 -0.024439419
0.24899003 0.20581713 -0.03034989
0.28219938 0.27564216 -0.033626508
0.2697817 0.23384932 -0.03948026
0.25687936 0.18901652 -0.045316495
0.24350291 0.14130443 -0.05112674
0.27706352 0.20917864 -0.05433913
0.2638189 0.15658118 -0.060126312
0.25013116 0.10141783 -0.06589217
0.28326753 0.16990888 -0.06906044
0.26969504 0.110489964 -0.07482214
0.2557086 0.048649747 -0.08056358
0.24129891 -0.015629066 -0.086271234
0.27442968 0.053224884 -0.08944055
0.26018903 -0.014624079 -0.09517462
0.24551992 -0.08507765 -0.100865036
0.27797532 -0.012178314 -0.10400437
0.26356903 -0.08551339 -0.10974204
0.24871556 -0.16190508 -0.11541287
0.23333766 -0.24148008 -0.12097684
0.2658973 -0.16057213 -0.12424349
0.25100815 -0.24296 -0.12986636
0.23539676 -0.32941514 -0.13531421
0.26731348 -0.235909 -0.13855767
0.2526784 -0.32473978 -0.14403209
0.2368536 -0.41883874 -0.14921723
0.21988657 -0.5178101 -0.15405057
0.25441882 -0.40433413 -0.1572656
0.23833865 -0.50667906 -0.16179764
0.21998996 -0.6146638 -0.1660078
0.2580071 -0.48384938 -0.16765562
0.24182773 -0.5936625 -0.17027606
0.22153553 -0.7068796 -0.1726905
-0.16450807 -0.12514971 0.10340868
-0.13472664 -0.13397871 0.09988551
-0.14623062 -0.1287479 0.09351027
-0.15801787 -0.12471851 0.08710266
-0.12807712 -0.12837581 0.08332888
-0.13965996 -0.12624678 0.07710725
-0.15143597 -0.124604486 0.070882566
-0.16343674 -0.12346156 0.06461687
-0.13289586 -0.12496513 0.060986754
-0.14475603 -0.12559593 0.054932445
-0.15673123 -0.12616853 0.048855573
-0.12600517 -0.12596194 0.045167986
-0.13798168 -0.12865905 0.039263234
-0.15001377 -0.1307918 0.033360574
-0.1620586 -0.1323905 0.027419882
-0.13119276 -0.13462947 0.023879627
-0.1433038 -0.13819674 0.018150365
-0.15542485 -0.14065942 0.012391981
-0.12445217 -0.1442276 0.008748174
-0.1366367 -0.14917059 0.0031856175
-0.14884417 -0.15239318 -0.0023996502
-0.16092196 -0.1540468 -0.008041399
-0.13005954 -0.16447969 -0.011531555
-0.14235567 -0.168383 -0.016938372
-0.15459909 -0.17006496 -0.022401048
-0.12363682 -0.18491772 -0.026026484
-0.1359982 -0.18944223 -0.031268585
-0.14836304 -0.19105913 -0.036565997
-0.1604778 -0.18999565 -0.04194421
-0.12982704 -0.21641728 -0.045390494
-0.14229296 -0.21789366 -0.050522648
-0.1546533 -0.21600007 -0.055739943
-0.12393259 -0.25017396 -0.05935458
-0.13644847 -0.25145814 -0.064353034
-0.14895163 -0.24867803 -0.06944313
-0.16109106 -0.24209525 -0.07464441
-0.13091275 -0.29263783 -0.07807181
-0.14351144 -0.2889554 -0.08305241
-0.15594259 -0.2808383 -0.08816111
-0.12581153 -0.3422635 -0.09178465
-0.1384406 -0.3377114 -0.09672795
-0.15098967 -0.32813025 -0.10182962
-0.16307972 -0.3139569 -0.10708938
-0.13386315 -0.39571083 -0.11048889
-0.14646517 -0.38476983 -0.115667164
-0.15874346 -0.369022 -0.12105721
-0.12996106 -0.46357298 -0.124505594
-0.14260761 -0.45129272 -0.12992261
-0.15482987 -0.4342368 -0.13565466
-0.16658424 -0.4135444 -0.14153823
-0.13955842 -0.52800655 -0.14449534
-0.15162496 -0.5096009 -0.15081482
-0.16323878 -0.48894268 -0.15719083
-0.13762549 -0.6153595 -0.1595997
-0.14944142 -0.59492797 -0.16674785
-0.16075318 -0.5745259 -0.17338073
-0.13056059 -0.15115555 0.119089305
-0.15879793 -0.14049307 0.122204795
-0.14923106 -0.15791483 0.12810473
-0.14017233 -0.18193051 0.13440433
-0.1683207 -0.16234583 0.13776729
-0.15885597 -0.19135012 0.1439623
-0.1490501 -0.22659391 0.1502874
-0.13863158 -0.26760462 0.15665661
-0.16796854 -0.23832674 0.15992145
-0.15745337 -0.2829406 0.16609086
-0.14637278 -0.33153582 0.17226234
-0.17656535 -0.29822648 0.17559929
-0.16532746 -0.35026282 0.18160097
-0.15362696 -0.4047781 0.18759893
-0.14143245 -0.4612627 0.19358225
-0.17249414 -0.42771673 0.1967521
-0.16022255 -0.48643145 0.20260626
-0.14754906 -0.546036 0.20844966
-0.17879327 -0.51394624 0.21155296
-0.16602664 -0.57519376 0.21728854
-0.15292521 -0.6364337 0.22301558
-0.13947387 -0.69741833 0.22873275
-0.1709601 -0.6693999 0.23167607
-0.15750444 -0.7308572 0.23730895
-0.14374988 -0.79137766 0.24293494
-0.17499104 -0.7671084 0.24580969
-0.16127066 -0.8274473 0.25137144
-0.14729355 -0.88629013 0.25692937
-0.133058 -0.9435334 0.26248336
-0.16424403 -0.9241119 0.26525247
-0.1501375 -0.98015 0.27076823
-0.13581723 -1.0342169 0.2762833
-0.16647609 -1.0185192 0.27900767
-0.15234312 -1.0707171 0.28451058
-0.13804415 -1.1207182 0.2900163
-0.12357435 -1.1685648 0.29552147
-0.15399928 -1.1554817 0.29822186
-0.13983512 -1.2006502 0.30375195
-0.12555972 -1.2436949 0.30928168
-0.1552221 -1.2315999 0.31197298
-0.1413081 -1.2713106 0.31756604
-0.12736607 -1.3091604 0.32315615
-0.11333744 -1.3453563 0.3287215
-0.1426034 -1.3295943 0.33153784
-0.12913673 -1.3620977 0.33722672
-0.11568629 -1.3936099 0.34286192
-0.14390369 -1.3718947 0.34573674
-0.13104141 -1.399219 0.35155508
-0.11831991 -1.4266 0.35726517
-0.10556782 -1.4540387 0.36276826
-0.13339499 -1.4169555 0.36606747
-0.12137624 -1.4410433 0.37177467
-0.109451056 -1.4662662 0.37717512
-0.13713868 -1.4132763 0.38011304
-0.12563051 -1.4344465 0.38530213
-0.11359256 -1.4564121 0.3901492
0.20322487 -0.53408974 0.12001184
0.11317277 -0.40782607 0.11786745
0.033564378 -0.3205505 0.11858675
-0.04421624 -0.23497684 0.11989794
0.20363393 -0.5690204 0.12358499
0.1129423 -0.43071362 0.121469036
0.03320675 -0.33642563 0.12191598
-0.044754837 -0.24612348 0.12307799
0.20394102 -0.60258824 0.12702404
0.112770334 -0.45380846 0.12506172
0.032876655 -0.35262498 0.12523897
-0.045275047 -0.2577445 0.12624222
0.20415507 -0.6350401 0.13040245
0.11265651 -0.4770797 0.12863646
0.032575585 -0.36914054 0.12855454
-0.04577469 -0.26984018 0.12939528
0.2043025 -0.6665411 0.13376515
0.11260024 -0.50048774 0.13218725
0.032304276 -0.38595867 0.13186169
-0.046252195 -0.28240433 0.13253994
0.20441234 -0.6972104 0.13711967
0.11260041 -0.5239909 0.1357101
0.032063324 -0.40306523 0.13515934
-0.04670599 -0.2954294 0.13567771
0.20450754 -0.7271308 0.14046654
0.112655684 -0.5475472 0.13920245
0.031853255 -0.42044485 0.1384467
-0.047134414 -0.30890548 0.13880941
0.20460488 -0.75636244 0.1438032
0.112764105 -0.57111573 0.14266258
0.031674422 -0.43808168 0.14172308
-0.047535907 -0.32282087 0.14193547
0.20471585 -0.78494865 0.14712681
0.112923265 -0.59465736 0.14608946
0.031527128 -0.45595947 0.14498782
-0.047908984 -0.33716217 0.14505602
0.20484811 -0.8129213 0.1504349
0.11313026 -0.61813533 0.14948265
0.031411618 -0.47406176 0.1482403
-0.04825233 -0.35191455 0.14817107
0.20500644 -0.84030354 0.15372555
0.11338183 -0.64151573 0.15284216
0.03132806 -0.4923717 0.15147997
-0.04856481 -0.36706203 0.15128049
0.20519362 -0.8671125 0.15699725
0.11367452 -0.6647678 0.15616846
0.031276587 -0.51087236 0.15470628
-0.048845515 -0.38258767 0.15438412
0.20541106 -0.8933608 0.16024894
0.11400482 -0.6878642 0.15946236
0.03125728 -0.52954644 0.15791872
-0.049093705 -0.39847377 0.15748167
0.2056591 -0.91905755 0.16347988
0.114369206 -0.7107808 0.1627249
0.03127011 -0.5483766 0.1611168
-0.049308892 -0.4147022 0.16057287
0.20593745 -0.9442094 0.16668957
0.11476432 -0.7334966 0.16595735
0.031314973 -0.56734544 0.16430008
-0.049490754 -0.43125445 0.16365738
0.20624533 -0.9688211 0.16987772
0.11518714 -0.75599366 0.169161
0.031391777 -0.58643526 0.16746818
-0.049639065 -0.44811186 0.16673484
0.20658162 -0.9928961 0.1730442
0.11563481 -0.77825636 0.17233725
0.03150026 -0.60562867 0.17062075
-0.049753793 -0.46525574 0.16980489
0.20694496 -1.0164368 0.17618904
0.11610481 -0.8002716 0.17548741
0.031640116 -0.62490815 0.17375751
-0.049834993 -0.4826674 0.1728671
0.20733383 -1.0394452 0.1793123
0.11659496 -0.822028 0.1786128
0.03181098 -0.6442563 0.17687821
-0.04988278 -0.5003283 0.17592111
0.2077466 -1.0619223 0.18241428
0.11710325 -0.843516 0.18171462
0.032012336 -0.66365606 0.17998274
-0.049897425 -0.5182202 0.17896655
0.20818159 -1.0838696 0.1854952
0.11762802 -0.8647273 0.18479404
0.03224366 -0.6830905 0.18307094
-0.049879175 -0.5363249 0.18200304
0.20863713 -1.105288 0.18855543
0.11816784 -0.8856548 0.18785204
0.032504376 -0.7025431 0.18614279
-0.049828332 -0.55462456 0.18503022
0.2091115 -1.1261785 0.19159538
0.11872137 -0.90629226 0.1908896
0.032793753 -0.7219975 0.18919829
-0.049745314 -0.5731016 0.1880478
0.20960303 -1.1465423 0.19461547
0.11928755 -0.9266342 0.19390757
0.033111103 -0.74143815 0.19223753
-0.049630467 -0.59173876 0.19105549
0.21011004 -1.1663806 0.19761616
0.11986538 -0.94667566 0.19690673
0.033455625 -0.76084954 0.19526058
-0.04948425 -0.61051893 0.19405301
0.21063091 -1.185695 0.20059797
0.120453954 -0.96641225 0.19988781
0.033826463 -0.7802168 0.19826764
-0.04930714 -0.6294254 0.19704016
0.21116413 -1.204487 0.20356135
0.12105252 -0.98584 0.20285143
0.034222804 -0.7995257 0.20125888
-0.049099576 -0.6484418 0.20001674
0.21170816 -1.2227585 0.20650682
0.12166033 -1.0049553 0.2057982
0.034643743 -0.81876224 0.20423456
-0.04886208 -0.667552 0.2029826
0.21226153 -1.2405114 0.2094349
0.12227669 -1.0237545 0.20872864
0.035088364 -0.83791316 0.20719491
-0.04859519 -0.68674 0.20593764
0.21282285 -1.2577482 0.21234609
0.12290097 -1.0422347 0.2116433
0.03555575 -0.85696566 0.21014023
-0.048299443 -0.7059903 0.20888177
0.21339078 -1.2744714 0.21524091
0.12353252 -1.0603929 0.21454264
0.036044963 -0.87590766 0.21307084
-0.047975417 -0.72528774 0.21181495
0.21396403 -1.2906835 0.21811983
0.124170735 -1.0782262 0.21742713
0.03655507 -0.8947273 0.21598706
-0.0476237 -0.7446172 0.21473719
0.21454135 -1.3063877 0.22098339
0.12481502 -1.0957323 0.2202972
0.037085135 -0.91341347 0.21888924
-0.04724491 -0.7639642 0.21764854
0.21512155 -1.3215868 0.22383201
0.12546477 -1.1129086 0.22315328
0.03763422 -0.9319555 0.22177772
-0.046839673 -0.78331405 0.22054902
0.21570347 -1.3362843 0.22666623
0.12611938 -1.129753 0.22599578
0.03820138 -0.95034325 0.22465287
-0.046408676 -0.80265284 0.22343877
0.21628608 -1.3504835 0.22948648
0.12677826 -1.1462636 0.22882508
0.038785737 -0.96856713 0.22751506
-0.045952536 -0.8219667 0.2263179
0.21686827 -1.3641882 0.23229323
0.12744084 -1.1624383 0.23164158
0.03938636 -0.9866178 0.23036464
-0.045471977 -0.84124213 0.22918655
0.21744904 -1.3774021 0.23508692
0.12810647 -1.1782755 0.23444568
0.040002353 -1.0044867 0.233202
-0.04496771 -0.8604659 0.23204494
0.21802741 -1.3901291 0.23786801
0.1287746 -1.1937737 0.23723774
0.04063283 -1.0221653 0.23602751
-0.044440467 -0.879625 0.23489325
0.21860243 -1.4023733 0.24063693
0.12944455 -1.2089317 0.24001817
0.04127689 -1.039646 0.23884158
-0.04389102 -0.898707 0.23773174
0.21917322 -1.414139 0.2433941
0.13011578 -1.2237482 0.24278732
0.041933727 -1.0569212 0.24164455
-0.04332009 -0.91769946 0.24056065
0.21973887 -1.4254307 0.24613996
0.13078763 -1.2382222 0.2455456
0.042602442 -1.073984 0.24443682
-0.042728506 -0.9365903 0.24338025
0.22029853 -1.4362525 0.2488749
0.1314595 -1.252353 0.24829334
0.043282226 -1.0908273 0.24721873
-0.042117037 -0.9553679 0.24619083
0.2208514 -1.4466095 0.25159934
0.1321308 -1.2661401 0.25103092
0.04397228 -1.1074452 0.2499907
-0.041486476 -0.97402084 0.24899271
0.22139665 -1.4565063 0.25431368
0.13280089 -1.2795829 0.2537588
0.044671755 -1.1238315 0.25275308
-0.04083769 -0.99253803 0.25178623
0.22193351 -1.4659477 0.25701836
0.13346916 -1.2926813 0.25647724
0.04537986 -1.1399807 0.25550628
-0.040171515 -1.0109086 0.25457168
0.22246127 -1.4749391 0.2597137
0.13413502 -1.3054353 0.25918669
0.04609585 -1.155887 0.25825062
-0.03948875 -1.0291221 0.25734943
0.22297916 -1.4834855 0.26240015
0.13479787 -1.317845 0.2618875
0.04681894 -1.171546 0.2609865
-0.038790278 -1.0471685 0.26011986
0.22348647 -1.4915923 0.2650781
0.13545707 -1.3299109 0.26458007
0.04754836 -1.1869525 0.2637143
-0.03807698 -1.0650377 0.2628833
0.22398253 -1.4992648 0.26774794
0.13611206 -1.3416333 0.26726475
0.048283383 -1.2021021 0.2664344
-0.037349705 -1.0827203 0.26564014
0.22446668 -1.506509 0.27041006
0.13676225 -1.3530132 0.26994193
0.04902328 -1.2169905 0.2691471
-0.036609326 -1.1002069 0.26839072
0.22493826 -1.5133303 0.27306482
0.13740705 -1.3640513 0.272612
0.049767334 -1.2316139 0.27185282
-0.035856724 -1.1174886 0.27113542
0.22539665 -1.519735 0.27571264
0.13804586 -1.374749 0.27527538
0.050514825 -1.2459686 0.27455196
-0.035092805 -1.1345569 0.27387467
0.22584122 -1.5257288 0.2783539
0.13867816 -1.3851072 0.2779324
0.051265076 -1.260051 0.2772448
-0.034318425 -1.1514032 0.2766088
0.22627144 -1.5313181 0.280989
0.13930336 -1.3951277 0.28058347
0.052017406 -1.2738577 0.27993178
-0.033534463 -1.1680195 0.27933818
0.22668667 -1.5365093 0.28361833
0.1399209 -1.4048122 0.28322896
0.052771132 -1.287386 0.28261325
-0.03274183 -1.1843982 0.28206322
0.22708642 -1.5413089 0.28624228
0.14053027 -1.4141624 0.2858693
0.053525615 -1.3006326 0.28528953
-0.031941365 -1.2005315 0.28478423
0.22747013 -1.5457236 0.28886127
0.14113094 -1.4231805 0.2885049
0.054280214 -1.313595 0.28796104
-0.031133948 -1.2164125 0.28750157
0.22783732 -1.5497603 0.2914757
0.1417224 -1.4318687 0.29113612
0.05503429 -1.3262708 0.29062814
-0.030320434 -1.2320341 0.29021564
0.22818747 -1.5534261 0.29408604
0.1423041 -1.4402294 0.29376337
0.05578721 -1.3386577 0.2932912
-0.029501691 -1.2473897 0.29292673
0.22852014 -1.556728 0.2966926
0.14287557 -1.4482653 0.29638705
0.056538366 -1.3507533 0.29595056
-0.028678553 -1.2624727 0.2956352
0.22883487 -1.5596737 0.29929587
0.14343633 -1.4559793 0.29900762
0.05728717 -1.3625557 0.29860666
-0.02785183 -1.2772771 0.29834127
0.22913124 -1.5622704 0.30189633
0.14398593 -1.4633743 0.30162546
0.058033023 -1.3740633 0.30125982
-0.027022336 -1.2917969 0.30104533
0.22940885 -1.5645261 0.30449435
0.14452389 -1.4704535 0.30424103
0.058775336 -1.385274 0.30391046
-0.026190875 -1.3060262 0.30374762
0.22966732 -1.5664486 0.30709046
0.1450498 -1.4772204 0.30685472
0.05951355 -1.3961865 0.30655894
-0.025358193 -1.3199594 0.30644834
0.22990632 -1.568046 0.3096851
0.14556322 -1.4836785 0.30946702
0.060247105 -1.4067993 0.30920568
-0.024525044 -1.3335913 0.3091478
0.23012549 -1.5693266 0.3122788
0.14606376 -1.4898316 0.3120783
0.060975432 -1.417111 0.31185102
-0.023692152 -1.3469163 0.31184614
0.23032455 -1.5702989 0.31487206
0.14655103 -1.4956838 0.31468913
0.061698 -1.4271207 0.31449547
-0.022860207 -1.3599297 0.31454355
0.2305032 -1.5709715 0.31746542
0.14702466 -1.5012392 0.3172999
0.062414262 -1.4368273 0.31713936
-0.022029875 -1.372626 0.3172402
0.23066123 -1.5713532 0.32005945
0.1474843 -1.5065023 0.31991115
0.06312369 -1.4462297 0.31978312
-0.021201802 -1.3850003 0.31993622
0.23079838 -1.5714531 0.32265475
0.14792965 -1.5114776 0.32252336
0.06382577 -1.4553275 0.3224272
-0.020376576 -1.3970479 0.3226317
0.23091449 -1.5712802 0.32525194
0.1483604 -1.5161699 0.32513702
0.06451997 -1.4641199 0.32507208
-0.01955479 -1.4087634 0.32532665
0.23100936 -1.5708442 0.32785168
0.14877626 -1.5205842 0.32775274
0.06520581 -1.4726064 0.3277181
-0.01873698 -1.420142 0.32802117
0.23108289 -1.5701544 0.33045465
0.149177 -1.5247259 0.33037105
0.065882795 -1.4807868 0.33036584
-0.017923664 -1.4311788 0.33071524
0.23113495 -1.5692207 0.33306158
0.14956239 -1.5286002 0.33299258
0.066550426 -1.488661 0.3330157
-0.017115336 -1.4418684 0.33340886
0.23116548 -1.5680528 0.33567327
0.14993224 -1.532213 0.335618
0.06720826 -1.496229 0.33566824
-0.016312458 -1.4522055 0.336102
0.23117445 -1.5666609 0.33829057
0.15028638 -1.5355698 0.3382479
0.067855835 -1.5034909 0.33832392
-0.015515478 -1.4621848 0.33879465
0.23116182 -1.5650551 0.3409143
0.15062469 -1.538677 0.3408831
0.068492725 -1.5104471 0.34098333
-0.014724844 -1.4718003 0.34148666
0.23112762 -1.563246 0.34354547
0.1509471 -1.5415406 0.3435244
0.06911853 -1.5170983 0.343647
-0.013940992 -1.4810466 0.34417808
0.23107187 -1.561244 0.34618503
0.15125354 -1.5441672 0.3461726
0.06973286 -1.523445 0.34631562
-0.013164367 -1.4899174 0.3468688
0.23099464 -1.5590599 0.34883404
0.151544 -1.5465634 0.3488287
0.070335366 -1.5294883 0.3489898
-0.012395446 -1.4984064 0.34955892
0.23089604 -1.5567044 0.3514936
0.15181856 -1.548736 0.35149372
0.07092574 -1.5352291 0.35167035
-0.0116347335 -1.5065076 0.35224843
0.23077613 -1.5541887 0.35416487
0.15207727 -1.550692 0.35416877
0.071503684 -1.5406688 0.35435808
-0.0108827995 -1.5142145 0.3549375
0.23063503 -1.5515239 0.3568491
0.15232028 -1.5524384 0.3568551
0.07206895 -1.5458088 0.357054
-0.010140271 -1.5215206 0.35762635
0.23047288 -1.5487216 0.35954756
0.15254779 -1.5539826 0.3595541
0.07262134 -1.5506508 0.35975924
-0.009407843 -1.5284201 0.3603155
0.23028977 -1.5457929 0.36226153
0.15276004 -1.555332 0.36226726
0.073160656 -1.5551966 0.36247513
-0.008686308 -1.5349071 0.36300552
0.23008585 -1.5427501 0.3649924
0.15295734 -1.5564935 0.36499617
0.07368676 -1.5594482 0.3652033
-0.007976493 -1.5409762 0.36569735
0.22986124 -1.5396048 0.36774155
0.15314002 -1.5574749 0.36774257
0.07419954 -1.5634079 0.36794573
-0.0072792727 -1.5466233 0.36839235
0.22961606 -1.5363693 0.37051028
0.1533085 -1.5582831 0.37050828
0.07469886 -1.5670779 0.37070468
-0.006595505 -1.5518447 0.37109235
0.22935054 -1.533056 0.3733
0.15346317 -1.5589255 0.3732952
0.07518456 -1.5704607 0.37348303
-0.0059259655 -1.5566385 0.3738
0.22906487 -1.5296776 0.37611166
0.1536045 -1.5594089 0.37610516
0.075656466 -1.5735592 0.37628403
-0.005271253 -1.5610036 0.37651914
0.22875965 -1.526247 0.3789471
0.1537329 -1.5597401 0.37893996
0.07611425 -1.5763762 0.37911156
-0.004631784 -1.5649407 0.3792553
0.22843544 -1.5227768 0.38180497
0.15384877 -1.5599253 0.3818011
0.076557495 -1.578915 0.38196993
-0.0040076855 -1.5684521 0.3820168
0.22809516 -1.5192803 0.38469318
0.15395236 -1.5599706 0.38468975
0.0769854 -1.5811788 0.38486364
-0.0033992385 -1.5715414 0.38481632
0.22773774 -1.515767 0.38758674
0.15404393 -1.5598812 0.38760653
0.077397116 -1.5831709 0.38779733
-0.0028070302 -1.5742145 0.38767245
0.2273849 -1.512257 0.39057097
0.15412313 -1.5596619 0.390552
0.0777908 -1.5848931 0.3907753
-0.0022339614 -1.5764699 0.39061257
0.24894215 -0.63183385 0.11580978
0.22587721 -0.61900455 0.11908864
0.23548159 -0.71251976 0.12648046
0.24726002 -0.80829114 0.13409469
0.22444788 -0.7736943 0.13828255
0.23461545 -0.8652059 0.14502719
0.24653685 -0.9583429 0.1521233
0.26007193 -1.0533905 0.15926877
0.23201147 -0.991473 0.16252705
0.24488382 -1.0811464 0.16914672
0.2586746 -1.1709087 0.17579493
0.22820939 -1.0968086 0.17890343
0.24215575 -1.1816626 0.18517812
0.2564329 -1.2652795 0.19146653
0.27107725 -1.3471763 0.1976986
0.23871152 -1.2641238 0.20045789
0.25347057 -1.3410121 0.20648335
0.26830977 -1.415329 0.21246609
0.23483728 -1.3315883 0.21517424
0.24997394 -1.4013749 0.22099292
0.26500544 -1.4679776 0.22678468
0.27991372 -1.5310968 0.23253195
0.24606922 -1.4488277 0.23509914
0.26123565 -1.507644 0.24073644
0.27620143 -1.5625787 0.24633965
0.24182446 -1.4853461 0.24888068
0.25704727 -1.5363681 0.25438678
0.27200392 -1.5832139 0.2598727
0.28665158 -1.6257216 0.26532918
0.252467 -1.5558918 0.2677933
0.26735306 -1.5947962 0.2731823
0.28191775 -1.6291972 0.27855048
0.24750705 -1.5677603 0.28101063
0.26226005 -1.5989348 0.2863187
0.27666467 -1.6255195 0.2916188
0.29066133 -1.647453 0.29690367
0.25673383 -1.5971109 0.29933456
0.27092865 -1.6162429 0.30458507
0.28473666 -1.6307569 0.30983067
0.25078338 -1.5907099 0.31228775
0.26472172 -1.6028389 0.31750762
0.27827555 -1.6104679 0.3227379
0.29137164 -1.6136415 0.32797366
0.2580614 -1.5867095 0.33045778
0.27132687 -1.5880971 0.33570275
0.284193 -1.5853095 0.34097147
0.25097683 -1.5691751 0.3435274
0.26392144 -1.5650883 0.34883055
0.27649942 -1.5572501 0.35418645
0.28864706 -1.5459162 0.35959384
0.25611475 -1.5427504 0.3622624
0.26838312 -1.5309347 0.36779213
0.28027686 -1.5164685 0.3734197
0.24797541 -1.5221585 0.37616092
0.25994197 -1.5075339 0.38200057
0.2715201 -1.4915661 0.38798562
0.24053384 -1.4821721 0.40612116
0.23392332 -1.412497 0.47874352
0.22827917 -1.3583667 0.55429435
0.2411981 -1.4525917 0.43001392
0.23483506 -1.3882858 0.5036575
0.22902486 -1.3349683 0.5799834
0.2418983 -1.4251273 0.45424557
0.23565723 -1.3641613 0.52883774
0.25017276 -1.4759297 0.40618867
0.242618 -1.3986033 0.47880515
0.23637925 -1.3399156 0.5542799
0.25047556 -1.4436154 0.43016538
0.24330682 -1.3726412 0.50367105
0.23698585 -1.3153248 0.57998586
0.25087705 -1.4135518 0.4543389
0.24393715 -1.346999 0.52882993
0.25958538 -1.4697032 0.40614727
0.2513343 -1.3848336 0.47884107
0.24449432 -1.3214421 0.55427057
0.25970784 -1.4348706 0.43019527
0.25179097 -1.3570169 0.5036735
0.24495798 -1.295708 0.5799956
0.25985494 -1.4021621 0.45437235
0.25222316 -1.3298186 0.5288196
0.2689192 -1.46339 0.40608478
0.26005095 -1.3711281 0.478848
0.25261185 -1.3029569 0.55426216
0.26888773 -1.4260919 0.43016598
0.26027358 -1.3413852 0.50366277
0.25293037 -1.2761282 0.5800038
0.2688144 -1.3907862 0.4543565
0.26050627 -1.3126105 0.52880466
0.27822265 -1.4569355 0.40602627
0.268761 -1.3573972 0.47882536
0.2607252 -1.2844534 0.5542511
0.2780433 -1.4171734 0.43011728
0.2687527 -1.3257034 0.5036366
0.2608969 -1.2565665 0.5800027
0.07116461 -2.2868059 -0.3479557
0.13703598 -1.6176194 -0.2696555
0.19290935 -0.9380557 -0.18315454
0.09618402 -2.0811784 -0.32570472
0.15926653 -1.4085075 -0.24578066
0.04878675 -2.550092 -0.3794011
0.12046906 -1.8740078 -0.30303952
0.18118857 -1.1953862 -0.22120558
0.075432524 -2.3432915 -0.3575993
0.14408508 -1.6646549 -0.27989176
0.20252159 -0.97629285 -0.19502567
0.10125446 -2.135513 -0.3354782
0.16708939 -1.4524746 -0.2561653
0.052051097 -2.6092308 -0.38891992
0.12633543 -1.9260129 -0.31296933
0.18949261 -1.2367665 -0.23166572
0.0793918 -2.4008508 -0.36715072
0.15072392 -1.7141317 -0.28999802
0.21093471 -1.0174203 -0.20593272
0.105929546 -2.1913624 -0.34513292
0.17441678 -1.4993266 -0.26646376
0.055054154 -2.6688557 -0.3984587
0.1317472 -1.9799688 -0.32276723
0.19729842 -1.281329 -0.24217859
0.08299123 -2.4593396 -0.37662137
0.15688023 -1.7659866 -0.2999715
0.21898489 -1.0608424 -0.21679175
0.110165805 -2.2486098 -0.35467914
0.18129154 -1.5489099 -0.27665353
0.23884387 -0.84090704 -0.19064495
0.13665894 -2.0357783 -0.33244467
0.20480338 -1.3286483 -0.2526629
0.08620808 -2.5186162 -0.38603708
0.16249102 -1.8201317 -0.30982223
0.22697577 -1.1062105 -0.22771513
0.113896206 -2.307125 -0.3641377
0.18759744 -1.6011428 -0.28672773
0.24710518 -0.8846045 -0.20169385
0.1334936 -1.4611692 -0.24165578
0.073386446 -2.1106524 -0.32127324
0.00055843295 -2.7722647 -0.3955631
0.11317195 -1.6601311 -0.2650857
0.049624536 -2.309844 -0.34335113
0.14620191 -1.2236574 -0.20576772
0.0919427 -1.8576211 -0.28813058
0.02495711 -2.508408 -0.36494425
0.12754263 -1.417514 -0.23054247
0.069853194 -2.05401 -0.31078205
-0.0006373852 -2.7064412 -0.38574463
0.10806283 -1.6109716 -0.25422683
0.046886284 -2.2496452 -0.33303028
0.14131331 -1.1789355 -0.19306667
0.087666474 -1.8039231 -0.27743298
0.023012199 -2.444764 -0.35481963
0.1222224 -1.3708502 -0.21886684
0.06636408 -1.9963356 -0.30024248
-0.0017839237 -2.6393814 -0.37595904
0.10317356 -1.560152 -0.2431313
0.044164322 -2.1883132 -0.32266045
0.13705097 -1.1245165 -0.18315805
0.08345045 -1.7488852 -0.26662907
0.021054983 -2.3799334 -0.34465325
0.11778536 -1.3176854 -0.207427
0.06287563 -1.937396 -0.28963572
-0.0029733242 -2.5711513 -0.3661063
0.09876693 -1.5056463 -0.23191258
0.041408677 -2.1257286 -0.3122316
-0.02791156 -2.7618032 -0.38668245
0.07943324 -1.6915218 -0.25570974
0.019034488 -2.3138711 -0.33442393
0.113698065 -1.2581694 -0.1971364
0.059436936 -1.8767025 -0.2789485
-0.0042540072 -2.5017276 -0.3561568
0.094819464 -1.4461759 -0.22101973
0.038626313 -2.0616474 -0.30173722
-0.028452069 -2.6891344 -0.377245
0.07572053 -1.6307228 -0.2448361
0.016940938 -2.2464466 -0.32412496
0.10956317 -1.1942385 -0.18813418
0.056136604 -1.8135717 -0.2682315
-0.0056417845 -2.431035 -0.3461055
0.09106512 -1.3821274 -0.21079384
0.03586704 -1.9956822 -0.29119515
-0.02912569 -2.6152675 -0.36758867
0.072250105 -1.5660601 -0.23425467
0.014797455 -2.1774468 -0.3137649
-0.0535114 -2.7989848 -0.3883496
0.053004824 -1.7474576 -0.25761613
-0.0071277246 -2.358947 -0.3359622
0.08728827 -1.3146609 -0.20130917
0.033177283 -1.9274218 -0.2806687
-0.0299308 -2.540117 -0.35775802
0.06886556 -1.4979393 -0.22412597
0.012640207 -2.1066062 -0.30337697
-0.0536211 -2.7208405 -0.3790392
0.049982928 -1.6782877 -0.24724619
-0.00868847 -2.2853022 -0.32575175
0.083389714 -1.2448776 -0.19245648
0.030556802 -1.8566402 -0.27025515
-0.030853579 -2.4635808 -0.3477938
0.065434024 -1.427159 -0.21449225
0.010489969 -2.0337121 -0.29302165
-0.053878773 -2.641408 -0.36945876
0.04696918 -1.6064453 -0.23721075
-0.0103015825 -2.2099478 -0.3155164
-0.07778503 -2.8187218 -0.3906814
0.027956415 -1.7834232 -0.2600453
-0.031876415 -2.3855603 -0.33774063
0.061870396 -1.3545321 -0.20531929
0.008334773 -1.9587189 -0.28277174
-0.054271977 -2.560625 -0.35968572
0.043873563 -1.5325353 -0.22753827
-0.011960912 -2.1328075 -0.30531198
-0.07751693 -2.7351494 -0.3813265
0.025305076 -1.7081274 -0.2500957
-0.03298784 -2.3059974 -0.32764977
0.0581109 -1.2807463 -0.19652268
0.0061341207 -1.881787 -0.27269003
-0.05479005 -2.4784582 -0.3497878
0.040627666 -1.4571893 -0.21821652
-0.013682689 -2.0539396 -0.29519662
-0.077402785 -2.6502786 -0.37173095
0.022537544 -1.6312388 -0.24042799
-0.03419019 -2.2249095 -0.31757572
0.054139193 -1.2063525 -0.18799147
0.0038356793 -1.8032458 -0.26281697
-0.0554297 -2.3949268 -0.3398273
0.03718413 -1.3809652 -0.20920637
-0.0155003825 -1.9735414 -0.28521845
-0.07743816 -2.5641396 -0.36197004
0.019600337 -1.5532684 -0.23103918
-0.035500944 -2.1424203 -0.30756944
-0.10025203 -2.732651 -0.38405418
0.0013900709 -1.7235036 -0.2531711
-0.05619833 -2.3101172 -0.32986122
0.0335179 -1.3043331 -0.20044944
-0.017454239 -1.8919191 -0.27540997
-0.077625535 -2.4768186 -0.35211632
0.016456794 -1.4746765 -0.22190939
-0.036948215 -2.058745 -0.29767218
-0.09981733 -2.6426642 -0.3743894
-0.001244132 -1.6429852 -0.24375454
-0.057113413 -2.224195 -0.31993872
0.029597864 -1.2276682 -0.19187784
-0.019582495 -1.809425 -0.26578867
-0.07797528 -2.3884532 -0.3422309
0.01308132 -1.3958644 -0.21300566
-0.03856382 -1.9741697 -0.28791296
-0.0995636 -2.551683 -0.36460507
-0.0040962086 -1.5620764 -0.23455766
-0.058198854 -2.1373842 -0.31009874
-0.12191328 -2.7140129 -0.3871727
-0.021917336 -1.7264199 -0.25636035
-0.07850424 -2.2992368 -0.33236387
0.009454596 -1.3171537 -0.20428514
-0.040377833 -1.8890038 -0.27830952
-0.09950274 -2.4598846 -0.35476434
-0.007188157 -1.48112 -0.2255615
-0.05948031 -2.0499525 -0.3003695
-0.12122386 -2.619474 -0.37740314
-0.02448226 -1.6432314 -0.2471221
-0.0792328 -2.209396 -0.32255438
0.005576948 -1.2388066 -0.19569981
-0.04241529 -1.8035588 -0.26887068
-0.09965046 -2.3674805 -0.34491858
-0.010532351 -1.4003891 -0.21673879
-0.06098145 -1.9621747 -0.29076985
-0.120756336 -2.5243475 -0.36756083
-0.02729445 -1.56015 -0.23806378
-0.080181636 -2.1191804 -0.31283137
-0.14258075 -2.680122 -0.3906527
-0.044694655 -1.7181128 -0.25959828
-0.10002384 -2.274694 -0.33510777
-0.014132768 -1.3201094 -0.2080558
-0.062721565 -1.8743203 -0.28131112
-0.1205247 -2.4288538 -0.35769424
-0.030362176 -1.4774083 -0.22916912
-0.0813691 -2.0288336 -0.30321515
-0.14170925 -2.581784 -0.38073894
-0.04722851 -1.6329128 -0.2504888
-0.1006391 -2.1817546 -0.3253621
-0.017995061 -1.2404399 -0.19947357
-0.06471464 -1.7866249 -0.2719988
-0.12054256 -2.3332062 -0.34784386
-0.033689052 -1.3951951 -0.22041577
-0.08280959 -1.9385858 -0.293719
-0.14109987 -2.4833198 -0.3708016
-0.050022144 -1.548152 -0.2415338
-0.10150967 -2.0888727 -0.31570303
-0.022101548 -1.1614956 -0.1909489
-0.06696914 -1.6992941 -0.26283386
-0.12082155 -2.2376094 -0.33804077
-0.0372731 -1.3136387 -0.21177557
-0.08451276 -1.8486319 -0.2843509
-0.14076225 -2.3849254 -0.36086643
-0.05307671 -1.4639857 -0.23272058
-0.102645196 -1.9962395 -0.3061455
-0.16135597 -2.5309296 -0.38437042
-0.0694877 -1.6124847 -0.2538138
-0.12137003 -2.1422377 -0.3283077
-0.041102167 -1.2328262 -0.2032137
-0.08648343 -1.759137 -0.2751149
-0.14070295 -2.2867749 -0.35096535
-0.056386102 -1.380512 -0.22403188
-0.104050994 -1.9040067 -0.2966988
-0.1606673 -2.429968 -0.3742984
-0.07226856 -1.5263184 -0.24493302
-0.12219245 -2.047238 -0.31866038
-0.045172792 -1.1527842 -0.19468647
-0.088721424 -1.6702197 -0.26601198
-0.14092457 -2.1890013 -0.34112257
-0.059939466 -1.297792 -0.21544515
-0.10572794 -1.8122946 -0.2873684
-0.16027264 -2.3294423 -0.36425203
-0.07530338 -1.4408641 -0.23618346
-0.12328906 -1.952714 -0.3091089
-0.18026106 -2.4686153 -0.38828206
-0.0912223 -1.5819651 -0.25704092
-0.14142555 -2.0917027 -0.33135512
-0.06372322 -1.2158265 -0.20692936
-0.10767266 -1.7211771 -0.27815655
-0.16016826 -2.2294388 -0.3542584
-0.07858038 -1.3561567 -0.22755477
-0.12465589 -1.8587337 -0.2996588
-0.17954428 -2.365999 -0.3780308
-0.093976356 -1.4944102 -0.24819894
-0.14219992 -1.9949282 -0.3216738
-0.06770736 -1.1345724 -0.19843748
-0.10987772 -1.6306952 -0.2690632
-0.16034575 -2.1300042 -0.34433776
-0.0820807 -1.2721736 -0.21903373
-0.12628481 -1.7653173 -0.29031205
-0.17912653 -2.2640548 -0.36783376
-0.09697055 -1.407559 -0.23948264
-0.14323732 -1.8986902 -0.31208435
-0.19855691 -2.3970277 -0.39245647
-0.11233158 -1.540841 -0.2600864
-0.16079214 -2.0311346 -0.33450332
-0.08577685 -1.1888506 -0.21060184
-0.12816349 -1.6724479 -0.28106764
-0.17899242 -2.162778 -0.35771656
-0.10018516 -1.3213646 -0.2308895
-0.1445228 -1.8029499 -0.30258858
-0.19785297 -2.2935505 -0.38196677
-0.11501971 -1.4515723 -0.25122243
-0.1614899 -1.9327883 -0.32476223
-0.08963886 -1.1060472 -0.20222308
-0.13027558 -1.5800546 -0.27192178
-0.17912191 -2.0621157 -0.3476985
-0.103596024 -1.2357405 -0.22242072
-0.14603649 -1.7076274 -0.29318547
-0.197435 -2.1908448 -0.37158322
-0.11792328 -1.3627926 -0.24246639
-0.16241664 -1.8348767 -0.31511724
-0.093600996 -1.0235319 -0.19379744
-0.13260075 -1.4880198 -0.26286733
-0.1794905 -1.9619832 -0.3377895
-0.10717037 -1.1505326 -0.21408775
-0.14775315 -1.6125867 -0.28387216
-0.1972755 -2.088815 -0.36132663
-0.121023 -1.2743603 -0.23381223
-0.16354491 -1.7372751 -0.3055691
-0.21574903 -2.2151053 -0.38601464
-0.13511412 -1.3961555 -0.2538928
-0.18006925 -1.8622599 -0.32799247
-0.11085054 -1.0655025 -0.20592533
-0.14964184 -1.5176394 -0.2746448
-0.19734192 -1.987343 -0.35121262
-0.12429617 -1.1860571 -0.22525437
-0.16484235 -1.6398133 -0.29611847
-0.21533261 -2.1121876 -0.37541664
-0.1377889 -1.3041937 -0.24498028
-0.18082453 -1.7627996 -0.3183067
-0.11455889 -0.9802316 -0.19799177
-0.15166485 -1.4225266 -0.2655006
-0.19759637 -1.8862876 -0.3412406
-0.12772109 -1.0975593 -0.21679269
-0.16627225 -1.5422853 -0.2867684
-0.21511918 -2.009858 -0.36502597
-0.14058253 -1.2117337 -0.23610243
-0.18171914 -1.6634294 -0.3087313
-0.23333347 -2.1331267 -0.3899712
-0.15378559 -1.3269247 -0.2564421
-0.19799475 -1.785495 -0.33140096
-0.13130793 -1.0083246 -0.20845531
-0.16779816 -1.4444501 -0.2775269
-0.21505225 -1.90796 -0.3548343
-0.14348711 -1.118167 -0.2272233
-0.1827087 -1.5639642 -0.29926744
-0.23282945 -2.0303879 -0.37917173
-0.15591882 -1.2304364 -0.2474866
-0.19848537 -1.684798 -0.3216817
-0.13469432 -0.9169957 -0.20046204
-0.16937093 -1.3460749 -0.2684117
-0.21506439 -1.8063436 -0.3448096
-0.14612755 -1.022531 -0.21832956
-0.18376093 -1.4642097 -0.28992164
-0.23238531 -1.9280806 -0.36870018
0.22164154 -1.453102 0.45387125
0.21670784 -1.4035847 0.5288728
0.22281997 -1.498265 0.40519533
0.21719925 -1.4401823 0.47860742
0.2124577 -1.3944358 0.55436337
0.21789233 -1.4796865 0.429244
0.2129139 -1.4293977 0.5036326
0.20825067 -1.386333 0.5800671
0.21331453 -1.4655073 0.4537722
0.20872599 -1.4202049 0.5289174
0.21414024 -1.5069957 0.40516746
0.20898831 -1.454111 0.4785873
0.20460154 -1.4122343 0.5544326
0.2094336 -1.4906904 0.4292047
0.2048161 -1.4446714 0.5036674
0.2005193 -1.4052652 0.58014923
0.20498124 -1.4780602 0.45374924
0.20074129 -1.4366866 0.5289901
0.2053105 -1.5154926 0.40518716
0.20076314 -1.468029 0.47861168
0.19673 -1.4298415 0.55453104
0.20087215 -1.5015656 0.42925432
0.19669718 -1.4598206 0.5037358
0.1927632 -1.4239652 0.5802649
0.19659378 -1.4905487 0.45379478
0.19272768 -1.452964 0.52909344
0.19640987 -1.5237254 0.40523085
0.19249716 -1.4818174 0.4786816
0.1888218 -1.4471849 0.55466104
0.19222352 -1.5121324 0.42934582
0.18853706 -1.4747579 0.5038395
0.18496293 -1.4423506 0.58041614
0.1881346 -1.5027862 0.45389205
0.18466815 -1.4689575 0.52922904
0.18745428 -1.5316472 0.40529004
0.18417297 -1.495345 0.4787945
0.1808615 -1.4641823 0.554824
0.18349887 -1.5222993 0.42945835
0.1803214 -1.4893836 0.5039791
0.17710376 -1.4603319 0.5806038
0.17959815 -1.5146371 0.4540248
0.17655008 -1.4845781 0.5293982
0.17844564 -1.5392158 0.40535936
0.1757785 -1.5084889 0.47894463
0.17283727 -1.4807442 0.5550213
0.17470296 -1.5320095 0.42958286
0.17203842 -1.5035936 0.5041537
0.16917408 -1.4778144 0.5808285
0.17098284 -1.526007 0.4541813
0.16836283 -1.4997308 0.5296014
0.16938284 -1.5463953 0.40543503
0.16730608 -1.5211433 0.4791254
0.16473909 -1.4967763 0.55525357
0.16583732 -1.5412216 0.42971486
0.16367874 -1.5172869 0.50436103
0.16116402 -1.4946998 0.58109033
0.16228813 -1.5368274 0.45435426
0.16009714 -1.5143186 0.52983826
0.16026443 -1.5531557 0.40551415
0.15875094 -1.533221 0.47933087
0.15655792 -1.512181 0.55552083
0.15690225 -1.5499021 0.42985162
0.1552351 -1.5303699 0.50459784
0.15306455 -1.5108871 0.5813888
0.15351361 -1.5470456 0.4545391
0.15174495 -1.528246 0.5301074
0.1510892 -1.5594714 0.40559453
0.15010998 -1.5446491 0.4795564
0.1482855 -1.526861 0.5558224
0.14789763 -1.558022 0.4299914
0.14670193 -1.5427576 0.50486094
0.14486715 -1.5262752 0.5817229
0.14465888 -1.5566179 0.45473292
0.14329931 -1.541422 0.53040683
0.14185621 -1.5653204 0.40567434
0.14138101 -1.5553662 0.47979864
0.13991414 -1.5407205 0.55615693
0.13882315 -1.5655553 0.43013284
0.13807492 -1.554374 0.5051475
0.13656366 -1.540764 0.5820911
0.13572341 -1.5655062 0.4549339
0.13475423 -1.5537608 0.5307345
0.13256477 -1.5706829 0.40575227
0.13256222 -1.5653179 0.48005515
0.13143681 -1.5536677 0.5565226
0.12967844 -1.5724778 0.430275
0.12935041 -1.5651503 0.50545496
0.12814635 -1.5542567 0.58249146
0.12670656 -1.5736755 0.45514086
0.12610438 -1.5651827 0.53108805
0.12321436 -1.5755409 0.40582722
0.12365188 -1.5744551 0.48032427
0.12284696 -1.5656157 0.5569171
0.12046302 -1.5787657 0.43041706
0.120525114 -1.5750233 0.5057813
0.11960792 -1.5666615 0.5829213
0.117607415 -1.5810922 0.45535296
0.11734492 -1.575614 0.53146523
0.11380447 -1.5798769 0.40589833
0.114648156 -1.5827317 0.48060492
0.11413855 -1.5764836 0.5573379
0.11117625 -1.5843955 0.43055856
0.111595824 -1.5839344 0.50612503
0.110941514 -1.5778935 0.5833777
0.10842486 -1.587723 0.45556977
0.10847123 -1.5849864 0.531864
0.104334526 -1.5836734 0.40596497
0.10554895 -1.5901029 0.48089635
0.105305836 -1.5861974 0.5577823
0.101817265 -1.5893426 0.43069914
0.10255919 -1.5918285 0.5064849
0.102140784 -1.5878762 0.58385724
0.09915736 -1.5935341 0.4557912
0.09947869 -1.5932366 0.5322824
0.09480378 -1.5869119 0.4060267
0.09635176 -1.5965246 0.48119834
0.09634332 -1.5946901 0.5582474
0.09238486 -1.5935808 0.43083867
0.09341154 -1.598652 0.5068601
0.093199864 -1.5965431 0.5843559
0.08980298 -1.5984896 0.45601737
0.09036259 -1.600306 0.53271866
0.08521121 -1.5895725 0.4060831
0.087053604 -1.6019516 0.48151088
0.08724565 -1.6019027 0.5587301
0.08287743 -1.5970817 0.4309772
0.08414877 -1.6043531 0.50724995
0.084113404 -1.6038395 0.58486944
0.08035921 -1.6025518 0.4562487
0.08111793 -1.6061404 0.5331709
0.07555548 -1.5916332 0.40613404
0.07765085 -1.6063374 0.48183438
0.07800752 -1.6077845 0.5592273
0.07329288 -1.5998133 0.43111494
0.074766144 -1.6088803 0.50765413
0.0748766 -1.6097234 0.5853931
0.07082289 -1.6056788 0.45648602
0.07173928 -1.6106896 0.5336374
0.06583482 -1.5930687 0.4061793
0.0681391 -1.6096328 0.48216954
0.06862366 -1.612294 0.5597352
0.063628554 -1.60174 0.43125245
0.065258175 -1.6121826 0.5080723
0.06548523 -1.6141677 0.5859216
0.061190084 -1.6078244 0.45673046
0.06222078 -1.6139086 0.5341162
0.056046985 -1.5938503 0.4062189
0.058512997 -1.6117854 0.48251733
0.05908885 -1.6153995 0.56025
0.05388108 -1.6028204 0.43139043
0.05561849 -1.6142086 0.50850433
0.055935767 -1.6171606 0.5864494
0.051455922 -1.6089368 0.4569836
0.052556008 -1.6157571 0.5346051
0.04618918 -1.5939441 0.4062528
0.0487661 -1.6127383 0.4828791
0.049397964 -1.6170812 0.56076723
0.044046316 -1.603007 0.43153003
0.045839705 -1.6149073 0.5089499
0.046225484 -1.6187074 0.58697045
0.04161441 -1.6089568 0.4572476
0.042738054 -1.6162018 0.53510123
0.036257993 -1.5933108 0.40628105
0.038890596 -1.6124296 0.4832564
0.03954618 -1.6173319 0.56128204
0.034119166 -1.6022437 0.43167287
0.035913263 -1.6142284 0.50940806
0.03635265 -1.618831 0.58747864
0.03165816 -1.6078167 0.45752528
0.03275963 -1.6152179 0.535601
0.02624931 -1.5919038 0.40630376
0.028877046 -1.610793 0.48365074
0.029529259 -1.6161596 0.56178874
0.024093414 -1.6004643 0.43182117
0.025829434 -1.612125 0.50987744
0.026316714 -1.6175727 0.58796763
0.021578053 -1.6054382 0.45782
0.022613382 -1.6127927 0.53609973
0.016158246 -1.5896676 0.40632102
0.018714044 -1.607757 0.4840635
0.01934395 -1.6135894 0.5622811
0.013961431 -1.59759 0.43197814
0.015577389 -1.6085567 0.51035494
0.016118532 -1.6149908 0.5884312
0.011362688 -1.6017308 0.45813605
0.012292442 -1.6089295 0.5365912
0.0059790113 -1.5865353 0.40633294
0.008387847 -1.6032479 0.48449492
0.008988547 -1.6096653 0.56275225
0.0037137487 -1.5935248 0.43214822
0.0051455623 -1.603495 0.51083523
0.00576057 -1.6111608 0.5888636
0.0009975928 -1.59659 0.4584781
0.001791285 -1.6036527 0.5370674
-0.0042952537 -1.5824263 0.4063396
-0.0021179519 -1.5971938 0.4849432
-0.0015364906 -1.6044517 0.5631954
-0.0066616903 -1.5881516 0.4323379
-0.005477456 -1.596932 0.5113101
-0.004752903 -1.6061718 0.58926004
-0.009536038 -1.5898969 0.4588507
-0.0088930605 -1.5970129 0.5375193
-0.0146728745 -1.5772408 0.40634105
-0.012822457 -1.5895346 0.48540244
-0.012227865 -1.598033 0.56360394
-0.017180962 -1.5813246 0.4325563
-0.016301272 -1.5888916 0.5117675
-0.015415516 -1.6001245 0.5896166
-0.020263286 -1.5815213 0.45925614
-0.019759573 -1.58909 0.5379367
-0.025164358 -1.5708534 0.40633738
-0.02374661 -1.5802376 0.48585984
-0.02307872 -1.5905116 0.5639721
-0.027867053 -1.5728607 0.432816
-0.027331093 -1.5794401 0.51219183
-0.026218122 -1.5931257 0.58993083
-0.031218244 -1.5713333 0.45968974
-0.030801756 -1.5799943 0.5383098
-0.035784133 -1.5631016 0.40632895
-0.034910332 -1.5693232 0.48629344
-0.03407756 -1.5820042 0.5642955
-0.038756143 -1.5625284 0.43313244
-0.038564466 -1.5686942 0.51256603
-0.037147146 -1.5852852 0.5902016
-0.042446654 -1.5592355 0.4601305
-0.04200608 -1.5698613 0.53863025
-0.046554677 -1.5537672 0.4063178
-0.046326175 -1.5568945 0.48667192
-0.045206044 -1.5726364 0.5645706
-0.049912013 -1.550042 0.4335164
-0.049987875 -1.5568174 0.5128743
-0.048181187 -1.5767105 0.5904292
-0.054003797 -1.5452317 0.46052778
-0.0533491 -1.5588425 0.53889114
-0.057518158 -1.5425355 0.40631405
-0.057988685 -1.5431545 0.48696092
-0.05643425 -1.5625359 0.5647949
-0.06145909 -1.5350934 0.433941
-0.061571278 -1.5440027 0.51310444
-0.059285786 -1.567503 0.590615
-0.06593293 -1.5295368 0.4607954
-0.06478919 -1.5470941 0.5390868
-0.0687795 -1.528899 0.40636376
-0.069855586 -1.5283799 0.48713323
-0.067712985 -1.551828 0.5649666
-0.07364395 -1.5175593 0.43424153
-0.07324725 -1.530444 0.5132481
-0.07041038 -1.5577546 0.59076214
-0.07818349 -1.5126338 0.46084014
-0.07624888 -1.5347642 0.53921574
-0.08077027 -1.5117807 0.40660417
-0.08177656 -1.5128429 0.48717433
-0.078972094 -1.5406288 0.5650887
-0.086704224 -1.4982208 0.43397102
-0.084859475 -1.5163053 0.5133092
-0.08150111 -1.5475439 0.59087694
-0.11137944 -1.4543934 0.40836602
-0.14411508 -1.3936641 0.4120165
-0.13172187 -1.4159967 0.41903368
-0.11911164 -1.4403547 0.42623064
-0.10559093 -1.4660609 0.43337804
-0.14115453 -1.403851 0.43672672
-0.12712461 -1.43006 0.4436053
-0.11278239 -1.4563881 0.450446
-0.15026565 -1.3962266 0.45391402
-0.1352215 -1.4232801 0.46060136
-0.1202373 -1.4497514 0.46727353
-0.10509787 -1.4754064 0.47392142
-0.14307493 -1.4198576 0.47729805
-0.12764958 -1.4459656 0.48387766
-0.11227679 -1.4710456 0.4904441
-0.15052648 -1.4192889 0.49378645
-0.13485211 -1.4446508 0.50031334
-0.11932211 -1.4689018 0.50683063
-0.103859544 -1.4920248 0.51333565
-0.14178655 -1.445318 0.51663125
-0.12618163 -1.4685779 0.52311933
-0.11069737 -1.4907397 0.529598
-0.14845617 -1.4474778 0.5328689
-0.13284372 -1.469665 0.5393399
-0.117372945 -1.4908216 0.5458028
-0.10201285 -1.5109786 0.55225587
-0.13932204 -1.4717871 0.5555125
-0.12389338 -1.4919446 0.56196517
-0.10858914 -1.5112029 0.5684081
-0.14564155 -1.4746238 0.5716481
-0.13027556 -1.4938312 0.5780916
-0.11503828 -1.512253 0.58452344
-0.09990819 -1.5299191 0.590939
-0.13653955 -1.4962682 0.59417874
-0.121376894 -1.5139608 0.60059196
-0.106315985 -1.5310119 0.6069778
-0.1427054 -1.4991084 0.6102115
-0.24004811 -1.8357248 -0.36532348
-0.19221778 -1.3730041 -0.28689113
-0.15447202 -0.9283057 -0.2160422
-0.22689386 -1.6855203 -0.34159043
-0.18194532 -1.2258394 -0.26552367
-0.14627692 -0.78609234 -0.19724
-0.21452126 -1.5357525 -0.31853005
-0.17253849 -1.080438 -0.24481438
-0.25219336 -1.850055 -0.37567368
-0.20294581 -1.3866426 -0.29616737
-0.16398215 -0.93720233 -0.2247583
-0.23866983 -1.6998851 -0.3516561
-0.19220255 -1.2384839 -0.2745118
-0.15638895 -0.79670155 -0.2055282
-0.22589196 -1.5499643 -0.32828665
-0.18235914 -1.091701 -0.2535588
-0.26443827 -1.8642244 -0.3861204
-0.21387498 -1.4004387 -0.3056061
-0.1735441 -0.9469995 -0.23330873
-0.25058666 -1.7141303 -0.3618634
-0.20265914 -1.2515299 -0.28363398
-0.16614825 -0.8059983 -0.21372813
-0.23743473 -1.564156 -0.33820173
-0.19233288 -1.103613 -0.26237175
-0.161847 -0.674136 -0.19331618
-0.2249968 -1.4143685 -0.31520778
-0.18308808 -0.9574176 -0.24180557
-0.262637 -1.7282715 -0.37218776
-0.21331008 -1.2649063 -0.29291153
-0.17541732 -0.814677 -0.22183493
-0.24915127 -1.5783302 -0.34826437
-0.20246316 -1.1160547 -0.27131325
-0.17066628 -0.6802315 -0.20169662
-0.23632151 -1.4284214 -0.32497472
-0.19264854 -0.9684197 -0.25037852
-0.2748183 -1.7423161 -0.38260818
-0.22418202 -1.2785877 -0.3023633
-0.18432401 -0.82343733 -0.22996885
