-7.3455094e-18 5.28e-43 -7.3455094e-18
5.28e-43 2.2e-44 -0.47854137
-0.07072311 -1.7276804 -0.4564906
-0.080479175 -1.0671853 -0.4100542
-0.08662913 -1.5566853 -0.47627804
-0.060989495 -1.9200486 -0.47854477
-0.07132651 -1.7214699 -0.45649955
-0.08100739 -1.0640863 -0.41008872
-0.08774547 -1.5175904 -0.47676024
-0.11177307 -1.3674804 -0.47548145
-0.14132869 -1.2359287 -0.47665718
-0.17188641 -1.1159364 -0.47660944
-0.20065325 -0.993232 -0.47675124
-0.24523777 -0.35294467 -0.47556597
-0.2618977 0.08102337 -0.4577377
-0.25827414 0.15580817 -0.41722146
-0.20088026 -0.9919211 -0.47649997
-0.24587414 -0.34797955 -0.47554934
-0.26257977 0.08753064 -0.4577269
-0.25890738 0.16111808 -0.41720647
-0.20107974 -0.9909411 -0.4765103
-0.24650225 -0.34324753 -0.47550595
-0.26325426 0.09366557 -0.45768857
-0.25953516 0.16598193 -0.41715822
-0.20131998 -0.98997074 -0.47652125
-0.24713844 -0.33823714 -0.47561795
-0.26393718 0.10023804 -0.4578181
-0.2601667 0.17137106 -0.41731572
-0.20178665 -0.9890873 -0.47653103
-0.24776398 -0.33355612 -0.47535247
-0.26460958 0.10631099 -0.45753527
-0.26078966 0.17615938 -0.4169659
-0.20247068 -0.98781776 -0.47682524
-0.24840271 -0.32850346 -0.4757757
-0.26529405 0.11294695 -0.45800903
-0.2614178 0.1816256 -0.4175481
-0.20264436 -0.98654884 -0.47640923
-0.24903102 -0.3238305 -0.47517473
-0.26596716 0.11900305 -0.45735157
-0.26203606 0.18639356 -0.4167345
-0.20307845 -0.9848495 -0.4769144
-0.2496717 -0.3188443 -0.47579518
-0.2666516 0.12558496 -0.45805243
-0.26265755 0.19179255 -0.41760057
-0.20383723 -0.98322916 -0.47638714
-0.25032273 -0.31397927 -0.47543824
-0.2673379 0.13184258 -0.45764756
-0.26327273 0.19680837 -0.41709006
-0.2031312 -1.0087837 -0.47689688
-0.25985655 0.048552226 -0.38588658
-0.26740056 0.2268567 -0.43841887
-0.26359725 -0.026584828 -0.46847054
-0.23327392 -0.60230744 -0.476854
-0.25055203 -0.5533625 -0.47644195
-0.29118055 0.18534496 -0.47065344
-0.2975614 0.5071947 -0.44368154
-0.28184798 0.26762646 -0.3934177
-0.17376922 -1.358124 -0.4746089
-0.11601775 -1.9942622 -0.47180992
-0.05132999 -2.6019864 -0.47664014
-0.1549212 -1.573524 -0.47300717
-0.09554007 -2.1938956 -0.47236547
-0.31178203 -1.1218565 -0.16833319
-0.30202597 -1.0881253 -0.1689635
-0.26878208 -0.96459687 -0.17217952
-0.29582286 -1.0715789 -0.17021352
-0.2637018 -0.9714431 -0.17244145
-0.29622522 -1.0795977 -0.1710523
-0.20287715 -1.0193017 -0.47685003
-0.2111393 -0.9977682 -0.47676286
-0.197098 -1.0490733 -0.47723168
-0.20874308 -1.0306622 -0.47675803
-0.20011756 -1.0792655 -0.47728288
-0.18614748 -1.3701484 -0.47506598
-0.11300819 -2.1632612 -0.4720202
-0.033884406 -2.8930147 -0.47759724
-0.20844291 -1.0652753 -0.47647116
-0.2028773 -1.0732429 -0.47698367
-0.23779193 -0.65982515 -0.071742505
-0.2499006 -0.7899908 -0.118173175
-0.313588 -1.1155671 -0.16452245
-0.2973277 -0.8958927 -0.11184741
-0.2761139 -0.7006307 -0.065457545
-0.24053438 -0.56418866 -0.035075363
-0.2358097 -0.647848 -0.06810141
-0.2478952 -0.77618086 -0.11426566
-0.26502746 -0.9256722 -0.166487
-0.23499009 -0.6467831 -0.06822445
-0.2469633 -0.7735631 -0.11435921
-0.2664466 -0.9207176 -0.16662435
-0.15474911 -1.571891 -0.47295183
-0.09571802 -2.1891897 -0.47233897
-0.19206628 -1.136762 -0.47644213
-0.13563071 -1.7787644 -0.47198123
-0.07467343 -2.3839152 -0.47387487
-0.22974518 -0.6026658 -0.05342988
-0.242263 -0.72909963 -0.09877799
-0.24913272 -0.8586677 -0.14691924
-0.2290286 -0.60206974 -0.053579707
-0.24142449 -0.7271802 -0.098886825
-0.24772647 -0.8544569 -0.1469412
-0.17479399 -1.3557302 -0.47419056
-0.11629382 -1.979357 -0.47170016
-0.05288068 -2.5758014 -0.47646713
-0.154332 -1.5669669 -0.47278085
-0.09626197 -2.175007 -0.47225538
-0.22345819 -0.5569745 -0.039289765
-0.23676498 -0.68481463 -0.08366989
-0.24703695 -0.80738443 -0.13065891
-0.22280182 -0.556866 -0.0395338
-0.23598777 -0.683472 -0.08378511
-0.24606769 -0.80419177 -0.13073608
-0.18824667 -1.1377083 -0.47562274
-0.1355728 -1.770526 -0.47187054
-0.07553642 -2.366869 -0.47377232
-0.17314084 -1.3541353 -0.47387478
-0.11654136 -1.9680089 -0.47161263
-0.054062687 -2.5559783 -0.47633258
-0.2312617 -0.642111 -0.06884308
-0.24248672 -0.7610795 -0.11484642
-0.25703982 -0.8859386 -0.16846143
-0.23054403 -0.6413128 -0.06896685
-0.24158457 -0.7587124 -0.11494561
-0.25393027 -0.8795042 -0.16879214
-0.15408853 -1.561867 -0.47261274
-0.09682052 -2.16071 -0.47216696
-0.18889248 -1.136351 -0.4753156
-0.13564797 -1.7622124 -0.47175995
-0.07641427 -2.3497267 -0.47366503
-0.22560318 -0.5998406 -0.054327935
-0.23732305 -0.7181069 -0.09943271
-0.24650314 -0.8342592 -0.14732914
-0.15691513 -2.013951 -0.05805467
-0.12134833 -1.6802 -0.104862034
-0.08786432 -1.3174506 -0.1438421
-0.19889884 -0.62363106 -0.045092847
-0.18295102 -0.9325264 -0.046578158
-0.17756909 -1.4141376 -0.043795332
-0.17394906 -1.9505588 -0.038635734
-0.096453704 -0.97040355 -0.15730238
-0.13556555 -0.8026887 -0.16056567
-0.17960927 -0.73424155 -0.16336928
-0.22997937 -0.79270184 -0.1680968
-0.08624997 -1.0366693 -0.15609889
-0.12335324 -0.8381554 -0.16026776
-0.16627254 -0.7426815 -0.16301459
-0.21434279 -0.75848174 -0.16655034
-0.08594079 -1.0317506 -0.15669873
-0.12315452 -0.8352442 -0.16078652
-0.16622351 -0.7417954 -0.16351885
-0.21445848 -0.7594898 -0.16702233
-0.085624374 -1.0268321 -0.15732011
-0.12295151 -0.8323238 -0.16130568
-0.16616856 -0.7408996 -0.16402191
-0.21456373 -0.76049215 -0.16748554
-0.08536744 -1.0219452 -0.15796155
-0.12278898 -0.8294234 -0.1618245
-0.16616029 -0.74002635 -0.16452302
-0.21474703 -0.76153255 -0.16793904
-0.08496801 -1.0170346 -0.15862088
-0.12252805 -0.82649696 -0.16234209
-0.1660373 -0.7391241 -0.16502118
-0.2147365 -0.76253575 -0.16838151
-0.08483332 -1.0121783 -0.15929484
-0.12245041 -0.82360625 -0.16285717
-0.16612554 -0.7382622 -0.16551498
-0.21508053 -0.7636054 -0.16881093
-0.08430376 -1.0072912 -0.15997924
-0.12210128 -0.8206853 -0.16336814
-0.16590044 -0.7373673 -0.16600248
-0.21489727 -0.76463246 -0.16922425
-0.08425034 -1.0024238 -0.16067085
-0.12207832 -0.8177753 -0.1638743
-0.16604905 -0.7364827 -0.16648251
-0.21534069 -0.7656738 -0.16961904
-0.188776 -1.0620925 -0.4762272
-0.16031152 -1.1622461 -0.47668594
-0.1299013 -1.2846828 -0.4762617
-0.10205733 -1.4130718 -0.4746885
-0.095118165 -1.4460361 -0.4740488
-0.121477336 -1.3204794 -0.47579983
-0.15123767 -1.1991724 -0.47664157
-0.18048264 -1.0948403 -0.476304
-0.09559955 -1.4392943 -0.4737895
-0.12157223 -1.3190411 -0.4756945
-0.15100892 -1.2018862 -0.4765686
-0.17993288 -1.1014453 -0.47623482
-0.09613149 -1.4325088 -0.47353002
-0.121672854 -1.3176068 -0.47558576
-0.1508345 -1.2045906 -0.47649094
-0.17951447 -1.1080313 -0.47616085
-0.09663334 -1.4257725 -0.47327468
-0.12177166 -1.3161606 -0.47547612
-0.15061279 -1.2073023 -0.4764114
-0.17897858 -1.1146411 -0.47608492
-0.09716106 -1.4189969 -0.47302428
-0.12187236 -1.3147173 -0.47536588
-0.15042263 -1.2100005 -0.47633052
-0.17852108 -1.1212208 -0.4760075
-0.0976821 -1.4122671 -0.4727788
-0.12197365 -1.3132633 -0.47525474
-0.1502142 -1.212705 -0.47624823
-0.17801696 -1.1278219 -0.47592857
-0.11516097 -1.2035387 -0.4714173
-0.160882 -0.6953454 -0.46620652
-0.20787673 -0.2617183 -0.46915877
-0.18784477 -0.55365723 -0.469239
-0.13505942 -1.239629 -0.47103724
-0.087223016 -1.9284039 -0.4750409
-0.045009322 -2.549052 -0.47885835
-0.17598023 -1.1436225 -0.47579184
-0.1486281 -1.2218003 -0.47606432
-0.12109728 -1.3141818 -0.47494715
-0.09791575 -1.4024436 -0.47213063
-0.17645979 -1.1371949 -0.47587532
-0.14881931 -1.2192684 -0.47615227
-0.12098024 -1.31583 -0.4750649
-0.0973545 -1.4094465 -0.47238168
-0.056317016 -1.6493452 -0.47421932
-0.07043363 -1.5716552 -0.4704443
-0.058646254 -1.6128393 -0.4742397
-0.072843574 -1.5370373 -0.4717154
-0.061137877 -1.575381 -0.4739114
-0.075497866 -1.5031856 -0.47449014
-0.06947949 -1.4550039 -0.47453353
-0.15189758 -0.6249928 -0.466885
-0.22069193 -0.0141946925 -0.46758017
-0.20632523 -0.25264412 -0.46834433
-0.15607256 -0.71792424 -0.46654317
-0.10579309 -1.2838445 -0.47319993
-0.19339105 -0.36957827 -0.46698996
-0.1433529 -0.85029685 -0.4675656
-0.22629045 -0.08629889 -0.47194427
-0.1765321 -0.52646714 -0.46612126
-0.12677045 -1.0343622 -0.46971086
-0.20897704 -0.23713627 -0.46891207
-0.1598641 -0.6890169 -0.46632648
-0.111161634 -1.2296462 -0.47236133
-0.19215594 -0.38831237 -0.46697345
-0.14340773 -0.8592506 -0.46751305
-0.22447686 -0.10923773 -0.47188607
-0.17565832 -0.5424769 -0.4661242
-0.12740079 -1.0385411 -0.46971852
-0.20742962 -0.2581292 -0.46889213
-0.15940641 -0.70185375 -0.4662893
-0.11233805 -1.228534 -0.47194487
-0.19091634 -0.40703395 -0.46695614
-0.1434409 -0.8681555 -0.46752292
-0.22264957 -0.13222626 -0.4718504
-0.17477836 -0.55853003 -0.4661315
-0.12798108 -1.0428509 -0.46961695
-0.15679012 -2.0203607 -0.05798746
-0.12112694 -1.6860749 -0.10479315
-0.08775674 -1.3231552 -0.14373696
-0.1566694 -2.0267432 -0.057920568
-0.12091078 -1.6919031 -0.10472453
-0.08769479 -1.3288058 -0.14361256
-0.15655123 -2.03311 -0.057853974
-0.12069108 -1.6976914 -0.104655325
-0.08761763 -1.3341783 -0.14346574
-0.15643641 -2.0394857 -0.057787754
-0.12047052 -1.7035196 -0.10458598
-0.08747182 -1.3393779 -0.14329706
-0.15632536 -2.0458863 -0.057721965
-0.12025001 -1.7094698 -0.10451641
-0.08727784 -1.3454614 -0.1431059
-0.15621863 -2.052299 -0.057656623
-0.12002831 -1.7154773 -0.104446605
-0.08697747 -1.3515282 -0.14289276
-0.15611477 -2.0586994 -0.05759194
-0.1198019 -1.7214497 -0.10437666
-0.08663704 -1.357258 -0.14265995
-0.15601431 -2.0650694 -0.057527605
-0.119565845 -1.7273737 -0.104306355
-0.086270966 -1.3628935 -0.14240961
-0.15586166 -2.071426 -0.057464503
-0.11923709 -1.7332835 -0.10423562
-0.085657634 -1.3685137 -0.14214867
-0.05785337 -1.2882142 -0.16147123
-0.07001598 -1.2036035 -0.15765142
-0.059786115 -1.3095127 -0.15923876
-0.07125526 -1.2224553 -0.15462397
-0.06185083 -1.3303882 -0.15709774
-0.07383315 -1.2405086 -0.15455715
-0.15418229 -2.3525949 -0.057250544
-0.11658527 -1.99779 -0.10460924
-0.07694189 -1.6078072 -0.14313608
-0.24829607 -0.32161167 -0.34549704
-0.19708805 -0.33467525 -0.3458954
-0.15525936 -0.33752948 -0.34364477
-0.11107608 -0.2908136 -0.339993
-0.24869986 -0.3472656 -0.34275144
-0.1968688 -0.3441412 -0.34308043
-0.15472898 -0.33490336 -0.3409918
-0.11005001 -0.27797648 -0.33743814
-0.24897969 -0.37171254 -0.34013247
-0.1966809 -0.3537756 -0.34028274
-0.15420051 -0.33265755 -0.33835912
-0.10900909 -0.2659023 -0.33494774
-0.24914323 -0.39517817 -0.337537
-0.19652314 -0.36354643 -0.33750582
-0.15367362 -0.3307807 -0.33574608
-0.10795625 -0.2545929 -0.3325085
-0.24922773 -0.4178243 -0.33494633
-0.19639546 -0.3734268 -0.33475307
-0.15315032 -0.32927087 -0.33315417
-0.1068966 -0.24406329 -0.33011243
-0.24926691 -0.4397594 -0.33235377
-0.19629718 -0.38338885 -0.3320261
-0.1526316 -0.3281243 -0.33058286
-0.10583422 -0.23432516 -0.32775247
-0.24928713 -0.46106076 -0.32976118
-0.19622752 -0.39340612 -0.32932633
-0.15211867 -0.32733864 -0.32803202
-0.10477381 -0.22538891 -0.32542434
-0.24930654 -0.4817826 -0.32717186
-0.19618525 -0.4034531 -0.3266547
-0.15161255 -0.32691097 -0.32550123
-0.10372025 -0.21726055 -0.3231247
-0.24933699 -0.5019642 -0.32458958
-0.19616881 -0.4135058 -0.32401186
-0.15111426 -0.32683825 -0.3229902
-0.1026787 -0.20994133 -0.32085097
-0.24938563 -0.5216343 -0.32201743
-0.19617623 -0.42354196 -0.32139808
-0.15062475 -0.32711676 -0.3204987
-0.10165429 -0.20342717 -0.3186006
-0.24945644 -0.54081416 -0.31945816
-0.19620533 -0.4335417 -0.3188134
-0.15014501 -0.32774225 -0.3180267
-0.10065188 -0.19770895 -0.3163713
-0.24955131 -0.5595196 -0.3169138
-0.19625375 -0.44348726 -0.3162575
-0.14967594 -0.32870978 -0.31557414
-0.09967586 -0.19277285 -0.31416067
-0.24967077 -0.5777628 -0.3143861
-0.19631907 -0.4533635 -0.31372994
-0.14921848 -0.33001372 -0.3131412
-0.09872996 -0.18860102 -0.3119666
-0.2498144 -0.59555286 -0.3118763
-0.19639903 -0.46315768 -0.31122994
-0.14877357 -0.33164775 -0.310728
-0.09781721 -0.18517236 -0.30978706
-0.2499813 -0.612897 -0.30938542
-0.19649144 -0.47285917 -0.3087568
-0.14834209 -0.3336049 -0.30833483
-0.09693992 -0.18246342 -0.30762038
-0.25017008 -0.6298009 -0.3069142
-0.19659434 -0.4824595 -0.3063096
-0.14792491 -0.33587742 -0.3059618
-0.09609971 -0.18044905 -0.30546513
-0.2503793 -0.6462692 -0.3044632
-0.19670603 -0.49195182 -0.30388755
-0.14752288 -0.338457 -0.30360913
-0.09529761 -0.17910317 -0.3033202
-0.25060725 -0.6623057 -0.30203283
-0.19682504 -0.50133085 -0.30148974
-0.14713679 -0.34133458 -0.30127698
-0.09453412 -0.1783993 -0.30118483
-0.2508522 -0.6779139 -0.2996233
-0.19695017 -0.51059246 -0.29911548
-0.14676738 -0.34450057 -0.29896545
-0.09380932 -0.17831099 -0.2990585
-0.25111252 -0.6930969 -0.29723483
-0.19708042 -0.51973355 -0.296764
-0.14641532 -0.34794483 -0.29667464
-0.093123 -0.17881225 -0.296941
-0.25138643 -0.70785767 -0.29486737
-0.19721502 -0.52875155 -0.29443467
-0.14608121 -0.35165662 -0.2944045
-0.09247467 -0.17987768 -0.2948323
-0.25167233 -0.72219926 -0.2925209
-0.1973534 -0.5376446 -0.2921269
-0.14576559 -0.35562485 -0.29215503
-0.0918637 -0.18148275 -0.29273248
-0.25196856 -0.7361248 -0.29019535
-0.19749507 -0.54641116 -0.28984016
-0.1454689 -0.35983795 -0.28992608
-0.09128936 -0.18360375 -0.29064184
-0.2522736 -0.74963737 -0.2878905
-0.19763975 -0.5550498 -0.28757405
-0.14519154 -0.36428404 -0.28771752
-0.09075083 -0.18621798 -0.28856075
-0.25258592 -0.7627404 -0.28560618
-0.1977872 -0.5635593 -0.28532812
-0.14493375 -0.36895102 -0.28552917
-0.09024727 -0.18930365 -0.28648958
-0.25290415 -0.7754374 -0.2833421
-0.19793728 -0.5719385 -0.28310198
-0.14469573 -0.37382653 -0.28336078
-0.08977787 -0.19283997 -0.2844288
-0.253227 -0.7877322 -0.28109804
-0.1980899 -0.58018607 -0.28089532
-0.14447765 -0.37889805 -0.28121215
-0.089341804 -0.196807 -0.28237894
-0.25355315 -0.7996287 -0.27887362
-0.19824499 -0.5883008 -0.27870783
-0.14427951 -0.38415304 -0.27908292
-0.08893826 -0.20118572 -0.28034046
-0.25388148 -0.81113106 -0.27666858
-0.19840255 -0.59628123 -0.27653918
-0.14410128 -0.38957888 -0.2769729
-0.08856648 -0.20595789 -0.27831385
-0.2542109 -0.82224363 -0.27448258
-0.19856258 -0.6041258 -0.2743891
-0.14394288 -0.395163 -0.27488172
-0.08822575 -0.21110605 -0.27629954
-0.25454035 -0.83297086 -0.27231523
-0.19872504 -0.61183274 -0.2722573
-0.14380413 -0.40089285 -0.2728091
-0.08791537 -0.21661344 -0.274298
-0.2548689 -0.84331745 -0.27016622
-0.19888994 -0.6194002 -0.27014354
-0.14368483 -0.40675604 -0.27075472
-0.08763469 -0.222464 -0.2723097
-0.25519562 -0.8532881 -0.26803517
-0.19905724 -0.6268262 -0.26804748
-0.14358467 -0.4127403 -0.26871833
-0.08738307 -0.22864226 -0.2703349
-0.25551975 -0.8628878 -0.26592174
-0.19922692 -0.63410854 -0.2659689
-0.14350334 -0.41883352 -0.2666996
-0.087159924 -0.23513336 -0.268374
-0.25584045 -0.8721216 -0.2638255
-0.1993989 -0.64124495 -0.2639075
-0.14344046 -0.42502385 -0.26469827
-0.08696468 -0.24192294 -0.2664273
-0.25615704 -0.8809944 -0.26174614
-0.19957314 -0.64823294 -0.26186296
-0.14339563 -0.43129957 -0.26271403
-0.08679679 -0.24899717 -0.26449513
-0.2564689 -0.8895116 -0.25968325
-0.19974951 -0.65507 -0.25983503
-0.14336842 -0.43764934 -0.26074663
-0.08665575 -0.2563427 -0.26257762
-0.25677532 -0.89767826 -0.25763646
-0.19992791 -0.6617535 -0.2578234
-0.14335832 -0.44406193 -0.25879583
-0.08654102 -0.26394662 -0.26067504
-0.2570758 -0.90549964 -0.2556054
-0.20010819 -0.6682806 -0.25582778
-0.14336483 -0.4505265 -0.25686136
-0.08645213 -0.27179644 -0.25878754
-0.2573698 -0.91298115 -0.25358966
-0.20029016 -0.6746486 -0.25384784
-0.14338745 -0.4570325 -0.25494298
-0.08638858 -0.27988005 -0.2569152
-0.25765678 -0.92012805 -0.25158888
-0.20047364 -0.6808545 -0.25188327
-0.1434256 -0.46356958 -0.25304052
-0.08634991 -0.28818572 -0.2550582
-0.2579364 -0.92694557 -0.2496027
-0.20065841 -0.6868955 -0.24993382
-0.1434787 -0.47012776 -0.2511537
-0.08633566 -0.2967021 -0.25321653
-0.2582081 -0.93343914 -0.24763072
-0.20084423 -0.6927685 -0.24799915
-0.14354616 -0.47669747 -0.24928235
-0.08634537 -0.3054182 -0.25139025
-0.2584716 -0.9396139 -0.24567255
-0.20103082 -0.6984706 -0.24607897
-0.14362738 -0.48326924 -0.24742624
-0.08637857 -0.31432325 -0.24957936
-0.2587265 -0.9454752 -0.24372782
-0.20121792 -0.70399874 -0.24417298
-0.1437217 -0.48983422 -0.24558519
-0.086434826 -0.323407 -0.24778381
-0.25897247 -0.9510282 -0.24179618
-0.20140518 -0.70934993 -0.2422809
-0.14382848 -0.49638358 -0.243759
-0.08651368 -0.33265924 -0.24600357
-0.25920925 -0.9562782 -0.23987724
-0.2015923 -0.7145212 -0.24040245
-0.14394705 -0.5029091 -0.24194752
-0.08661469 -0.3420703 -0.24423854
-0.2594365 -0.9612301 -0.23797065
-0.20177892 -0.7195096 -0.23853737
-0.14407673 -0.5094028 -0.24015056
-0.08673742 -0.3516306 -0.24248861
-0.25965402 -0.96588904 -0.23607604
-0.20196465 -0.7243122 -0.23668541
-0.14421682 -0.51585716 -0.23836793
-0.0868814 -0.36133096 -0.24075364
-0.25986156 -0.97025996 -0.23419307
-0.20214911 -0.72892606 -0.23484634
-0.14436659 -0.5222649 -0.23659946
-0.08704618 -0.3711624 -0.23903345
-0.26005894 -0.9743478 -0.23232144
-0.2023319 -0.73334837 -0.23301995
-0.14452532 -0.52861917 -0.23484503
-0.087231345 -0.3811162 -0.23732786
-0.26024592 -0.97815716 -0.23046078
-0.20251259 -0.7375764 -0.23120603
-0.14469226 -0.5349136 -0.23310444
-0.08743641 -0.3911839 -0.23563665
-0.2604224 -0.9816928 -0.22861077
-0.20269072 -0.7416075 -0.22940443
-0.1448666 -0.5411422 -0.23137754
-0.08766091 -0.4013573 -0.23395959
-0.26058823 -0.9849592 -0.22677118
-0.20286585 -0.7454389 -0.22761503
-0.1450476 -0.5472995 -0.2296642
-0.08790443 -0.4116283 -0.23229639
-0.26074326 -0.9879607 -0.22494167
-0.20303749 -0.7490682 -0.2258377
-0.14523445 -0.55338025 -0.22796425
-0.08816649 -0.42198923 -0.23064676
-0.2608874 -0.9907016 -0.22312203
-0.20320514 -0.75249296 -0.22407237
-0.14542632 -0.55938 -0.22627757
-0.08844663 -0.4324324 -0.22901039
-0.26102054 -0.9931859 -0.22131205
-0.20336829 -0.7557109 -0.22231905
-0.14562237 -0.56529444 -0.22460403
-0.088744394 -0.44295052 -0.22738694
-0.26114264 -0.9954175 -0.2195115
-0.2035264 -0.7587198 -0.22057772
-0.14582175 -0.57112014 -0.22294345
-0.08905931 -0.45353627 -0.22577602
-0.2612536 -0.9973999 -0.21772026
-0.20367892 -0.7615176 -0.21884847
-0.14602362 -0.57685405 -0.22129576
-0.08939092 -0.46418273 -0.22417724
-0.2613534 -0.9991368 -0.21593817
-0.20382528 -0.76410246 -0.21713139
-0.14622705 -0.5824936 -0.2196608
-0.08973873 -0.474883 -0.22259018
-0.26144195 -1.0006312 -0.21416517
-0.20396489 -0.76647264 -0.21542667
-0.14643121 -0.58803695 -0.21803847
-0.090102285 -0.48563036 -0.22101437
-0.26151928 -1.0018862 -0.21240127
-0.20409714 -0.7686266 -0.21373458
-0.14663516 -0.59348285 -0.21642867
-0.090481095 -0.4964182 -0.21944934
-0.2615853 -1.0029043 -0.21064648
-0.20422137 -0.77056295 -0.2120554
-0.14683801 -0.59883076 -0.21483128
-0.09087466 -0.5072401 -0.21789455
-0.26164 -1.0036881 -0.2089009
-0.20433691 -0.7722806 -0.21038952
-0.14703885 -0.6040806 -0.21324621
-0.09128249 -0.51808983 -0.21634947
-0.2616834 -1.0042394 -0.2071647
-0.20444307 -0.77377856 -0.20873743
-0.1472368 -0.6092332 -0.21167338
-0.09170404 -0.52896106 -0.21481347
-0.26171538 -1.0045601 -0.20543817
-0.20453912 -0.7750564 -0.20709968
-0.14743093 -0.61428994 -0.2101127
-0.0921388 -0.5398477 -0.21328597
-0.26173592 -1.0046514 -0.20372161
-0.20462427 -0.77611375 -0.20547692
-0.1476204 -0.61925304 -0.2085641
-0.09258619 -0.55074364 -0.21176626
-0.26174492 -1.0045146 -0.20201552
-0.20469771 -0.77695066 -0.20386991
-0.14780433 -0.6241254 -0.20702754
-0.09304564 -0.56164306 -0.21025363
-0.26174226 -1.0041502 -0.20032047
-0.20475855 -0.77756757 -0.20227952
-0.14798191 -0.62891054 -0.20550293
-0.093516506 -0.5725401 -0.20874728
-0.26172787 -1.0035583 -0.19863714
-0.20480588 -0.7779655 -0.20070677
-0.14815235 -0.6336129 -0.20399024
-0.09399813 -0.5834291 -0.2072464
-0.26170146 -1.0027388 -0.1969664
-0.2048387 -0.7781458 -0.19915275
-0.14831491 -0.6382373 -0.20248942
-0.09448977 -0.5943045 -0.20575005
-0.26166287 -1.0016913 -0.19530927
-0.2048559 -0.7781106 -0.19761874
-0.14846891 -0.64278954 -0.20100044
-0.09499063 -0.60516083 -0.20425725
-0.26161173 -1.0004148 -0.19366692
-0.20485637 -0.7778626 -0.19610614
-0.14861372 -0.6472758 -0.19952324
-0.09549985 -0.615993 -0.20276694
-0.26154765 -0.998908 -0.19204077
-0.2048388 -0.77740544 -0.1946165
-0.14874879 -0.65170306 -0.1980578
-0.09601647 -0.6267961 -0.20127793
-0.26147014 -0.9971692 -0.19043243
-0.20480183 -0.7767436 -0.19315152
-0.14887366 -0.6560786 -0.19660407
-0.09653938 -0.6375656 -0.19978893
-0.26137865 -0.99519634 -0.18884374
-0.20474398 -0.77588266 -0.19171306
-0.14898792 -0.6604101 -0.19516198
-0.09706741 -0.6482975 -0.19829856
-0.2612724 -0.99298716 -0.1872768
-0.20466363 -0.7748295 -0.19030316
-0.1490913 -0.6647058 -0.19373144
-0.09759922 -0.65898836 -0.19680524
-0.26115066 -0.990539 -0.18573399
-0.20455904 -0.77359235 -0.18892393
-0.14918354 -0.6689738 -0.19231234
-0.098133326 -0.6696355 -0.1953073
-0.26101246 -0.9878491 -0.18421799
-0.20442833 -0.7721811 -0.18757764
-0.14926453 -0.6732227 -0.19090448
-0.098668106 -0.6802371 -0.19380286
-0.26085672 -0.9849143 -0.18273178
-0.20426948 -0.7706076 -0.18626665
-0.14933416 -0.6774609 -0.1895076
-0.09920177 -0.6907926 -0.19228992
-0.26068228 -0.98173124 -0.18127869
-0.20408045 -0.76888543 -0.18499331
-0.14939247 -0.6816966 -0.18812135
-0.0997324 -0.7013027 -0.19076626
-0.26048794 -0.97829646 -0.17986235
-0.20385909 -0.76703066 -0.18375996
-0.14943944 -0.685938 -0.18674523
-0.100257955 -0.7117697 -0.18922952
-0.26027232 -0.974606 -0.17848682
-0.20360327 -0.76506156 -0.18256882
-0.14947519 -0.6901927 -0.18537857
-0.10077635 -0.7221976 -0.18767715
-0.26003414 -0.9706556 -0.17715648
-0.20331098 -0.76299876 -0.18142183
-0.14949973 -0.69446814 -0.18402046
-0.10128548 -0.7325924 -0.18610649
-0.25977212 -0.9664403 -0.17587617
-0.20298038 -0.7608653 -0.18032056
-0.14951319 -0.698771 -0.18266974
-0.10178335 -0.742962 -0.1845147
-0.25948513 -0.9619543 -0.1746511
-0.20260993 -0.75868607 -0.17926599
-0.14951558 -0.7031074 -0.1813249
-0.10226815 -0.75331646 -0.18289891
-0.25917235 -0.9571902 -0.17348702
-0.2021985 -0.75648797 -0.17825833
-0.14950691 -0.7074828 -0.17998405
-0.10273838 -0.7636674 -0.18125618
-0.25883335 -0.9521388 -0.17239028
-0.20174544 -0.75429875 -0.1772967
-0.14948718 -0.71190196 -0.1786448
-0.10319297 -0.77402824 -0.17958358
-0.25846842 -0.9467874 -0.17136788
-0.20125063 -0.7521463 -0.17637879
-0.14945638 -0.7163687 -0.17730431
-0.10363133 -0.78441286 -0.17787836
-0.25807855 -0.94111943 -0.17042856
-0.20071438 -0.75005805 -0.17550027
-0.14941448 -0.7208861 -0.17595914
-0.10405334 -0.79483575 -0.17613806
-0.2576664 -0.93511033 -0.16958222
-0.20013739 -0.7480596 -0.17465393
-0.14936167 -0.72545654 -0.17460538
-0.10445924 -0.80531037 -0.1743611
-0.25723377 -0.9287277 -0.16884734
-0.19952038 -0.7461735 -0.17382787
-0.1492983 -0.73008114 -0.17323859
-0.10484935 -0.8158485 -0.17254764
-0.25678515 -0.92191464 -0.16824453
-0.1988642 -0.74442005 -0.17300323
-0.14922518 -0.73476106 -0.17185444
-0.10522382 -0.8264607 -0.17070232
-0.25630447 -0.9145985 -0.1678512
-0.19816954 -0.74281245 -0.17214812
-0.14914362 -0.73949337 -0.17044716
-0.10558237 -0.83715063 -0.16883585
-0.25576675 -0.9065945 -0.16773562
-0.19743764 -0.7413723 -0.17121866
-0.14905488 -0.7442838 -0.16901523
-0.105923675 -0.84792894 -0.16697778
-0.25494748 -0.8975538 -0.16849816
-0.19667482 -0.7400724 -0.17015797
-0.14896335 -0.74910146 -0.16755576
-0.10625105 -0.85875845 -0.16516608
-0.25895295 -0.3188845 -0.3488492
-0.26679355 -0.3320296 -0.34556717
-0.26320663 -0.3977503 -0.34037998
-0.26086402 -0.45117104 -0.33420962
-0.27325976 -0.48964152 -0.3317974
-0.2691601 -0.5389022 -0.32623336
-0.2650302 -0.576012 -0.32053128
-0.259497 -0.60186905 -0.31488535
-0.2760517 -0.6726038 -0.3126539
-0.27074578 -0.69488996 -0.30747083
-0.2646289 -0.7084049 -0.30235207
-0.28365952 -0.7966422 -0.2999047
-0.27745593 -0.8057959 -0.2951128
-0.2707552 -0.8081778 -0.2903687
-0.2633616 -0.8046108 -0.28569502
-0.2846442 -0.90681887 -0.28342012
-0.27742985 -0.8994755 -0.27895227
-0.26974663 -0.8875296 -0.27453628
-0.29194698 -0.9969079 -0.27230316
-0.28430438 -0.9812226 -0.2680534
-0.2763125 -0.96203744 -0.26384622
-0.2679479 -0.9397991 -0.25969315
-0.29113418 -1.0529617 -0.25761232
-0.28285486 -1.0276209 -0.25357944
-0.27428338 -1.0000283 -0.24959289
-0.29774612 -1.1147244 -0.24757391
-0.28920946 -1.084232 -0.24368729
-0.28044078 -1.0521309 -0.23984084
-0.27145085 -1.0186749 -0.23604544
-0.29524526 -1.1322408 -0.23412226
-0.2863046 -1.0963961 -0.23039132
-0.2771904 -1.0595871 -0.22670713
-0.30085573 -1.1724259 -0.22483996
-0.2917792 -1.1335145 -0.22120146
-0.28257546 -1.0938549 -0.21760821
-0.27323836 -1.0535305 -0.21407573
-0.29678714 -1.1645962 -0.21223615
-0.28755063 -1.122465 -0.2087182
-0.2781937 -1.0795794 -0.20526928
-0.3012648 -1.1912069 -0.20347723
-0.29208854 -1.1468301 -0.20002803
-0.28278562 -1.1013533 -0.19666892
-0.27328795 -1.0547574 -0.19343573
-0.2961984 -1.168793 -0.19157483
-0.28708684 -1.1204392 -0.18834239
-0.27759328 -1.0702637 -0.1852948
-0.29995468 -1.1904677 -0.1835025
-0.29130718 -1.138635 -0.18051037
-0.28182295 -1.0840725 -0.17780158
-0.27157032 -1.0271506 -0.17540462
-0.29600585 -1.1570303 -0.17382826
-0.28651568 -1.0975429 -0.17184582
-0.27516314 -1.0351996 -0.17011221
-0.30259484 -1.172143 -0.17007928
-0.29333898 -1.1084877 -0.16997547
-0.2806158 -1.0440409 -0.17000492
-0.015598655 -0.15809478 -0.33890665
-0.033227105 -0.16888236 -0.33927965
-0.024814023 -0.13121444 -0.3347366
-0.016030017 -0.09080178 -0.33001587
-0.032450713 -0.10124799 -0.32938924
-0.024469847 -0.07353129 -0.3248492
-0.015806565 -0.042167746 -0.31988734
-0.006537373 -0.006823117 -0.3148373
-0.02430757 -0.04037807 -0.31376705
-0.015644893 -0.016111815 -0.3090395
-0.0064603956 0.011054172 -0.3040228
-0.025155436 -0.030099766 -0.3025326
-0.016234497 -0.012189953 -0.29810002
-0.0070136734 0.007256449 -0.2933573
0.0027369803 0.028793741 -0.2885553
-0.017745493 -0.027762972 -0.28742683
-0.008476519 -0.01579828 -0.2830105
0.0011061215 -0.0031100037 -0.27843443
-0.02017378 -0.05990907 -0.27707568
-0.010924737 -0.055247687 -0.27299792
-0.0014813417 -0.051082965 -0.26873755
0.008127302 -0.047138438 -0.26448533
-0.01432976 -0.10827176 -0.2633697
-0.0050861863 -0.11229461 -0.25944522
0.004289226 -0.117736414 -0.25542387
-0.018620064 -0.17218705 -0.254072
-0.00968088 -0.18401821 -0.25048408
-0.0006161406 -0.1983802 -0.24675794
0.008298507 -0.21508102 -0.2430481
-0.0152034005 -0.26363766 -0.24186064
-0.006528855 -0.2864335 -0.2384416
0.002122417 -0.31263575 -0.23493843
-0.021541936 -0.3486378 -0.23348887
-0.0133740585 -0.37934712 -0.23035721
-0.0051552854 -0.41445652 -0.22709106
0.0026503801 -0.45380208 -0.22381681
-0.021043556 -0.47466993 -0.22248863
-0.013353304 -0.51805437 -0.21944976
-0.005842588 -0.56654835 -0.2163048
-0.029368302 -0.5700823 -0.21469828
-0.022318883 -0.6210653 -0.2118177
-0.015361605 -0.6779176 -0.20875958
-0.009033946 -0.74032116 -0.20564364
-0.031877376 -0.72131294 -0.20417579
-0.025571622 -0.78571135 -0.20111531
-0.019705592 -0.85591465 -0.19787744
-0.041776575 -0.8168272 -0.19632782
-0.03614729 -0.8880877 -0.19308552
-0.031075668 -0.96502113 -0.18951607
-0.026732288 -1.0465733 -0.18590008
-0.046874456 -0.98351413 -0.18479511
-0.042710513 -1.0664983 -0.18059792
-0.039201204 -1.1522466 -0.1764251
-0.057354268 -1.0703225 -0.17602202
-0.05420889 -1.1594714 -0.17086619
-0.051757984 -1.2482208 -0.1664122
-0.049225494 -0.31757846 -0.34854338
-0.03861681 -0.30944586 -0.35020277
-0.049468484 -0.38865733 -0.35540143
-0.056818713 -0.46681952 -0.36147684
-0.046581898 -0.47949752 -0.3627646
-0.054981533 -0.5645392 -0.36883134
-0.061809357 -0.6411149 -0.37506157
-0.06859778 -0.70741665 -0.38133487
-0.05775203 -0.769113 -0.3826836
-0.06396866 -0.8386313 -0.3885805
-0.07012061 -0.89704895 -0.39437824
-0.05771882 -0.99360573 -0.3961247
-0.06342196 -1.0521394 -0.40158916
-0.06904902 -1.0994998 -0.40691575
-0.07492131 -1.1360111 -0.41209367
-0.0605663 -1.2733331 -0.4138301
-0.06580163 -1.3074942 -0.41869605
-0.071213216 -1.3312309 -0.42340752
-0.05583472 -1.4944224 -0.425182
-0.060809176 -1.5139761 -0.42958656
-0.06596079 -1.5237478 -0.43383208
-0.07136749 -1.5242671 -0.4379135
-0.05448522 -1.7124599 -0.43951142
-0.059534866 -1.7075496 -0.44328594
-0.06485292 -1.6942523 -0.44689685
-0.047226653 -1.8970512 -0.4484208
-0.052324343 -1.8771112 -0.45171827
-0.057712995 -1.8497819 -0.45485464
-0.063391276 -1.8156964 -0.45782414
-0.04473078 -2.0274026 -0.45909697
-0.05032835 -1.98611 -0.46175665
-0.056235522 -1.9391806 -0.46425492
-0.0371677 -2.1538787 -0.46540368
-0.04309768 -2.0989356 -0.46758693
-0.0493594 -2.0395536 -0.46961576
-0.055904392 -1.976414 -0.4714847
-0.03642944 -2.1843965 -0.47233948
-0.043149278 -2.113154 -0.47390163
-0.050185934 -2.039413 -0.47531357
-0.030740686 -2.2390406 -0.47601423
-0.037984364 -2.1567092 -0.47711048
-0.045614626 -2.073202 -0.4780663
-0.05351588 -1.9892237 -0.4788855
-0.03422638 -2.1672711 -0.47923458
-0.0425021 -2.0750182 -0.4797252
-0.051223356 -1.9836979 -0.48010138
-0.03223478 -2.1420739 -0.48024583
-0.041089397 -2.0423012 -0.48024142
-0.050710615 -1.9450202 -0.48014876
-0.060868468 -1.8507265 -0.48004776
-0.041607834 -1.9724926 -0.4795284
-0.051898237 -1.8709002 -0.4789039
-0.063523896 -1.7737414 -0.4783334
-0.044660416 -1.8635057 -0.47761697
-0.05495544 -1.7590313 -0.47647607
-0.06682937 -1.6596901 -0.4752595
-0.2494096 -0.18304458 -0.36172375
-0.1986208 -0.2904007 -0.3599323
-0.15785716 -0.35584784 -0.35708472
-0.11574142 -0.36495814 -0.35363364
-0.24995421 -0.15904582 -0.36422825
-0.1990009 -0.2823942 -0.3626776
-0.15835537 -0.3605853 -0.3597821
-0.11655137 -0.3816231 -0.35643393
-0.25037333 -0.13641183 -0.36672467
-0.19940156 -0.27472433 -0.36539882
-0.15884474 -0.3656772 -0.36247462
-0.11731712 -0.39883274 -0.35922605
-0.25070035 -0.1149502 -0.36921832
-0.19982018 -0.26741004 -0.36809742
-0.15932275 -0.3711196 -0.36515886
-0.118036576 -0.41655132 -0.3620033
-0.25096422 -0.09453726 -0.37172312
-0.20025574 -0.2604694 -0.37077406
-0.15978906 -0.3769039 -0.36783233
-0.118709296 -0.43473777 -0.3647629
-0.25119188 -0.07508105 -0.37423575
-0.20070663 -0.25392404 -0.37342903
-0.1602427 -0.38302463 -0.37049356
-0.119334705 -0.4533527 -0.36750323
-0.25140214 -0.05651911 -0.3767537
-0.20117114 -0.24779448 -0.3760617
-0.16068305 -0.38947615 -0.37314102
-0.11991278 -0.47235638 -0.37022266
-0.25160816 -0.038806092 -0.37927273
-0.20164716 -0.2420999 -0.37867126
-0.16110942 -0.39625284 -0.37577352
-0.12044414 -0.4917101 -0.37291992
-0.25181848 -0.021909913 -0.38178882
-0.20213234 -0.23685744 -0.38125664
-0.16152115 -0.4033489 -0.3783899
-0.120929964 -0.5113763 -0.3755938
-0.25203842 -0.0058071804 -0.384298
-0.20262405 -0.23208192 -0.38381687
-0.16191767 -0.41075805 -0.38098893
-0.12137188 -0.5313196 -0.37824354
-0.2522712 0.009518925 -0.38679665
-0.20311956 -0.22778559 -0.38635117
-0.16229835 -0.4184737 -0.3835695
-0.121771835 -0.55150694 -0.38086855
-0.2525184 0.024080515 -0.38928148
-0.2036161 -0.22397813 -0.3888588
-0.16266263 -0.4264889 -0.3861304
-0.122131884 -0.57190764 -0.38346857
-0.2527805 0.03788623 -0.39174947
-0.20411094 -0.22066675 -0.39133924
-0.16300993 -0.4347963 -0.3886704
-0.12245401 -0.5924937 -0.38604346
-0.25305736 0.050942075 -0.394198
-0.20460151 -0.21785621 -0.39379206
-0.16333972 -0.4433882 -0.39118835
-0.12274013 -0.61323947 -0.38859326
-0.25334817 0.06325213 -0.3966247
-0.20508538 -0.21554917 -0.39621696
-0.1636515 -0.4522566 -0.393683
-0.12299189 -0.63412124 -0.39111796
-0.25365186 0.07481907 -0.39902747
-0.2055604 -0.21374634 -0.3986136
-0.16394477 -0.46139315 -0.39615315
-0.12321064 -0.6551171 -0.3936176
-0.253967 0.085644536 -0.40140438
-0.2060246 -0.21244676 -0.40098166
-0.16421908 -0.47078925 -0.3985977
-0.12339752 -0.67620647 -0.3960921
-0.254292 0.09572947 -0.4037538
-0.20647626 -0.21164812 -0.40332088
-0.164474 -0.48043603 -0.4010155
-0.12355343 -0.6973699 -0.3985412
-0.25462514 0.105074376 -0.4060742
-0.20691389 -0.21134691 -0.4056309
-0.16470914 -0.49032432 -0.4034055
-0.123679005 -0.71858853 -0.4009647
-0.2549646 0.11367953 -0.4083644
-0.20733619 -0.21153872 -0.40791136
-0.16492414 -0.50044477 -0.40576673
-0.1237748 -0.7398442 -0.40336218
-0.25530845 0.12154511 -0.41062316
-0.20774202 -0.21221833 -0.41016185
-0.16511868 -0.5107878 -0.40809825
-0.12384115 -0.76111907 -0.40573317
-0.25565475 0.1286714 -0.41284952
-0.20813045 -0.21338001 -0.41238195
-0.16529246 -0.52134365 -0.41039917
-0.123878315 -0.7823954 -0.408077
-0.2560016 0.13505876 -0.41504258
-0.20850062 -0.2150175 -0.41457114
-0.16544521 -0.53210247 -0.41266873
-0.123886585 -0.8036557 -0.41039312
-0.25634703 0.14070787 -0.41720152
-0.20885183 -0.21712425 -0.41672894
-0.16557673 -0.5430541 -0.4149061
-0.12386609 -0.8248823 -0.41268077
-0.25668913 0.14561962 -0.4193257
-0.20918341 -0.2196934 -0.41885483
-0.16568679 -0.5541883 -0.41711068
-0.123817064 -0.8460578 -0.41493922
-0.257026 0.14979523 -0.42141455
-0.20949483 -0.22271793 -0.4209483
-0.16577527 -0.5654948 -0.41928178
-0.12373976 -0.8671644 -0.4171677
-0.25735572 0.15323633 -0.42346743
-0.20978557 -0.22619063 -0.42300874
-0.16584201 -0.57696307 -0.42141882
-0.12363437 -0.88818455 -0.4193654
-0.25767657 0.1559448 -0.4254839
-0.21005516 -0.23010421 -0.42503566
-0.16588692 -0.58858263 -0.42352125
-0.12350125 -0.9091005 -0.42153156
-0.2579867 0.15792295 -0.4274636
-0.2103032 -0.23445128 -0.42702848
-0.16590995 -0.60034275 -0.42558855
-0.12334075 -0.9298945 -0.42366534
-0.25828445 0.15917346 -0.42940602
-0.2105293 -0.23922442 -0.4289867
-0.16591105 -0.6122327 -0.42762026
-0.123153314 -0.9505489 -0.425766
-0.25856814 0.1596993 -0.43131086
-0.21073307 -0.24441613 -0.4309098
-0.16589023 -0.6242417 -0.4296159
-0.12293943 -0.971046 -0.42783278
-0.25883612 0.15950386 -0.43317783
-0.2109142 -0.25001886 -0.43279728
-0.16584754 -0.636359 -0.43157515
-0.12269967 -0.9913681 -0.42986497
-0.25908688 0.15859081 -0.43500662
-0.21107233 -0.25602508 -0.43464866
-0.16578303 -0.6485735 -0.4334975
-0.12243467 -1.0114977 -0.43186188
-0.25931886 0.15696418 -0.43679693
-0.21120715 -0.26242712 -0.43646348
-0.1656968 -0.6608744 -0.43538263
-0.12214513 -1.0314174 -0.43382278
-0.25953063 0.15462829 -0.4385486
-0.21131839 -0.26921737 -0.4382413
-0.165589 -0.67325073 -0.43723017
-0.12183186 -1.0511098 -0.43574712
-0.2597208 0.15158778 -0.4402613
-0.21140574 -0.2763882 -0.43998167
-0.1654598 -0.68569154 -0.43903977
-0.12149563 -1.0705581 -0.43763423
-0.259888 0.14784758 -0.44193488
-0.21146892 -0.28393188 -0.44168425
-0.16530938 -0.6981858 -0.4408111
-0.12113736 -1.089745 -0.43948355
-0.2600309 0.14341286 -0.44356912
-0.21150768 -0.29184067 -0.44334868
-0.165138 -0.7107227 -0.44254383
-0.12075802 -1.1086541 -0.4412946
-0.26014823 0.13828911 -0.4451639
-0.21152177 -0.30010682 -0.44497457
-0.16494595 -0.72329116 -0.4442377
-0.12035862 -1.1272691 -0.44306687
-0.26023877 0.13248204 -0.44671905
-0.21151099 -0.30872253 -0.4465617
-0.1647335 -0.73588043 -0.44589242
-0.11994024 -1.1455739 -0.4447999
-0.2603013 0.12599763 -0.44823438
-0.21147506 -0.31768 -0.4481097
-0.16450101 -0.74847966 -0.4475077
-0.11950397 -1.1635524 -0.4464933
-0.2603347 0.11884213 -0.4497098
-0.21141383 -0.32697135 -0.44961837
-0.16424887 -0.7610781 -0.44908333
-0.11905098 -1.1811894 -0.44814664
-0.26033783 0.11102201 -0.4511452
-0.21132709 -0.33658865 -0.45108745
-0.16397747 -0.7736652 -0.45061898
-0.11858248 -1.1984696 -0.4497596
-0.26030964 0.10254393 -0.4525405
-0.21121466 -0.34652406 -0.45251673
-0.16368726 -0.78623027 -0.4521145
-0.118099675 -1.2153784 -0.45133185
-0.26024905 0.09341484 -0.45389557
-0.21107641 -0.35676962 -0.45390606
-0.1633787 -0.798763 -0.45356965
-0.11760389 -1.2319013 -0.45286313
-0.26015508 0.08364188 -0.45521045
-0.21091218 -0.36731738 -0.4552553
-0.16305235 -0.811253 -0.45498428
-0.11709644 -1.2480243 -0.45435318
-0.26002672 0.07323251 -0.45648497
-0.21072187 -0.3781593 -0.45656422
-0.16270867 -0.8236901 -0.45635813
-0.11657862 -1.2637337 -0.45580173
-0.25986305 0.062194247 -0.45771918
-0.21050535 -0.38928747 -0.4578328
-0.16234827 -0.83606446 -0.4576911
-0.11605182 -1.2790166 -0.4572086
-0.2596631 0.05053496 -0.45891312
-0.21026258 -0.40069386 -0.459061
-0.16197176 -0.8483661 -0.45898306
-0.11551747 -1.29386 -0.4585737
-0.25942603 0.03826272 -0.4600667
-0.20999348 -0.41237047 -0.4602487
-0.16157976 -0.86058545 -0.46023387
-0.11497694 -1.3082515 -0.4598968
-0.25915092 0.025385875 -0.46118003
-0.20969799 -0.4243092 -0.4613959
-0.1611729 -0.872713 -0.46144342
-0.11443168 -1.3221792 -0.4611778
-0.25883695 0.011912875 -0.46225312
-0.20937608 -0.43650207 -0.46250257
-0.16075188 -0.8847397 -0.46261162
-0.113883145 -1.3356317 -0.4624166
-0.25848335 -0.0021475367 -0.46328607
-0.20902778 -0.44894114 -0.4635688
-0.1603174 -0.8966566 -0.46373844
-0.113332815 -1.3485981 -0.46361315
-0.2580893 -0.016786307 -0.464279
-0.20865309 -0.4616183 -0.4645946
-0.15987022 -0.9084547 -0.46482378
-0.11278215 -1.3610677 -0.46476743
-0.25765407 -0.0319942 -0.46523196
-0.20825203 -0.47452557 -0.46558005
-0.15941106 -0.92012584 -0.46586767
-0.11223264 -1.3730302 -0.46587935
-0.2571769 -0.04776185 -0.4661452
-0.20782466 -0.48765504 -0.4665253
-0.15894072 -0.93166184 -0.4668701
-0.1116858 -1.3844763 -0.46694893
-0.25665715 -0.064079374 -0.46701875
-0.20737104 -0.5009986 -0.46743044
-0.15845999 -0.9430547 -0.46783105
-0.111143105 -1.3953966 -0.4679762
-0.25609407 -0.080936976 -0.46785292
-0.20689127 -0.5145485 -0.4682957
-0.15796968 -0.954297 -0.46875057
-0.11060608 -1.4057827 -0.46896118
-0.25548705 -0.09832437 -0.46864787
-0.20638543 -0.52829665 -0.46912122
-0.15747066 -0.96538156 -0.46962875
-0.11007622 -1.4156262 -0.4699039
-0.25483552 -0.11623108 -0.4694039
-0.20585367 -0.54223526 -0.46990725
-0.15696378 -0.9763015 -0.47046566
-0.10955504 -1.4249192 -0.47080442
-0.25413886 -0.13464628 -0.47012123
-0.20529613 -0.5563564 -0.4706541
-0.15644993 -0.9870503 -0.4712614
-0.10904405 -1.4336549 -0.47166288
-0.25339648 -0.15355904 -0.4708002
-0.20471294 -0.57065225 -0.47136202
-0.15592995 -0.99762195 -0.47201613
-0.108544745 -1.4418263 -0.47247928
-0.2526079 -0.17295809 -0.47144112
-0.20410429 -0.585115 -0.47203135
-0.1554048 -1.0080107 -0.47272998
-0.108058624 -1.4494272 -0.4732538
-0.25177264 -0.1928318 -0.4720444
-0.20347036 -0.5997368 -0.47266248
-0.15487537 -1.0182115 -0.4734032
-0.10758719 -1.4564519 -0.47398648
-0.2508902 -0.2131683 -0.4726104
-0.20281136 -0.6145099 -0.47325575
-0.15434256 -1.0282193 -0.4740359
-0.10713192 -1.462895 -0.47467747
-0.24996017 -0.23395558 -0.4731396
-0.2021275 -0.62942666 -0.47381166
-0.15380733 -1.0380301 -0.4746284
-0.1066943 -1.4687519 -0.47532687
-0.24898215 -0.255181 -0.4736325
-0.20141901 -0.64447916 -0.4743306
-0.15327059 -1.0476396 -0.47518098
-0.10627583 -1.4740183 -0.4759348
-0.24795577 -0.27683216 -0.47408956
-0.20068614 -0.65965986 -0.47481313
-0.15273328 -1.0570449 -0.47569394
-0.10587796 -1.4786907 -0.4765014
-0.24688075 -0.29889593 -0.4745114
-0.19992913 -0.67496103 -0.47525975
-0.1521963 -1.0662427 -0.47616768
-0.10550217 -1.4827657 -0.47702673
-0.24575679 -0.3213589 -0.47489864
-0.19914831 -0.6903749 -0.47567108
-0.15166058 -1.0752307 -0.47660255
-0.10514997 -1.4862409 -0.4775109
-0.24458364 -0.34420776 -0.47525188
-0.1983439 -0.705894 -0.47604772
-0.15112701 -1.0840074 -0.476999
-0.10482282 -1.4891142 -0.47795397
-0.24336113 -0.36742848 -0.47557193
-0.19751625 -0.72151035 -0.47639033
-0.15059645 -1.092571 -0.47735757
-0.10452224 -1.4913843 -0.47835597
-0.24208908 -0.39100695 -0.4758595
-0.19666567 -0.73721635 -0.47669956
-0.15006979 -1.100921 -0.47767878
-0.10424977 -1.4930505 -0.47871694
-0.24076739 -0.41492894 -0.4761154
-0.19579248 -0.7530044 -0.4769762
-0.1495478 -1.1090568 -0.4779632
-0.10400695 -1.4941128 -0.47903684
-0.23939604 -0.43917972 -0.47634062
-0.19489706 -0.76886666 -0.47722098
-0.1490313 -1.1169789 -0.47821152
-0.10379541 -1.494572 -0.47931555
-0.23797497 -0.46374443 -0.4765361
-0.19397976 -0.7847954 -0.47743472
-0.14852102 -1.1246874 -0.47842446
-0.10361681 -1.49443 -0.479553
-0.23650424 -0.48860815 -0.47670287
-0.19304094 -0.80078286 -0.4776183
-0.14801766 -1.1321839 -0.47860277
-0.10347289 -1.4936893 -0.47974896
-0.23498395 -0.51375544 -0.47684205
-0.19208106 -0.81682104 -0.4777726
-0.14752185 -1.1394695 -0.4787473
-0.103365466 -1.4923539 -0.47990322
-0.23341425 -0.53917104 -0.47695485
-0.19110052 -0.83290225 -0.4778986
-0.14703423 -1.1465461 -0.47885895
-0.103296466 -1.4904289 -0.48001543
-0.2317953 -0.5648392 -0.47704256
-0.19009978 -0.8490184 -0.47799727
-0.14655529 -1.153416 -0.4789386
-0.10326793 -1.4879212 -0.48008528
-0.23012735 -0.5907444 -0.47710654
-0.18907928 -0.8651614 -0.47806972
-0.14608556 -1.1600815 -0.4789874
-0.103281975 -1.4848393 -0.48011237
-0.22841069 -0.6168708 -0.47714826
-0.18803959 -0.8813233 -0.47811702
-0.14562546 -1.1665452 -0.4790063
-0.10334084 -1.4811934 -0.48009634
-0.22664566 -0.6432026 -0.4771693
-0.1869812 -0.89749575 -0.47814035
-0.14517537 -1.1728101 -0.47899643
-0.103446834 -1.4769964 -0.48003685
-0.22483262 -0.6697239 -0.4771713
-0.18590473 -0.9136705 -0.47814098
-0.14473563 -1.178879 -0.478959
-0.10360227 -1.4722633 -0.47993374
-0.22297196 -0.69641936 -0.47715604
-0.1848108 -0.9298393 -0.47812018
-0.14430657 -1.1847552 -0.47889522
-0.10380942 -1.4670122 -0.47978696
-0.2210642 -0.72327274 -0.47712532
-0.18370013 -0.9459936 -0.47807935
-0.14388844 -1.1904416 -0.47880638
-0.104070395 -1.4612635 -0.4795968
-0.21910983 -0.75026864 -0.4770811
-0.18257347 -0.96212494 -0.47801992
-0.14348148 -1.1959414 -0.47869378
-0.10438706 -1.455041 -0.479364
-0.21710953 -0.77739227 -0.47702545
-0.18143171 -0.97822523 -0.47794333
-0.14308588 -1.201258 -0.4785589
-0.10476082 -1.4483707 -0.47908983
-0.21506412 -0.80462784 -0.47696042
-0.18027581 -0.99428576 -0.47785103
-0.14270182 -1.206394 -0.47840318
-0.10519254 -1.4412813 -0.47877616
-0.21297486 -0.83196163 -0.47688845
-0.17910683 -1.0102987 -0.47774446
-0.14232944 -1.2113527 -0.47822827
-0.10568243 -1.4338028 -0.47842565
-0.21084347 -0.85937977 -0.47681105
-0.17792593 -1.0262561 -0.4776248
-0.14196885 -1.216137 -0.47803587
-0.10622996 -1.4259666 -0.47804177
-0.2086733 -0.8868703 -0.47673288
-0.17673437 -1.0421507 -0.47749302
-0.14162004 -1.2207501 -0.4778279
-0.10683391 -1.4178041 -0.4776289
-0.20646866 -0.91442317 -0.4766497
-0.17553347 -1.0579754 -0.4773494
-0.14128295 -1.2251945 -0.47760636
-0.10749242 -1.4093461 -0.4771924
-0.20424218 -0.9420295 -0.4765872
-0.17432444 -1.0737243 -0.47719356
-0.14095743 -1.2294735 -0.47737372
-0.108203284 -1.400623 -0.47674
-0.20199847 -0.9696984 -0.47647455
-0.17310831 -1.0893906 -0.47702345
-0.1406429 -1.2335879 -0.4771316
-0.10896328 -1.3916606 -0.4762808
-0.19981483 -0.9973853 -0.47658277
-0.17188592 -1.1049728 -0.47683838
-0.14033963 -1.2375426 -0.47688404
-0.109770276 -1.382487 -0.4758313
-0.2702699 -0.12389169 -0.35951287
-0.25942242 -0.1264124 -0.360977
-0.26389584 -0.053187966 -0.36627778
-0.26982915 0.027065014 -0.37180135
-0.26111674 -0.011641004 -0.37483555
-0.26555952 0.06296433 -0.37990123
-0.27143875 0.14433187 -0.38531116
-0.27875102 0.23280889 -0.39081693
-0.2660121 0.14149463 -0.3932609
-0.27257225 0.22315283 -0.39829198
-0.28005788 0.31000367 -0.4033478
-0.26530403 0.1866209 -0.4056273
-0.27265772 0.26692697 -0.41026157
-0.28047237 0.35078514 -0.41487214
-0.2888978 0.43758214 -0.41937885
-0.27179918 0.27956733 -0.4212023
-0.2798892 0.35936064 -0.42538583
-0.288263 0.44074938 -0.42945638
-0.27010658 0.26441267 -0.43115047
-0.27835488 0.33929905 -0.43490508
-0.28669688 0.41460726 -0.43855095
-0.29516792 0.48975024 -0.44206083
-0.27587897 0.29375544 -0.4434388
-0.28412053 0.36238965 -0.4466573
-0.29234686 0.42978194 -0.44974095
-0.2724336 0.22573201 -0.45099244
-0.28048974 0.28717393 -0.4537706
-0.2884308 0.34633976 -0.45642614
-0.29622328 0.40268758 -0.45894003
-0.2757599 0.19204102 -0.4598922
-0.2833415 0.2425702 -0.46211442
-0.29069456 0.289289 -0.46420026
-0.26989678 0.08015396 -0.46503413
-0.2770403 0.12171561 -0.46681497
-0.2838767 0.15851806 -0.46847624
-0.29031146 0.19006634 -0.46999994
-0.26951483 -0.012860526 -0.47055203
-0.2757609 0.013841541 -0.4717933
-0.28156412 0.034419727 -0.47290826
-0.26078334 -0.15767649 -0.47336957
-0.26636443 -0.14113712 -0.4741959
-0.27144328 -0.13151099 -0.47491995
-0.27585885 -0.12920865 -0.47552505
-0.25573978 -0.30270106 -0.47575584
-0.26003128 -0.30384153 -0.47611293
-0.2636659 -0.31292975 -0.47637567
-0.24398252 -0.46708205 -0.47658473
-0.24742486 -0.47859707 -0.47661108
-0.25017068 -0.49850056 -0.47659108
-0.2519711 -0.52690893 -0.47651744
-0.23379081 -0.65189713 -0.47660738
-0.23561512 -0.6817262 -0.47642544
-0.23638974 -0.71970713 -0.4763086
-0.21936612 -0.8203642 -0.47635648
-0.22032592 -0.85910326 -0.476284
-0.2198581 -0.9043147 -0.47651184
-0.1930969 -1.1295155 -0.47710645
-0.13602395 -1.7950565 -0.47218832
-0.07297122 -2.418093 -0.47406438
-0.17556156 -1.36057 -0.47507372
-0.11566424 -2.017068 -0.4719537
-0.048997592 -2.6418154 -0.4768879
-0.15672797 -1.5895724 -0.4734683
-0.09381928 -2.2417321 -0.47259074
-0.19727819 -1.1210289 -0.47706518
-0.13665827 -1.8194497 -0.47241828
-0.07046487 -2.4694617 -0.4742934
-0.17843796 -1.3629862 -0.4753892
-0.11521414 -2.0509832 -0.4720986
-0.04556796 -2.700777 -0.47720897
-0.15847024 -1.6031077 -0.47369754
-0.092324995 -2.2845192 -0.47271106
-0.20073777 -1.1126347 -0.4768133
-0.13728338 -1.8434078 -0.47253937
-0.067976326 -2.5203512 -0.47444123
-0.18110034 -1.3649173 -0.4754036
-0.11473604 -2.0846596 -0.47215837
-0.04215189 -2.7589355 -0.47745067
-0.16010702 -1.6161702 -0.47375956
-0.090788096 -2.3271117 -0.47275454
-0.20387396 -1.1044922 -0.4765573
-0.13780713 -1.8671402 -0.47255638
-0.065438524 -2.5709577 -0.47450513
-0.18350111 -1.3669561 -0.4752831
-0.11415542 -2.1182635 -0.47214183
-0.038685814 -2.8165247 -0.47758904
-0.16155554 -1.6291785 -0.4736929
-0.08915574 -2.369671 -0.47273245
-0.20677471 -1.0966638 -0.47634384
-0.1381617 -1.8909019 -0.47248194
-0.06281795 -2.6214948 -0.47449502
-0.18566933 -1.3692807 -0.47512814
-0.113439724 -2.1519606 -0.4720638
-0.035171073 -2.8738785 -0.477612
-0.23930672 -0.65251887 -0.06789735
-0.2521664 -0.78711617 -0.11411825
-0.26580262 -0.94686913 -0.16681746
-0.24602255 -0.6962132 -0.08104188
-0.2593137 -0.8385603 -0.12823364
-0.23816574 -0.6005607 -0.048911713
-0.25297254 -0.74263746 -0.09437504
-0.26725155 -0.89666146 -0.14294195
-0.24536951 -0.6456312 -0.062006906
-0.26025662 -0.7928834 -0.107994445
-0.27578503 -0.9641194 -0.15922213
-0.25265884 -0.6922894 -0.075152695
-0.26796812 -0.84804183 -0.12202851
-0.24354485 -0.58970016 -0.04292705
-0.260166 -0.741773 -0.0884425
-0.27616498 -0.9092907 -0.13671207
-0.2511962 -0.63708144 -0.056156993
-0.2679798 -0.7952019 -0.10198051
-0.28453422 -0.97733784 -0.15258448
-0.2589463 -0.68611753 -0.069340505
-0.27613577 -0.8535686 -0.115899324
-0.24874923 -0.578079 -0.0368459
-0.26693118 -0.7381101 -0.08260767
-0.28455925 -0.9176087 -0.13042589
-0.25672022 -0.6271357 -0.050337125
-0.2752278 -0.79420525 -0.09607237
-0.29289815 -0.9871266 -0.14598025
-0.26482913 -0.67790914 -0.06359362
-0.28383628 -0.85535324 -0.10985957
-0.30048034 -1.0594771 -0.16242284
-0.27320927 -0.73182184 -0.076855406
-0.29261485 -0.9220985 -0.124156274
-0.26191914 -0.61603576 -0.044520054
-0.28191492 -0.7900441 -0.090252824
-0.30115044 -0.993899 -0.1393002
-0.2702217 -0.6678772 -0.057887442
-0.29090562 -0.8535336 -0.10390351
-0.30872953 -1.068082 -0.1555356
-0.24114498 -0.7862923 -0.1312529
-0.23150942 -0.6764005 -0.08447353
-0.2190866 -0.5575373 -0.040883392
-0.23620558 -0.74783385 -0.11760588
-0.22623803 -0.6417382 -0.071686864
-0.2396357 -0.8096228 -0.15312816
-0.23127463 -0.71302676 -0.10424775
-0.22099446 -0.60863537 -0.059224926
-0.23480146 -0.7739996 -0.13826174
-0.22647934 -0.68114257 -0.09115486
-0.21573141 -0.5768567 -0.04743411
-0.2302447 -0.7418577 -0.124403544
-0.22179213 -0.6514717 -0.07832001
-0.23436682 -0.7958172 -0.16120794
-0.22585894 -0.71268487 -0.11095147
-0.2171576 -0.6235054 -0.06579696
-0.22893733 -0.76328325 -0.14560859
-0.22159576 -0.6860769 -0.09779241
-0.21254398 -0.59707296 -0.053789962
-0.22454089 -0.73629546 -0.13130763
-0.21744893 -0.6615871 -0.084899165
-0.22942741 -0.7882843 -0.1665689
-0.22053844 -0.71251583 -0.117659554
-0.21338667 -0.63887286 -0.072294
-0.22373849 -0.756674 -0.15256381
-0.2167491 -0.6911948 -0.10440043
-0.20938362 -0.61781627 -0.06008895
-0.21920991 -0.7326235 -0.1381954
-0.21311015 -0.671945 -0.091436274
-0.20544417 -0.59849477 -0.04863889
-0.21537934 -0.7131547 -0.12437169
-0.20958805 -0.6545188 -0.07874548
-0.21869673 -0.7534796 -0.1583846
-0.21193984 -0.6966965 -0.110988945
-0.20616205 -0.63883775 -0.0663728
-0.21418582 -0.7315401 -0.1446795
-0.20874271 -0.68252635 -0.09793949
-0.20283073 -0.6249575 -0.054502033
-0.21042831 -0.71526897 -0.13094184
-0.20571771 -0.6703179 -0.08516351
-0.2134926 -0.7517507 -0.1630121
-0.20721212 -0.7029287 -0.117511116
-0.2028326 -0.6599611 -0.072652996
-0.20922099 -0.7323494 -0.15049694
-0.20436202 -0.6934355 -0.10439427
-0.20007826 -0.65147954 -0.060486842
-0.20560272 -0.7189078 -0.13716717
-0.2017699 -0.68622756 -0.09154413
-0.19745141 -0.6449396 -0.04888818
-0.20256428 -0.7100939 -0.123855665
-0.19937897 -0.6810703 -0.07892467
-0.20414041 -0.7338441 -0.1556155
-0.19998483 -0.704789 -0.110747434
-0.19716525 -0.67790943 -0.066549025
-0.20075828 -0.7234594 -0.14293101
-0.19775534 -0.7022537 -0.09786112
-0.19511862 -0.6767656 -0.05451857
-0.19792812 -0.7179971 -0.12990996
-0.19580248 -0.7020892 -0.08516859
-0.19887932 -0.73499495 -0.1601541
-0.19559218 -0.71654546 -0.116921
-0.1940858 -0.7041228 -0.072650194
-0.19578679 -0.7280701 -0.14821726
-0.19367465 -0.71836144 -0.10406617
-0.19258437 -0.7082999 -0.06033158
-0.1932106 -0.72610253 -0.1356133
-0.19210681 -0.7229428 -0.09135081
-0.19127814 -0.7146073 -0.048238743
-0.19113058 -0.7284185 -0.12284745
-0.19084051 -0.7300039 -0.07875051
-0.1906278 -0.731958 -0.153071
-0.18950464 -0.7343859 -0.11010343
-0.18984538 -0.7393977 -0.06625054
-0.18833895 -0.73375267 -0.14095604
-0.1882846 -0.7435019 -0.09742729
-0.18909746 -0.75105137 -0.053849407
-0.18653622 -0.7399349 -0.12849075
-0.18742721 -0.7554147 -0.08480655
-0.18523854 -0.7344987 -0.15757844
-0.18520364 -0.7500117 -0.115928255
-0.18689932 -0.76990294 -0.072210506
-0.18326354 -0.7403262 -0.14596054
-0.18431324 -0.7635398 -0.103354365
-0.1866739 -0.786827 -0.05960382
-0.18175717 -0.75056034 -0.13384394
-0.18383482 -0.7801669 -0.09077428
-0.17962101 -0.73521644 -0.16184849
-0.18072592 -0.76481724 -0.12151614
-0.18373999 -0.79962903 -0.07815538
-0.17795466 -0.7453052 -0.15067062
-0.18016014 -0.78273815 -0.10909848
-0.1840026 -0.8217392 -0.06544484
-0.17675525 -0.7597853 -0.13891941
-0.18004292 -0.8040034 -0.09661477
-0.18459508 -0.8463632 -0.052550036
-0.17603339 -0.778354 -0.12686071
-0.18035495 -0.8283499 -0.084036805
-0.17240348 -0.7482761 -0.15514626
-0.17579173 -0.80071896 -0.1146401
-0.18107519 -0.85556346 -0.07130456
-0.17150915 -0.7671761 -0.1437428
-0.17602599 -0.826614 -0.10229883
-0.18217954 -0.88547975 -0.058320392
-0.17109787 -0.79019547 -0.1319685
-0.17672649 -0.85579497 -0.08981553
-0.16659294 -0.74892086 -0.1594555
-0.17118 -0.81709796 -0.11997216
-0.17787944 -0.8880499 -0.0771286
-0.16600792 -0.7723765 -0.14835069
-0.17175922 -0.8476583 -0.107808255
-0.17946625 -0.92319584 -0.06413748
-0.16590391 -0.79997617 -0.13685526
-0.17283484 -0.8816677 -0.095462605
-0.18146302 -0.96109354 -0.050672732
-0.16630493 -0.8315138 -0.12509692
-0.17440063 -0.9189246 -0.08287484
-0.16024563 -0.7751117 -0.15278819
-0.16722253 -0.8668037 -0.11313442
-0.1764443 -0.95924777 -0.06994377
-0.16044302 -0.8073918 -0.14154457
-0.16866212 -0.9056616 -0.100959025
-0.17894737 -1.0024818 -0.056513526
-0.16115591 -0.8436583 -0.13002352
-0.17062414 -0.9479087 -0.0885125
-0.1542358 -0.7751734 -0.15710518
-0.16240253 -0.8837433 -0.11827607
-0.17310247 -0.9933662 -0.07569452
-0.15471579 -0.81220937 -0.14606707
-0.16419473 -0.9274893 -0.10629412
-0.17608392 -1.0418764 -0.06235491
-0.15572862 -0.8532746 -0.134767
-0.16653799 -0.9747292 -0.09402066
-0.17954983 -1.0933223 -0.048239566
-0.15729317 -0.89821887 -0.12323747
-0.16943112 -1.0252942 -0.08135673
-0.14873077 -0.8142527 -0.1504595
-0.15942506 -0.94689244 -0.11146366
-0.17286547 -1.07902 -0.068157
-0.15002741 -0.8601695 -0.13934773
-0.16213453 -0.9991416 -0.099386476
-0.17682616 -1.1357815 -0.054214172
-0.15189444 -0.9100185 -0.12802738
-0.16542399 -1.0547947 -0.086907454
-0.14249337 -0.81340617 -0.15476358
-0.15435152 -0.9636599 -0.11646823
-0.16928773 -1.1136833 -0.0738856
-0.14406072 -0.8641993 -0.14379148
-0.15741147 -1.0209349 -0.10460337
-0.17371331 -1.1756669 -0.060124815
-0.14621343 -0.9189874 -0.1326585
-0.1610793 -1.0816675 -0.092331976
-0.13603333 -0.80960256 -0.15902616
-0.14897816 -0.9776236 -0.12131213
-0.16535051 -1.1456693 -0.079516195
-0.1378418 -0.8652774 -0.14812957
-0.15237175 -1.0399455 -0.109669395
-0.17021295 -1.2127826 -0.06597018
-0.14026085 -0.92501533 -0.1371473
-0.15640023 -1.105752 -0.097622
-0.17565258 -1.2829204 -0.051442508
-0.14331475 -0.98866844 -0.12600254
-0.16105834 -1.174827 -0.08503253
-0.13139403 -0.86336106 -0.15239994
-0.1470235 -1.0560521 -0.114586
-0.16633159 -1.2469773 -0.07172474
-0.13405406 -0.928045 -0.14151415
-0.15139481 -1.126936 -0.10277414
-0.17220388 -1.322095 -0.05746468
-0.13737485 -0.9967198 -0.13054901
-0.15642062 -1.2010502 -0.090425156
-0.12472999 -0.8584572 -0.15664999
-0.14137948 -1.0691832 -0.11935718
-0.16208085 -1.2781535 -0.0773706
-0.12761444 -0.92805797 -0.14578421
-0.14607571 -1.1451511 -0.10778866
-0.16835402 -1.3581003 -0.06339581
-0.13117792 -1.0017514 -0.13496296
-0.15145147 -1.224285 -0.09568995
-0.17522916 -1.4408915 -0.04820661
-0.13545619 -1.0793059 -0.12398866
-0.15747733 -1.3062643 -0.08289678
-0.12096478 -0.9250832 -0.14999072
-0.14045967 -1.1603786 -0.112668544
-0.16412224 -1.3908961 -0.06921562
-0.12474567 -1.0037714 -0.13925704
-0.14616945 -1.2445236 -0.10082699
-0.17137055 -1.4781626 -0.05438528
-0.12927449 -1.0864323 -0.12848708
-0.1525424 -1.3313175 -0.08829814
-0.114144765 -0.9191905 -0.1541835
-0.13456689 -1.1726394 -0.117418855
-0.15953286 -1.4204947 -0.0749098
-0.11810562 -1.0028303 -0.14344522
-0.14059722 -1.2618105 -0.10583957
-0.1671174 -1.5120227 -0.060438044
-0.12285697 -1.0906048 -0.13285881
-0.14730209 -1.3533694 -0.0935742
-0.17530358 -1.6060643 -0.04452022
-0.12842067 -1.1819997 -0.12204618
-0.15461491 -1.4469631 -0.08047053
-0.11129297 -0.9990126 -0.14754492
-0.1347612 -1.2762346 -0.1107336
-0.16250135 -1.5425409 -0.066348374
-0.11623119 -1.0919033 -0.13710776
-0.14178701 -1.3725287 -0.09872785
-0.17096964 -1.6402951 -0.050919846
-0.12204566 -1.1885601 -0.1265581
-0.149402 -1.4704131 -0.085895516
-0.10434367 -0.99245256 -0.15158917
-0.12869117 -1.2879368 -0.115517095
-0.15755834 -1.5698348 -0.07210254
-0.109426886 -1.0904324 -0.14123122
-0.13603243 -1.3889521 -0.103763916
-0.16626558 -1.6710308 -0.057125323
-0.11546887 -1.1924613 -0.13096261
-0.14393237 -1.4910036 -0.09118618
-0.0973324 -0.98335874 -0.1556792
-0.12241967 -1.2971044 -0.12020001
-0.15232828 -1.5940579 -0.07769566
-0.10248027 -1.0863327 -0.14521077
-0.1300782 -1.4028497 -0.108687356
-0.16123356 -1.6984311 -0.06313671
-0.10871544 -1.1938753 -0.13526744
-0.13824865 -1.5089357 -0.09634502
-0.17070599 -1.8045526 -0.047175586
-0.115982786 -1.3039812 -0.12479426
-0.14685504 -1.6154008 -0.08312985
-0.09545145 -1.0797987 -0.14899275
-0.1239686 -1.4144776 -0.113500305
-0.15591972 -1.7226824 -0.06894402
-0.101812005 -1.1930221 -0.13947847
-0.13239643 -1.5244488 -0.101371884
-0.1655136 -1.831304 -0.053558946
-0.10942021 -1.3088744 -0.1293147
-0.14118537 -1.6340854 -0.08841044
-0.0884342 -1.0711514 -0.15247533
-0.117752306 -1.4241338 -0.11819771
-0.15037447 -1.7439969 -0.074554875
-0.09478355 -1.1902013 -0.14359362
-0.12642106 -1.537804 -0.10625895
-0.16004871 -1.8548273 -0.059663754
-0.10278483 -1.3121885 -0.1337792
-0.13536552 -1.6503586 -0.09354032
-0.17030774 -1.9671001 -0.043371968
-0.11148198 -1.4321369 -0.12275955
-0.14465134 -1.7626164 -0.07998793
-0.087659664 -1.1859125 -0.1475729
-0.120360866 -1.5492522 -0.11098506
-0.15437625 -1.875357 -0.06550746
-0.09616686 -1.3144953 -0.13819835
-0.1294324 -1.664462 -0.09851334
-0.1646486 -1.9891889 -0.049923327
-0.10520586 -1.4387836 -0.12713525
-0.13879907 -1.77881 -0.085262135
-0.08051709 -1.181378 -0.15111779
-0.114231415 -1.5589749 -0.115508415
-0.14857033 -1.8931619 -0.071141586
-0.089781985 -1.3166497 -0.14250258
-0.123391196 -1.676607 -0.10330992
-0.15885077 -2.0082512 -0.05607156
-0.15371543 -1.5549842 -0.47241184
-0.09759787 -2.141593 -0.47204417
-0.18814439 -1.1379194 -0.47518864
-0.13572776 -1.7454813 -0.47155288
-0.07821651 -2.3152277 -0.47343946
-0.17056946 -1.3460162 -0.47323883
-0.117665246 -1.9260876 -0.47128576
-0.058534384 -2.4823375 -0.4758138
-0.15317617 -1.5388111 -0.472079
-0.09944095 -2.0981522 -0.47175467
-0.18595006 -1.1415099 -0.47522542
-0.13593343 -1.7199 -0.4712932
-0.08100886 -2.2627861 -0.47308213
-0.16925608 -1.3386637 -0.47317943
-0.11868524 -1.8912063 -0.47103316
-0.062327813 -2.420848 -0.47537026
-0.15260038 -1.522055 -0.47190964
-0.10134739 -2.0540535 -0.4714585
-0.1833137 -1.1459306 -0.47529814
-0.13611926 -1.6938189 -0.4710979
-0.08386702 -2.2094612 -0.47271067
-0.16764322 -1.3316724 -0.47328305
-0.11970264 -1.8557905 -0.47080046
-0.066204704 -2.3581924 -0.47491696
-0.15188178 -1.5051422 -0.47186694
-0.10326692 -2.0092716 -0.47116098
-0.18049413 -1.1510005 -0.47538432
-0.13623354 -1.6674001 -0.47096238
-0.08675815 -2.1552236 -0.4723304
-0.16581608 -1.3252821 -0.47342646
-0.12068402 -1.8198922 -0.4705888
-0.070139684 -2.2943542 -0.47445768
-0.15100469 -1.4883906 -0.4718979
-0.10517687 -1.9638139 -0.47086558
-0.17755751 -1.1566671 -0.4754764
-0.13625407 -1.640819 -0.47087464
-0.0896663 -2.10007 -0.47194532
-0.1638332 -1.3195245 -0.47356543
-0.12161434 -1.783588 -0.47039786
-0.07412058 -2.2293336 -0.47399488
-0.14998333 -1.4719661 -0.4719581
-0.10706792 -1.9177107 -0.4705753
-0.17452581 -1.162902 -0.475568
-0.13617443 -1.6142153 -0.47081688
-0.09258577 -2.044016 -0.4715589
-0.16172792 -1.3143702 -0.47368595
-0.122486696 -1.7469591 -0.47022393
-0.07814397 -2.1631455 -0.4735304
-0.14883833 -1.4559284 -0.47201982
-0.10893673 -1.8710064 -0.47029167
-0.17141046 -1.1696795 -0.47565383
-0.13599907 -1.5876764 -0.4707715
-0.09551599 -1.9870908 -0.47117388
-0.1595216 -1.3097711 -0.47378364
-0.12330074 -1.7100745 -0.47006086
-0.082210906 -2.095818 -0.47306567
-0.14758964 -1.4402769 -0.47206804
-0.11078378 -1.8237495 -0.47001427
-0.16822052 -1.176971 -0.47572967
-0.13573891 -1.5612416 -0.4707247
-0.09845902 -1.929334 -0.470792
-0.15723048 -1.305673 -0.47385693
-0.12406162 -1.6729826 -0.4699014
-0.08632444 -2.0273895 -0.47260165
-0.14625555 -1.4249802 -0.4720952
-0.11261277 -1.7759852 -0.46974123
-0.16496493 -1.184743 -0.47579226
-0.13540798 -1.5349151 -0.47066706
-0.10141869 -1.8707892 -0.4704138
-0.15486884 -1.302019 -0.47390506
-0.12477856 -1.63571 -0.4697392
-0.09048846 -1.9579078 -0.47213918
-0.14485298 -1.4099915 -0.47209755
-0.1144302 -1.7277509 -0.46946985
-0.16165304 -1.1929584 -0.4758389
-0.13502169 -1.508678 -0.47059268
-0.104400255 -1.8115011 -0.4700391
-0.15245016 -1.2987511 -0.4739275
-0.1254634 -1.5982645 -0.46956912
-0.094707295 -1.8874283 -0.47167876
-0.14339805 -1.3952563 -0.4720734
-0.11624482 -1.6790739 -0.4691974
-0.15829484 -1.2015756 -0.47586742
-0.13459584 -1.482497 -0.47049803
-0.107410274 -1.751514 -0.46966738
-0.14998768 -1.2958105 -0.47392374
-0.1261296 -1.5606395 -0.46938756
-0.09898557 -1.8160119 -0.47122112
-0.14190635 -1.3807161 -0.47202185
-0.11806711 -1.6299729 -0.4689216
-0.15490082 -1.2105508 -0.47587606
-0.13414639 -1.4563301 -0.47038108
-0.11045641 -1.6908696 -0.46929818
-0.14749476 -1.2931371 -0.47389323
-0.12679148 -1.5228183 -0.46919215
-0.103328206 -1.7437253 -0.47076717
-0.14039329 -1.3663101 -0.4719424
-0.11990872 -1.5804595 -0.468641
-0.1514819 -1.2198368 -0.47586337
-0.13368933 -1.4301296 -0.47024074
-0.1135472 -1.6296085 -0.4689315
-0.1449848 -1.2906703 -0.47383535
-0.12746394 -1.4847773 -0.46898156
-0.107740335 -1.6706396 -0.47031832
-0.13887414 -1.3519763 -0.4718346
-0.12178213 -1.5305396 -0.46835488
-0.14804937 -1.2293851 -0.47582802
-0.13324066 -1.4038452 -0.47007644
-0.116691835 -1.5677708 -0.46856797
-0.1424713 -1.2883487 -0.4737494
-0.12816224 -1.4464884 -0.4687552
-0.112227164 -1.5968318 -0.4698767
-0.13736427 -1.3376508 -0.47169805
-0.123700395 -1.480217 -0.46806332
-0.14461467 -1.239146 -0.475769
-0.13281651 -1.3774232 -0.46988773
-0.11989993 -1.5053976 -0.468209
-0.13996795 -1.2861096 -0.47363457
-0.12890196 -1.4079208 -0.46851298
-0.11679388 -1.522385 -0.46944532
-0.13587911 -1.3232685 -0.47153226
-0.12567696 -1.4294939 -0.46776715
-0.14118932 -1.2490685 -0.47568536
-0.13243325 -1.3508084 -0.46967447
-0.1231813 -1.4425325 -0.46785685
-0.13748851 -1.283889 -0.4734899
-0.12969896 -1.3690426 -0.46825534
-0.1214454 -1.4473898 -0.46902803
-0.13443436 -1.3087627 -0.4713365
-0.12772556 -1.3783742 -0.46746796
-0.1377848 -1.2591017 -0.4755763
-0.13210757 -1.3239437 -0.46943644
-0.1265458 -1.3792249 -0.46751478
-0.13504685 -1.2816219 -0.4733144
-0.13056955 -1.3298213 -0.4679831
-0.12618628 -1.3719466 -0.46862972
-0.13304594 -1.2940637 -0.47111005
-0.12986015 -1.3268641 -0.4671681
-0.1344124 -1.2691953 -0.47544113
-0.13185662 -1.2967706 -0.4691736
-0.13000312 -1.3155304 -0.46718687
-0.13265692 -1.2792412 -0.47310674
-0.13153039 -1.2902256 -0.46769756
-0.1310204 -1.2961657 -0.46825635
-0.13173026 -1.2791 -0.4708519
-0.13209477 -1.2749754 -0.4668707
-0.13108304 -1.2792996 -0.47527918
-0.13169813 -1.2692287 -0.4688861
-0.13356254 -1.251514 -0.4668783
-0.13033272 -1.2766777 -0.4728656
-0.13259862 -1.2502266 -0.46740064
-0.13595083 -1.2201699 -0.4679146
-0.13050413 -1.2637963 -0.47056106
-0.13444343 -1.2227271 -0.46657994
-0.12780717 -1.289367 -0.47508994
-0.1316505 -1.2412572 -0.4685744
-0.1372326 -1.1872522 -0.46659505
-0.12808828 -1.2738608 -0.4725894
-0.13379182 -1.2097996 -0.4670953
-0.14097956 -1.1440947 -0.467612
-0.12938501 -1.2480747 -0.47023663
-0.13691974 -1.1701485 -0.4663011
-0.124594405 -1.2993524 -0.47487298
-0.13173302 -1.2127954 -0.46823967
-0.1410208 -1.1228348 -0.46634403
-0.12593763 -1.2707169 -0.4722764
-0.13512774 -1.1689281 -0.4667856
-0.14610724 -1.0680883 -0.46735644
-0.12839109 -1.231854 -0.469878
-0.1395365 -1.1172831 -0.4660407
-0.12145342 -1.309215 -0.47462788
-0.13196571 -1.1837856 -0.4678843
-0.14493303 -1.0583674 -0.4661327
-0.123894826 -1.2671707 -0.47192484
-0.13662407 -1.1276073 -0.46647763
-0.15133305 -0.9923113 -0.46715596
-0.12754153 -1.2150512 -0.46948528
-0.14230496 -1.0641924 -0.46580657
-0.11839154 -1.3189188 -0.4743544
-0.13236947 -1.1541774 -0.46751285
-0.14897309 -0.9939712 -0.46596855
-0.121974066 -1.2631441 -0.47153297
-0.13829754 -1.0858514 -0.46617994
-0.15665452 -0.9169339 -0.46701813
-0.12685676 -1.1975839 -0.46906033
-0.14523382 -1.0109596 -0.4656076
-0.11541454 -1.3284352 -0.47405207
-0.13296556 -1.1239353 -0.46713343
-0.15314212 -0.9297836 -0.46585852
-0.12018999 -1.258558 -0.4710995
-0.14016265 -1.0437018 -0.46590403
-0.16206746 -0.84213275 -0.4669498
-0.1263589 -1.1793765 -0.46860823
-0.14832799 -0.9576923 -0.4654531
-0.112526365 -1.3377441 -0.4737203
-0.13377479 -1.0930518 -0.46675965
-0.15743813 -0.8659535 -0.46580797
-0.11855858 -1.2533332 -0.47062418
-0.14222947 -1.0012362 -0.46566477
-0.1675658 -0.7680859 -0.46695626
-0.12607247 -1.1603712 -0.46814033
-0.15158701 -0.9045218 -0.4653513
-0.10972939 -1.3468369 -0.4733577
-0.13481538 -1.0615659 -0.46641308
-0.16185547 -0.8026361 -0.46581957
-0.117099114 -1.2473942 -0.47010982
-0.14450052 -0.9585781 -0.46547928
-0.17314087 -0.6949671 -0.46704113
-0.126025 -1.1405504 -0.4676794
-0.15500374 -0.8515969 -0.46530804
-0.10702546 -1.3557186 -0.47296134
-0.13609901 -1.0295902 -0.46612537
-0.166384 -0.73998255 -0.46589282
-0.115838595 -1.2406791 -0.46956646
-0.14696707 -0.9158981 -0.46536458
-0.17877945 -0.62293917 -0.4672057
-0.12624706 -1.1199783 -0.46726823
-0.15856296 -0.7990705 -0.4653248
-0.104419515 -1.3644094 -0.47252506
-0.13762395 -0.9973397 -0.46593764
-0.17100674 -0.67812836 -0.46602386
-0.11482103 -1.2331641 -0.46902263
-0.14960568 -0.8734032 -0.46533367
-0.18445896 -0.5521471 -0.46744862
-0.1267686 -1.0988714 -0.46698064
-0.16223904 -0.7470799 -0.46539864
-0.101929836 -1.3729463 -0.47203746
-0.13936521 -0.9651469 -0.46589375
-0.17569399 -0.6171801 -0.46620637
-0.114125915 -1.224929 -0.46855268
-0.15237519 -0.83130616 -0.4653923
-0.19013804 -0.48270997 -0.46776527
-0.12760456 -1.0777011 -0.46692756
-0.16598864 -0.69572407 -0.46552467
-0.09961891 -1.3813835 -0.4714849
-0.14126353 -0.9334321 -0.4660266
-0.18039064 -0.55720145 -0.46643263
-0.113899104 -1.2163359 -0.4683397
-0.15520644 -0.78977966 -0.4655409
-0.19574304 -0.41471088 -0.4681465
-0.12871478 -1.0572761 -0.4672369
-0.16972873 -0.64504325 -0.46569958
-0.09769611 -1.3898177 -0.4708988
-0.14320002 -0.9025962 -0.4663481
-0.18499608 -0.49819738 -0.46669257
-0.114368826 -1.2084742 -0.4687811
-0.15795392 -0.7489073 -0.4657805
-0.20115885 -0.34818354 -0.4685754
-0.12988567 -1.0386063 -0.46799427
-0.17329277 -0.5950028 -0.46591917
-0.09700075 -1.3984644 -0.47073558
-0.14484963 -0.87285304 -0.46685454
-0.18935482 -0.4400963 -0.4669665
-0.11538155 -1.2038931 -0.47050238
-0.16028209 -0.70864606 -0.4660971
-0.20625792 -0.28310224 -0.46901783
-0.08877455 -1.414556 -0.4749077
-0.07196111 -1.4433129 -0.4745477
-0.08495596 -1.3500277 -0.47433063
-0.09849699 -1.2700486 -0.4735292
-0.11040048 -1.2059058 -0.4722921
-0.097999744 -1.183725 -0.472451
-0.10947839 -1.1205962 -0.47158575
-0.11932093 -1.0715892 -0.47063267
-0.11264071 -1.0124861 -0.47033215
-0.1221064 -0.9655595 -0.46967292
-0.13018285 -0.93085265 -0.4689914
-0.13665126 -0.90753084 -0.468324
-0.13609155 -0.80683166 -0.468092
-0.14255436 -0.78528094 -0.46764085
-0.14774665 -0.77362466 -0.46720532
-0.15104286 -0.64603364 -0.46693647
-0.15605602 -0.63633424 -0.46668428
-0.1600293 -0.63528967 -0.4664528
-0.16292097 -0.6424034 -0.4662542
-0.17042702 -0.48498937 -0.46614906
-0.17328599 -0.49350366 -0.46610504
-0.17522214 -0.5092319 -0.46609402
-0.18552113 -0.3318565 -0.46604034
-0.18736622 -0.34894738 -0.4661754
-0.18841225 -0.3724263 -0.46634462
-0.18865742 -0.4019732 -0.4665506
-0.2021715 -0.20210806 -0.46667108
-0.20239657 -0.23251563 -0.46701843
-0.20191865 -0.26828367 -0.4674007
-0.21764135 -0.053361032 -0.46760204
-0.21709882 -0.089898914 -0.4681313
-0.21594863 -0.13110429 -0.4686934
-0.21420252 -0.17679451 -0.46927172
-0.23245181 0.055122767 -0.4697237
-0.23067479 0.009365779 -0.4704814
-0.22841774 -0.04023651 -0.47122082
-0.24837987 0.20229366 -0.4719244
-0.15576011 -2.0902956 -0.057431944
-0.11905656 -1.750804 -0.10424909
-0.08524612 -1.384841 -0.14195938
-0.14457326 -2.0106483 -0.07217114
-0.108621 -1.6654328 -0.11597971
-0.0760086 -1.287158 -0.1512864
-0.13363907 -1.9298358 -0.08603598
-0.09824331 -1.576136 -0.12695822
-0.16028634 -2.189233 -0.050741803
-0.12290501 -1.8471715 -0.09900491
-0.08787391 -1.4819437 -0.13727231
-0.1488681 -2.1087332 -0.06589551
-0.112294495 -1.7618971 -0.111094885
-0.0772763 -1.3814825 -0.14693278
-0.13774195 -2.027284 -0.080191776
-0.101685114 -1.673091 -0.12236162
-0.1649712 -2.288605 -0.04391574
-0.12685104 -1.944259 -0.09358981
-0.0908685 -1.5794646 -0.13288629
-0.15330577 -2.2074275 -0.059444226
-0.11610916 -1.8589712 -0.1060917
-0.07932855 -1.478624 -0.14284588
-0.14197776 -2.1254299 -0.07416215
-0.10536865 -1.7705593 -0.11774256
-0.06530256 -1.3641859 -0.1542321
-0.13093509 -2.0420573 -0.0879953
-0.09435462 -1.6777345 -0.12863359
-0.15789929 -2.3066196 -0.052849054
-0.1200967 -1.9567144 -0.10093095
-0.08245087 -1.5780401 -0.13899189
-0.14635216 -2.2241957 -0.06795686
-0.109318115 -1.8686546 -0.11301122
-0.068135925 -1.4656107 -0.1498016
-0.13516364 -2.1405172 -0.08220975
-0.09833259 -1.7767543 -0.12434202
-0.16265044 -2.4062145 -0.04613392
-0.124269344 -2.0550988 -0.09557421
-0.08657817 -1.6789289 -0.13517664
