-0.21406375 -1.5720954 0.18483768
-0.21907212 -1.4009223 0.12953313
-0.22735237 -1.1278129 0.085999705
-0.22951129 -0.74680096 0.059177186
-0.21360655 -1.5706341 0.18416364
-0.21872288 -1.3974154 0.1295232
-0.22698025 -1.124286 0.085988425
-0.22909011 -0.74545807 0.05915404
-0.21177965 -1.5717133 0.186689
-0.17780559 -1.4474571 0.18640026
-0.1479776 -1.2934253 0.18667957
-0.1190415 -1.1166373 0.18799043
-0.09359914 -0.8502187 0.18355186
-0.13168393 -0.18854056 0.12510836
-0.13666348 0.06748999 0.08236235
-0.127016 -0.13640524 0.055625923
-0.09298941 -0.84549356 0.18389404
-0.13137443 -0.18325564 0.12511133
-0.13634026 0.07249452 0.08237128
-0.12663868 -0.13360927 0.055650845
-0.09227058 -0.8414495 0.18383215
-0.13105354 -0.1783566 0.12514435
-0.13600795 0.077037506 0.082413904
-0.12625591 -0.13123553 0.05571708
-0.09155744 -0.8371336 0.18380782
-0.13074616 -0.17299703 0.12499778
-0.13568608 0.08212652 0.08224767
-0.12587655 -0.12835407 0.0555199
-0.09113137 -0.8332348 0.18370414
-0.13042276 -0.16815753 0.12529199
-0.1353507 0.08659503 0.08259647
-0.12548783 -0.12606768 0.055974226
-0.091045246 -0.8284201 0.18326308
-0.13011862 -0.16272561 0.124778956
-0.13502978 0.091766395 0.08199901
-0.1251038 -0.12310476 0.05523011
-0.09013122 -0.823845 0.18379204
-0.1297974 -0.15789759 0.12547208
-0.13469377 0.096216545 0.0828183
-0.12470847 -0.12083311 0.05628147
-0.08955835 -0.81816554 0.18314442
-0.12949488 -0.1525192 0.12471913
-0.13437058 0.101323225 0.08193416
-0.1243143 -0.11797631 0.055171926
-0.0893722 -0.81321114 0.1839813
-0.12920007 -0.14746997 0.12514044
-0.13404782 0.10602812 0.08244158
-0.123913065 -0.11537187 0.055831887
-0.087129325 -0.82877594 0.1880107
-0.12170934 -0.41375422 0.048432603
-0.12848377 0.04825856 0.06606484
-0.1346773 0.0525998 0.10016515
-0.116133146 -0.40356028 0.14975314
-0.095300235 -0.26111233 0.15677357
-0.11817979 0.26487103 0.10523123
-0.111611106 0.27323237 0.06919421
-0.096306235 -0.28982812 0.05033554
-0.054929566 -1.2684251 0.21415007
0.016658742 -2.070408 0.27100316
0.099857375 -2.8572743 0.32804593
-0.03238368 -1.5410132 0.2329573
0.042276874 -2.3331647 0.29014277
-0.13507824 -1.4417632 -0.044883613
-0.13965933 -1.4507177 -0.044307463
-0.15502307 -1.478523 -0.042109635
-0.14248766 -1.454714 -0.043041315
-0.15494731 -1.4759321 -0.04138664
-0.14250179 -1.4527512 -0.042084277
-0.08733611 -0.8411647 0.18918121
-0.07985333 -0.74661094 0.18913364
-0.07918604 -0.87671363 0.19286703
-0.0774404 -0.78368145 0.19154651
-0.0851553 -0.91280705 0.19478984
-0.042445954 -1.1082574 0.21403658
0.041104965 -2.042678 0.27043158
0.13677195 -2.9294643 0.3273827
-0.07124207 -0.79527503 0.19442022
-0.0771629 -0.85924536 0.19431944
-0.1720461 -1.6790463 -0.109630734
-0.16232663 -1.5730232 -0.07799162
-0.13356896 -1.442045 -0.04746623
-0.13696855 -1.5170282 -0.082238644
-0.14680137 -1.6186253 -0.11337366
-0.17120363 -1.7362224 -0.13235877
-0.17355566 -1.689899 -0.112122856
-0.1635245 -1.5827948 -0.08073635
-0.15672119 -1.4911419 -0.045564868
-0.17410038 -1.6915148 -0.1121233
-0.16403446 -1.5842537 -0.08072552
-0.15730204 -1.4928867 -0.045521736
-0.03271981 -1.5431703 0.23304884
0.041604646 -2.3328128 0.29017323
-0.07910775 -1.0069779 0.19818744
-0.009517683 -1.8095878 0.2520649
0.06840674 -2.5924313 0.3092069
-0.17873105 -1.7304211 -0.12189721
-0.16752145 -1.62027 -0.09152482
-0.1597859 -1.5230964 -0.05822005
-0.17928834 -1.7320824 -0.121905975
-0.16804309 -1.6217546 -0.09151411
-0.16031109 -1.5245476 -0.058241695
-0.058960035 -1.2807012 0.2147549
0.014338017 -2.072066 0.27117446
0.09651606 -2.8502996 0.32815525
-0.033890046 -1.549565 0.23333971
0.0395652 -2.3316896 0.29026812
-0.18422008 -1.7711561 -0.13130541
-0.17196354 -1.6593112 -0.10198642
-0.1629996 -1.5558475 -0.06959208
-0.18478286 -1.7728853 -0.13131088
-0.17249386 -1.6608199 -0.10198076
-0.16350578 -1.5571408 -0.06958771
-0.07462472 -1.020565 0.19949174
-0.011072569 -1.8131814 0.25226036
0.06611275 -2.5891485 0.30928558
-0.05831317 -1.2905457 0.21528636
0.012518452 -2.0731547 0.27130994
0.09397779 -2.8449702 0.32823744
-0.17682089 -1.6994753 -0.11212998
-0.16658665 -1.5912513 -0.08067266
-0.16063324 -1.5024004 -0.04510791
-0.17736016 -1.7010571 -0.11213185
-0.1670929 -1.5926213 -0.080661654
-0.16107804 -1.5039616 -0.045000292
-0.03534562 -1.5558261 0.2336406
0.037492394 -2.3304944 0.29036674
-0.07784862 -1.0294585 0.20018439
-0.012840191 -1.8166639 0.2524595
0.06379095 -2.5858178 0.30936646
-0.18204892 -1.7403569 -0.12195076
-0.17063303 -1.6289437 -0.09146269
-0.16301313 -1.5310783 -0.058245778
-0.30670765 -1.8449328 -0.1175918
-0.27256206 -1.5185511 -0.085120805
-0.24422884 -1.1942387 -0.05547423
-0.2133836 -1.8705107 -0.13282746
-0.25151914 -1.9868869 -0.13360329
-0.2854547 -2.0412626 -0.13351268
-0.31296763 -2.0072358 -0.13220567
-0.22701143 -1.2200261 -0.04603081
-0.21197343 -1.3755332 -0.04547754
-0.19391362 -1.4783659 -0.04509719
-0.17148705 -1.5171117 -0.04418534
-0.23023248 -1.1580466 -0.04600346
-0.21641678 -1.3321811 -0.04517138
-0.19930021 -1.4511796 -0.044778865
-0.17856377 -1.5127819 -0.044245627
-0.22988923 -1.1535946 -0.045552805
-0.21614373 -1.32852 -0.04474369
-0.1990959 -1.4484373 -0.0443489
-0.17842692 -1.5110158 -0.0438263
-0.22952989 -1.1491365 -0.045093983
-0.2158736 -1.3248614 -0.04431665
-0.19889423 -1.445699 -0.04392019
-0.17829338 -1.5092556 -0.043410845
-0.2291665 -1.1446636 -0.04462738
-0.21558782 -1.3211943 -0.043890305
-0.19867687 -1.4429519 -0.043492775
-0.17813629 -1.507482 -0.04299933
-0.22885002 -1.1401967 -0.044153754
-0.21534385 -1.3175364 -0.043464884
-0.19850098 -1.4402157 -0.04306689
-0.17803998 -1.5057247 -0.042592086
-0.22843003 -1.1357038 -0.04367437
-0.21502526 -1.3138639 -0.04304084
-0.1982504 -1.4374644 -0.042643018
-0.1778327 -1.5039443 -0.042189755
-0.22818154 -1.1312207 -0.04319094
-0.2148199 -1.3102018 -0.042618927
-0.19811292 -1.4347255 -0.04222194
-0.1777928 -1.5021827 -0.04179335
-0.22772206 -1.126728 -0.042705234
-0.21448106 -1.3065357 -0.04220007
-0.19784135 -1.4319819 -0.04180462
-0.17755264 -1.5004133 -0.04140378
-0.100235656 -0.9977297 0.19008154
-0.12933093 -1.1936013 0.1881985
-0.15850988 -1.35985 0.18723977
-0.18962662 -1.5016285 0.1873092
-0.19925629 -1.5399565 0.18819922
-0.16684856 -1.4093652 0.18794227
-0.13728553 -1.2514696 0.18859233
-0.107841425 -1.069855 0.19026467
-0.19914442 -1.5430326 0.18900266
-0.16653857 -1.4145744 0.18872814
-0.1368265 -1.2587125 0.18938574
-0.10726913 -1.079412 0.1910981
-0.19884148 -1.5461265 0.1898094
-0.16611288 -1.4197971 0.18951757
-0.13625282 -1.2659636 0.19018286
-0.10644721 -1.0890082 0.19193427
-0.198706 -1.5491946 0.19061796
-0.16578591 -1.4250016 0.19030882
-0.13577534 -1.2732027 0.1909817
-0.10583621 -1.0985485 0.1927703
-0.19845323 -1.5522981 0.19142808
-0.16538799 -1.4302297 0.19110136
-0.13522787 -1.2804605 0.19178164
-0.10507465 -1.1081458 0.19360515
-0.19826634 -1.5553782 0.1922398
-0.16502807 -1.435441 0.19189504
-0.13471685 -1.287707 0.19258246
-0.104394324 -1.1176921 0.19443838
-0.20889013 -1.6586707 0.21563157
-0.19103476 -1.8774794 0.2723118
-0.16524161 -2.1274393 0.32525063
-0.1082318 -2.3449934 0.3433595
-0.040546913 -2.5741093 0.34510243
0.028642135 -2.817743 0.34692845
0.0991731 -3.034858 0.3477729
-0.10424898 -1.1443957 0.19599123
-0.13492256 -1.3086035 0.19413437
-0.1655878 -1.4513749 0.19348381
-0.19935577 -1.5655303 0.19389707
-0.104953416 -1.1349491 0.19516274
-0.13544394 -1.3014369 0.19333147
-0.16595769 -1.4462392 0.19268705
-0.19955763 -1.56254 0.19307783
-0.23535903 -1.6531109 0.18808272
-0.22412455 -1.619048 0.18742384
-0.23559506 -1.654824 0.1903245
-0.22426137 -1.6224265 0.18995509
-0.23586056 -1.6564349 0.19248477
-0.22438608 -1.6262007 0.19312564
-0.23860957 -1.6664593 0.20071495
-0.2353509 -1.779226 0.25854284
-0.21823592 -1.9663832 0.31238094
-0.1765874 -2.0782561 0.31882936
-0.20031017 -1.8398954 0.26542008
-0.21541286 -1.6412011 0.20819283
-0.18240662 -2.0183213 0.30587208
-0.20424691 -1.7857298 0.25144374
-0.16279471 -2.1863878 0.3399032
-0.18980636 -1.9389219 0.2881784
-0.20895565 -1.7170413 0.23245671
-0.17166883 -2.1048796 0.3230991
-0.19641261 -1.8616331 0.2700247
-0.21284556 -1.6537517 0.21309562
-0.1799117 -2.0234005 0.30587545
-0.20217122 -1.7874076 0.25144312
-0.160085 -2.193087 0.33992407
-0.18743587 -1.9429957 0.28818166
-0.20706677 -1.7172076 0.2324576
-0.1690612 -2.1108234 0.32310507
-0.19417858 -1.864591 0.27001882
-0.21116135 -1.6522473 0.21316092
-0.17741676 -2.0284746 0.30588785
-0.20009448 -1.7890571 0.25145018
-0.157372 -2.1998067 0.3399385
-0.18506555 -1.9470845 0.288171
-0.20517124 -1.7174097 0.23245426
-0.3069525 -1.8429754 -0.117541894
-0.27274254 -1.515982 -0.08509213
-0.24455902 -1.1906714 -0.055447284
-0.30719495 -1.8409961 -0.117491685
-0.27292258 -1.5133892 -0.0850636
-0.24495907 -1.1871122 -0.055426635
-0.30743462 -1.8389983 -0.117441304
-0.27310163 -1.5107756 -0.085035205
-0.24530248 -1.1834849 -0.055413246
-0.30767167 -1.8369892 -0.11739072
-0.27328056 -1.508167 -0.085006915
-0.24540395 -1.1798037 -0.055407804
-0.30790594 -1.8349718 -0.11733998
-0.27345955 -1.5055814 -0.084978685
-0.24537791 -1.1763232 -0.055410918
-0.3081377 -1.8329409 -0.117289
-0.27363893 -1.5029935 -0.0849503
-0.24512877 -1.1727278 -0.055422634
-0.30836502 -1.830891 -0.11723793
-0.27381513 -1.5003835 -0.08492199
-0.24483736 -1.1690903 -0.05544296
-0.3085897 -1.8288145 -0.11718628
-0.27399248 -1.4977434 -0.08489261
-0.2446475 -1.1654694 -0.055469662
-0.30875483 -1.826734 -0.11713527
-0.2740704 -1.495118 -0.08486439
-0.2444058 -1.1618881 -0.05550348
-0.23454243 -0.8929906 -0.041073546
-0.23266745 -0.991371 -0.04308513
-0.23545848 -0.9075324 -0.04276819
-0.23311819 -1.0055796 -0.044932187
-0.23638621 -0.9221737 -0.04442191
-0.23413274 -1.020074 -0.04587386
-0.3180553 -1.7284436 -0.11689306
-0.28027502 -1.3742203 -0.08490967
-0.24811314 -1.0033913 -0.05581214
-0.13117816 -0.8536574 0.043253973
-0.14725721 -0.6943001 0.040917225
-0.17198807 -0.5800067 0.039906684
-0.19593075 -0.4737461 0.040214077
-0.13231821 -0.8819469 0.043030538
-0.14749873 -0.70967567 0.04074522
-0.17190821 -0.58561534 0.039597593
-0.1955624 -0.4711191 0.039903045
-0.1333106 -0.9086527 0.042672668
-0.14777412 -0.7249485 0.04057058
-0.17183647 -0.59134954 0.039295793
-0.19518341 -0.46880895 0.03958822
-0.13416377 -0.934023 0.042293247
-0.14808257 -0.74009734 0.040386442
-0.17177334 -0.59720594 0.038996775
-0.19479543 -0.46682352 0.039261855
-0.13491556 -0.9582418 0.04191193
-0.14842203 -0.7550987 0.04018851
-0.17171885 -0.6031799 0.038697653
-0.19440052 -0.46517122 0.03892158
-0.13559973 -0.9814357 0.04153627
-0.14879078 -0.76993006 0.039973296
-0.17167321 -0.6092675 0.038395636
-0.19400051 -0.4638611 0.03856677
-0.13624293 -1.0036993 0.041164227
-0.14918661 -0.7845694 0.03973843
-0.17163646 -0.61546475 0.038088564
-0.19359745 -0.4629018 0.038197406
-0.13686362 -1.0251031 0.040792335
-0.14960723 -0.7989962 0.03948203
-0.17160872 -0.6217679 0.03777459
-0.1931936 -0.4623007 0.037813574
-0.13747413 -1.045702 0.040416695
-0.15004998 -0.81319183 0.039202787
-0.17159005 -0.6281732 0.03745217
-0.1927914 -0.46206328 0.037415408
-0.13808215 -1.0655395 0.040033974
-0.15051201 -0.82714 0.03889987
-0.17158048 -0.6346768 0.037119992
-0.19239344 -0.46219295 0.037003167
-0.1386922 -1.0846511 0.03964138
-0.15099028 -0.8408269 0.038572863
-0.17158006 -0.6412752 0.036776893
-0.19200227 -0.46269068 0.036577217
-0.13930672 -1.1030666 0.03923668
-0.1514817 -0.8542417 0.03822172
-0.1715888 -0.64796466 0.036421854
-0.19162036 -0.46355507 0.03613805
-0.13992675 -1.1208111 0.03881811
-0.1519833 -0.8673764 0.0378467
-0.17160672 -0.6547416 0.03605395
-0.19124994 -0.46478248 0.035686225
-0.14055234 -1.1379067 0.038384285
-0.15249224 -0.8802255 0.03744827
-0.17163381 -0.66160244 0.035672367
-0.19089292 -0.4663675 0.03522232
-0.14118306 -1.1543729 0.037934113
-0.15300588 -0.89278615 0.037027027
-0.17167008 -0.66854376 0.03527635
-0.19055091 -0.4683031 0.03474689
-0.141818 -1.1702275 0.0374668
-0.1535219 -0.9050578 0.036583707
-0.17171548 -0.67556214 0.034865282
-0.1902252 -0.47058108 0.034260433
-0.14245608 -1.1854867 0.036981713
-0.15403827 -0.9170416 0.036119
-0.17177002 -0.6826542 0.03443858
-0.18991674 -0.47319236 0.033763338
-0.14309607 -1.2001657 0.03647841
-0.15455323 -0.92874056 0.035633627
-0.17183362 -0.6898167 0.033995777
-0.18962625 -0.47612736 0.033255916
-0.14373663 -1.2142789 0.035956617
-0.15506534 -0.9401589 0.035128273
-0.1719062 -0.6970465 0.033536494
-0.18935412 -0.4793762 0.032738395
-0.1443765 -1.2278403 0.035416115
-0.15557344 -0.9513019 0.034603518
-0.17198774 -0.7043405 0.033060394
-0.18910064 -0.48292887 0.032210857
-0.14501435 -1.240863 0.034856837
-0.1560766 -0.9621756 0.034059916
-0.1720781 -0.7116958 0.03256725
-0.1888659 -0.4867755 0.031673357
-0.14564891 -1.2533603 0.034278776
-0.15657406 -0.9727868 0.03349794
-0.17217721 -0.7191096 0.0320569
-0.18864988 -0.49090636 0.031125853
-0.14627899 -1.2653449 0.033681992
-0.15706527 -0.98314255 0.032918006
-0.17228493 -0.72657925 0.031529248
-0.18845244 -0.49531198 0.030568268
-0.14690344 -1.2768295 0.03306658
-0.15754984 -0.9932503 0.03232044
-0.17240116 -0.7341023 0.030984245
-0.18827343 -0.4999833 0.030000461
-0.14752118 -1.2878265 0.032432713
-0.15802746 -1.0031177 0.031705577
-0.17252572 -0.7416764 0.030421937
-0.18811262 -0.5049116 0.02942231
-0.14813124 -1.2983483 0.031780552
-0.15849794 -1.0127523 0.031073647
-0.17265849 -0.74929947 0.029842377
-0.18796976 -0.51008856 0.028833626
-0.14873268 -1.3084073 0.03111028
-0.15896119 -1.022162 0.030424854
-0.1727993 -0.75696945 0.02924566
-0.1878446 -0.51550615 0.028234228
-0.14932469 -1.3180156 0.030422132
-0.15941714 -1.0313544 0.029759413
-0.17294802 -0.7646848 0.028631952
-0.18773687 -0.5211569 0.027623963
-0.14990649 -1.3271852 0.029716317
-0.1598658 -1.0403372 0.029077474
-0.17310448 -0.77244383 0.02800141
-0.1876463 -0.5270337 0.027002644
-0.15047741 -1.3359281 0.028993037
-0.1603072 -1.049118 0.028379168
-0.17326853 -0.7802453 0.027354216
-0.18757266 -0.5331297 0.0263701
-0.15103684 -1.3442563 0.028252544
-0.16074139 -1.0577043 0.027664665
-0.17344001 -0.7880881 0.026690599
-0.18751566 -0.5394385 0.025726208
-0.15158424 -1.3521813 0.02749503
-0.16116849 -1.0661033 0.026934065
-0.1736188 -0.79597116 0.026010757
-0.18747513 -0.54595405 0.025070809
-0.1521191 -1.3597149 0.026720745
-0.16158856 -1.0743223 0.02618752
-0.17380473 -0.8038938 0.025314946
-0.18745081 -0.55267066 0.024403809
-0.15264104 -1.3668685 0.025929866
-0.16200174 -1.0823686 0.025425129
-0.1739977 -0.81185555 0.024603369
-0.18744251 -0.5595829 0.023725087
-0.15314963 -1.3736534 0.025122635
-0.16240814 -1.090249 0.02464705
-0.17419758 -0.8198559 0.023876296
-0.18745005 -0.56668556 0.023034586
-0.15364459 -1.3800809 0.024299238
-0.16280791 -1.0979704 0.023853397
-0.1744043 -0.8278948 0.023133952
-0.18747325 -0.57397383 0.02233223
-0.15412565 -1.386162 0.023459852
-0.16320117 -1.1055397 0.023044288
-0.17461772 -0.8359722 0.022376556
-0.187512 -0.58144325 0.02161796
-0.15459253 -1.3919076 0.022604702
-0.16358805 -1.1129636 0.022219898
-0.17483783 -0.8440881 0.021604374
-0.1875661 -0.5890894 0.020891773
-0.15504506 -1.3973283 0.02173396
-0.16396871 -1.1202486 0.021380356
-0.17506452 -0.8522429 0.020817628
-0.18763547 -0.5969081 0.020153644
-0.15548308 -1.4024348 0.020847805
-0.16434331 -1.1274011 0.020525811
-0.17529778 -0.8604369 0.020016547
-0.18771999 -0.6048956 0.019403573
-0.15590644 -1.4072375 0.019946415
-0.16471198 -1.1344277 0.019656429
-0.1755376 -0.8686707 0.019201359
-0.18781959 -0.61304814 0.018641578
-0.15631503 -1.4117466 0.01902997
-0.1650749 -1.1413345 0.018772379
-0.17578395 -0.87694484 0.018372294
-0.18793419 -0.6213622 0.01786769
-0.15670878 -1.4159724 0.018098636
-0.16543223 -1.1481279 0.017873824
-0.17603685 -0.8852601 0.017529566
-0.18806373 -0.6298345 0.017081944
-0.15708761 -1.4199246 0.017152606
-0.1657841 -1.154814 0.016960975
-0.17629634 -0.8936172 0.016673423
-0.18820815 -0.6384617 0.016284415
-0.1574515 -1.4236133 0.016192013
-0.16613074 -1.1613989 0.016033981
-0.17656247 -0.9020171 0.015804047
-0.18836744 -0.647241 0.01547513
-0.1578004 -1.4270481 0.0152170705
-0.16647229 -1.1678885 0.015093079
-0.17683531 -0.91046053 0.014921693
-0.18854158 -0.65616924 0.014654191
-0.15813434 -1.4302385 0.014227925
-0.16680893 -1.174289 0.0141384555
-0.17711495 -0.91894853 0.014026561
-0.18873057 -0.6652437 0.013821659
-0.15845332 -1.4331939 0.013224759
-0.16714087 -1.180606 0.013170335
-0.17740148 -0.927482 0.013118875
-0.1889344 -0.67446166 0.012977623
-0.15875733 -1.4359239 0.012207745
-0.1674683 -1.1868455 0.012188938
-0.17769504 -0.936062 0.012198851
-0.18915312 -0.6838206 0.012122167
-0.15904643 -1.4384377 0.011177078
-0.16779141 -1.1930133 0.011194518
-0.17799576 -0.9446893 0.011266726
-0.18938673 -0.6933179 0.011255401
-0.15932065 -1.4407444 0.010132923
-0.16811043 -1.199115 0.010187299
-0.17830381 -0.9533649 0.010322699
-0.18963529 -0.7029511 0.010377396
-0.15958005 -1.4428532 0.009075495
-0.16842557 -1.2051564 0.009167569
-0.17861935 -0.96208966 0.009367022
-0.18989885 -0.7127177 0.009488277
-0.1598247 -1.4447731 0.008004992
-0.16873705 -1.2111431 0.0081356
-0.17894259 -0.97086436 0.008399922
-0.19017744 -0.7226155 0.008588145
-0.16005465 -1.446513 0.0069216006
-0.16904515 -1.2170806 0.0070916624
-0.17927375 -0.9796897 0.007421611
-0.19047117 -0.732642 0.0076770736
-0.16027 -1.4480821 0.0058255577
-0.16935007 -1.2229744 0.006036083
-0.17961305 -0.98856646 0.006432346
-0.19078009 -0.74279505 0.006755189
-0.16047083 -1.4494892 0.0047170846
-0.1696521 -1.22883 0.0049691787
-0.17996073 -0.9974949 0.005432361
-0.19110428 -0.75307226 0.005822579
-0.16065721 -1.4507433 0.0035964209
-0.16995151 -1.2346529 0.0038912918
-0.18031706 -1.0064756 0.004421901
-0.19144385 -0.7634714 0.004879339
-0.16082928 -1.4518535 0.002463833
-0.17024858 -1.2404482 0.0028027985
-0.18068229 -1.0155085 0.0034012303
-0.19179887 -0.7739903 0.003925575
-0.16098711 -1.4528288 0.0013195807
-0.17054361 -1.2462214 0.0017040751
-0.18105672 -1.024594 0.0023705948
-0.19216944 -0.7846265 0.0029613625
-0.16113085 -1.453678 0.00016396429
-0.17083693 -1.2519777 0.0005955449
-0.18144064 -1.0337317 0.0013302696
-0.19255567 -0.7953779 0.0019867965
-0.1612606 -1.4544106 -0.0010027175
-0.17112884 -1.2577221 -0.00052236504
-0.18183437 -1.0429213 0.00028051256
-0.19295765 -0.8062422 0.0010019403
-0.16137652 -1.4550354 -0.0021801272
-0.17141971 -1.2634599 -0.0016491829
-0.18223822 -1.0521624 -0.00077839603
-0.19337553 -0.8172171 6.8649756e-06
-0.16147876 -1.4555622 -0.0033679
-0.1717099 -1.269196 -0.0027844028
-0.18265252 -1.0614539 -0.0018461637
-0.19380939 -0.82830036 -0.0009983601
-0.16156745 -1.4560001 -0.004565656
-0.1719998 -1.2749352 -0.003927503
-0.18307756 -1.0707952 -0.0029225103
-0.19425938 -0.8394895 -0.0020136982
-0.16164279 -1.4563588 -0.005772961
-0.1722898 -1.2806824 -0.0050779004
-0.1835137 -1.0801845 -0.0040071215
-0.19472562 -0.85078233 -0.0030390967
-0.16170496 -1.456648 -0.0069893636
-0.17258038 -1.2864423 -0.006234999
-0.18396126 -1.0896204 -0.005099701
-0.19520824 -0.8621763 -0.0040745446
-0.16175418 -1.4568776 -0.008214354
-0.17287195 -1.2922192 -0.007398139
-0.18442053 -1.0991008 -0.006199923
-0.19570738 -0.87366897 -0.0051200204
-0.16179068 -1.4570577 -0.009447397
-0.17316501 -1.2980176 -0.008566644
-0.18489183 -1.108624 -0.0073074764
-0.19622321 -0.8852579 -0.0061755492
-0.16181472 -1.4571986 -0.010687875
-0.1734601 -1.3038418 -0.009739756
-0.18537547 -1.1181872 -0.0084220115
-0.19675592 -0.8969404 -0.007241141
-0.1618266 -1.4573109 -0.011935138
-0.17375775 -1.3096956 -0.010916701
-0.18587172 -1.1277876 -0.009543201
-0.19730566 -0.9087139 -0.008316863
-0.16182661 -1.4574052 -0.013188453
-0.17405854 -1.3155829 -0.0120966295
-0.1863808 -1.1374223 -0.010670687
-0.19787265 -0.9205755 -0.00940278
-0.16181514 -1.4574926 -0.014447025
-0.17436314 -1.321507 -0.013278652
-0.18690298 -1.147088 -0.011804118
-0.19845712 -0.9325224 -0.010499002
-0.16179258 -1.4575841 -0.015709963
-0.17467217 -1.3274711 -0.014461811
-0.18743843 -1.1567812 -0.012943124
-0.19905932 -0.94455135 -0.011605661
-0.16175939 -1.4576914 -0.016976304
-0.1749864 -1.3334781 -0.01564511
-0.18798731 -1.1664981 -0.014087354
-0.19967955 -0.95665926 -0.012722944
-0.16171609 -1.4578263 -0.018244969
-0.17530657 -1.3395303 -0.016827468
-0.18854977 -1.1762345 -0.015236425
-0.20031814 -0.9688424 -0.013851049
-0.16166323 -1.4580003 -0.019514771
-0.17563352 -1.3456296 -0.018007765
-0.18912587 -1.1859865 -0.01638997
-0.20097543 -0.981097 -0.014990232
-0.16160148 -1.4582258 -0.020784423
-0.17596811 -1.3517774 -0.019184835
-0.18971567 -1.19575 -0.017547641
-0.20165187 -0.99341893 -0.016140813
-0.16153154 -1.4585154 -0.02205247
-0.17631128 -1.3579744 -0.020357432
-0.19031917 -1.2055204 -0.018709065
-0.20234789 -1.0058035 -0.017303115
-0.1614542 -1.4588813 -0.023317358
-0.17666402 -1.3642207 -0.021524305
-0.19093634 -1.2152934 -0.019873928
-0.20306398 -1.0182456 -0.018477561
-0.16137034 -1.4593364 -0.024577342
-0.17702736 -1.3705156 -0.022684151
-0.19156712 -1.2250649 -0.021041913
-0.20380072 -1.0307395 -0.01966459
-0.16128092 -1.4598935 -0.025830539
-0.17740236 -1.3768576 -0.023835672
-0.1922114 -1.2348304 -0.022212747
-0.20455866 -1.0432788 -0.020864693
-0.16118695 -1.4605657 -0.02707488
-0.1777901 -1.3832443 -0.024977583
-0.19286907 -1.2445859 -0.023386214
-0.20533837 -1.0558563 -0.022078402
-0.16108958 -1.461366 -0.02830811
-0.17819168 -1.3896723 -0.026108652
-0.19353999 -1.2543273 -0.02456216
-0.20614046 -1.0684642 -0.023306277
-0.16099 -1.4623079 -0.029527772
-0.17860812 -1.3961375 -0.027227739
-0.19422401 -1.2640511 -0.025740506
-0.20696542 -1.0810934 -0.024548879
-0.16088945 -1.4634044 -0.030731197
-0.1790404 -1.4026345 -0.02833386
-0.19492099 -1.2737538 -0.026921295
-0.20781371 -1.0937344 -0.025806777
-0.1607892 -1.4646692 -0.03191548
-0.17948942 -1.4091573 -0.029426241
-0.19563076 -1.283432 -0.028104685
-0.20868565 -1.1063764 -0.027080504
-0.16069062 -1.4661161 -0.03307745
-0.1799559 -1.4156992 -0.030504396
-0.19635318 -1.293083 -0.029290976
-0.20958129 -1.1190084 -0.028370516
-0.160595 -1.4677588 -0.03421364
-0.18044043 -1.4222531 -0.03156826
-0.19708815 -1.3027043 -0.03048066
-0.21050051 -1.1316185 -0.02967721
-0.16050361 -1.469612 -0.03532023
-0.18094337 -1.4288116 -0.0326183
-0.1978355 -1.3122938 -0.031674404
-0.21144289 -1.1441948 -0.031000832
-0.16041772 -1.4716909 -0.03639274
-0.18146501 -1.4353673 -0.033655755
-0.1985951 -1.3218496 -0.032873094
-0.21240772 -1.1567258 -0.032341424
-0.16033846 -1.4740124 -0.037426066
-0.1820055 -1.4419136 -0.034683008
-0.19936675 -1.3313705 -0.034077786
-0.2133941 -1.1692002 -0.03369863
-0.16026774 -1.4765947 -0.038412318
-0.18256494 -1.4484445 -0.035704207
-0.20015013 -1.3408552 -0.035289735
-0.21440104 -1.181608 -0.035071347
-0.16020784 -1.4794629 -0.039341647
-0.18314347 -1.454955 -0.03672622
-0.20094477 -1.3503034 -0.03651019
-0.2154275 -1.1939406 -0.036456756
-0.16016912 -1.4826454 -0.040187176
-0.18374126 -1.4614419 -0.037760854
-0.20175004 -1.3597155 -0.037740886
-0.2164727 -1.2061919 -0.037849538
-0.16017029 -1.4862049 -0.04091515
-0.18435813 -1.4678993 -0.038824107
-0.20256516 -1.3690894 -0.038981963
-0.21753596 -1.2183541 -0.039237205
-0.16029961 -1.490266 -0.041319475
-0.18499283 -1.4743378 -0.03993915
-0.20338897 -1.3784353 -0.040234894
-0.21861583 -1.2304372 -0.04060417
-0.12786977 -0.890234 0.039516658
-0.10890645 -0.981681 0.040429056
-0.11819114 -1.0185843 0.03967935
-0.12815729 -1.042832 0.0399261
-0.11411676 -1.1530187 0.03978303
-0.12226184 -1.1706423 0.03930875
-0.13006255 -1.1773975 0.038968477
-0.13634615 -1.1747589 0.038550287
-0.12683336 -1.3045021 0.03822886
-0.13305703 -1.2966156 0.037365813
-0.13843876 -1.2823795 0.036447406
-0.13161355 -1.4197187 0.036288608
-0.13658363 -1.4000052 0.035067435
-0.14110048 -1.3762202 0.03381561
-0.14500125 -1.3492337 0.03250748
-0.1401427 -1.4872462 0.032131
-0.14391026 -1.455945 0.030642604
-0.14732245 -1.4228495 0.029117607
-0.14341514 -1.5586798 0.028651642
-0.14656617 -1.5216647 0.026975987
-0.14950924 -1.4839795 0.025271919
-0.15221594 -1.4460455 0.023530383
-0.1488809 -1.5737853 0.022864802
-0.15140685 -1.5328562 0.021001933
-0.15379255 -1.4925301 0.019107806
-0.15073615 -1.6128055 0.018346285
-0.15290344 -1.5698155 0.016336383
-0.15499544 -1.5281872 0.014299399
-0.15702008 -1.4882016 0.012232455
-0.15391576 -1.5952076 0.011299689
-0.15574782 -1.5532682 0.009127561
-0.1575669 -1.5136362 0.006930842
-0.15437348 -1.6093553 0.0059143
-0.15598388 -1.5680255 0.0036146778
-0.15762298 -1.5296433 0.0012964868
-0.15932085 -1.4944268 -0.0010368611
-0.1556462 -1.5726987 -0.0022141943
-0.1571279 -1.5364434 -0.0046432614
-0.15871869 -1.5039811 -0.0070764334
-0.1546801 -1.5675169 -0.008327209
-0.15602398 -1.534281 -0.010852209
-0.15752393 -1.5054998 -0.013365302
-0.15924406 -1.4813125 -0.015849069
-0.15425287 -1.5234581 -0.017275384
-0.15566018 -1.4993742 -0.019835472
-0.15739827 -1.4805751 -0.022331933
-0.1517374 -1.5044571 -0.023815053
-0.15301603 -1.4862313 -0.026357481
-0.15482163 -1.474006 -0.028784811
-0.15719068 -1.4675598 -0.031064752
-0.14935589 -1.4674194 -0.032627966
-0.15131071 -1.4629115 -0.034807585
-0.15426035 -1.4645245 -0.036830485
-0.1440886 -1.4467981 -0.037885077
-0.14620848 -1.4507631 -0.039315853
-0.15003087 -1.4599078 -0.040574048
-0.223118 -0.22995637 0.041978247
-0.21462196 -0.28699633 0.04017402
-0.2172887 -0.24811941 0.039372828
-0.2196985 -0.20678692 0.038657952
-0.21090163 -0.26746598 0.03733405
-0.21362768 -0.2323839 0.036517423
-0.21606538 -0.19452505 0.035880566
-0.21807188 -0.1537814 0.035257094
-0.21011926 -0.22987121 0.03406635
-0.2125268 -0.1947149 0.033317912
-0.21465297 -0.15699375 0.032658417
-0.2070999 -0.23989257 0.031586517
-0.20937069 -0.20713484 0.03070265
-0.21151017 -0.17219946 0.029912904
-0.21328229 -0.13498688 0.029103382
-0.20666358 -0.2307873 0.027898952
-0.20879894 -0.19845888 0.026955444
-0.21074705 -0.16424596 0.026037749
-0.20443682 -0.2646064 0.02488166
-0.20657063 -0.23470734 0.023777345
-0.20862052 -0.2032524 0.022710396
-0.2104417 -0.17021593 0.0215945
-0.20483918 -0.2799155 0.020354535
-0.20698984 -0.25097573 0.01913541
-0.20902671 -0.22075 0.017911434
-0.20361672 -0.3331073 0.016691266
-0.20587039 -0.3064446 0.015320222
-0.20807898 -0.27872857 0.013958593
-0.21015844 -0.24995391 0.012536132
-0.20526728 -0.36874744 0.011259769
-0.20764413 -0.34326446 0.009767515
-0.20996621 -0.31689772 0.008248154
-0.20517905 -0.43702433 0.0069508487
-0.20771949 -0.41353595 0.0053302827
-0.21025556 -0.38926217 0.0036920838
-0.21273367 -0.36424354 0.0019793396
-0.20829915 -0.4887819 0.00065213547
-0.21104029 -0.46633664 -0.0010943069
-0.21376884 -0.44318432 -0.0028985138
-0.20937206 -0.56829107 -0.004289513
-0.21231231 -0.5474711 -0.0061510727
-0.21526124 -0.5258998 -0.008074294
-0.2181996 -0.50376993 -0.010095673
-0.21406442 -0.6320565 -0.011461469
-0.21721944 -0.61183643 -0.013512227
-0.22034153 -0.5910729 -0.015674118
-0.21629737 -0.719516 -0.017077109
-0.21967722 -0.70042753 -0.019294467
-0.22293524 -0.68081194 -0.021667147
-0.22622071 -0.6613186 -0.02414622
-0.22263186 -0.7910888 -0.025349502
-0.22598591 -0.7723187 -0.028021365
-0.22924872 -0.75429493 -0.030774089
-0.22616526 -0.8833092 -0.03177438
-0.22956683 -0.86480576 -0.03483755
-0.23279783 -0.84823924 -0.037744917
-0.21841325 -0.37269253 0.04580764
-0.23222676 -0.32340777 0.04674225
-0.230488 -0.38170642 0.048136994
-0.22657725 -0.43690965 0.048914816
-0.2423931 -0.40730372 0.05036308
-0.2385401 -0.46637923 0.05106373
-0.23397249 -0.5181519 0.051648267
-0.22941673 -0.5616767 0.052207384
-0.2453189 -0.56997526 0.053663943
-0.24015778 -0.6157732 0.05446654
-0.23513258 -0.6533953 0.05534563
-0.25062183 -0.6876792 0.05658182
-0.24502715 -0.7258971 0.057689194
-0.23960379 -0.75640213 0.058895502
-0.23446058 -0.7795762 0.06021016
-0.24871601 -0.8440433 0.06149229
-0.24298044 -0.8668167 0.06301923
-0.23750801 -0.8828993 0.06465473
-0.25141478 -0.9661274 0.06595039
-0.24543966 -0.9809523 0.06779664
-0.23973008 -0.98980093 0.06975174
-0.23430516 -0.9930966 0.07181831
-0.2471544 -1.0954982 0.07326933
-0.2412711 -1.0972124 0.075546734
-0.23568404 -1.09416 0.07793388
-0.24828848 -1.2074984 0.07946215
-0.24228461 -1.2023538 0.08206513
-0.23658836 -1.1932836 0.08477539
-0.2311882 -1.1807315 0.08759398
-0.24293122 -1.3027276 0.089319535
-0.23716266 -1.2881031 0.09235309
-0.2317015 -1.2708799 0.09549067
-0.24337828 -1.396114 0.09731196
-0.23756161 -1.376514 0.1006653
-0.23206331 -1.3552258 0.104116954
-0.22684515 -1.3326896 0.107665874
-0.23794433 -1.4566821 0.10969885
-0.2324191 -1.4320295 0.113454945
-0.22718576 -1.407044 0.117299
-0.23847067 -1.5270509 0.11942756
-0.2329102 -1.4998221 0.12347298
-0.22766781 -1.4731864 0.12759379
-0.2226579 -1.4475477 0.13178256
-0.23366468 -1.5574054 0.13412131
-0.22840671 -1.5300068 0.1384919
-0.22341427 -1.5045191 0.14290614
-0.2347954 -1.6038399 0.14532301
-0.22949338 -1.5766631 0.1499026
-0.22451547 -1.5523274 0.1544899
-0.219707 -1.5310843 0.15905614
-0.23101582 -1.6126112 0.16166808
-0.22598577 -1.5904922 0.16634166
-0.22119977 -1.5722522 0.17094317
-0.2331855 -1.6380349 0.17345166
-0.22798038 -1.6190338 0.17800617
-0.22284567 -1.6042114 0.182465
-0.12829171 -0.69422394 0.042349964
-0.1465824 -0.6168751 0.04204039
-0.17250705 -0.5540013 0.041679487
-0.1975773 -0.4910689 0.042041253
-0.12810773 -0.66402924 0.04285749
-0.14654587 -0.60147655 0.042368107
-0.17263356 -0.5492444 0.042101167
-0.19787548 -0.49530688 0.04251884
-0.12786533 -0.634641 0.043371983
-0.1465397 -0.5861643 0.042727742
-0.17276715 -0.5446468 0.042545144
-0.19816586 -0.49978393 0.043023016
-0.12758769 -0.60593194 0.043887492
-0.14656395 -0.5709632 0.043114252
-0.17290789 -0.54021144 0.04301134
-0.19844832 -0.5044867 0.04354996
-0.12729664 -0.5778213 0.044395242
-0.14661856 -0.55590004 0.043524507
-0.17305557 -0.5359428 0.04349827
-0.19872268 -0.5094041 0.044095814
-0.1270125 -0.5502549 0.0448976
-0.14670333 -0.54100347 0.043956686
-0.17321008 -0.5318458 0.044004794
-0.19898885 -0.5145256 0.04465891
-0.12674958 -0.5232012 0.045396253
-0.14681777 -0.5263017 0.044409912
-0.17337127 -0.52792597 0.04452977
-0.19924693 -0.5198417 0.045238283
-0.12651756 -0.49664295 0.04589412
-0.14696099 -0.51182216 0.04488396
-0.17353898 -0.52418894 0.045072317
-0.19949721 -0.52534395 0.045833427
-0.12632258 -0.4705729 0.04639408
-0.1471317 -0.497591 0.0453789
-0.17371301 -0.5206404 0.0456318
-0.19974014 -0.5310253 0.046444006
-0.12616828 -0.44499066 0.046899054
-0.14732835 -0.48363286 0.04589495
-0.1738932 -0.51728606 0.046207845
-0.19997624 -0.5368796 0.047069754
-0.12605652 -0.41990077 0.04741176
-0.14754914 -0.4699706 0.046432346
-0.1740793 -0.51413196 0.046800293
-0.20020601 -0.5429021 0.047710456
-0.12598799 -0.39531127 0.047934704
-0.14779212 -0.45662537 0.046991266
-0.17427106 -0.51118386 0.047409195
-0.2004299 -0.54908913 0.048365936
-0.12596254 -0.37123245 0.048470154
-0.1480553 -0.44361636 0.047571853
-0.17446823 -0.50844777 0.048034746
-0.20064826 -0.55543786 0.049036082
-0.12597941 -0.3476766 0.04902016
-0.1483367 -0.4309611 0.048174188
-0.1746705 -0.50592977 0.048677273
-0.20086126 -0.5619463 0.04972086
-0.12603737 -0.32465708 0.049586542
-0.14863433 -0.41867542 0.04879832
-0.1748775 -0.50363576 0.04933718
-0.201069 -0.56861293 0.050420333
-0.12613504 -0.3021881 0.050170936
-0.14894642 -0.40677366 0.04944429
-0.17508887 -0.5015719 0.05001495
-0.20127133 -0.57543665 0.051134665
-0.12627065 -0.28028435 0.05077479
-0.14927123 -0.39526877 0.050112154
-0.17530417 -0.49974412 0.050711095
-0.20146805 -0.58241665 0.05186411
-0.12644236 -0.25896084 0.051399384
-0.1496072 -0.38417265 0.050801974
-0.17552298 -0.49815848 0.05142615
-0.20165886 -0.5895521 0.052609026
-0.12664816 -0.23823254 0.052045852
-0.14995286 -0.37349615 0.05151385
-0.17574479 -0.49682087 0.05216066
-0.2018433 -0.59684217 0.053369854
-0.1268859 -0.21811429 0.052715167
-0.15030684 -0.3632493 0.052247908
-0.17596906 -0.4957371 0.052915167
-0.20202096 -0.60428596 0.054147087
-0.12715344 -0.19862069 0.05340821
-0.15066789 -0.35344148 0.053004317
-0.17619526 -0.49491295 0.05369019
-0.20219131 -0.61188227 0.054941297
-0.12744859 -0.17976597 0.054125734
-0.15103488 -0.3440814 0.053783286
-0.17642277 -0.49435398 0.05448626
-0.20235379 -0.6196298 0.055753097
-0.12776901 -0.16156387 0.054868378
-0.15140666 -0.3351774 0.054585032
-0.17665099 -0.4940656 0.055303838
-0.20250791 -0.627527 0.05658312
-0.12811248 -0.14402756 0.05563672
-0.15178221 -0.3267372 0.055409834
-0.17687923 -0.49405316 0.05614342
-0.20265312 -0.6355721 0.05743204
-0.12847668 -0.12716974 0.05643123
-0.15216051 -0.3187684 0.056257956
-0.17710683 -0.49432158 0.05700544
-0.20278892 -0.643763 0.05830053
-0.12885933 -0.11100244 0.057252314
-0.15254058 -0.3112782 0.057129685
-0.17733309 -0.49487585 0.057890307
-0.20291483 -0.65209746 0.059189245
-0.12925817 -0.09553708 0.05810035
-0.15292142 -0.3042735 0.058025338
-0.1775573 -0.4957205 0.058798447
-0.20303039 -0.660573 0.06009888
-0.12967093 -0.08078441 0.058975626
-0.1533021 -0.29776087 0.058945216
-0.17777872 -0.49685997 0.05973023
-0.20313516 -0.66918707 0.061030086
-0.13009538 -0.06675463 0.05987839
-0.15368162 -0.2917468 0.059889622
-0.1779966 -0.4982984 0.06068602
-0.20322879 -0.6779368 0.0619835
-0.1305293 -0.053457193 0.060808863
-0.15405902 -0.28623745 0.06085886
-0.17821021 -0.5000397 0.061666157
-0.20331089 -0.6868192 0.062959746
-0.13097054 -0.04090097 0.06176723
-0.15443332 -0.28123876 0.061853234
-0.17841877 -0.5020875 0.06267098
-0.20338117 -0.69583136 0.06395942
-0.13141693 -0.029094234 0.06275364
-0.15480354 -0.2767564 0.06287303
-0.17862153 -0.5044452 0.06370081
-0.20343931 -0.70497006 0.0649831
-0.13186638 -0.018044587 0.06376822
-0.15516864 -0.2727959 0.06391851
-0.17881772 -0.50711596 0.06475594
-0.20348509 -0.7142321 0.06603133
-0.13231678 -0.00775913 0.06481108
-0.15552762 -0.2693624 0.064989954
-0.17900658 -0.5101026 0.06583667
-0.20351827 -0.7236142 0.06710461
-0.1327661 0.0017557133 0.06588228
-0.15587944 -0.26646096 0.06608759
-0.17918736 -0.5134078 0.06694326
-0.20353867 -0.73311317 0.06820343
-0.13321233 0.010494048 0.06698193
-0.15622304 -0.26409623 0.06721167
-0.17935929 -0.517034 0.06807601
-0.20354609 -0.74272555 0.06932825
-0.13365348 0.018450506 0.06811005
-0.1565574 -0.2622727 0.068362415
-0.17952162 -0.5209832 0.06923516
-0.20354041 -0.75244814 0.0704795
-0.13408759 0.025620282 0.069266684
-0.1568814 -0.26099455 0.06954001
-0.17967363 -0.5252574 0.07042097
-0.20352152 -0.7622776 0.07165755
-0.13451277 0.031999085 0.07045186
-0.15719399 -0.26026574 0.07074464
-0.17981456 -0.52985823 0.071633674
-0.20348927 -0.7722107 0.07286279
-0.1349271 0.03758314 0.07166558
-0.15749407 -0.26008984 0.071976475
-0.17994371 -0.5347871 0.07287347
-0.20344365 -0.78224415 0.074095525
-0.13532872 0.042369146 0.07290786
-0.15778054 -0.26047027 0.073235676
-0.18006034 -0.54004526 0.07414062
-0.20338453 -0.7923748 0.07535608
-0.13571584 0.046354294 0.074178666
-0.15805231 -0.26141006 0.07452236
-0.18016374 -0.54563373 0.07543529
-0.2033119 -0.80259943 0.07664471
-0.13608661 0.049536236 0.075477995
-0.15830827 -0.262912 0.07583666
-0.18025322 -0.55155313 0.07675767
-0.2032257 -0.812915 0.07796167
-0.13643931 0.05191311 0.07680582
-0.15854731 -0.26497856 0.077178694
-0.18032807 -0.55780417 0.078107975
-0.20312591 -0.8233185 0.07930719
-0.13677214 0.053483456 0.07816208
-0.15876834 -0.26761195 0.07854852
-0.18038762 -0.56438714 0.07948633
-0.20301253 -0.8338069 0.080681436
-0.13708343 0.054246288 0.07954673
-0.15897025 -0.27081406 0.07994623
-0.18043117 -0.5713022 0.0808929
-0.20288554 -0.8443773 0.08208458
-0.13737145 0.054201018 0.080959715
-0.15915193 -0.2745865 0.081371896
-0.18045808 -0.57854915 0.08232783
-0.20274496 -0.85502684 0.08351677
-0.13763458 0.053347483 0.08240096
-0.1593123 -0.27893054 0.08282558
-0.18046767 -0.5861279 0.08379125
-0.20259078 -0.8657529 0.08497812
-0.13787116 0.051685926 0.08387039
-0.15945026 -0.28384727 0.08430729
-0.1804593 -0.5940379 0.08528325
-0.20242305 -0.8765526 0.08646869
-0.13807958 0.049216982 0.085367896
-0.15956473 -0.28933737 0.085817076
-0.18043232 -0.6022784 0.08680393
-0.20224178 -0.88742346 0.087988555
-0.13825828 0.045941696 0.0868934
-0.15965465 -0.29540122 0.08735494
-0.1803861 -0.61084867 0.08835338
-0.20204699 -0.8983629 0.08953775
-0.1384057 0.041861456 0.0884468
-0.15971893 -0.302039 0.08892091
-0.18032 -0.6197475 0.08993167
-0.20183873 -0.90936846 0.09111629
-0.1385203 0.03697802 0.09002795
-0.15975653 -0.30925056 0.090514965
-0.1802334 -0.6289737 0.09153882
-0.20161706 -0.92043775 0.09272413
-0.1386006 0.031293556 0.091636755
-0.15976639 -0.31703547 0.092137106
-0.1801257 -0.63852566 0.09317489
-0.20138201 -0.93156844 0.09436125
-0.13864511 0.024810547 0.09327307
-0.15974748 -0.3253929 0.09378731
-0.17999627 -0.64840174 0.094839886
-0.20113361 -0.9427584 0.09602759
-0.13865241 0.01753178 0.094936766
-0.15969878 -0.33432195 0.095465556
-0.17984454 -0.65860003 0.096533805
-0.20087194 -0.9540054 0.09772302
-0.13862106 0.009460498 0.09662768
-0.15961929 -0.3438212 0.09717181
-0.1796699 -0.6691183 0.09825663
-0.20059706 -0.9653075 0.099447444
-0.13854969 0.0006001002 0.09834569
-0.15950799 -0.35388917 0.09890607
-0.17947178 -0.67995423 0.100008346
-0.200309 -0.9766626 0.10120072
-0.13843693 -0.009045577 0.10009064
-0.15936388 -0.3645239 0.100668274
-0.17924958 -0.6911052 0.101788886
-0.20000783 -0.9880689 0.10298267
-0.13828145 -0.019472428 0.10186233
-0.159186 -0.37572318 0.10245838
-0.17900278 -0.7025684 0.10359816
-0.19969362 -0.9995246 0.104793064
-0.13808195 -0.030676 0.103660636
-0.1589734 -0.38748458 0.10427636
-0.1787308 -0.7143406 0.10543609
-0.19936645 -1.0110279 0.10663168
-0.13783714 -0.042651657 0.10548538
-0.15872508 -0.39980528 0.10612218
-0.17843309 -0.72641873 0.107302554
-0.19902636 -1.0225774 0.108498275
-0.13754578 -0.055394437 0.10733641
-0.15844011 -0.4126823 0.107995816
-0.17810912 -0.73879904 0.109197415
-0.19867341 -1.0341713 0.11039255
-0.13720664 -0.06889905 0.109213546
-0.15811758 -0.4261121 0.10989722
-0.1777584 -0.75147766 0.11112051
-0.19830771 -1.0458086 0.11231416
-0.13681853 -0.08315999 0.11111665
-0.15775652 -0.44009098 0.1118264
-0.17738038 -0.76445055 0.113071635
-0.1979293 -1.0574876 0.114262775
-0.13638024 -0.098171614 0.113045566
-0.15735602 -0.454615 0.113783345
-0.17697461 -0.77771336 0.1150506
-0.19753823 -1.0692073 0.116238005
-0.13589066 -0.113927774 0.11500015
-0.15691516 -0.46967953 0.115768045
-0.1765406 -0.79126143 0.11705713
-0.19713457 -1.0809666 0.11823941
-0.13534863 -0.13042243 0.11698028
-0.156433 -0.48528 0.11778055
-0.1760779 -0.8050899 0.11909097
-0.1967184 -1.0927645 0.120266564
-0.13475305 -0.14764908 0.11898584
-0.15590863 -0.50141114 0.1198209
-0.17558612 -0.8191936 0.12115179
-0.19628976 -1.1046002 0.12231896
-0.13410284 -0.165601 0.12101672
-0.15534113 -0.51806724 0.12188914
-0.17506482 -0.83356714 0.12323923
-0.19584872 -1.1164728 0.124396056
-0.1333969 -0.18427151 0.12307287
-0.15472955 -0.53524244 0.123985395
-0.17451362 -0.8482049 0.12535293
-0.1953953 -1.1283821 0.12649731
-0.13263416 -0.20365342 0.12515423
-0.15407293 -0.55293 0.12610976
-0.17393221 -0.86310095 0.12749243
-0.19492958 -1.1403273 0.1286221
-0.1318136 -0.22373948 0.12726079
-0.1533703 -0.57112277 0.12826242
-0.17332025 -0.87824917 0.12965724
-0.19445156 -1.1523082 0.13076977
-0.13093416 -0.24452238 0.12939256
-0.15262066 -0.5898131 0.13044356
-0.17267746 -0.89364326 0.13184686
-0.19396129 -1.1643248 0.13293962
-0.12999482 -0.26599443 0.13154961
-0.151823 -0.6089926 0.13265339
-0.17200361 -0.9092768 0.13406071
-0.19345878 -1.1763768 0.13513091
-0.12899455 -0.28814787 0.13373204
-0.15097624 -0.628652 0.13489221
-0.17129846 -0.92514306 0.13629815
-0.19294405 -1.1884646 0.13734284
-0.12793231 -0.31097493 0.13594002
-0.15007927 -0.6487814 0.13716033
-0.17056186 -0.9412354 0.13855852
-0.19241709 -1.2005886 0.13957456
-0.1268071 -0.33446726 0.13817371
-0.14913096 -0.6693697 0.13945805
-0.16979367 -0.9575468 0.14084104
-0.19187789 -1.2127491 0.14182512
-0.12561792 -0.35861695 0.14043342
-0.14813013 -0.690405 0.14178574
-0.16899376 -0.9740704 0.14314492
-0.19132645 -1.2249472 0.14409359
-0.12436376 -0.38341546 0.14271946
-0.14707556 -0.711874 0.14414376
-0.16816203 -0.9907993 0.14546931
-0.19076274 -1.2371836 0.14637886
-0.12304364 -0.40885454 0.14503221
-0.14596604 -0.7337622 0.14653243
-0.16729848 -1.0077264 0.14781325
-0.19018671 -1.2494595 0.14867981
-0.12165661 -0.4349258 0.14737217
-0.14480029 -0.7560537 0.14895205
-0.16640303 -1.0248449 0.15017574
-0.18959829 -1.2617766 0.15099521
-0.12020179 -0.46162075 0.14973983
-0.14357717 -0.77873105 0.15140276
-0.16547567 -1.0421478 0.15255564
-0.18899742 -1.2741364 0.15332372
-0.118678354 -0.4889312 0.1521358
-0.14229557 -0.8017753 0.1538846
-0.16451642 -1.0596284 0.15495178
-0.18838398 -1.2865412 0.15566388
-0.11708557 -0.51684964 0.1545608
-0.14095452 -0.82516617 0.15639742
-0.16352524 -1.0772802 0.15736282
-0.18775783 -1.2989933 0.15801416
-0.115422964 -0.54536825 0.15701559
-0.13955331 -0.8488815 0.15894067
-0.16250217 -1.0950965 0.15978725
-0.1871188 -1.3114954 0.16037282
-0.11369021 -0.57448053 0.1595011
-0.13809142 -0.872898 0.16151352
-0.16144718 -1.1130708 0.16222343
-0.1864666 -1.3240504 0.16273805
-0.11188751 -0.6041818 0.16201845
-0.13656871 -0.8971922 0.1641147
-0.16036034 -1.1311976 0.16466948
-0.18580095 -1.3366619 0.16510797
-0.11001548 -0.634468 0.16456923
-0.13498536 -0.9217386 0.16674222
-0.15924163 -1.1494702 0.16712318
-0.18512139 -1.349333 0.1674805
-0.10807571 -0.6653394 0.1671554
-0.13334192 -0.9465132 0.16939342
-0.15809114 -1.1678834 0.16958202
-0.18442741 -1.3620677 0.16985367
-0.106070556 -0.6967999 0.16978188
-0.13163917 -0.97149146 0.17206447
-0.156909 -1.1864314 0.17204304
-0.18371837 -1.3748696 0.17222561
-0.10400411 -0.72886133 0.17245302
-0.12987801 -0.9966506 0.17474985
-0.15569547 -1.2051092 0.1745029
-0.18299356 -1.3877424 0.17459475
-0.1018792 -0.7615464 0.17519377
-0.12805949 -1.0219688 0.17744094
-0.15445098 -1.2239121 0.17695764
-0.18225218 -1.4006898 0.17696008
-0.09970153 -0.794896 0.17800578
-0.12618461 -1.0474254 0.18012512
-0.15317617 -1.2428349 0.17940342
-0.18149349 -1.413715 0.17932187
-0.097443625 -0.8290044 0.18108365
-0.12425546 -1.073006 0.18278143
-0.15187228 -1.2618759 0.18183504
-0.18071696 -1.4268222 0.18168105
-0.095088676 -0.8639732 0.18425496
-0.122274145 -1.09869 0.18538621
-0.15053998 -1.2810254 0.18425097
-0.1799223 -1.4400095 0.184043
-0.0978586 -0.78007543 0.044276036
-0.11464652 -0.69707584 0.045622993
-0.106259845 -0.64326423 0.04660495
-0.098840736 -0.5816185 0.04744109
-0.118712194 -0.52831095 0.04731394
-0.110414974 -0.469375 0.04841359
-0.103159465 -0.40249693 0.049202092
-0.09688819 -0.32721123 0.049882725
-0.11476418 -0.32302505 0.050184835
-0.108376056 -0.25232232 0.051228747
-0.10262382 -0.17485763 0.05221194
-0.11906661 -0.20431732 0.052691966
-0.113678806 -0.13197301 0.054029793
-0.1085867 -0.05440938 0.05533642
-0.103925236 0.02792889 0.056697834
-0.11893213 -0.040726587 0.05764324
-0.114428446 0.035246067 0.05926454
-0.11009034 0.11467536 0.060944866
-0.12405833 0.022306195 0.062031988
-0.120006904 0.09532263 0.06397121
-0.1159822 0.17066447 0.06595828
-0.11203111 0.24788143 0.06803077
-0.1251804 0.12705503 0.06943118
-0.12136222 0.1973305 0.07172346
-0.11748995 0.26851195 0.07409763
-0.12979127 0.13176556 0.07561982
-0.12606032 0.19616947 0.078225516
-0.122204244 0.26061368 0.080896735
-0.11822302 0.3247162 0.0836608
-0.1299151 0.16878591 0.08544568
-0.12596545 0.22593893 0.08841359
-0.12181089 0.28201285 0.09146869
-0.13277553 0.116900675 0.09335905
-0.1286254 0.16634868 0.09662834
-0.12421548 0.21408261 0.09996664
-0.11950507 0.25980848 0.103399016
-0.13005804 0.083789654 0.105515346
-0.12529904 0.12300969 0.10913126
-0.12018198 0.15974799 0.11283352
-0.13015479 -0.019748347 0.115044825
-0.12496665 0.010905437 0.11893834
-0.11938634 0.038737196 0.12289902
-0.113298245 0.0635784 0.12695467
-0.12313294 -0.120156124 0.12937054
-0.11706174 -0.10104801 0.13358854
-0.11046552 -0.085073784 0.137898
-0.119694375 -0.26818332 0.14043152
-0.11312581 -0.25756127 0.14493656
-0.10612895 -0.25012138 0.1495365
-0.098358005 -0.2461005 0.15427284
-0.10739771 -0.42882052 0.15705103
-0.10016713 -0.42962313 0.16209397
-0.09247277 -0.43436575 0.1673577
-0.09957317 -0.6127591 0.17010464
-0.0923225 -0.6214196 0.17597085
-0.08498559 -0.6354662 0.18195869
-0.076308616 -0.97441655 0.19760273
-0.0068326993 -1.8017216 0.25170717
0.07295719 -2.5988135 0.30905902
-0.053673632 -1.2472615 0.21365426
0.020075632 -2.0674877 0.2707741
0.10489949 -2.8676789 0.32788292
-0.029029131 -1.5172944 0.23226029
0.048919074 -2.3362513 0.28987843
-0.07516147 -0.9339403 0.1974058
-0.0028966633 -1.788707 0.25130558
0.07967473 -2.6079621 0.308876
-0.05169016 -1.2144377 0.2135975
0.02497995 -2.0623968 0.27052456
0.11231376 -2.8826966 0.3276612
-0.026144462 -1.4941832 0.23198722
0.054705754 -2.3384109 0.2897252
-0.072920576 -0.8957511 0.1970821
0.00096066896 -1.774659 0.25107777
0.08626671 -2.616621 0.3087559
-0.04920219 -1.182 0.21382622
0.029797576 -2.0566866 0.27038744
0.11963079 -2.8971045 0.3274865
-0.02310846 -1.4704179 0.23195435
0.060426533 -2.340201 0.28965232
-0.07034766 -0.8582346 0.19682224
0.004840229 -1.7600336 0.250997
0.09281642 -2.6249835 0.30870196
-0.046402752 -1.1501998 0.2140156
0.034601334 -2.050663 0.2703494
0.12692632 -2.9110737 0.3273829
-0.019928413 -1.4466223 0.23201911
0.066135466 -2.341849 0.28965044
-0.06759652 -0.82082766 0.1966485
0.008740134 -1.7452831 0.25102055
0.09937194 -2.6332574 0.30871046
-0.043565225 -1.1187377 0.21406226
0.039379783 -2.0446281 0.2703943
0.13423909 -2.9248564 0.327368
-0.17125656 -1.6833783 -0.11212384
-0.16127469 -1.5769225 -0.08075671
-0.15473232 -1.4854861 -0.04545021
-0.16623786 -1.6465619 -0.10331306
-0.15729244 -1.544238 -0.07101419
-0.1727909 -1.7194747 -0.12423394
-0.1615096 -1.6106466 -0.09423476
-0.15360314 -1.5135375 -0.06095518
-0.16742407 -1.6823205 -0.11581408
-0.15709233 -1.5759735 -0.08488363
-0.15034465 -1.4849879 -0.050279032
-0.16230589 -1.6456016 -0.10713442
-0.15300857 -1.542911 -0.0752451
-0.16903397 -1.7179911 -0.12773965
-0.15746416 -1.6096362 -0.098184034
-0.1493007 -1.5118797 -0.06526909
-0.16359267 -1.6810311 -0.11944352
-0.1529283 -1.5747597 -0.08895625
-0.1461381 -1.4836391 -0.05481329
-0.15838079 -1.6443939 -0.110893115
-0.14874154 -1.5413606 -0.079437375
-0.16527458 -1.7164191 -0.1312039
-0.15342905 -1.6083888 -0.102070905
-0.1449859 -1.5099711 -0.069584265
-0.15976422 -1.6795915 -0.123019055
-0.14877044 -1.5733377 -0.092969194
-0.14183739 -1.4815507 -0.05929984
-0.15446486 -1.643001 -0.1145926
-0.14445624 -1.5396216 -0.08357891
-0.13955739 -1.4580331 -0.048755955
-0.14940618 -1.6069533 -0.1058968
-0.1405826 -1.5077946 -0.07387108
-0.15594812 -1.6780607 -0.1265497
-0.144617 -1.5717496 -0.096920535
-0.13733396 -1.4788498 -0.06377134
-0.15056244 -1.6414708 -0.11823717
-0.14014214 -1.5377382 -0.08765777
-0.13499935 -1.4545618 -0.053270277
-0.16651663 -1.5649507 -0.069530666
-0.175645 -1.6698434 -0.10194853
-0.18813264 -1.7834024 -0.13134117
-0.17024271 -1.5976702 -0.079200536
-0.1805872 -1.7073449 -0.11088754
-0.16687697 -1.5348866 -0.05489451
-0.17437193 -1.6324228 -0.08868306
-0.18583523 -1.7457166 -0.119596414
-0.16999064 -1.5637932 -0.065093525
-0.17888382 -1.668843 -0.09797218
-0.19135922 -1.7848217 -0.12798731
-0.17354979 -1.5957633 -0.07489029
-0.1837534 -1.7066395 -0.10706243
-0.16962631 -1.5309161 -0.04975044
-0.17755832 -1.6302094 -0.084485956
-0.18895604 -1.745576 -0.11593614
-0.1730519 -1.5602801 -0.060377654
-0.18197967 -1.6666735 -0.093901075
-0.1944695 -1.7855037 -0.124524534
-0.17662005 -1.5920362 -0.07042556
-0.18678527 -1.7048066 -0.10313255
-0.17186219 -1.5214945 -0.045474533
-0.1805625 -1.6263816 -0.080178164
-0.1919519 -1.7443544 -0.11216348
-0.17556947 -1.5527918 -0.05564435
-0.18491681 -1.6629959 -0.08972794
-0.19746147 -1.7851362 -0.120941
-0.17931662 -1.5855014 -0.065836355
-0.1896726 -1.7015438 -0.099096276
-0.20330301 -1.8270285 -0.12932219
-0.18330765 -1.6203307 -0.075753935
-0.19481309 -1.7417539 -0.108276315
-0.17769 -1.5409284 -0.051238623
-0.18765315 -1.6573881 -0.0854483
-0.20032427 -1.7834296 -0.117230564
-0.18161137 -1.5753486 -0.061281424
-0.19238906 -1.6965065 -0.09495338
-0.20619732 -1.8264225 -0.12586352
-0.185727 -1.6113777 -0.07126847
-0.19751967 -1.7374727 -0.10427573
-0.1795419 -1.5250031 -0.047244083
-0.19013377 -1.649342 -0.08108055
-0.20304057 -1.7800958 -0.11339354
-0.18357244 -1.5613592 -0.056899108
-0.19489565 -1.689307 -0.09071239
-0.20894755 -1.8242259 -0.122243136
-0.1878157 -1.5990537 -0.06681556
-0.20004304 -1.7311852 -0.10016783
-0.2152399 -1.8697379 -0.13069502
-0.19232434 -1.6383895 -0.076674536
-0.20558769 -1.7748479 -0.10943531
-0.1852648 -1.5436403 -0.052738003
-0.19715527 -1.679542 -0.086399086
-0.21153416 -1.8201638 -0.11847369
-0.18961036 -1.5832057 -0.062466785
-0.20235157 -1.7225575 -0.09596793
-0.21788618 -1.8670208 -0.1271971
-0.19422524 -1.6242243 -0.07229006
-0.20793979 -1.7673929 -0.10536738
-0.1867214 -1.5223535 -0.0487787
-0.19914871 -1.6668777 -0.082054086
-0.21393563 -1.8139715 -0.11456912
-0.19114849 -1.5638597 -0.05825412
-0.20442025 -1.7112743 -0.09170256
-0.22034988 -1.8622068 -0.123514995
-0.19585831 -1.6067283 -0.067971766
-0.21007282 -1.7574522 -0.10120872
-0.22719342 -1.9120227 -0.13209832
-0.20087759 -1.6510983 -0.077719234
-0.21613078 -1.8053942 -0.11054711
-0.19245718 -1.5411018 -0.054181114
-0.20623781 -1.6970903 -0.08740498
-0.22261247 -1.8550591 -0.119676255
-0.19724771 -1.5858951 -0.06374406
-0.21197005 -1.7447802 -0.09698503
-0.22953393 -1.9063979 -0.12852944
-0.20235622 -1.63211 -0.07342668
-0.21810216 -1.7942039 -0.10642989
-0.19355993 -1.5150143 -0.050231535
-0.2078064 -1.6798468 -0.08310731
-0.2246577 -1.8453625 -0.1157061
-0.19841509 -1.5617709 -0.05961624
-0.21362506 -1.7291934 -0.09272483
-0.2316577 -1.8982446 -0.12476485
-0.20360182 -1.6098952 -0.06919687
-0.21983896 -1.7802101 -0.10224293
-0.19446675 -1.4856714 -0.04637874
-0.20913646 -1.6594707 -0.07883522
-0.22647361 -1.8329353 -0.111630656
-0.19937833 -1.5344111 -0.055586837
-0.21504058 -1.7105744 -0.088454954
-0.23355317 -1.887388 -0.12085036
-0.20463167 -1.5844805 -0.06504116
-0.2213382 -1.7632768 -0.09801244
-0.24110205 -1.9435816 -0.12985377
-0.21024144 -1.6359437 -0.074607156
-0.228054 -1.8176332 -0.10747652
-0.20015033 -1.5038738 -0.051646262
-0.21622524 -1.6888683 -0.08419775
-0.23521307 -1.8736889 -0.116816305
-0.20546044 -1.5559057 -0.06096405
-0.22260343 -1.7433186 -0.09376262
-0.24284153 -1.9314808 -0.12599513
-0.21113555 -1.6092838 -0.070435494
-0.22939856 -1.7993577 -0.103269346
-0.20074841 -1.4702103 -0.047780503
-0.21719036 -1.6640617 -0.07997071
-0.23663488 -1.8570431 -0.11269119
-0.20610145 -1.5242186 -0.05696444
-0.22364253 -1.7202977 -0.08951432
-0.24433868 -1.9164315 -0.12200012
-0.21183154 -1.5795231 -0.06632788
-0.23051183 -1.7780507 -0.09903254
-0.25253895 -1.9775736 -0.13116293
-0.21794815 -1.6361707 -0.07578702
-0.23782063 -1.8373846 -0.108501375
-0.20656796 -1.489464 -0.05303669
-0.22446571 -1.6942083 -0.085284755
-0.24559419 -1.8983653 -0.117899425
-0.21234207 -1.5467037 -0.06228784
-0.23140165 -1.7536904 -0.09478656
-0.25386122 -1.9610604 -0.12720488
-0.2185103 -1.605225 -0.071656436
-0.23877595 -1.8146782 -0.104270555
-0.20686753 -1.4516869 -0.049172305
-0.22508405 -1.6650686 -0.08108799
-0.24661212 -1.877244 -0.1137206
-0.2126782 -1.5108665 -0.05831512
-0.23207772 -1.7262797 -0.09054891
-0.25493774 -1.9414643 -0.123122744
-0.21888846 -1.5712636 -0.06758555
-0.23950896 -1.7889173 -0.10001958
-0.26378477 -2.0074143 -0.13244864
-0.22550854 -1.6329087 -0.076935366
-0.2473992 -1.853053 -0.10948824
-0.21284936 -1.4720545 -0.054406144
-0.23255049 -1.6958414 -0.08633451
-0.25577444 -1.9187715 -0.11894768
-0.21909271 -1.5343267 -0.06357806
-0.24002922 -1.7601137 -0.095766604
-0.26466575 -1.9861586 -0.12839322
-0.22575006 -1.5977676 -0.07283589
-0.24796394 -1.8257986 -0.10522407
-0.21286722 -1.4303052 -0.050554294
-0.2328306 -1.6624073 -0.082156084
-0.25637898 -1.8929846 -0.11470544
-0.21913289 -1.4944559 -0.05963465
-0.24034694 -1.7282943 -0.0915274
-0.2653043 -1.961769 -0.12421389
-0.22581832 -1.5596857 -0.06879633
-0.24831589 -1.7954998 -0.100947075
-0.21273467 -1.3856524 -0.046750728
-0.23292845 -1.6260173 -0.07802445
-0.25676015 -1.86412 -0.11041889
-0.21901779 -1.4516885 -0.055752728
-0.24047251 -1.6934929 -0.087315805
-0.26570883 -1.9342618 -0.11995253
-0.22572285 -1.5187051 -0.06482119
-0.24846508 -1.7621864 -0.096673936
-0.2751963 -2.006027 -0.12956226
-0.23285371 -1.5867133 -0.07394881
-0.2569274 -1.8322016 -0.10610817
-0.21875271 -1.4060569 -0.051925812
-0.24041617 -1.6557505 -0.08314403
-0.26588818 -1.9036607 -0.11563361
-0.22547117 -1.4748638 -0.060912438
-0.24842173 -1.7258929 -0.09241937
-0.2753819 -1.976679 -0.12527205
-0.23261556 -1.5445386 -0.06993675
-0.25689042 -1.7972591 -0.101790935
-0.2183474 -1.357583 -0.048142098
-0.24018766 -1.6151097 -0.079022914
-0.2658513 -1.8699906 -0.11127886
-0.22506939 -1.4281944 -0.057068747
-0.2481959 -1.686659 -0.08819649
-0.27533993 -1.9442225 -0.12090959
-0.23222123 -1.4995333 -0.06599425
-0.2566589 -1.7593248 -0.09748274
-0.28539416 -2.0200553 -0.13071656
-0.23979609 -1.5716146 -0.07496208
-0.26560718 -1.8332787 -0.10690746
-0.22452274 -1.3787179 -0.05328366
-0.2477974 -1.6445252 -0.08401703
-0.2750787 -1.9086813 -0.11649955
-0.23167683 -1.4517318 -0.062125422
-0.25624254 -1.7184327 -0.09319735
-0.2851128 -1.9856491 -0.1262991
-0.23924899 -1.5253072 -0.07097
-0.26516458 -1.7935511 -0.10253622
-0.2238286 -1.3264357 -0.04954158
-0.24723533 -1.5995334 -0.079891466
-0.27460605 -1.8700774 -0.112063825
-0.23098524 -1.4011557 -0.05833187
-0.2556506 -1.6746179 -0.08894702
-0.28460908 -1.9481467 -0.12181891
-0.23855256 -1.4762228 -0.06705395
-0.2645321 -1.7508345 -0.09818003
-0.29521 -2.0278263 -0.13185154
-0.24651755 -1.5517228 -0.07582883
-0.27392948 -1.8284304 -0.10762171
-0.23014455 -1.347805 -0.054610953
-0.25489154 -1.6279142 -0.08474245
-0.28388965 -1.907564 -0.117305115
-0.23770939 -1.4243851 -0.06322029
-0.26371774 -1.7051557 -0.09385226
-0.29444918 -1.9883045 -0.12729052
-0.24565044 -1.5011246 -0.07183628
-0.27305627 -1.7837607 -0.10319037
-0.22915082 -1.2916465 -0.050949614
-0.2539724 -1.5783511 -0.08059232
-0.2829609 -1.8639158 -0.11278154
-0.23671876 -1.3697937 -0.05947532
-0.26272842 -1.65654 -0.08956491
-0.29346916 -1.9456887 -0.122673966
-0.2446372 -1.4477539 -0.06791858
-0.2719933 -1.7360914 -0.09878563
-0.22798117 -1.2325854 -0.04730263
-0.25289774 -1.5259432 -0.07650223
-0.28182915 -1.8172199 -0.108268954
-0.23557405 -1.3124135 -0.05582786
-0.26156867 -1.605008 -0.08532829
-0.29227498 -1.8999902 -0.1180472
-0.24347892 -1.3915946 -0.06407772
-0.27074644 -1.6854501 -0.09442271
-0.30335274 -1.9843894 -0.128211
-0.25166792 -1.4706779 -0.072473176
-0.28050128 -1.7675059 -0.103786446
-0.23425405 -1.2521449 -0.052294955
-0.2602388 -1.5505625 -0.08115008
-0.29087222 -1.8512287 -0.11343674
-0.24217223 -1.3325855 -0.060313296
-0.26931903 -1.6318682 -0.09011595
-0.3018795 -1.9365913 -0.12343737
-0.25027916 -1.4124883 -0.068499856
-0.27898386 -1.7148193 -0.09935283
-0.23272464 -1.1887854 -0.048900962
-0.25873256 -1.493175 -0.07703489
-0.28926796 -1.7994472 -0.108865134
-0.24071017 -1.2705828 -0.056624778
-0.26770964 -1.5753682 -0.0858776
-0.3001895 -1.8857118 -0.11869392
-0.24871612 -1.351226 -0.06456911
-0.2772815 -1.6592269 -0.09498578
-0.31175807 -1.9735593 -0.12896031
-0.25703865 -1.43276 -0.072985716
-0.2874702 -1.7447237 -0.10435438
-0.23909397 -1.2053131 -0.05302181
-0.26591182 -1.5159512 -0.08171715
-0.29828838 -1.831812 -0.11400826
-0.24696872 -1.2865965 -0.060660344
-0.2753914 -1.6007962 -0.09069867
-0.30974856 -1.9204478 -0.12401702
-0.25511843 -1.3691694 -0.06900935
-0.28548303 -1.6871822 -0.09992393
-0.23715828 -1.1360726 -0.049599294
-0.2639085 -1.45358 -0.07764365
-0.29618534 -1.7750213 -0.10940607
-0.24486133 -1.2180967 -0.05676166
-0.27330953 -1.5395819 -0.086499594
-0.30750534 -1.8643001 -0.11917655
-0.037263557 -1.5637885 0.2340303
0.03466012 -2.32877 0.2905014
-0.081618406 -1.0502448 0.20054978
-0.016362647 -1.8230715 0.25284475
0.05904777 -2.5788693 0.30953
-0.061968 -1.3207422 0.21683334
0.0053765443 -2.0761921 0.2718065
0.08444484 -2.824744 0.3285277
-0.042261083 -1.5795982 0.23478946
0.02807153 -2.3241897 0.29079854
-0.08618138 -1.0782247 0.20020111
-0.021932945 -1.8312566 0.25335875
0.05175576 -2.5677586 0.30976793
-0.06688515 -1.3409532 0.21749538
-0.0007778099 -2.077309 0.2721734
0.07643878 -2.8072944 0.32873806
-0.04752133 -1.59294 0.23536514
0.021295574 -2.3186421 0.29107502
-0.09025539 -1.1038711 0.19967563
-0.027667047 -1.8377678 0.25378767
0.04432667 -2.555796 0.3099876
-0.07173798 -1.358726 0.2177418
-0.0070556547 -2.0771947 0.2724955
0.068326324 -2.7890403 0.32891577
-0.052862473 -1.6042272 0.23574224
0.014427151 -2.312105 0.29132503
-0.09422043 -1.1279515 0.19920461
-0.033482034 -1.8427361 0.25412336
0.0368297 -2.542968 0.31018457
-0.076503485 -1.3749491 0.21773928
-0.013395398 -2.0758934 0.27276897
0.060165547 -2.7699869 0.3290582
-0.05820601 -1.6139694 0.23594077
0.007515719 -2.3045936 0.2915454
-0.09817032 -1.1508585 0.19880083
-0.039329465 -1.8463864 0.2543604
0.029305805 -2.529286 0.31035623
-0.08120022 -1.3901418 0.21760508
-0.019763255 -2.0735056 0.27298823
0.051991563 -2.7501523 0.329165
-0.06351421 -1.6226089 0.23600322
0.0005882863 -2.2961593 0.29173186
-0.10212118 -1.1728452 0.19844708
-0.045172088 -1.8489784 0.25450432
0.021777539 -2.5147848 0.3104997
-0.08584223 -1.4046065 0.21740624
-0.026133379 -2.0701702 0.27315
0.043823063 -2.7295663 0.32923687
-0.068770796 -1.6304705 0.23597215
-0.0063371565 -2.2868812 0.29188043
-0.10607038 -1.1940936 0.19812943
-0.05098397 -1.850755 0.25456932
0.0142580485 -2.499518 0.31061232
-0.09043669 -1.4185286 0.21717867
-0.032485053 -2.066042 0.2732556
0.035669554 -2.7082703 0.329275
-0.07397022 -1.6377778 0.23588076
-0.0132468585 -2.2768576 0.2919889
-0.11001193 -1.2147397 0.1978395
-0.056749765 -1.8519177 0.25457272
0.00675599 -2.4835525 0.31069237
-0.09498717 -1.4320298 0.2169416
-0.038803235 -2.0612707 0.27331048
0.027536055 -2.686314 0.32928112
-0.07911208 -1.6446801 0.23575248
-0.020130197 -2.2661946 0.2920577
-0.11394074 -1.2348859 0.19757268
-0.06246222 -1.8526219 0.2545308
-0.0007223403 -2.4669654 0.31073934
-0.09949611 -1.4451929 0.21670575
-0.04507855 -2.0559902 0.27332246
0.019425558 -2.663756 0.32925716
-0.08419863 -1.6512774 0.2356032
-0.026979618 -2.2549965 0.29208952
-0.11785356 -1.2546092 0.19732651
-0.06811955 -1.8529818 0.25445718
-0.00817232 -2.4498386 0.31075436
-0.10396611 -1.4580752 0.2164774
-0.0513065 -2.050311 0.27330014
0.011340086 -2.6406612 0.32920548
-0.0892337 -1.6576357 0.23544379
-0.033790603 -2.2433608 0.29208872
-0.121749185 -1.2739658 0.19709976
-0.0737235 -1.8530787 0.2543626
-0.015590894 -2.4322536 0.3107398
-0.10840048 -1.470715 0.21626036
-0.057486415 -2.0443215 0.27325168
0.0032810208 -2.6170998 0.32912883
-0.09422224 -1.6637976 0.2352818
-0.04056144 -2.2313719 0.2920605
-0.12562819 -1.2929962 0.19689189
-0.079278134 -1.8529689 0.25425547
-0.022976588 -2.4142888 0.31069887
-0.11280341 -1.483137 0.21605721
-0.063620426 -2.0380888 0.2731843
-0.004750873 -2.5931442 0.3290301
-0.09917011 -1.669789 0.23512268
-0.04729281 -2.2191024 0.29201016
-0.12949274 -1.3117268 0.19670276
-0.08478904 -1.8526895 0.25414228
-0.030329475 -2.3960168 0.31063536
-0.11717995 -1.4953543 0.21586972
-0.069712736 -2.0316627 0.27310425
-0.012755498 -2.5688684 0.32891232
-0.10408394 -1.6756226 0.23497052
-0.053987376 -2.2066116 0.29194283
-0.1333463 -1.3301735 0.19653243
-0.09026293 -1.8522623 0.25402817
-0.037651055 -2.3775043 0.31055316
-0.12153599 -1.5073704 0.21569927
-0.07576905 -2.0250778 0.27301675
-0.02073346 -2.5443456 0.3287786
-0.10897101 -1.6813012 0.2348285
-0.06064938 -2.193947 0.29186314
-0.1371934 -1.3483423 0.19638106
-0.09570738 -1.8516973 0.2539173
-0.044944085 -2.3588107 0.310456
-0.1258781 -1.5191811 0.21554694
-0.08179624 -2.018357 0.27292627
-0.02868605 -2.5196474 0.32863182
-0.11383921 -1.6868188 0.23469919
-0.06728432 -2.1811461 0.29177517
-0.14103946 -1.3662316 0.19624887
-0.10113068 -1.8509953 0.25381312
-0.052212384 -2.3399887 0.3103473
-0.1302135 -1.530775 0.21541366
-0.08780207 -2.0115132 0.2728365
-0.03661519 -2.4948432 0.3284746
-0.118696995 -1.692162 0.2345848
-0.07389873 -2.168238 0.2916824
-0.1448906 -1.3838327 0.19613607
-0.10654175 -1.8501484 0.25371855
-0.059460647 -2.3210862 0.31022993
-0.13454998 -1.5421342 0.21530029
-0.0937951 -2.0045507 0.27275068
-0.04452333 -2.470001 0.32830918
-0.12355336 -1.6973108 0.23448724
-0.08049994 -2.1552439 0.29158777
-0.14875352 -1.4011312 0.19604284
-0.11195012 -1.8491416 0.25363624
-0.06669427 -2.302145 0.31010634
-0.13889581 -1.553235 0.21520765
-0.09978457 -1.997467 0.2726714
-0.05241335 -2.445186 0.3281373
-0.12841778 -1.7022388 0.23440829
-0.08709597 -2.14218 0.29149368
-0.1526354 -1.4181074 0.19596927
-0.1173659 -1.8479538 0.25356844
-0.07391919 -2.2832046 0.30997843
-0.1432597 -1.5640484 0.21513651
-0.10578033 -1.9902539 0.27260098
-0.060288474 -2.4204621 0.32796025
-0.13330027 -1.7069138 0.23434961
-0.0936954 -2.1290584 0.29140192
-0.15654364 -1.4347376 0.1959154
-0.122799784 -1.846558 0.25351715
-0.08114173 -2.2643008 0.3098474
-0.1476508 -1.5745401 0.21508764
-0.11179286 -1.9828985 0.2725412
-0.06815209 -2.3958921 0.3277788
-0.13821138 -1.7112983 0.2343128
-0.10030727 -2.1158876 0.29131377
-0.160486 -1.450994 0.19588114
-0.12826312 -1.844922 0.2534842
-0.088368446 -2.245469 0.30971408
-0.15207854 -1.5846709 0.21506181
-0.11783314 -1.9753845 0.27249327
-0.076007694 -2.371538 0.32759327
-0.14316218 -1.7153486 0.23429942
-0.106940866 -2.1026754 0.29122978
-0.16447023 -1.466846 0.19586624
-0.13376786 -1.8430094 0.25347096
-0.09560591 -2.2267437 0.30957863
-0.15655275 -1.5943965 0.21505988
-0.12391265 -1.9676938 0.2724579
-0.08385874 -2.3474607 0.3274036
-0.14816439 -1.7190161 0.2343109
-0.113605596 -2.0894294 0.29114997
-0.1685041 -1.4822598 0.19587028
-0.13932669 -1.8407801 0.25347838
-0.10286053 -2.20816 0.3094408
-0.16108355 -1.6036673 0.21508268
-0.13004315 -1.9598085 0.27243483
-0.09170859 -2.3237216 0.32720953
-0.15323043 -1.722247 0.23434848
-0.12031065 -2.0761597 0.2910736
-0.17259528 -1.4971997 0.1958926
-0.14495292 -1.838193 0.25350645
-0.110138394 -2.1897542 0.30930007
-0.16568148 -1.612429 0.21513115
-0.13623646 -1.9517133 0.27242285
-0.09956043 -2.3003802 0.32701063
-0.1583736 -1.7249835 0.2344129
-0.12706465 -2.0628798 0.29099935
-0.17675114 -1.5116278 0.19593234
-0.15066044 -1.8352088 0.2535539
-0.11744498 -2.1715648 0.309156
-0.17035766 -1.6206214 0.21520631
-0.14250381 -1.9433998 0.27241942
-0.107417256 -2.277494 0.32680666
-0.16360837 -1.7271657 0.23450379
-0.13387518 -2.0496085 0.29092577
-0.1809787 -1.5255044 0.19598833
-0.1564633 -1.8317947 0.2536171
-0.1247851 -2.1536295 0.3090084
-0.17512418 -1.6281786 0.21530914
-0.14885515 -1.934869 0.27242076
-0.11528185 -2.2551167 0.32659754
-0.16895075 -1.7287362 0.23461857
-0.14074832 -2.0363696 0.2908514
-0.18528473 -1.5387875 0.19605914
-0.1623749 -1.827933 0.25368956
-0.13216272 -2.1359856 0.30885765
-0.17999515 -1.6350291 0.2154402
-0.15529792 -1.926136 0.2724223
-0.12315656 -2.2332966 0.3263837
-0.17441861 -1.7296491 0.2347501
-0.14768831 -2.0231895 0.29077563
-0.18967608 -1.5514314 0.19614322
-0.16840625 -1.823631 0.25376108
-0.13958074 -2.118665 0.30870512
-0.18498887 -1.6410974 0.21559793
-0.16183595 -1.9172292 0.27241957
-0.13104276 -2.2120745 0.32616603
-0.18003151 -1.729888 0.23488332
-0.15469702 -2.010094 0.2906988
-0.19416103 -1.5633837 0.19623914
-0.17456314 -1.818931 0.25381896
-0.14704022 -2.1016922 0.30855298
-0.1901328 -1.6463132 0.21577351
-0.16846843 -1.9081868 0.2724093
-0.13893954 -2.1914804 0.32594627
-0.18580772 -1.7294961 0.23499165
-0.161773 -1.9971025 0.2906223
-0.19875407 -1.5745776 0.19634603
-0.18084252 -1.8139111 0.25385135
-0.15453854 -2.085079 0.30840433
-0.19547312 -1.650644 0.21593544
-0.1751883 -1.899048 0.2723899
-0.1468417 -2.1715302 0.3257271
-0.191754 -1.7286129 0.23503925
-0.16890797 -1.9842231 0.2905477
-0.20349391 -1.5849141 0.19646294
-0.18722726 -1.8086674 0.2538514
-0.16206633 -2.06882 0.30826348
-0.20108671 -1.6542022 0.21599531
-0.18197466 -1.8898419 0.2723605
-0.15473841 -2.1522238 0.32551295
-0.19783686 -1.7274692 0.23499699
-0.17607959 -1.971448 0.29047707
-0.20854408 -1.5941896 0.19655372
-0.19366178 -1.8032765 0.25381806
-0.16960579 -2.0528865 0.30813688
-0.20699738 -1.6574981 0.21578473
-0.18877421 -1.8805776 0.272324
-0.16261807 -2.1335378 0.32531235
-0.2206359 -1.6244532 0.1980932
-0.23502748 -1.6604192 0.20065969
-0.22898142 -1.6562722 0.20552981
-0.2226565 -1.657502 0.21050465
-0.2156629 -1.6639236 0.2154958
-0.23212467 -1.6825912 0.21791685
-0.2247209 -1.689882 0.22277682
-0.21682677 -1.7015101 0.2276288
-0.23516002 -1.7089579 0.2301145
-0.22683105 -1.7215966 0.23487632
-0.2181551 -1.7379417 0.2396308
-0.20904824 -1.7577474 0.24437095
-0.22886889 -1.7528509 0.24679025
-0.21951234 -1.7734227 0.25146988
-0.20982188 -1.7970845 0.25613627
-0.23075894 -1.7836896 0.25852633
-0.22081262 -1.8080564 0.26314008
-0.21058746 -1.8352228 0.26773858
-0.20004521 -1.8650756 0.27232003
-0.2220145 -1.841871 0.27463952
-0.21130654 -1.872235 0.27917072
-0.20031312 -1.9050653 0.28368348
-0.22310565 -1.8748851 0.28596416
-0.21195847 -1.9081788 0.2904256
-0.2005446 -1.9437346 0.29486695
-0.18884712 -1.9814742 0.2992897
-0.21253286 -1.943129 0.3014958
-0.20072797 -1.9811714 0.30586228
-0.18865174 -2.021196 0.31021044
-0.21302551 -1.9771892 0.31237492
-0.20085299 -2.0174785 0.3166636
-0.18841836 -2.0595286 0.32093596
-0.17572531 -2.1032894 0.3252017
-0.20090906 -2.0527682 0.32726642
-0.18813318 -2.0965345 0.33146515
-0.1751244 -2.1417801 0.33567646
-0.20088089 -2.0871656 0.3376586
-0.30941805 -1.8203659 -0.11709215
-0.27452216 -1.4871126 -0.084852204
-0.2446185 -1.1510348 -0.05558449
-0.29925627 -1.716292 -0.10734069
-0.26570153 -1.3809508 -0.07603226
-0.23652633 -1.038343 -0.048030466
-0.28943765 -1.6114992 -0.09787053
-0.2571428 -1.2728732 -0.067494385
-0.31614348 -1.8432544 -0.121211015
-0.27992967 -1.5054871 -0.08867783
-0.24880928 -1.162454 -0.059255812
-0.30561224 -1.7381313 -0.111393824
-0.27071452 -1.3978146 -0.07976801
-0.24072604 -1.0492883 -0.05143626
-0.29542616 -1.6322731 -0.101842724
-0.2617896 -1.2881006 -0.07115203
-0.32300216 -1.8664956 -0.12535092
-0.28554752 -1.5251229 -0.09255949
-0.25317556 -1.1760558 -0.062851414
-0.31215218 -1.7606021 -0.11549789
-0.27595893 -1.4162003 -0.08355196
-0.24499784 -1.0617166 -0.054874115
-0.30162862 -1.6539434 -0.105875485
-0.26666614 -1.3051075 -0.07483295
-0.2379491 -0.9466371 -0.04673462
-0.2914011 -1.545909 -0.09650573
-0.2577189 -1.1915811 -0.06641849
-0.31887513 -1.7835666 -0.11965385
-0.28145382 -1.4359838 -0.087399416
-0.24929205 -1.0757301 -0.058293104
-0.30805412 -1.6763937 -0.10997288
-0.27179673 -1.3237442 -0.07856805
-0.24189864 -0.95884097 -0.05014477
-0.2975167 -1.5677425 -0.100523494
-0.26248842 -1.2088948 -0.07001806
-0.32578087 -1.8069066 -0.123857
-0.28726363 -1.4570622 -0.09132115
-0.25370848 -1.0914495 -0.06171901
