0.26495257 -1.0673428 -0.1435783
0.22161002 -0.32067856 -0.1261144
0.22098769 -0.11716308 -0.11660333
0.23020037 -0.3786588 -0.11387272
0.26446697 -1.0668148 -0.14263122
0.2214754 -0.321798 -0.12611493
0.22081111 -0.117751874 -0.11660687
0.22998878 -0.37722892 -0.11386077
0.26474527 -1.1102935 -0.14352809
0.24191529 -1.0885668 -0.14379139
0.22691259 -1.0995733 -0.14268588
0.21674359 -1.1429259 -0.14184362
0.208277 -1.1750556 -0.14103562
0.17335276 -0.52757806 -0.12778299
0.16498256 -0.14601853 -0.11863241
0.17056982 -0.06056661 -0.111528695
0.2082479 -1.1758024 -0.14110354
0.17318137 -0.5277874 -0.12778671
0.16478965 -0.1455112 -0.118638515
0.17038369 -0.059507012 -0.11152559
0.20821433 -1.1766846 -0.1410104
0.1730163 -0.5282373 -0.12777998
0.16460228 -0.14527398 -0.11863471
0.17020164 -0.05869652 -0.11151014
0.20817171 -1.177353 -0.14097418
0.17284296 -0.5284117 -0.12782837
0.16440947 -0.14472826 -0.118682824
0.1700184 -0.057600994 -0.11156543
0.20816982 -1.1784241 -0.14088963
0.17267762 -0.5288881 -0.12774436
0.16422334 -0.14451826 -0.11860614
0.16984007 -0.056823507 -0.111448884
0.20805986 -1.1790832 -0.14104205
0.1725015 -0.5290272 -0.12790096
0.16403008 -0.14393333 -0.11875648
0.16965976 -0.05569185 -0.1116467
0.20785303 -1.1802669 -0.14072229
0.17233409 -0.5295169 -0.1277001
0.16384423 -0.14373857 -0.11856905
0.16948506 -0.054929566 -0.11137554
0.20753422 -1.1811209 -0.14105077
0.17215486 -0.5296566 -0.12792577
0.16365081 -0.14314786 -0.11878545
0.1693093 -0.05380917 -0.11166728
0.20730291 -1.1822774 -0.14092465
0.1719754 -0.53009206 -0.12780848
0.16346063 -0.14290522 -0.1186755
0.16913927 -0.052973095 -0.11150041
0.20823929 -1.2194107 -0.14153403
0.17218325 -0.11655689 -0.10751463
0.16556603 -0.057113122 -0.11470577
0.16461945 -0.28365386 -0.12252009
0.18413007 -0.80109113 -0.13309862
0.1798126 -0.9146825 -0.13486226
0.15693314 -0.32906976 -0.124087185
0.15676913 -0.033784136 -0.1160006
0.16754057 -0.048286743 -0.108490385
0.23918697 -1.6011671 -0.14976102
0.30444828 -2.3485909 -0.16552426
0.38285974 -3.0907154 -0.18183088
0.25986394 -1.8507001 -0.15480337
0.32927573 -2.5953774 -0.17096251
0.18067597 -0.39971083 -0.06325099
0.1758861 -0.47635654 -0.06328935
0.16000967 -0.73982424 -0.060923234
0.17349339 -0.5166292 -0.06434402
0.15552309 -0.72633475 -0.06322378
0.17415403 -0.5031094 -0.06600756
0.20951368 -1.2300365 -0.14189973
0.20581853 -1.2615465 -0.14253846
0.20865764 -1.2629148 -0.14298193
0.20812364 -1.2934271 -0.1432976
0.21632108 -1.2954838 -0.14394948
0.23030362 -1.6365913 -0.1502978
0.29798576 -2.3905063 -0.16560018
0.37659472 -3.1289015 -0.18171407
0.20974284 -1.3429859 -0.14423524
0.21180603 -1.3182299 -0.14413173
0.09736845 -1.457254 -0.032283943
0.12948516 -1.1163437 -0.054837096
0.1804266 -0.40093932 -0.062101305
0.15336345 -0.77714753 -0.053066853
0.1136282 -1.163699 -0.029201929
0.073535904 -1.6073915 -0.007852114
0.09392434 -1.4933348 -0.029810565
0.12656203 -1.152704 -0.053330865
0.1578777 -0.8123055 -0.062054303
0.0935422 -1.5005435 -0.029715536
0.12613843 -1.1609612 -0.053245623
0.1596905 -0.82223207 -0.061904624
0.2600971 -1.8498113 -0.15476167
0.32939243 -2.594501 -0.17096391
0.21401489 -1.3404756 -0.14481972
0.28142306 -2.0976164 -0.16007075
0.3556463 -2.8411324 -0.17642231
0.08068859 -1.6231148 -0.019399336
0.11566383 -1.2808492 -0.046574924
0.13940202 -0.95000887 -0.062413193
0.08037492 -1.6299926 -0.019290356
0.11529124 -1.2885855 -0.046479438
0.13853931 -0.9595786 -0.06240353
0.24320583 -1.5978919 -0.14942652
0.30487552 -2.3448954 -0.16549519
0.3833549 -3.0876307 -0.18186393
0.26047206 -1.8469013 -0.15463461
0.3297243 -2.591852 -0.17096987
0.06671288 -1.7534266 -0.007575685
0.10413798 -1.408405 -0.038512185
0.13332504 -1.076155 -0.058296494
0.066441484 -1.7599733 -0.0073877596
0.10380514 -1.4156741 -0.038417235
0.13286847 -1.0845481 -0.058227077
0.21318306 -1.3383023 -0.14421663
0.2817519 -2.0946646 -0.16000962
0.35598728 -2.8386362 -0.17644641
0.24106511 -1.5941085 -0.14917631
0.30518392 -2.3420403 -0.16547595
0.38371253 -3.0853133 -0.18189323
0.09192674 -1.5358449 -0.029241212
0.12410829 -1.2012815 -0.0528053
0.15297543 -0.88175046 -0.06004971
0.09163153 -1.5427806 -0.029146705
0.123697504 -1.2092086 -0.052715622
0.15055403 -0.89304733 -0.059702493
0.26050043 -1.8436137 -0.15451415
0.33003134 -2.5891628 -0.17097932
0.21856928 -1.3370156 -0.14400561
0.28211683 -2.0916514 -0.15995327
0.35631344 -2.8361468 -0.17647445
0.07895996 -1.6636735 -0.018746043
0.113520235 -1.3264171 -0.0460026
0.13974397 -1.004742 -0.062057428
0.14592583 -1.9687885 -0.011346551
0.16633809 -1.7704717 -0.035004266
0.1805768 -1.6001312 -0.06165222
0.059877872 -2.053142 -0.00016539823
0.06887735 -2.2652752 0.00060139445
0.09190822 -2.2659876 -0.0015501927
0.123870365 -2.1191254 -0.005098422
0.16474105 -1.6668106 -0.07308702
0.1487151 -1.6356802 -0.06956869
0.14103992 -1.4545677 -0.067072645
0.14404409 -1.1012673 -0.06282312
0.17212103 -1.6372793 -0.07549051
0.15267335 -1.658069 -0.070671275
0.14276704 -1.5187607 -0.068095006
0.14189605 -1.2230428 -0.06509079
0.17239495 -1.6348715 -0.07567432
0.15293144 -1.6548357 -0.07095764
0.14306635 -1.5148804 -0.06839194
0.14224777 -1.2186859 -0.06542405
0.17264329 -1.6324506 -0.07582476
0.15318203 -1.6516101 -0.0712428
0.14335813 -1.5110117 -0.068689644
0.14258872 -1.2143416 -0.065766156
0.17299786 -1.6299804 -0.07594375
0.15348677 -1.6483575 -0.07152755
0.14370194 -1.507116 -0.06898882
0.14300732 -1.209956 -0.06611791
0.1731091 -1.627534 -0.076034464
0.15365458 -1.6451358 -0.07181303
0.14391299 -1.503254 -0.069290616
0.14322777 -1.2056164 -0.06648068
0.17365414 -1.6250036 -0.07610187
0.15407294 -1.6418655 -0.072101064
0.14436613 -1.4993447 -0.06959679
0.14380972 -1.2012051 -0.0668567
0.17355564 -1.6225067 -0.076152585
0.15411629 -1.6386312 -0.072394274
0.1444561 -1.495474 -0.06990993
0.14384922 -1.1968468 -0.067249306
0.17422256 -1.6199825 -0.07619294
0.15460669 -1.6353832 -0.07269499
0.14497852 -1.4915897 -0.070232265
0.14453499 -1.1924684 -0.06766113
0.21273586 -1.1922479 -0.14190747
0.22073083 -1.1337441 -0.14233956
0.2325536 -1.102124 -0.14337264
0.24983339 -1.1062751 -0.14446779
0.25688148 -1.1276447 -0.14496137
0.23772681 -1.110633 -0.1440093
0.22440301 -1.1316816 -0.14284863
0.21548398 -1.1834921 -0.14211863
0.2579473 -1.1409234 -0.14536093
0.23856626 -1.1219128 -0.1443041
0.22516508 -1.1421483 -0.14309582
0.21625005 -1.1938418 -0.14232545
0.2587551 -1.154172 -0.14576025
0.23929195 -1.1331519 -0.14459908
0.22585599 -1.1525811 -0.14334404
0.21693416 -1.2041693 -0.14253362
0.25980043 -1.1674836 -0.14615862
0.24012285 -1.144457 -0.14489388
0.2266139 -1.1630675 -0.14359285
0.21769542 -1.214536 -0.14274265
0.2606907 -1.180743 -0.14655644
0.24088766 -1.1557173 -0.1451887
0.2273317 -1.173519 -0.14384206
0.21840896 -1.2248762 -0.1429522
0.2616776 -1.1940583 -0.14695418
0.24169527 -1.1670362 -0.14548379
0.22807693 -1.184018 -0.14409168
0.21915454 -1.2352512 -0.14316206
0.30674833 -1.628703 -0.15608442
0.3900479 -2.5756528 -0.17886165
0.48674628 -3.4871001 -0.19779737
0.49060535 -3.6203258 -0.20326531
0.45253298 -3.416168 -0.19810285
0.42819628 -3.3147192 -0.19147676
0.4158394 -3.3166502 -0.1875023
0.2209334 -1.2532973 -0.14360918
0.23002219 -1.2035768 -0.14464669
0.24399532 -1.189945 -0.14614433
0.26463422 -1.2231401 -0.14782321
0.22019222 -1.2429233 -0.14339723
0.2292773 -1.1930457 -0.14439438
0.24318966 -1.1785604 -0.14584541
0.26365432 -1.2096877 -0.14741331
0.27169615 -1.166629 -0.14436497
0.27024376 -1.1722053 -0.14289495
0.2752322 -1.2130744 -0.14489883
0.27381748 -1.218506 -0.14364438
0.27889457 -1.2598014 -0.14534836
0.2775398 -1.2643108 -0.14532085
0.29266635 -1.418575 -0.14849472
0.39193705 -2.478593 -0.17361134
0.49130708 -3.4271262 -0.19338831
0.47895434 -3.402078 -0.19560103
0.38309956 -2.4833977 -0.17622791
0.29966 -1.516187 -0.15232182
0.45324516 -3.171496 -0.1910622
0.36057988 -2.2457433 -0.17076126
0.52170634 -3.7737024 -0.20267372
0.42049024 -2.8636599 -0.18471716
0.33200324 -1.9245365 -0.16295286
0.48583797 -3.4683177 -0.19707008
0.38919213 -2.5531545 -0.17797989
0.30533502 -1.5960559 -0.15456222
0.45160708 -3.1623988 -0.19106473
0.35931668 -2.2386177 -0.17079124
0.51996106 -3.76392 -0.20268509
0.4189354 -2.8550422 -0.18470632
0.3309733 -1.9187496 -0.16293597
0.4841384 -3.4588542 -0.19707267
0.38775188 -2.5451427 -0.17800485
0.3045217 -1.5918741 -0.15488869
0.44996762 -3.1533108 -0.19105716
0.35804108 -2.2315214 -0.17076576
0.5182112 -3.7541316 -0.20268923
0.41737825 -2.8464148 -0.18470931
0.32990915 -1.9128976 -0.16301653
0.1464437 -1.9658452 -0.011352506
0.16685428 -1.7671701 -0.0350443
0.18161511 -1.5955354 -0.061751656
0.14696738 -1.9628948 -0.011357753
0.16737361 -1.7638606 -0.03508464
0.18273932 -1.5908893 -0.06188139
0.14749587 -1.9599375 -0.011362411
0.16789015 -1.7605473 -0.035125673
0.1837984 -1.5861983 -0.062044133
0.14802957 -1.9569724 -0.011366371
0.16840422 -1.7572342 -0.035166953
0.1846438 -1.5816948 -0.062240012
0.14856902 -1.9539957 -0.01136959
0.16891581 -1.7539036 -0.035208426
0.18534064 -1.5771956 -0.06246862
0.14911447 -1.951005 -0.011371928
0.16942425 -1.7505457 -0.03524967
0.18576996 -1.5726477 -0.062727556
0.1496674 -1.9480029 -0.011373386
0.16993251 -1.7471766 -0.035290916
0.18610905 -1.5681418 -0.06301426
0.15022543 -1.9449891 -0.011373488
0.17042972 -1.7437943 -0.035330698
0.18644841 -1.5636361 -0.06332254
0.15081447 -1.9419801 -0.011373118
0.1709725 -1.7404358 -0.035371773
0.18672955 -1.559163 -0.06364525
0.2024305 -1.3847808 -0.07296444
0.19431917 -1.4665484 -0.07654171
0.20275643 -1.3881551 -0.07345528
0.1930511 -1.4711821 -0.078042135
0.2031162 -1.3920044 -0.07377138
0.19465172 -1.476825 -0.075506456
0.17990805 -1.8044822 -0.011289895
0.20310362 -1.5871354 -0.03514492
0.21562463 -1.3764243 -0.06323855
0.17487644 -0.2834483 -0.103452824
0.1912118 -0.35698113 -0.10487995
0.20421563 -0.47786087 -0.10700191
0.21559063 -0.65858775 -0.109317504
0.17456593 -0.29418007 -0.10328991
0.19112201 -0.36745298 -0.10467447
0.20408763 -0.4895949 -0.10688346
0.21526818 -0.67231405 -0.10929093
0.1743281 -0.30431098 -0.103175655
0.1910117 -0.37792778 -0.10448077
0.20394248 -0.50134254 -0.10676897
0.2149231 -0.6859031 -0.10925046
0.17415461 -0.31395075 -0.10306945
0.1908804 -0.3883942 -0.10430001
0.20377894 -0.51309514 -0.10665825
0.21455632 -0.6993389 -0.109194025
0.17402598 -0.32318124 -0.102965616
0.19072936 -0.39883772 -0.10413115
0.20359804 -0.52484196 -0.10654909
0.2141705 -0.712608 -0.10912078
0.1739259 -0.33205852 -0.10286122
0.19055928 -0.40924576 -0.10397391
0.20340005 -0.5365747 -0.10644065
0.21376757 -0.7256993 -0.10903113
0.1738417 -0.34062448 -0.10275683
0.19037126 -0.41960594 -0.103827514
0.20318563 -0.5482851 -0.10633174
0.21334985 -0.73860294 -0.10892528
0.1737646 -0.34890997 -0.102653295
0.19016637 -0.429907 -0.10369135
0.20295537 -0.5599658 -0.106221594
0.21291952 -0.751311 -0.10880362
0.17368872 -0.35693884 -0.10255165
0.1899459 -0.4401387 -0.103564665
0.20270988 -0.5716094 -0.10610951
0.21247895 -0.7638174 -0.10866656
0.17361039 -0.36472982 -0.102452666
0.18971126 -0.45029208 -0.103446715
0.20244983 -0.5832094 -0.105994955
0.21203053 -0.7761184 -0.10851476
0.17352732 -0.3722979 -0.10235693
0.18946385 -0.46035954 -0.10333668
0.2021759 -0.5947596 -0.10587748
0.2115766 -0.7882124 -0.10834904
0.1734382 -0.37965545 -0.10226483
0.18920517 -0.4703349 -0.10323368
0.20188878 -0.6062542 -0.10575674
0.21111932 -0.80009985 -0.10817031
0.17334239 -0.38681284 -0.10217655
0.18893662 -0.48021328 -0.103136815
0.20158923 -0.6176882 -0.105632424
0.21066065 -0.8117833 -0.10797958
0.17323968 -0.39377886 -0.102092154
0.18865955 -0.48999128 -0.103045166
0.20127794 -0.6290568 -0.105504304
0.21020228 -0.82326686 -0.10777786
0.17313008 -0.40056127 -0.1020116
0.18837519 -0.4996666 -0.10295781
0.20095569 -0.64035606 -0.10537215
0.20974559 -0.83455616 -0.107566096
0.17301384 -0.40716684 -0.10193476
0.18808468 -0.5092381 -0.10287388
0.20062327 -0.6515824 -0.10523583
0.20929173 -0.84565777 -0.107345216
0.1728913 -0.41360173 -0.10186144
0.18778898 -0.5187056 -0.102792524
0.20028146 -0.6627331 -0.10509518
0.2088415 -0.8565792 -0.10711596
0.17276286 -0.4198716 -0.101791404
0.18748896 -0.5280697 -0.10271298
0.19993106 -0.6738059 -0.10495009
0.20839553 -0.8673284 -0.106879026
0.17262898 -0.4259817 -0.10172438
0.18718538 -0.53733164 -0.10263454
0.19957286 -0.6847992 -0.1048005
0.20795421 -0.8779138 -0.10663499
0.17249012 -0.431937 -0.10166005
0.18687882 -0.5464935 -0.10255655
0.19920766 -0.69571215 -0.10464631
0.20751774 -0.88834375 -0.10638426
0.17234673 -0.43774235 -0.10159811
0.18656982 -0.55555755 -0.102478445
0.19883622 -0.7065446 -0.10448749
0.20708622 -0.89862704 -0.106127225
0.1721993 -0.44340232 -0.10153821
0.18625882 -0.56452674 -0.10239971
0.1984593 -0.7172968 -0.104324
0.20665962 -0.908772 -0.10586413
0.17204824 -0.44892147 -0.10148004
0.1859462 -0.57340413 -0.1023199
0.19807762 -0.7279699 -0.1041558
0.20623782 -0.91878706 -0.10559519
0.17189398 -0.4543042 -0.10142324
0.18563223 -0.5821932 -0.10223864
0.19769184 -0.7385655 -0.10398288
0.20582066 -0.9286804 -0.1053205
0.17173693 -0.4595549 -0.10136752
0.1853172 -0.5908976 -0.10215559
0.19730264 -0.749086 -0.103805244
0.20540796 -0.93846005 -0.10504017
0.17157745 -0.464678 -0.10131254
0.18500133 -0.59952134 -0.10207047
0.19691059 -0.75953424 -0.10362287
0.20499946 -0.9481337 -0.104754224
0.17141588 -0.46967778 -0.101258
0.18468477 -0.60806847 -0.10198303
0.19651623 -0.76991355 -0.10343575
0.20459491 -0.957709 -0.104462646
0.17125253 -0.47455856 -0.101203635
0.18436769 -0.61654323 -0.10189309
0.19612007 -0.7802279 -0.1032439
0.20419405 -0.96719325 -0.10416544
0.1710877 -0.47932467 -0.101149164
0.18405022 -0.6249502 -0.10180045
0.1957225 -0.79048157 -0.103047304
0.20379663 -0.97659355 -0.10386255
0.17092161 -0.4839804 -0.101094335
0.18373245 -0.6332938 -0.10170498
0.19532391 -0.80067945 -0.102845944
0.20340233 -0.9859169 -0.103553884
0.17075454 -0.48853 -0.10103894
0.18341449 -0.641579 -0.10160656
0.19492461 -0.8108266 -0.10263984
0.20301093 -0.99517006 -0.1032394
0.17058668 -0.49297777 -0.100982755
0.18309638 -0.64981055 -0.10150509
0.19452482 -0.82092863 -0.10242895
0.20262212 -1.0043596 -0.102919
0.1704182 -0.49732798 -0.1009256
0.1827782 -0.65799356 -0.10140052
0.19412476 -0.83099127 -0.102213286
0.20223567 -1.013492 -0.1025926
0.1702493 -0.5015849 -0.100867294
0.18245995 -0.6661333 -0.101292744
0.19372453 -0.8410207 -0.1019928
0.20185125 -1.0225734 -0.10226009
0.17008011 -0.50575274 -0.100807704
0.18214169 -0.6742349 -0.101181746
0.19332422 -0.85102314 -0.101767495
0.20146865 -1.0316101 -0.101921394
0.16991079 -0.50983584 -0.100746684
0.18182339 -0.68230397 -0.10106747
0.19292384 -0.8610051 -0.10153732
0.20108755 -1.040608 -0.101576395
0.1697414 -0.5138384 -0.10068411
0.18150502 -0.6903461 -0.100949876
0.19252335 -0.8709732 -0.10130223
0.20070767 -1.0495732 -0.101224996
0.16957213 -0.5177647 -0.10061988
0.18118659 -0.698367 -0.10082895
0.19212265 -0.8809343 -0.1010622
0.20032877 -1.0585113 -0.100867115
0.16940302 -0.52161896 -0.10055392
0.18086798 -0.70637244 -0.10070467
0.19172162 -0.8908951 -0.10081718
0.1999505 -1.0674281 -0.10050265
0.16923417 -0.52540565 -0.10048613
0.18054914 -0.7143684 -0.10057699
0.19132003 -0.9008626 -0.10056711
0.1995726 -1.0763291 -0.1001315
0.16906567 -0.5291289 -0.100416444
0.18022996 -0.722361 -0.10044589
0.19091769 -0.9108437 -0.10031192
0.19919474 -1.0852197 -0.09975358
0.16889758 -0.53279316 -0.10034481
0.17991033 -0.7303564 -0.10031133
0.19051428 -0.92084515 -0.10005156
0.19881661 -1.0941055 -0.099368826
0.16872998 -0.53640294 -0.10027114
0.17959008 -0.7383608 -0.10017328
0.19010948 -0.9308741 -0.09978595
0.19843788 -1.1029917 -0.09897713
0.1685629 -0.5399625 -0.10019542
0.17926905 -0.7463806 -0.1000317
0.18970294 -0.9409371 -0.099515006
0.19805822 -1.1118832 -0.09857847
0.16839643 -0.54347646 -0.100117564
0.17894703 -0.7544223 -0.09988651
0.1892942 -0.9510411 -0.099238634
0.19767725 -1.1207852 -0.09817273
0.16823062 -0.54694945 -0.10003754
0.17862383 -0.76249224 -0.099737644
0.18888287 -0.9611925 -0.09895676
0.19729465 -1.1297027 -0.09775989
0.1680655 -0.55038613 -0.099955276
0.17829917 -0.7705971 -0.099585004
0.18846841 -0.97139776 -0.09866925
0.19691002 -1.1386404 -0.09733989
0.16790113 -0.5537913 -0.09987071
0.17797281 -0.77874345 -0.09942849
0.18805031 -0.98166317 -0.09837601
0.19652297 -1.147603 -0.0969127
0.16773756 -0.5571699 -0.09978378
0.17764443 -0.7869381 -0.09926795
0.18762797 -0.99199474 -0.098076925
0.19613309 -1.1565951 -0.09647829
0.16757482 -0.56052697 -0.09969439
0.17731373 -0.7951876 -0.09910325
0.1872008 -1.0023984 -0.09777186
0.19574 -1.165621 -0.09603665
0.16741297 -0.5638677 -0.099602446
0.17698032 -0.8034987 -0.09893416
0.18676813 -1.0128794 -0.09746066
0.19534324 -1.1746851 -0.095587775
0.16725205 -0.5671975 -0.09950784
0.17664388 -0.81187826 -0.09876048
0.18632928 -1.0234431 -0.097143196
0.1949424 -1.1837915 -0.09513169
0.16709207 -0.57052195 -0.09941044
0.17630398 -0.820333 -0.098581955
0.18588352 -1.0340943 -0.09681931
0.19453703 -1.1929443 -0.09466842
0.1669331 -0.5738469 -0.099310055
0.17596018 -0.8288697 -0.09839826
0.1854301 -1.0448376 -0.09648881
0.19412667 -1.2021471 -0.09419799
0.16677515 -0.5771783 -0.09920654
0.17561205 -0.83749515 -0.09820905
0.18496819 -1.0556769 -0.09615152
0.19371083 -1.2114038 -0.09372047
0.16661827 -0.5805224 -0.09909963
0.17525907 -0.846216 -0.09801393
0.18449697 -1.0666158 -0.09580724
0.19328907 -1.220718 -0.093235955
0.16646245 -0.58388597 -0.098989084
0.17490076 -0.85503906 -0.09781244
0.18401557 -1.0776575 -0.09545576
0.19286087 -1.2300931 -0.09274454
0.16630775 -0.58727574 -0.0988746
0.17453654 -0.8639709 -0.097604066
0.18352309 -1.0888044 -0.09509685
0.19242576 -1.2395322 -0.09224634
0.16615413 -0.590699 -0.09875582
0.17416586 -0.8730182 -0.09738821
0.1830186 -1.1000584 -0.09473026
0.19198321 -1.2490387 -0.0917415
0.1660016 -0.5941633 -0.09863235
0.17378809 -0.8821874 -0.09716423
0.18250115 -1.111421 -0.094355725
0.19153272 -1.2586154 -0.09123021
0.16585016 -0.5976767 -0.0985037
0.17340256 -0.89148504 -0.096931376
0.18196973 -1.1228926 -0.09397296
0.19107373 -1.268265 -0.09071267
0.16569977 -0.60124755 -0.09836932
0.17300862 -0.90091735 -0.09668882
0.18142335 -1.1344733 -0.09358166
0.19060571 -1.2779903 -0.0901891
0.16555037 -0.60488474 -0.098228626
0.17260553 -0.91049063 -0.096435666
0.18086101 -1.1461622 -0.0931815
0.19012812 -1.2877939 -0.08965978
0.16540186 -0.6085976 -0.09808087
0.17219248 -0.92021084 -0.09617088
0.18028168 -1.1579576 -0.09277212
0.18964033 -1.2976781 -0.089125015
0.16525415 -0.612396 -0.097925276
0.17176871 -0.9300839 -0.09589335
0.17968434 -1.169857 -0.09235316
0.18914177 -1.307645 -0.08858517
0.16510709 -0.61629033 -0.09776089
0.17133328 -0.9401153 -0.09560182
0.17906795 -1.1818571 -0.09192418
0.18863177 -1.3176967 -0.088040635
0.16496047 -0.6202915 -0.0975867
0.1708853 -0.95031047 -0.09529493
0.17843156 -1.1939538 -0.09148478
0.1881097 -1.327835 -0.08749186
0.16481407 -0.6244111 -0.097401485
0.17042372 -0.9606746 -0.09497117
0.17777415 -1.206142 -0.09103446
0.1875748 -1.3380615 -0.08693937
0.16466756 -0.6286613 -0.09720394
0.16994749 -0.97121215 -0.094628915
0.1770948 -1.2184155 -0.090572745
0.18702632 -1.3483776 -0.08638375
0.16452056 -0.6330548 -0.09699252
0.16945544 -0.9819276 -0.09426633
0.17639263 -1.2307676 -0.0900991
0.1864634 -1.3587843 -0.08582566
0.16437262 -0.63760513 -0.096765555
0.16894633 -0.9928245 -0.09388148
0.17566684 -1.2431905 -0.08961295
0.18588515 -1.3692825 -0.085265845
0.16422316 -0.64232624 -0.0965211
0.16841875 -1.0039061 -0.09347221
0.17491667 -1.2556758 -0.08911372
0.18529052 -1.3798723 -0.08470516
0.16407153 -0.64723283 -0.09625704
0.16787128 -1.0151749 -0.09303622
0.17414145 -1.268214 -0.08860077
0.1846784 -1.3905536 -0.08414455
0.16391692 -0.6523403 -0.09597093
0.16730227 -1.0266324 -0.09257097
0.17334063 -1.2807951 -0.08807345
0.18404754 -1.4013253 -0.08358508
0.16375838 -0.6576646 -0.09566011
0.16670997 -1.0382792 -0.09207376
0.17251377 -1.2934086 -0.0875311
0.18339652 -1.412186 -0.08302799
0.16359486 -0.66322213 -0.095321596
0.1660925 -1.0501148 -0.09154171
0.1716605 -1.3060434 -0.08697301
0.1827238 -1.4231329 -0.08247461
0.16342509 -0.6690302 -0.09495204
0.16544774 -1.0621374 -0.09097167
0.1707806 -1.318688 -0.08639851
0.18202761 -1.4341621 -0.08192646
0.16324764 -0.6751062 -0.0945478
0.16477348 -1.0743433 -0.0903604
0.16987397 -1.3313305 -0.08580692
0.18130605 -1.4452685 -0.0813852
0.16306093 -0.6814684 -0.09410481
0.1640673 -1.0867276 -0.08970444
0.16894057 -1.3439595 -0.08519759
0.18055698 -1.4564449 -0.08085267
0.16286315 -0.6881354 -0.093618594
0.16332662 -1.099283 -0.089000195
0.16798054 -1.3565629 -0.08456991
0.17977813 -1.4676824 -0.08033086
0.16265237 -0.69512606 -0.09308428
0.16254877 -1.1119999 -0.08824403
0.16699402 -1.3691292 -0.08392337
0.17896706 -1.4789697 -0.07982192
0.16242649 -0.70246 -0.092496544
0.16173092 -1.1248664 -0.08743226
0.16598126 -1.3816472 -0.08325755
0.17812125 -1.4902929 -0.079328105
0.16218324 -0.7101571 -0.09184956
0.1608703 -1.137868 -0.08656131
0.16494255 -1.3941064 -0.082572185
0.17723818 -1.5016354 -0.07885177
0.16192035 -0.71823794 -0.09113704
0.15996416 -1.1509875 -0.085627824
0.16387819 -1.4064966 -0.08186721
0.17631546 -1.5129774 -0.07839531
0.1616355 -0.7267239 -0.090352125
0.15900995 -1.164205 -0.08462878
0.16278845 -1.4188088 -0.08114275
0.1753509 -1.5242959 -0.07796108
0.16132642 -0.7356375 -0.08948745
0.15800536 -1.1774981 -0.08356175
0.16167362 -1.4310343 -0.08039925
0.17434278 -1.5355656 -0.07755136
0.16099115 -0.7450025 -0.088535056
0.15694858 -1.1908424 -0.0824251
0.1605339 -1.4431659 -0.07963745
0.17328995 -1.5467579 -0.077168226
0.160628 -0.7548453 -0.08748618
0.15583824 -1.2042123 -0.081218295
0.15936948 -1.4551972 -0.07885841
0.17219204 -1.5578432 -0.07681348
0.16023609 -0.7651953 -0.086331315
0.15467353 -1.2175813 -0.079942316
0.15818053 -1.4671228 -0.078063555
0.17104948 -1.5687904 -0.076488465
0.15981518 -0.7760863 -0.08505909
0.15345415 -1.2309238 -0.0786003
0.15696722 -1.4789386 -0.07725459
0.16986345 -1.5795696 -0.076193735
0.15936677 -0.7875601 -0.0836568
0.1521802 -1.2442151 -0.07719862
0.15572995 -1.4906416 -0.07643347
0.16863579 -1.5901519 -0.07592841
0.15889153 -0.79966724 -0.082102776
0.15085182 -1.2574339 -0.075748734
0.1544693 -1.5022299 -0.07560232
0.16736838 -1.6005127 -0.07568874
0.15839283 -0.8124837 -0.08037238
0.14946933 -1.2705611 -0.07426984
0.15318651 -1.5137024 -0.07476271
0.16606295 -1.6106302 -0.07546422
0.15785253 -0.82610416 -0.07838208
0.14803289 -1.2835847 -0.07279579
0.15188332 -1.5250624 -0.07391768
0.16472037 -1.6204927 -0.07523493
0.15724115 -0.8407406 -0.07605088
0.14654338 -1.2964829 -0.071372576
0.15056159 -1.5363033 -0.073064454
0.16334057 -1.6300797 -0.074953385
0.15631652 -0.85680044 -0.07274643
0.14500657 -1.3092878 -0.07006655
0.14922613 -1.5474637 -0.072205566
0.16192852 -1.6394398 -0.074560896
0.17190139 -0.26930586 -0.10487992
0.17222378 -0.24334429 -0.104647756
0.17197913 -0.27740785 -0.10434683
0.1713352 -0.30965614 -0.10364451
0.17027344 -0.28158164 -0.10361165
0.17015065 -0.3116968 -0.10319328
0.17021234 -0.3405102 -0.10272909
0.17097256 -0.36863002 -0.10231562
0.16827677 -0.3368033 -0.10229683
0.16874662 -0.36336368 -0.1020422
0.16963808 -0.39047775 -0.10182038
0.16642696 -0.35268766 -0.10170181
0.16714704 -0.37813243 -0.10156393
0.16813596 -0.40502277 -0.101436906
0.16942266 -0.43372333 -0.10133051
0.16560033 -0.3847362 -0.10122273
0.166629 -0.41217023 -0.10113179
0.16785134 -0.4418985 -0.10104353
0.1642157 -0.38333556 -0.10094046
0.16522287 -0.4119654 -0.10085577
0.1663723 -0.44326591 -0.10076337
0.16764398 -0.47738993 -0.10066315
0.16397111 -0.40449917 -0.10057015
0.16503029 -0.43784562 -0.100464806
0.16618404 -0.47432262 -0.10034388
0.16290295 -0.38978466 -0.10025114
0.16385213 -0.42559364 -0.10013141
0.1648861 -0.4648637 -0.099990375
0.16597347 -0.5077173 -0.099821255
0.16285674 -0.40633985 -0.099753
0.16377077 -0.44884515 -0.09959404
0.1647312 -0.49534452 -0.09939932
0.1620664 -0.3797503 -0.09932001
0.16285846 -0.42596662 -0.09914382
0.163703 -0.47668973 -0.0989217
0.1645356 -0.532072 -0.09863592
0.16216941 -0.3957753 -0.09861782
0.16292422 -0.45140705 -0.09835871
0.16364045 -0.5124041 -0.098013
0.16172455 -0.35765418 -0.09797001
0.16243939 -0.41904324 -0.09764966
0.16308102 -0.48670974 -0.09720467
0.16349904 -0.56076294 -0.096588284
0.16230835 -0.37909052 -0.09667104
0.16297947 -0.45478007 -0.09604568
0.16318896 -0.5380126 -0.095164284
0.16263996 -0.33126605 -0.09516303
0.16357799 -0.41672257 -0.09417915
0.16353565 -0.5109987 -0.09280779
0.16247723 -0.61354446 -0.091001876
0.16546932 -0.37416452 -0.09073694
0.16510598 -0.48109597 -0.08837259
0.16248113 -0.5968433 -0.08560762
0.1701383 -0.33480301 -0.08358114
0.16967912 -0.45472586 -0.07885383
0.16511787 -0.5809085 -0.07376807
0.21723792 -1.0640044 -0.10944961
0.21645534 -0.98263186 -0.10897555
0.21608159 -1.0421458 -0.10865046
0.2155639 -1.1009356 -0.108548984
0.21471864 -1.0212729 -0.10844294
0.2143442 -1.0772218 -0.10798326
0.21376345 -1.1321406 -0.10777244
0.21299587 -1.1866499 -0.1076424
0.21272838 -1.1060041 -0.1072522
0.212054 -1.1574701 -0.106866054
0.2111948 -1.207859 -0.106589854
0.21133602 -1.1301153 -0.10626096
0.21057512 -1.1781466 -0.10572037
0.20964636 -1.2245435 -0.10527034
0.20865218 -1.2694855 -0.1048228
0.20928425 -1.1956575 -0.10429267
0.20832483 -1.2381126 -0.10366972
0.20725502 -1.2785628 -0.103082515
0.20810284 -1.2112961 -0.10263898
0.20718887 -1.2498627 -0.101847626
0.2061206 -1.2859089 -0.1011032
0.20513874 -1.3195213 -0.10034865
0.20617855 -1.2609385 -0.09980149
0.20516662 -1.2926549 -0.098882325
0.20410787 -1.3213946 -0.097995766
0.20521061 -1.2723755 -0.0975865
0.2043424 -1.2998537 -0.09648831
0.20333369 -1.3237673 -0.095446184
0.20254079 -1.3442372 -0.09441485
0.20358732 -1.308515 -0.09390827
0.20270069 -1.3276722 -0.09268154
0.20182528 -1.3427427 -0.091515765
0.2028045 -1.3196194 -0.09121806
0.20214774 -1.3341476 -0.08981268
0.20137423 -1.3438666 -0.088503525
0.20094661 -1.3490028 -0.08724933
0.20158902 -1.3442292 -0.08682404
0.20101435 -1.3487291 -0.0853518
0.2005449 -1.3479197 -0.08400495
0.20088932 -1.3589122 -0.083854266
0.20062321 -1.3584349 -0.08227453
0.20037802 -1.3518641 -0.08089083
0.20062576 -1.339842 -0.079634376
0.20005694 -1.3739978 -0.07923108
0.2001453 -1.3619345 -0.07787908
0.20063792 -1.3441358 -0.07678807
0.19908784 -1.3963206 -0.07644393
0.19950989 -1.3789212 -0.07531141
0.20060971 -1.3558087 -0.07464408
0.20229758 -1.3290387 -0.07409983
0.19828285 -1.4033376 -0.07292728
0.20015983 -1.374885 -0.07306036
0.20279106 -1.3453234 -0.07324603
0.1959708 -1.4359261 -0.07103853
0.19883376 -1.4009112 -0.07241495
0.20264712 -1.3696338 -0.07292098
0.22310643 -0.8593816 -0.1115954
0.22743356 -0.94457144 -0.11212928
0.22912367 -0.8637285 -0.11298789
0.22879133 -0.7812961 -0.11341859
0.23542385 -0.8592907 -0.11415471
0.23480535 -0.77425957 -0.11419929
0.23335774 -0.6927771 -0.114096634
0.23153435 -0.61636287 -0.113880455
0.23905903 -0.6725392 -0.11447551
0.23665173 -0.5956636 -0.11426721
0.23411189 -0.52501744 -0.11405779
0.24162336 -0.5634413 -0.114399694
0.23854052 -0.49411568 -0.11423718
0.23544474 -0.43155646 -0.11410607
0.23238751 -0.3757525 -0.11401147
0.23912106 -0.3930231 -0.11421155
0.23566085 -0.34030914 -0.11418622
0.2322865 -0.29444012 -0.114204094
0.23860672 -0.29710755 -0.114300415
0.23496504 -0.25553676 -0.11439491
0.23145047 -0.22074369 -0.11453521
0.22806343 -0.19253066 -0.11472439
0.2335989 -0.18119863 -0.11479159
0.230105 -0.158322 -0.11506295
0.22678018 -0.14180233 -0.11538278
0.23181753 -0.12092244 -0.1154183
0.22850193 -0.11056568 -0.115829885
0.22539178 -0.10624707 -0.116288655
0.22247231 -0.107690334 -0.116797544
0.22690967 -0.08061083 -0.11687128
0.22415945 -0.08880835 -0.117478706
0.22163847 -0.10233234 -0.118133835
0.22560795 -0.07137677 -0.11821932
0.22335826 -0.09223448 -0.11898689
0.22137733 -0.11788689 -0.11979943
0.21963155 -0.14798926 -0.12065743
0.2232724 -0.119119175 -0.12084674
0.22196384 -0.15677895 -0.12183059
0.22094266 -0.19821534 -0.122854285
0.22419418 -0.17195801 -0.123093046
0.22367136 -0.22133493 -0.12426603
0.2235169 -0.27367285 -0.12547196
0.22363801 -0.32855475 -0.12669635
0.22676742 -0.3138558 -0.12714873
0.22759625 -0.37643576 -0.12855905
0.22884314 -0.44051474 -0.12996104
0.23153144 -0.4367167 -0.13052444
0.2333932 -0.5085997 -0.13216534
0.23589684 -0.5806776 -0.1337561
0.23883635 -0.65277064 -0.13520597
0.24118285 -0.6722586 -0.13628258
0.2448233 -0.7508544 -0.13804519
0.24936466 -0.82824033 -0.139588
0.25173262 -0.8682602 -0.14054184
0.2560911 -0.9522308 -0.14219175
0.2611509 -1.0349091 -0.14367187
0.17539494 -0.22262506 -0.10563306
0.1913208 -0.3051949 -0.10602854
0.20457618 -0.4196603 -0.10770364
0.21683195 -0.5881895 -0.10971994
0.17527385 -0.21145949 -0.10582459
0.19127595 -0.2950672 -0.106266424
0.20459461 -0.40818417 -0.10786996
0.21701694 -0.5738627 -0.10987731
0.17517614 -0.20078038 -0.106013194
0.19121039 -0.285056 -0.10650544
0.20459694 -0.39679486 -0.10804322
0.2171837 -0.5595011 -0.110042356
0.17509411 -0.19052951 -0.1062073
0.19112357 -0.27517503 -0.106746055
0.20458218 -0.38550004 -0.10822207
0.2173309 -0.54511905 -0.11021094
0.17501868 -0.18067066 -0.10641369
0.19101599 -0.26544133 -0.10698878
0.20455095 -0.3743108 -0.10840562
0.21745807 -0.53073245 -0.11037947
0.174941 -0.17118044 -0.1066322
0.19088784 -0.25587216 -0.10723338
0.20450316 -0.36323798 -0.108592525
0.21756448 -0.51635784 -0.110545516
0.17485479 -0.16204579 -0.106862225
0.19073957 -0.24648531 -0.10747955
0.20443892 -0.35229343 -0.108781874
0.21764962 -0.5020126 -0.11070769
0.17475578 -0.15326007 -0.10710246
0.19057177 -0.23729827 -0.10772678
0.20435826 -0.34148923 -0.10897282
0.21771318 -0.48771447 -0.110865176
0.17464137 -0.14482124 -0.107351586
0.19038522 -0.22832814 -0.107974544
0.20426123 -0.33083764 -0.109164715
0.21775497 -0.47348106 -0.111017615
0.17451012 -0.13673033 -0.10760827
0.19018082 -0.21959142 -0.10822235
0.20414789 -0.32035118 -0.10935705
0.21777494 -0.45933017 -0.11116491
0.17436142 -0.12899055 -0.10787132
0.18995963 -0.21110395 -0.1084698
0.20401835 -0.31004253 -0.10954946
0.21777314 -0.44527945 -0.111307174
0.17419523 -0.121606626 -0.108139604
0.18972276 -0.20288068 -0.108716585
0.20387277 -0.29992446 -0.10974167
0.21774969 -0.43134642 -0.11144462
0.17401187 -0.11458438 -0.10841216
0.1894714 -0.19493578 -0.10896251
0.20371133 -0.2900099 -0.10993348
0.21770471 -0.41754854 -0.11157757
0.17381196 -0.10793037 -0.10868814
0.1892067 -0.18728258 -0.109207496
0.20353432 -0.2803118 -0.11012479
0.21763846 -0.4039032 -0.1117064
0.17359634 -0.10165167 -0.1089668
0.1889299 -0.17993355 -0.109451525
0.20334207 -0.27084315 -0.11031554
0.2175512 -0.39042768 -0.111831516
0.17336595 -0.0957557 -0.1092475
0.1886421 -0.17290047 -0.10969464
0.20313492 -0.26161706 -0.110505715
0.21744317 -0.3771393 -0.11195337
0.17312182 -0.090250045 -0.109529704
0.18834443 -0.16619441 -0.10993693
0.20291334 -0.2526465 -0.110695355
0.21731472 -0.36405528 -0.11207242
0.17286514 -0.08514241 -0.10981296
0.18803796 -0.15982588 -0.11017854
0.20267785 -0.24394457 -0.11088453
0.2171662 -0.35119295 -0.112189166
0.17259704 -0.08044045 -0.1100969
0.1877237 -0.15380482 -0.110419616
0.20242898 -0.23552415 -0.11107334
0.216998 -0.33856958 -0.112304084
0.17231879 -0.07615175 -0.110381246
0.18740262 -0.14814073 -0.11066034
0.20216738 -0.22739811 -0.111261904
0.21681064 -0.32620242 -0.1124177
0.17203164 -0.07228377 -0.11066576
0.18707569 -0.14284271 -0.11090087
0.20189369 -0.21957923 -0.1114504
0.21660459 -0.31410876 -0.1125305
0.17173688 -0.06884375 -0.1109503
0.18674381 -0.13791952 -0.11114139
0.20160864 -0.21208012 -0.11163896
0.21638045 -0.30230588 -0.11264299
0.1714358 -0.06583873 -0.11123476
0.18640788 -0.13337961 -0.1113821
0.20131302 -0.20491326 -0.11182782
0.21613884 -0.290811 -0.11275568
0.17112972 -0.06327549 -0.11151908
0.18606877 -0.12923115 -0.11162315
0.2010076 -0.19809091 -0.11201717
0.21588045 -0.27964127 -0.11286905
0.17081994 -0.06116056 -0.11180326
0.18572737 -0.12548213 -0.11186476
0.20069326 -0.19162522 -0.11220723
0.21560605 -0.26881382 -0.112983584
0.17050776 -0.05950016 -0.11208734
0.18538454 -0.122140236 -0.11210709
0.2003709 -0.18552807 -0.11239825
0.21531649 -0.2583456 -0.11309978
0.17019449 -0.05830025 -0.112371355
0.18504117 -0.11921301 -0.11235034
0.2000414 -0.17981118 -0.11259047
0.21501262 -0.24825351 -0.11321809
0.16988142 -0.057566468 -0.112655416
0.18469812 -0.11670775 -0.11259467
0.19970575 -0.17448601 -0.11278415
0.21469541 -0.23855421 -0.11333898
0.16956984 -0.057304185 -0.11293963
0.1843563 -0.114631616 -0.11284029
0.19936492 -0.16956381 -0.11297956
0.21436587 -0.22926427 -0.11346289
0.16926101 -0.057518452 -0.11322414
0.1840166 -0.112991534 -0.11308737
0.1990199 -0.16505559 -0.11317698
0.21402507 -0.22039998 -0.11359025
0.16895619 -0.058214054 -0.11350909
0.18367994 -0.11179425 -0.11333611
0.19867174 -0.16097207 -0.113376684
0.21367411 -0.21197742 -0.1137215
0.16865665 -0.059395473 -0.11379465
0.18334725 -0.111046314 -0.1135867
0.1983215 -0.15732381 -0.11357896
0.21331422 -0.20401244 -0.11385703
0.16836359 -0.06106692 -0.11408099
0.18301947 -0.1107541 -0.11383933
0.19797027 -0.15412103 -0.11378409
0.2129466 -0.19652055 -0.11399726
0.16807826 -0.063232325 -0.1143683
0.18269758 -0.11092376 -0.11409419
0.19761913 -0.15137374 -0.11399236
0.21257252 -0.18951707 -0.11414257
0.16780184 -0.065895356 -0.11465676
0.18238251 -0.11156124 -0.11435149
0.19726919 -0.14909166 -0.11420408
0.21219334 -0.18301688 -0.11429334
0.16753556 -0.06905941 -0.11494658
0.18207529 -0.112672284 -0.11461142
0.1969216 -0.14728422 -0.11441951
0.2118104 -0.17703457 -0.114449926
0.16728057 -0.07272763 -0.11523795
0.18177691 -0.1142624 -0.11487418
0.19657753 -0.14596064 -0.11463896
0.21142514 -0.1715844 -0.11461268
0.16703805 -0.07690291 -0.115531065
0.18148836 -0.116336904 -0.11513997
0.19623813 -0.14512978 -0.11486271
0.21103898 -0.1666802 -0.11478196
0.16680916 -0.081587896 -0.11582614
0.1812107 -0.11890084 -0.115408994
0.1959046 -0.14480028 -0.11509103
0.21065342 -0.16233544 -0.11495809
0.16659503 -0.086785 -0.11612336
0.18094493 -0.12195906 -0.11568147
0.19557811 -0.14498043 -0.11532422
0.21026999 -0.1585632 -0.1151414
0.1663968 -0.0924964 -0.116422944
0.18069214 -0.12551615 -0.11595758
0.19525993 -0.14567828 -0.11556255
0.2098902 -0.1553761 -0.115332186
0.1662156 -0.09872403 -0.11672507
0.18045333 -0.12957644 -0.116237536
0.19495124 -0.14690155 -0.11580628
0.20951565 -0.15278639 -0.11553076
0.16605252 -0.10546959 -0.117029935
0.18022959 -0.13414402 -0.11652154
0.1946533 -0.14865765 -0.1160557
0.2091479 -0.15080585 -0.11573741
0.1659087 -0.11273461 -0.11733773
0.18002199 -0.13922276 -0.11680979
0.19436738 -0.15095368 -0.11631105
0.20878859 -0.14944579 -0.115952425
0.16578518 -0.12052032 -0.11764865
0.17983156 -0.1448162 -0.11710249
0.1940947 -0.15379642 -0.116572596
0.20843934 -0.14871712 -0.11617607
0.16568306 -0.12882784 -0.11796288
0.17965941 -0.15092771 -0.117399834
0.19383654 -0.15719236 -0.11684059
0.20810178 -0.14863026 -0.11640862
0.16560343 -0.13765793 -0.11828058
0.17950661 -0.15756026 -0.11770202
0.1935942 -0.1611476 -0.11711528
0.20777757 -0.14919516 -0.11665031
0.16554734 -0.1470113 -0.11860193
0.17937425 -0.1647167 -0.11800923
0.19336896 -0.16566794 -0.117396906
0.20746839 -0.1504213 -0.11690141
0.16551581 -0.15688835 -0.1189271
0.17926335 -0.17239954 -0.11832167
0.19316207 -0.17075886 -0.1176857
0.2071759 -0.15231772 -0.11716215
0.16550991 -0.16728929 -0.11925625
0.17917503 -0.18061095 -0.11863951
0.19297485 -0.17642547 -0.11798188
0.20690177 -0.15489294 -0.11743276
0.16553065 -0.1782141 -0.11958953
0.17911036 -0.1893529 -0.11896293
0.1928086 -0.1826725 -0.11828568
0.2066477 -0.15815496 -0.11771346
0.1655791 -0.18966262 -0.11992709
0.17907038 -0.19862707 -0.11929211
0.1926646 -0.18950438 -0.11859731
0.20641536 -0.16211143 -0.118004456
0.1656562 -0.20163448 -0.12026908
0.17905617 -0.20843488 -0.11962723
0.19254413 -0.19692518 -0.118916966
0.2062064 -0.16676939 -0.11830596
0.16576299 -0.21412902 -0.12061564
0.17906876 -0.21877736 -0.11996844
0.19244851 -0.20493855 -0.119244866
0.20602252 -0.17213543 -0.11861817
0.16590048 -0.22714542 -0.12096688
0.17910923 -0.22965534 -0.1203159
0.19237904 -0.21354778 -0.1195812
0.20586537 -0.17821567 -0.118941255
0.16606961 -0.24068277 -0.121322945
0.17917857 -0.2410694 -0.12066978
0.19233698 -0.2227559 -0.119926155
0.20573659 -0.18501578 -0.1192754
0.1662714 -0.25473967 -0.12168395
0.17927784 -0.2530197 -0.12103022
0.19232361 -0.23256533 -0.1202799
0.20563787 -0.19254085 -0.11962077
0.16650678 -0.26931491 -0.122049995
0.17940804 -0.2655063 -0.12139736
0.19234024 -0.2429784 -0.12064263
0.20557079 -0.20079564 -0.11997753
0.16677673 -0.28440675 -0.1224212
0.17957018 -0.27852884 -0.12177134
0.1923881 -0.25399682 -0.12101451
0.20553699 -0.2097843 -0.120345816
0.16708216 -0.30001336 -0.12279767
0.17976522 -0.2920867 -0.12215229
0.19246846 -0.265622 -0.12139569
0.20553805 -0.21951059 -0.12072577
0.16742404 -0.31613266 -0.12317948
0.17999414 -0.30617893 -0.12254033
0.19258258 -0.27785486 -0.12178633
0.20557553 -0.22997773 -0.121117525
0.16780326 -0.33276245 -0.123566754
0.18025789 -0.32080445 -0.12293558
0.1927317 -0.2906961 -0.12218658
0.205651 -0.2411886 -0.12152118
0.16822076 -0.34990028 -0.12395956
0.18055739 -0.3359618 -0.12333814
0.19291702 -0.3041459 -0.12259657
0.20576598 -0.25314558 -0.12193685
0.16867742 -0.36754337 -0.124358
0.18089354 -0.3516492 -0.12374812
0.19313976 -0.31820396 -0.12301643
0.20592196 -0.26585057 -0.12236463
0.16917415 -0.38568884 -0.124762155
0.18126726 -0.36786464 -0.12416562
0.19340114 -0.3328696 -0.1234463
0.20612043 -0.279305 -0.122804604
0.16971183 -0.40433362 -0.12517211
0.18167938 -0.38460603 -0.12459072
0.1937023 -0.34814185 -0.12388628
0.20636281 -0.29351014 -0.12325684
0.17029132 -0.42347422 -0.12558794
0.18213077 -0.40187064 -0.1250235
0.19404443 -0.36401904 -0.12433647
0.20665054 -0.3084664 -0.123721406
0.17091346 -0.44310725 -0.12600975
0.18262224 -0.41965592 -0.12546405
0.19442862 -0.3804994 -0.12479698
0.20698498 -0.32417428 -0.12419836
0.17157912 -0.4632288 -0.12643762
0.18315457 -0.43795878 -0.12591241
0.19485602 -0.39758047 -0.12526788
0.2073675 -0.34063357 -0.124687746
0.1722891 -0.48383474 -0.12687166
0.18372853 -0.45677584 -0.12636869
0.19532767 -0.41525936 -0.12574925
0.20779939 -0.35784367 -0.1251896
0.17304425 -0.5049211 -0.12731197
0.18434489 -0.47610384 -0.1268329
0.19584465 -0.43353298 -0.12624113
0.20828198 -0.37580383 -0.12570398
0.17384532 -0.526483 -0.12775867
0.18500434 -0.49593884 -0.12730512
0.19640796 -0.4523975 -0.12674357
0.20881653 -0.39451268 -0.12623091
0.17469312 -0.5485159 -0.12821187
0.18570757 -0.5162769 -0.1277854
0.19701858 -0.47184873 -0.1272566
0.2094043 -0.4139685 -0.1267704
0.1755884 -0.57101494 -0.12867174
0.18645528 -0.53711396 -0.12827377
0.19767742 -0.49188223 -0.12778023
0.21004653 -0.4341694 -0.12732255
0.1765319 -0.59397477 -0.12913841
0.18724807 -0.5584455 -0.12877028
0.19838536 -0.512493 -0.12831445
0.21074446 -0.45511281 -0.12788737
0.17752434 -0.6173901 -0.12961209
0.1880866 -0.5802669 -0.12927498
0.19914323 -0.5336757 -0.12885925
0.21149929 -0.47679585 -0.12846494
0.17856643 -0.6412554 -0.13009296
0.18897144 -0.6025734 -0.12978789
0.19995181 -0.5554246 -0.12941457
0.21231231 -0.49921528 -0.12905532
0.17965883 -0.6655647 -0.13058127
0.1899032 -0.6253596 -0.13030908
0.20081182 -0.57773346 -0.12998037
0.21318474 -0.52236694 -0.12965864
0.18080218 -0.69031227 -0.13107726
0.19088241 -0.6486205 -0.13083857
0.20172386 -0.6005961 -0.13055658
0.21411791 -0.5462466 -0.130275
0.18199712 -0.71549183 -0.13158123
0.19190964 -0.6723501 -0.13137643
0.20268854 -0.62400556 -0.13114312
0.21511313 -0.5708488 -0.13090454
0.18324426 -0.74109715 -0.13209347
0.1929854 -0.6965428 -0.13192272
0.20370638 -0.647955 -0.1317399
0.2161718 -0.59616756 -0.13154745
0.18454416 -0.767122 -0.13261437
0.1941102 -0.72119236 -0.13247752
0.2047778 -0.6724372 -0.13234685
0.21729535 -0.62219596 -0.13220389
0.18589738 -0.79355973 -0.13314432
0.19528453 -0.7462921 -0.13304092
0.20590319 -0.6974447 -0.1329639
0.21848524 -0.64892566 -0.13287403
0.18730444 -0.8204039 -0.1336837
0.19650885 -0.77183527 -0.13361304
0.20708284 -0.72296983 -0.13359095
0.21974295 -0.67634726 -0.13355806
0.18876584 -0.84764826 -0.13423301
0.19778362 -0.7978149 -0.13419403
0.20831701 -0.7490053 -0.13422802
0.22107004 -0.7044501 -0.1342561
0.190282 -0.87528604 -0.13479275
0.19910918 -0.82422304 -0.13478406
0.20960586 -0.775543 -0.1348751
0.22246784 -0.73322135 -0.13496819
0.19185336 -0.9033108 -0.13536346
0.20048594 -0.8510518 -0.13538335
0.21094956 -0.80257493 -0.13553225
0.22393773 -0.7626468 -0.13569434
0.19348016 -0.931717 -0.13594578
0.20191415 -0.87829345 -0.13599212
0.21234818 -0.8300939 -0.13619962
0.22548075 -0.7927112 -0.13643447
0.19516253 -0.9604979 -0.13654044
0.20339404 -0.90593845 -0.13661063
0.21380183 -0.85809124 -0.13687742
0.22709772 -0.82339615 -0.13718837
0.19690022 -0.98964894 -0.13714823
0.2049257 -0.9339785 -0.13723902
0.21531054 -0.8865596 -0.13756599
0.22878899 -0.8546833 -0.13795598
0.1986924 -1.019165 -0.13777052
0.20650917 -0.9624041 -0.13787743
0.21687444 -0.9154908 -0.13826573
0.23055452 -0.8865524 -0.13873734
0.20053722 -1.0490437 -0.13840821
0.20814435 -0.99120617 -0.13852564
0.2184936 -0.9448772 -0.13897713
0.23239377 -0.91898286 -0.139533
0.20243026 -1.0792822 -0.13906641
0.20983104 -1.0203754 -0.13918313
0.22016816 -0.9747108 -0.13970092
0.23430575 -0.9519534 -0.14034453
0.20436594 -1.1098872 -0.13974239
0.21156918 -1.0499024 -0.13984846
0.22189862 -1.0049834 -0.1404373
0.23628947 -0.98544246 -0.1411745
0.20632501 -1.1408535 -0.14047593
0.21335837 -1.07978 -0.14052011
0.22368494 -1.0356895 -0.14118783
0.23834334 -1.0194305 -0.14202848
0.20830923 -1.172246 -0.14119802
0.21519978 -1.1099981 -0.14119372
0.22552925 -1.0668194 -0.14195088
0.24046834 -1.0538986 -0.14291151
0.17223616 -0.17104807 -0.10494158
0.1734331 -0.18847615 -0.10466135
0.17286815 -0.15636802 -0.10515995
0.17171597 -0.12510206 -0.10577489
0.17234176 -0.1437013 -0.10613007
0.17156816 -0.11455055 -0.106642835
0.1702303 -0.08623867 -0.1073415
0.16837302 -0.058524672 -0.108136185
0.17047793 -0.08311058 -0.10833583
0.168699 -0.058371454 -0.10901174
0.16657022 -0.034879014 -0.10976534
0.16964912 -0.06222825 -0.109949164
0.167415 -0.04195584 -0.110597976
0.16501953 -0.023489937 -0.111311324
0.162425 -0.006925887 -0.11205362
0.16640383 -0.03689559 -0.11210108
0.16380636 -0.024073578 -0.11278942
0.16112086 -0.013553715 -0.11350755
0.16567789 -0.043110643 -0.11355579
0.16297087 -0.036394354 -0.11423264
0.16025801 -0.0322676 -0.1149438
0.15753645 -0.030793091 -0.11567544
0.162561 -0.06029336 -0.11567588
0.15989566 -0.06281211 -0.116393834
0.1572609 -0.06815519 -0.11713592
0.16264102 -0.09565676 -0.11715297
0.16010176 -0.10499111 -0.117887445
0.15763192 -0.117259234 -0.11865171
0.15523577 -0.13248178 -0.119437486
0.16095033 -0.15863518 -0.11945223
0.15871678 -0.17787476 -0.12024688
0.156568 -0.2001132 -0.12106582
0.1625234 -0.22357485 -0.12111363
0.16059461 -0.24977387 -0.12194247
0.1587709 -0.27898306 -0.12280039
0.15705742 -0.3112046 -0.12368112
0.16334775 -0.33270213 -0.123757005
0.16191278 -0.36878714 -0.124655634
0.16058427 -0.40786994 -0.12557918
0.16706344 -0.4263465 -0.12570815
0.1660772 -0.46915504 -0.12664415
0.1652021 -0.5149377 -0.12760995
0.16445394 -0.56370014 -0.12860036
0.17135029 -0.5796107 -0.12878065
0.17098178 -0.6318633 -0.1297842
0.17072473 -0.6870719 -0.13081706
0.17781866 -0.69954544 -0.13109076
0.17800432 -0.7579334 -0.13212495
0.17830105 -0.81923765 -0.13320245
0.17877842 -0.8834008 -0.13432372
0.18632779 -0.89230645 -0.13468455
0.187203 -0.9591765 -0.13583367
0.18838015 -1.0285304 -0.13709281
0.19598219 -1.034264 -0.1375395
0.19736193 -1.1061147 -0.13886675
0.19940005 -1.1792324 -0.14049143
0.21698427 -1.349094 -0.14527047
0.2807976 -2.1033847 -0.16019197
0.35491145 -2.846198 -0.1763831
0.23757385 -1.6065754 -0.15012904
0.30368045 -2.3542962 -0.16556832
0.38206553 -3.095599 -0.18179148
0.25788924 -1.8600695 -0.15515518
0.3279953 -2.6044917 -0.17095588
0.2159351 -1.3563155 -0.14522171
0.2794383 -2.1119418 -0.16034125
0.35370687 -2.8540704 -0.17634197
0.23562795 -1.6137688 -0.15037642
0.3023954 -2.3627694 -0.16561963
0.38080812 -3.1031172 -0.18175241
0.25622144 -1.8679378 -0.15534411
0.32673427 -2.6127586 -0.170952
0.21453089 -1.3632717 -0.14509615
0.27798614 -2.1201904 -0.1604341
0.35244066 -2.86205 -0.17631437
0.23393682 -1.6205653 -0.15041383
0.30105412 -2.371135 -0.16564582
0.3795147 -3.110788 -0.18173039
0.25461894 -1.8754126 -0.15542051
0.32544675 -2.6210275 -0.17094374
0.2130717 -1.3702216 -0.14499871
0.27653474 -2.1282315 -0.16047035
0.35116768 -2.8700824 -0.17629562
0.23235606 -1.6273632 -0.15037274
0.29971904 -2.3794332 -0.16564557
0.37823108 -3.118539 -0.18171972
0.25307596 -1.8827692 -0.15541452
0.32418156 -2.629294 -0.17092854
0.21159439 -1.3772082 -0.1449386
0.27511752 -2.1362069 -0.16045348
0.3499309 -2.8781323 -0.1762813
0.23082499 -1.6342639 -0.1503184
0.2984327 -2.3877246 -0.16561775
0.37699738 -3.1263127 -0.18171501
0.09567558 -1.4638767 -0.02996977
0.12885436 -1.1190947 -0.05346848
0.1565746 -0.7715732 -0.061701033
0.10756076 -1.3395144 -0.038047962
0.13929103 -0.99318635 -0.0580669
0.08209943 -1.5670195 -0.017256754
0.11912968 -1.2139773 -0.045203257
0.14982258 -0.8644205 -0.061340615
0.09500161 -1.441268 -0.02646843
0.13043445 -1.0868218 -0.051343992
0.16018252 -0.73096377 -0.06222447
0.107522056 -1.3147146 -0.034890816
0.14152072 -0.9576518 -0.056346618
0.08069596 -1.5470561 -0.013350027
0.119731754 -1.1867595 -0.04242782
0.15239054 -0.8260749 -0.059970137
0.094105594 -1.4197171 -0.022785487
0.13166668 -1.0569273 -0.048980843
0.1626389 -0.6923922 -0.06163807
0.10716602 -1.2914052 -0.031519268
0.14330904 -0.924909 -0.054424103
0.07912243 -1.5275983 -0.00939059
0.11994879 -1.1614596 -0.03941955
0.15452011 -0.7907457 -0.0585308
0.09293337 -1.3990996 -0.018937124
0.13247809 -1.0293686 -0.046378348
0.16485353 -0.65562725 -0.06086543
0.10644633 -1.269486 -0.027946826
0.1447021 -0.89484054 -0.052279636
0.17350687 -0.5236699 -0.061640494
0.11973241 -1.1379958 -0.03619262
0.15641777 -0.7580746 -0.056941397
0.09145745 -1.3792866 -0.014954176
0.13280295 -1.0040749 -0.043549113
0.16712633 -0.6205456 -0.060018245
0.1052913 -1.2488432 -0.024197713
0.1455823 -0.8673906 -0.049907777
0.1759786 -0.48620102 -0.061274596
0.13098647 -1.1344664 -0.057745866
0.10199112 -1.4586198 -0.037850928
0.06501909 -1.7984201 -0.006342312
0.122516885 -1.2502617 -0.05282433
0.09128168 -1.5763773 -0.029690463
0.13888359 -1.058693 -0.061150685
0.113398425 -1.3653709 -0.04693775
0.080087975 -1.6937776 -0.020532956
0.13134325 -1.1685961 -0.058488466
0.103785686 -1.4799149 -0.040113136
0.06840949 -1.8108474 -0.010023018
0.12335972 -1.2788898 -0.05410109
0.09369329 -1.5941141 -0.032360334
0.14055358 -1.0913672 -0.06017144
0.11485841 -1.3893857 -0.048639096
0.08310914 -1.708096 -0.0236251
0.13239181 -1.1992589 -0.0586534
0.10583085 -1.499915 -0.042221926
0.07203702 -1.8218384 -0.013679299
0.124616034 -1.3054138 -0.05506583
0.09630771 -1.6104401 -0.03487784
0.14287344 -1.1145012 -0.061942287
0.11655434 -1.4116861 -0.050138522
0.08629312 -1.720955 -0.026578426
0.13438997 -1.2231808 -0.059021167
0.108043924 -1.5182898 -0.044160683
0.07578994 -1.8313615 -0.017183127
0.12646598 -1.3278568 -0.055842794
0.099051245 -1.6251684 -0.03723148
0.064815946 -1.9414833 -0.0062623355
0.11859382 -1.4312303 -0.05143405
0.08957149 -1.7322258 -0.029365594
0.13682894 -1.2405673 -0.06043685
0.11045657 -1.5344932 -0.045918986
0.07960611 -1.8393234 -0.020490453
0.12888178 -1.3449975 -0.05685954
0.10191761 -1.6379809 -0.0394147
0.069165364 -1.9462749 -0.010358061
0.121064596 -1.4469173 -0.052685395
0.09292521 -1.7417129 -0.031976644
0.13937415 -1.2530985 -0.06300662
0.11314708 -1.5477971 -0.0475497
0.083462924 -1.8455766 -0.02358884
0.13162285 -1.3571602 -0.058427162
0.10495076 -1.6484382 -0.0414466
0.07353039 -1.9494101 -0.014118319
0.12390875 -1.4582903 -0.05412453
0.096373774 -1.7491385 -0.034419436
0.06312719 -2.053049 -0.0032402552
0.11614294 -1.5576285 -0.049180347
0.08736706 -1.8499347 -0.02648474
0.13451134 -1.3652898 -0.06060816
0.10819501 -1.6560795 -0.043390576
0.07791107 -1.9507374 -0.017584994
0.12699056 -1.4656518 -0.055898033
0.09995255 -1.7541863 -0.036727495
0.06799596 -2.0514297 -0.007537909
0.11939406 -1.5638463 -0.050946344
0.091341875 -1.8521768 -0.029202137
0.13747907 -1.3702298 -0.06329456
0.111653194 -1.6606283 -0.045340806
0.08232149 -1.950099 -0.020798007
0.130203 -1.4696144 -0.058044367
0.103683986 -1.7565874 -0.038960896
0.072867095 -2.047913 -0.011423585
0.1228155 -1.5667201 -0.052930847
0.09541124 -1.8520981 -0.03178348
0.062953144 -2.1455684 -0.0009233384
0.115285754 -1.6620868 -0.047384124
0.08678049 -1.9473398 -0.023802763
0.13348345 -1.4707829 -0.060532637
0.10756146 -1.7562336 -0.04119106
0.077753946 -2.0423834 -0.014980029
0.12633663 -1.5666933 -0.055161975
0.09958461 -1.8495625 -0.03428502
0.06829856 -2.1372457 -0.005227251
0.11903558 -1.6606994 -0.04957545
0.091301724 -1.9423488 -0.026652057
0.13678412 -1.4696336 -0.06328402
0.11155372 -1.7531989 -0.043479912
0.08266857 -2.0347538 -0.018279314
0.12990607 -1.5642235 -0.057631604
0.103851594 -1.8445624 -0.036765408
0.073645554 -2.1268787 -0.009129794
0.12285257 -1.6568116 -0.05193834
0.09588659 -1.9350846 -0.029402502
0.14010198 -1.4665312 -0.066192955
0.11562 -1.7477077 -0.04586905
0.087616526 -2.024992 -0.021388127
0.13348979 -1.5596948 -0.060306042
0.10818697 -1.8372114 -0.039274383
0.07899981 -2.1144485 -0.012717047
0.12669665 -1.6507876 -0.054474335
0.10052311 -1.9256045 -0.03210777
0.06999118 -2.2035835 -0.0033885317
0.11972303 -1.7400469 -0.04838048
0.09259389 -2.0131273 -0.02436815
0.13707322 -1.5534192 -0.0631317
0.112560116 -1.8277204 -0.041847643
0.0843608 -2.0999906 -0.016069464
0.13054226 -1.6429428 -0.057168923
0.10519029 -1.9140465 -0.034812856
0.07577958 -2.1863697 -0.0072352276
0.12383214 -1.7305161 -0.05102157
0.09758808 -1.9992625 -0.027273715
0.14062977 -1.5456331 -0.066044234
0.116942525 -1.8163363 -0.04450758
0.089721195 -2.0835903 -0.019256067
0.13437213 -1.6335446 -0.05999378
0.10986424 -1.9006113 -0.037551854
0.08154925 -2.1672416 -0.010802667
0.12792726 -1.7193799 -0.05378841
0.10258116 -1.9835516 -0.030149724
0.073022716 -2.2503948 -0.0019881125
0.12131081 -1.8033134 -0.047266077
0.09506831 -2.0653827 -0.02233498
0.13817202 -1.6227967 -0.06290925
0.11452282 -1.8855175 -0.04034879
0.08729083 -2.1463287 -0.014165341
0.13199316 -1.7068669 -0.05666704
0.10755408 -1.966186 -0.033031322
0.079203 -2.2266028 -0.0057259914
0.12564903 -1.7888767 -0.050126605
0.10038685 -2.0455313 -0.02535369
0.14194831 -1.6108551 -0.065868266
0.11914822 -1.8689845 -0.04321952
0.09299222 -2.1237893 -0.017385527
0.13602269 -1.6931512 -0.059633944
0.11248969 -1.9473614 -0.03594498
0.08532889 -2.2011924 -0.009224753
0.12994568 -1.7732205 -0.053085178
0.10566172 -2.024217 -0.028349875
0.077344865 -2.2779367 -0.0010194093
0.12372814 -1.8512036 -0.046173345
0.09864079 -2.0997894 -0.020514151
0.14001612 -1.6783667 -0.06265658
0.117374696 -1.9272665 -0.03891015
0.09138969 -2.174335 -0.012547396
0.13419728 -1.7564931 -0.056130353
0.11088013 -2.001612 -0.03135284
0.08385891 -2.2480786 -0.0045945845
0.1282548 -1.832339 -0.049213905
0.10422538 -2.0744941 -0.023591988
0.1439684 -1.6625967 -0.06569415
0.122200206 -1.9060614 -0.04194074
0.09737606 -2.1461916 -0.015747802
0.13840349 -1.7388057 -0.05924289
0.11603285 -1.9778734 -0.03438518
0.090283945 -2.216966 -0.007974419
0.13272701 -1.8125132 -0.05233949
0.10973767 -2.0480478 -0.026651245
0.14790411 -1.6458806 -0.06869746
0.1269618 -1.8838797 -0.045046207
0.10328142 -2.1169035 -0.018869916
0.14256874 -1.7202222 -0.06239465
0.12111455 -1.9531277 -0.037464254
0.09661492 -2.1847446 -0.011203231
0.1371463 -1.7918154 -0.055542864
0.11517285 -2.0205698 -0.029717108
0.08968088 -2.2517905 -0.0038523313
0.13166006 -1.8608171 -0.048232123
0.109102726 -2.086579 -0.021948893
0.14670998 -1.7007645 -0.06554612
0.12612389 -1.9274731 -0.040603407
0.10285089 -2.1515245 -0.014328295
0.14152186 -1.770291 -0.058810502
0.120529726 -1.992145 -0.032809295
0.0963555 -2.2156749 -0.0070605488
0.136299 -1.8369383 -0.05150066
0.1148407 -2.0552912 -0.025012437
0.15082967 -1.680404 -0.068641335
0.13106354 -1.9009717 -0.04381279
0.10899534 -2.1173685 -0.017388673
0.14586796 -1.747946 -0.062120344
0.12581074 -1.9628253 -0.035943236
0.10292284 -2.1787164 -0.010141727
0.14088957 -1.8122687 -0.05485076
0.1204998 -2.0230708 -0.028082175
0.096561715 -2.2394736 -0.0035281715
0.13593966 -1.8736563 -0.047100008
0.115056045 -2.0822942 -0.020415848
0.15020134 -1.7247356 -0.06543612
0.1310217 -1.9326267 -0.039130908
0.10939389 -2.1409268 -0.013141197
0.14544602 -1.7867984 -0.058278106
0.12608808 -1.9899116 -0.031174844
0.10344348 -2.199149 -0.0065049627
0.14076367 -1.8455242 -0.050470706
0.121044874 -2.046272 -0.023434721
0.15456401 -1.7005504 -0.06869337
0.13617173 -1.9015322 -0.042381216
0.115784265 -2.1022651 -0.016097633
0.14999187 -1.7604691 -0.061774388
0.13161711 -1.955766 -0.03430305
0.11022356 -2.1581173 -0.009386352
0.14555004 -1.8165385 -0.053929593
0.1269777 -2.0092304 -0.026464853
0.104320794 -2.2137568 -0.0036326628
0.14127389 -1.8694878 -0.045699988
0.1221138 -2.0626445 -0.019042758
0.15456429 -1.7331622 -0.06532273
0.13710256 -1.9205467 -0.03747548
0.116924904 -2.116282 -0.012222693
0.15032223 -1.7866207 -0.057482515
0.13287476 -1.9710561 -0.029521832
0.111368544 -2.1700485 -0.0062982687
0.1463443 -1.8363978 -0.04908957
0.1284062 -2.0219386 -0.02200232
0.15920493 -1.704675 -0.06887838
0.14256486 -1.8841189 -0.040696472
0.123573914 -2.0735087 -0.015058164
0.1551105 -1.7556361 -0.061141808
0.13876185 -1.9315921 -0.03261852
0.11833552 -2.1256223 -0.008925174
0.1514054 -1.8021154 -0.05254831
0.13468929 -1.9799911 -0.024998536
0.16401854 -1.6746458 -0.07228938
0.14803079 -1.8462847 -0.04396453
0.13019954 -2.0296378 -0.017927762
0.15995975 -1.7233782 -0.06493898
0.14467213 -1.8906344 -0.035766177
0.12525313 -2.080306 -0.011573674
0.15648179 -1.766418 -0.056070294
0.14099574 -1.9366163 -0.02805299
0.119875625 -2.1315556 -0.006317455
0.15353708 -1.8067629 -0.047269937
0.13683254 -1.9845015 -0.020859938
0.16495849 -1.6894991 -0.06895291
0.15064956 -1.8479128 -0.038976073
0.13215393 -2.0339203 -0.014293643
0.16160737 -1.7289821 -0.059646744
0.14736407 -1.8916093 -0.031189831
0.12700143 -2.0843263 -0.008628992
0.15913415 -1.7651328 -0.050591826
0.14350516 -1.9379289 -0.023881365
0.17025723 -1.653405 -0.07332723
0.15675262 -1.8030866 -0.042263433
0.13906984 -1.986304 -0.017116912
0.16682395 -1.6892858 -0.063274324
0.15383877 -1.844737 -0.034438957
0.1341173 -2.0360515 -0.011080199
0.16490227 -1.7207738 -0.05389688
0.15025032 -1.8897686 -0.027020894
0.1287279 -2.0866032 -0.006247644
0.16305971 -1.7557182 -0.045658153
0.14603052 -1.9373202 -0.020066254
0.1722005 -1.6464317 -0.06699797
0.16046534 -1.7957631 -0.037841193
0.14126162 -1.9865822 -0.01370793
0.17100996 -1.6726974 -0.05715397
0.15709439 -1.839877 -0.030311447
0.13603052 -2.0369153 -0.008206837
0.16965158 -1.7053355 -0.049230102
0.1530587 -1.8868833 -0.023161516
0.17784104 -1.5983242 -0.07123575
0.16726367 -1.744458 -0.041459728
0.14847 -1.9358257 -0.01651532
0.1777832 -1.6193701 -0.060447052
0.1640293 -1.7881399 -0.03379244
0.14342245 -1.9860269 -0.010510774
0.26047263 -1.8393412 -0.15437663
0.33041233 -2.5856402 -0.17099854
0.21918416 -1.3300148 -0.14394188
0.28251547 -2.085631 -0.15986767
0.35692462 -2.831315 -0.176545
0.23961633 -1.5814689 -0.148706
0.30609864 -2.3316774 -0.16545403
0.3849374 -3.077237 -0.1820411
0.2606998 -1.8294991 -0.15419625
0.33118618 -2.5778627 -0.17108116
0.21996528 -1.3200661 -0.14397253
0.2829912 -2.07645 -0.15982184
0.3577805 -2.8243499 -0.1766927
0.23984958 -1.5706958 -0.14871848
0.30670765 -2.3232698 -0.16551335
0.38588464 -3.0711596 -0.18221773
0.26101613 -1.8194027 -0.15418258
0.33190808 -2.5703437 -0.17122276
0.22070432 -1.3105662 -0.14401706
0.28346092 -2.0672433 -0.15987471
0.3586171 -2.8178098 -0.17689463
0.24032155 -1.5602852 -0.14887172
0.3073116 -2.315048 -0.16564468
0.38684067 -3.0656595 -0.1824501
0.26145238 -1.8094366 -0.15430263
0.33264175 -2.563196 -0.17142469
0.22148193 -1.3014698 -0.14407755
0.2839856 -2.0582302 -0.16002043
0.35948485 -2.8118062 -0.17715225
0.24093668 -1.5504478 -0.14907223
0.3079592 -2.307169 -0.16584632
0.3878495 -3.060849 -0.18274091
0.26200956 -1.7999103 -0.15451248
0.3334266 -2.5565503 -0.17168641
0.22230783 -1.2927703 -0.14415516
0.28459498 -2.0496404 -0.16024724
0.36041835 -2.8064609 -0.17746598
0.24165544 -1.5412452 -0.14928971
0.30868027 -2.2998025 -0.16611506
0.38894248 -3.0568478 -0.18309149
0.26268196 -1.7910165 -0.15477717
0.33428955 -2.5505483 -0.17200702
0.22318247 -1.2844778 -0.1442486
0.2853067 -2.0416722 -0.16053924
0.3614423 -2.8019025 -0.17783599
0.24246174 -1.5327007 -0.14951628
0.3094967 -2.2931168 -0.16644526
0.3901422 -3.0537794 -0.18350212
0.2634638 -1.7828677 -0.1550755
0.3352515 -2.5453346 -0.17238459
0.22410752 -1.2766103 -0.1443562
0.28613064 -2.0344799 -0.16088109
0.36257598 -2.7982628 -0.17826165
0.24334982 -1.5248307 -0.14975059
0.31042475 -2.2872634 -0.16682933
0.39146635 -3.0517695 -0.18397203
0.26435164 -1.7755327 -0.15539628
0.3363295 -2.5410488 -0.17281571
0.22508606 -1.2691882 -0.14447641
0.28707224 -2.0281773 -0.16126075
0.36383554 -2.7956724 -0.17874126
0.2443186 -1.5176513 -0.14999285
0.31147608 -2.2823725 -0.16725928
0.39292997 -3.0509427 -0.18449938
0.26534426 -1.7690587 -0.15573387
0.3375373 -2.5378199 -0.17329574
0.22612165 -1.2622334 -0.14460789
0.28813502 -2.0228493 -0.1616698
0.36523494 -2.7942555 -0.17927188
0.24536921 -1.5111809 -0.1502435
0.3126592 -2.2785516 -0.16772774
0.39454645 -3.05142 -0.18508123
0.2664422 -1.7634827 -0.15608549
0.33888626 -2.5357637 -0.17381942
0.227218 -1.2557678 -0.14474958
0.28932193 -2.0185623 -0.16210258
0.36678633 -2.794128 -0.17984949
0.2465038 -1.5054389 -0.15050288
0.31398067 -2.2758899 -0.16822857
0.39632788 -3.053315 -0.1857136
0.267647 -1.7588366 -0.15644976
0.34038562 -2.534981 -0.1743813
0.22837877 -1.2498131 -0.14490059
0.29063585 -2.0153694 -0.1625554
0.36850032 -2.7953944 -0.18046929
0.24772513 -1.5004466 -0.15077116
0.31544593 -2.2744606 -0.1687568
0.3982853 -3.0567324 -0.18639162
0.26896107 -1.7551506 -0.15682599
0.34204322 -2.535558 -0.17497616
0.22960754 -1.2443906 -0.1450602
0.29208001 -2.0133164 -0.16302574
0.37038624 -2.7981462 -0.181126
0.24903639 -1.4962261 -0.15104844
0.31706002 -2.274326 -0.16930844
0.4004285 -3.0617638 -0.1871095
0.2703875 -1.752454 -0.15721378
0.34386602 -2.5375679 -0.17559907
0.23090789 -1.2395216 -0.14522782
0.29365814 -2.0124445 -0.16351192
0.37245232 -2.8024611 -0.18181394
0.250441 -1.4928012 -0.15133476
0.31882793 -2.2755392 -0.16988027
0.40276614 -3.0684862 -0.18786077
0.27192986 -1.7507766 -0.15761293
0.34586042 -2.541072 -0.17624545
0.2322834 -1.2352273 -0.14540295
0.29537442 -2.0127919 -0.16401267
0.37470585 -2.808402 -0.18252726
0.25194275 -1.4901966 -0.15163022
0.32075483 -2.2781463 -0.1704696
0.40530574 -3.0769598 -0.18863833
0.27359232 -1.7501489 -0.15802339
0.34803262 -2.5461202 -0.17691097
0.23373769 -1.2315288 -0.14558521
0.29723367 -2.0143952 -0.16452707
0.37715352 -2.816018 -0.18325989
0.25354573 -1.4884385 -0.15193488
0.3228463 -2.2821884 -0.17107402
0.40805376 -3.0872262 -0.18943447
0.27537954 -1.7506022 -0.15844521
0.35038868 -2.5527537 -0.17759138
0.23527448 -1.2284472 -0.14577423
0.29924121 -2.0172904 -0.1650544
0.37980148 -2.8253431 -0.18400553
0.25525436 -1.4875546 -0.15224892
0.32510835 -2.2877016 -0.17169133
0.41101548 -3.0993068 -0.19024098
0.27729675 -1.7521702 -0.15887856
0.35293487 -2.5610025 -0.17828244
0.23689753 -1.2260045 -0.14596972
0.30140314 -2.021513 -0.16559407
0.38265532 -2.8363953 -0.18475763
0.2570733 -1.4875745 -0.15257259
0.32754755 -2.2947183 -0.17231937
0.41419506 -3.1132016 -0.19104916
0.2793498 -1.754888 -0.1593238
0.35567755 -2.5708883 -0.17897974
0.2386107 -1.2242223 -0.14617138
0.3037263 -2.027099 -0.1661456
0.38572022 -2.849177 -0.18550925
0.2590078 -1.4885303 -0.1529063
0.33017114 -2.3032665 -0.17295587
0.41759542 -3.128889 -0.1918499
0.28154525 -1.7587938 -0.15978135
0.35862327 -2.5824215 -0.17967853
0.2404179 -1.2231232 -0.14637896
0.30621833 -2.0340846 -0.16670845
0.38900074 -2.8636737 -0.18625306
0.26106334 -1.4904563 -0.15325058
0.332987 -2.3133695 -0.17359824
0.4212182 -3.1463237 -0.19263373
0.2838904 -1.7639288 -0.16025186
0.3617786 -2.5956016 -0.1803735
0.24232306 -1.22273 -0.14659218
0.30888787 -2.0425065 -0.16728206
0.3925007 -2.879852 -0.18698116
0.26324588 -1.4933908 -0.15360619
0.33600366 -2.325045 -0.17424336
0.42506343 -3.165437 -0.19339098
0.28639343 -1.7703375 -0.16073607
0.36515006 -2.610413 -0.18105862
0.24432999 -1.2230662 -0.14681076
0.31174457 -2.0524008 -0.16786543
0.3962229 -2.8976593 -0.18768518
0.26556188 -1.4973755 -0.15397416
0.33923027 -2.3383021 -0.17488714
0.42912972 -3.1861382 -0.19411191
0.28906366 -1.7780687 -0.16123481
0.36874366 -2.6268258 -0.18172677
0.24644239 -1.2241559 -0.14703436
0.31479934 -2.063802 -0.16845688
0.40016866 -2.9170213 -0.18835633
0.2680184 -1.5024573 -0.15435582
0.34267637 -2.3531382 -0.17552407
0.4334137 -3.2083135 -0.19478703
0.29191166 -1.7871748 -0.16174874
0.37256444 -2.6447883 -0.18236965
0.24866368 -1.2260238 -0.14726263
0.3180643 -2.0767398 -0.16905335
0.40433735 -2.9378414 -0.18898557
0.27062327 -1.5086888 -0.15475288
0.34635124 -2.369534 -0.17614661
0.43791005 -3.23183 -0.19540739
0.29494983 -1.7977118 -0.16227797
0.37661546 -2.6642256 -0.18297774
0.2509969 -1.2286959 -0.14749525
0.32155275 -2.0912335 -0.1696494
0.40872592 -2.9600008 -0.18956412
0.27338544 -1.5161302 -0.1551675
0.35026318 -2.3874454 -0.17674443
0.44261134 -3.2565372 -0.19596504
0.29819277 -1.8097361 -0.16282107
0.3808968 -2.6850345 -0.18354054
0.25344473 -1.2321995 -0.14773194
0.32527897 -2.1072838 -0.17023557
0.41332802 -2.9833584 -0.19008408
0.27631584 -1.5248506 -0.15560217
0.3544177 -2.4067945 -0.17730397
0.44750783 -3.2822735 -0.19645335
0.3016585 -1.8232992 -0.1633733
0.38540417 -2.7070823 -0.18404733
0.25600985 -1.2365646 -0.14797273
0.32925686 -2.1248567 -0.17079619
0.41813374 -3.0077567 -0.19053917
0.27942917 -1.5349292 -0.15605919
0.3588152 -2.4274602 -0.17780867
0.45258698 -3.3088686 -0.19686739
0.3053696 -1.8384339 -0.1639228
0.3901272 -2.7302077 -0.18448845
0.25869563 -1.2418258 -0.14821829
0.33349764 -2.1438622 -0.17130707
0.4231284 -3.0330265 -0.19092527
0.28274745 -1.5464544 -0.15653871
0.36344755 -2.4492702 -0.17824046
0.45783198 -3.3361516 -0.19720422
0.3093544 -1.8551273 -0.16444385
0.39504832 -2.7542274 -0.18485658
0.26150927 -1.248027 -0.14847083
0.33800474 -2.164128 -0.17173477
0.42829105 -3.058995 -0.1912406
0.28630826 -1.5595173 -0.15703265
0.36829498 -2.4720056 -0.17858282
0.46321833 -3.3639562 -0.19746302
0.3136466 -1.8732678 -0.16488658
0.4001405 -2.77895 -0.18514737
0.26446882 -1.2552298 -0.1487356
0.34276548 -2.185376 -0.1720402
0.4335899 -3.0854957 -0.19148505
0.29018122 -1.5741777 -0.15750647
0.3733228 -2.495418 -0.17882408
0.46870714 -3.3921263 -0.19764528
0.31827646 -1.8925577 -0.16516724
0.40536222 -2.8041906 -0.18535848
0.26762563 -1.2635318 -0.14902207
0.34774032 -2.2072325 -0.17218928
0.43897346 -3.1123776 -0.1916593
0.2945009 -1.5903565 -0.15784982
0.37847355 -2.5192645 -0.17895776
0.47423512 -3.4205246 -0.19775525
0.32323894 -1.9124175 -0.16517644
0.4106419 -2.8297899 -0.18548748
0.27113968 -1.2731017 -0.14933275
0.35284027 -2.2292998 -0.17216325
0.44435567 -3.139516 -0.19176534
0.29950547 -1.6074958 -0.1577713
0.38363123 -2.5433488 -0.17897946
0.47970802 -3.4490385 -0.19780168
0.32839108 -1.9320321 -0.16482459
0.41584608 -2.8556278 -0.18553507
0.2756664 -1.2843248 -0.1494936
0.35781464 -2.2512867 -0.17195831
0.44961053 -3.166822 -0.19181235
0.30522984 -1.6238178 -0.15672033
0.3885354 -2.56756 -0.1788994
0.48502144 -3.477587 -0.19780229
0.28578252 -1.3510935 -0.14726564
0.29122177 -1.4146519 -0.14842914
0.29756507 -1.4982069 -0.15045765
0.30424938 -1.5755805 -0.15286863
0.3098174 -1.6458625 -0.15546317
0.3186051 -1.729427 -0.1562064
0.32388443 -1.7991104 -0.158461
0.3283659 -1.8632458 -0.16073395
0.34066162 -1.9592502 -0.16177763
0.34477586 -2.0221128 -0.1638185
0.3484143 -2.080771 -0.16586074
0.35137329 -2.1357732 -0.16788118
0.36659965 -2.2437427 -0.16885138
0.36957994 -2.297769 -0.170734
0.3721634 -2.3489873 -0.17260352
0.38907298 -2.4635265 -0.17358173
0.39158338 -2.5137784 -0.17535064
0.39386272 -2.5618556 -0.17710903
0.39586464 -2.608001 -0.17884877
0.4142671 -2.7286787 -0.1797427
0.4163395 -2.774198 -0.18141668
0.41824406 -2.818182 -0.18307607
0.43756682 -2.9425693 -0.18394479
0.43951938 -2.986023 -0.18555194
0.44137752 -3.0282376 -0.18714677
0.44313246 -3.0693264 -0.1887252
0.4633718 -3.197442 -0.18953602
0.46523064 -3.238215 -0.19107565
0.46704173 -3.2780528 -0.1926006
0.48789337 -3.4086106 -0.19338094
0.48978794 -3.448211 -0.19486804
0.49168226 -3.4870286 -0.19633979
0.49356785 -3.5251114 -0.19779544
0.5150428 -3.6583312 -0.19850934
0.5170425 -3.6963382 -0.1999157
0.51907384 -3.7337189 -0.20130533
0.54098755 -3.8686569 -0.20193718
0.15270852 -1.93293 -0.011352578
0.17306472 -1.7303617 -0.035359565
0.18885571 -1.5462035 -0.06397377
0.16113734 -1.8637701 -0.01762765
0.18015854 -1.6631435 -0.043535404
0.19580196 -1.4806862 -0.073471814
0.16925946 -1.7946002 -0.024497448
0.18688503 -1.5966702 -0.052100006
0.15550193 -1.931618 -0.00877337
0.17706943 -1.7253448 -0.031954974
0.19323444 -1.5311747 -0.060946133
0.16424589 -1.861838 -0.01482059
0.18451837 -1.6560564 -0.039966065
0.19892253 -1.4673249 -0.0701216
0.17270659 -1.7918417 -0.021438863
0.19149256 -1.5869951 -0.048460543
0.15823878 -1.9304309 -0.006241943
0.18088141 -1.7214236 -0.02864445
0.19776203 -1.5188568 -0.05734468
0.1672215 -1.8602375 -0.012130909
0.18871096 -1.6505189 -0.036420446
0.20267247 -1.453752 -0.06638738
0.17598154 -1.7896811 -0.018511526
0.1960461 -1.5793073 -0.04471066
0.20374727 -1.3992339 -0.07300756
0.18450917 -1.7184209 -0.025456844
0.20255868 -1.5085084 -0.053408943
0.17007998 -1.8588722 -0.009535498
0.1927469 -1.6462623 -0.032967303
0.20743878 -1.440365 -0.062223215
0.17907928 -1.7880181 -0.01571931
0.20054291 -1.5732452 -0.040989682
0.20861873 -1.3816996 -0.06975188
0.18792558 -1.7162228 -0.02242155
0.20756495 -1.4998884 -0.04939623
0.17282216 -1.8576622 -0.0070092366
0.1965525 -1.6431488 -0.02966858
0.21304381 -1.4279583 -0.057860006
