0.1499027 -0.74286646 -0.3913556
0.11839579 -0.24366114 -0.34377387
0.12395806 -0.2565819 -0.30992094
0.13076213 -0.6095754 -0.28551728
0.14922784 -0.7413344 -0.38607162
0.117937654 -0.24633512 -0.34376186
0.12345094 -0.25881293 -0.30992097
0.13026701 -0.6099417 -0.28551334
0.14710978 -0.77460015 -0.3895979
0.09177124 -0.8529956 -0.3884251
0.050509304 -1.0415627 -0.3881227
0.016067192 -1.2999412 -0.3878825
-0.014671732 -1.6046202 -0.3847053
-0.039647587 -1.189594 -0.3404094
-0.050238233 -0.8153401 -0.31117544
-0.045940626 -0.64126503 -0.2872415
-0.015149605 -1.609798 -0.3848351
-0.040148947 -1.1932895 -0.34041375
-0.0508159 -0.81687486 -0.31118357
-0.046533175 -0.6407085 -0.28724346
-0.015678976 -1.614563 -0.38483492
-0.040647924 -1.1970133 -0.3404215
-0.051387936 -0.818583 -0.3111892
-0.047118176 -0.6404748 -0.28723255
-0.01621526 -1.6196122 -0.38485184
-0.041145965 -1.2007132 -0.3403976
-0.051961474 -0.82009894 -0.31119683
-0.0477027 -0.6398737 -0.28728828
-0.01666518 -1.6243112 -0.38481012
-0.04164303 -1.2044325 -0.3404563
-0.052529924 -0.82181746 -0.31120446
-0.04827948 -0.63967496 -0.2871842
-0.016998569 -1.6293961 -0.3846992
-0.042139325 -1.2081356 -0.34036005
-0.053101227 -0.8233132 -0.31120843
-0.048857316 -0.63902843 -0.28737032
-0.017620504 -1.6344074 -0.3848999
-0.042635366 -1.2118603 -0.3404998
-0.053667724 -0.8250438 -0.31122178
-0.049427416 -0.6388494 -0.28712502
-0.018136866 -1.6399188 -0.38475284
-0.043132886 -1.2155416 -0.34035105
-0.05423899 -0.8265168 -0.31121913
-0.049999204 -0.6382 -0.28739595
-0.018568695 -1.6448777 -0.38504678
-0.043628875 -1.219318 -0.34044686
-0.054807752 -0.8282633 -0.3112376
-0.05056504 -0.6379605 -0.28724736
-0.017984565 -1.6807282 -0.3884219
-0.045745224 -0.6710729 -0.27337095
-0.054625027 -0.69079787 -0.29807773
-0.05224208 -0.994469 -0.3235914
-0.0337154 -1.4259372 -0.35783443
-0.049493585 -1.6924297 -0.3633879
-0.07313024 -1.1760758 -0.32749888
-0.07899296 -0.7438426 -0.30149972
-0.063894615 -0.60879576 -0.27707198
-0.0033211566 -1.838776 -0.4150687
0.027589137 -2.1860096 -0.47499886
0.06418263 -2.5302107 -0.5396475
0.006650552 -1.9506924 -0.43433723
0.039631143 -2.297634 -0.49617505
-0.030107087 -1.0905975 -0.20268871
-0.030871227 -1.1310127 -0.20283641
-0.030434078 -1.2694522 -0.20194104
-0.030644862 -1.1491511 -0.20382988
-0.036999796 -1.2578642 -0.2035404
-0.030115463 -1.138365 -0.20518318
-0.017256241 -1.6856107 -0.38933724
-0.025774935 -1.8068526 -0.38992003
-0.017917003 -1.700416 -0.39229155
-0.024563584 -1.8215077 -0.39223862
-0.014007999 -1.7150432 -0.39441875
-0.019593617 -2.0524476 -0.4153526
0.008359183 -2.3597927 -0.47465098
0.040273283 -2.6645896 -0.53917366
-0.026481621 -1.884114 -0.39513984
-0.020107308 -1.792817 -0.39475247
-0.08209841 -1.8457795 -0.15493631
-0.055898413 -1.5671827 -0.18386114
-0.031254955 -1.0980186 -0.2010192
-0.054105114 -1.3955528 -0.18095739
-0.08563759 -1.7014366 -0.15115596
-0.10797852 -2.0035992 -0.1281848
-0.0845557 -1.8731859 -0.15216564
-0.057845775 -1.5946695 -0.18167408
-0.030968843 -1.3162801 -0.20156115
-0.084522426 -1.8770825 -0.15210842
-0.057802703 -1.599215 -0.1816073
-0.027598029 -1.3204476 -0.20144022
0.0069994046 -1.9464483 -0.43436265
0.040097944 -2.294295 -0.4961966
-0.0108161885 -1.7070603 -0.39764723
0.017755223 -2.058886 -0.4544154
0.052858327 -2.4065576 -0.5177848
-0.09469533 -1.9749529 -0.14079101
-0.06604601 -1.6953626 -0.17250083
-0.049296238 -1.4241813 -0.19687574
-0.094617836 -1.978619 -0.1407246
-0.066003375 -1.6995664 -0.17243588
-0.04976291 -1.4298021 -0.19680439
-0.0010931235 -1.8208767 -0.4151878
0.02931859 -2.1714659 -0.47508937
0.06631619 -2.5190957 -0.53974336
0.008101921 -1.933696 -0.43444586
0.041507192 -2.2842512 -0.4962646
-0.10542379 -2.076895 -0.12860598
-0.07482111 -1.7956363 -0.16252492
-0.05133537 -1.5227717 -0.1895502
-0.10531862 -2.080312 -0.12848538
-0.07475109 -1.7994405 -0.16246523
-0.051347215 -1.5270174 -0.1894779
-0.011622573 -1.6912998 -0.39792356
0.018981753 -2.0468812 -0.45449272
0.054370187 -2.397336 -0.51785517
-0.0005666014 -1.8063296 -0.41531274
0.030640617 -2.160368 -0.47516325
0.06793107 -2.5107088 -0.5398203
-0.08415915 -1.8958069 -0.15182215
-0.057724245 -1.6208022 -0.18126313
-0.031041607 -1.3528247 -0.20000467
-0.08406536 -1.8994539 -0.15176511
-0.05772636 -1.6250105 -0.18119399
-0.033753727 -1.3593773 -0.19981402
0.009294436 -1.9206108 -0.4345362
0.042929098 -2.2741158 -0.4963376
-0.009970964 -1.6772454 -0.39806303
0.020276157 -2.034929 -0.4545745
0.055894136 -2.3881357 -0.51793045
-0.09412165 -1.9962863 -0.14039227
-0.065729454 -1.7195077 -0.17211202
-0.044320684 -1.4525303 -0.19632791
0.032539636 -1.986523 -0.137345
0.054960158 -1.771551 -0.16510348
0.072376624 -1.5775257 -0.1950092
-0.09514622 -2.2366216 -0.12316527
-0.068959296 -2.3332775 -0.12322043
-0.034140438 -2.2943423 -0.1256825
0.0068019493 -2.1446984 -0.12926783
0.046626035 -1.6783406 -0.20817608
0.013298765 -1.730491 -0.20567502
-0.01296356 -1.6586303 -0.20445861
-0.031278726 -1.4683745 -0.20251186
0.058811657 -1.6273499 -0.21023689
0.022418039 -1.7267324 -0.20652449
-0.0057263603 -1.6878997 -0.20511055
-0.026750548 -1.5343664 -0.20387372
0.05912143 -1.6246414 -0.21047877
0.02265768 -1.7237114 -0.20685962
-0.005485387 -1.6846665 -0.20545954
-0.026493177 -1.5308863 -0.20425491
0.059382603 -1.6219157 -0.21068959
0.022891134 -1.7206961 -0.20719357
-0.0052491953 -1.6814449 -0.20580865
-0.02624119 -1.5274243 -0.20464025
0.05977139 -1.6191437 -0.21087109
0.02316861 -1.7176586 -0.20752698
-0.0049808784 -1.6782051 -0.20615843
-0.025951434 -1.5239383 -0.20503023
0.059902605 -1.6163878 -0.21102619
0.02333455 -1.7146455 -0.20786089
-0.0047962996 -1.6749914 -0.20650971
-0.025762698 -1.5204885 -0.20542572
0.06047065 -1.6135542 -0.2111596
0.023704318 -1.7115929 -0.20819692
-0.0044593574 -1.6717459 -0.20686384
-0.025390586 -1.5169983 -0.20582812
0.060407255 -1.6107447 -0.21127768
0.023768928 -1.7085688 -0.20853752
-0.004352519 -1.6685303 -0.2072228
-0.025297105 -1.5135491 -0.20623937
0.061084885 -1.6079122 -0.21138702
0.02419705 -1.7055336 -0.2088851
-0.0039712163 -1.6653036 -0.20758824
-0.02487149 -1.5100847 -0.20666051
-0.0025870528 -1.4961987 -0.38883978
0.02867458 -1.2019526 -0.38873258
0.065341935 -0.9682577 -0.3890657
0.11024613 -0.81549007 -0.3892808
0.12612242 -0.8027324 -0.38996467
0.07781091 -0.92111915 -0.38999844
0.039105184 -1.1332022 -0.38960868
0.006364139 -1.4098266 -0.3894686
0.12722035 -0.8125351 -0.39086744
0.07847121 -0.92849165 -0.390833
0.039623577 -1.1393718 -0.39040568
0.0068410463 -1.415247 -0.39025375
0.12744083 -0.82219934 -0.39177454
0.07880307 -0.93578917 -0.391669
0.039948575 -1.1454905 -0.3912045
0.007123355 -1.4206271 -0.3910404
0.128436 -0.83209085 -0.39268723
0.079424694 -0.943203 -0.39250624
0.04044418 -1.1516837 -0.3920047
0.0075764596 -1.4260633 -0.3918279
0.1289048 -0.8417769 -0.39360747
0.079851426 -0.9505216 -0.393345
0.04082606 -1.1578153 -0.39280626
0.007914052 -1.4314462 -0.39261588
0.12967852 -0.8516681 -0.39453658
0.08039209 -0.9579445 -0.39418563
0.041274928 -1.1640133 -0.39360926
0.008319076 -1.4368796 -0.39340425
0.18202828 -1.1780355 -0.42294827
0.24307361 -1.8638363 -0.4910431
0.3112807 -2.5040812 -0.5550003
0.27836823 -2.5942113 -0.57561576
0.20465812 -2.4626336 -0.571625
0.14508265 -2.4518108 -0.566418
0.0970525 -2.565565 -0.56295043
0.010361134 -1.4352248 -0.3949698
0.04362275 -1.1664008 -0.3952432
0.08321612 -0.96607643 -0.39590433
0.1334368 -0.87052315 -0.39642185
0.009973804 -1.4297668 -0.39418054
0.043189444 -1.1601597 -0.39443547
0.08270301 -0.9585784 -0.39505646
0.13274452 -0.8604685 -0.39545792
0.17560582 -0.8384974 -0.3892519
0.16454509 -0.83967125 -0.3794493
0.1797731 -0.8774169 -0.39106777
0.16838564 -0.8769157 -0.38367173
0.18401766 -0.9154408 -0.39215583
0.17226154 -0.9135617 -0.3927883
0.20129971 -1.0446769 -0.40322712
0.2837983 -1.812951 -0.47472763
0.3531517 -2.46851 -0.5393375
0.3122125 -2.4455106 -0.5471753
0.24450581 -1.8008862 -0.48283902
0.18255927 -1.0985206 -0.4133836
0.29347867 -2.2841127 -0.5313721
0.22749007 -1.6317374 -0.46616003
0.3406973 -2.7051058 -0.57303256
0.26969936 -2.0682347 -0.51002234
0.20567673 -1.3998303 -0.4433029
0.31490025 -2.491524 -0.55239844
0.24673598 -1.8494034 -0.48831952
0.18493886 -1.1568806 -0.4194742
0.29019138 -2.2773576 -0.53136903
0.2244536 -1.6255829 -0.4661684
0.3373541 -2.698039 -0.57304066
0.2664585 -2.061652 -0.51001096
0.20285574 -1.3942628 -0.44327295
0.31158152 -2.4846153 -0.5523969
0.2435675 -1.8429856 -0.48832482
0.1823368 -1.1520746 -0.4198298
0.2869051 -2.270615 -0.531362
0.22141059 -1.6194817 -0.4661381
0.3340087 -2.690969 -0.5730429
0.2632187 -2.0550652 -0.5100064
0.20000294 -1.3886473 -0.44332755
0.03316701 -1.9833344 -0.13734196
0.05561763 -1.7677767 -0.16513504
0.07393527 -1.5721602 -0.19509956
0.03379862 -1.9801266 -0.13733815
0.056275103 -1.763961 -0.16516721
0.07564864 -1.5666456 -0.19522026
0.034433793 -1.9769095 -0.13733363
0.056929886 -1.7601153 -0.16519994
0.07722249 -1.5608207 -0.1953723
0.035072688 -1.9737011 -0.13732831
0.057580687 -1.7563084 -0.16523285
0.07831942 -1.555193 -0.19555598
0.03571571 -1.9705086 -0.13732213
0.058226485 -1.7525787 -0.16526577
0.07911294 -1.5503155 -0.19576962
0.036363047 -1.9673183 -0.1373149
0.058867745 -1.7488619 -0.1652982
0.07938434 -1.5454135 -0.19600952
0.03701695 -1.9641142 -0.13730668
0.059509993 -1.7451069 -0.16533034
0.07950527 -1.5402783 -0.19627337
0.037674267 -1.960884 -0.13729678
0.060142092 -1.7413049 -0.16536045
0.07972085 -1.5350393 -0.19655421
0.038381733 -1.9576528 -0.1372865
0.06085475 -1.7375163 -0.16539134
0.08001627 -1.5298057 -0.1968451
0.10259589 -1.305109 -0.20744495
0.09055529 -1.4175535 -0.21060586
0.10265356 -1.3115441 -0.20785472
0.08811446 -1.424223 -0.2119318
0.10265919 -1.318339 -0.2080798
0.089847066 -1.4316876 -0.20964226
0.07183279 -1.8081107 -0.13717002
0.09789256 -1.5640626 -0.16529618
0.114739776 -1.3117402 -0.19678186
-0.034055926 -0.9040532 -0.2548951
0.010169509 -0.90964484 -0.255586
0.047051735 -0.9077715 -0.25707322
0.08265061 -0.92385095 -0.25861064
-0.03407694 -0.9212851 -0.25469136
0.010034094 -0.9211428 -0.25475302
0.04683628 -0.9168155 -0.25626507
0.08224298 -0.93101335 -0.25779238
-0.033928137 -0.9375449 -0.2544044
0.009877512 -0.9325555 -0.2539672
0.04661151 -0.92576945 -0.25548595
0.081840105 -0.9379503 -0.25700092
-0.03366101 -0.952999 -0.254005
0.009700294 -0.94386643 -0.25321963
0.046377238 -0.93463606 -0.25473404
0.08144294 -0.9446816 -0.25622907
-0.03333179 -0.96778226 -0.25352508
0.009503629 -0.9550527 -0.25250176
0.046134632 -0.943412 -0.2540052
0.081053354 -0.951223 -0.25547162
-0.03297741 -0.9819802 -0.25298417
0.009288348 -0.9660944 -0.2518087
0.045884304 -0.9520949 -0.25329623
0.080672875 -0.9575903 -0.25472555
-0.032623798 -0.99565625 -0.25240156
0.009055672 -0.9769725 -0.2511369
0.045627013 -0.960682 -0.25260392
0.08030281 -0.9637989 -0.2539891
-0.03228664 -1.0088537 -0.25179052
0.0088070985 -0.98767006 -0.2504839
0.04536339 -0.96917063 -0.25192562
0.07994402 -0.9698645 -0.25326145
-0.031975362 -1.0216042 -0.2511612
0.008544437 -0.9981719 -0.2498478
0.045094058 -0.9775587 -0.25125915
0.07959695 -0.9758025 -0.25254223
-0.031694934 -1.0339303 -0.25052077
0.00826974 -1.0084655 -0.24922712
0.04481965 -0.9858443 -0.2506028
0.07926168 -0.98162806 -0.25183126
-0.03144765 -1.0458486 -0.24987477
0.007985154 -1.0185409 -0.2486206
0.044540767 -0.9940262 -0.24995537
0.07893798 -0.9873557 -0.25112846
-0.031234073 -1.057371 -0.24922729
0.0076928223 -1.0283903 -0.24802707
0.044258013 -1.0021034 -0.2493159
0.07862537 -0.9929992 -0.25043374
-0.03105371 -1.068506 -0.24858154
0.007394795 -1.0380087 -0.24744552
0.04397198 -1.0100759 -0.24868383
0.07832323 -0.99857134 -0.24974702
-0.030905435 -1.0792599 -0.2479401
0.0070929592 -1.047393 -0.24687505
0.04368325 -1.0179437 -0.24805878
0.07803085 -1.0040841 -0.24906814
-0.030787744 -1.089637 -0.24730498
0.0067889853 -1.0565419 -0.24631484
0.04339239 -1.0257075 -0.24744059
0.07774745 -1.0095484 -0.24839698
-0.030698871 -1.0996405 -0.24667789
0.0064843516 -1.065456 -0.2457642
0.043099977 -1.0333686 -0.24682923
0.07747229 -1.0149745 -0.24773337
-0.03063697 -1.1092725 -0.2460602
0.0061802613 -1.0741373 -0.24522254
0.04280654 -1.0409285 -0.24622472
0.07720463 -1.0203717 -0.24707718
-0.030600091 -1.1185347 -0.245453
0.005877734 -1.0825886 -0.24468939
0.0425126 -1.0483897 -0.24562718
0.076943755 -1.0257486 -0.2464283
-0.030586256 -1.1274283 -0.24485722
0.0055775917 -1.0908136 -0.2441644
0.04221867 -1.0557545 -0.24503678
0.07668902 -1.0311131 -0.24578656
-0.03059352 -1.1359546 -0.24427359
0.005280453 -1.098817 -0.24364732
0.041925192 -1.0630264 -0.24445367
0.07643979 -1.0364728 -0.24515189
-0.030619921 -1.1441147 -0.24370266
0.0049868217 -1.1066035 -0.24313799
0.041632608 -1.0702087 -0.24387802
0.07619551 -1.0418344 -0.2445242
-0.030663548 -1.1519102 -0.24314485
0.0046970723 -1.1141788 -0.24263628
0.041341305 -1.0773056 -0.24331
0.075955644 -1.0472044 -0.2439034
-0.03072253 -1.1593426 -0.24260047
0.004411483 -1.1215482 -0.24214219
0.04105164 -1.084321 -0.24274977
0.07571971 -1.0525888 -0.24328941
-0.030795071 -1.1664141 -0.24206974
0.00413025 -1.1287178 -0.24165572
0.04076392 -1.0912601 -0.24219742
0.07548723 -1.0579935 -0.24268217
-0.030879404 -1.1731272 -0.24155276
0.003853538 -1.1356933 -0.24117696
0.040478412 -1.0981276 -0.24165307
0.0752578 -1.0634238 -0.24208163
-0.030973868 -1.1794847 -0.24104957
0.0035814429 -1.1424812 -0.240706
0.040195342 -1.1049289 -0.24111679
0.07503099 -1.068885 -0.2414877
-0.03107687 -1.1854903 -0.24056019
0.003314032 -1.1490873 -0.24024294
0.03991487 -1.1116694 -0.24058865
0.07480642 -1.0743818 -0.24090031
-0.03118688 -1.1911476 -0.24008453
0.003051374 -1.155518 -0.23978792
0.03963714 -1.1183552 -0.24006866
0.074583724 -1.0799193 -0.24031942
-0.031302467 -1.1964611 -0.23962249
0.0027934997 -1.1617798 -0.23934105
0.039362233 -1.1249919 -0.23955682
0.07436254 -1.0855019 -0.2397449
-0.03142228 -1.2014356 -0.23917392
0.0025404282 -1.1678787 -0.23890248
0.03909018 -1.131586 -0.23905313
0.07414251 -1.0911342 -0.23917672
-0.031545028 -1.2060764 -0.23873869
0.0022921949 -1.1738214 -0.23847231
0.038820986 -1.1381435 -0.23855753
0.0739233 -1.0968204 -0.23861475
-0.03166953 -1.2103894 -0.23831658
0.0020487988 -1.1796143 -0.23805065
0.0385546 -1.144671 -0.23807
0.07370456 -1.1025647 -0.2380589
-0.031794652 -1.2143807 -0.23790741
0.0018102634 -1.1852641 -0.23763761
0.03829096 -1.1511749 -0.23759043
0.07348597 -1.1083714 -0.23750904
-0.031919356 -1.2180569 -0.23751095
0.0015765772 -1.1907773 -0.23723324
0.038029913 -1.1576618 -0.23711877
0.073267184 -1.1142442 -0.23696506
-0.032042667 -1.2214249 -0.23712696
0.0013477517 -1.1961606 -0.23683763
0.037771337 -1.1641381 -0.2366549
0.07304788 -1.1201872 -0.23642683
-0.03216368 -1.2244923 -0.23675524
0.0011237699 -1.201421 -0.23645078
0.03751502 -1.1706105 -0.2361987
0.07282769 -1.1262043 -0.2358942
-0.032281563 -1.2272667 -0.23639551
0.0009046059 -1.2065653 -0.23607272
0.03726074 -1.1770859 -0.23575005
0.072606295 -1.1322991 -0.23536704
-0.03239553 -1.2297561 -0.23604752
0.00069024466 -1.2116005 -0.23570345
0.037008256 -1.1835704 -0.23530881
0.07238334 -1.1384752 -0.23484518
-0.03250488 -1.231969 -0.23571102
0.00048063905 -1.2165338 -0.23534293
0.03675728 -1.1900709 -0.23487486
0.07215846 -1.1447364 -0.23432845
-0.032608952 -1.233914 -0.23538573
0.00027573525 -1.2213722 -0.2349911
0.036507495 -1.1965938 -0.23444802
0.07193131 -1.1510862 -0.2338167
-0.032707147 -1.2356001 -0.23507139
7.546534e-05 -1.2261233 -0.23464788
0.03625857 -1.2031455 -0.23402813
0.07170151 -1.1575279 -0.23330972
-0.032798916 -1.2370368 -0.23476769
-0.000120254925 -1.2307942 -0.23431316
0.03601014 -1.2097324 -0.23361501
0.07146869 -1.1640651 -0.23280735
-0.032883763 -1.2382334 -0.23447436
-0.00031152787 -1.2353926 -0.2339868
0.03576181 -1.2163608 -0.23320846
0.07123244 -1.1707009 -0.2323094
-0.032961234 -1.2392 -0.23419109
-0.0004984669 -1.2399259 -0.23366864
0.035513178 -1.2230368 -0.23280832
0.070992395 -1.1774385 -0.2318157
-0.033030935 -1.2399465 -0.23391755
-0.00068122405 -1.2444017 -0.2333585
0.035263784 -1.2297665 -0.23241436
0.07074812 -1.1842812 -0.23132601
-0.033092503 -1.2404834 -0.23365344
-0.0008599475 -1.2488279 -0.23305616
0.03501318 -1.2365558 -0.23202637
0.07049922 -1.1912317 -0.23084018
-0.03314562 -1.2408212 -0.2333984
-0.0010348249 -1.2532123 -0.23276137
0.034760874 -1.2434103 -0.23164411
0.07024526 -1.1982933 -0.23035797
-0.033190016 -1.240971 -0.23315206
-0.0012060587 -1.2575628 -0.23247387
0.034506347 -1.2503358 -0.23126736
0.06998581 -1.2054685 -0.22987923
-0.033225458 -1.2409437 -0.23291408
-0.0013738746 -1.261887 -0.23219335
0.034249064 -1.2573376 -0.23089585
0.06972042 -1.2127603 -0.22940373
-0.03325175 -1.2407508 -0.23268403
-0.0015385152 -1.2661933 -0.23191947
0.033988465 -1.2644206 -0.23052934
0.06944864 -1.2201712 -0.2289313
-0.03326874 -1.240404 -0.23246153
-0.0017002627 -1.2704893 -0.23165187
0.033723947 -1.2715901 -0.23016754
0.069170006 -1.2277035 -0.22846173
-0.0332763 -1.2399151 -0.23224613
-0.0018594001 -1.2747835 -0.23139015
0.033454917 -1.2788507 -0.22981016
0.06888406 -1.2353598 -0.22799484
-0.033274364 -1.2392964 -0.23203735
-0.0020162452 -1.2790837 -0.23113385
0.033180732 -1.2862067 -0.22945692
0.06859031 -1.2431422 -0.22753045
-0.033262875 -1.2385603 -0.23183472
-0.0021711502 -1.2833982 -0.23088251
0.03290071 -1.2936624 -0.22910748
0.068288274 -1.251053 -0.22706838
-0.03324184 -1.2377195 -0.23163772
-0.002324469 -1.287735 -0.2306356
0.032614183 -1.3012214 -0.22876151
0.06797746 -1.259094 -0.22660844
-0.033211283 -1.2367871 -0.23144577
-0.0024765956 -1.2921023 -0.23039256
0.032320425 -1.3088871 -0.22841866
0.06765736 -1.2672671 -0.22615051
-0.033171274 -1.2357762 -0.2312583
-0.0026279425 -1.2965084 -0.23015279
0.032018695 -1.3166628 -0.22807859
0.067327455 -1.2755741 -0.22569442
-0.03312193 -1.2347007 -0.23107468
-0.0027789413 -1.3009615 -0.2299156
0.031708244 -1.3245509 -0.22774087
0.06698724 -1.2840163 -0.22524002
-0.033063386 -1.2335743 -0.23089422
-0.0029300586 -1.3054696 -0.22968031
0.03138827 -1.3325536 -0.22740512
0.06663618 -1.2925953 -0.2247872
-0.032995842 -1.2324113 -0.23071621
-0.0030817753 -1.310041 -0.22944616
0.031057991 -1.3406727 -0.22707087
0.06627375 -1.3013122 -0.22433585
-0.03291953 -1.2312262 -0.23053986
-0.00323461 -1.3146838 -0.22921228
0.03071656 -1.3489095 -0.22673771
0.06589938 -1.3101683 -0.22388586
-0.03283472 -1.2300341 -0.23036434
-0.0033891022 -1.3194063 -0.22897783
0.030363144 -1.3572644 -0.22640513
0.06551251 -1.3191643 -0.22343719
-0.032741744 -1.22885 -0.23018876
-0.0035458137 -1.3242164 -0.22874181
0.029996904 -1.3657376 -0.22607261
0.06511257 -1.328301 -0.22298978
-0.032640975 -1.2276896 -0.23001212
-0.0037053486 -1.3291223 -0.2285032
0.029616967 -1.3743286 -0.22573961
0.06469896 -1.3375788 -0.2225436
-0.032532837 -1.2265689 -0.22983342
-0.0038683317 -1.3341322 -0.2282609
0.029222485 -1.3830361 -0.22540556
0.06427106 -1.3469981 -0.22209868
-0.03241782 -1.2255044 -0.2296515
-0.0040354347 -1.3392539 -0.22801372
0.028812593 -1.3918586 -0.2250698
0.06382822 -1.356559 -0.22165507
-0.03229646 -1.2245125 -0.22946516
-0.0042073564 -1.3444954 -0.22776037
0.028386455 -1.4007932 -0.22473173
0.06336977 -1.3662615 -0.22121283
-0.03216938 -1.2236105 -0.22927308
-0.004384851 -1.3498647 -0.2274995
0.027943233 -1.409837 -0.2243906
0.062894985 -1.3761047 -0.22077213
-0.032037254 -1.222816 -0.22907382
-0.0045687095 -1.3553693 -0.2272296
0.027482143 -1.4189861 -0.22404568
0.062403094 -1.3860881 -0.22033314
-0.03190084 -1.2221469 -0.22886586
-0.0047597894 -1.361017 -0.22694908
0.027002407 -1.4282359 -0.22369617
0.06189326 -1.3962104 -0.21989612
-0.031760987 -1.2216214 -0.2286475
-0.0049589975 -1.3668151 -0.22665627
0.026503323 -1.4375812 -0.22334121
0.06136459 -1.4064701 -0.21946135
-0.031618617 -1.2212582 -0.22841695
-0.005167321 -1.372771 -0.22634934
0.025984226 -1.447016 -0.22297992
0.060816105 -1.4168646 -0.21902923
-0.031474765 -1.2210765 -0.22817224
-0.0053858208 -1.3788917 -0.2260263
0.025444528 -1.456534 -0.22261132
0.06024673 -1.4273913 -0.21860023
-0.031330552 -1.2210957 -0.22791122
-0.00561566 -1.3851837 -0.22568507
0.024883695 -1.4661282 -0.22223444
0.059655253 -1.4380466 -0.21817489
-0.031187214 -1.2213358 -0.22763161
-0.005858087 -1.3916533 -0.22532341
0.024301304 -1.475791 -0.2218482
0.059040375 -1.4488256 -0.21775384
-0.031046106 -1.2218168 -0.22733091
-0.006114472 -1.3983063 -0.2249389
0.023697004 -1.4855143 -0.2214515
0.058400653 -1.4597229 -0.21733785
-0.030908693 -1.2225593 -0.2270064
-0.006386318 -1.4051477 -0.22452898
0.023070522 -1.49529 -0.2210432
0.057734467 -1.4707314 -0.21692772
-0.030776564 -1.2235844 -0.22665522
-0.00667524 -1.412182 -0.22409093
0.022421706 -1.5051097 -0.2206221
0.05704009 -1.4818424 -0.2165244
-0.030651428 -1.2249134 -0.22627418
-0.006983014 -1.4194127 -0.22362188
0.021750465 -1.5149647 -0.22018701
0.056315627 -1.4930456 -0.2161289
-0.030535111 -1.2265675 -0.22585994
-0.0073115495 -1.4268422 -0.22311875
0.021056794 -1.5248463 -0.21973667
0.05555905 -1.5043285 -0.21574228
-0.03042954 -1.228569 -0.22540888
-0.007662882 -1.4344717 -0.22257844
0.020340769 -1.534746 -0.21926981
0.054768268 -1.5156764 -0.21536566
-0.030336736 -1.2309403 -0.22491716
-0.00803917 -1.4423012 -0.22199765
0.019602515 -1.5446559 -0.2187852
0.05394114 -1.5270717 -0.21500015
-0.030258788 -1.2337043 -0.22438063
-0.00844266 -1.4503287 -0.22137307
0.018842189 -1.5545677 -0.21828157
0.053075574 -1.5384945 -0.2146468
-0.030197805 -1.2368845 -0.22379492
-0.008875626 -1.4585509 -0.22070138
0.018059986 -1.564474 -0.21775764
0.05216965 -1.5499214 -0.21430655
-0.03015587 -1.2405053 -0.22315538
-0.009340338 -1.4669629 -0.21997935
0.017256076 -1.5743679 -0.21721217
0.05122174 -1.5613265 -0.21398012
-0.030134946 -1.2445921 -0.22245711
-0.009838965 -1.4755576 -0.21920387
0.01643062 -1.5842429 -0.21664388
0.05023066 -1.5726812 -0.213668
-0.030136751 -1.2491719 -0.22169496
-0.010373482 -1.4843265 -0.21837224
0.015583771 -1.5940937 -0.21605144
0.04919588 -1.5839546 -0.21337023
-0.030162573 -1.2542735 -0.22086345
-0.010945635 -1.4932599 -0.21748212
0.014715616 -1.603915 -0.21543343
0.048117556 -1.5951145 -0.21308643
-0.030212933 -1.2599291 -0.21995687
-0.011556858 -1.502347 -0.2165319
0.013826243 -1.6137029 -0.21478823
0.046996675 -1.6061279 -0.21281555
-0.030287324 -1.266174 -0.21896873
-0.012208279 -1.5115765 -0.21552098
0.012915737 -1.6234539 -0.2141139
0.045834918 -1.6169631 -0.21255568
-0.03038318 -1.2730505 -0.21789229
-0.012900723 -1.5209373 -0.21445033
0.01198431 -1.6331654 -0.21340811
0.044634514 -1.6275901 -0.21230331
-0.030496491 -1.2806088 -0.21671617
-0.013634885 -1.530419 -0.21332349
0.011032314 -1.6428359 -0.21266794
0.043397713 -1.6379827 -0.21205218
-0.030618131 -1.2889161 -0.21542968
-0.014411265 -1.5400119 -0.21214782
0.010060523 -1.6524639 -0.21188946
0.04212656 -1.6481183 -0.21178968
-0.03074547 -1.2980583 -0.21398835
-0.015230351 -1.54971 -0.21093866
0.0090700425 -1.6620514 -0.21106943
0.04082219 -1.657983 -0.21149422
-0.03086909 -1.3081914 -0.21236189
-0.016092293 -1.5595005 -0.20971598
0.008062171 -1.6715935 -0.21019967
0.039485246 -1.6675565 -0.21111919
-0.031085385 -1.3196057 -0.21025021
-0.016994802 -1.5693995 -0.20851777
0.007039763 -1.6811169 -0.20928034
0.038119946 -1.6768781 -0.21060923
-0.038726732 -0.8898132 -0.259992
-0.038429536 -0.8745477 -0.25721908
-0.036971442 -0.92574906 -0.25698587
-0.037528872 -0.97166353 -0.2552077
-0.038355112 -0.966159 -0.2548896
-0.038112793 -1.00872 -0.2532576
-0.037755497 -1.043359 -0.25130025
-0.035936292 -1.0700909 -0.24926987
-0.039988276 -1.0829577 -0.24916618
-0.039138865 -1.1070877 -0.24753301
-0.03717374 -1.1255889 -0.24593486
-0.04266719 -1.1461176 -0.24546823
-0.041397154 -1.1608965 -0.24416393
-0.03926914 -1.1720475 -0.24289723
-0.036163513 -1.1804289 -0.24169661
-0.044084337 -1.2025075 -0.24128345
-0.0418035 -1.2075665 -0.24026093
-0.03876665 -1.2112521 -0.23928283
-0.04680672 -1.230538 -0.2388531
-0.04442281 -1.2308766 -0.23801877
-0.041405994 -1.2310156 -0.23721598
-0.037769582 -1.2314161 -0.23645008
-0.046869524 -1.2413715 -0.23612916
-0.04387504 -1.2391536 -0.23547141
-0.040330973 -1.2381362 -0.23483817
-0.048958506 -1.2389207 -0.23454699
-0.046012964 -1.2355309 -0.2340124
-0.042557254 -1.2342137 -0.23349233
-0.038636774 -1.2352691 -0.23298311
-0.047696933 -1.2203449 -0.23279746
-0.044345483 -1.2198665 -0.2323714
-0.040555235 -1.2225529 -0.23194414
-0.048828796 -1.1940745 -0.23177885
-0.045616146 -1.1956038 -0.23142418
-0.041975662 -1.2010727 -0.23105466
-0.037983358 -1.2106769 -0.2306576
-0.0463149 -1.1622231 -0.23058411
-0.042849302 -1.1716865 -0.23023883
-0.03905906 -1.1860266 -0.22984383
-0.046412773 -1.1208365 -0.22975944
-0.043149125 -1.135595 -0.22938953
-0.039587606 -1.1559753 -0.22893828
-0.035862386 -1.1820099 -0.22837861
-0.04287233 -1.0944324 -0.22834556
-0.039539617 -1.1222833 -0.22774547
-0.03619317 -1.156456 -0.22698241
-0.04203341 -1.0505164 -0.2268446
-0.038858816 -1.0874221 -0.2259346
-0.03597034 -1.1311815 -0.22478412
-0.0334502 -1.1814282 -0.22339249
-0.0373788 -1.0553172 -0.22287774
-0.034979764 -1.109875 -0.220994
-0.0336802 -1.1708803 -0.2188931
-0.034708034 -1.033462 -0.21735698
-0.032571226 -1.0995067 -0.2139983
-0.032390587 -1.1705221 -0.21037398
0.11907091 -0.95580405 -0.2579861
0.11437525 -0.9596553 -0.25764394
0.11579119 -0.96243435 -0.25621083
0.117386185 -0.9633124 -0.25488627
0.11311308 -0.9690703 -0.25447243
0.11441747 -0.97139776 -0.25300527
0.1159495 -0.9713431 -0.251597
0.117635354 -0.96923107 -0.2502141
0.11309723 -0.9826271 -0.24956049
0.11466828 -0.981565 -0.24818015
0.11630312 -0.97839195 -0.24679124
0.11161355 -0.99673367 -0.24614318
0.11336374 -0.99482983 -0.24479814
0.115047425 -0.99082476 -0.24344079
0.116838336 -0.98471195 -0.2420829
0.111990295 -1.0114467 -0.24153791
0.11376223 -1.0068183 -0.24020696
0.11550112 -1.000086 -0.2388792
0.110510394 -1.0316173 -0.23841678
0.112400815 -1.0265213 -0.23710425
0.11415871 -1.0192356 -0.23580098
0.11597332 -1.0098071 -0.23452547
0.11093415 -1.0500661 -0.23412232
0.11272925 -1.0422385 -0.23281872
0.11445834 -1.032118 -0.23154695
0.109312244 -1.0775893 -0.23126103
0.11118121 -1.0692004 -0.22994351
0.11289487 -1.0582451 -0.22866431
0.11467077 -1.0448595 -0.2274401
0.10947382 -1.1002628 -0.22714457
0.11120398 -1.0883272 -0.22582088
0.112870775 -1.073584 -0.22456613
0.10754271 -1.1355937 -0.22444692
0.1093503 -1.1225661 -0.22307123
0.111008696 -1.1061978 -0.22177999
0.112786494 -1.0867981 -0.22058095
0.1072737 -1.1612114 -0.22036861
0.108981505 -1.1430147 -0.2190036
0.11069245 -1.1211758 -0.21777026
0.1048802 -1.2045294 -0.21779187
0.10670779 -1.1843917 -0.21637937
0.108519256 -1.1598508 -0.21514603
0.11057315 -1.1316936 -0.21405928
0.10408288 -1.2306709 -0.21381679
0.106072 -1.2032341 -0.2126081
0.10835362 -1.1717693 -0.21165335
0.10093138 -1.2821705 -0.21146406
0.103084184 -1.2515409 -0.21040477
0.105855726 -1.2166401 -0.2097761
0.10901521 -1.1796936 -0.2092817
0.09941214 -1.3048129 -0.20822842
0.10283177 -1.2659012 -0.20823129
0.10693408 -1.2270373 -0.2083288
0.09460627 -1.3633144 -0.20632468
0.098909706 -1.3186598 -0.20734882
0.104149476 -1.2785264 -0.20767105
0.121343 -0.94064516 -0.26190796
0.12634191 -0.93482685 -0.26291198
0.12747757 -0.91827226 -0.26492256
0.12832536 -0.8951787 -0.26737642
0.1363724 -0.89054394 -0.26876703
0.13594238 -0.86206937 -0.27072972
0.13479649 -0.8300224 -0.2728186
0.1324264 -0.79583865 -0.27491578
0.14359975 -0.786402 -0.2761875
0.14080074 -0.74926996 -0.27801457
0.13719358 -0.7128133 -0.27987513
0.15013716 -0.69419575 -0.28123638
0.14600384 -0.6556672 -0.2829482
0.1413618 -0.6198109 -0.2847136
0.13611163 -0.58719254 -0.286519
0.15011029 -0.5525948 -0.28772104
0.14466374 -0.5200094 -0.28948537
0.13882947 -0.4917433 -0.29130504
0.15298453 -0.44414726 -0.29246172
0.14698018 -0.41716334 -0.29428825
0.14072764 -0.39521205 -0.296178
0.13419726 -0.37835526 -0.29812926
0.14832085 -0.31540427 -0.29922262
0.141835 -0.30146134 -0.30122745
0.13517724 -0.29291487 -0.3032999
0.1487869 -0.2190713 -0.30438197
0.14226165 -0.21457371 -0.30654228
0.13564207 -0.21554966 -0.30877462
0.12891808 -0.22181192 -0.3110791
0.14218345 -0.13879062 -0.31220898
0.13577332 -0.15027675 -0.3146398
0.12933193 -0.16681851 -0.3171457
0.14182906 -0.078507274 -0.31831256
0.13580081 -0.10127459 -0.32098165
0.12981354 -0.1286404 -0.32372776
0.12383783 -0.16020615 -0.3265457
0.13599533 -0.07291692 -0.32788655
0.13063256 -0.11140962 -0.3309142
0.12536667 -0.15328082 -0.33400849
0.13666563 -0.069850594 -0.33544007
0.1320835 -0.11950937 -0.33879423
0.12772533 -0.17139354 -0.34220394
0.123454414 -0.22489929 -0.3456335
0.13448076 -0.15768845 -0.34745193
0.13121869 -0.21888836 -0.3512156
0.12820753 -0.28000948 -0.3549433
0.13818866 -0.23119406 -0.35694337
0.13616616 -0.30049014 -0.36108184
0.13461298 -0.36745936 -0.36508584
0.13318838 -0.43191266 -0.3687941
0.14308725 -0.4210615 -0.3716117
0.14287306 -0.491661 -0.37573394
0.14305303 -0.55758536 -0.3793899
0.15348199 -0.5826851 -0.38167825
0.15418172 -0.65547943 -0.3850588
0.15429772 -0.7238349 -0.3879209
-0.03439508 -0.8023889 -0.26265943
0.010392552 -0.8518508 -0.2608752
0.047941383 -0.861643 -0.26159176
0.08473319 -0.88467395 -0.2631635
-0.035093203 -0.7853761 -0.26402754
0.010320663 -0.84044105 -0.26209417
0.048075806 -0.8522773 -0.2625841
0.08515394 -0.87610555 -0.2641447
-0.03567626 -0.76991296 -0.26526275
0.010207126 -0.8291444 -0.26332322
0.04819466 -0.84287786 -0.26359662
0.08557269 -0.86727315 -0.26513162
-0.03616926 -0.75574076 -0.2664149
0.010052732 -0.8179843 -0.26455253
0.04829674 -0.83345103 -0.26462525
0.08598665 -0.8581767 -0.26612148
-0.03660034 -0.7426937 -0.26752946
0.009858857 -0.8069906 -0.2657768
0.04838192 -0.82400656 -0.26566657
0.08639365 -0.84881765 -0.2671115
-0.036994845 -0.7306542 -0.2686228
0.0096271 -0.79619396 -0.26699197
0.048449893 -0.81455344 -0.2667171
0.086791284 -0.8391977 -0.26809987
-0.037370425 -0.71954024 -0.2697047
0.009359322 -0.7856254 -0.26819524
0.048500475 -0.80510163 -0.2677742
0.0871771 -0.8293206 -0.2690853
-0.037738886 -0.709291 -0.27077934
0.009057821 -0.77531517 -0.26938444
0.04853353 -0.7956613 -0.26883546
0.0875486 -0.8191919 -0.27006686
-0.038107578 -0.69986105 -0.2718486
0.0087252995 -0.7652919 -0.27055815
0.04854898 -0.7862427 -0.269899
0.08790325 -0.8088192 -0.27104405
-0.038480822 -0.69121486 -0.27291292
0.008364829 -0.75558215 -0.2717154
0.04854678 -0.77685684 -0.2709633
0.0882386 -0.7982127 -0.2720167
-0.03886087 -0.68332446 -0.27397227
0.007979756 -0.7462097 -0.2728558
0.048526913 -0.7675146 -0.27202708
0.088552356 -0.7873849 -0.2729849
-0.039248608 -0.6761669 -0.2750263
0.007573576 -0.73719555 -0.27397943
0.048489418 -0.7582273 -0.27308923
0.08884246 -0.7763504 -0.2739489
-0.039644036 -0.66972315 -0.2760747
0.0071497895 -0.7285576 -0.2750868
0.048434358 -0.74900645 -0.27414894
0.08910711 -0.7651257 -0.27490926
-0.04004651 -0.663977 -0.27711716
0.006711827 -0.7203108 -0.2761786
0.048361868 -0.7398639 -0.2752055
0.08934487 -0.7537291 -0.27586645
-0.040455006 -0.65891445 -0.27815348
0.0062629334 -0.7124674 -0.27725586
0.048272133 -0.7308115 -0.27625835
0.08955461 -0.7421802 -0.27682108
-0.040868253 -0.65452296 -0.2791836
0.005806077 -0.7050369 -0.2783197
0.048165366 -0.7218613 -0.27730712
0.08973547 -0.7304997 -0.27777377
-0.041284796 -0.6507911 -0.28020748
0.005343976 -0.69802666 -0.2793713
0.04804187 -0.71302557 -0.2783515
0.08988694 -0.718709 -0.2787251
-0.041703086 -0.6477085 -0.28122526
0.00487905 -0.69144195 -0.2804118
0.04790199 -0.7043166 -0.27939126
0.090008765 -0.70683014 -0.27967563
-0.042121522 -0.64526504 -0.28223717
0.0044134217 -0.6852865 -0.28144246
0.04774614 -0.69574666 -0.2804264
0.090100884 -0.6948855 -0.28062588
-0.042538483 -0.6434514 -0.28324345
0.0039489707 -0.6795627 -0.28246436
0.047574818 -0.68732786 -0.28145695
0.090163514 -0.6828975 -0.28157634
-0.04295235 -0.64225817 -0.28424442
0.0034873108 -0.67427146 -0.2834786
0.047388542 -0.67907256 -0.28248298
0.09019697 -0.6708888 -0.28252742
-0.043361545 -0.64167625 -0.28524053
0.0030298429 -0.66941315 -0.28448614
0.04718791 -0.67099273 -0.28350475
0.09020173 -0.65888166 -0.2834796
-0.043764517 -0.64169663 -0.28623217
0.0025778029 -0.6649872 -0.28548804
0.04697359 -0.66310024 -0.28452253
0.09017843 -0.6468984 -0.28443325
-0.044159766 -0.64231026 -0.28721985
0.0021322456 -0.6609925 -0.28648508
0.046746265 -0.6554068 -0.28553668
0.090127744 -0.634961 -0.28538877
-0.04454586 -0.643508 -0.28820407
0.0016941174 -0.65742755 -0.28747812
0.046506703 -0.64792377 -0.2865476
0.090050474 -0.62309116 -0.28634652
-0.044921424 -0.64528084 -0.28918537
0.0012642554 -0.6542903 -0.28846797
0.04625571 -0.6406624 -0.28755578
0.08994751 -0.61131024 -0.2873069
-0.045285147 -0.6476195 -0.2901643
0.0008434007 -0.6515787 -0.28945535
0.045994103 -0.63363355 -0.28856176
0.08981973 -0.59963924 -0.2882703
-0.04563579 -0.6505147 -0.2911414
0.0004322381 -0.64929026 -0.29044095
0.045722753 -0.62684774 -0.28956604
0.08966813 -0.5880988 -0.28923708
-0.045972176 -0.65395707 -0.29211724
3.1398078e-05 -0.6474225 -0.2914254
0.045442563 -0.6203152 -0.29056928
0.08949373 -0.57670915 -0.29020765
-0.046293207 -0.6579371 -0.29309237
-0.00035853274 -0.6459726 -0.29240942
0.04515445 -0.61404574 -0.29157203
0.0892976 -0.56549007 -0.29118246
-0.04659783 -0.66244537 -0.29406738
-0.0007369982 -0.6449378 -0.29339358
0.04485935 -0.6080488 -0.292575
0.089080825 -0.554461 -0.29216185
-0.04688508 -0.6674722 -0.29504287
-0.0011034654 -0.6443153 -0.29437852
0.044558223 -0.6023336 -0.2935788
0.088844545 -0.543641 -0.29314634
-0.04715403 -0.67300785 -0.29601935
-0.0014574209 -0.644102 -0.29536477
0.044252027 -0.59690875 -0.2945841
0.08858994 -0.53304845 -0.29413638
-0.047403824 -0.67904264 -0.2969974
-0.0017983619 -0.6442949 -0.29635295
0.043941744 -0.5917827 -0.29559153
0.088318184 -0.5227017 -0.2951324
-0.04763366 -0.6855667 -0.2979776
-0.0021257994 -0.64489096 -0.2973436
0.04362835 -0.58696324 -0.29660183
0.08803053 -0.51261824 -0.2961349
-0.04784277 -0.6925703 -0.29896048
-0.0024392488 -0.64588696 -0.29833734
0.043312814 -0.5824581 -0.29761565
0.0877282 -0.5028155 -0.29714438
-0.04803046 -0.70004356 -0.29994658
-0.0027382334 -0.6472797 -0.29933468
0.042996127 -0.57827437 -0.29863364
0.0874125 -0.49331024 -0.29816142
-0.048196062 -0.70797646 -0.30093643
-0.0030222808 -0.64906585 -0.30033618
0.04267927 -0.57441896 -0.29965645
0.08708472 -0.48411885 -0.29918647
-0.048338972 -0.7163591 -0.30193058
-0.003290923 -0.6512422 -0.3013424
0.042363204 -0.5708983 -0.30068475
0.086746186 -0.47525725 -0.3002201
-0.04845862 -0.7251815 -0.30292955
-0.003543699 -0.65380514 -0.3023539
0.042048916 -0.56771845 -0.30171922
0.086398266 -0.4667409 -0.30126283
-0.04855445 -0.73443377 -0.3039339
-0.0037801412 -0.65675133 -0.30337116
0.04173735 -0.5648852 -0.30276045
0.0860423 -0.4585848 -0.30231526
-0.048625987 -0.7441058 -0.30494404
-0.0039998 -0.6600771 -0.3043948
0.04142948 -0.56240404 -0.30380908
0.085679695 -0.45080352 -0.30337796
-0.04867275 -0.7541875 -0.30596057
-0.0042022183 -0.66377884 -0.30542535
0.041126236 -0.56028 -0.30486575
0.085311845 -0.4434112 -0.30445144
-0.0486943 -0.76466894 -0.30698398
-0.004386944 -0.6678529 -0.3064633
0.040828556 -0.5585178 -0.30593106
0.084940165 -0.4364214 -0.3055363
-0.04869026 -0.77554 -0.30801475
-0.0045535453 -0.67229533 -0.30750918
0.04053737 -0.557122 -0.3070056
0.084566094 -0.4298473 -0.30663309
-0.048660263 -0.7867906 -0.30905336
-0.004701585 -0.6771024 -0.30856356
0.040253583 -0.5560967 -0.30809
0.084191084 -0.42370155 -0.30774242
-0.04860393 -0.79841053 -0.31010032
-0.004830618 -0.68226993 -0.30962694
0.0399781 -0.5554457 -0.3091848
0.083816566 -0.41799644 -0.30886483
-0.048520967 -0.81038976 -0.31115612
-0.0049402304 -0.68779397 -0.31069988
0.039711807 -0.5551726 -0.31029055
0.08344401 -0.4127436 -0.31000087
-0.0484111 -0.82271814 -0.31222123
-0.0050300118 -0.69367033 -0.31178284
0.039455574 -0.5552808 -0.31140783
0.083074875 -0.40795437 -0.3111511
-0.04827405 -0.8353854 -0.3132961
-0.005099546 -0.69989467 -0.3128764
0.03921026 -0.55577326 -0.3125372
0.082710646 -0.4036395 -0.3123161
-0.048109576 -0.8483813 -0.31438127
-0.005148434 -0.7064626 -0.31398103
0.03897671 -0.55665284 -0.31367916
0.08235278 -0.39980933 -0.31349632
-0.047917463 -0.8616956 -0.31547716
-0.005176287 -0.7133697 -0.31509727
0.038755745 -0.55792207 -0.31483427
0.082002744 -0.39647368 -0.31469238
-0.04769754 -0.875318 -0.31658426
-0.005182735 -0.72061145 -0.31622562
0.03854817 -0.55958337 -0.316003
0.081662014 -0.39364192 -0.3159047
-0.04744962 -0.889238 -0.31770307
-0.0051674005 -0.72818303 -0.3173666
0.03835479 -0.56163883 -0.3171859
0.08133205 -0.39132294 -0.31713384
-0.04717356 -0.9034453 -0.318834
-0.0051299264 -0.73607963 -0.31852072
0.038176376 -0.5640904 -0.31838343
0.0810143 -0.3895252 -0.31838024
-0.046869256 -0.9179295 -0.31997758
-0.005069982 -0.74429643 -0.31968847
0.038013678 -0.56693983 -0.3195961
0.0807102 -0.38825664 -0.3196443
-0.04653659 -0.93267983 -0.32113424
-0.0049872226 -0.75282836 -0.32087037
0.037867445 -0.57018876 -0.32082435
0.08042119 -0.38752478 -0.32092655
-0.04617549 -0.9476859 -0.32230452
-0.004881336 -0.76167035 -0.32206696
0.037738394 -0.5738386 -0.3220687
0.08014866 -0.38733673 -0.3222273
-0.045785908 -0.9629369 -0.32348886
-0.0047520194 -0.77081704 -0.3232787
0.037627235 -0.57789063 -0.32332954
0.07989402 -0.3876991 -0.32354695
-0.045367833 -0.97842205 -0.32468778
-0.0045990013 -0.78026325 -0.32450616
0.03753465 -0.58234596 -0.32460737
0.07965864 -0.3886181 -0.32488582
-0.04492125 -0.9941305 -0.32590178
-0.0044220067 -0.7900033 -0.32574978
0.03746131 -0.58720577 -0.32590258
0.07944386 -0.39009956 -0.32624424
-0.044446174 -1.0100513 -0.32713133
-0.0042207832 -0.8000317 -0.32701018
0.037407875 -0.5924708 -0.32721564
0.07925098 -0.39214885 -0.32762244
-0.043942668 -1.0261734 -0.32837704
-0.0039951075 -0.8103429 -0.32828784
0.037374973 -0.598142 -0.32854694
0.0790813 -0.39477107 -0.32902068
-0.043410815 -1.0424856 -0.32963938
-0.0037447796 -0.8209309 -0.3295833
0.037363227 -0.60422015 -0.3298969
0.078936055 -0.39797083 -0.3304391
-0.042850696 -1.0589767 -0.3309189
-0.003469602 -0.83178985 -0.33089712
0.037373252 -0.6107058 -0.33126596
0.07881646 -0.40175247 -0.33187786
-0.042262465 -1.0756352 -0.3322163
-0.0031694248 -0.8429138 -0.33222988
0.03740564 -0.61759955 -0.33265445
0.07872368 -0.40612006 -0.333337
-0.041646276 -1.0924497 -0.3335321
-0.0028441153 -0.8542965 -0.33358213
0.037460975 -0.6249019 -0.3340628
0.078658834 -0.41107735 -0.33481663
-0.041002333 -1.1094086 -0.33486697
-0.0024935745 -0.86593187 -0.33495453
0.037539825 -0.63261336 -0.33549142
0.07862299 -0.41662785 -0.33631665
-0.040330864 -1.1265 -0.33622158
-0.0021177349 -0.87781364 -0.33634767
0.03764275 -0.6407343 -0.33694062
0.07861718 -0.42277485 -0.33783704
-0.039632145 -1.1437122 -0.33759665
-0.0017165721 -0.88993526 -0.33776218
0.037770297 -0.649265 -0.33841076
0.07864235 -0.42952147 -0.3393776
-0.038906462 -1.161033 -0.338993
-0.0012900819 -0.9022905 -0.33919883
0.03792302 -0.65820575 -0.33990225
0.07869945 -0.43687075 -0.3409382
-0.038154177 -1.1784505 -0.3404114
-0.0008383321 -0.9148728 -0.34065828
0.03810143 -0.6675566 -0.34141538
0.07878931 -0.44482556 -0.34251854
-0.037375662 -1.195952 -0.34185272
-0.00036141856 -0.9276756 -0.34214136
0.038306065 -0.6773177 -0.34295052
0.07891276 -0.4533887 -0.34411833
-0.036571335 -1.2135257 -0.34331796
0.00014050087 -0.94069254 -0.34364888
0.038537428 -0.687489 -0.34450796
0.07907054 -0.46256304 -0.34573716
-0.035741676 -1.2311584 -0.34480804
0.00066720025 -0.953917 -0.34518176
0.03879601 -0.69807035 -0.34608802
0.079263374 -0.47235143 -0.34737462
-0.03488718 -1.2488378 -0.34632412
0.0012184051 -0.96734273 -0.34674093
0.0390823 -0.70906156 -0.34769106
0.07949193 -0.4827568 -0.34903023
-0.034008395 -1.2665511 -0.34786734
0.0017937599 -0.9809634 -0.34832752
0.039396763 -0.7204622 -0.34931737
0.07975683 -0.49378213 -0.35070345
-0.033105914 -1.2842852 -0.34943894
0.0023928282 -0.9947729 -0.3499426
0.039739832 -0.7322717 -0.35096726
0.0800587 -0.50543046 -0.35239372
-0.032180358 -1.302027 -0.3510403
0.0030150965 -1.0087655 -0.3515874
0.040111918 -0.7444894 -0.3526411
0.080398135 -0.5177051 -0.3541005
-0.031232372 -1.3197632 -0.35267287
0.003659985 -1.0229354 -0.35326332
0.04051341 -0.7571143 -0.35433924
0.080775745 -0.5306091 -0.3558231
-0.030262632 -1.3374803 -0.35433814
0.0043268125 -1.0372776 -0.35497174
0.040944647 -0.7701455 -0.3560621
0.08119215 -0.54414576 -0.35756102
-0.029271815 -1.3551645 -0.35603783
0.0050148433 -1.0517874 -0.35671428
0.04140593 -0.78358155 -0.35781026
0.08164803 -0.5583184 -0.35931364
-0.028260604 -1.3728018 -0.35777363
0.005723261 -1.0664605 -0.35849258
0.04189751 -0.79742104 -0.3595842
0.082144104 -0.57312965 -0.36108053
-0.02722965 -1.3903776 -0.35954738
0.0064512147 -1.0812935 -0.36030835
0.04241958 -0.8116622 -0.36138475
0.08268114 -0.5885824 -0.36286128
-0.026179537 -1.4078774 -0.36136103
0.0071978397 -1.0962834 -0.3621635
0.042972296 -0.82630336 -0.3632128
0.08326001 -0.60467863 -0.36465564
-0.025110785 -1.4252855 -0.36321658
0.007962259 -1.1114279 -0.36405987
0.04355574 -0.84134203 -0.36506954
0.083881564 -0.6214194 -0.36646363
-0.024023714 -1.4425853 -0.36511615
0.00874368 -1.1267254 -0.3659994
0.04416998 -0.85677594 -0.36695644
0.08454675 -0.638805 -0.36828557
-0.022918468 -1.4597598 -0.36706188
0.009541346 -1.1421753 -0.3679839
0.044815026 -0.8726027 -0.3688754
0.08525638 -0.6568343 -0.37012225
-0.021794822 -1.4767897 -0.36905614
0.0103546595 -1.1577767 -0.3700152
0.045490935 -0.88881916 -0.37082872
0.086011216 -0.6755042 -0.37197518
-0.020652123 -1.4936541 -0.37110138
0.0111831045 -1.1735299 -0.3720947
0.04619776 -0.90542245 -0.37281927
0.08681168 -0.69481045 -0.373847
-0.019489134 -1.5103291 -0.37320107
0.012026317 -1.1894346 -0.3742234
0.046935707 -0.9224091 -0.37485048
0.08765788 -0.71474653 -0.375742
-0.018303901 -1.5267867 -0.3753588
0.012884025 -1.2054914 -0.37640148
0.047705173 -0.9397755 -0.37692633
0.0885495 -0.7353042 -0.3776671
-0.017094463 -1.5429919 -0.3775852
0.013756037 -1.2217001 -0.37862745
0.048506815 -0.9575175 -0.37905133
0.08948575 -0.75647306 -0.37963358
-0.015858721 -1.5589008 -0.37988597
0.014642469 -1.238061 -0.38089752
0.049341958 -0.9756309 -0.38123018
0.090466075 -0.7782414 -0.38165948
-0.014605428 -1.5744437 -0.3823321
0.015543709 -1.2545727 -0.3832039
0.050212067 -0.99411064 -0.38346744
0.091490276 -0.8005943 -0.383772
-0.01335297 -1.5895498 -0.3848989
0.016461382 -1.2712368 -0.3855367
0.051120415 -1.012956 -0.38576794
0.092562206 -0.8235302 -0.386012
-0.045892306 -0.7540086 -0.2607148
-0.04181481 -0.7604314 -0.26121712
-0.045248017 -0.72134954 -0.26379552
-0.05053583 -0.68478644 -0.26674393
-0.045671467 -0.7000618 -0.26818866
-0.049497757 -0.6693084 -0.27049866
-0.05482167 -0.64158255 -0.27313504
-0.061504938 -0.6166549 -0.27585152
-0.051537853 -0.6415615 -0.27662334
-0.057467997 -0.6228486 -0.27896333
-0.06415994 -0.608216 -0.28136662
-0.051857308 -0.63231623 -0.28211594
-0.058473524 -0.6231392 -0.28428072
-0.065323554 -0.61886746 -0.2864957
-0.07239922 -0.6198111 -0.2887096
-0.058196988 -0.6379806 -0.28930157
-0.06520187 -0.6439372 -0.2914173
-0.07219491 -0.655502 -0.29354537
-0.056928545 -0.66406417 -0.29419065
-0.06400667 -0.67996866 -0.2962657
-0.07089498 -0.701669 -0.29836413
-0.07754836 -0.72928816 -0.3004776
-0.061897058 -0.72431105 -0.3011403
-0.06864473 -0.7556335 -0.30324975
-0.07510677 -0.79286414 -0.30538487
-0.058983613 -0.7748322 -0.3061199
-0.06553944 -0.8152313 -0.30827308
-0.07174777 -0.8614359 -0.31046075
-0.07755128 -0.9134367 -0.31268215
-0.061657265 -0.8786547 -0.31349775
-0.06758093 -0.9331734 -0.3157649
-0.07311313 -0.99326366 -0.3180745
-0.057062875 -0.94436246 -0.31898344
-0.06267181 -1.0065 -0.32135555
-0.067873225 -1.0739173 -0.3237773
-0.07260954 -1.1465096 -0.3262509
-0.057081416 -1.0800363 -0.32729205
-0.061934672 -1.1539713 -0.32985023
-0.0663723 -1.2326837 -0.33247045
-0.050869737 -1.15256 -0.3336391
-0.055358116 -1.232135 -0.3363629
-0.05944654 -1.31602 -0.3391592
-0.06310087 -1.4040049 -0.34203485
-0.04821404 -1.3072269 -0.34340528
-0.051930167 -1.3952283 -0.34642226
-0.055292923 -1.4866904 -0.34954157
-0.040601745 -1.3781885 -0.35110176
-0.043918166 -1.46911 -0.3544196
-0.0468811 -1.5626688 -0.35787812
-0.049598336 -1.6583052 -0.36149198
-0.035582192 -1.5366822 -0.3633839
-0.03805295 -1.6307365 -0.36736953
-0.04025245 -1.7252716 -0.3715904
-0.02715382 -1.5972967 -0.3735919
-0.029039089 -1.690148 -0.37843552
-0.030593317 -1.7810625 -0.38346034
-0.013438318 -1.7386214 -0.3977432
0.015416085 -2.0830257 -0.4542798
0.049838077 -2.4252403 -0.51765823
-0.0052648964 -1.8675871 -0.41503754
0.024988234 -2.2087657 -0.47488102
0.060948174 -2.547608 -0.53951615
0.0030766057 -1.9950973 -0.43416923
0.03495367 -2.3323812 -0.49599242
-0.016366998 -1.7831358 -0.39779538
0.011908863 -2.1203332 -0.45413473
0.045334294 -2.454108 -0.5175088
-0.008315978 -1.9107364 -0.4151798
0.021161078 -2.2432683 -0.4747539
0.056160595 -2.5741339 -0.5393563
-0.00015716028 -2.0356133 -0.4341349
0.030809212 -2.3641539 -0.49588552
-0.019645095 -1.8265166 -0.3976541
0.008408115 -2.158024 -0.45405626
0.040878247 -2.483329 -0.51741165
-0.011583834 -1.9534326 -0.4153333
0.01735525 -2.2780786 -0.4746807
0.051410288 -2.6010523 -0.53924394
-0.003483245 -2.076244 -0.4341575
0.026682522 -2.3961656 -0.49582782
-0.023032114 -1.869659 -0.3974998
0.004876424 -2.1959333 -0.45402476
0.036431797 -2.5127594 -0.5173624
-0.014972838 -1.9958495 -0.4154035
0.013539006 -2.313063 -0.47464973
0.04666156 -2.628225 -0.539182
-0.006887655 -2.1168764 -0.43417698
0.022547306 -2.4282932 -0.4958091
-0.026499966 -1.912906 -0.39737558
0.0013110115 -2.2339354 -0.45401612
0.031971794 -2.542273 -0.5173523
-0.018388875 -2.0382626 -0.41538244
0.009711637 -2.3481119 -0.47464684
0.041901242 -2.6555016 -0.53916913
-0.084592246 -1.8574443 -0.15226117
-0.05757641 -1.5765017 -0.18178056
-0.035455197 -1.2952766 -0.20141642
-0.07602701 -1.762654 -0.1616173
-0.050365474 -1.481207 -0.18897568
-0.09782303 -1.9532611 -0.13823387
-0.06777416 -1.6672173 -0.17042394
-0.043186776 -1.3845097 -0.19529912
-0.08846703 -1.8576574 -0.14823204
-0.059800398 -1.570928 -0.17861077
-0.03609547 -1.2850933 -0.20002262
-0.07945178 -1.761568 -0.15779038
-0.05206791 -1.4736139 -0.18608756
-0.10221337 -1.9550537 -0.13399039
-0.070733756 -1.6646804 -0.16683117
-0.044547528 -1.375092 -0.19268252
-0.09249949 -1.8585135 -0.14409961
-0.06228562 -1.566758 -0.17527919
-0.03745074 -1.2755096 -0.19796166
-0.08309918 -1.7613728 -0.15383464
-0.054104846 -1.4676566 -0.18304451
-0.10672678 -1.9571757 -0.12973262
-0.07396723 -1.66328 -0.16309282
-0.046253007 -1.3674223 -0.18997018
-0.09672403 -1.8599405 -0.13987723
-0.065081105 -1.5639693 -0.17179096
-0.038990267 -1.2667873 -0.19573167
-0.08699873 -1.7620105 -0.14976126
-0.056456547 -1.4632896 -0.17984451
-0.032907676 -1.1685854 -0.20021905
-0.07750537 -1.662968 -0.15922074
-0.048193313 -1.3613575 -0.18712734
-0.10115934 -1.8618629 -0.1355861
-0.0682282 -1.5625201 -0.16815849
-0.040577743 -1.2590557 -0.1933932
-0.09119549 -1.7634181 -0.14558741
-0.059196707 -1.4604837 -0.17649278
-0.03418527 -1.1590259 -0.19835465
-0.050320763 -1.5534046 -0.18903197
-0.074190065 -1.8221748 -0.16211028
-0.10454486 -2.1004715 -0.12780674
-0.056150854 -1.6429172 -0.18178478
-0.08201328 -1.9131312 -0.15273169
-0.04094389 -1.4727234 -0.19685313
-0.062656805 -1.7322176 -0.1738782
-0.09025753 -2.003913 -0.1427434
-0.046346452 -1.5594242 -0.19113806
-0.069624506 -1.8212748 -0.16536234
-0.098908976 -2.0944958 -0.13190305
-0.052093484 -1.6460499 -0.18431272
-0.07702197 -1.9101956 -0.15625907
-0.036543764 -1.4777404 -0.19838823
-0.05823593 -1.7327759 -0.17673916
-0.08484745 -1.9990112 -0.14653686
-0.04214479 -1.5632664 -0.19310464
-0.06483431 -1.819575 -0.1685216
-0.09308458 -2.0877016 -0.13603532
-0.04774933 -1.6477607 -0.18672314
-0.071861416 -1.9064045 -0.15969865
-0.03211315 -1.4791194 -0.20139892
-0.0536472 -1.7322308 -0.17950204
-0.07930705 -1.9932508 -0.15025909
-0.037641753 -1.5639656 -0.19531785
-0.059924755 -1.8168596 -0.17158714
-0.08716218 -2.0800378 -0.14010246
-0.043181982 -1.6473136 -0.18911429
-0.0666091 -1.9016497 -0.16304518
-0.09540889 -2.1666646 -0.12891197
-0.048898734 -1.7301111 -0.18218754
-0.073701896 -1.986539 -0.15388986
-0.033097472 -1.5621217 -0.19806999
-0.054916345 -1.8128772 -0.17456372
-0.08119861 -2.0714474 -0.14406659
-0.03845194 -1.644476 -0.19167069
-0.06129576 -1.8957628 -0.16629852
-0.08908893 -2.1562595 -0.13338523
-0.04400003 -1.7260745 -0.1848812
-0.06806193 -1.9787762 -0.15742183
-0.028604353 -1.5585351 -0.20133272
-0.04980232 -1.8073436 -0.17748675
-0.07522101 -2.0618415 -0.14791408
-0.033670727 -1.639629 -0.19448663
-0.055919897 -1.8885659 -0.16947348
-0.08277003 -2.144867 -0.1376649
-0.039001778 -1.7200955 -0.18767424
-0.062391598 -1.9698316 -0.16085991
-0.09070706 -2.227758 -0.12641162
-0.044594716 -1.8001165 -0.18041572
-0.069236316 -2.051134 -0.15164551
-0.028887276 -1.6331931 -0.19755551
-0.05047833 -1.8798987 -0.17260356
-0.07646002 -2.1324046 -0.14177166
-0.033962425 -1.7124199 -0.19060718
-0.05668594 -1.9595896 -0.16422251
-0.084065385 -2.2135775 -0.1310788
-0.03932683 -1.79123 -0.18340063
-0.06324136 -2.0392287 -0.1552726
-0.02409794 -1.625422 -0.20081016
-0.04498251 -1.8697144 -0.17572942
-0.070157945 -2.1188045 -0.14572577
-0.028910363 -1.7032933 -0.19367875
-0.050944794 -1.9479666 -0.16753817
-0.077443816 -2.1982737 -0.13548906
-0.03403224 -1.7808514 -0.18646404
-0.05723237 -2.0260577 -0.15881634
-0.08511162 -2.277609 -0.1244048
-0.03945398 -1.858062 -0.17888238
-0.0638602 -2.104002 -0.1495506
-0.023850724 -1.6928866 -0.19686571
-0.04517749 -1.9349613 -0.17083679
-0.070840016 -2.1817997 -0.13969049
-0.028728183 -1.7691367 -0.18960798
-0.051210932 -2.0115843 -0.16230266
-0.07818576 -2.259441 -0.12913294
-0.033912968 -1.8450626 -0.18207842
-0.05756531 -2.0879662 -0.15327254
-0.0187855 -1.681258 -0.20012702
-0.039398298 -1.9206252 -0.17414144
-0.06425226 -2.164121 -0.1437229
-0.023420753 -1.7562042 -0.19282345
-0.04518451 -1.9958309 -0.16575676
-0.07128625 -2.240072 -0.1335948
-0.028370371 -1.830822 -0.18532218
-0.05127605 -2.070691 -0.15691875
-0.013696842 -1.6684179 -0.2034106
-0.03361986 -1.90505 -0.17746615
-0.057681322 -2.1452353 -0.14762175
-0.018108947 -1.7420967 -0.19609247
-0.039162893 -1.9788474 -0.16919887
-0.06441338 -2.2194953 -0.13783942
-0.022830706 -1.8154243 -0.18861154
-0.044998623 -2.0522125 -0.16051412
-0.071492545 -2.2935205 -0.12752563
-0.027849171 -1.8883119 -0.18081811
-0.05113088 -2.1251593 -0.15141892
-0.012783906 -1.7268233 -0.19938819
-0.03315424 -1.9607075 -0.17264351
-0.057569686 -2.1977327 -0.14191182
-0.017291522 -1.7988997 -0.1919387
-0.038740043 -2.0325792 -0.16407937
-0.06433314 -2.26999 -0.13197576
-0.022088684 -1.8704721 -0.18419988
-0.044606283 -2.103937 -0.15514223
-0.0074471976 -1.7103459 -0.20267822
-0.027162895 -1.9414682 -0.1761006
-0.050759345 -2.1748173 -0.14585032
-0.0117477765 -1.7812531 -0.1952895
-0.032505643 -2.0118523 -0.167631
-0.057214495 -2.245293 -0.13621263
-0.016335353 -1.8515502 -0.18760996
-0.0381127 -2.0816154 -0.15881515
-0.06399706 -2.3154426 -0.12623385
-0.021189498 -1.9211745 -0.1795767
-0.04398701 -2.1507986 -0.14968744
-0.0061949347 -1.7624482 -0.19864336
-0.026297798 -1.9900752 -0.17118198
-0.050140902 -2.2194746 -0.14027971
-0.010584819 -1.8315463 -0.19104208
-0.03165346 -2.0582461 -0.16245714
-0.056597658 -2.2877433 -0.13061862
-0.015230603 -1.8998374 -0.18307531
-0.037256297 -2.1257212 -0.15345061
-0.0006171465 -1.7424328 -0.20197448
-0.020115685 -1.96728 -0.17474253
-0.04311607 -2.1925871 -0.14421426
-0.004829269 -1.8104228 -0.19448435
-0.025229288 -2.033861 -0.16608441
-0.04925432 -2.2589562 -0.1347977
-0.009281161 -1.8774498 -0.1865965
-0.03056879 -2.0996256 -0.15716292
-0.055703614 -2.324941 -0.12525517
-0.013955307 -1.9434685 -0.17832062
-0.036141943 -2.1646693 -0.14804801
0.00094256486 -1.7881265 -0.1979185
-0.018838039 -2.008478 -0.16971068
-0.04196935 -2.2291312 -0.13881086
-0.0033320363 -1.8539726 -0.1901359
-0.023923492 -2.07253 -0.16084394
-0.04808383 -2.2931478 -0.12952095
-0.007810621 -1.9186261 -0.18192162
-0.029218031 -2.1357472 -0.15180789
0.0067367074 -1.7645727 -0.20131916
-0.0124749625 -1.9820888 -0.17334764
-0.03474246 -2.1982968 -0.14269367
0.002626816 -1.8293499 -0.19368374
-0.017316796 -2.0444362 -0.1645105
-0.040531226 -2.2603552 -0.1335928
-0.0016720525 -1.8927095 -0.18554808
-0.02234113 -2.1058207 -0.15551679
0.012579787 -1.7396541 -0.20465274
-0.006133053 -1.9546673 -0.17700514
-0.027570296 -2.1664596 -0.14647691
0.008607839 -1.8034952 -0.19722292
-0.010742776 -2.015319 -0.16817734
-0.033042427 -2.2265763 -0.13750249
0.0044709085 -1.8656585 -0.18919893
-0.015505498 -2.074867 -0.1591943
-0.038804375 -2.2863374 -0.12870397
0.00019743084 -1.9261626 -0.18069123
-0.020446453 -2.1335924 -0.15018696
0.014632369 -1.7762972 -0.2007259
-0.0041933996 -1.9851347 -0.17185749
-0.025610192 -2.191791 -0.14128499
0.0106337685 -1.8373847 -0.19286816
-0.0087032225 -2.0428357 -0.16285752
-0.031050581 -2.249683 -0.13261852
0.0065278127 -1.8965069 -0.18441199
-0.013361791 -2.0996394 -0.15384638
0.020710068 -1.747607 -0.20414929
0.0023414604 -1.953817 -0.17556255
-0.018223628 -2.1559381 -0.14497116
0.016835665 -1.8077744 -0.19654225
-0.0019244485 -2.0096538 -0.1665214
-0.023353541 -2.2120275 -0.13637578
0.012874278 -1.8656081 -0.18817133
-0.0063048834 -2.0645127 -0.15747453
-0.028808855 -2.268027 -0.1282116
0.008873773 -1.9212823 -0.17930277
-0.010868728 -2.1189203 -0.14858802
0.023097672 -1.7766753 -0.20019434
0.0048423545 -1.975226 -0.17019908
-0.015697025 -2.1732717 -0.14001352
0.01925539 -1.8333493 -0.19197047
0.0007377585 -2.0280976 -0.1610881
-0.020857356 -2.2277331 -0.13191308
0.015419177 -1.8874259 -0.18308719
-0.003528823 -2.0806053 -0.15215896
0.029462706 -1.7438782 -0.20377077
0.011610635 -1.9394356 -0.17390168
-0.008061429 -2.133274 -0.14356653
0.025697693 -1.7995776 -0.1958069
0.0077816285 -1.9902525 -0.16470118
-0.012941897 -2.1863248 -0.13546905
0.021995615 -1.8521183 -0.18692406
0.003815259 -2.0408294 -0.1557044
-0.018214721 -2.2397003 -0.12807463
0.018396566 -1.9021428 -0.17763779
-0.00042446266 -2.09186 -0.14706607
0.032240517 -1.7640833 -0.19966975
0.014844988 -1.9508079 -0.16832502
-0.005038023 -2.1436198 -0.13892694
0.028629169 -1.8151978 -0.19082236
0.011185561 -1.9994032 -0.15924244
-0.010072394 -2.1960387 -0.13149013
0.025218947 -1.8631741 -0.18141252
0.0072384984 -2.0488286 -0.15054022
0.03892873 -1.7265785 -0.2035218
0.021950042 -1.909561 -0.17196697
0.0028805279 -2.099412 -0.14233145
0.035352994 -1.7764482 -0.19479646
0.018608455 -1.956106 -0.16278948
-0.0019367989 -2.151044 -0.1347896
0.032102846 -1.8223135 -0.18522641
0.014954609 -2.0039644 -0.1540155
0.045866817 -1.686614 -0.20722604
0.02912527 -1.8662534 -0.1756285
0.010840779 -2.0534828 -0.14572205
0.042215396 -1.7355843 -0.19887763
0.026117044 -1.9106841 -0.16636074
0.0062200413 -2.104487 -0.13803968
0.039077062 -1.7792673 -0.18907446
0.02275464 -1.9570355 -0.15751895
0.0011050012 -2.1565952 -0.13126028
0.03641005 -1.8205515 -0.1793022
0.018869698 -2.0056214 -0.1491346
0.049307756 -1.6921722 -0.20314105
0.03375573 -1.8628254 -0.16997091
0.014424774 -2.0561447 -0.14129762
0.04618184 -1.7336404 -0.19294672
0.030674778 -1.9078058 -0.1610804
0.0094462875 -2.1081374 -0.13423355
0.043860823 -1.7719785 -0.18296853
0.026993938 -1.9556283 -0.15260501
0.056789104 -1.645537 -0.20772468
0.041585177 -1.8121533 -0.1736374
0.022700293 -2.005829 -0.14460817
0.053470388 -1.6848278 -0.19683506
0.03875818 -1.8560157 -0.16473448
0.017836034 -2.0578265 -0.1372543
0.051565442 -1.7198576 -0.18659449
0.035240244 -1.9033396 -0.1561716
0.012460541 -2.1111355 -0.13095413
0.04969324 -1.7581834 -0.17739056
0.031063547 -1.9533931 -0.14801025
0.06104514 -1.6318464 -0.20077182
0.047052253 -1.8014036 -0.16852492
0.026293784 -2.0055034 -0.14038226
0.059734624 -1.6631293 -0.19014864
0.043626618 -1.8485987 -0.1598752
0.020996079 -2.059134 -0.13353415
0.058156677 -1.7003927 -0.18129915
0.039520547 -1.8987638 -0.15153986
0.06891123 -1.5726043 -0.20513476
0.055572502 -1.7436829 -0.17251617
0.034829065 -1.951083 -0.14364924
0.06862058 -1.6001937 -0.19371688
0.052137867 -1.7912815 -0.16376016
0.02962851 -2.0050476 -0.13635196
0.01087987 -1.903576 -0.43466026
0.044854015 -2.2608202 -0.49644205
-0.007256629 -1.6485735 -0.3980704
0.022876652 -2.011444 -0.454744
0.058990892 -2.3700857 -0.51809424
0.0032579417 -1.7564644 -0.41573632
0.035673153 -2.1207166 -0.47546405
0.07397011 -2.480795 -0.5401369
0.01467142 -1.8660297 -0.43493158
0.049283735 -2.2314458 -0.49670056
-0.003453839 -1.6070567 -0.39784673
0.026890727 -1.9768913 -0.45500553
0.06373383 -2.3436325 -0.5183702
0.0070591127 -1.7173078 -0.4159826
0.039934095 -2.089146 -0.47573495
0.07904222 -2.4572449 -0.5404335
0.018581826 -1.8295088 -0.4351947
0.053824544 -2.2028544 -0.4969899
0.00023781805 -1.5667499 -0.39762518
0.030997727 -1.9432286 -0.4552784
0.06858207 -2.3180232 -0.5186811
0.01091029 -1.6793529 -0.4161444
0.04428559 -2.0584378 -0.47602886
0.084220864 -2.4346232 -0.54076326
0.02257516 -1.7940525 -0.4354432
0.05845682 -2.1751573 -0.49731034
0.00394586 -1.5274385 -0.39747384
0.03518666 -1.9105399 -0.4555631
0.07352513 -2.293376 -0.51902723
0.01480465 -1.642443 -0.4162561
0.04872015 -2.0286913 -0.47634703
0.08949986 -2.4130504 -0.54112643
0.026641311 -1.7596484 -0.43567526
0.0631762 -2.1484623 -0.4976626
0.007709006 -1.4890567 -0.39738366
0.039457116 -1.8788837 -0.4558574
0.07856158 -2.2698052 -0.5194088
0.018751366 -1.6064994 -0.41634846
0.05323988 -1.9999932 -0.47668892
0.09488029 -2.392648 -0.5415238
0.030777475 -1.7262768 -0.43589652
0.067985974 -2.1228714 -0.49804646
0.0115389805 -1.4515812 -0.39733803
0.043809734 -1.8483019 -0.45616004
0.08369614 -2.247423 -0.519826
0.022759594 -1.5714983 -0.4164397
0.05784896 -1.9724195 -0.477053
0.10036862 -2.3735354 -0.5419561
0.034985296 -1.6939329 -0.43611482
0.0728924 -2.0984797 -0.49846086
0.015440067 -1.4150059 -0.39732453
0.04824629 -1.8188301 -0.45647186
0.08893664 -2.2263365 -0.52027804
0.026836358 -1.537445 -0.41653892
0.06255215 -1.946039 -0.47743806
0.105974324 -2.355831 -0.5424237
0.03926887 -1.6626313 -0.43633693
0.07790278 -2.0753772 -0.49890453
0.019414574 -1.3793333 -0.39733478
0.052770235 -1.7905072 -0.4567949
0.09429231 -2.2066498 -0.520764
0.030987209 -1.5043592 -0.41665
0.06735482 -1.9209166 -0.47784373
0.11170831 -2.33965 -0.54292643
0.043633435 -1.6324006 -0.43656754
0.08302488 -2.0536482 -0.4993763
0.023464527 -1.3445729 -0.3973632
0.05738655 -1.7633775 -0.45713133
0.09977292 -2.1884625 -0.5212827
0.035217024 -1.4722692 -0.41677424
0.07226319 -1.8971161 -0.47827014
0.117581956 -2.325103 -0.5434639
0.048084784 -1.6032797 -0.4368096
0.088266835 -2.0333745 -0.4998752
0.027592197 -1.3107393 -0.39740583
0.062101383 -1.7374917 -0.45748323
0.10538839 -2.1718686 -0.5218328
0.03953055 -1.4412079 -0.4169118
0.07728434 -1.8747026 -0.4787177
0.123606645 -2.3122947 -0.54403484
0.052629072 -1.575314 -0.4370649
0.09363717 -2.0146344 -0.5004005
0.031800326 -1.2778515 -0.39745983
0.066921726 -1.7129059 -0.45785207
0.11114872 -2.1569579 -0.5224129
0.04393268 -1.4112126 -0.41706237
0.08242617 -1.853743 -0.47918704
0.12979354 -2.3013215 -0.5446378
0.057272796 -1.5485538 -0.43733457
0.09914492 -1.9975051 -0.5009516
0.036092192 -1.2459328 -0.39752316
0.07185522 -1.6896801 -0.45823908
0.11706404 -2.1438143 -0.5230213
0.04842867 -1.382324 -0.41722542
0.08769728 -1.8343061 -0.4796786
0.13615349 -2.2922714 -0.5452704
0.062022887 -1.5230534 -0.43761936
0.10479961 -1.9820616 -0.5015279
0.040471658 -1.2150108 -0.39759427
0.076910146 -1.6678789 -0.45864522
0.12314455 -2.1325157 -0.5236562
0.053024236 -1.354587 -0.41740045
0.093107015 -1.8164628 -0.48019284
0.14269695 -2.285221 -0.5459296
0.06688679 -1.4988711 -0.43791994
0.11061133 -1.9683774 -0.50212866
0.0449432 -1.1851171 -0.39767194
0.08209543 -1.6475697 -0.45907143
0.12940066 -2.1231334 -0.5243153
0.057725668 -1.3280503 -0.41758716
0.098665416 -1.8002851 -0.48073018
0.14943393 -2.280234 -0.5466118
0.07187259 -1.4760697 -0.4382371
0.11659074 -1.9565237 -0.502753
0.0495119 -1.1562884 -0.39775527
0.08742075 -1.6288244 -0.45951876
0.13584292 -2.1157312 -0.524996
0.0625399 -1.3027678 -0.41778544
0.10438335 -1.7858475 -0.48129094
0.15637398 -2.2773602 -0.5473123
0.07698912 -1.4547169 -0.43857166
0.12274918 -1.9465691 -0.5033998
0.054183505 -1.1285658 -0.39784357
0.09289669 -1.611719 -0.4599884
0.1424821 -2.1103632 -0.525695
0.067474596 -1.2787989 -0.41799542
0.11027262 -1.7732259 -0.4818756
0.16352607 -2.2766314 -0.54802585
0.08224611 -1.4348868 -0.43892494
0.1290987 -1.9385791 -0.50406766
0.058964435 -1.1019961 -0.39793625
0.09853489 -1.5963347 -0.46048173
0.1493291 -2.1070735 -0.5264085
0.07253828 -1.2562099 -0.41821748
0.11634613 -1.762498 -0.48248452
0.17089845 -2.278061 -0.5487459
0.087654375 -1.4166604 -0.43929854
0.13565215 -1.9326149 -0.50475484
0.06386181 -1.0766323 -0.3980329
0.104348265 -1.5827588 -0.46100056
0.15639497 -2.1058936 -0.52713186
0.077740386 -1.2350748 -0.4184524
0.12261803 -1.7537435 -0.4831181
0.17849857 -2.2816405 -0.5494652
0.09322596 -1.4001275 -0.43969464
0.14242327 -1.9287322 -0.50545895
0.068883486 -1.0525339 -0.3981332
0.11035127 -1.5710852 -0.46154702
0.16369079 -2.1068404 -0.52785957
0.08309142 -1.2154768 -0.41870144
0.12910397 -1.7470435 -0.48377645
0.18633278 -2.2873383 -0.55017537
0.09897446 -1.3853884 -0.44011602
0.14942664 -1.9269793 -0.50617695
0.074038066 -1.0297685 -0.3982367
0.11656018 -1.5614161 -0.46212348
0.17122741 -2.1099133 -0.5285851
0.08860311 -1.1975108 -0.41896626
0.13582127 -1.7424797 -0.48445928
0.1944062 -2.295096 -0.5508675
0.10491523 -1.3725554 -0.44056618
0.1566776 -1.9273946 -0.5069045
0.07933496 -1.0084126 -0.39834315
0.12299348 -1.5538619 -0.4627325
0.17901511 -2.115092 -0.52930063
0.09428858 -1.1812851 -0.41924936
0.14278902 -1.7401317 -0.4851653
0.20272227 -2.304829 -0.55153185
0.111065894 -1.361756 -0.44104958
0.16419195 -1.9300017 -0.5076358
0.08478438 -0.98855335 -0.39845213
0.12967229 -1.5485407 -0.46337643
0.18706311 -2.1223319 -0.52999735
0.10016264 -1.1669244 -0.41955417
0.15002815 -1.7400739 -0.4858916
0.21128249 -2.316425 -0.5521584
0.11744687 -1.3531339 -0.4415715
0.17198537 -1.9348047 -0.50836277
0.0903974 -0.9702906 -0.39856318
0.13662086 -1.5455778 -0.46405676
0.1953788 -2.1315613 -0.5306652
0.10624222 -1.1545738 -0.41988543
0.15756112 -1.7423682 -0.4866326
0.22008604 -2.329745 -0.55273753
0.12408224 -1.3468525 -0.4421381
0.18007238 -1.94178 -0.50907516
0.09618604 -0.95373964 -0.39867565
0.1438671 -1.5450997 -0.46477282
0.20396683 -2.142678 -0.5312934
0.112546995 -1.1444046 -0.4202498
0.16541111 -1.7470537 -0.48737857
0.22912951 -2.3446257 -0.5532602
0.13100101 -1.3430958 -0.4427557
0.18846485 -1.9508686 -0.50975984
0.102163434 -0.93903565 -0.39878878
0.1514429 -1.5472262 -0.4655196
0.2128281 -2.1555493 -0.5318711
0.11910076 -1.1366206 -0.42065668
0.17360035 -1.7541326 -0.48811463
0.2384066 -2.3608844 -0.5537188
0.13823922 -1.3420662 -0.44342917
0.19716986 -1.9619691 -0.51040184
0.10834436 -0.92633957 -0.3989015
0.15938374 -1.5520506 -0.46628442
0.22195879 -2.1700113 -0.5323886
0.12593377 -1.1314682 -0.42111897
0.18214698 -1.7635514 -0.48881963
0.24790777 -2.3783247 -0.5541078
0.14584284 -1.3439769 -0.4441579
0.20618738 -1.9749321 -0.5109853
0.11474634 -0.915848 -0.39901266
0.16772678 -1.5596112 -0.46704224
0.23134913 -2.1858757 -0.53283805
0.13308784 -1.129248 -0.4216537
0.19106047 -1.775183 -0.4894672
0.25761896 -2.396745 -0.55442405
0.15387195 -1.3490248 -0.4449271
0.21550791 -1.9895632 -0.5114958
0.121392615 -0.9078097 -0.39912155
0.17650504 -1.5698466 -0.46775213
0.24098177 -2.202938 -0.53321433
0.1406274 -1.1303272 -0.42227903
0.20033604 -1.7888172 -0.49002922
0.2675187 -2.4159455 -0.554667
0.162404 -1.3573296 -0.4456915
0.2251098 -2.005634 -0.5119219
0.12831956 -0.9025546 -0.39923
0.18573597 -1.5825462 -0.46835834
0.2508277 -2.2209883 -0.5335146
0.14866415 -1.1351366 -0.42299828
0.20994915 -1.8041706 -0.49048102
0.27757186 -2.4357386 -0.5548388
0.17152764 -1.3688086 -0.44635385
0.23495427 -2.0229 -0.51225525
0.1355983 -0.9005541 -0.3993511
0.19540341 -1.5973287 -0.46880254
0.26083776 -2.239824 -0.5337381
0.15741213 -1.1440898 -0.42373866
0.21984616 -1.8209215 -0.4908047
0.28772017 -2.4559572 -0.5549444
0.18130259 -1.3829926 -0.44676018
0.24496996 -2.0411222 -0.5124896
0.14341454 -0.90256685 -0.39954412
0.20542596 -1.6136991 -0.46904182
0.27092832 -2.259263 -0.533886
0.16728257 -1.1571873 -0.42418003
0.2299067 -1.8387601 -0.49098837
0.29787666 -2.4764624 -0.5549929
0.19161715 -1.3989614 -0.44675496
0.25502047 -2.0600889 -0.5126249
0.15254124 -0.91021013 -0.3999416
0.21553074 -1.6311983 -0.46905643
0.2809776 -2.2791562 -0.53396887
0.17861007 -1.1727831 -0.42353725
0.23985092 -1.8574435 -0.49104157
0.30794916 -2.4971535 -0.5550016
0.17611599 -0.97815704 -0.39961916
0.19602238 -1.0393006 -0.40301207
0.19561428 -1.0991856 -0.40922725
0.1947817 -1.151542 -0.41581622
0.19215164 -1.197354 -0.4223795
0.21805735 -1.2758121 -0.4252392
0.21458107 -1.3202094 -0.43132037
0.21029249 -1.3605658 -0.43735808
0.24069001 -1.4460084 -0.44047895
0.23525435 -1.4844629 -0.44623387
0.22965752 -1.5204682 -0.45197573
0.22353256 -1.5545937 -0.4576842
0.25623173 -1.6442472 -0.46064687
0.24969018 -1.6770624 -0.46622154
0.2430071 -1.7086686 -0.4717801
0.2772101 -1.8001503 -0.4746927
0.2700695 -1.8307251 -0.48016647
0.26297376 -1.860498 -0.48562816
0.25578952 -1.8896068 -0.49107152
0.2906682 -1.9820817 -0.49388194
0.28331864 -2.0105414 -0.4992772
0.2759906 -2.0385077 -0.5046576
0.31147423 -2.1317956 -0.5074195
0.30400223 -2.1593118 -0.5127647
0.2966054 -2.186429 -0.5180958
0.2892294 -2.2131772 -0.5234107
0.32503143 -2.3072793 -0.5261135
0.3176305 -2.3337536 -0.5314007
0.3102868 -2.3598924 -0.53667164
0.34643534 -2.4548235 -0.5393329
0.3390787 -2.4807959 -0.5445745
0.3317999 -2.5064564 -0.5497981
0.32457012 -2.531808 -0.555004
0.36096725 -2.627776 -0.55760336
0.35377896 -2.6530619 -0.5627673
0.34665683 -2.6780636 -0.56791145
0.38330987 -2.7748127 -0.5704448
0.040560037 -1.9478378 -0.13726023
0.0632719 -1.7260617 -0.16539319
0.08250077 -1.51449 -0.19718258
0.049917065 -1.8724216 -0.14479184
0.07156982 -1.6505667 -0.17463408
0.091014236 -1.4356378 -0.20728514
0.05903354 -1.7965473 -0.15289645
0.07964654 -1.5743116 -0.18416677
0.04394142 -1.9466497 -0.13412061
0.06792418 -1.7198557 -0.1615386
0.087509535 -1.4970875 -0.19385752
0.05364684 -1.8702662 -0.14143811
0.07656292 -1.6420767 -0.17066099
0.09491309 -1.4190228 -0.2036961
0.06311741 -1.7932684 -0.14931893
0.08486541 -1.5630828 -0.18017241
0.0472349 -1.9457878 -0.13102709
0.07237239 -1.7151724 -0.15774664
0.092642546 -1.4830734 -0.18995398
0.057212587 -1.8687165 -0.13819161
0.081375934 -1.6356004 -0.16667923
0.09932769 -1.4034269 -0.19974521
0.06700424 -1.7909174 -0.14585479
0.09001115 -1.5543528 -0.1760394
0.102741584 -1.3301777 -0.20721778
0.07661781 -1.7117804 -0.15405388
0.098000035 -1.4716494 -0.18570046
0.06063071 -1.8676178 -0.13503931
0.08601693 -1.6308146 -0.16276208
0.10463223 -1.3889834 -0.19535841
0.070688665 -1.7893447 -0.1425168
0.09507996 -1.5477011 -0.1719061
0.108079545 -1.3117981 -0.20369045
0.08063032 -1.7095187 -0.15049666
0.103520796 -1.4624859 -0.18134306
0.06390084 -1.8668439 -0.13196237
0.09040108 -1.6275307 -0.1589759
0.11065359 -1.3762429 -0.19074374
