-0.19916715 -1.4045702 -0.15899998
-0.19998433 -1.3738879 -0.14524756
-0.20802759 -1.2006042 -0.11884508
-0.21379267 -0.9782175 -0.08470125
-0.19931795 -1.4020371 -0.15901208
-0.20037442 -1.3703376 -0.14524989
-0.20837168 -1.1974317 -0.11884822
-0.21405333 -0.97634584 -0.084706426
-0.19932152 -1.3899807 -0.1593979
-0.21901107 -1.2234654 -0.15889952
-0.23915742 -1.0766746 -0.15903845
-0.25715768 -0.9663646 -0.1593261
-0.26874566 -0.9145543 -0.15775238
-0.2966713 -0.47119966 -0.14234717
-0.3023526 -0.20665878 -0.12078577
-0.2922542 -0.1888075 -0.091176614
-0.26875573 -0.91530836 -0.15742466
-0.2970727 -0.46869823 -0.14233507
-0.30278116 -0.20285195 -0.12079121
-0.29264975 -0.18483463 -0.09119188
-0.2687753 -0.91674346 -0.15737899
-0.2974695 -0.46639428 -0.14230844
-0.3032067 -0.19927086 -0.12079098
-0.293043 -0.1811398 -0.0912054
-0.26887956 -0.9179524 -0.1573487
-0.29787436 -0.4638674 -0.14236023
-0.30363825 -0.1954361 -0.12081685
-0.29343924 -0.1771347 -0.091215864
-0.26927045 -0.91952574 -0.1573474
-0.29827335 -0.4615989 -0.1422248
-0.3040661 -0.19187519 -0.12078142
-0.2938327 -0.17345406 -0.09123733
-0.2699061 -0.920622 -0.15754758
-0.29868346 -0.45904726 -0.14242926
-0.30450112 -0.18801124 -0.12085663
-0.2942297 -0.1694142 -0.09123581
-0.26998255 -0.9217249 -0.1571304
-0.29908746 -0.45679337 -0.142131
-0.30493197 -0.18446559 -0.12076799
-0.29462355 -0.16575244 -0.091269866
-0.27039278 -0.9222715 -0.15752938
-0.29950252 -0.4542695 -0.14242968
-0.30537078 -0.18058759 -0.120874695
-0.29502168 -0.16167055 -0.09126081
-0.27120486 -0.92321706 -0.15704644
-0.29992154 -0.45193252 -0.14225616
-0.3058074 -0.17702773 -0.12082418
-0.29541516 -0.1580392 -0.091284275
-0.27003628 -0.9529397 -0.15976419
-0.2863667 -0.27407366 -0.07280298
-0.3020941 -0.1276809 -0.10565484
-0.3060227 -0.27061826 -0.13185254
-0.2899123 -0.647347 -0.148698
-0.3047899 -0.67790794 -0.14976309
-0.32815197 -0.15938312 -0.13472226
-0.32564256 0.051910006 -0.10982931
-0.30455744 -0.06438887 -0.07796581
-0.24757251 -1.2159926 -0.15761703
-0.20331569 -1.7100329 -0.15561916
-0.15293644 -2.1849499 -0.15878358
-0.23339367 -1.3820157 -0.15633212
-0.18742579 -1.8666297 -0.15602277
-0.24916433 -1.0784199 -0.028960492
-0.2504646 -1.0979593 -0.028782262
-0.2577865 -1.1512039 -0.027589584
-0.25218603 -1.1237447 -0.028601168
-0.25150493 -1.1681018 -0.027904218
-0.2534756 -1.140743 -0.02865563
-0.26967067 -0.9613516 -0.16007806
-0.27243492 -0.98366433 -0.15947695
-0.26434264 -0.98426646 -0.16239773
-0.27050084 -1.0080838 -0.15991074
-0.2679659 -1.0078312 -0.16256961
-0.2511322 -1.2755045 -0.15871014
-0.1988385 -1.8295547 -0.15557912
-0.14310558 -2.3470912 -0.15926152
-0.26906627 -1.0460593 -0.1597615
-0.26719716 -1.0269839 -0.16102502
-0.19370009 -0.5076884 -0.03748171
-0.22410806 -0.8138912 -0.034495145
-0.24602358 -1.0388768 -0.029123371
-0.21065658 -0.6574111 -0.035055257
-0.17601058 -0.3248798 -0.037334595
-0.16074468 -0.20722124 -0.03582185
-0.19126444 -0.4858917 -0.037542116
-0.22192036 -0.7900622 -0.034964938
-0.25577003 -1.1262827 -0.028287286
-0.19153535 -0.4890697 -0.037579466
-0.22215387 -0.792555 -0.035013124
-0.25975063 -1.1300261 -0.028374923
-0.2333951 -1.380062 -0.15629041
-0.18756329 -1.8636965 -0.15601403
-0.26251063 -1.0398865 -0.16115154
-0.21868509 -1.5416656 -0.1556888
-0.17103353 -2.0178556 -0.15701383
-0.18085212 -0.39300165 -0.03738327
-0.21247597 -0.6924025 -0.036425967
-0.23478872 -1.0100291 -0.03123025
-0.18117158 -0.39638478 -0.03743369
-0.21271619 -0.6951749 -0.036463946
-0.2345189 -1.0117882 -0.031377234
-0.24987748 -1.2085729 -0.15722184
-0.20370404 -1.699676 -0.15557939
-0.15379468 -2.170561 -0.15869504
-0.2335157 -1.3742838 -0.15617126
-0.18798624 -1.8549416 -0.15598746
-0.16998993 -0.30038998 -0.036773663
-0.2028584 -0.59778893 -0.037361264
-0.23108819 -0.90485466 -0.03343757
-0.17033467 -0.3040153 -0.03685156
-0.20313214 -0.60082716 -0.03739613
-0.23125033 -0.90719736 -0.033514947
-0.2600253 -1.0337837 -0.16047946
-0.21892859 -1.5350665 -0.15563571
-0.17157342 -2.008114 -0.15697394
-0.24900623 -1.2042736 -0.15698698
-0.20403561 -1.6920687 -0.15555133
-0.15445554 -2.159802 -0.15862656
-0.19301818 -0.5051726 -0.037770342
-0.22312333 -0.805205 -0.03526502
-0.25875232 -1.1383935 -0.02927738
-0.19332191 -0.50843227 -0.03780853
-0.22328831 -0.8077695 -0.035314415
-0.25593048 -1.1393145 -0.029289912
-0.2338188 -1.3687615 -0.15607128
-0.18842223 -1.8462546 -0.15596144
-0.26153028 -1.025979 -0.1604501
-0.21930906 -1.5283996 -0.15559089
-0.172127 -1.9983482 -0.15693368
-0.18279922 -0.4135874 -0.03768343
-0.21391986 -0.70922965 -0.03665446
-0.24158314 -1.0228586 -0.03201319
-0.23420243 -1.1034935 -0.028399326
-0.22933932 -1.0567666 -0.027646074
-0.22474585 -1.0113152 -0.02704347
-0.18862921 -0.4983941 -0.03857607
-0.21454522 -0.80067366 -0.037099447
-0.23132336 -1.0238451 -0.033841103
-0.23696016 -1.1211176 -0.030718427
-0.23525971 -1.1047816 -0.027709534
-0.248196 -1.1939465 -0.027303873
-0.25616667 -1.2244902 -0.027758615
-0.25680077 -1.1917037 -0.028485721
-0.23039924 -1.0646083 -0.028227326
-0.24491465 -1.1748295 -0.027233562
-0.2545722 -1.2234572 -0.027481223
-0.25786048 -1.2125088 -0.02822488
-0.23031615 -1.0641148 -0.028142767
-0.24493544 -1.1753498 -0.027166422
-0.25469443 -1.2253507 -0.027398199
-0.25811175 -1.2161447 -0.028122911
-0.23024444 -1.0636089 -0.028047139
-0.24495755 -1.1758645 -0.027099619
-0.25481606 -1.2272362 -0.027316025
-0.25836074 -1.2197709 -0.028022911
-0.2301305 -1.0630859 -0.027940996
-0.24496359 -1.1763722 -0.02703322
-0.25492966 -1.2291181 -0.027234629
-0.2586082 -1.2233965 -0.02792466
-0.23010893 -1.0625634 -0.027825443
-0.24500826 -1.17688 -0.026967533
-0.2550616 -1.2309947 -0.027154148
-0.2588562 -1.2270126 -0.027828122
-0.22992407 -1.062012 -0.027702348
-0.24498011 -1.1773756 -0.026903203
-0.2551559 -1.2328651 -0.027074968
-0.2590964 -1.2306272 -0.027733408
-0.22997858 -1.0614636 -0.02757441
-0.24505961 -1.177872 -0.026841367
-0.25530586 -1.2347306 -0.026997853
-0.25934815 -1.234233 -0.027640872
-0.22974946 -1.0609083 -0.027445134
-0.24500887 -1.1783668 -0.02678397
-0.25538456 -1.2365949 -0.026924308
-0.2595764 -1.2378362 -0.027551383
-0.2654277 -0.9375542 -0.16001263
-0.2506108 -1.0059869 -0.15921368
-0.23160763 -1.1310849 -0.1590124
-0.21120702 -1.2841835 -0.15887998
-0.20517363 -1.3314422 -0.1588671
-0.22562513 -1.1755365 -0.15900025
-0.24510866 -1.0419989 -0.15916784
-0.26157123 -0.954537 -0.15963058
-0.2052085 -1.331074 -0.158847
-0.22546576 -1.1773751 -0.1590247
-0.2447731 -1.0457304 -0.15919279
-0.26097304 -0.96027416 -0.15965214
-0.20522158 -1.3307002 -0.1588267
-0.22536467 -1.1791985 -0.15904856
-0.2445943 -1.049427 -0.15921694
-0.2607943 -0.9659369 -0.15967248
-0.2052576 -1.330326 -0.15880705
-0.22521318 -1.1810397 -0.1590722
-0.2442782 -1.053173 -0.15924066
-0.26024786 -0.9717138 -0.1596911
-0.2052794 -1.3299496 -0.15878779
-0.22509532 -1.1828624 -0.15909532
-0.24405433 -1.0568745 -0.15926358
-0.25995153 -0.9773873 -0.15970702
-0.20531149 -1.3295734 -0.15876853
-0.22495815 -1.1847008 -0.15911748
-0.24377704 -1.0606198 -0.15928528
-0.25951102 -0.98316306 -0.15971947
-0.20299399 -1.3495721 -0.15959999
-0.2071561 -1.3020078 -0.15911032
-0.20974031 -1.2814765 -0.15978874
-0.20120849 -1.3991526 -0.15862499
-0.18452734 -1.6293033 -0.1578959
-0.16499946 -1.9103022 -0.15835904
-0.14367276 -2.2099917 -0.1601678
-0.25820324 -0.9962223 -0.159692
-0.24252489 -1.0723811 -0.15931576
-0.2238964 -1.193963 -0.15914784
-0.20458794 -1.3347733 -0.15868747
-0.25859395 -0.9905427 -0.15968785
-0.24278137 -1.0687171 -0.15929781
-0.22402231 -1.1922091 -0.15912956
-0.20454672 -1.3352665 -0.15871342
-0.1770873 -1.5120752 -0.15866077
-0.1870148 -1.4540397 -0.1586235
-0.17762329 -1.504623 -0.15899666
-0.18746401 -1.4476603 -0.15911828
-0.1781851 -1.4973011 -0.15929246
-0.18800986 -1.4413751 -0.1595722
-0.17961851 -1.4770973 -0.15998258
-0.19936381 -1.3051903 -0.15922497
-0.21219048 -1.2066257 -0.15943731
-0.2101351 -1.2689589 -0.15961531
-0.20577258 -1.3033302 -0.15918554
-0.19962028 -1.3731736 -0.15988359
-0.209259 -1.2766966 -0.15929413
-0.20443597 -1.316632 -0.15936129
-0.21103936 -1.2633445 -0.16053322
-0.20796432 -1.2876779 -0.15910183
-0.20260958 -1.3371385 -0.15965833
-0.21014947 -1.2720082 -0.15974918
-0.2065004 -1.3006791 -0.15914384
-0.20106918 -1.3611048 -0.15984416
-0.20916408 -1.2806787 -0.15928581
-0.20490742 -1.3163036 -0.15934017
-0.21067531 -1.2692798 -0.1605041
-0.20803374 -1.2904193 -0.15910125
-0.20331542 -1.3348712 -0.15966508
-0.20990974 -1.2770382 -0.15973917
-0.20675385 -1.3020087 -0.15912867
-0.20198095 -1.3567892 -0.15966739
-0.20906703 -1.2846577 -0.15927525
-0.20536932 -1.3159585 -0.15934438
-0.21030499 -1.27524 -0.16048606
-0.20810027 -1.2931789 -0.15910447
-0.20399964 -1.3326453 -0.15962519
-0.23411821 -1.1028479 -0.028337765
-0.22916783 -1.0553101 -0.02762276
-0.22425891 -1.0085471 -0.027059346
-0.23403275 -1.102174 -0.028276036
-0.22899823 -1.0538212 -0.027600123
-0.22374266 -1.0057223 -0.027086359
-0.23394533 -1.1014776 -0.02821422
-0.2288286 -1.0523076 -0.027577814
-0.22325738 -1.0027422 -0.027124457
-0.23385619 -1.1007693 -0.02815229
-0.22866032 -1.0508085 -0.027555794
-0.22286434 -0.9998012 -0.027174065
-0.23376518 -1.1000544 -0.028090276
-0.2284936 -1.049351 -0.027533958
-0.22253686 -0.9972732 -0.027234586
-0.2336727 -1.0993252 -0.028028063
-0.2283286 -1.047898 -0.027511971
-0.22231944 -0.9947023 -0.027304629
-0.2335762 -1.0985725 -0.027965857
-0.22816026 -1.0464183 -0.027490096
-0.22213681 -0.992006 -0.02738364
-0.23347822 -1.0977856 -0.027902963
-0.22799367 -1.044901 -0.027466841
-0.22194488 -0.9892664 -0.027467994
-0.23330528 -1.0969932 -0.027840942
-0.22770703 -1.0433996 -0.027444594
-0.22162023 -0.98655623 -0.027557
-0.21296714 -0.8743077 -0.02599209
-0.21762797 -0.9444221 -0.027401308
-0.21305521 -0.87764716 -0.026812777
-0.2183701 -0.94696957 -0.02848693
-0.21318331 -0.881067 -0.027563477
-0.21788216 -0.9497949 -0.028404763
-0.2280817 -1.0554775 -0.027552243
-0.21900399 -0.9733038 -0.027571138
-0.2109679 -0.87132925 -0.028125975
-0.27058777 -0.60852736 -0.049536582
-0.25091088 -0.72481954 -0.04807003
-0.23808421 -0.7754817 -0.04626283
-0.2254635 -0.7832218 -0.04450178
-0.26997504 -0.6323139 -0.04904464
-0.25068343 -0.73875594 -0.047027666
-0.23787157 -0.78230184 -0.045236178
-0.22518103 -0.78449714 -0.0436227
-0.26930502 -0.65597177 -0.048437864
-0.25047457 -0.7528132 -0.046038907
-0.23767133 -0.7892751 -0.0442618
-0.22491355 -0.78601074 -0.042793937
-0.26861295 -0.6795254 -0.04772719
-0.25028348 -0.7669762 -0.045092102
-0.23748256 -0.7963942 -0.043333244
-0.22466049 -0.7877558 -0.042003788
-0.2679302 -0.70299983 -0.046947144
-0.25011116 -0.78122765 -0.04417902
-0.23730597 -0.80365497 -0.042445708
-0.2244224 -0.7897298 -0.041246206
-0.26727554 -0.7264023 -0.046120353
-0.249958 -0.7955504 -0.043293957
-0.23714162 -0.8110507 -0.0415937
-0.22419928 -0.7919257 -0.04051547
-0.26666132 -0.7497338 -0.04526523
-0.24982445 -0.8099276 -0.042433172
-0.23698987 -0.8185748 -0.04077269
-0.22399142 -0.79433596 -0.03980743
-0.2660944 -0.77298814 -0.04439397
-0.24971068 -0.8243426 -0.041593865
-0.23685092 -0.8262201 -0.039978687
-0.22379903 -0.7969513 -0.0391186
-0.26557848 -0.79615504 -0.04351533
-0.24961662 -0.83877987 -0.04077402
-0.23672503 -0.83397925 -0.03920844
-0.22362229 -0.79976195 -0.03844619
-0.26511496 -0.8192213 -0.042635348
-0.24954204 -0.8532244 -0.039972097
-0.23661244 -0.8418447 -0.03845932
-0.22346126 -0.8027573 -0.037787955
-0.2647041 -0.84217185 -0.041758426
-0.24948657 -0.8676621 -0.039186917
-0.23651338 -0.84980863 -0.037729263
-0.22331586 -0.8059267 -0.037142117
-0.26434526 -0.8649898 -0.040887814
-0.24944982 -0.8820796 -0.038417596
-0.23642801 -0.8578631 -0.03701666
-0.22318587 -0.80925906 -0.03650731
-0.26403737 -0.8876576 -0.040026035
-0.24943137 -0.8964645 -0.037663456
-0.2363565 -0.86600024 -0.03632026
-0.22307093 -0.81274384 -0.03588251
-0.263779 -0.9101568 -0.039175086
-0.24943084 -0.91080487 -0.036924005
-0.236299 -0.8742117 -0.035639133
-0.2229706 -0.8163706 -0.035267
-0.26356876 -0.9324687 -0.03833662
-0.24944784 -0.9250893 -0.036198903
-0.23625559 -0.88248944 -0.034972567
-0.22288433 -0.8201295 -0.03466031
-0.26340488 -0.95457435 -0.037512016
-0.24948204 -0.9393069 -0.035487924
-0.23622632 -0.8908251 -0.03432003
-0.22281156 -0.8240111 -0.034062155
-0.26328576 -0.9764547 -0.036702454
-0.24953313 -0.95344716 -0.03479096
-0.23621121 -0.8992103 -0.033681147
-0.2227517 -0.8280066 -0.03347243
-0.26320955 -0.9980907 -0.035908945
-0.24960084 -0.9674997 -0.034107983
-0.23621023 -0.90763676 -0.033055652
-0.2227042 -0.8321078 -0.032891154
-0.26317453 -1.0194637 -0.035132356
-0.2496849 -0.98145425 -0.033439036
-0.23622331 -0.91609615 -0.03244336
-0.22266848 -0.8363069 -0.032318436
-0.26317894 -1.040555 -0.034373444
-0.24978508 -0.99530107 -0.032784235
-0.23625034 -0.92458016 -0.031844173
-0.22264403 -0.84059685 -0.031754468
-0.26322088 -1.0613469 -0.03363285
-0.2499011 -1.0090301 -0.032143723
-0.23629119 -0.9330807 -0.031258028
-0.22263035 -0.8449709 -0.031199487
-0.2632985 -1.0818214 -0.03291112
-0.25003272 -1.0226315 -0.031517696
-0.23634565 -0.9415895 -0.030684922
-0.22262703 -0.84942275 -0.030653764
-0.26341003 -1.1019617 -0.032208733
-0.25017965 -1.0360957 -0.030906368
-0.23641351 -0.9500986 -0.030124873
-0.22263364 -0.8539466 -0.030117597
-0.2635536 -1.1217511 -0.031526078
-0.25034156 -1.049413 -0.03030998
-0.23649454 -0.95860004 -0.029577946
-0.22264986 -0.85853696 -0.029591296
-0.26372728 -1.1411736 -0.030863483
-0.25051814 -1.0625736 -0.029728778
-0.23658843 -0.9670861 -0.029044203
-0.22267532 -0.8631885 -0.029075162
-0.2639293 -1.160214 -0.030221224
-0.25070903 -1.075568 -0.029163014
-0.2366949 -0.9755492 -0.028523745
-0.22270977 -0.86789644 -0.028569505
-0.2641578 -1.1788572 -0.029599536
-0.25091383 -1.0883868 -0.028612958
-0.23681363 -0.98398197 -0.028016688
-0.22275293 -0.87265605 -0.028074631
-0.26441097 -1.1970894 -0.028998591
-0.25113204 -1.1010207 -0.028078856
-0.23694424 -0.99237704 -0.02752314
-0.22280458 -0.8774628 -0.027590819
-0.264687 -1.2148972 -0.028418545
-0.25136322 -1.1134604 -0.027560962
-0.23708639 -1.0007274 -0.02704324
-0.22286448 -0.8823125 -0.027118351
-0.2649841 -1.2322676 -0.02785952
-0.25160685 -1.1256968 -0.027059527
-0.2372397 -1.0090263 -0.026577132
-0.22293246 -0.88720095 -0.026657498
-0.2653005 -1.2491883 -0.027321596
-0.25186238 -1.1377211 -0.026574772
-0.23740378 -1.017267 -0.026124947
-0.22300832 -0.8921242 -0.026208496
-0.2656345 -1.2656478 -0.026804857
-0.25212923 -1.1495242 -0.026106937
-0.23757824 -1.0254428 -0.025686847
-0.22309193 -0.89707845 -0.025771596
-0.2659843 -1.2816349 -0.026309341
-0.2524067 -1.1610979 -0.025656214
-0.23776264 -1.0335479 -0.025262969
-0.22318311 -0.90206 -0.025347002
-0.26634824 -1.2971393 -0.025835093
-0.25269422 -1.1724337 -0.025222816
-0.23795661 -1.0415758 -0.02485347
-0.22328171 -0.9070651 -0.02493493
-0.2667246 -1.3121511 -0.025382124
-0.25299102 -1.1835234 -0.024806913
-0.2381597 -1.0495207 -0.02445849
-0.22338758 -0.9120904 -0.024535565
-0.26711172 -1.3266609 -0.024950447
-0.2532964 -1.1943593 -0.024408676
-0.23837149 -1.0573772 -0.024078181
-0.22350061 -0.91713244 -0.024149084
-0.26750797 -1.34066 -0.024540065
-0.2536097 -1.2049336 -0.024028266
-0.23859157 -1.0651395 -0.023712687
-0.22362065 -0.9221878 -0.02377566
-0.26791167 -1.3541402 -0.024150953
-0.25393 -1.2152392 -0.023665808
-0.23881947 -1.0728027 -0.023362134
-0.22374757 -0.9272533 -0.02341543
-0.26832128 -1.3670934 -0.023783095
-0.25425664 -1.2252688 -0.023321427
-0.23905478 -1.0803611 -0.023026656
-0.22388123 -0.9323258 -0.023068538
-0.26873514 -1.3795129 -0.023436464
-0.25458872 -1.235016 -0.022995228
-0.23929708 -1.0878104 -0.022706378
-0.22402152 -0.93740207 -0.02273511
-0.2691517 -1.3913918 -0.023111025
-0.2549255 -1.244474 -0.022687303
-0.23954593 -1.0951455 -0.022401415
-0.22416832 -0.94247913 -0.02241526
-0.26956934 -1.4027236 -0.022806734
-0.25526607 -1.2536368 -0.022397727
-0.23980089 -1.1023618 -0.022111872
-0.22432148 -0.947554 -0.022109095
-0.26998657 -1.4135029 -0.022523532
-0.2556096 -1.2624987 -0.02212655
-0.24006154 -1.1094551 -0.021837844
-0.22448088 -0.9526237 -0.021816703
-0.2704018 -1.4237243 -0.022261364
-0.25595528 -1.271054 -0.021873811
-0.24032743 -1.116421 -0.02157941
-0.2246464 -0.9576854 -0.021538164
-0.27081355 -1.4333831 -0.02202017
-0.2563022 -1.2792978 -0.021639545
-0.24059817 -1.1232556 -0.021336658
-0.22481792 -0.9627363 -0.021273563
-0.27122024 -1.4424748 -0.02179987
-0.2566495 -1.2872251 -0.021423744
-0.24087332 -1.1299548 -0.021109642
-0.22499529 -0.9677736 -0.021022953
-0.27162045 -1.4509957 -0.021600384
-0.25699633 -1.2948315 -0.021226404
-0.24115245 -1.1365149 -0.020898415
-0.22517838 -0.9727946 -0.020786395
-0.27201262 -1.4589423 -0.021421628
-0.2573418 -1.3021128 -0.021047499
-0.24143519 -1.1429322 -0.020703021
-0.22536707 -0.9777966 -0.02056394
-0.27239528 -1.4663118 -0.021263497
-0.25768507 -1.3090651 -0.020886976
-0.24172108 -1.1492032 -0.020523485
-0.22556123 -0.98277706 -0.020355621
-0.272767 -1.4731017 -0.021125881
-0.2580253 -1.3156852 -0.020744761
-0.24200974 -1.1553245 -0.02035981
-0.22576071 -0.9877333 -0.020161467
-0.2731263 -1.47931 -0.02100868
-0.25836158 -1.3219696 -0.020620788
-0.24230081 -1.1612928 -0.020212023
-0.22596541 -0.9926629 -0.019981522
-0.27347177 -1.484935 -0.020911748
-0.25869307 -1.3279157 -0.020514926
-0.24259385 -1.167105 -0.020080086
-0.22617516 -0.99756336 -0.019815782
-0.27380192 -1.4899759 -0.020834943
-0.259019 -1.3335209 -0.020427048
-0.24288851 -1.1727579 -0.019963974
-0.22638983 -1.0024322 -0.01966426
-0.27411535 -1.4944319 -0.020778138
-0.25933847 -1.338783 -0.020357018
-0.24318442 -1.1782485 -0.019863667
-0.2266093 -1.0072671 -0.019526983
-0.2744107 -1.4983029 -0.020741144
-0.2596507 -1.3437004 -0.020304643
-0.24348119 -1.183574 -0.019779092
-0.22683342 -1.0120656 -0.01940393
-0.27468652 -1.5015894 -0.020723797
-0.2599549 -1.3482713 -0.02026973
-0.2437785 -1.1887313 -0.019710187
-0.22706205 -1.0168257 -0.019295113
-0.27494147 -1.5042921 -0.0207259
-0.2602503 -1.3524945 -0.02025205
-0.24407598 -1.1937177 -0.019656872
-0.22729507 -1.0215447 -0.019200519
-0.27517414 -1.5064124 -0.020747233
-0.2605361 -1.3563691 -0.020251345
-0.2443733 -1.1985304 -0.019619038
-0.22753231 -1.0262207 -0.019120127
-0.27538323 -1.5079522 -0.020787576
-0.26081157 -1.3598946 -0.020267336
-0.24467015 -1.2031667 -0.019596577
-0.22777368 -1.0308512 -0.019053932
-0.27556735 -1.5089138 -0.020846669
-0.261076 -1.3630705 -0.020299697
-0.24496618 -1.2076238 -0.01958935
-0.22801901 -1.0354345 -0.019001909
-0.27572525 -1.5092999 -0.020924248
-0.26132867 -1.3658967 -0.020348098
-0.24526107 -1.211899 -0.019597217
-0.22826818 -1.0399681 -0.018964045
-0.27585554 -1.5091141 -0.021020016
-0.2615689 -1.3683735 -0.020412154
-0.24555455 -1.2159895 -0.019620012
-0.22852108 -1.0444502 -0.018940324
-0.275957 -1.5083605 -0.021133637
-0.2617961 -1.3705014 -0.020491447
-0.2458463 -1.2198925 -0.019657543
-0.22877757 -1.0488784 -0.018930716
-0.27602834 -1.5070432 -0.021264765
-0.26200956 -1.372281 -0.020585533
-0.24613601 -1.2236053 -0.019709613
-0.22903757 -1.0532509 -0.018935213
-0.27606833 -1.5051676 -0.021413008
-0.26220876 -1.3737131 -0.02069392
-0.24642338 -1.2271249 -0.019775989
-0.22930093 -1.0575658 -0.018953793
-0.27607572 -1.5027392 -0.02157794
-0.2623931 -1.3747991 -0.02081609
-0.24670812 -1.2304486 -0.019856432
-0.2295676 -1.0618207 -0.018986458
-0.27604935 -1.4997642 -0.02175909
-0.26256204 -1.3755403 -0.020951465
-0.24698994 -1.2335734 -0.019950666
-0.22983748 -1.0660139 -0.019033192
-0.275988 -1.4962496 -0.021955948
-0.26271513 -1.3759382 -0.021099448
-0.24726853 -1.2364964 -0.0200584
-0.23011053 -1.0701432 -0.01909401
-0.27589062 -1.4922025 -0.022167943
-0.2628519 -1.3759943 -0.021259384
-0.24754357 -1.2392147 -0.02017931
-0.23038669 -1.0742066 -0.019168925
-0.275756 -1.4876312 -0.022394458
-0.2629719 -1.3757107 -0.021430584
-0.24781474 -1.241725 -0.020313056
-0.23066595 -1.0782018 -0.019257972
-0.27558315 -1.4825443 -0.022634793
-0.26307482 -1.3750893 -0.021612305
-0.24808173 -1.2440243 -0.02045925
-0.23094836 -1.0821266 -0.019361187
-0.275371 -1.476951 -0.022888191
-0.26316023 -1.374132 -0.02180377
-0.24834415 -1.2461096 -0.02061749
-0.23123392 -1.0859787 -0.019478638
-0.2751186 -1.4708613 -0.023153808
-0.26322788 -1.372841 -0.022004152
-0.24860169 -1.2479779 -0.020787338
-0.23152275 -1.0897554 -0.019610407
-0.27482498 -1.4642857 -0.023430714
-0.26327747 -1.3712184 -0.022212585
-0.24885392 -1.249626 -0.020968331
-0.231815 -1.093454 -0.019756611
-0.27448928 -1.4572353 -0.023717873
-0.26330882 -1.3692665 -0.022428155
-0.24910046 -1.2510508 -0.02115996
-0.23211081 -1.0970713 -0.019917373
-0.2741107 -1.449722 -0.024014141
-0.26332173 -1.3669873 -0.022649908
-0.24934089 -1.2522497 -0.021361696
-0.23241045 -1.1006039 -0.02009285
-0.27368852 -1.4417579 -0.024318257
-0.263316 -1.3643831 -0.022876859
-0.24957477 -1.2532195 -0.021572985
-0.2327142 -1.104048 -0.02028324
-0.27322203 -1.433356 -0.024628814
-0.26329157 -1.3614559 -0.02310797
-0.24980164 -1.2539576 -0.021793231
-0.23302244 -1.1073992 -0.020488735
-0.27271068 -1.4245296 -0.024944268
-0.26324826 -1.3582077 -0.02334219
-0.250021 -1.2544616 -0.022021826
-0.23333554 -1.1106524 -0.020709574
-0.27215394 -1.4152925 -0.025262909
-0.26318604 -1.3546405 -0.023578431
-0.25023243 -1.2547292 -0.022258138
-0.23365396 -1.1138018 -0.020945996
-0.27155146 -1.4056587 -0.02558285
-0.26310483 -1.3507562 -0.023815585
-0.2504354 -1.254758 -0.022501515
-0.23397821 -1.116841 -0.021198234
-0.2709029 -1.3956429 -0.025902018
-0.2630045 -1.3465567 -0.02405253
-0.25062948 -1.2545465 -0.022751294
-0.23430876 -1.1197623 -0.021466509
-0.27020815 -1.3852596 -0.02621813
-0.262885 -1.3420439 -0.024288144
-0.2508141 -1.254093 -0.023006806
-0.23464608 -1.1225573 -0.021751007
-0.26946712 -1.3745235 -0.026528675
-0.26274619 -1.3372195 -0.024521299
-0.2509889 -1.2533966 -0.02326737
-0.23499058 -1.1252164 -0.022051834
-0.26867992 -1.3634495 -0.0268309
-0.26258796 -1.3320857 -0.024750898
-0.25115335 -1.2524563 -0.023532309
-0.23534253 -1.1277292 -0.02236902
-0.2678469 -1.3520517 -0.027121782
-0.2624101 -1.3266447 -0.02497587
-0.2513071 -1.2512716 -0.023800936
-0.23570204 -1.1300842 -0.022702442
-0.2669686 -1.3403444 -0.027397988
-0.26221249 -1.3208988 -0.02519521
-0.25144976 -1.2498424 -0.024072535
-0.23606896 -1.1322693 -0.02305181
-0.26604602 -1.3283409 -0.02765585
-0.26199484 -1.314851 -0.02540802
-0.25158095 -1.2481693 -0.024346365
-0.23644285 -1.1342717 -0.02341662
-0.2650806 -1.3160534 -0.027891263
-0.26175702 -1.3085048 -0.02561359
-0.25170034 -1.2462528 -0.024621615
-0.23682296 -1.1360791 -0.023796102
-0.26407474 -1.3034925 -0.028099656
-0.26149887 -1.3018641 -0.02581152
-0.25180763 -1.244094 -0.024897354
-0.23720829 -1.137679 -0.024189094
-0.2630325 -1.2906672 -0.028275482
-0.2612203 -1.2949334 -0.026001982
-0.25190243 -1.2416945 -0.025172502
-0.23759755 -1.1390605 -0.02459384
-0.26196042 -1.2775828 -0.028412702
-0.2609214 -1.287718 -0.026186073
-0.25198436 -1.239056 -0.025445718
-0.23798952 -1.1402137 -0.025007462
-0.2608707 -1.2642413 -0.028500095
-0.26060218 -1.2802236 -0.026366455
-0.2520528 -1.2361809 -0.02571537
-0.23838295 -1.1411307 -0.02542478
-0.25978386 -1.250639 -0.028529018
-0.2602631 -1.272457 -0.026548503
-0.25210723 -1.2330723 -0.025979789
-0.23877709 -1.1418066 -0.025837086
-0.258745 -1.2367659 -0.028455595
-0.25990394 -1.2644233 -0.02673955
-0.2521467 -1.2297317 -0.026235996
-0.2391711 -1.1422348 -0.026226666
-0.25782612 -1.2226325 -0.028188672
-0.25952515 -1.2561394 -0.026952494
-0.2521707 -1.2261719 -0.026482731
-0.23956344 -1.1424307 -0.026571624
-0.27210942 -0.56997275 -0.053565457
-0.27106816 -0.5225593 -0.05039432
-0.26869947 -0.6096713 -0.04956158
-0.26832643 -0.6908615 -0.047627624
-0.26705325 -0.66606456 -0.047175605
-0.26640972 -0.74685806 -0.04515208
-0.2661972 -0.8183212 -0.04292206
-0.2655626 -0.8798586 -0.040629856
-0.26545978 -0.8899966 -0.040416908
-0.26554617 -0.9503989 -0.03839982
-0.2652141 -1.001689 -0.036437992
-0.26602712 -1.0342723 -0.035984237
-0.26629618 -1.0827874 -0.034270976
-0.26617524 -1.1232071 -0.032630883
-0.26558524 -1.1561322 -0.031080682
-0.2681916 -1.2107707 -0.030668616
-0.268181 -1.2401508 -0.029321812
-0.26776218 -1.2630097 -0.028056832
-0.27093068 -1.3301739 -0.02762367
-0.27094495 -1.3486452 -0.026548453
-0.2705784 -1.3615425 -0.02554849
-0.26984483 -1.3693767 -0.024630282
-0.27419445 -1.4453363 -0.02431639
-0.2737892 -1.4485604 -0.023568913
-0.2730291 -1.4476216 -0.022895463
-0.27767345 -1.5273273 -0.022621727
-0.27714765 -1.5212961 -0.022118758
-0.27627352 -1.5120109 -0.021682454
-0.27509007 -1.499932 -0.021315651
-0.2804074 -1.5773381 -0.021193054
-0.27934238 -1.56025 -0.020987526
-0.27797395 -1.5412776 -0.020842636
-0.28331974 -1.6145902 -0.020782739
-0.2819957 -1.590355 -0.020801265
-0.2803717 -1.5651788 -0.020870663
-0.27850944 -1.5394893 -0.020988401
-0.28399315 -1.6006328 -0.021108137
-0.28204888 -1.5700717 -0.021382134
-0.27987638 -1.5399806 -0.021689758
-0.28509375 -1.5896702 -0.021884244
-0.28277504 -1.5546901 -0.02234965
-0.28022826 -1.5212375 -0.022829693
-0.2775668 -1.4896778 -0.023306202
-0.28232646 -1.5180768 -0.023730002
-0.2793433 -1.4825103 -0.024356134
-0.2762712 -1.4499686 -0.024939124
-0.28047135 -1.4596543 -0.025448974
-0.276998 -1.4234874 -0.026174318
-0.27348176 -1.391572 -0.02679905
-0.27009368 -1.3638612 -0.02726146
-0.27288753 -1.3446556 -0.028064303
-0.26899356 -1.3151482 -0.028599532
-0.2653669 -1.2907183 -0.028912475
-0.26634184 -1.2489183 -0.029418198
-0.26219228 -1.223369 -0.029462505
-0.25885952 -1.2024914 -0.029272124
-0.20765486 -0.7931871 -0.043180704
-0.21029477 -0.79051733 -0.043515764
-0.20921376 -0.78105813 -0.041913923
-0.20798767 -0.7679841 -0.040501475
-0.20998698 -0.77107644 -0.040692657
-0.2090556 -0.76207215 -0.039142568
-0.2079678 -0.7491502 -0.037694264
-0.20667334 -0.7328656 -0.036346227
-0.20876734 -0.75109947 -0.036093567
-0.20776881 -0.73764914 -0.034763627
-0.206658 -0.7209771 -0.033454746
-0.20864238 -0.7482555 -0.03307933
-0.2075892 -0.7338455 -0.031899337
-0.20653109 -0.716583 -0.030712659
-0.20524056 -0.6963682 -0.029540813
-0.20754851 -0.73738813 -0.02921425
-0.20648223 -0.71940374 -0.028172387
-0.20534411 -0.6988564 -0.027126674
-0.20772105 -0.7476494 -0.026777977
-0.2065943 -0.7288694 -0.025888022
-0.20549308 -0.70789415 -0.02499753
-0.20421676 -0.6846066 -0.024127062
-0.20690905 -0.74429935 -0.023881847
-0.20581171 -0.7228074 -0.023146393
-0.20467606 -0.6993724 -0.022419136
-0.20746243 -0.7649768 -0.022177055
-0.20633559 -0.742885 -0.021595761
-0.2052502 -0.7191649 -0.021027057
-0.20405781 -0.69372797 -0.02048835
-0.20708176 -0.7674101 -0.020345995
-0.20601837 -0.743282 -0.01992535
-0.20495209 -0.7177244 -0.019528162
-0.20806468 -0.7956679 -0.01941834
-0.20699257 -0.77103525 -0.019141631
-0.20597917 -0.74518454 -0.01889472
-0.20492171 -0.7180901 -0.018690662
-0.2081769 -0.8017539 -0.018662162
-0.2071869 -0.7754794 -0.018548846
-0.20621689 -0.748134 -0.018483257
-0.20957324 -0.83477855 -0.01852065
-0.20858303 -0.8080038 -0.01854258
-0.20763136 -0.7802414 -0.018629117
-0.20667902 -0.75165623 -0.0187781
-0.21017103 -0.8421627 -0.01883711
-0.20920876 -0.8138676 -0.019074189
-0.20821117 -0.7849285 -0.019406833
-0.21196489 -0.877372 -0.019486336
-0.21100853 -0.8484228 -0.01990405
-0.20988694 -0.81901884 -0.020481559
-0.20879088 -0.78990406 -0.021119602
-0.2130378 -0.88327426 -0.02099352
-0.21173602 -0.8531734 -0.021914395
-0.2102941 -0.82439613 -0.02288213
-0.21541554 -0.9178541 -0.022439806
-0.21385401 -0.88643426 -0.023823023
-0.2120461 -0.8582817 -0.024959639
-0.21060762 -0.8165266 -0.049011964
-0.20726906 -0.8342582 -0.05029748
-0.20874825 -0.8441054 -0.053625893
-0.21056643 -0.8506734 -0.056965455
-0.20402682 -0.8796031 -0.05841735
-0.20681784 -0.8885904 -0.061544213
-0.20935011 -0.8949795 -0.06466941
-0.21191971 -0.898976 -0.06779207
-0.20399769 -0.9429238 -0.06931497
-0.20716658 -0.9482915 -0.07238016
-0.21009004 -0.9510517 -0.07546568
-0.20061542 -1.0055836 -0.07701703
-0.20426884 -1.0093309 -0.08005957
-0.20755327 -1.010258 -0.0831116
-0.21064512 -1.0082961 -0.086173676
-0.20079677 -1.0768807 -0.087663285
-0.20440432 -1.0754609 -0.090663284
-0.20775811 -1.0710678 -0.093659036
-0.19680983 -1.149609 -0.095135786
-0.20070925 -1.1453811 -0.098061025
-0.20432961 -1.1381834 -0.10096902
-0.20776042 -1.1280698 -0.10385828
-0.19652241 -1.2185818 -0.105250105
-0.2004093 -1.2082577 -0.108051345
-0.20408684 -1.1951443 -0.110823825
-0.19189607 -1.2934935 -0.11218244
-0.1960562 -1.2797732 -0.114860214
-0.19999458 -1.2634473 -0.117501095
-0.20375842 -1.2446656 -0.12010134
-0.19133961 -1.3511012 -0.121355616
-0.19555302 -1.3313878 -0.12385133
-0.19957685 -1.3094779 -0.12630007
-0.18633847 -1.420511 -0.12750168
-0.19084547 -1.3972663 -0.12983863
-0.19515006 -1.3721237 -0.13212323
-0.19927548 -1.3453063 -0.1343503
-0.1859688 -1.4592658 -0.1354272
-0.19057481 -1.4308102 -0.13753253
-0.19499315 -1.4010434 -0.13957572
-0.18103568 -1.5154226 -0.14057705
-0.1859602 -1.4835925 -0.14248222
-0.19070137 -1.450874 -0.14431992
-0.19526082 -1.417563 -0.14608966
-0.18142943 -1.528315 -0.14691053
-0.18651125 -1.4926896 -0.14850852
-0.19146225 -1.4570148 -0.15003864
-0.17713581 -1.5625057 -0.15072767
-0.18253537 -1.5240893 -0.152032
-0.18790899 -1.4863183 -0.1532704
-0.19322056 -1.4494183 -0.15448612
-0.17893785 -1.5422807 -0.15475434
-0.18462087 -1.5027978 -0.15563214
-0.190537 -1.4649074 -0.156512
-0.17617632 -1.5445298 -0.15665548
-0.18184894 -1.5035274 -0.15720312
-0.1877486 -1.4643697 -0.15769786
-0.27361095 -0.48622084 -0.057647526
-0.25239432 -0.6577433 -0.05460204
-0.23930459 -0.7439818 -0.052239537
-0.22697125 -0.78051025 -0.050237916
-0.2746672 -0.46477985 -0.059399765
-0.25278178 -0.6449954 -0.05612675
-0.23957737 -0.7382496 -0.05360156
-0.22725938 -0.78071475 -0.051634807
-0.27563763 -0.44463465 -0.06102903
-0.25320217 -0.6325112 -0.057679817
-0.2398595 -0.7327124 -0.055006966
-0.22753748 -0.7811567 -0.053074606
-0.27653542 -0.425599 -0.06257821
-0.25365278 -0.6203098 -0.059248984
-0.24014938 -0.7273786 -0.056449223
-0.22780427 -0.78183776 -0.05454835
-0.27737874 -0.40755218 -0.064086825
-0.254132 -0.60841084 -0.06082692
-0.24044679 -0.72225285 -0.057921622
-0.22805992 -0.7827519 -0.056047853
-0.27818456 -0.39040673 -0.06557178
-0.25463757 -0.59683454 -0.06240839
-0.24075104 -0.71734047 -0.059418578
-0.22830419 -0.7838935 -0.057567444
-0.27896538 -0.3741001 -0.06704351
-0.2551673 -0.58560085 -0.06398929
-0.24106158 -0.7126463 -0.06093493
-0.22853698 -0.7852556 -0.05910228
-0.27972972 -0.35858464 -0.06850719
-0.25571886 -0.57472885 -0.06556651
-0.24137779 -0.7081752 -0.062466387
-0.22875828 -0.7868307 -0.060648512
-0.28048325 -0.3438237 -0.06996529
-0.25628957 -0.5642363 -0.067137584
-0.24169905 -0.70393145 -0.06400926
-0.22896817 -0.7886109 -0.06220295
-0.2812294 -0.3297877 -0.07141878
-0.25687668 -0.55413926 -0.06870065
-0.24202476 -0.69991946 -0.06556044
-0.22916694 -0.79058826 -0.063763
-0.28197026 -0.31645247 -0.0728678
-0.25747728 -0.5444517 -0.070254385
-0.24235426 -0.69614303 -0.06711732
-0.22935498 -0.7927551 -0.06532658
-0.28270686 -0.30379772 -0.07431213
-0.25808844 -0.5351855 -0.071797885
-0.2426869 -0.6926059 -0.06867765
-0.22953276 -0.7951044 -0.06689198
-0.2834395 -0.291806 -0.075751334
-0.25870726 -0.5263502 -0.07333063
-0.24302198 -0.6893114 -0.0702395
-0.22970082 -0.7976293 -0.068457864
-0.28416803 -0.28046215 -0.077184975
-0.25933093 -0.51795316 -0.074852385
-0.24335882 -0.6862626 -0.0718012
-0.22985967 -0.80032396 -0.07002312
-0.28489208 -0.26975262 -0.07861262
-0.2599568 -0.5099997 -0.076363124
-0.24369672 -0.6834622 -0.07336131
-0.23000982 -0.803183 -0.07158687
-0.28561094 -0.2596652 -0.08003382
-0.26058248 -0.502493 -0.077862926
-0.24403496 -0.68091255 -0.07491851
-0.2301517 -0.8062016 -0.07314834
-0.28632385 -0.2501887 -0.08144823
-0.26120576 -0.495435 -0.079351984
-0.2443728 -0.6786158 -0.076471694
-0.23028569 -0.8093754 -0.07470689
-0.28702992 -0.24131286 -0.08285552
-0.26182464 -0.48882577 -0.0808305
-0.24470952 -0.6765736 -0.07801984
-0.23041205 -0.8127006 -0.076261945
-0.28772825 -0.2330279 -0.08425541
-0.2624374 -0.4826643 -0.082298696
-0.24504435 -0.6747872 -0.07956205
-0.230531 -0.81617373 -0.07781298
-0.28841785 -0.22532472 -0.08564768
-0.2630425 -0.4769486 -0.08375678
-0.24537656 -0.67325765 -0.08109756
-0.23064269 -0.8197915 -0.0793595
-0.28909785 -0.21819456 -0.087032095
-0.26363862 -0.47167572 -0.08520492
-0.2457054 -0.67198545 -0.08262562
-0.23074716 -0.82355076 -0.08090105
-0.28976724 -0.21162912 -0.088408455
-0.26422453 -0.46684211 -0.086643234
-0.24603014 -0.67097074 -0.08414562
-0.23084444 -0.8274487 -0.08243715
-0.29042518 -0.20562038 -0.089776605
-0.2647992 -0.46244362 -0.088071816
-0.24635005 -0.67021334 -0.085657
-0.23093447 -0.8314824 -0.083967395
-0.2910708 -0.2001606 -0.09113636
-0.26536176 -0.45847565 -0.0894907
-0.2466644 -0.6697126 -0.08715927
-0.23101722 -0.83564913 -0.08549133
-0.2917032 -0.19524233 -0.09248757
-0.26591137 -0.45493335 -0.090899885
-0.24697253 -0.6694676 -0.08865198
-0.23109254 -0.83994603 -0.087008536
-0.29232156 -0.19085836 -0.0938301
-0.2664473 -0.45181146 -0.092299365
-0.24727371 -0.6694771 -0.090134755
-0.23116033 -0.84437025 -0.08851862
-0.2929252 -0.18700173 -0.09516375
-0.26696897 -0.44910467 -0.09368903
-0.24756733 -0.66973925 -0.09160724
-0.23122044 -0.84891886 -0.09002116
-0.2935133 -0.18366568 -0.09648837
-0.26747578 -0.44680738 -0.09506882
-0.24785273 -0.6702521 -0.093069136
-0.23127273 -0.8535889 -0.09151577
-0.29408517 -0.18084368 -0.097803794
-0.2679672 -0.44491398 -0.096438594
-0.24812931 -0.67101324 -0.09452016
-0.231317 -0.85837734 -0.09300206
-0.29464012 -0.1785294 -0.09910984
-0.26844272 -0.4434187 -0.09779822
-0.2483965 -0.67202 -0.09596008
-0.23135312 -0.863281 -0.09447967
-0.29517755 -0.17671673 -0.10040634
-0.2689019 -0.44231576 -0.09914754
-0.24865375 -0.6732695 -0.09738867
-0.23138092 -0.8682966 -0.09594824
-0.2956968 -0.17539978 -0.10169308
-0.26934436 -0.44159928 -0.10048638
-0.24890055 -0.6747585 -0.09880573
-0.23140024 -0.8734208 -0.09740742
-0.29619727 -0.17457283 -0.10296987
-0.2697697 -0.4412634 -0.10181456
-0.24913639 -0.67648345 -0.10021109
-0.2314109 -0.87865007 -0.09885688
-0.2966784 -0.17423037 -0.10423648
-0.27017754 -0.4413022 -0.10313189
-0.24936084 -0.67844063 -0.10160456
-0.2314128 -0.8839809 -0.10029629
-0.2971396 -0.17436709 -0.105492726
-0.27056754 -0.44170985 -0.10443818
-0.24957348 -0.6806261 -0.10298601
-0.23140578 -0.88940936 -0.101725355
-0.29758036 -0.17497787 -0.10673834
-0.27093935 -0.44248033 -0.10573321
-0.2497739 -0.68303573 -0.10435525
-0.23138969 -0.8949318 -0.10314375
-0.29800013 -0.17605774 -0.10797309
-0.27129272 -0.44360778 -0.10701678
-0.24996175 -0.68566513 -0.105712175
-0.23136444 -0.9005442 -0.10455121
-0.2983984 -0.17760195 -0.109196745
-0.27162728 -0.44508627 -0.10828868
-0.2501367 -0.6885099 -0.10705663
-0.23132993 -0.9062425 -0.10594744
-0.29877466 -0.17960586 -0.110409044
-0.2719428 -0.44690993 -0.10954872
-0.25029847 -0.6915652 -0.1083885
-0.23128606 -0.91202253 -0.1073322
-0.29912838 -0.18206504 -0.11160976
-0.272239 -0.44907284 -0.11079669
-0.25044677 -0.6948264 -0.10970766
-0.23123279 -0.91788006 -0.10870523
-0.29945907 -0.18497519 -0.11279858
-0.27251562 -0.4515691 -0.11203236
-0.25058135 -0.6982886 -0.11101397
-0.23117003 -0.9238107 -0.110066265
-0.29976627 -0.18833214 -0.11397528
-0.27277246 -0.45439285 -0.11325555
-0.25070205 -0.70194674 -0.11230733
-0.23109774 -0.92981 -0.111415096
-0.30004945 -0.19213183 -0.11513957
-0.27300924 -0.45753825 -0.11446604
-0.25080866 -0.70579565 -0.11358761
-0.23101594 -0.9358733 -0.11275148
-0.30030814 -0.19637038 -0.116291165
-0.27322575 -0.4609994 -0.11566363
-0.25090098 -0.70983034 -0.114854686
-0.23092458 -0.94199616 -0.11407518
-0.30054182 -0.20104396 -0.11742982
-0.27342182 -0.4647705 -0.11684814
-0.25097895 -0.71404546 -0.11610846
-0.2308237 -0.9481739 -0.11538601
-0.30075002 -0.20614888 -0.11855527
-0.27359724 -0.46884575 -0.11801939
-0.25104246 -0.7184359 -0.11734884
-0.23071332 -0.9544016 -0.11668377
-0.30093223 -0.21168147 -0.11966718
-0.27375185 -0.4732193 -0.11917715
-0.25109142 -0.7229962 -0.11857568
-0.2305935 -0.96067464 -0.11796823
-0.30108795 -0.21763821 -0.120765306
-0.27388546 -0.4778854 -0.120321274
-0.25112578 -0.7277211 -0.11978889
-0.2304643 -0.9669881 -0.11923921
-0.3012167 -0.22401561 -0.12184939
-0.27399793 -0.48283827 -0.1214516
-0.25114554 -0.73260534 -0.12098838
-0.23032582 -0.9733371 -0.120496534
-0.30131796 -0.2308102 -0.12291913
-0.27408913 -0.4880722 -0.12256795
-0.25115067 -0.7376437 -0.122174025
-0.23017813 -0.9797168 -0.12174
-0.3013912 -0.23801851 -0.12397425
-0.27415892 -0.49358135 -0.12367015
-0.25114122 -0.7428308 -0.12334573
-0.23002139 -0.9861222 -0.122969404
-0.30143595 -0.2456372 -0.1250145
-0.27420723 -0.49936014 -0.12475809
-0.2511172 -0.7481615 -0.124503404
-0.22985569 -0.9925483 -0.124184586
-0.30145165 -0.25366285 -0.12603961
-0.27423394 -0.5054028 -0.12583162
-0.25107875 -0.7536307 -0.12564696
-0.22968122 -0.9989903 -0.12538539
-0.3014378 -0.262092 -0.12704931
-0.27423894 -0.5117037 -0.12689063
-0.25102592 -0.7592332 -0.1267763
-0.22949812 -1.0054431 -0.1265716
-0.30139384 -0.2709212 -0.12804334
-0.2742222 -0.5182572 -0.12793498
-0.25095883 -0.764964 -0.12789132
-0.22930658 -1.0119019 -0.12774304
-0.30131924 -0.280147 -0.12902148
-0.27418366 -0.5250578 -0.12896462
-0.25087765 -0.77081823 -0.12899193
-0.2291068 -1.0183614 -0.12889956
-0.30121344 -0.28976572 -0.12998347
-0.2741233 -0.5320997 -0.12997945
-0.25078252 -0.77679116 -0.13007806
-0.22889897 -1.0248172 -0.13004094
-0.30107594 -0.29977384 -0.13092908
-0.2740411 -0.5393777 -0.1309794
-0.2506736 -0.78287804 -0.1311496
-0.22868332 -1.031264 -0.13116705
-0.3009061 -0.31016752 -0.13185811
-0.27393705 -0.5468861 -0.13196445
-0.2505511 -0.7890745 -0.13220648
-0.22846007 -1.0376971 -0.13227767
-0.30070347 -0.32094294 -0.13277036
-0.27381122 -0.5546196 -0.13293457
-0.25041527 -0.79537606 -0.13324861
-0.22822946 -1.0441114 -0.13337265
-0.30046737 -0.332096 -0.13366562
-0.2736636 -0.5625729 -0.13388978
-0.25026628 -0.8017786 -0.1342759
-0.22799173 -1.0505023 -0.13445178
-0.30019733 -0.3436226 -0.13454373
-0.2734943 -0.57074064 -0.13483009
-0.25010446 -0.8082781 -0.13528825
-0.22774716 -1.0568649 -0.13551484
-0.29989272 -0.35551837 -0.13540456
-0.27330342 -0.5791177 -0.13575555
-0.24993002 -0.81487083 -0.1362856
-0.22749598 -1.0631943 -0.13656169
-0.29955304 -0.3677787 -0.13624798
-0.27309102 -0.587699 -0.13666627
-0.24974327 -0.8215532 -0.13726783
-0.2272385 -1.0694858 -0.13759208
-0.29917765 -0.3803988 -0.13707387
-0.2728573 -0.5964796 -0.13756232
-0.24954449 -0.82832175 -0.13823484
-0.22697498 -1.0757346 -0.1386058
-0.298766 -0.3933738 -0.13788222
-0.2726024 -0.60545474 -0.13844386
-0.24933396 -0.83517355 -0.13918655
-0.2267057 -1.0819361 -0.13960263
-0.29831755 -0.40669823 -0.13867296
-0.27232656 -0.6146196 -0.13931108
-0.24911201 -0.8421057 -0.14012282
-0.22643097 -1.0880854 -0.14058231
-0.29783177 -0.42036673 -0.13944614
-0.27202997 -0.6239699 -0.14016417
-0.24887896 -0.8491156 -0.14104357
-0.22615108 -1.094178 -0.14154461
-0.29730812 -0.43437344 -0.14020182
-0.2717129 -0.6335013 -0.1410034
-0.24863508 -0.85620093 -0.14194867
-0.22586636 -1.100209 -0.14248922
-0.29674608 -0.4487121 -0.1409401
-0.27137566 -0.6432097 -0.14182904
-0.24838074 -0.8633597 -0.142838
-0.22557715 -1.1061739 -0.14341587
-0.29614514 -0.46337652 -0.1416612
-0.2710186 -0.65309143 -0.14264143
-0.24811621 -0.87059003 -0.14371142
-0.22528376 -1.1120679 -0.1443242
-0.29550487 -0.4783598 -0.14236535
-0.27064207 -0.663143 -0.14344092
-0.24784179 -0.87789047 -0.14456877
-0.22498657 -1.1178864 -0.14521386
-0.29482484 -0.49365488 -0.14305289
-0.2702465 -0.6733611 -0.14422794
-0.2475578 -0.88525975 -0.14540991
-0.22468597 -1.1236248 -0.14608444
-0.29410464 -0.5092546 -0.14372426
-0.26983237 -0.68374324 -0.14500292
-0.24726449 -0.8926969 -0.14623465
-0.22438237 -1.1292785 -0.1469355
-0.29334393 -0.52515113 -0.14437996
-0.2694002 -0.694287 -0.14576635
-0.24696214 -0.90020114 -0.14704281
-0.2240762 -1.134843 -0.14776652
-0.29254243 -0.5413367 -0.14502062
-0.2689505 -0.7049905 -0.14651877
-0.24665101 -0.907772 -0.14783417
-0.22376797 -1.1403137 -0.14857693
-0.2916999 -0.55780333 -0.145647
-0.2684839 -0.7158526 -0.14726071
-0.2463313 -0.9154091 -0.14860849
-0.2234582 -1.1456865 -0.14936611
-0.29081616 -0.5745425 -0.14625996
-0.26800102 -0.7268725 -0.14799275
-0.24600324 -0.9231123 -0.1493655
-0.2231475 -1.1509571 -0.15013331
-0.2898911 -0.5915459 -0.14686053
-0.26750258 -0.73805034 -0.14871545
-0.24566703 -0.9308816 -0.15010491
-0.22283651 -1.1561215 -0.15087774
-0.2889247 -0.6088048 -0.14744982
-0.26698926 -0.7493867 -0.14942937
-0.24532282 -0.9387172 -0.1508263
-0.222526 -1.1611761 -0.15159847
-0.2879169 -0.62631065 -0.14802918
-0.26646182 -0.76088315 -0.15013504
-0.24497078 -0.9466192 -0.15152928
-0.22221676 -1.1661177 -0.15229444
-0.2868678 -0.6440549 -0.14860006
-0.26592094 -0.7725419 -0.15083292
-0.24461108 -0.95458794 -0.15221328
-0.22190969 -1.1709433 -0.15296455
-0.2857775 -0.6620287 -0.14916411
-0.26536733 -0.784366 -0.15152335
-0.24424383 -0.9626237 -0.15287763
-0.22160576 -1.175651 -0.15360752
-0.28464615 -0.6802236 -0.14972316
-0.2648017 -0.79635924 -0.15220651
-0.24386919 -0.9707269 -0.15352152
-0.22130606 -1.1802391 -0.15422197
-0.28347388 -0.6986313 -0.15027924
-0.2642246 -0.80852634 -0.15288238
-0.24348725 -0.97889775 -0.15414397
-0.22101164 -1.1847072 -0.15480644
-0.2822609 -0.7172432 -0.15083458
-0.26363647 -0.8208722 -0.15355065
-0.2430982 -0.9871364 -0.15474366
-0.22072364 -1.1890557 -0.15535936
-0.28100735 -0.73605096 -0.15139167
-0.2630377 -0.8334022 -0.15421064
-0.24270211 -0.99544317 -0.15531899
-0.22044311 -1.1932861 -0.15587908
-0.2797135 -0.75504667 -0.1519534
-0.26242858 -0.84612226 -0.15486118
-0.24229917 -1.0038182 -0.15586798
-0.22017103 -1.197401 -0.15636401
-0.27837974 -0.7742213 -0.15252297
-0.26180917 -0.85903746 -0.15550044
-0.24188943 -1.0122613 -0.1563881
-0.21990821 -1.2014042 -0.15681241
-0.27700692 -0.7935665 -0.15310478
-0.2611797 -0.87215304 -0.1561257
-0.24147299 -1.0207725 -0.15687631
-0.21965525 -1.2053002 -0.15722267
-0.27559686 -0.81307286 -0.15370362
-0.26054022 -0.8854732 -0.1567328
-0.24104987 -1.0293516 -0.15732889
-0.21941242 -1.2090948 -0.15759309
-0.27415404 -0.83272964 -0.1543309
-0.2598911 -0.89900124 -0.15731548
-0.24061993 -1.0379983 -0.15774149
-0.21917973 -1.212794 -0.15792207
-0.27268735 -0.8525242 -0.15499462
-0.25923276 -0.9127394 -0.15786377
-0.24018288 -1.0467122 -0.15810916
-0.21895689 -1.2164044 -0.15820791
-0.27122295 -0.87243414 -0.15575288
-0.2585655 -0.92668927 -0.15836243
-0.23973815 -1.0554928 -0.1584267
-0.21874332 -1.219933 -0.15844911
-0.26979843 -0.8924432 -0.15659799
-0.25788885 -0.94084907 -0.15878783
-0.23928484 -1.0643382 -0.15868849
-0.21853822 -1.223386 -0.158644
-0.2686069 -0.91239184 -0.15801315
-0.25720057 -0.95522374 -0.15911247
-0.23882176 -1.0732509 -0.1588908
-0.21834107 -1.2267706 -0.15879244
-0.28195223 -0.3294155 -0.056896605
-0.27926174 -0.39049628 -0.057982087
-0.28313053 -0.31160423 -0.061328925
-0.2888747 -0.2317043 -0.06501551
-0.28448462 -0.31315398 -0.066492796
-0.28872654 -0.23894624 -0.069665976
-0.29445204 -0.16446546 -0.07302147
-0.30171564 -0.0897356 -0.07639389
-0.29233065 -0.19162571 -0.0773391
-0.2982981 -0.122611344 -0.08045525
-0.30528083 -0.054157935 -0.08356525
-0.29452458 -0.16439456 -0.0845055
-0.3007371 -0.10096138 -0.08746895
-0.3075795 -0.038532134 -0.09040757
-0.3151148 0.022617696 -0.093304895
-0.30212924 -0.09608875 -0.094187595
-0.3088511 -0.039477207 -0.096994996
-0.31606644 0.015610223 -0.099760294
-0.30270657 -0.10575358 -0.100660525
-0.30927628 -0.054814618 -0.10334775
-0.31620562 -0.005622846 -0.10598921
-0.32353082 0.041622076 -0.10858698
-0.3089581 -0.08301206 -0.109456286
-0.31559318 -0.039674986 -0.11196883
-0.3225484 0.0014391189 -0.11443407
-0.30794188 -0.122844644 -0.11529735
-0.31425518 -0.08541764 -0.117667794
-0.3208225 -0.050557673 -0.119987786
-0.32765776 -0.018496716 -0.122258335
-0.31219247 -0.1418052 -0.123052135
-0.31834072 -0.1134058 -0.12521008
-0.3247164 -0.08827191 -0.12731457
-0.30938926 -0.20774642 -0.12808979
-0.3150766 -0.18607043 -0.13006453
-0.32093832 -0.16821735 -0.1319845
-0.32696265 -0.15451132 -0.13384852
-0.31099984 -0.26734516 -0.13452041
-0.31629217 -0.25716045 -0.13623421
-0.32172534 -0.25184497 -0.13789004
-0.3060831 -0.35576007 -0.13855997
-0.3107362 -0.3536213 -0.1400413
-0.3154773 -0.35719362 -0.14146806
-0.320268 -0.36694446 -0.14284112
-0.30424517 -0.4557044 -0.14341167
-0.30818957 -0.4685802 -0.14458993
-0.31216398 -0.4886689 -0.14572722
-0.29684195 -0.5610566 -0.14641427
-0.29987252 -0.5834291 -0.1473442
-0.30276546 -0.61407447 -0.14828525
-0.30545503 -0.653203 -0.1492688
-0.29071656 -0.69883347 -0.14998095
-0.29232144 -0.73972976 -0.15094817
-0.29303902 -0.78872013 -0.15224805
-0.28114787 -0.81253153 -0.15291014
-0.28146037 -0.8633353 -0.1546166
-0.2794553 -0.9184077 -0.15716954
-0.26130718 -1.0462606 -0.16197005
-0.2184852 -1.5552585 -0.15580207
-0.16998354 -2.037635 -0.15709019
-0.2478356 -1.2255567 -0.15818106
-0.20279294 -1.7258713 -0.15567476
-0.15166059 -2.2068741 -0.15891053
-0.23348409 -1.4013121 -0.15673114
-0.18612544 -1.8964602 -0.15609862
-0.2635389 -1.0542808 -0.16164756
-0.21825069 -1.5758288 -0.15594205
-0.16846897 -2.067529 -0.15718433
-0.24880825 -1.2382677 -0.15878339
-0.20210522 -1.7497139 -0.15572613
-0.14980435 -2.239548 -0.15907276
-0.23379725 -1.4181237 -0.1570037
-0.18501252 -1.9234128 -0.1561316
-0.26509824 -1.0605886 -0.16089359
-0.21802576 -1.5963262 -0.15602115
-0.16696177 -2.097355 -0.15724136
-0.24980302 -1.2496766 -0.15903111
-0.20137571 -1.7736057 -0.15573119
-0.14793345 -2.271978 -0.1591905
-0.23408622 -1.4344207 -0.15714611
-0.18382698 -1.9503969 -0.1561267
-0.26634386 -1.0666306 -0.16024995
-0.2176833 -1.6167402 -0.15602869
-0.16536473 -2.1271327 -0.15725833
-0.25061116 -1.2606573 -0.159009
-0.20048618 -1.79754 -0.15569158
-0.1459632 -2.3042188 -0.15925466
-0.23419137 -1.4504838 -0.15712622
-0.18247159 -1.9774153 -0.15609021
-0.26742628 -1.0728831 -0.1597955
-0.21708712 -1.6371489 -0.15595306
-0.1636085 -2.156899 -0.15724239
-0.2510838 -1.2717168 -0.15882075
-0.19931903 -1.8215269 -0.15561502
-0.14386651 -2.3363705 -0.15926544
-0.19011514 -0.4730219 -0.037482627
-0.22105852 -0.7799438 -0.034894392
-0.25029984 -1.118673 -0.02812364
-0.1986369 -0.5518691 -0.037223686
-0.2290568 -0.8669936 -0.033239726
-0.17416951 -0.32719702 -0.03695867
-0.2070239 -0.63278997 -0.036533237
-0.23726553 -0.95926934 -0.031244606
-0.1832459 -0.40586838 -0.037369944
-0.21535991 -0.71665925 -0.035425473
-0.24597971 -1.058844 -0.02904044
-0.19208486 -0.48565912 -0.037327703
-0.2237497 -0.8044723 -0.033919446
-0.16682869 -0.25841254 -0.03650909
-0.20077994 -0.5673943 -0.036839783
-0.23234287 -0.8974511 -0.03205289
-0.17619957 -0.33794796 -0.03717184
-0.20942615 -0.6519631 -0.035920337
-0.24131118 -0.9973025 -0.029969849
-0.1853194 -0.4184892 -0.037357803
-0.21813363 -0.7403757 -0.034587525
-0.15932898 -0.18927562 -0.03594426
-0.19428746 -0.5008683 -0.037082445
-0.22703698 -0.833848 -0.032874476
-0.16895725 -0.26943418 -0.03688995
-0.20320103 -0.5859723 -0.03636304
-0.23626082 -0.9338673 -0.030894356
-0.17832577 -0.3505011 -0.037311517
-0.21216851 -0.6748008 -0.035219114
-0.24572821 -1.0417303 -0.029140225
-0.18753085 -0.43333527 -0.0372539
-0.2213142 -0.76854515 -0.033677958
-0.16152202 -0.20046853 -0.036523685
-0.19665682 -0.5188006 -0.036738075
-0.23075286 -0.8686031 -0.03180852
-0.17108417 -0.28181913 -0.03718367
-0.20578842 -0.60786253 -0.035783563
-0.24048492 -0.97616106 -0.029890006
-0.23334245 -0.9212971 -0.033922262
-0.20483112 -0.6191644 -0.037600722
-0.17245321 -0.32619393 -0.037274998
-0.22618352 -0.8384734 -0.035438336
-0.1968047 -0.54357517 -0.038047194
-0.24704216 -1.0696517 -0.031877507
-0.21874005 -0.7593149 -0.036677103
-0.18854678 -0.46945065 -0.03815861
-0.23941617 -0.9813748 -0.033640917
-0.2111769 -0.68306637 -0.03760286
-0.18001445 -0.39657757 -0.03799507
-0.23201656 -0.8989655 -0.035138246
-0.20346528 -0.60906345 -0.0382069
-0.2520572 -1.1275865 -0.030345488
-0.2247314 -0.82076746 -0.036425028
-0.19555423 -0.5368538 -0.038497686
-0.24487248 -1.0400436 -0.032807563
-0.21738812 -0.7457937 -0.037455063
-0.18741587 -0.46620688 -0.03849401
-0.23763622 -0.9580777 -0.03455817
-0.20994088 -0.6733824 -0.03820266
-0.25591853 -1.1790074 -0.028845655
-0.23047464 -0.88072634 -0.035978142
-0.20234677 -0.6030773 -0.038657688
-0.24945383 -1.0948378 -0.03150349
-0.22333416 -0.8069902 -0.03713574
-0.19457588 -0.53463686 -0.0388137
-0.2426718 -1.014588 -0.03361958
-0.21614143 -0.73614585 -0.03802783
-0.1866198 -0.4679606 -0.03867669
-0.2358019 -0.93851537 -0.03528255
-0.20884879 -0.66772574 -0.038641684
-0.25313967 -1.144011 -0.030141572
-0.22891246 -0.8661491 -0.036619004
-0.20142676 -0.60145396 -0.03895958
-0.24696343 -1.0669477 -0.03243572
-0.22198886 -0.79692155 -0.037672874
-0.19386359 -0.5371977 -0.038960256
-0.24054764 -0.99308896 -0.034341857
-0.21499817 -0.7303851 -0.0384487
-0.25607437 -1.1871247 -0.028950538
-0.23401257 -0.9225687 -0.035891153
-0.20791607 -0.6662608 -0.038931258
-0.2505046 -1.1141214 -0.031196775
-0.22740723 -0.855169 -0.03712934
-0.20073168 -0.60438645 -0.039090984
-0.2446247 -1.0434152 -0.033244647
-0.22073802 -0.79060555 -0.03807651
-0.19344209 -0.5446711 -0.038880426
-0.23853797 -0.97541755 -0.034981135
-0.21399881 -0.7286434 -0.038727798
-0.2533611 -1.1557232 -0.030022316
-0.23231933 -0.9102564 -0.036405336
-0.20718645 -0.6691352 -0.039056905
-0.24802789 -1.088797 -0.032098178
-0.22601034 -0.8478744 -0.037528835
-0.20030257 -0.61198395 -0.03901418
-0.24243896 -1.0239646 -0.033955432
-0.21963096 -0.78816944 -0.038351603
-0.25559792 -1.1916999 -0.02895258
-0.23666458 -0.9615314 -0.03553543
-0.21319307 -0.73104507 -0.03885404
-0.25079277 -1.128918 -0.03097619
-0.2307611 -0.9016543 -0.036823776
-0.20670748 -0.6764377 -0.038991228
-0.24571247 -1.0677078 -0.032884073
-0.224769 -0.84438044 -0.037813183
-0.20018376 -0.62429696 -0.038646128
-0.24041356 -1.0084555 -0.03457124
-0.21871743 -0.7897192 -0.03848657
-0.25296372 -1.1636888 -0.029915733
-0.23495148 -0.9514342 -0.035995156
-0.21262959 -0.73766047 -0.038805906
-0.24838178 -1.106394 -0.031818844
-0.22937565 -0.8968323 -0.037134223
-0.20652528 -0.6881982 -0.038693253
-0.243566 -1.0506544 -0.03356377
-0.22372782 -0.8447624 -0.037967872
-0.25458452 -1.1931586 -0.02892879
-0.23856448 -0.99680984 -0.035084803
-0.21804331 -0.79530126 -0.03846233
-0.25048035 -1.1399324 -0.030791271
-0.2334265 -0.9451263 -0.036345977
-0.21235271 -0.7484954 -0.03855357
-0.24614006 -1.0879314 -0.03255295
-0.22819941 -0.89581543 -0.03732017
-0.25569323 -1.2174265 -0.028014045
-0.24160275 -1.0375006 -0.034132905
-0.22292686 -0.8490302 -0.037974633
-0.2520439 -1.1683491 -0.029817734
-0.23691301 -0.98895854 -0.035483703
-0.21764871 -0.8048906 -0.038255382
-0.24816303 -1.1202093 -0.031566225
-0.23211804 -0.9425708 -0.036572002
-0.21240169 -0.76348096 -0.038062185
-0.24408248 -1.0733587 -0.033172436
-0.22726513 -0.8985648 -0.037364475
-0.25310698 -1.1917202 -0.02890427
-0.23984075 -1.0281212 -0.034580946
-0.2224002 -0.8571196 -0.037814125
-0.24966551 -1.1475089 -0.030620893
-0.23548156 -0.9848043 -0.035754047
-0.21756737 -0.81838274 -0.037841238
-0.24602757 -1.1043278 -0.032228094
-0.2310519 -0.9436748 -0.036658064
-0.2537052 -1.21017 -0.02805057
-0.24222548 -1.0625103 -0.03366632
-0.22660024 -0.90497077 -0.03725126
-0.25067905 -1.1698958 -0.029726548
-0.23829827 -1.022368 -0.034895565
-0.22217536 -0.86888784 -0.03746882
-0.24746543 -1.130433 -0.03131735
-0.23429011 -0.9842019 -0.03588293
-0.21782604 -0.8355874 -0.037197184
-0.2440894 -1.0920931 -0.03276269
-0.23024906 -0.9482811 -0.03659154
-0.25123546 -1.1874825 -0.028886955
-0.24058443 -1.055197 -0.03402229
-0.22622584 -0.91485053 -0.03696843
-0.24842523 -1.1517385 -0.030451776
-0.23699073 -1.0200497 -0.035065453
-0.22227289 -0.8841126 -0.03692811
-0.24545798 -1.1169044 -0.03188767
-0.23335402 -0.9869495 -0.035860542
-0.2513629 -1.2003888 -0.028101532
-0.24236146 -1.0832828 -0.033155885
-0.22972462 -0.9561682 -0.036364853
-0.24893595 -1.1683518 -0.029637955
-0.23917094 -1.0511881 -0.034229472
-0.22615658 -0.92795205 -0.036511935
-0.24635857 -1.1370128 -0.031054309
-0.23592861 -1.0209236 -0.03508286
-0.22270638 -0.9024968 -0.036171354
-0.24365385 -1.1066728 -0.032314114
-0.23268293 -0.9927895 -0.035682965
-0.24902542 -1.1803882 -0.028878056
-0.24085207 -1.0776318 -0.033395827
-0.22948784 -0.96705776 -0.035979312
-0.24681841 -1.152525 -0.030271677
-0.23799111 -1.0502046 -0.03428111
-0.22640131 -0.9439658 -0.035891227
-0.24448769 -1.1254429 -0.031511344
-0.23511656 -1.0247003 -0.03494658
-0.24872245 -1.1879865 -0.028169934
-0.24205817 -1.0994415 -0.032582443
-0.2322812 -1.0014215 -0.035355877
-0.2468645 -1.1635562 -0.029544959
-0.2395632 -1.0748278 -0.033475578
-0.22954345 -0.9806324 -0.035449747
-0.24488918 -1.1397024 -0.030758863
-0.23704492 -1.051928 -0.034177735
-0.24804823 -1.1912744 -0.027507778
-0.24281462 -1.116702 -0.0318047
-0.23455437 -1.0310612 -0.034665767
-0.24652272 -1.170242 -0.028875127
-0.24066876 -1.0948663 -0.032684345
-0.23215003 -1.0125256 -0.03489861
-0.24488443 -1.149569 -0.030065058
-0.23849 -1.074525 -0.03339656
-0.22989422 -0.996559 -0.034808155
-0.24314709 -1.1295264 -0.031075729
-0.23632763 -1.0560248 -0.033931334
-0.2458151 -1.1727082 -0.02825785
-0.24133283 -1.110412 -0.031923488
-0.23424019 -1.0396886 -0.034263663
-0.24449763 -1.155178 -0.029435119
-0.23947564 -1.0925729 -0.032621294
-0.23229116 -1.0257891 -0.034347128
-0.243081 -1.1380361 -0.030406635
-0.23762307 -1.0763763 -0.033173125
-0.24476652 -1.1710873 -0.027681557
-0.2415809 -1.121582 -0.031207373
-0.23583457 -1.0621846 -0.033568755
-0.24375084 -1.156656 -0.028870076
-0.24002662 -1.106168 -0.031868502
-0.23417546 -1.0502973 -0.03377924
-0.24263994 -1.1423683 -0.029806506
-0.23846412 -1.0922021 -0.032409962
-0.23270983 -1.0409294 -0.03375094
-0.24143814 -1.1285001 -0.030548826
-0.2369549 -1.0800844 -0.032835953
-0.24266434 -1.1541331 -0.028364453
-0.2401682 -1.1154271 -0.031153219
-0.2355677 -1.0701565 -0.033131722
-0.24184574 -1.1426526 -0.029282192
-0.23887494 -1.1035969 -0.031659126
-0.23436843 -1.0626506 -0.033265576
-0.24092814 -1.1313046 -0.029959198
-0.23762378 -1.0934743 -0.032085795
-0.24124895 -1.1477076 -0.02790103
-0.23992528 -1.1204722 -0.030488946
-0.23648901 -1.0854406 -0.03242989
-0.24071607 -1.1390196 -0.028837617
-0.23887998 -1.1106727 -0.030936442
-0.23553964 -1.0797551 -0.0326723
-0.24007279 -1.130127 -0.029448397
-0.2378642 -1.1024455 -0.031337507
-0.23483284 -1.0765519 -0.03276684
-0.2393215 -1.1214371 -0.029887354
-0.23696104 -1.0962358 -0.03169778
-0.23926216 -1.1315681 -0.028471716
-0.238503 -1.1135433 -0.030256102
-0.23624414 -1.0923189 -0.03200514
-0.23888949 -1.1250981 -0.029025208
-0.23769908 -1.1071038 -0.030609304
-0.2357699 -1.0908314 -0.03224785
-0.23837851 -1.1184459 -0.029357674
-0.23700583 -1.1026319 -0.030958597
-0.23749131 -1.1203705 -0.028171042
-0.237766 -1.1123301 -0.029629976
-0.23650323 -1.1004288 -0.031293783
-0.23739089 -1.1163172 -0.028698629
-0.23715024 -1.1075567 -0.029918447
-0.23624673 -1.1006147 -0.03160946
-0.23711383 -1.1116158 -0.028905906
-0.23664573 -1.1047372 -0.030235343
-0.23538618 -1.105416 -0.027882174
-0.23668742 -1.1071367 -0.029066302
-0.2363394 -1.1041796 -0.03056725
-0.2355816 -1.103855 -0.028481796
-0.23623654 -1.1039199 -0.029280797
-0.23628514 -1.1059906 -0.030909715
-0.23554114 -1.1010221 -0.028534245
-0.23590231 -1.1026691 -0.029551415
-0.23651645 -1.1101747 -0.03128966
-0.23527943 -1.0980455 -0.028567918
-0.23577678 -1.1036937 -0.029854873
-0.23344688 -1.0877005 -0.028400963
-0.23497093 -1.09629 -0.028709998
-0.23590937 -1.1070619 -0.030185748
-0.2336668 -1.0866957 -0.02824135
-0.23479456 -1.0965661 -0.028930241
-0.23632878 -1.1127573 -0.030572377
-0.23354502 -1.0850687 -0.0281306
-0.23484081 -1.0991179 -0.029187316
-0.23094516 -1.0677357 -0.02849955
-0.23335704 -1.084742 -0.028217476
-0.23514794 -1.1039721 -0.029474627
-0.23148862 -1.0685583 -0.028025188
-0.23333597 -1.0865612 -0.028394004
-0.23573904 -1.1110845 -0.029820299
-0.23147093 -1.0681303 -0.027742542
-0.23355585 -1.090641 -0.028595192
-0.23663232 -1.1204138 -0.03030766
-0.23138471 -1.0692874 -0.027815735
-0.23403405 -1.096912 -0.028815502
-0.22898594 -1.0463723 -0.027897583
-0.23153324 -1.0727832 -0.027963536
-0.23478246 -1.1053238 -0.029082853
-0.22900085 -1.0469738 -0.02738966
-0.2319437 -1.0784593 -0.028105104
-0.2358195 -1.1158397 -0.029465096
-0.22903466 -1.0498978 -0.02752808
-0.23260288 -1.086143 -0.028245497
-0.22612274 -1.0194253 -0.027995354
-0.22939439 -1.0553182 -0.027662577
-0.23350509 -1.0957268 -0.028411357
-0.22601964 -1.0211099 -0.027096033
-0.23002899 -1.0627693 -0.027738392
-0.23465748 -1.1072246 -0.02865085
-0.23414236 -1.3611764 -0.15598494
-0.18903714 -1.8346113 -0.15592994
-0.26232573 -1.0178949 -0.16058408
-0.21997663 -1.5151794 -0.15554065
-0.17328043 -1.9787769 -0.15685531
-0.24897672 -1.1861075 -0.15699099
-0.20545359 -1.6640267 -0.15549573
-0.15699929 -2.1199799 -0.1583698
-0.2350304 -1.344475 -0.15600026
-0.1904955 -1.8085477 -0.15588158
-0.26194826 -1.0113058 -0.16045079
-0.2209743 -1.4957201 -0.15557466
-0.17507726 -1.949415 -0.15675029
-0.24925783 -1.1736579 -0.15751697
-0.206652 -1.6414669 -0.15552501
-0.15918033 -2.0871685 -0.15816396
-0.23565958 -1.3287932 -0.15625648
-0.19197553 -1.7826867 -0.15587115
-0.2610236 -1.0084373 -0.16018665
-0.22183263 -1.476936 -0.15573013
-0.17690082 -1.9200811 -0.15666603
-0.24897163 -1.1641617 -0.1580403
-0.20777287 -1.6193851 -0.15562083
-0.16139983 -2.0541863 -0.15797
-0.23594034 -1.3147366 -0.15664831
-0.19341268 -1.7571186 -0.15589935
-0.259848 -1.0081098 -0.15996912
-0.22249216 -1.4591455 -0.15598226
-0.17870593 -1.8908432 -0.15660515
-0.24834153 -1.1573112 -0.1584363
-0.20877229 -1.5979601 -0.15577587
-0.1636222 -2.0210907 -0.15779284
-0.23590612 -1.3025779 -0.15707162
-0.19477338 -1.7319574 -0.1559646
-0.25849792 -1.0098056 -0.15981208
-0.22293526 -1.4426036 -0.15629423
-0.18046622 -1.8617854 -0.15656917
-0.24748391 -1.1526896 -0.1587165
-0.20962855 -1.5773627 -0.15597838
-0.1658261 -1.9879524 -0.15763623
-0.23561825 -1.2923133 -0.15746531
-0.19603896 -1.7073212 -0.15606375
-0.257006 -1.0132164 -0.15969978
-0.2231698 -1.427448 -0.15662804
-0.1821664 -1.8329992 -0.15655878
-0.24645565 -1.14996 -0.15891539
-0.21033311 -1.5577273 -0.15621237
-0.16799912 -1.9548509 -0.15750279
-0.23512924 -1.2838118 -0.15780707
-0.19719891 -1.6833191 -0.15619135
-0.25539273 -1.0181243 -0.1596179
-0.2232169 -1.4137087 -0.15695515
-0.18379715 -1.8045772 -0.1565733
-0.24528876 -1.1488663 -0.15906036
-0.21088809 -1.5391369 -0.15646105
-0.17013344 -1.9218726 -0.15739393
-0.23447753 -1.276907 -0.15809509
-0.19824903 -1.6600401 -0.15633982
-0.25367367 -1.0243618 -0.15955666
-0.22310124 -1.4013437 -0.15725912
-0.18535309 -1.776606 -0.15661038
-0.24400446 -1.1492094 -0.1591693
-0.21130292 -1.5216231 -0.15671007
-0.17222369 -1.8891051 -0.15730977
-0.23369108 -1.2714367 -0.15833522
-0.19919047 -1.6375464 -0.15650088
-0.25186148 -1.0317934 -0.15950966
-0.22284606 -1.3902735 -0.1575328
-0.18683189 -1.7491604 -0.15666635
-0.2426188 -1.1508294 -0.15925345
-0.21159084 -1.5051781 -0.15694934
-0.174266 -1.8566338 -0.15724923
-0.23279092 -1.2672548 -0.15853503
-0.20002837 -1.6158735 -0.15666685
-0.249967 -1.040305 -0.15947264
-0.22247171 -1.3804032 -0.15777469
-0.18823397 -1.7223011 -0.15673685
-0.24114487 -1.1535939 -0.1593198
-0.21176626 -1.4897665 -0.15717274
-0.17625797 -1.8245386 -0.15721023
-0.23179372 -1.2642326 -0.15870148
-0.20077045 -1.5950325 -0.15683155
-0.2479998 -1.0497987 -0.15944272
-0.22199552 -1.3716363 -0.15798612
-0.1895619 -1.6960726 -0.15681748
-0.23959382 -1.1573902 -0.15937279
-0.21184328 -1.4753374 -0.1573772
-0.17819841 -1.7928908 -0.15719019
-0.23071323 -1.2622569 -0.1588403
-0.20142579 -1.5750164 -0.15699051
-0.24596839 -1.0601888 -0.15941782
-0.22143224 -1.3638792 -0.15816963
-0.19081986 -1.6705042 -0.15690434
-0.23797546 -1.1621205 -0.15941526
-0.21183503 -1.4618318 -0.15756173
-0.18008737 -1.7617517 -0.15718627
-0.2295612 -1.2612273 -0.15895599
-0.20200388 -1.5558053 -0.15714091
-0.24388044 -1.0713981 -0.15939642
-0.2207947 -1.3570445 -0.15832792
-0.19201307 -1.6456128 -0.15699431
-0.2362985 -1.1676977 -0.159449
-0.21175352 -1.449188 -0.15772654
-0.18192585 -1.7311718 -0.15719579
-0.22834785 -1.2610538 -0.159052
-0.20251414 -1.5373703 -0.15728112
-0.2417429 -1.0833578 -0.15937738
-0.22009411 -1.3510498 -0.15846352
-0.19314732 -1.6214046 -0.15708508
-0.23457088 -1.1740435 -0.15947507
-0.21160965 -1.4373437 -0.15787238
-0.18371563 -1.701192 -0.15721644
-0.22708239 -1.2616546 -0.15913078
-0.20296568 -1.5196775 -0.15741041
-0.23956208 -1.0960041 -0.15935972
-0.21934058 -1.3458188 -0.15857856
-0.19422868 -1.5978782 -0.15717512
-0.23279981 -1.1810861 -0.15949406
-0.21141347 -1.4262377 -0.15800023
-0.18545897 -1.6718441 -0.15724647
-0.22577316 -1.2629536 -0.15919408
-0.20336714 -1.50269 -0.1575287
-0.23734377 -1.1092786 -0.15934266
-0.21854335 -1.3412789 -0.1586747
-0.19526324 -1.5750263 -0.15726364
-0.23099199 -1.1887583 -0.15950608
-0.2111743 -1.4158101 -0.15811111
-0.18715855 -1.6431528 -0.15728478
-0.22442797 -1.2648793 -0.15924297
-0.20372684 -1.486369 -0.15763624
-0.23509327 -1.123126 -0.15932547
-0.21771108 -1.337361 -0.15875311
-0.19625701 -1.552838 -0.15735042
-0.22915368 -1.1969963 -0.15951101
-0.21090099 -1.4060028 -0.1582059
-0.18881717 -1.6151376 -0.15733099
-0.22305422 -1.267363 -0.15927795
-0.20405272 -1.4706758 -0.15773363
-0.2328154 -1.1374947 -0.15930744
-0.21685207 -1.3339975 -0.15881456
-0.1972159 -1.5313001 -0.15743585
-0.22729082 -1.2057385 -0.15950833
-0.2106021 -1.3967582 -0.15828538
-0.19043766 -1.587814 -0.15738533
-0.2216591 -1.2703367 -0.15929903
-0.2043525 -1.4555719 -0.15782167
-0.23051463 -1.152335 -0.15928787
-0.21597455 -1.331122 -0.1588594
-0.19814558 -1.5103993 -0.15752076
-0.22540912 -1.2149243 -0.15949732
-0.21028611 -1.3880202 -0.15835026
-0.19202282 -1.5611962 -0.15744875
-0.22024974 -1.2737335 -0.15930581
-0.20463374 -1.4410199 -0.15790144
-0.22819504 -1.1675991 -0.15926604
-0.2150868 -1.3286681 -0.15888771
-0.19905151 -1.490123 -0.15760648
-0.22351415 -1.224493 -0.15947689
-0.20996152 -1.3797333 -0.15840131
-0.19357522 -1.5352982 -0.1575227
-0.2188334 -1.2774845 -0.1592975
-0.20490389 -1.4269847 -0.15797433
-0.22586034 -1.1832407 -0.1592412
-0.21419735 -1.326569 -0.15889941
-0.19993885 -1.4704612 -0.15769477
-0.22161144 -1.2343829 -0.1594457
-0.20963702 -1.3718438 -0.1584395
-0.19509715 -1.5101349 -0.15760903
-0.21741764 -1.2815192 -0.159273
-0.20517012 -1.4134346 -0.1580422
-0.22351392 -1.1992137 -0.15921253
-0.21331523 -1.3247567 -0.15889451
-0.20081225 -1.4514073 -0.15778773
-0.21970657 -1.2445298 -0.15940215
-0.20932142 -1.3643007 -0.15846631
-0.1965905 -1.4857236 -0.15770994
-0.21601057 -1.2857639 -0.15923113
-0.20543933 -1.4003432 -0.15810741
-0.22115874 -1.2154733 -0.15917906
-0.21245006 -1.3231639 -0.15887345
-0.20167574 -1.4329593 -0.15788767
-0.21780537 -1.2548667 -0.15934423
-0.20902364 -1.3570576 -0.15848403
-0.1980567 -1.4620831 -0.15782759
-0.21462108 -1.2901416 -0.1591708
-0.20571767 -1.3876905 -0.15817282
-0.2187975 -1.231974 -0.15913972
-0.21161212 -1.321725 -0.1588377
-0.20253253 -1.4151205 -0.15799683
-0.21591417 -1.265322 -0.15926974
-0.2087522 -1.350076 -0.15849616
-0.1994966 -1.4392346 -0.15796396
-0.21325931 -1.2945734 -0.15909168
-0.2060102 -1.3754659 -0.15824163
-0.2164326 -1.2486703 -0.15909316
-0.21081233 -1.3203807 -0.15879065
-0.20338473 -1.3978989 -0.15811707
-0.2140403 -1.2758187 -0.15917623
-0.20851463 -1.3433295 -0.15850762
-0.20091046 -1.4171996 -0.15812063
-0.21193713 -1.2989802 -0.15899512
-0.20632021 -1.363667 -0.15831704
-0.21406643 -1.2655153 -0.15903752
-0.2100617 -1.3190849 -0.15873876
-0.20423311 -1.3813056 -0.15824944
-0.21219307 -1.2862738 -0.15906152
-0.20831622 -1.3368084 -0.15852478
-0.2022976 -1.3959985 -0.1582985
-0.21066892 -1.3032904 -0.15888633
-0.20664857 -1.3523003 -0.15840162
-0.21170205 -1.2824596 -0.15897007
-0.20937003 -1.317816 -0.15869288
-0.2050768 -1.3653516 -0.15839382
-0.2103859 -1.2965987 -0.1589247
-0.20815842 -1.3305224 -0.15855475
-0.20365563 -1.3756487 -0.15849757
-0.20947225 -1.3074534 -0.1587778
-0.20699304 -1.341376 -0.15849665
-0.2093449 -1.2994493 -0.15888645
-0.20874348 -1.3165903 -0.15866877
-0.20591219 -1.3500438 -0.15854892
-0.20864062 -1.3067032 -0.15876968
-0.20803711 -1.3244991 -0.15860395
-0.20497864 -1.3561622 -0.15871678
-0.20836772 -1.3114678 -0.15869479
-0.2073471 -1.330902 -0.15860194
-0.20700715 -1.3164207 -0.15877934
-0.20818026 -1.3154737 -0.15868537
-0.20673071 -1.33538 -0.15871245
-0.20699647 -1.3165135 -0.15861495
-0.20794073 -1.3187753 -0.15867682
-0.20625348 -1.337542 -0.15895379
-0.2073745 -1.3154255 -0.15868025
-0.20769684 -1.3208752 -0.15871659
-0.20472048 -1.3332918 -0.1586373
-0.20766495 -1.3145775 -0.15875974
-0.20751373 -1.3213432 -0.1588815
-0.20552716 -1.3260298 -0.15851918
-0.20784543 -1.31338 -0.15877615
-0.20745449 -1.3197792 -0.15920451
-0.20649406 -1.3195606 -0.15879065
-0.20801193 -1.311273 -0.15884033
-0.20257814 -1.3499477 -0.15845267
-0.20715547 -1.3140227 -0.1589024
-0.20822471 -1.3078953 -0.15905215
-0.20436046 -1.3354999 -0.15863468
-0.2076943 -1.3083163 -0.15890491
-0.20854045 -1.3028471 -0.15946175
-0.20565462 -1.3242236 -0.15907407
-0.2082275 -1.3020483 -0.1589723
-0.20094438 -1.366186 -0.15832704
-0.20651832 -1.3138759 -0.15911755
-0.20880598 -1.29497 -0.15921623
-0.20350647 -1.3457893 -0.15924826
-0.20734915 -1.3035456 -0.159059
-0.2094682 -1.286698 -0.15971127
-0.19373758 -1.4091343 -0.16000567
-0.18150215 -1.4649183 -0.16000126
-0.18758462 -1.4267691 -0.16020788
-0.19380347 -1.3934976 -0.16015989
-0.19929145 -1.3660283 -0.15993387
-0.1891608 -1.4025198 -0.16010441
-0.19445285 -1.3752731 -0.15999404
-0.19909702 -1.3533236 -0.15983069
-0.19136916 -1.3754781 -0.15980022
-0.19577877 -1.3541596 -0.15971994
-0.19967091 -1.3375636 -0.15961166
-0.20291515 -1.3254399 -0.1594886
-0.19763504 -1.3308159 -0.15945567
-0.20082973 -1.3192738 -0.1593897
-0.20351537 -1.3117472 -0.15931165
-0.19985941 -1.3058426 -0.15924494
-0.20241855 -1.2989819 -0.15921417
-0.20455618 -1.2957449 -0.15917568
-0.20623417 -1.2959753 -0.1591334
-0.20433053 -1.2770851 -0.1591066
-0.20595285 -1.2778155 -0.15910622
-0.20717572 -1.2816917 -0.15910403
-0.20650241 -1.2538848 -0.15908015
-0.20764117 -1.258269 -0.15911926
-0.20842686 -1.2655 -0.15915881
-0.20884708 -1.2754633 -0.15919895
-0.2095736 -1.23737 -0.15922804
-0.20994356 -1.2476637 -0.1593127
-0.20998701 -1.2604064 -0.15939873
-0.21171442 -1.2153579 -0.15944687
-0.21168527 -1.2284119 -0.1595824
-0.21136874 -1.2436197 -0.1597199
-0.21076335 -1.260909 -0.15985078
-0.21361235 -1.2079384 -0.15999605
-0.21295235 -1.2252332 -0.16019587
-0.21205436 -1.2443184 -0.16037436
-0.21568033 -1.1864133 -0.16062069
-0.23300739 -1.0944492 -0.027790345
-0.22716609 -1.038748 -0.027447373
-0.22085968 -0.97842777 -0.027706074
-0.2308771 -1.0750307 -0.027547762
-0.22482152 -1.0165426 -0.027540382
-0.21763155 -0.94793856 -0.028292116
-0.22863312 -1.0546768 -0.02743321
-0.22226955 -0.99187505 -0.027718639
-0.23285662 -1.0942335 -0.027763378
-0.22624281 -1.0327657 -0.027428718
-0.21947956 -0.96423155 -0.02797763
-0.23050506 -1.073448 -0.027530884
-0.22369246 -1.0087607 -0.027529066
-0.21651089 -0.9331804 -0.028389215
-0.22805324 -1.0517356 -0.027418086
-0.22098753 -0.9822007 -0.027733264
-0.23278444 -1.094524 -0.027729612
-0.22546262 -1.0284121 -0.027408797
-0.21816488 -0.95273703 -0.028043523
-0.23026441 -1.0727187 -0.027530558
-0.22272123 -1.0028982 -0.027498715
-0.21538484 -0.92040205 -0.028418396
-0.2276308 -1.0499649 -0.027422572
-0.21984585 -0.97471905 -0.027689252
-0.21339901 -0.88681936 -0.028188022
-0.22485477 -1.0255195 -0.02740635
-0.2169075 -0.94355726 -0.02797899
-0.23015434 -1.0726581 -0.027556354
-0.22192681 -0.9987672 -0.027477749
-0.21412449 -0.90952015 -0.02831349
-0.22737612 -1.0492072 -0.027459593
-0.21886833 -0.96920717 -0.027636388
-0.21208447 -0.8740001 -0.028262867
-0.22444989 -1.0239456 -0.027437888
-0.21575986 -0.9364876 -0.027872408
-0.23017593 -1.073112 -0.027608505
-0.2213864 -0.9962241 -0.027488573
-0.21282552 -0.9006062 -0.028122218
