0.045362502 -1.0760542 -0.007511435
0.09698052 -1.8842556 -0.027912471
0.093074866 -1.9652623 -0.023444425
0.07571913 -1.3585107 0.0060580894
0.0458587 -1.0725933 -0.0045237374
0.09661544 -1.8781456 -0.027909784
0.09271397 -1.9587642 -0.02344479
0.07546686 -1.3551106 0.0060283635
0.04452383 -1.0128963 -0.004484593
0.0433891 -0.92789847 -0.0027256666
0.038141083 -0.88538533 -0.004696401
0.03332895 -0.87330496 -0.005500758
0.03578486 -0.9163962 -0.005516058
0.0029582728 -0.5203815 -0.020672971
-0.009925954 -0.26553354 -0.020493034
-0.010788042 -0.236008 0.0029310945
0.036022652 -0.9181063 -0.005138124
0.0026437328 -0.5169386 -0.020644672
-0.0102828825 -0.2601132 -0.020474384
-0.011086247 -0.23168196 0.0029455465
0.036267366 -0.9204286 -0.0051084743
0.0023363428 -0.51369596 -0.020586127
-0.01063487 -0.25495514 -0.020430148
-0.011382623 -0.22759688 0.0029848209
0.03642761 -0.9226626 -0.005094014
0.002021185 -0.5102139 -0.020703763
-0.010993674 -0.2494854 -0.0205463
-0.01168219 -0.223219 0.0028647014
0.03625292 -0.9251355 -0.0050843097
0.0017154372 -0.5070292 -0.020394424
-0.01134496 -0.24438313 -0.020267772
-0.011977489 -0.21918452 0.003139473
0.035783052 -0.92712194 -0.0054133236
0.0013965301 -0.50351185 -0.02086379
-0.011706117 -0.23886637 -0.020714292
-0.012276735 -0.21475743 0.0026875432
0.035994492 -0.9290428 -0.0048400927
0.001086669 -0.50033545 -0.020176644
-0.012059035 -0.23377547 -0.020076748
-0.01257061 -0.21072951 0.0033249392
0.035821453 -0.9304175 -0.0054541184
0.0007657508 -0.4969064 -0.020867076
-0.012420087 -0.22832541 -0.020740941
-0.0128663685 -0.20636715 0.0026506428
0.035176843 -0.9319929 -0.004791265
0.00043246688 -0.49351114 -0.020459441
-0.012784253 -0.22303511 -0.02034656
-0.013159551 -0.20213498 0.00305201
0.037260253 -0.9622472 -0.0059979935
-0.013416778 -0.28882888 0.023720028
-0.014104588 -0.17509903 -0.010241979
-0.009447006 -0.31327552 -0.02323986
0.013488935 -0.68158126 -0.013277216
0.009212578 -0.712887 -0.0102089485
-0.02431469 -0.13775516 -0.022999773
-0.030487193 0.062306285 -0.0131026255
-0.024931472 -0.11598348 0.018661832
0.05684133 -1.1786977 0.008635095
0.091959484 -1.5558499 0.032247167
0.12848678 -1.8965865 0.042768892
0.06825252 -1.3057544 0.017825713
0.1030992 -1.6634378 0.037427574
-0.012141453 -0.7682353 0.10784566
-0.015510099 -0.8224463 0.10803515
-0.024651146 -1.0093777 0.11085748
-0.01618208 -0.83926475 0.10755368
-0.029585104 -0.9841795 0.109177865
-0.014882461 -0.81555635 0.10637462
0.03734641 -0.9697881 -0.0058672098
0.040017124 -1.0173085 -0.00496934
0.043498453 -0.9896858 -0.006751755
0.041882478 -1.0409292 -0.004272329
0.038294025 -1.0102581 -0.00589796
0.066859655 -1.3378447 0.007681251
0.1198157 -1.8854281 0.032145713
0.17200111 -2.3584976 0.041644312
0.04563199 -1.0900308 -0.0026323325
0.043017384 -1.0472462 -0.0042328387
-0.14003435 -2.3221202 0.12535407
-0.07786222 -1.6694659 0.110199384
-0.013916036 -0.7947129 0.10842072
-0.06129493 -1.4265866 0.11101758
-0.12864393 -2.0954127 0.1277807
-0.19170597 -2.7256706 0.14473973
-0.14624903 -2.3839602 0.12716973
-0.082841195 -1.7299798 0.11109262
-0.027752556 -1.0947373 0.10923721
-0.14660673 -2.390663 0.12721407
-0.0831411 -1.7369739 0.1111704
-0.025113124 -1.1017623 0.10943058
0.06790951 -1.3007692 0.01788689
0.10237946 -1.6551783 0.037454426
0.042790573 -1.0307201 -0.0027440372
0.07899145 -1.4177623 0.025753776
0.11345918 -1.7569786 0.041059133
-0.17123553 -2.6183 0.13503988
-0.103054404 -1.9594946 0.115325294
-0.05451627 -1.3240324 0.106915995
-0.17157604 -2.6249013 0.13507746
-0.103371836 -1.966254 0.115397155
-0.055293676 -1.3318098 0.106969744
0.05296441 -1.1625648 0.009150337
0.08955484 -1.5270884 0.032351714
0.12468369 -1.8554395 0.04297478
0.06674478 -1.2858597 0.018069755
0.10020847 -1.630384 0.037538916
-0.1976704 -2.8530474 0.14424606
-0.12486578 -2.1907887 0.120789275
-0.06720953 -1.5459563 0.10859891
-0.19799739 -2.8595753 0.14432997
-0.1251733 -2.197309 0.12084639
-0.067554824 -1.5525978 0.10867806
0.045545746 -1.0206361 -0.0018066108
0.07745773 -1.3995183 0.025860364
0.110938266 -1.7290657 0.04117275
0.053281542 -1.1514531 0.009494382
0.08770341 -1.5055181 0.032433566
0.121808335 -1.8244507 0.043135125
-0.14823253 -2.4235256 0.12742808
-0.08477369 -1.7707839 0.111565016
-0.03089728 -1.1481342 0.11140559
-0.1485336 -2.4300153 0.1274696
-0.08511057 -1.7774173 0.11164436
-0.033605408 -1.1570187 0.111737244
0.065355964 -1.2710221 0.018238373
0.09802181 -1.605553 0.037627596
0.04294725 -1.0080662 -0.0016180308
0.07575216 -1.3811815 0.025962183
0.10839956 -1.7010542 0.04129118
-0.17315552 -2.6574419 0.13526243
-0.104886815 -1.999056 0.115750976
-0.052269004 -1.3662082 0.10747369
-0.15322447 -3.3285565 0.14343944
-0.055761453 -2.3950536 0.13077797
0.022997972 -1.4800487 0.11308766
-0.2124074 -3.205629 0.14759263
-0.22040606 -3.5667086 0.14536975
-0.21868613 -3.759511 0.14284757
-0.20431268 -3.745225 0.14269097
0.023193104 -1.384551 0.101893716
-0.0057383804 -1.5159202 0.104366265
-0.025881326 -1.4866524 0.1061634
-0.03508146 -1.2877383 0.10938865
0.035430565 -1.2911012 0.10015917
0.0025057255 -1.4845879 0.103651464
-0.020100076 -1.5003294 0.105490826
-0.033351388 -1.3587289 0.1076515
0.036414992 -1.2782539 0.10015026
0.0033563504 -1.4730397 0.10351452
-0.019353136 -1.4900403 0.10533772
-0.032674775 -1.3495501 0.1074493
0.03749519 -1.265392 0.10017579
0.0041969353 -1.4615092 0.10337783
-0.01861477 -1.4797744 0.10518301
-0.03200864 -1.340399 0.10723856
0.03855751 -1.25247 0.10023399
0.005089502 -1.4499493 0.103240915
-0.017832845 -1.4694817 0.1050263
-0.03127938 -1.3312088 0.10701876
0.039470177 -1.239584 0.10032172
0.005842159 -1.4384309 0.103102796
-0.017170232 -1.4592334 0.104866624
-0.030719727 -1.3220762 0.106788725
0.04075811 -1.2265921 0.100433975
0.0068438104 -1.4268607 0.10296176
-0.016295597 -1.4489386 0.10470238
-0.02985513 -1.312877 0.10654646
0.041400857 -1.2136528 0.100564204
0.00746683 -1.4153385 0.102815256
-0.015745096 -1.4386944 0.10453117
-0.029454587 -1.3037437 0.10628899
0.042849943 -1.2006714 0.10070664
0.008535722 -1.4037986 0.102660954
-0.014812224 -1.4284319 0.10435093
-0.028503468 -1.2945855 0.106014445
0.03377484 -0.9017605 -0.005521384
0.034653243 -0.8715707 -0.0049570394
0.039931465 -0.8935782 -0.003691371
0.043866176 -0.93830204 -0.0013584883
0.043658674 -0.9445387 -0.00021974172
0.040829003 -0.897629 -0.00268922
0.035872854 -0.8723925 -0.004364922
0.03320583 -0.8873925 -0.004941312
0.042777263 -0.9311523 0.0003800738
0.040382724 -0.89057016 -0.0022784416
0.035823606 -0.8703181 -0.0039917845
0.03359869 -0.89000845 -0.004579084
0.04167694 -0.9176898 0.0009787502
0.03982958 -0.88350666 -0.0018646173
0.035587702 -0.86822075 -0.003614317
0.033580735 -0.8925634 -0.004212205
0.04074826 -0.9043225 0.0015708088
0.03936351 -0.8764454 -0.0014505502
0.035512093 -0.86615324 -0.0032353655
0.03392166 -0.89520764 -0.0038428218
0.039692726 -0.89087236 0.0021550509
0.03883414 -0.86936975 -0.0010363898
0.03532482 -0.86404747 -0.0028552911
0.034016058 -0.89775944 -0.003470856
0.03869725 -0.87751025 0.0027313256
0.038336497 -0.86229634 -0.00062167743
0.035199113 -0.86196864 -0.0024738128
0.03425084 -0.9003916 -0.0030957481
-0.0035991755 -0.44338438 0.011672712
-0.09250468 0.5545873 0.036311347
-0.1902041 1.4656411 0.05008187
-0.16174321 1.1739099 0.055681523
-0.068841435 0.2389929 0.054057773
0.020537103 -0.72309864 0.049652323
0.10508169 -1.6267167 0.044829402
0.034486644 -0.9022073 -0.0023115883
0.03500464 -0.8568914 -0.001654533
0.03736008 -0.84803325 0.00032930286
0.036494114 -0.8513587 0.0040812027
0.034311686 -0.8997892 -0.0026955483
0.035167318 -0.85918134 -0.0020424263
0.037890684 -0.8553426 -9.236253e-05
0.037559096 -0.8650466 0.0035032663
0.061231397 -1.1092588 -0.00042702505
0.052878942 -1.0345343 0.0062262514
0.057564832 -1.0500871 0.00045071254
0.04906735 -0.9773373 0.0051493533
0.053682435 -0.98950326 0.0018828951
0.04492604 -0.921021 0.0014448598
0.03954949 -0.78960705 0.003404664
-0.091379374 0.6039329 0.030923905
-0.21465394 1.7359071 0.04778525
-0.18615991 1.4396513 0.04897587
-0.08526235 0.4893788 0.033635266
0.008267424 -0.5790088 0.007217316
-0.15947609 1.2001247 0.046367396
-0.060619134 0.23148087 0.027834816
-0.22828105 1.799577 0.051466577
-0.12515672 0.879991 0.041610867
-0.029093048 -0.12049764 0.01909964
-0.19191122 1.4868757 0.04968359
-0.0918567 0.5531283 0.035408147
0.0003880818 -0.48482665 0.00977028
-0.1568865 1.173741 0.046388924
-0.059635088 0.21733105 0.027902817
-0.22497077 1.7679619 0.05153934
-0.12301819 0.857006 0.041608535
-0.028813666 -0.12869067 0.019093953
-0.18893203 1.4576789 0.04970891
-0.09023699 0.5341143 0.035456683
4.947536e-06 -0.48642924 0.010265853
-0.154291 1.147371 0.046411425
-0.058623414 0.20323306 0.027893452
-0.22164336 1.7362847 0.051583834
-0.12087146 0.83396703 0.041601002
-0.02847316 -0.13704334 0.0192215
-0.15272802 -3.3250747 0.1435437
-0.05511727 -2.3901572 0.13085116
0.022469368 -1.4724978 0.113216765
-0.1522233 -3.3215406 0.14364906
-0.054470163 -2.3851926 0.13092405
0.02155299 -1.4650594 0.11332325
-0.15171018 -3.3179643 0.1437551
-0.053821858 -2.3801653 0.13099618
0.020959489 -1.4574836 0.113401845
-0.15118888 -3.3143666 0.14386193
-0.053174425 -2.375156 0.13106778
0.021703321 -1.4496115 0.1134494
-0.15065898 -3.3107564 0.14396952
-0.052528672 -2.3702147 0.13113888
0.02316863 -1.4422014 0.11346185
-0.15012088 -3.3071175 0.14407805
-0.05188598 -2.3652627 0.13121012
0.025890145 -1.4342575 0.113437
-0.14956982 -3.3034327 0.14418717
-0.05123772 -2.360242 0.13128076
0.028856806 -1.4262775 0.11337458
-0.14901076 -3.2996821 0.14429818
-0.050598536 -2.355134 0.13135394
0.031287294 -1.4184576 0.11328014
-0.14831282 -3.2959218 0.14440805
-0.04971388 -2.3500602 0.13142338
0.03365966 -1.4107543 0.11315406
0.08926647 -0.733532 0.107307844
0.0699265 -0.9375938 0.102853276
0.086974956 -0.772205 0.10624181
0.070462614 -0.97699153 0.101125345
0.08481039 -0.81137717 0.10533852
0.06704622 -1.0175966 0.10319371
-0.11974387 -3.115525 0.14496861
-0.012986084 -2.113147 0.13149445
0.07514231 -1.0731083 0.11259588
-0.0140964305 -0.4868884 0.051378068
0.009235534 -0.4697886 0.05178546
0.02704695 -0.41229203 0.0525452
0.048993953 -0.31085634 0.055279125
-0.014600421 -0.496454 0.052136507
0.009062628 -0.4673901 0.053194273
0.027305728 -0.39828452 0.054040767
0.049803324 -0.28399238 0.05682609
-0.01494829 -0.5052315 0.05300129
0.008898264 -0.46492726 0.054543566
0.027588716 -0.38450974 0.055479422
0.050662115 -0.2577499 0.058271963
-0.015185193 -0.5133143 0.053972684
0.008743827 -0.46239972 0.05584357
0.02789616 -0.37098566 0.0568655
0.051567987 -0.23217703 0.059634842
-0.015354982 -0.52079636 0.055011675
0.008600011 -0.45980585 0.057101823
0.028227035 -0.35773164 0.058203027
0.052516613 -0.20732643 0.060927756
-0.015484187 -0.52774006 0.056095887
0.008467584 -0.4571468 0.058323354
0.028580789 -0.34476554 0.059496976
0.053504676 -0.18324456 0.06216224
-0.015591474 -0.53419733 0.05720566
0.008347356 -0.45442557 0.05951179
0.028956646 -0.33210564 0.06075179
0.05452776 -0.15997553 0.063345835
-0.015687997 -0.54020745 0.058328215
0.008240352 -0.4516472 0.060669925
0.029353943 -0.31976986 0.06197146
0.055580787 -0.13755822 0.06448411
-0.01578067 -0.5458029 0.05945412
0.008147689 -0.44881877 0.06179999
0.029771952 -0.30777627 0.06315926
0.056657862 -0.11602575 0.065581314
-0.015873343 -0.5510102 0.060576875
0.00807051 -0.44594938 0.06290385
0.030209878 -0.29614267 0.06431779
0.057752598 -0.09540459 0.0666412
-0.015968056 -0.5558519 0.061691687
0.008009898 -0.44304997 0.06398307
0.030666873 -0.28488666 0.06544902
0.058858547 -0.07571438 0.06766726
-0.016065668 -0.56034744 0.06279501
0.0079668 -0.44013318 0.065038964
0.031142004 -0.27402562 0.06655439
0.05996952 -0.056968372 0.06866292
-0.016166316 -0.56451404 0.063884124
0.007941972 -0.4372131 0.06607262
0.031634256 -0.26357645 0.0676349
0.06107984 -0.039173827 0.06963143
-0.016269699 -0.56836706 0.06495688
0.00793595 -0.43430495 0.06708491
0.03214252 -0.2535558 0.06869126
0.062184557 -0.02233302 0.07057583
-0.01637524 -0.5719206 0.06601153
0.007949032 -0.43142492 0.0680765
0.03266561 -0.24397972 0.06972388
0.063279495 -0.006444127 0.07149887
-0.016482197 -0.5751877 0.06704667
0.007981275 -0.42858973 0.0690479
0.033202227 -0.23486385 0.070733085
0.0643612 0.0084977895 0.072402954
-0.01658974 -0.5781806 0.06806108
0.008032532 -0.42581663 0.06999943
0.03375103 -0.22622317 0.07171901
0.065427035 0.022499941 0.07329008
-0.016696986 -0.5809112 0.06905379
0.008102443 -0.42312294 0.07093128
0.034310576 -0.21807207 0.0726818
0.06647493 0.035571024 0.074161865
-0.016803032 -0.58339095 0.070023954
0.008190476 -0.42052603 0.07184352
0.034879368 -0.21042427 0.07362154
0.06750335 0.047720574 0.0750196
-0.016906982 -0.58563113 0.07097087
0.00829596 -0.41804323 0.0727361
0.03545588 -0.20329283 0.07453829
0.06851122 0.058958493 0.075864166
-0.01700796 -0.58764285 0.07189395
0.008418091 -0.4156915 0.0736089
0.036038537 -0.19669007 0.075432174
0.06949776 0.06929468 0.076696254
-0.017105117 -0.58943737 0.07279272
0.008555966 -0.41348758 0.07446173
0.036625735 -0.19062759 0.0763033
0.070462406 0.07873875 0.077516265
-0.01719766 -0.59102577 0.073666774
0.008708604 -0.41144776 0.07529436
0.03721587 -0.18511629 0.07715183
0.07140478 0.0872998 0.07832442
-0.017284838 -0.5924195 0.07451579
0.008874961 -0.40958792 0.07610651
0.03780733 -0.18016638 0.07797792
0.072324574 0.0949864 0.0791208
-0.017365966 -0.59363 0.075339526
0.009053939 -0.40792346 0.07689793
0.038398504 -0.17578736 0.078781806
0.07322151 0.10180645 0.07990539
-0.017440425 -0.5946689 0.07613777
0.009244412 -0.40646935 0.07766832
0.038987804 -0.17198806 0.07956372
0.074095346 0.10776724 0.08067809
-0.017507665 -0.595548 0.07691037
0.009445226 -0.40524 0.078417376
0.039573666 -0.16877669 0.0803239
0.0749458 0.11287534 0.08143871
-0.017567206 -0.5962792 0.07765723
0.009655206 -0.4042494 0.079144865
0.040154543 -0.16616087 0.08106264
0.075772546 0.117136784 0.08218711
-0.017618641 -0.59687465 0.078378275
0.00987317 -0.40351102 0.079850525
0.040728927 -0.16414768 0.08178022
0.07657523 0.12055698 0.08292307
-0.017661639 -0.59734654 0.07907346
0.010097929 -0.40303788 0.08053412
0.04129533 -0.16274364 0.08247691
0.07735342 0.12314084 0.08364637
-0.017695934 -0.5977073 0.07974279
0.010328291 -0.40284246 0.08119548
0.041852307 -0.16195482 0.083153024
0.07810662 0.12489279 0.084356874
-0.017721338 -0.59796935 0.08038626
0.010563065 -0.40293697 0.08183442
0.04239843 -0.16178685 0.08380885
0.07883428 0.12581687 0.08505435
-0.017737724 -0.59814537 0.08100394
0.010801065 -0.403333 0.08245083
0.042932313 -0.16224495 0.084444694
0.07953579 0.12591672 0.0857387
-0.017745035 -0.5982479 0.08159587
0.011041108 -0.4040419 0.083044596
0.043452583 -0.16333394 0.08506083
0.08021046 0.12519571 0.08640976
-0.017743269 -0.59828967 0.08216214
0.0112820165 -0.40507448 0.083615676
0.043957897 -0.16505831 0.08565757
0.08085757 0.12365695 0.08706746
-0.01773249 -0.5982834 0.08270287
0.011522622 -0.4064413 0.084164046
0.044446934 -0.16742224 0.08623518
0.081476316 0.12130336 0.087711714
-0.017712811 -0.598242 0.083218165
0.01176176 -0.4081525 0.084689714
0.044918388 -0.1704296 0.08679394
0.082065865 0.118137665 0.08834245
-0.017684402 -0.59817815 0.08370818
0.01199828 -0.41021785 0.08519274
0.045370966 -0.17408396 0.08733413
0.08262533 0.11416251 0.08895969
-0.017647475 -0.59810466 0.08417309
0.01223103 -0.4126469 0.085673206
0.045803387 -0.17838864 0.08785604
0.08315378 0.109380454 0.0895634
-0.017602293 -0.5980344 0.08461306
0.012458868 -0.41544878 0.08613124
0.04621438 -0.18334669 0.08835993
0.083650246 0.10379399 0.09015363
-0.017549155 -0.5979801 0.08502831
0.012680662 -0.41863248 0.08656699
0.046602663 -0.18896091 0.08884608
0.084113725 0.09740565 0.090730414
-0.017488405 -0.5979545 0.085419066
0.012895278 -0.42220655 0.086980656
0.04696697 -0.19523379 0.08931476
0.084543176 0.09021799 0.09129382
-0.017420413 -0.59797055 0.08578557
0.013101595 -0.42617944 0.087372474
0.047306035 -0.2021677 0.08976626
0.08493754 0.08223353 0.091843955
-0.017345592 -0.5980408 0.08612811
0.013298496 -0.4305592 0.08774271
0.04761858 -0.20976454 0.09020087
0.08529574 0.073455065 0.09238091
-0.017264375 -0.5981782 0.08644696
0.013484854 -0.43535376 0.08809164
0.04790331 -0.21802619 0.09061887
0.08561663 0.063885234 0.09290479
-0.017177232 -0.59839535 0.08674247
0.013659565 -0.44057074 0.08841962
0.048158944 -0.22695397 0.09102057
0.08589911 0.053527094 0.09341575
-0.017084647 -0.598705 0.08701497
0.013821511 -0.4462177 0.08872702
0.048384175 -0.23654912 0.091406286
0.08614202 0.042383604 0.09391393
-0.01698714 -0.59912 0.087264836
0.013969576 -0.45230174 0.08901425
0.04857768 -0.24681242 0.091776334
0.0863442 0.030458106 0.09439945
-0.016885238 -0.5996531 0.08749248
0.01410265 -0.45883006 0.08928175
0.048738133 -0.25774443 0.09213105
0.08650448 0.01775391 0.094872504
-0.0167795 -0.60031706 0.08769834
0.014219626 -0.46580943 0.08953004
0.048864197 -0.26934525 0.092470795
0.0866217 0.0042746896 0.095333256
-0.016670495 -0.6011248 0.08788287
0.014319365 -0.47324654 0.08975963
0.048954476 -0.2816146 0.09279591
0.08669465 -0.00997564 0.09578184
-0.016558813 -0.6020893 0.08804659
0.014400768 -0.48114794 0.089971125
0.049007624 -0.2945518 0.09310681
0.086722165 -0.024993077 0.09621845
-0.016445057 -0.6032235 0.08819004
0.0144627085 -0.48951992 0.09016516
0.049022242 -0.30815575 0.09340388
0.08670308 -0.040773317 0.09664327
-0.016329855 -0.6045405 0.088313796
0.014504031 -0.49836865 0.090342395
0.04899688 -0.3224247 0.09368754
0.08663615 -0.057311717 0.09705642
-0.016213834 -0.6060537 0.088418484
0.01452362 -0.5077001 0.090503596
0.04893014 -0.33735666 0.093958244
0.08652025 -0.07460354 0.0974581
-0.016097654 -0.6077764 0.08850477
0.0145203145 -0.5175201 0.09064956
0.048820544 -0.35294876 0.094216436
0.08635417 -0.092643626 0.097848445
-0.015981982 -0.60972214 0.088573374
0.014492955 -0.5278343 0.09078115
0.04866663 -0.36919767 0.09446262
0.086136766 -0.111426614 0.098227605
-0.015867496 -0.61190486 0.08862508
0.014440386 -0.53864807 0.09089932
0.048466936 -0.3860994 0.094697304
0.085866876 -0.13094687 0.09859572
-0.015754906 -0.6143384 0.088660724
0.0143614095 -0.5499669 0.09100506
0.048219945 -0.40364927 0.09492102
0.085543334 -0.15119849 0.098952904
-0.01564493 -0.61703724 0.08868119
0.014254842 -0.5617957 0.09109946
0.047924176 -0.42184186 0.09513436
0.08516502 -0.17217529 0.09929928
-0.015538317 -0.6200158 0.08868746
0.014119452 -0.57413954 0.091183715
0.0475781 -0.4406709 0.095337905
0.08473076 -0.19387078 0.09963491
-0.015435837 -0.623289 0.088680565
0.013954001 -0.587003 0.09125907
0.0471802 -0.46012932 0.09553228
0.08423944 -0.21627809 0.09995986
-0.015338283 -0.6268721 0.088661656
0.013757244 -0.60039073 0.0913269
0.046729006 -0.48020917 0.09571817
0.08368995 -0.23939025 0.10027417
-0.015246488 -0.63078076 0.088631935
0.013527879 -0.6143069 0.09138867
0.046222996 -0.5009017 0.09589626
0.08308115 -0.26319993 0.10057783
-0.015161319 -0.635031 0.088592745
0.0132646 -0.6287557 0.09144596
0.045660727 -0.522197 0.0960673
0.08241194 -0.28769925 0.10087083
-0.015083688 -0.63963926 0.088545516
0.012966036 -0.64374065 0.09150045
0.04504072 -0.5440842 0.09623207
0.08168115 -0.31288028 0.10115308
-0.0150145525 -0.64462256 0.08849181
0.012630804 -0.65926534 0.09155399
0.04436161 -0.5665516 0.0963914
0.08088766 -0.3387345 0.10142446
-0.014954935 -0.6499983 0.08843334
0.012257441 -0.6753329 0.091608524
0.04362201 -0.5895865 0.09654616
0.08003029 -0.3652534 0.10168479
-0.014905914 -0.6557845 0.088371955
0.011844458 -0.69194597 0.091666155
0.042820666 -0.61317486 0.09669726
0.07910786 -0.3924274 0.10193382
-0.014868657 -0.66199964 0.08830967
0.011390266 -0.7091068 0.09172913
0.041956328 -0.6373019 0.09684568
0.07811909 -0.42024705 0.10217124
-0.014844402 -0.6686627 0.088248685
0.0108932415 -0.7268172 0.09179986
0.04102792 -0.66195196 0.09699243
0.07706271 -0.448702 0.10239667
-0.014834497 -0.6757935 0.08819142
0.010351639 -0.7450783 0.09188094
0.0400344 -0.6871082 0.09713859
0.07593733 -0.4777814 0.10260959
-0.014840398 -0.6834122 0.0881405
0.009763637 -0.76389056 0.09197512
0.038974892 -0.7127529 0.09728527
0.07474149 -0.5074734 0.102809414
-0.014863691 -0.69153947 0.08809881
0.009127268 -0.7832537 0.09208536
0.037848603 -0.7388677 0.097433634
0.07347359 -0.5377656 0.102995425
-0.014906088 -0.7001966 0.08806947
0.008440487 -0.80316633 0.09221478
0.03665494 -0.7654335 0.0975849
0.07213193 -0.5686442 0.10316679
-0.014969456 -0.7094056 0.08805591
0.007701088 -0.82362604 0.0923667
0.035393436 -0.7924305 0.09774031
0.070714675 -0.6000943 0.10332251
-0.015055837 -0.71918887 0.08806188
0.006906694 -0.84462935 0.09254466
0.034063738 -0.8198388 0.09790113
0.06921976 -0.6320995 0.10346146
-0.015167421 -0.7295691 0.088091426
0.006054835 -0.8661708 0.09275232
0.032665733 -0.8476376 0.09806864
0.06764504 -0.66464126 0.10358237
-0.0153065985 -0.7405698 0.088148996
0.005142829 -0.888244 0.092993565
0.031199388 -0.87580657 0.09824414
0.06598812 -0.6976994 0.1036838
-0.015475941 -0.75221455 0.088239394
0.0041678674 -0.9108398 0.09327237
0.029664831 -0.90432495 0.098428875
0.06424646 -0.73125076 0.103764184
-0.015678179 -0.7645278 0.088367835
0.0031270448 -0.93394756 0.093592815
0.02806235 -0.9331726 0.09862407
0.06241744 -0.7652698 0.10382185
-0.01591622 -0.77753407 0.088539936
0.0020173534 -0.9575541 0.093958996
0.02639231 -0.96232945 0.09883086
0.06049833 -0.7997276 0.10385506
-0.01619313 -0.79125845 0.08876181
0.0008357453 -0.98164356 0.094374955
0.024655161 -0.99177605 0.09905027
0.05848643 -0.83459157 0.10386202
-0.016512034 -0.80572677 0.08903997
-0.00042072366 -1.0061977 0.09484456
0.022851458 -1.0214939 0.099283196
0.056379262 -0.8698258 0.103841044
-0.016876154 -0.82096535 0.08938147
-0.0017549086 -1.0311955 0.09537136
0.020981716 -1.0514649 0.09953035
0.0541746 -0.90539026 0.10379055
-0.017288644 -0.8370016 0.089793876
-0.0031693657 -1.0566137 0.09595842
0.019046497 -1.0816724 0.099792235
0.051870793 -0.9412416 0.10370923
-0.017752457 -0.85386425 0.090285264
-0.004666239 -1.0824265 0.0966081
0.017046398 -1.1121005 0.10006913
0.049467 -0.977333 0.10359614
-0.018270228 -0.87158406 0.09086442
-0.006247251 -1.1086073 0.0973218
0.014981938 -1.1427346 0.100361064
0.046963256 -1.0136157 0.10345084
-0.018843874 -0.89019454 0.09154076
-0.007913576 -1.1351278 0.09809953
0.012853672 -1.1735615 0.10066786
0.04436071 -1.0500393 0.103273526
-0.01947451 -0.9097333 0.09232532
-0.009665913 -1.1619606 0.09893942
0.01066219 -1.2045692 0.10098915
0.04166154 -1.0865543 0.103065364
-0.02016136 -0.9302451 0.09323016
-0.011504532 -1.1890788 0.09983674
0.008408264 -1.2357466 0.10132452
0.03886885 -1.1231127 0.10282908
-0.020903673 -0.95178276 0.09427518
-0.013429575 -1.2164577 0.10078218
0.006092904 -1.2670847 0.10167354
0.035986073 -1.1596706 0.10257026
-0.021696838 -0.97442263 0.095482014
-0.01544101 -1.2440752 0.10175974
0.0037176437 -1.2985753 0.10203654
0.033016685 -1.1961888 0.10230112
-0.022553382 -0.9982596 0.09692531
-0.017538775 -1.2719146 0.10273999
0.0012846068 -1.3302144 0.10241228
0.029963305 -1.2326382 0.10204323
-0.023490425 -1.0234952 0.09867282
-0.019722326 -1.2999508 0.10368433
-0.001204063 -1.3619889 0.102806196
0.026827963 -1.268985 0.101846166
-0.0247118 -1.050513 0.10126654
-0.021986894 -1.3282044 0.10452939
-0.0037437251 -1.393927 0.10321329
0.023616001 -1.3052576 0.10176782
-0.015995143 -0.47463438 0.046876993
-0.016440768 -0.46177968 0.05035453
-0.016386561 -0.501767 0.05174151
-0.017786779 -0.53083 0.05438401
-0.019128244 -0.5432371 0.05550805
-0.019716479 -0.56828815 0.057926457
-0.020110449 -0.581667 0.06059699
-0.019418186 -0.5838394 0.06332022
-0.02339912 -0.6287533 0.06407499
-0.0230198 -0.6283199 0.066365674
-0.021734366 -0.6195367 0.06862323
-0.027539596 -0.68108654 0.06958299
-0.026398603 -0.668989 0.07148269
-0.024526648 -0.65113205 0.07334464
-0.021852084 -0.62856907 0.07514648
-0.029958785 -0.7016122 0.07586344
-0.027528724 -0.67680687 0.0773891
-0.02446438 -0.64937013 0.0788662
-0.033429563 -0.72475016 0.07952132
-0.030505706 -0.69514877 0.08074615
-0.027064402 -0.664785 0.081927866
-0.02311398 -0.6343935 0.08305993
-0.03328121 -0.7051648 0.0834345
-0.029516347 -0.67378783 0.08433942
-0.025332455 -0.64402586 0.085200846
-0.035718665 -0.70613873 0.0854812
-0.0317082 -0.6755934 0.08612463
-0.027351273 -0.648216 0.0867308
-0.022689484 -0.62459624 0.087301254
-0.03354592 -0.6695923 0.08731867
-0.02909176 -0.6463089 0.08768794
-0.024404246 -0.62822413 0.088032715
-0.034942158 -0.6553181 0.08796982
-0.03048324 -0.63780963 0.0881263
-0.025846496 -0.626905 0.08827338
-0.021120856 -0.62307686 0.088425316
-0.031467296 -0.62238324 0.08812084
-0.026951842 -0.6203334 0.088109
-0.022433443 -0.62673247 0.088131234
-0.031997137 -0.5998671 0.08777795
-0.027661838 -0.60842997 0.08766281
-0.023409173 -0.62686366 0.08762562
-0.019416051 -0.65543187 0.08770971
-0.027922854 -0.591425 0.087123826
-0.02393957 -0.6239077 0.087139
-0.020487154 -0.66794765 0.08736232
-0.027657112 -0.57016325 0.08681281
-0.023830049 -0.6190072 0.08708396
-0.021047037 -0.6807919 0.08769218
-0.0193972 -0.7550098 0.088682935
-0.02260744 -0.61516744 0.088333875
-0.020617645 -0.6967269 0.08982575
-0.020949163 -0.7912193 0.09169513
-0.01908639 -0.62129533 0.09285525
-0.01771903 -0.72368276 0.09648328
-0.020347923 -0.83667487 0.10054021
0.09867251 -0.042782817 0.058302686
0.09693691 -0.077875935 0.055700805
0.099069044 0.01904693 0.05808123
0.10201155 0.122433014 0.060627304
0.10212072 0.08277956 0.05932277
0.10385673 0.16818538 0.061750535
0.106765926 0.26143864 0.06469958
0.110751934 0.36276567 0.06773631
0.10876981 0.28207433 0.067077905
0.111938626 0.3674055 0.06978169
0.11589701 0.459761 0.07285192
0.1125665 0.36200082 0.072523065
0.116462484 0.4396661 0.07495364
0.12068804 0.52312905 0.077775665
0.12586816 0.61304075 0.08063627
0.12009805 0.48050746 0.07974151
0.12464018 0.5548486 0.08229257
0.12963082 0.6345381 0.085001245
0.12277448 0.49240318 0.08410295
0.12758361 0.5573565 0.086394966
0.13253683 0.626952 0.08886693
0.13805142 0.7013447 0.09123121
0.1294773 0.53287274 0.0900544
0.1343397 0.5925401 0.092312574
0.13944845 0.6564689 0.09458776
0.13026993 0.48331255 0.09333869
0.13497747 0.5332772 0.09538901
0.13973948 0.5872817 0.0974985
0.14482963 0.6452132 0.09942311
0.13439293 0.45087242 0.0981237
0.13876463 0.49548927 0.10009869
0.14326467 0.54399306 0.101994544
0.13251807 0.34683555 0.10053998
0.13647425 0.3825743 0.10236914
0.14042632 0.42244872 0.10415505
0.14459743 0.46605965 0.10569417
0.1327973 0.24985059 0.10436489
0.13619229 0.2818212 0.106068805
0.13968739 0.3179098 0.107587375
0.12764548 0.098536335 0.106026955
0.13048196 0.12323143 0.10759375
0.13339382 0.1526885 0.10897097
0.13651478 0.18588229 0.11002883
0.12319286 -0.052230105 0.10884116
0.12555026 -0.0285848 0.11003412
0.12822771 -0.0009030529 0.11087596
0.11415828 -0.24347705 0.1096536
0.11589087 -0.22470973 0.1104986
0.11831644 -0.20167136 0.11085151
0.12096233 -0.17703357 0.11090673
0.10430386 -0.43434754 0.1107354
0.10663046 -0.41460073 0.110284925
0.10955079 -0.39526922 0.10968932
0.09031062 -0.6564901 0.110452496
0.09276438 -0.6375387 0.10888127
0.09604619 -0.6229086 0.10810186
0.09100158 -0.36898357 0.054058332
0.082987614 -0.34019068 0.053300526
0.080728084 -0.47409257 0.049522158
0.08279291 -0.5973771 0.044064354
0.07760858 -0.60268885 0.04347474
0.077288836 -0.72844476 0.03848908
0.07831305 -0.837013 0.03316304
0.07826155 -0.92763424 0.027792297
0.07726113 -0.99787396 0.027049033
0.07764677 -1.0876101 0.022372259
0.0774587 -1.1608788 0.017795132
0.080370694 -1.2720094 0.016374173
0.080201596 -1.3406681 0.012321989
0.07978859 -1.3944464 0.008395425
0.07867624 -1.4343038 0.004629143
0.08509358 -1.5870683 0.0032720072
0.08439896 -1.6203885 -0.00010117036
0.08329484 -1.6410862 -0.0033228179
0.0915542 -1.8190854 -0.004719759
0.09054068 -1.8315961 -0.007586489
0.089241855 -1.832729 -0.010303054
0.087543994 -1.8232296 -0.012855981
0.097594164 -2.0219738 -0.014020953
0.095965125 -2.003511 -0.016249098
0.09399818 -1.9756225 -0.018318465
0.10503231 -2.1862285 -0.01938315
0.102946356 -2.148399 -0.021128237
0.10054531 -2.1023958 -0.022719089
0.09781916 -2.04894 -0.024145471
0.1096912 -2.262939 -0.024920538
0.10671614 -2.199317 -0.026034936
0.10342724 -2.1295335 -0.026991414
0.115715064 -2.3431804 -0.02761351
0.11204116 -2.262628 -0.028252743
0.10805504 -2.177257 -0.028741075
0.10379774 -2.0878003 -0.029068902
0.116051875 -2.2890108 -0.029364454
0.11125972 -2.1889613 -0.029384907
0.10618123 -2.0862007 -0.029252887
0.118274696 -2.275549 -0.029361928
0.11261183 -2.1618836 -0.028909842
0.10660846 -2.0469294 -0.02831107
0.10036389 -1.931439 -0.027563684
0.111701794 -2.0935853 -0.027285561
0.10473456 -1.9677063 -0.026196139
0.09733743 -1.8427708 -0.02497075
0.108118065 -1.9818047 -0.024438813
0.100299776 -1.8464482 -0.022799937
0.09168347 -1.7136567 -0.021033498
0.08246819 -1.5839951 -0.019217959
0.09307312 -1.6810088 -0.017915675
0.083539926 -1.5422255 -0.015470758
0.07240733 -1.4080833 -0.013017842
0.08246837 -1.4694229 -0.011342266
0.07285818 -1.326338 -0.008083784
0.061173066 -1.188781 -0.0046287496
-0.010802844 -0.42157948 0.041560527
0.010103035 -0.48086864 0.043421112
0.026145056 -0.4851646 0.044250757
0.04594168 -0.45254076 0.046035696
-0.010765224 -0.4092138 0.03946521
0.010247008 -0.4829768 0.041538447
0.026043309 -0.50019914 0.042453438
0.045555767 -0.48198038 0.044029783
-0.010698034 -0.39761794 0.037509914
0.01037554 -0.48507217 0.039633155
0.025966825 -0.51534027 0.04062696
0.045243826 -0.5116425 0.042019874
-0.010600116 -0.38664028 0.035638936
0.010488935 -0.48716208 0.037716314
0.025915885 -0.5305714 0.03877887
0.045005225 -0.54147255 0.040013418
-0.010483048 -0.3761821 0.03381494
0.010587281 -0.48925894 0.03579613
0.025889993 -0.54587466 0.036915857
0.044838037 -0.57141006 0.03801524
-0.01035845 -0.3661806 0.03202064
0.010671032 -0.49137706 0.033878777
0.025888884 -0.56123316 0.03504358
0.04474027 -0.601396 0.036028996
-0.010235381 -0.35659447 0.030246822
0.010740741 -0.49353176 0.03196933
0.025912281 -0.57663 0.033167034
0.04470932 -0.63137186 0.034058206
-0.01011985 -0.3473968 0.028489137
0.010797278 -0.49573877 0.030071963
0.025959894 -0.5920486 0.031290464
0.044741742 -0.6612815 0.032105867
-0.010015624 -0.33856994 0.026746042
0.010841818 -0.4980134 0.028190214
0.02603142 -0.6074725 0.02941758
0.04483339 -0.69107234 0.03017442
-0.009924797 -0.33010262 0.025017444
0.010875864 -0.5003701 0.026327027
0.026126537 -0.6228855 0.027551638
0.04497962 -0.7206962 0.028265616
-0.009848334 -0.3219879 0.023304036
0.010901186 -0.50282186 0.024484815
0.02624489 -0.63827175 0.025695559
0.04517553 -0.7501097 0.026380556
-0.009786428 -0.31422192 0.021606887
0.010919742 -0.5053802 0.022665525
0.026386073 -0.6536153 0.023852002
0.04541622 -0.7792745 0.024519786
-0.00973877 -0.30680296 0.019927226
0.01093359 -0.5080548 0.020870704
0.026549647 -0.6689008 0.022023398
0.04569708 -0.80815727 0.022683451
-0.009704697 -0.2997309 0.018266315
0.01094479 -0.51085323 0.019101573
0.02673509 -0.6841131 0.020211993
0.046013836 -0.8367288 0.020871438
-0.009683318 -0.2930067 0.016625393
0.010955332 -0.5137815 0.017359093
0.026941817 -0.69923735 0.018419858
0.0463627 -0.8649638 0.019083522
-0.009673628 -0.2866321 0.0150056975
0.010967097 -0.51684344 0.015644081
0.027169261 -0.71425927 0.016648939
0.04674057 -0.8928404 0.017319497
-0.0096745 -0.28060943 0.013408376
0.010981794 -0.52004164 0.013957198
0.027416745 -0.7291648 0.014901018
0.047144737 -0.9203388 0.01557922
-0.009684762 -0.27494135 0.011834537
0.011000954 -0.52337694 0.012299039
0.027683571 -0.7439403 0.013177751
0.04757304 -0.9474414 0.013862682
-0.009703216 -0.26963076 0.010285247
0.011025918 -0.52684903 0.010670165
0.027969027 -0.7585727 0.011480671
0.048023764 -0.9741319 0.012170036
-0.009728634 -0.26468065 0.008761481
0.011057833 -0.5304566 0.009071075
0.028272318 -0.77304924 0.009811157
0.048495438 -1.000395 0.010501562
-0.009759803 -0.26009408 0.007264213
0.011097678 -0.53419715 0.0075023076
0.028592683 -0.7873577 0.008170498
0.048986975 -1.0262163 0.008857722
-0.009795522 -0.25587407 0.0057943733
0.011146271 -0.5380677 0.005964403
0.028929353 -0.80148613 0.006559872
0.04949747 -1.051581 0.0072391154
-0.009834588 -0.25202358 0.0043528075
0.011204266 -0.5420645 0.0044578677
0.029281493 -0.8154232 0.0049803117
0.050026067 -1.0764754 0.0056464104
-0.009875837 -0.24854547 0.002940383
0.011272208 -0.54618335 0.0029832711
0.029648343 -0.82915795 0.0034327975
0.05057212 -1.1008854 0.0040804134
-0.009918113 -0.24544242 0.0015579019
0.011350512 -0.5504196 0.0015411611
0.03002909 -0.8426796 0.0019181928
0.05113492 -1.1247966 0.0025419723
-0.009960288 -0.24271704 0.00020612079
0.01143949 -0.55476844 0.00013207672
0.030422933 -0.8559781 0.0004372636
0.05171376 -1.148195 0.0010319651
-0.01000127 -0.24037173 -0.0011141722
0.011539391 -0.5592246 -0.0012433823
0.03082913 -0.8690433 -0.0010092412
0.052307997 -1.1710663 -0.0004486485
-0.010039979 -0.23840876 -0.0024022728
0.011650371 -0.5637829 -0.0025846725
0.031246899 -0.8818657 -0.002420691
0.052916855 -1.193396 -0.0018989512
-0.010075366 -0.23683019 -0.003657475
0.011772528 -0.5684377 -0.0038912278
0.031675484 -0.8944358 -0.0037964846
0.05353951 -1.2151698 -0.0033180017
-0.010106406 -0.23563792 -0.0048791077
0.0119059095 -0.57318366 -0.0051625003
0.032114144 -0.90674466 -0.0051360796
0.05417509 -1.236373 -0.004704885
-0.010132098 -0.23483367 -0.0060665198
0.012050517 -0.57801515 -0.006397948
0.03256214 -0.91878337 -0.0064389724
0.05482263 -1.2569913 -0.0060587055
-0.010151463 -0.234419 -0.007219079
0.012206311 -0.58292663 -0.0075970404
0.03301874 -0.9305432 -0.00770469
0.055481095 -1.2770102 -0.007378593
-0.010163543 -0.23439528 -0.0083361855
0.012373225 -0.5879125 -0.0087592695
0.033483222 -0.94201565 -0.008932799
0.056149367 -1.2964154 -0.008663724
-0.010167398 -0.2347637 -0.009417249
0.012551158 -0.59296733 -0.009884131
0.03395486 -0.9531923 -0.010122879
0.056826256 -1.3151927 -0.0099133
-0.0101621095 -0.23552525 -0.010461735
0.012739982 -0.5980855 -0.010971175
0.0344329 -0.96406513 -0.011274566
0.05751047 -1.333328 -0.0111266
-0.010146773 -0.23668078 -0.01146907
0.012939571 -0.6032617 -0.012019908
0.034916643 -0.97462595 -0.012387451
0.058200717 -1.3508077 -0.012302882
-0.010120501 -0.23823094 -0.012438758
0.013149758 -0.6084906 -0.013029912
0.03540533 -0.9848669 -0.0134612
0.05889558 -1.3676181 -0.013441503
-0.010082419 -0.2401762 -0.013370314
0.013370369 -0.61376673 -0.014000778
0.035898197 -0.9947803 -0.014495478
0.059593603 -1.383746 -0.014541851
-0.0100316685 -0.24251686 -0.014263272
0.013601216 -0.619085 -0.014932118
0.03639448 -1.0043583 -0.015489969
0.06029327 -1.3991787 -0.015603359
-0.0099674035 -0.24525303 -0.015117216
0.013842096 -0.62444025 -0.015823592
0.03689338 -1.0135936 -0.01644439
0.060992993 -1.4139035 -0.016625522
-0.009888779 -0.24838461 -0.015931692
0.014092813 -0.6298275 -0.016674817
0.03739411 -1.0224787 -0.017358413
0.061691213 -1.4279083 -0.017607816
-0.009794979 -0.25191134 -0.016706353
0.014353137 -0.6352417 -0.01748552
0.03789582 -1.0310065 -0.018231805
0.062386245 -1.4411812 -0.018549837
-0.00968518 -0.25583276 -0.01744081
0.014622851 -0.640678 -0.018255388
0.038397677 -1.0391698 -0.019064283
0.06307642 -1.453711 -0.019451158
-0.009558568 -0.2601482 -0.018134717
0.014901729 -0.64613163 -0.018984148
0.03889882 -1.0469618 -0.019855594
0.06376005 -1.4654869 -0.020311397
-0.0094143525 -0.26485682 -0.0187878
0.015189519 -0.6515979 -0.019671598
0.03939833 -1.0543759 -0.020605547
0.064435355 -1.4764981 -0.02113026
-0.009251743 -0.2699575 -0.019399785
0.015485976 -0.65707225 -0.020317534
0.0398953 -1.0614055 -0.021313943
0.06510059 -1.486735 -0.021907458
-0.009069939 -0.27544898 -0.019970363
0.015790861 -0.66255003 -0.020921726
0.0403888 -1.0680445 -0.021980535
0.06575398 -1.4961878 -0.022642666
-0.008868168 -0.28132972 -0.020499347
0.016103912 -0.66802686 -0.02148405
0.040877864 -1.0742868 -0.022605184
0.06639374 -1.5048475 -0.023335682
-0.008645665 -0.287598 -0.02098655
0.016424859 -0.67349845 -0.022004405
0.041361492 -1.0801268 -0.023187753
0.06701804 -1.5127058 -0.023986315
-0.008401654 -0.2942519 -0.021431785
0.016753437 -0.6789605 -0.022482675
0.04183868 -1.0855588 -0.023728082
0.06762507 -1.5197544 -0.024594355
-0.008135375 -0.30128902 -0.021834912
0.017089374 -0.68440884 -0.022918794
0.0423084 -1.0905776 -0.024226049
0.06821301 -1.5259858 -0.02515964
-0.007846073 -0.30870697 -0.022195825
0.017432388 -0.68983936 -0.023312744
0.0427696 -1.0951787 -0.024681564
0.068780035 -1.531393 -0.025682038
-0.007533009 -0.31650302 -0.022514474
0.017782185 -0.69524807 -0.023664547
0.043221194 -1.0993574 -0.02509457
0.069324315 -1.5359696 -0.026161455
-0.0071954317 -0.32467404 -0.022790784
0.018138478 -0.7006311 -0.023974225
0.043662105 -1.1031095 -0.025464986
0.069844015 -1.5397093 -0.02659776
-0.0068326043 -0.33321673 -0.023024747
0.018500965 -0.7059845 -0.024241854
0.044091213 -1.1064315 -0.025792772
0.07033733 -1.542607 -0.026990876
-0.0064438097 -0.34212747 -0.02321641
0.018869337 -0.7113046 -0.02446758
0.0445074 -1.1093198 -0.026077941
0.070802435 -1.5446572 -0.02734076
-0.0060283164 -0.35140225 -0.0233658
0.01924328 -0.7165878 -0.02465153
0.04490952 -1.1117718 -0.026320465
0.07123753 -1.545856 -0.027647324
-0.0055854116 -0.36103687 -0.023473023
0.019622479 -0.7218304 -0.024793912
0.04529642 -1.113785 -0.026520383
0.0716408 -1.5461991 -0.027910536
-0.0051143914 -0.37102664 -0.023538208
0.020006599 -0.7270291 -0.024894968
0.04566694 -1.1153575 -0.026677735
0.07201047 -1.5456831 -0.028130352
-0.0046145767 -0.38136658 -0.023561547
0.0203953 -0.73218036 -0.024955006
0.046019904 -1.116488 -0.026792614
0.07234477 -1.5443053 -0.028306771
-0.0040852805 -0.39205128 -0.023543242
0.020788236 -0.73728096 -0.024974354
0.046354134 -1.1171753 -0.026865102
0.07264195 -1.5420632 -0.028439745
-0.0035258273 -0.40307504 -0.023483552
0.021185055 -0.7423277 -0.024953391
0.046668448 -1.1174196 -0.026895307
0.072900236 -1.5389551 -0.028529245
-0.002935571 -0.4144317 -0.023382796
0.02158539 -0.74731743 -0.024892565
0.04696167 -1.1172209 -0.026883382
0.07311792 -1.5349796 -0.028575256
-0.0023138833 -0.42611465 -0.023241343
0.021988858 -0.7522472 -0.024792377
0.047232617 -1.1165801 -0.026829505
0.07329329 -1.5301359 -0.028577749
-0.0016601327 -0.43811688 -0.023059595
0.022395078 -0.7571142 -0.024653357
0.047480125 -1.1154989 -0.026733847
0.073424645 -1.5244237 -0.028536657
-0.00097373076 -0.45043105 -0.022838043
0.022803644 -0.7619155 -0.024476124
0.047703035 -1.1139795 -0.02659665
0.07351029 -1.5178435 -0.028451938
-0.00025410886 -0.4630491 -0.022577232
0.023214135 -0.7666486 -0.024261344
0.047900207 -1.1120245 -0.026418164
0.073548555 -1.510396 -0.028323505
0.0004992765 -0.47596288 -0.022277782
0.023626124 -0.7713108 -0.02400975
0.048070535 -1.1096379 -0.026198683
0.07353778 -1.5020826 -0.02815126
0.0012869338 -0.48916346 -0.021940392
0.024039155 -0.7758999 -0.023722135
0.048212927 -1.1068234 -0.02593853
0.0734763 -1.4929055 -0.027935063
0.0021093257 -0.50264144 -0.021565855
0.02445275 -0.7804135 -0.02339937
0.04832634 -1.1035863 -0.025638076
0.073362455 -1.4828671 -0.02767474
0.0029669032 -0.51638734 -0.021155035
0.024866423 -0.78484964 -0.023042373
0.048409767 -1.0999321 -0.025297713
0.07319455 -1.4719707 -0.027370047
0.0038600317 -0.5303906 -0.020708933
0.025279643 -0.7892064 -0.022652162
0.048462257 -1.0958669 -0.0249179
0.0729709 -1.4602203 -0.02702071
0.004789052 -0.5446407 -0.020228641
0.025691861 -0.79348195 -0.022229806
0.048482914 -1.0913978 -0.024499128
0.07268978 -1.4476207 -0.026626362
0.0057542417 -0.5591265 -0.01971538
0.0261025 -0.797675 -0.021776455
0.048470907 -1.0865321 -0.024041938
0.07234941 -1.4341774 -0.026186567
0.0067558023 -0.5738364 -0.019170513
0.026510937 -0.8017842 -0.021293344
0.04842548 -1.0812781 -0.023546932
0.071947955 -1.4198967 -0.0257008
0.007793889 -0.5887584 -0.018595543
0.026916523 -0.8058087 -0.020781768
0.04834595 -1.0756443 -0.023014745
0.071483515 -1.4047863 -0.025168423
0.008868575 -0.60388035 -0.017992124
0.027318569 -0.8097479 -0.02024311
0.048231717 -1.0696398 -0.022446072
0.07095407 -1.3888549 -0.024588693
0.009979848 -0.6191894 -0.0173621
0.027716346 -0.8136013 -0.01967882
0.04808226 -1.063274 -0.02184166
0.07035751 -1.3721124 -0.023960765
0.01112763 -0.6346728 -0.016707473
0.02810909 -0.8173692 -0.019090418
0.047897153 -1.056557 -0.021202298
0.06969159 -1.3545705 -0.023283675
0.012311777 -0.6503174 -0.016030444
0.028496008 -0.82105213 -0.018479476
0.047676038 -1.0494987 -0.020528805
0.06895391 -1.3362429 -0.022556338
0.013532054 -0.66610986 -0.015333416
0.028876277 -0.8246509 -0.017847622
0.04741865 -1.0421094 -0.019822046
0.06814196 -1.3171452 -0.021777617
0.014788181 -0.68203694 -0.014618996
0.02924906 -0.828167 -0.017196514
0.04712478 -1.0343994 -0.019082902
0.06725308 -1.2972955 -0.020946305
0.016079795 -0.69808507 -0.013890017
0.029613517 -0.8316024 -0.016527824
0.046794303 -1.0263791 -0.018312272
0.06628456 -1.2767144 -0.020061232
0.017406503 -0.71424085 -0.013149535
0.029968817 -0.83495927 -0.015843209
0.04642713 -1.0180587 -0.017511053
0.06523365 -1.2554263 -0.019121319
0.018767884 -0.7304911 -0.012400839
0.030314162 -0.83824044 -0.015144264
0.046023227 -1.0094483 -0.016680118
0.06409765 -1.2334578 -0.018125685
0.020163435 -0.7468223 -0.011647487
0.030648785 -0.84144896 -0.014432508
0.045582604 -1.0005579 -0.015820328
0.06287414 -1.2108399 -0.017073823
0.021592664 -0.7632213 -0.010893292
0.03097198 -0.844588 -0.013709274
0.045105282 -0.9913972 -0.014932472
0.061560966 -1.1876065 -0.015965702
0.023054935 -0.7796753 -0.0101424195
0.031283073 -0.84766096 -0.012975653
0.04459134 -0.98197526 -0.014017282
0.060156614 -1.1637943 -0.01480199
0.024549436 -0.796171 -0.009399336
0.03158142 -0.850671 -0.012232341
0.04404088 -0.97230136 -0.013075404
0.0586602 -1.1394438 -0.013584218
0.026074806 -0.8126957 -0.008669568
0.031866364 -0.85362107 -0.011479396
0.04345408 -0.9623838 -0.012107389
0.057071768 -1.1145961 -0.012314956
0.027628746 -0.82923645 -0.007958408
0.032137174 -0.85651374 -0.010715833
0.042831223 -0.95223093 -0.011113667
0.055392202 -1.0892942 -0.010997974
0.029206123 -0.84578025 -0.007277668
0.032393012 -0.85935116 -0.009938958
0.04217277 -0.9418505 -0.010094657
0.05362331 -1.0635803 -0.009638662
0.030798156 -0.86231387 -0.0066317664
0.03263294 -0.8621346 -0.009143037
0.04147948 -0.93124974 -0.0090505
0.051767696 -1.0374957 -0.008244194
0.032378897 -0.87881744 -0.006077932
0.032856137 -0.8648659 -0.0083183525
0.040752303 -0.9204364 -0.007982116
0.04982842 -1.0110811 -0.006825941
0.033918794 -0.8952857 -0.005572095
0.03306273 -0.8675426 -0.007447229
0.039993238 -0.9094132 -0.0068883686
0.047810156 -0.9843698 -0.0053980295
0.035234395 -0.91157854 -0.0056152423
0.03325345 -0.87017363 -0.0065120715
0.039202835 -0.8981938 -0.005773708
0.045716215 -0.9574028 -0.003987663
-0.018812286 -0.34230435 0.042514298
-0.014708894 -0.36942703 0.04079096
-0.016022183 -0.31954932 0.03710159
-0.018886575 -0.26411888 0.0331942
-0.014694299 -0.3155352 0.031119771
-0.016273396 -0.26233676 0.027594563
-0.019069618 -0.20379832 0.023955988
-0.023174556 -0.13986602 0.020352082
-0.015774261 -0.22352204 0.01872082
-0.018853934 -0.16271798 0.015390466
-0.022772342 -0.09740539 0.012111878
-0.014757739 -0.20227471 0.010576139
-0.018211365 -0.14021899 0.007558134
-0.022177227 -0.07453278 0.00460062
-0.026755257 -0.0056413403 0.0017441771
-0.017207474 -0.13553956 0.00047800003
-0.021271516 -0.07043841 -0.0021380386
-0.025731929 -0.0031197583 -0.004649234
-0.015849836 -0.1477679 -0.0058069862
-0.019991647 -0.08417493 -0.008045299
-0.02440216 -0.019429073 -0.010183447
-0.029111126 0.045937557 -0.012199818
-0.018259397 -0.11447822 -0.013061656
-0.022600284 -0.053287834 -0.014795397
-0.027125461 0.007327776 -0.016405838
-0.015993029 -0.15969123 -0.017137887
-0.020217149 -0.10301112 -0.018433537
-0.024538243 -0.04816305 -0.019615402
-0.028917927 0.004242963 -0.02066406
-0.017167233 -0.16650602 -0.021062734
-0.02122523 -0.11838688 -0.021795303
-0.025263354 -0.07404129 -0.022397999
-0.01339333 -0.24129632 -0.022667957
-0.017114898 -0.20079872 -0.022930471
-0.020732429 -0.16542473 -0.023078598
-0.024136687 -0.13582836 -0.023093667
-0.012171211 -0.2924833 -0.02302832
-0.0152848335 -0.2668906 -0.02271564
-0.018145874 -0.2484499 -0.022280937
-0.006396835 -0.39017338 -0.022126397
-0.008907514 -0.3750383 -0.02134745
-0.011096534 -0.3684252 -0.02047196
-0.0127846 -0.37101158 -0.01948698
-0.0016314923 -0.4860774 -0.019059233
-0.0030319896 -0.49175793 -0.017761786
-0.003945103 -0.5079828 -0.016388549
0.0064408504 -0.5958762 -0.01601778
0.0059624854 -0.6139964 -0.014346035
0.006093758 -0.64386994 -0.012677605
0.0070718676 -0.68577594 -0.011032692
0.01562216 -0.7305626 -0.010595563
0.016987616 -0.77350616 -0.008901687
0.019694677 -0.82812446 -0.0075232307
0.025460204 -0.8377076 -0.0070508746
0.02806901 -0.89301616 -0.006047681
0.033225138 -0.9563731 -0.00587143
0.045437526 -1.0437917 -0.0036965038
0.081737965 -1.4546076 0.025546452
0.11850622 -1.8132387 0.040848285
0.058195945 -1.2014909 0.0079749515
0.09556132 -1.5998833 0.0321096
0.13426349 -1.9592826 0.042474847
0.071669355 -1.3558366 0.017281953
0.110326335 -1.7474645 0.037199605
0.045133907 -1.0638546 -0.0034170218
0.0858564 -1.5102787 0.025311679
0.12607208 -1.8980707 0.04059343
0.059736576 -1.2338291 0.0073780254
0.100870796 -1.6657997 0.031977233
0.14285041 -2.0524883 0.042096507
0.07455284 -1.4000841 0.016965777
0.11678819 -1.8230009 0.037083987
0.04574228 -1.0828164 -0.0027018117
0.0899976 -1.5656656 0.025189849
0.13363421 -1.9824444 0.040431302
0.0614095 -1.2650079 0.007210865
0.10624542 -1.7316085 0.03193707
0.15144296 -2.1448245 0.041815065
0.07753817 -1.4437356 0.016841978
0.123339586 -1.8984149 0.037053593
0.046792887 -1.1018137 -0.002061516
0.09430091 -1.620895 0.025184294
0.1412957 -2.0665457 0.04036542
0.06339592 -1.2960012 0.007316504
0.111806996 -1.7974249 0.031980496
0.1601359 -2.2365398 0.04165609
0.08078667 -1.4872389 0.01691026
0.13007247 -1.9738374 0.037094552
0.04814018 -1.1212282 -0.0015831767
0.09890066 -1.6761835 0.025293965
0.1491159 -2.150584 0.040382195
0.065783024 -1.3272766 0.007559512
0.11764477 -1.8633703 0.03209023
0.16893384 -2.3279939 0.04162928
-0.14459385 -2.356794 0.12709312
-0.080999374 -1.7017343 0.11096422
-0.030525047 -1.0641576 0.1094677
-0.12321861 -2.1434019 0.121175475
-0.0634838 -1.4930956 0.108450636
-0.17270166 -2.5926118 0.13697316
-0.10289527 -1.9306489 0.11619048
-0.046731688 -1.2855608 0.10716206
-0.14962868 -2.378205 0.12980647
-0.08361111 -1.7187556 0.11219228
-0.030931126 -1.0779026 0.10811667
-0.1275794 -2.1639538 0.1234859
-0.065346 -1.5079517 0.10926349
-0.17850111 -2.6146266 0.14020322
-0.10654823 -1.9500068 0.11808113
-0.04810617 -1.2984564 0.10760388
-0.15486471 -2.3997865 0.1327133
-0.08653965 -1.7365527 0.11365283
-0.032267883 -1.0911227 0.10776843
-0.13220298 -2.184853 0.12601262
-0.06759186 -1.5238731 0.11028269
-0.18446901 -2.636775 0.14352728
-0.11051342 -1.9699345 0.12020104
-0.049843527 -1.3125361 0.108149014
-0.16033202 -2.4215987 0.13579272
-0.08980973 -1.7551801 0.11534768
-0.033726003 -1.1041869 0.107650675
-0.13711609 -2.2061405 0.12874126
-0.07015699 -1.5408599 0.111523956
-0.020082515 -0.90352327 0.10867429
-0.114817694 -1.9904575 0.12253765
-0.05174676 -1.3276377 0.10886289
-0.16605887 -2.4436643 0.13901451
-0.093451165 -1.774654 0.11726766
-0.035045918 -1.1173472 0.1076629
-0.14235981 -2.2278318 0.13165139
-0.0730858 -1.5589347 0.11299603
-0.020916479 -0.91432923 0.10818577
-0.06859257 -1.5926962 0.10919851
-0.12685616 -2.236205 0.121181145
-0.1998087 -2.898656 0.14479843
-0.084523186 -1.7963654 0.11178974
-0.1474931 -2.447502 0.12688291
-0.04952916 -1.3758522 0.10902199
-0.101976 -2.0025945 0.11526374
-0.1693141 -2.6598983 0.13351393
-0.06378841 -1.5723491 0.10945242
-0.12074407 -2.210948 0.119597435
-0.1922685 -2.8731878 0.14140259
-0.07929247 -1.7727346 0.11143638
-0.14077467 -2.4211595 0.12479006
-0.043611057 -1.3502505 0.11070715
-0.096125506 -1.9765723 0.11440374
-0.16203792 -2.6329453 0.13090007
-0.058299497 -1.5466261 0.110182434
-0.11431233 -2.1833174 0.118244894
-0.18449137 -2.8460777 0.13816084
-0.07355334 -1.7451832 0.11139848
-0.13380104 -2.3925028 0.12293942
-0.03713582 -1.3143023 0.10992294
-0.08994951 -1.9472454 0.11379239
-0.15455699 -2.6037815 0.128527
-0.051931847 -1.5127302 0.11068365
-0.107632734 -2.1526532 0.11712992
-0.17655014 -2.8168318 0.13516913
-0.06720373 -1.7118206 0.11153134
-0.12662563 -2.3610086 0.12133463
-0.19975053 -3.0313776 0.14332786
-0.08336211 -1.9134098 0.113408364
-0.14691381 -2.5719018 0.12641187
-0.04513741 -1.4709136 0.11026248
-0.100671016 -2.1181731 0.1162481
-0.16847728 -2.7849858 0.13246427
-0.060287327 -1.671523 0.11145838
-0.11924143 -2.3260598 0.119972154
-0.19129544 -2.9999347 0.13978353
-0.07630072 -1.8739429 0.113094874
-0.13910756 -2.5368009 0.124556474
-0.03817754 -1.4224819 0.108855754
-0.09335758 -2.078985 0.11553729
-0.16027178 -2.750058 0.13005455
-0.053011395 -1.6245086 0.11092421
-0.11159981 -2.2869952 0.118823096
-0.18272595 -2.9655204 0.13664952
-0.068821855 -1.8283167 0.112647735
-0.13110565 -2.497927 0.12294515
-0.20646535 -3.1828992 0.14473486
-0.08567078 -2.0344136 0.11487566
-0.15190919 -2.7115798 0.12792966
-0.045514442 -1.5714253 0.10988312
-0.103656806 -2.243172 0.11782016
-0.17402123 -2.9276795 0.1338882
-0.06103884 -1.7766705 0.111943476
-0.122866035 -2.4547486 0.12153851
-0.19744635 -3.1459773 0.14107187
-0.07765336 -1.9841708 0.11414163
-0.14335409 -2.6690755 0.1260619
-0.037841413 -1.5128154 0.10842869
-0.09540705 -2.1941652 0.11687274
-0.16515163 -2.885993 0.13146164
-0.0530341 -1.7193537 0.11094912
-0.114362 -2.4068027 0.12027458
-0.18827632 -3.1052928 0.13789919
-0.069373526 -1.9283391 0.113261245
-0.13457492 -2.6221292 0.12440621
-0.21274833 -3.3268015 0.14564937
-0.08688101 -2.139796 0.11589989
-0.15608726 -2.8400626 0.12932496
-0.044852085 -1.6567123 0.10968742
-0.10559433 -2.3538086 0.11908326
-0.17892824 -3.0604827 0.13513748
-0.060884666 -1.86712 0.1122064
-0.1255561 -2.5704043 0.12290542
-0.2031247 -3.283251 0.14202218
-0.078122705 -2.0801153 0.114848964
-0.14680657 -2.7895687 0.12742543
-0.03652643 -1.5889552 0.10822069
-0.09658537 -2.2956476 0.11790396
-0.16937993 -3.0112255 0.13271904
-0.052224025 -1.8007401 0.110978
-0.11630128 -2.5137098 0.121500656
-0.19330838 -3.2353024 0.13890819
-0.06916936 -2.0152433 0.11369334
-0.13730162 -2.7342656 0.12570615
-0.02805506 -1.5162282 0.106632955
-0.087365545 -2.2323518 0.11669358
-0.15961836 -2.9572814 0.1305794
-0.04341538 -1.7293442 0.10959797
-0.10682791 -2.4519649 0.120140806
-0.18328471 -3.182707 0.13620315
-0.060050346 -1.9453341 0.11242408
-0.12757812 -2.6740263 0.12411221
-0.20833986 -3.4105256 0.14268649
-0.07796249 -2.1639981 0.115425065
-0.14964138 -2.8984776 0.12865707
-0.034467805 -1.6530457 0.10810548
-0.0971587 -2.3851953 0.11878638
-0.1730476 -3.1252964 0.1338303
-0.05078372 -1.8704879 0.11104555
-0.11765083 -2.608798 0.122595504
-0.19783434 -3.3544762 0.13970508
-0.06839907 -2.0906956 0.114083186
-0.13945648 -2.8347337 0.12689576
-0.025402622 -1.5718791 0.1065494
-0.087315224 -2.3134537 0.11740853
-0.1625995 -3.0629563 0.13172115
-0.041382123 -1.790791 0.109574236
-0.107538044 -2.538606 0.12111653
-0.18711327 -3.2934787 0.13711385
-0.05869009 -2.0125134 0.11266206
-0.12907718 -2.7660217 0.12524614
-0.21304359 -3.5263412 0.14312574
-0.07731569 -2.2368202 0.11598681
-0.1519496 -2.9956453 0.12981491
-0.0318569 -1.7062634 0.10803736
-0.09725749 -2.4634898 0.11964359
-0.17618276 -3.2274687 0.13483834
-0.048847616 -1.929517 0.11116483
-0.118519306 -2.6923687 0.12366632
-0.20181814 -3.4615536 0.14033642
-0.06717282 -2.1553454 0.11450774
-0.14111099 -2.9233541 0.12805848
-0.022202455 -1.6169137 0.106469765
-0.0868242 -2.3835127 0.11815143
-0.16505352 -3.1564364 0.13281274
-0.038877632 -1.8417132 0.1096039
-0.107798055 -2.6138086 0.12212098
-0.19038305 -3.3916652 0.13792025
-0.056896657 -2.0690753 0.11296457
-0.13009796 -2.8461146 0.12640606
-0.21715282 -3.6291482 0.14339355
-0.076249324 -2.2987106 0.116620116
-0.1537384 -3.080388 0.13097915
-0.02878048 -1.7491002 0.10800107
-0.09692633 -2.530392 0.12058022
-0.17875007 -3.3166902 0.13580477
-0.046490837 -1.9780098 0.111357875
-0.11892393 -2.7639554 0.12481821
-0.20518273 -3.5551307 0.1408465
-0.06554095 -2.2091174 0.11503476
-0.14225043 -2.999356 0.12928712
-0.01856207 -1.6516166 0.10638756
-0.085914046 -2.4421437 0.11901861
-0.16693158 -3.2366445 0.13392746
-0.035956867 -1.882136 0.10969658
-0.10760028 -2.6769135 0.123260714
-0.19301406 -3.4759598 0.13867249
-0.05470173 -2.1147244 0.1133857
-0.13060138 -2.913359 0.12769285
-0.0082010925 -1.5491816 0.10480368
-0.07476785 -2.3490856 0.11741456
-0.1549389 -3.1515539 0.13223287
-0.025291972 -1.7813847 0.10799989
-0.09613569 -2.5850022 0.12170359
-0.18065792 -3.3916533 0.13678725
-0.043732185 -2.0155108 0.11166934
-0.11880084 -2.822418 0.12615816
-0.20782435 -3.6338468 0.14125931
-0.063490115 -2.2512019 0.115750104
-0.1427814 -3.0614214 0.13067241
-0.014481321 -1.675663 0.106300704
-0.08453595 -2.4882283 0.120120235
-0.16812299 -3.3022232 0.13512945
-0.03262515 -1.9114026 0.10988971
-0.106856056 -2.7265255 0.12464959
-0.19489427 -3.5450504 0.13940117
-0.05208003 -2.1484647 0.11401104
-0.13046595 -2.96624 0.12920396
-0.003523688 -1.5648036 0.104651555
-0.072803274 -2.3865652 0.11848691
-0.15541486 -3.207646 0.1336443
-0.021367732 -1.8022978 0.10806193
-0.09477157 -2.6256645 0.123137355
-0.18177816 -3.4510472 0.13782094
-0.040529065 -2.0407965 0.11218742
-0.11799694 -2.8659694 0.12779097
-0.2096416 -3.6966481 0.14157148
-0.06093628 -2.2799733 0.11678248
-0.14253598 -3.1078756 0.13228402
-0.009943103 -1.6880157 0.10621954
-0.082549065 -2.5197845 0.121594876
-0.16847652 -3.3517792 0.13645348
-0.028823877 -1.9280906 0.110274695
-0.105376124 -2.760553 0.1264017
-0.19591323 -3.597952 0.14011133
-0.04892705 -2.1683695 0.11498837
-0.12948567 -3.0028267 0.13100757
0.0016931657 -1.5683031 0.10443065
-0.07018662 -2.4088206 0.11999866
-0.15498576 -3.2471554 0.1352407
-0.016938917 -1.8101597 0.10827627
-0.0926023 -2.6498978 0.1250086
-0.18198593 -3.493882 0.13891318
-0.036762245 -2.051638 0.11308849
-0.11626016 -2.8923903 0.1297798
-0.2105745 -3.743109 0.14178324
-0.05767703 -2.2926638 0.11832891
-0.14129855 -3.1370409 0.13413242
-0.004830947 -1.6867348 0.10621083
-0.07967014 -2.5338886 0.12358874
-0.16784963 -3.3843 0.13789655
-0.024415173 -1.9295881 0.111068316
-0.1028518 -2.7764199 0.12857041
-0.19600683 -3.6342785 0.14081647
-0.045007333 -2.171165 0.11657079
-0.12740412 -3.0212781 0.13308568
0.0075515755 -1.5573937 0.104136646
-0.06656833 -2.4123564 0.122125365
-0.15349036 -3.2690291 0.13699368
-0.011846778 -1.8019404 0.10891141
-0.08924711 -2.654738 0.12735358
-0.18121226 -3.5197952 0.14008193
-0.032153845 -2.0440896 0.114716135
-0.1132876 -2.89968 0.13206238
0.020330934 -1.4214854 0.10223894
-0.053276896 -2.2850645 0.120611414
-0.13889134 -3.1478798 0.13614823
0.0010039598 -1.6682622 0.106589764
-0.075423226 -2.5271113 0.12610896
-0.16616993 -3.3994482 0.13945973
-0.019086098 -1.9110895 0.112764455
-0.09892789 -2.7720432 0.13102701
-0.19516575 -3.6541865 0.14163262
-0.03976239 -2.151651 0.119054876
-0.12403342 -3.02066 0.13531142
0.014254991 -1.5278795 0.104043186
-0.0613428 -2.3932192 0.12482397
-0.15085648 -3.2730324 0.13887113
-0.0057585635 -1.7716331 0.11072203
-0.08429398 -2.6381335 0.12994644
-0.17943326 -3.5288951 0.14144857
-0.025980165 -2.0115526 0.11748562
-0.10889333 -2.8871968 0.13443738
0.028068885 -1.37969 0.10118695
-0.04694626 -2.2525988 0.12349481
-0.13524808 -3.1403804 0.13825673
0.007886077 -1.6248883 0.10859406
-0.06933853 -2.4976575 0.12879197
-0.16338654 -3.3973482 0.14123993
-0.011841422 -1.8638867 0.11596384
-0.09343899 -2.74734 0.1334836
-0.1932983 -3.657712 0.14290866
-0.03216349 -2.1045747 0.122121245
-0.11931763 -3.001398 0.13756467
0.021850869 -1.4695135 0.10634662
-0.053999197 -2.3502228 0.12753966
-0.14698657 -3.2594202 0.14093271
0.0026770316 -1.7072208 0.11458516
-0.07761 -2.6009195 0.13241743
-0.17644092 -3.5210142 0.1433241
-0.016791351 -1.9482147 0.12068954
-0.10302047 -2.8560855 0.13675165
0.037002083 -1.3024067 0.10362576
-0.038163118 -2.195317 0.12616216
-0.13019454 -3.1151493 0.14047457
0.018412365 -1.5392808 0.11343794
-0.06134934 -2.4477136 0.13121542
-0.15911493 -3.3777578 0.14346267
0.0635944 -1.2510432 0.018417457
0.09506692 -1.5723485 0.037748888
0.04050123 -0.9907525 -0.0016504312
0.072462834 -1.3445209 0.026133941
0.10326739 -1.6448015 0.041538123
0.050251957 -1.1078106 0.009848229
0.080669165 -1.4260768 0.032717153
0.1110983 -1.7096839 0.04375353
0.05936453 -1.2059654 0.018612904
0.08832101 -1.4973685 0.03802592
0.038571324 -0.9695245 -0.0015796877
0.067497425 -1.289481 0.02629621
0.095473684 -1.5597984 0.041923475
0.04714144 -1.0734742 0.009512959
0.07484875 -1.3608999 0.032904584
0.10217996 -1.614493 0.04428079
0.05536286 -1.1612744 0.018554455
0.08153349 -1.4219593 0.038295444
0.03730473 -0.9514982 -0.0014287643
0.062660605 -1.2345697 0.026348608
0.08762342 -1.4740112 0.042316508
0.044629507 -1.0414832 0.009097682
0.06909763 -1.2956178 0.03304798
0.09317471 -1.5181063 0.044816673
0.05171097 -1.1176283 0.0183389
0.07477408 -1.3461393 0.038552955
0.036344655 -0.93571347 -0.0013121383
0.058021247 -1.1800832 0.026311317
0.07976274 -1.3874431 0.042711206
0.04250588 -1.011736 0.00876214
0.06346228 -1.2303596 0.03315124
0.084117964 -1.4205313 0.04535516
0.048391286 -1.075383 0.018071434
0.06807527 -1.2699658 0.03879654
0.03559809 -0.9217581 -0.0012345376
0.05360141 -1.1262791 0.026217384
0.07191515 -1.3001266 0.043103263
0.040651865 -0.9839344 0.008523347
0.057963002 -1.1652648 0.03322228
0.07502788 -1.3217986 0.045891855
0.04534885 -1.0346084 0.017821198
0.061451565 -1.1935154 0.039025735
0.035027478 -0.9093832 -0.0011801147
0.049395677 -1.073312 0.026103867
0.06409072 -1.2121143 0.04348925
0.039005224 -0.9578026 0.008364634
0.05260595 -1.1004516 0.033273842
0.0659116 -1.2219574 0.04642342
0.042531136 -0.99522316 0.01761987
0.054908343 -1.116869 0.039242595
0.034609303 -0.8984049 -0.0011349071
0.045382712 -1.0212303 0.026000768
0.056292567 -1.1234714 0.043867186
0.03752809 -0.9331119 0.008268997
0.04738587 -1.0359962 0.03332075
0.056770645 -1.1210719 0.046947535
0.03989582 -0.95708734 0.017477097
0.048444375 -1.0400984 0.039451733
0.03432474 -0.88867354 -0.0010890145
0.041534834 -0.9700048 0.025927207
0.048519682 -1.0342668 0.044236835
0.036192898 -0.9096715 0.008224579
0.0422891 -0.9719293 0.033376437
0.047603942 -1.0192175 0.047462862
0.037408944 -0.92004716 0.017392704
0.042052846 -0.96325797 0.039659154
0.034156807 -0.8800593 -0.0010355617
0.037823476 -0.9195611 0.025893057
0.040767968 -0.9445683 0.044599444
0.034976766 -0.8873176 0.008223828
0.03729692 -0.9082428 0.033450946
0.038408987 -0.91647744 0.04796889
0.035042074 -0.8839528 0.017363071
0.03572254 -0.8863805 0.03987078
0.034089386 -0.8724456 -0.0009696796
0.034221355 -0.8698029 0.02590211
0.033030722 -0.85443676 0.04495708
0.033859193 -0.8659058 0.008262045
0.032388255 -0.84490085 0.03355062
0.02918226 -0.8129391 0.04846566
0.032770284 -0.84866357 0.017383888
0.029439148 -0.8094798 0.04009143
0.034106795 -0.8657253 -0.0008878211
0.03070302 -0.8206258 0.025954714
0.025299069 -0.7639253 0.045311872
0.03282102 -0.84530616 0.008336328
0.027541338 -0.78185064 0.033678696
0.019919341 -0.708692 0.04895337
0.030570893 -0.8140492 0.017451186
0.023186507 -0.73255444 0.04032429
0.034193665 -0.8597988 -0.0007873261
0.02724469 -0.7719248 0.026049513
0.017562479 -0.6730793 0.045665387
0.031843934 -0.8253997 0.008444932
0.02273457 -0.7190306 0.03383617
0.010615044 -0.6038266 0.04943194
0.028422711 -0.7799885 0.017561661
0.016947499 -0.6555929 0.04057089
0.034334894 -0.85457236 -0.0006661414
0.023823958 -0.723598 0.026184442
0.009809328 -0.58193845 0.04601823
0.030910239 -0.8060759 0.00858688
0.017946843 -0.6563757 0.03402256
0.0012636123 -0.49843386 0.049900673
0.026305562 -0.74636847 0.017712714
0.010704658 -0.5785785 0.040831286
0.034515664 -0.84995747 -0.0005226371
0.020419426 -0.6755475 0.02635726
0.0020273633 -0.4905393 0.046369843
0.03000268 -0.78723085 0.008761741
0.013157598 -0.5938209 0.034236442
-0.008141021 -0.3926068 0.050357934
0.02419995 -0.71308225 0.0179024
0.0044405004 -0.5014924 0.041104298
0.034721468 -0.84587055 -0.00035548356
0.017010393 -0.6276799 0.026565814
-0.0057959068 -0.39891854 0.046718445
0.029104382 -0.7687663 0.008969505
0.008346724 -0.53130347 0.034475826
-0.017604956 -0.28644174 0.050800953
0.022086816 -0.6800283 0.018129347
-0.0018623039 -0.42431766 0.04138772
0.03493819 -0.84223247 -0.00016356925
0.013576582 -0.5799059 0.026808126
-0.013672913 -0.30711564 0.04706105
0.02819877 -0.7505879 0.00921051
0.0034944245 -0.46876392 0.03473832
-0.027134055 -0.1800408 0.051225703
0.019947343 -0.6471086 0.01839268
-0.008220859 -0.34704125 0.041678444
0.03515219 -0.83896875 5.4053402e-05
0.010097889 -0.53213996 0.027082404
-0.021615786 -0.21517603 0.04739347
0.02726954 -0.73260474 0.009485393
-0.0014189469 -0.40614742 0.035021186
-0.036733665 -0.07351413 0.051626887
0.01776279 -0.61422795 0.018691937
-0.014651996 -0.26965642 0.0419725
0.035350397 -0.83600974 0.00029820285
0.0065541603 -0.48429945 0.02738696
-0.029636128 -0.12315374 0.047710374
0.02630065 -0.7147285 0.009795068
-0.006413017 -0.34340435 0.035321247
-0.046408363 0.03301785 0.05199797
0.015514339 -0.5812924 0.019026954
-0.021172201 -0.19216509 0.042265017
0.035520498 -0.83329105 0.00056958944
0.002924989 -0.43630475 0.02772005
-0.037744764 -0.031114113 0.048005305
0.025276307 -0.6968727 0.010140701
-0.011507475 -0.28049198 0.035634708
-0.056161683 0.13942249 0.052331347
0.013182948 -0.54820913 0.019397745
-0.027797459 -0.11458058 0.04255007
0.03565109 -0.8307542 0.0008688279
-0.0008104546 -0.3880796 0.028079614
-0.04595141 0.0608635 0.048270773
0.024180993 -0.6789525 0.010523673
-0.01672206 -0.21737653 0.035956815
-0.06599586 0.24555373 0.05261855
0.010749197 -0.5148855 0.019804265
-0.034542948 -0.036930773 0.042820543
0.03573197 -0.82834786 0.0011964488
-0.004673552 -0.3395524 0.028462833
-0.054264273 0.15268338 0.04849843
0.022999477 -0.66088426 0.010945514
-0.022076381 -0.15403669 0.036281385
-0.07591156 0.35125178 0.052850604
0.008193119 -0.48122966 0.020246057
-0.041422527 0.040738 0.043068014
0.035754416 -0.8260287 0.0015529207
-0.008686278 -0.2906588 0.02886543
-0.06268954 0.24423157 0.048679404
0.021716798 -0.6425857 0.011407779
-0.027589459 -0.090468615 0.03660019
-0.085907735 0.4563441 0.053018477
0.0054939864 -0.44715193 0.020721605
-0.048447933 0.11835688 0.043282766
0.035711553 -0.8237639 0.0019387029
-0.012871065 -0.24134721 0.02928059
-0.07123082 0.3353753 0.048804913
0.020318162 -0.6239763 0.011911792
-0.033278808 -0.02669317 0.036902275
-0.09598147 0.56064796 0.05311359
0.0026300028 -0.41256818 0.021227213
-0.05562767 0.19583066 0.043454148
0.03559869 -0.82153285 0.0023543737
-0.017250307 -0.19158784 0.029697312
-0.079888605 0.42596447 0.048867147
0.018788574 -0.60497874 0.012458138
-0.039158832 0.037234973 0.03717337
-0.10612797 0.6639744 0.053128425
-0.00042212132 -0.3774074 0.021754969
-0.06296557 0.27303585 0.043571495
0.035413574 -0.8193305 0.0028009054
-0.021845138 -0.14138742 0.03009814
-0.08865979 0.51583606 0.048860405
0.017111873 -0.5855219 0.013045566
-0.0452383 0.10121708 0.037395913
-0.11634037 0.7661341 0.053057052
-0.0036877475 -0.34162614 0.022289159
-0.07045926 0.34982288 0.04362569
0.035156198 -0.8171709 0.0032802378
-0.026672872 -0.09081147 0.030456482
-0.09753725 0.6048221 0.048782233
0.015268485 -0.5655467 0.013668535
-0.05151679 0.16510226 0.037550274
-0.12660895 0.86694336 0.05289566
-0.0071948017 -0.30523586 0.022800041
-0.07809871 0.42602468 0.043611206
0.034827504 -0.8150914 0.0037963982
-0.031742122 -0.040013947 0.03073459
-0.10650889 0.6927619 0.04863419
0.013230409 -0.5450203 0.014311437
-0.057980575 0.22868738 0.03761786
-0.13691874 0.96623224 0.052642997
-0.0109731285 -0.26835272 0.023234112
-0.08586486 0.5014741 0.043527864
0.03442511 -0.81315714 0.004357482
-0.037044704 0.010731882 0.030884897
-0.11555493 0.77951574 0.048421737
0.010950706 -0.52396965 0.014934605
-0.06459906 0.2917333 0.037585754
-0.14724366 1.0638514 0.05230084
-0.015049359 -0.23128046 0.023502044
-0.09372707 0.5760278 0.043380767
0.033930976 -0.8114671 0.004977959
-0.042544726 0.061020896 0.030858578
-0.124640875 0.86498064 0.048153166
0.008343092 -0.50256705 0.015440903
-0.07132168 0.35400334 0.037450023
-0.15753554 1.1596813 0.05187478
-0.019429088 -0.19462529 0.02347392
-0.10163435 0.6495937 0.04317733
0.033274345 -0.81016445 0.005673476
-0.048166715 0.11035904 0.0306217
-0.13370238 0.94910616 0.047838215
0.005249719 -0.4813485 0.015603158
-0.07806605 0.41531867 0.03721291
-0.16770762 1.2536442 0.051375713
-0.02405054 -0.15937468 0.023006361
-0.10948927 0.7221539 0.042922586
0.03220963 -0.8094882 0.0063942885
-0.053767294 0.15829484 0.030165587
-0.14262132 1.0319133 0.04748929
0.0014340316 -0.46173674 0.014951278
-0.08466033 0.47561434 0.036875155
-0.17762427 1.3457198 0.050823994
-0.028650524 -0.12671153 0.02201146
-0.11709569 0.7937823 0.04262208
0.029754927 -0.80995774 0.0065285144
-0.058961906 0.2046164 0.029498843
-0.15121476 1.1135144 0.047130175
-0.002854243 -0.44681343 0.012785319
-0.090708606 0.53498065 0.03645432
-0.18713564 1.4359556 0.05026063
0.03021735 -0.79145443 0.002279762
0.038552098 -0.7813237 0.0034178204
0.024969313 -0.64877355 0.00515725
0.010564269 -0.5319744 0.007599685
-0.0020227476 -0.43437514 0.010607525
0.0013428552 -0.36202797 0.011145661
-0.01093041 -0.26541108 0.013730437
-0.021259105 -0.18616463 0.016431302
-0.024696244 -0.06792989 0.017527949
-0.034796026 0.009000555 0.019878535
-0.04318629 0.07077271 0.022255337
-0.04963439 0.118375786 0.02461365
-0.060729183 0.2887925 0.025636671
-0.067320116 0.33436996 0.027724242
-0.07235641 0.36759567 0.029788697
-0.0882583 0.5717602 0.030862244
-0.093209565 0.6026684 0.0326916
-0.09688275 0.622755 0.034490295
-0.099242054 0.6326357 0.036243126
-0.12052981 0.8743038 0.037109654
-0.12294965 0.8825151 0.03865941
-0.12424943 0.88170207 0.040162247
-0.14908813 1.1483871 0.040962193
-0.15036395 1.1459187 0.04227101
-0.1506759 1.1354638 0.043530762
-0.15002722 1.1174253 0.04473783
-0.17899323 1.4122697 0.04530977
-0.17839599 1.393183 0.04632743
-0.17696239 1.367404 0.047293935
-0.20875096 1.6810344 0.04775793
-0.2073062 1.6543038 0.04852736
-0.2051476 1.6217517 0.049247403
-0.20229025 1.583609 0.049938366
-0.2373146 1.9184119 0.05007496
-0.23448583 1.880185 0.05052729
-0.23110466 1.837168 0.050992366
-0.26832017 2.185168 0.050804663
-0.14651881 -3.2843454 0.14451022
-0.047375564 -2.334499 0.13147278
0.036625117 -1.3872795 0.11286724
-0.11388512 -2.994108 0.14150369
-0.018952405 -2.040815 0.12644638
0.06350426 -1.0775586 0.10511359
-0.08234546 -2.7023785 0.1378615
0.008592246 -1.743117 0.12089308
-0.15467252 -3.3693225 0.14594279
-0.051818326 -2.4080017 0.13360426
0.03541945 -1.4402287 0.11479842
-0.121015266 -3.0765748 0.1430956
-0.022263559 -2.1099362 0.12873977
0.061502296 -1.1309057 0.10771993
-0.08843889 -2.7821581 0.13964711
0.006310493 -1.80728 0.12327018
-0.16317749 -3.455092 0.14733832
-0.0568495 -2.4847376 0.13559632
0.03380927 -1.4994274 0.11716324
-0.12863933 -3.1605232 0.14455648
-0.026212918 -2.1831374 0.1309389
0.05970553 -1.1870719 0.11042723
-0.09511206 -2.864128 0.141275
0.0034244568 -1.8763928 0.12566793
0.08106149 -0.87734824 0.10534196
-0.06252113 -2.5643973 0.13742526
0.031844933 -1.5639973 0.11977497
-0.13674714 -3.2456276 0.14589795
-0.03083637 -2.2600272 0.13299024
0.058309212 -1.2469348 0.11338511
-0.10238453 -2.9479995 0.14273903
-0.00011707849 -1.9499446 0.12796776
0.080568805 -0.93124473 0.10785127
-0.06889838 -2.6467032 0.13906907
0.029392805 -1.6334988 0.12238845
-0.14533664 -3.331603 0.14714351
-0.036301803 -2.3403025 0.13485076
0.05696201 -1.3112468 0.116444975
