-0.13946667 -1.8044084 0.22644885
-0.09475463 -2.5144203 0.14721562
-0.09971695 -2.5482535 0.080598846
-0.11212024 -1.9265324 0.03398601
-0.13824028 -1.8034881 0.22799578
-0.09416818 -2.5109558 0.1472171
-0.09914466 -2.5441232 0.08059549
-0.11149866 -1.9248998 0.033946387
-0.13703156 -1.7574806 0.23061545
-0.07452424 -1.7840304 0.23164804
-0.019977024 -1.8018371 0.2300684
0.02934826 -1.7875093 0.22988977
0.0728966 -1.7316175 0.22631484
0.06291547 -1.7092612 0.14945829
0.04452369 -1.4571788 0.08164737
0.03185107 -1.1250386 0.027312858
0.07336004 -1.7299768 0.22596338
0.063525125 -1.7069212 0.14946105
0.045077123 -1.4537762 0.081658326
0.032386456 -1.1214492 0.027320376
0.07380476 -1.7273122 0.22592026
0.06413228 -1.7043718 0.14946017
0.045631643 -1.4503214 0.081675544
0.0329243 -1.1179688 0.0273426
0.074320875 -1.7252185 0.22587459
0.06474854 -1.7020549 0.14947842
0.0461885 -1.4469193 0.08164975
0.033461954 -1.1143509 0.02727064
0.07512458 -1.7223878 0.2259266
0.06536043 -1.6994853 0.14945062
0.046746366 -1.4434719 0.08173084
0.034002896 -1.110897 0.027432377
0.07620421 -1.7203479 0.22609177
0.0659823 -1.6971931 0.14950755
0.0473057 -1.4400721 0.081615195
0.034542672 -1.1072524 0.027164428
0.07664059 -1.7181114 0.22571425
0.06659819 -1.6946065 0.14943731
0.0478652 -1.4366187 0.081793755
0.035085514 -1.1037984 0.027540505
0.07742354 -1.7168529 0.22601137
0.06722428 -1.6923283 0.14952199
0.048426155 -1.4332536 0.08161973
0.03562712 -1.1001953 0.027142055
0.07858763 -1.7145772 0.22549377
0.06784617 -1.6897469 0.14947563
0.048982322 -1.4297353 0.08173045
0.03616737 -1.096616 0.02737709
0.08181726 -1.697685 0.23020165
0.034083508 -0.94510347 0.0046399715
0.041301545 -1.2435509 0.050462753
0.058110684 -1.5655608 0.11146361
0.07530487 -1.7372842 0.18326595
0.11323949 -1.647234 0.1926304
0.09184064 -1.468669 0.120384656
0.07101143 -1.1204251 0.057531893
0.062246855 -0.82343 0.009505234
0.07307014 -1.6184955 0.26229122
0.059489116 -1.452608 0.32558805
0.041701656 -1.2798913 0.38603857
0.06818452 -1.5644691 0.28338954
0.053163044 -1.3939654 0.34619972
0.033924785 -1.4309963 -0.14378235
0.029444491 -1.4358991 -0.14333324
0.016708124 -1.463207 -0.14196227
0.027842103 -1.4205935 -0.1422051
0.01205731 -1.4389814 -0.14103658
0.029419068 -1.3968678 -0.14122082
0.08196161 -1.6948122 0.23131858
0.09834927 -1.653042 0.23195991
0.07758906 -1.6881075 0.235864
0.09795716 -1.6482213 0.23509543
0.08312471 -1.6806736 0.23885496
0.10763516 -1.5868899 0.2633616
0.09899618 -1.4982588 0.32558113
0.088479444 -1.3951708 0.38559946
0.10391487 -1.6299951 0.23885325
0.09106845 -1.655636 0.23866396
-0.087050125 -2.5808778 -0.19766037
-0.0336081 -2.0303378 -0.17178626
0.032099813 -1.4744884 -0.14624801
-0.016101087 -2.0555108 -0.17532459
-0.0742423 -2.6273048 -0.2010037
-0.1289091 -3.0122619 -0.21774521
-0.09239027 -2.6272402 -0.19971375
-0.0381392 -2.077261 -0.1739645
0.011879313 -1.5187246 -0.1450058
-0.09281537 -2.6277118 -0.19967368
-0.038564734 -2.0782406 -0.17391154
0.014463991 -1.5190835 -0.14489771
0.06743594 -1.5648264 0.2833488
0.052275963 -1.3924192 0.34620973
0.07645597 -1.676947 0.24255069
0.06194121 -1.5078427 0.30457416
0.04526288 -1.3315067 0.3663937
-0.113455184 -2.811523 -0.2079392
-0.05604844 -2.2622101 -0.1826394
-0.013442296 -1.7127538 -0.15541779
-0.113844864 -2.811829 -0.20789209
-0.05647543 -2.2629395 -0.1825922
-0.0143039515 -1.7144673 -0.15532766
0.07285817 -1.6237472 0.26191676
0.056164484 -1.4487514 0.32558802
0.037672136 -1.269292 0.38612354
0.065326445 -1.5657812 0.28323245
0.04963004 -1.3876492 0.34624383
-0.13557093 -2.9957824 -0.21594916
-0.074935265 -2.4462042 -0.1911299
-0.024980813 -1.8984857 -0.16468045
-0.13593997 -2.9959085 -0.21586715
-0.07533926 -2.4466715 -0.19108798
-0.025458772 -1.8993739 -0.16461381
0.07176069 -1.6833049 0.24188758
0.05969351 -1.5064583 0.3045339
0.04243816 -1.3249438 0.3664531
0.0699146 -1.6255814 0.26167953
0.05372361 -1.4454417 0.32559472
0.034667112 -1.2610484 0.38619262
-0.09480279 -2.6296499 -0.19947265
-0.0408372 -2.0825284 -0.1736386
0.009627043 -1.5304317 -0.14374612
-0.095186695 -2.6299787 -0.19943266
-0.041310094 -2.0833168 -0.17358427
0.0067377468 -1.5329508 -0.14362325
0.063424625 -1.5661482 0.2831344
0.047003407 -1.382633 0.34628466
0.071612045 -1.6919631 0.24183989
0.057595827 -1.5051335 0.30450413
0.039629135 -1.3182873 0.36651886
-0.115726806 -2.8129709 -0.2076574
-0.058577687 -2.2660217 -0.18235715
-0.011715675 -1.7197807 -0.15483908
-0.186313 -2.4374907 -0.20880456
-0.13983099 -1.9958032 -0.18124351
-0.10115809 -1.5644829 -0.1551061
-0.1537196 -3.004966 -0.21451584
-0.17075564 -2.9299436 -0.2150412
-0.18575945 -2.8075485 -0.21712567
-0.20006943 -2.6606762 -0.2198943
-0.07935926 -1.506431 -0.14721906
-0.05698518 -1.5622851 -0.14617658
-0.031982783 -1.5712626 -0.14515531
-0.0050162585 -1.5398971 -0.14359692
-0.08437223 -1.4692532 -0.14734834
-0.06341204 -1.5455682 -0.14609197
-0.038961 -1.5657362 -0.14510101
-0.012613405 -1.5467715 -0.14391124
-0.08386406 -1.4632342 -0.14694242
-0.062943466 -1.5391676 -0.14571811
-0.038472515 -1.5589428 -0.14473908
-0.012084213 -1.5394359 -0.14357503
-0.08342398 -1.4572073 -0.14652383
-0.062478516 -1.5327722 -0.14534374
-0.03798772 -1.5521599 -0.14437723
-0.01155994 -1.532115 -0.14324093
-0.08288313 -1.4511615 -0.1460932
-0.061998338 -1.5263675 -0.14496912
-0.03749082 -1.5453686 -0.14401573
-0.011015797 -1.5247804 -0.14290927
-0.08249557 -1.4451185 -0.14565167
-0.061562005 -1.5199755 -0.1445947
-0.03703092 -1.5385945 -0.14365497
-0.010529887 -1.5174711 -0.14258054
-0.08188974 -1.4390458 -0.14520106
-0.061049208 -1.5135674 -0.14422111
-0.036508273 -1.5318056 -0.14329556
-0.009943584 -1.5101388 -0.14225547
-0.081574045 -1.4329783 -0.14474374
-0.060654793 -1.5071741 -0.14384925
-0.036084138 -1.5250362 -0.14293827
-0.009512674 -1.5028344 -0.14193507
-0.08093549 -1.4269018 -0.14428198
-0.0601218 -1.5007747 -0.1434798
-0.035546225 -1.5182605 -0.14258349
-0.00890212 -1.4955217 -0.14161964
0.058359955 -1.7559817 0.23154674
0.011162246 -1.7924178 0.23076491
-0.040074423 -1.7920926 0.2315526
-0.09746229 -1.7602733 0.23352587
-0.11621015 -1.7365342 0.23517741
-0.056615077 -1.7780222 0.233088
-0.003586192 -1.790705 0.23181069
0.04489435 -1.7684408 0.2320623
-0.11708738 -1.7246 0.23638986
-0.057192355 -1.7702664 0.2341354
-0.0039757714 -1.7856522 0.23279712
0.044562746 -1.7652158 0.23300518
-0.11796282 -1.7126342 0.23760176
-0.057686202 -1.7625451 0.23518534
-0.004246438 -1.7806379 0.23378761
0.044521876 -1.7620502 0.23395233
-0.11885557 -1.7007006 0.23880917
-0.058258288 -1.7547674 0.23623556
-0.0046239914 -1.7755572 0.23477961
0.044224992 -1.7587801 0.23490049
-0.11974375 -1.6887432 0.24001123
-0.058780987 -1.7470266 0.23728563
-0.0049319523 -1.7705195 0.2357722
0.044100698 -1.7555864 0.2358481
-0.12064418 -1.6768166 0.24120775
-0.059335906 -1.7392356 0.23833562
-0.005282288 -1.7654226 0.23676509
0.04387611 -1.7522995 0.23679438
-0.1811975 -1.2631603 0.2702206
-0.257722 -0.4053341 0.34150767
-0.34230065 0.3859935 0.40388727
-0.28967845 0.2448392 0.42381063
-0.17781296 -0.32290602 0.41828102
-0.08139196 -0.7869559 0.4104659
-8.9505365e-06 -1.1094644 0.4057018
0.041512594 -1.7471222 0.23865056
-0.008109478 -1.7547331 0.23879038
-0.06285387 -1.7214534 0.24054217
-0.12523523 -1.6494833 0.24375354
0.041713275 -1.7504803 0.2377051
-0.0077610817 -1.7599397 0.23779404
-0.062292658 -1.7293913 0.2394876
-0.12430105 -1.6616368 0.24255334
-0.17273615 -1.7473496 0.2345049
-0.1577443 -1.7234535 0.2388278
-0.17603673 -1.6979085 0.23744135
-0.16122521 -1.6750418 0.24065138
-0.17953289 -1.6472119 0.24068266
-0.16492718 -1.6275581 0.24114557
-0.19469042 -1.4773893 0.24994014
-0.3007188 -0.35869887 0.32452002
-0.399059 0.55433923 0.3891162
-0.34455886 0.3508499 0.39653295
-0.25867355 -0.46259162 0.3330312
-0.17927226 -1.3672602 0.25995493
-0.3209928 0.14556684 0.38150078
-0.237014 -0.68157923 0.31565663
-0.37969744 0.6648853 0.4203611
-0.29096574 -0.12867108 0.36060834
-0.20939836 -0.98064363 0.2915155
-0.34757626 0.39570656 0.40143138
-0.26186693 -0.4079912 0.3386807
-0.18325323 -1.2912217 0.26647282
-0.31670576 0.12593798 0.38151076
-0.23366019 -0.69452375 0.31570435
-0.37503555 0.642575 0.4203972
-0.28692457 -0.146516 0.36059883
-0.20650725 -0.9899668 0.29150507
-0.34308448 0.37463593 0.40144315
-0.25812262 -0.42369825 0.33871692
-0.18081464 -1.2963607 0.26686963
-0.31241548 0.106323116 0.38151348
-0.2302877 -0.7074208 0.3156848
-0.37036356 0.6202358 0.42041752
-0.2828787 -0.16439249 0.36059654
-0.2035708 -0.99941355 0.29160708
-0.18652728 -2.4352705 -0.20881872
-0.14004959 -1.9934044 -0.18126698
-0.10031094 -1.5614357 -0.15516084
-0.18674004 -2.433037 -0.20883246
-0.140268 -1.9909526 -0.18129067
-0.09923976 -1.5581713 -0.15523104
-0.1869518 -2.4308062 -0.2088458
-0.14048678 -1.988459 -0.18131442
-0.09837917 -1.5544139 -0.15531574
-0.1871626 -2.428609 -0.20885865
-0.14070782 -1.9860348 -0.18133807
-0.098272085 -1.5508213 -0.1554148
-0.18737236 -2.4264612 -0.20887098
-0.14093304 -1.983763 -0.18136145
-0.098615445 -1.5485173 -0.15552527
-0.18758078 -2.4243445 -0.20888269
-0.14116032 -1.9815494 -0.18138425
-0.09972106 -1.5462847 -0.15564318
-0.18778683 -2.4222271 -0.20889376
-0.14138545 -1.9792893 -0.18140656
-0.101019315 -1.5435855 -0.15576741
-0.18799192 -2.4200923 -0.20890394
-0.1416137 -1.9769728 -0.18142767
-0.10209046 -1.5406827 -0.1558937
-0.18818392 -2.4179504 -0.20891362
-0.14181748 -1.9746442 -0.18144856
-0.10300713 -1.5377336 -0.15601853
-0.093878075 -1.2516022 -0.14130667
-0.08769127 -1.331259 -0.14377427
-0.09489394 -1.2692045 -0.14308669
-0.09150541 -1.3484212 -0.14596994
-0.09600933 -1.2869264 -0.14479907
-0.09094588 -1.3657603 -0.1467225
-0.19535513 -2.319237 -0.20892009
-0.14772375 -1.8675389 -0.18137148
-0.11015223 -1.4111068 -0.1557171
0.028138792 -0.88588697 -0.015380208
-0.0061279098 -1.0040313 -0.0143346945
-0.041137036 -1.0558597 -0.011916716
-0.07138743 -1.0130059 -0.008116189
0.028164653 -0.8817031 -0.016983045
-0.0059583546 -0.9931022 -0.01562303
-0.0407091 -1.0385771 -0.013121942
-0.07047637 -0.98848456 -0.009143123
0.02826379 -0.87739897 -0.018522894
-0.0057753883 -0.9823949 -0.016914355
-0.040254373 -1.0216542 -0.014328775
-0.069512345 -0.96465623 -0.01020373
0.028416406 -0.8730307 -0.019994682
-0.005578073 -0.97191 -0.018205374
-0.039771926 -1.0051003 -0.015538826
-0.068498686 -0.94154936 -0.011307916
0.02860156 -0.86864704 -0.021414572
-0.005367139 -0.9616492 -0.019494388
-0.03926352 -0.98892844 -0.016753957
-0.06744142 -0.9191986 -0.012456853
0.02880588 -0.8642799 -0.02279302
-0.00514282 -0.9516145 -0.020780455
-0.038730074 -0.97315234 -0.017974436
-0.06634545 -0.897639 -0.013647274
0.02901988 -0.85995483 -0.024139723
-0.004905573 -0.94180924 -0.022063533
-0.038173024 -0.9577866 -0.019200638
-0.06521663 -0.8769047 -0.014875735
0.029237825 -0.85569054 -0.025461543
-0.0046556373 -0.9322374 -0.023343792
-0.03759366 -0.9428458 -0.020432511
-0.064061195 -0.8570259 -0.016138734
0.029456161 -0.85150224 -0.026763864
-0.0043932153 -0.92290366 -0.024621638
-0.036993384 -0.9283445 -0.021670066
-0.062886015 -0.8380276 -0.017433079
0.029672863 -0.84740204 -0.028050775
-0.0041184723 -0.91381365 -0.025897533
-0.036373656 -0.91429675 -0.022913313
-0.061698273 -0.8199281 -0.018755527
0.029886834 -0.8434002 -0.029325537
-0.0038315556 -0.9049734 -0.027171977
-0.035735976 -0.900716 -0.024162365
-0.06050514 -0.8027393 -0.020102784
0.030097555 -0.83950526 -0.030590793
-0.0035326374 -0.8963898 -0.028445465
-0.035081886 -0.8876154 -0.025417404
-0.05931341 -0.7864663 -0.021471469
0.030304851 -0.8357248 -0.03184877
-0.0032219465 -0.8880701 -0.029718492
-0.034413 -0.87500715 -0.026678689
-0.058129255 -0.7711081 -0.022858229
0.030508745 -0.8320654 -0.033101365
-0.00289979 -0.8800221 -0.030991547
-0.033730973 -0.8629028 -0.027946517
-0.056958072 -0.7566587 -0.024259841
0.030709373 -0.8285332 -0.034350235
-0.002566557 -0.87225384 -0.03226511
-0.03303751 -0.8513132 -0.029221212
-0.055804357 -0.74310744 -0.025673341
0.030906916 -0.82513374 -0.035596848
-0.0022227627 -0.86477375 -0.033539675
-0.032334406 -0.8402481 -0.03050308
-0.05467179 -0.73044086 -0.027096054
0.031101603 -0.82187223 -0.036842484
-0.0018689822 -0.85759014 -0.03481572
-0.031623434 -0.82971674 -0.03179241
-0.05356317 -0.71864265 -0.028525703
0.03129365 -0.8187537 -0.038088307
-0.0015059093 -0.8507115 -0.036093723
-0.030906443 -0.81972706 -0.033089444
-0.052480627 -0.7076953 -0.029960362
0.03148327 -0.815783 -0.03933534
-0.0011343207 -0.8441463 -0.03737417
-0.030185299 -0.8102863 -0.03439437
-0.05142567 -0.69758004 -0.031398468
0.031670667 -0.8129649 -0.040584497
-0.0007550423 -0.8379026 -0.03865752
-0.029461836 -0.80140054 -0.035707317
-0.05039928 -0.688278 -0.032838814
0.031856015 -0.8103041 -0.041836586
-0.0003689871 -0.83198845 -0.03994424
-0.028737916 -0.793075 -0.03702835
-0.04940208 -0.6797702 -0.034280464
0.032039464 -0.80780536 -0.043092325
2.2887773e-05 -0.82641155 -0.041234765
-0.028015364 -0.7853139 -0.03835747
-0.048434395 -0.67203796 -0.03572274
0.032221127 -0.80547345 -0.044352345
0.0004195808 -0.82117933 -0.042529516
-0.027295975 -0.7781206 -0.03969462
-0.047496345 -0.66506326 -0.03716517
0.032401092 -0.8033133 -0.045617197
0.0008200647 -0.8162989 -0.043828882
-0.026581489 -0.77149725 -0.04103968
-0.04658789 -0.6588287 -0.03860745
0.03257939 -0.8013298 -0.046887368
0.0012232666 -0.811777 -0.04513323
-0.025873613 -0.7654455 -0.04239248
-0.045708936 -0.65331745 -0.040049385
0.032756023 -0.799528 -0.048163272
0.0016281169 -0.80761975 -0.046442892
-0.025173964 -0.7599659 -0.04375283
-0.044859312 -0.64851373 -0.041490912
0.03293096 -0.797913 -0.049445268
0.0020335289 -0.8038333 -0.047758162
-0.024484098 -0.7550583 -0.045120485
-0.044038843 -0.64440227 -0.04293202
0.03310411 -0.79649 -0.050733656
0.0024383997 -0.80042297 -0.049079303
-0.023805508 -0.7507219 -0.046495177
-0.04324737 -0.6409687 -0.04437274
0.033275347 -0.79526424 -0.052028693
0.0028416363 -0.797394 -0.050406538
-0.023139596 -0.74695504 -0.04787663
-0.04248474 -0.6381993 -0.04581316
0.03344451 -0.79424113 -0.053330585
0.003242149 -0.794751 -0.051740054
-0.022487687 -0.7437557 -0.04926455
-0.04175084 -0.63608116 -0.04725337
0.033611376 -0.79342604 -0.054639496
0.0036388445 -0.79249823 -0.053079996
-0.021851042 -0.74112123 -0.05065863
-0.0410456 -0.63460165 -0.048693467
0.0337757 -0.7928244 -0.05595555
0.004030651 -0.7906397 -0.054426476
-0.02123084 -0.7390485 -0.05205857
-0.04036897 -0.633749 -0.05013356
0.033937186 -0.7924417 -0.05727884
0.0044164993 -0.78917885 -0.055779565
-0.020628186 -0.73753387 -0.05346406
-0.039720967 -0.6335119 -0.05157373
0.03409551 -0.7922834 -0.058609426
0.004795346 -0.7881187 -0.057139307
-0.020044122 -0.73657346 -0.05487481
-0.03910163 -0.63387936 -0.05301409
0.034250304 -0.79235506 -0.05994732
0.005166154 -0.7874622 -0.058505706
-0.019479629 -0.736163 -0.056290526
-0.03851104 -0.63484097 -0.054454688
0.034401167 -0.79266214 -0.061292518
0.0055279112 -0.7872116 -0.05987873
-0.018935625 -0.736298 -0.05771092
-0.037949312 -0.6363865 -0.055895597
0.03454767 -0.7932101 -0.062644996
0.005879626 -0.787369 -0.061258335
-0.018412972 -0.7369737 -0.059135735
-0.0374166 -0.6385063 -0.057336878
0.03468935 -0.7940044 -0.06400469
0.006220325 -0.7879361 -0.06264442
-0.01791249 -0.73818505 -0.060564686
-0.03691307 -0.6411907 -0.058778543
0.034825712 -0.79505044 -0.065371506
0.006549058 -0.7889144 -0.06403688
-0.017434953 -0.7399269 -0.061997525
-0.03643894 -0.6444305 -0.060220618
0.034956247 -0.7963536 -0.06674535
0.0068648984 -0.79030484 -0.065435596
-0.01698109 -0.74219394 -0.06343401
-0.035994414 -0.6482167 -0.06166311
0.03508041 -0.7979191 -0.068126075
0.007166941 -0.79210836 -0.06684039
-0.016551599 -0.7449808 -0.064873904
-0.035579756 -0.6525403 -0.063106
0.035197638 -0.79975224 -0.06951354
0.0074543036 -0.7943255 -0.06825107
-0.01614715 -0.74828184 -0.06631697
-0.035195217 -0.6573927 -0.064549275
0.035307355 -0.8018582 -0.07090757
0.0077261315 -0.79695654 -0.06966748
-0.015768372 -0.75209147 -0.067763
-0.034841068 -0.66276526 -0.0659929
0.035408955 -0.804242 -0.07230796
0.007981588 -0.80000156 -0.07108935
-0.01541588 -0.75640386 -0.06921175
-0.034517594 -0.6686495 -0.06743681
0.03550182 -0.8069088 -0.073714525
0.008219861 -0.80346036 -0.072516486
-0.015090269 -0.7612133 -0.070663035
-0.034225095 -0.6750371 -0.068880975
0.03558532 -0.8098634 -0.075127006
0.008440164 -0.8073326 -0.0739486
-0.014792105 -0.76651376 -0.07211663
-0.033963863 -0.68191975 -0.070325315
0.035658814 -0.81311065 -0.07654517
0.008641729 -0.8116176 -0.07538545
-0.014521944 -0.77229935 -0.07357232
-0.033734206 -0.6892892 -0.071769774
0.035721634 -0.8166553 -0.07796875
0.008823807 -0.8163147 -0.07682674
-0.01428033 -0.7785639 -0.075029925
-0.033536427 -0.69713724 -0.07321426
0.035773113 -0.8205021 -0.07939747
0.008985679 -0.82142293 -0.078272186
-0.014067787 -0.7853014 -0.07648922
-0.033370838 -0.7054557 -0.074658714
0.035812587 -0.82465565 -0.08083102
0.009126644 -0.8269412 -0.079721466
-0.013884821 -0.7925056 -0.07795001
-0.03323773 -0.7142366 -0.076103024
0.035839345 -0.82912034 -0.0822691
0.009246004 -0.8328682 -0.081174254
-0.013731959 -0.8001701 -0.07941208
-0.033137433 -0.7234716 -0.077547126
0.03585271 -0.83390075 -0.08371137
0.009343112 -0.8392026 -0.082630225
-0.013609676 -0.8082886 -0.08087523
-0.033070218 -0.7331526 -0.078990914
0.03585199 -0.8390011 -0.0851575
0.0094173215 -0.84594285 -0.08408902
-0.013518458 -0.81685454 -0.08233925
-0.033036385 -0.7432716 -0.08043431
0.035836447 -0.84442574 -0.086607106
0.0094679855 -0.8530873 -0.08555026
-0.013458811 -0.8258613 -0.083803914
-0.033036243 -0.75382024 -0.08187722
0.035805393 -0.8501789 -0.08805983
0.009494513 -0.86063427 -0.08701359
-0.013431182 -0.8353021 -0.08526901
-0.033070058 -0.76479053 -0.08331955
0.035758097 -0.8562646 -0.08951527
0.0094963005 -0.86858183 -0.08847859
-0.01343605 -0.84517014 -0.08673431
-0.03313811 -0.77617407 -0.08476124
0.035693835 -0.862687 -0.09097301
0.009472767 -0.8769281 -0.08994485
-0.013473876 -0.8554583 -0.08819958
-0.033240672 -0.78796273 -0.08620218
0.035611887 -0.86945015 -0.09243263
0.009423358 -0.88567096 -0.09141194
-0.013545097 -0.86615944 -0.08966456
-0.03337799 -0.8001481 -0.08764231
0.03551151 -0.8765579 -0.09389368
0.009347517 -0.8948084 -0.092879415
-0.01365017 -0.87726617 -0.091129035
-0.033550333 -0.812722 -0.08908156
0.035391968 -0.88401425 -0.09535568
0.009244718 -0.9043382 -0.09434681
-0.013789514 -0.888771 -0.09259272
-0.03375792 -0.8256759 -0.090519875
0.03525251 -0.8918231 -0.096818164
0.009114423 -0.9142581 -0.09581362
-0.013963571 -0.9006661 -0.09405537
-0.03400101 -0.83900136 -0.091957204
0.035092384 -0.8999882 -0.09828061
0.0089561185 -0.92456585 -0.09727934
-0.014172754 -0.9129436 -0.095516674
-0.034279834 -0.8526898 -0.09339349
0.03491083 -0.90851337 -0.09974247
0.008769317 -0.9352591 -0.09874343
-0.014417447 -0.9255952 -0.09697635
-0.03459459 -0.8667327 -0.094828725
0.034707077 -0.9174025 -0.10120321
0.008553509 -0.9463355 -0.10020533
-0.01469805 -0.9386127 -0.0984341
-0.034945518 -0.8811214 -0.09626289
0.034480352 -0.9266592 -0.10266222
0.00830822 -0.9577925 -0.10166445
-0.015014915 -0.95198715 -0.099889584
-0.035332806 -0.89584696 -0.09769597
0.034229852 -0.9362873 -0.10411889
0.0080329515 -0.9696277 -0.103120156
-0.015368404 -0.96570987 -0.10134248
-0.035756696 -0.91090053 -0.099128
0.03395478 -0.9462905 -0.10557255
0.007727238 -0.9818384 -0.10457179
-0.01575882 -0.97977155 -0.10279241
-0.03621737 -0.9262731 -0.10055902
0.033654314 -0.9566725 -0.10702254
0.007390584 -0.9944223 -0.10601868
-0.016186474 -0.9941629 -0.104239024
-0.036715068 -0.94195557 -0.10198908
0.03332762 -0.96743697 -0.1084681
0.0070225177 -1.0073767 -0.10746007
-0.01665161 -1.0088742 -0.10568191
-0.037249994 -0.95793843 -0.10341827
0.03297383 -0.9785876 -0.10990847
0.006622531 -1.0206987 -0.10889518
-0.01715447 -1.0238956 -0.10712067
-0.0378224 -0.9742123 -0.1048467
0.03259208 -0.9901282 -0.111342825
0.0061901356 -1.0343858 -0.11032321
-0.01769522 -1.039217 -0.10855487
-0.038432512 -0.99076736 -0.10627451
0.03218146 -1.0020624 -0.112770304
0.0057248017 -1.0484351 -0.11174328
-0.01827401 -1.054828 -0.10998407
-0.039080612 -1.0075936 -0.10770187
0.03174105 -1.0143938 -0.114189975
0.0052259914 -1.0628436 -0.11315445
-0.018890921 -1.0707182 -0.11140779
-0.039766982 -1.0246807 -0.10912898
0.031269867 -1.0271261 -0.115600854
0.0046931137 -1.0776083 -0.11455574
-0.01954601 -1.0868769 -0.11282555
-0.04049196 -1.042018 -0.11055609
0.03076694 -1.040263 -0.11700188
0.0041255765 -1.092726 -0.11594609
-0.020239241 -1.1032933 -0.114236854
-0.041255884 -1.0595942 -0.111983456
0.030231243 -1.0538081 -0.11839196
0.0035227267 -1.108193 -0.11732439
-0.020970542 -1.1199566 -0.11564118
-0.042059135 -1.0773976 -0.1134114
0.0296617 -1.0677651 -0.1197699
0.0028838422 -1.1240059 -0.11868945
-0.021739807 -1.1368561 -0.11703802
-0.042902153 -1.0954161 -0.11484024
0.029057244 -1.0821375 -0.12113443
0.0022081926 -1.1401602 -0.12004001
-0.022546815 -1.1539809 -0.118426815
-0.043785363 -1.1136365 -0.11627035
0.028416729 -1.0969292 -0.122484215
0.00149494 -1.1566519 -0.12137474
-0.023391351 -1.1713203 -0.119807065
-0.04470926 -1.1320454 -0.11770211
0.027738996 -1.1121436 -0.12381783
0.0007431992 -1.1734754 -0.122692265
-0.024273131 -1.1888638 -0.1211782
-0.04567433 -1.1506279 -0.11913591
0.02702288 -1.1277847 -0.12513378
-4.7958205e-05 -1.1906254 -0.123991124
-0.025191812 -1.206601 -0.12253972
-0.046681028 -1.1693684 -0.12057213
0.026267182 -1.1438563 -0.1264305
-0.0008795253 -1.2080958 -0.12526986
-0.026147028 -1.224522 -0.123891085
-0.047729775 -1.1882505 -0.12201112
0.025470704 -1.1603624 -0.12770627
-0.0017525424 -1.2258791 -0.12652695
-0.02713841 -1.242617 -0.12523179
-0.048820928 -1.2072564 -0.123453185
0.024632305 -1.1773074 -0.1289594
-0.0026680252 -1.2439675 -0.12776093
-0.028165525 -1.2608767 -0.12656134
-0.049954653 -1.2263677 -0.12489854
0.02375086 -1.1946958 -0.13018805
-0.0036270136 -1.2623522 -0.12897038
-0.029227993 -1.279292 -0.12787925
-0.05113097 -1.2455647 -0.1263473
0.022825388 -1.2125331 -0.1313903
-0.004630459 -1.2810235 -0.130154
-0.030325409 -1.2978547 -0.12918504
-0.052349616 -1.2648269 -0.12779947
0.021855142 -1.2308255 -0.13256423
-0.0056791794 -1.2999705 -0.13131061
-0.03145736 -1.3165567 -0.13047823
-0.05360998 -1.2841336 -0.1292548
0.020839669 -1.2495804 -0.13370782
-0.006773871 -1.3191822 -0.13243937
-0.032623485 -1.3353907 -0.13175832
-0.05491112 -1.3034639 -0.13071294
0.019779107 -1.2688069 -0.13481897
-0.007915029 -1.3386464 -0.13353974
-0.033823412 -1.3543496 -0.13302472
-0.056251742 -1.3227974 -0.13217324
0.018674403 -1.2885169 -0.13589534
-0.009102947 -1.3583513 -0.13461167
-0.035056774 -1.3734274 -0.1342768
-0.05763023 -1.3421147 -0.13363469
0.01752806 -1.3087258 -0.13693464
-0.010337731 -1.378285 -0.1356559
-0.03632315 -1.3926181 -0.13551375
-0.059044775 -1.361398 -0.13509563
0.016344063 -1.3294544 -0.13793203
-0.01161935 -1.3984357 -0.13667434
-0.03762205 -1.4119164 -0.13673458
-0.060493592 -1.3806312 -0.13655321
0.015130763 -1.3507342 -0.13888463
-0.012947698 -1.4187927 -0.13767064
-0.038952835 -1.4313176 -0.13793787
-0.06197503 -1.399801 -0.13800192
0.013894808 -1.3726076 -0.13976897
-0.014322479 -1.4393468 -0.13865228
-0.040314578 -1.4508182 -0.13912283
-0.06348778 -1.4188974 -0.13943247
0.012653683 -1.3951595 -0.14058098
-0.015743572 -1.4600859 -0.13962863
-0.04170661 -1.4704118 -0.14028591
-0.065030746 -1.4379072 -0.14082485
0.011370394 -1.4185388 -0.14116971
-0.01720878 -1.4810116 -0.1406179
-0.043126725 -1.4901075 -0.14142908
-0.066601425 -1.456846 -0.14215767
0.037182406 -0.85167396 -0.017500436
0.058198523 -0.7786065 -0.01785977
0.05031793 -0.80453134 -0.021152357
0.041749693 -0.8263758 -0.023720793
0.06186175 -0.76673025 -0.025142314
0.05380166 -0.7890291 -0.027686808
0.04584491 -0.8062607 -0.030016864
0.038519423 -0.8183661 -0.03222877
0.056946676 -0.77904 -0.03375862
0.0494802 -0.7921708 -0.03612421
0.04251124 -0.8013146 -0.03844106
0.059682857 -0.7735509 -0.039794747
0.052695613 -0.7832986 -0.04224849
0.046080325 -0.7901699 -0.044673804
0.039927885 -0.79458493 -0.047082122
0.055621587 -0.77861357 -0.048510693
0.049333606 -0.784079 -0.051036507
0.043395583 -0.7880381 -0.053550467
0.058386132 -0.7773933 -0.054955624
0.05236811 -0.7823906 -0.057574023
0.046620347 -0.78673756 -0.060185555
0.041172203 -0.7907388 -0.062793545
0.055251557 -0.78471714 -0.06429777
0.04963855 -0.7903005 -0.066997334
0.044264972 -0.79626626 -0.069694944
0.0580234 -0.7909005 -0.07120104
0.052471776 -0.79854107 -0.073976554
0.04711261 -0.8072057 -0.07675041
0.041946366 -0.81710905 -0.07952298
0.055124708 -0.811456 -0.08110085
0.04970755 -0.82350886 -0.08393437
0.04444225 -0.83731055 -0.086763784
0.057585664 -0.82921535 -0.08833729
0.05203011 -0.8452944 -0.091210745
0.046595402 -0.86354315 -0.09407558
0.0412609 -0.88407236 -0.0969285
0.054044656 -0.8728459 -0.09853321
0.048370734 -0.8960415 -0.10140812
0.042762216 -0.9218097 -0.104262315
0.055696838 -0.90660924 -0.10584304
0.049720395 -0.9352082 -0.108696856
0.04377646 -0.9665959 -0.111517094
0.037825096 -1.0007563 -0.11429584
0.05058211 -0.9816286 -0.115854144
0.044262398 -1.0189861 -0.11859153
0.0378466 -1.0592059 -0.12126722
0.05087932 -1.0361447 -0.12274931
0.044192683 -1.0797927 -0.12532644
0.037247036 -1.1262728 -0.1278136
0.030049449 -1.1754258 -0.13022582
0.04358155 -1.1503417 -0.13143843
0.036100976 -1.2030876 -0.13358392
0.027991146 -1.2582465 -0.13567935
0.042486764 -1.233159 -0.136423
0.03462543 -1.2919244 -0.13792762
0.025793029 -1.3523983 -0.13935654
-0.10050769 -0.7426333 -0.0063707447
-0.08463853 -0.7818186 -0.0100407
-0.08926971 -0.71395797 -0.012580995
-0.09353278 -0.64471066 -0.014745121
-0.076645374 -0.6807922 -0.017297247
-0.08158012 -0.6246384 -0.019859271
-0.085866354 -0.56611323 -0.021783298
-0.08951032 -0.50435287 -0.023546066
-0.07410808 -0.5606774 -0.026070686
-0.07826951 -0.51094425 -0.028175723
-0.081932016 -0.45886788 -0.029965155
-0.06762638 -0.5196938 -0.032297295
-0.07143736 -0.4782447 -0.034555938
-0.07502446 -0.4352227 -0.03651798
-0.07812761 -0.39035818 -0.03848485
-0.06543631 -0.4652213 -0.0411747
-0.06896524 -0.4308545 -0.043293856
-0.07224426 -0.39524433 -0.045336906
-0.060217574 -0.4693038 -0.047982503
-0.063764706 -0.4432074 -0.050226416
-0.067213014 -0.4161308 -0.05237774
-0.07048355 -0.3882777 -0.05463815
-0.05936871 -0.47013238 -0.05730275
-0.06303889 -0.45088416 -0.059538566
-0.06661361 -0.4309592 -0.06180163
-0.055735566 -0.5098734 -0.06444008
-0.059677653 -0.4977352 -0.06674435
-0.063593365 -0.4848251 -0.0690441
-0.06747894 -0.47150865 -0.07148298
-0.057099536 -0.55522066 -0.07397696
-0.06138354 -0.5484487 -0.07629457
-0.06565363 -0.5410346 -0.07869044
-0.05528495 -0.6221127 -0.08119664
-0.059942707 -0.62064254 -0.08352629
-0.064624324 -0.61815035 -0.08590864
-0.069319576 -0.615114 -0.08844273
-0.05925204 -0.7004112 -0.09072065
-0.06433916 -0.7019254 -0.09307213
-0.069435485 -0.7023966 -0.09554652
-0.059307493 -0.78690517 -0.09788372
-0.0647715 -0.7915861 -0.100210644
-0.07024992 -0.79460037 -0.10265687
-0.07570756 -0.7966448 -0.10527255
-0.06591667 -0.88646924 -0.10729672
-0.071740516 -0.8911335 -0.10971898
-0.07747341 -0.89425176 -0.11233572
-0.06780104 -0.98599416 -0.11438571
-0.07395356 -0.99142456 -0.1168245
-0.07986671 -0.9947321 -0.11953034
-0.08565888 -0.9973415 -0.12241318
-0.076910146 -1.0948906 -0.123879775
-0.08291059 -1.0973499 -0.12680821
-0.08858067 -1.0996094 -0.12993737
-0.08076067 -1.201036 -0.13101
-0.0867025 -1.2010545 -0.13435838
-0.09210336 -1.2027056 -0.1376527
-0.09361916 -1.0060226 0.0050666267
-0.11853124 -0.9567915 0.0064589893
-0.1162121 -1.075782 0.010297959
-0.10896282 -1.1943446 0.012496281
-0.13678768 -1.1644719 0.015379636
-0.12999529 -1.287805 0.017243637
-0.121681005 -1.4002081 0.018704336
-0.113717236 -1.4991995 0.019986188
-0.14062597 -1.5218674 0.02286643
-0.13126402 -1.6221546 0.024617689
-0.122399725 -1.7088971 0.026450513
-0.14780928 -1.7673043 0.02868217
-0.13772362 -1.8514136 0.030937709
-0.12812684 -1.9227039 0.03333079
-0.11928803 -1.9818847 0.035888266
-0.14160214 -2.077892 0.03804682
-0.13149361 -2.1318414 0.04096093
-0.12202381 -2.1746998 0.044034496
-0.14356185 -2.2926269 0.046072643
-0.13312799 -2.3282425 0.049473718
-0.1232959 -2.353863 0.053028036
-0.114086114 -2.370199 0.05674441
-0.13361898 -2.5049863 0.058908075
-0.1236279 -2.5129957 0.0629177
-0.11425491 -2.5128493 0.06707753
-0.13350596 -2.6562274 0.06926637
-0.12353624 -2.6466403 0.07371148
-0.11419913 -2.6300783 0.078294404
-0.10544451 -2.6072166 0.083020605
-0.12352299 -2.7501922 0.085397765
-0.1143916 -2.717582 0.09038487
-0.105864555 -2.6798666 0.095500685
-0.12407897 -2.8198264 0.09795366
-0.11530022 -2.7717903 0.10332581
-0.107155375 -2.7198763 0.10881151
-0.09955422 -2.664716 0.11441336
-0.11738002 -2.7898257 0.117085226
-0.10974555 -2.7245877 0.12292056
-0.10269888 -2.6573248 0.128854
-0.121072575 -2.7694607 0.13162407
-0.11403384 -2.691974 0.1377888
-0.10766641 -2.6137135 0.14403294
-0.10181134 -2.5352573 0.1503483
-0.1203771 -2.6205869 0.15337342
-0.11476436 -2.5326395 0.1599103
-0.10983854 -2.445762 0.16648588
-0.12910019 -2.5094557 0.16963291
-0.12420739 -2.4133587 0.17645234
-0.12031098 -2.3196898 0.18327136
-0.11713513 -2.2287717 0.19001596
-0.13616805 -2.255503 0.19362785
-0.13311964 -2.1569314 0.20069177
-0.13152198 -2.0622826 0.20761456
-0.15110339 -2.0595737 0.2112761
-0.14834808 -1.9578085 0.21850942
-0.14724423 -1.8603922 0.22571024
0.028146252 -0.9039156 -0.009853765
-0.006799571 -1.061632 -0.00809125
-0.04283742 -1.1466303 -0.0057886364
-0.07501036 -1.1436766 -0.0028111748
0.02793947 -0.9092897 -0.008651185
-0.0069090887 -1.0737674 -0.006844804
-0.04309153 -1.1655749 -0.004514813
-0.075561285 -1.1711452 -0.0015840677
0.02779191 -0.9154074 -0.007366064
-0.007012223 -1.0861067 -0.0055792355
-0.04331888 -1.1847478 -0.003222109
-0.07606038 -1.1989673 -0.00031879384
0.027695196 -0.9221558 -0.0060191457
-0.0071075982 -1.0986444 -0.004289295
-0.04351835 -1.204128 -0.0019084631
-0.07650667 -1.2270874 0.0009761641
0.027639162 -0.9294601 -0.0046290103
-0.007194824 -1.111377 -0.0029723095
-0.04369035 -1.2236948 -0.0005735989
-0.0769002 -1.255453 0.0022938233
0.027614681 -0.9372651 -0.0032028353
-0.0072730514 -1.1243019 -0.0016266573
-0.043834623 -1.2434282 0.0007823608
-0.077240966 -1.2840132 0.0036313215
0.027615445 -0.9455293 -0.0017449871
-0.007341425 -1.137417 -0.00025118524
-0.04395098 -1.263309 0.0021594139
-0.07752962 -1.3127187 0.004987765
0.027637227 -0.9542198 -0.00025757818
-0.0073989304 -1.1507199 0.0011547573
-0.044039153 -1.2833179 0.0035574385
-0.077767484 -1.341523 0.0063630943
0.0276774 -0.9633096 0.0012583291
-0.007444422 -1.1642075 0.002591575
-0.0440989 -1.303436 0.004976463
-0.07795645 -1.3703823 0.007757577
0.02773441 -0.9727755 0.0028022635
-0.007476617 -1.1778761 0.004059421
-0.044129983 -1.323644 0.006416605
-0.07809876 -1.3992558 0.009171443
0.02780742 -0.98259735 0.00437403
-0.0074941567 -1.1917207 0.0055582672
-0.044132218 -1.3439232 0.007878116
-0.07819681 -1.4281063 0.010604812
0.027896063 -0.99275684 0.0059735593
-0.0074956506 -1.2057353 0.007087933
-0.044105478 -1.3642541 0.009361348
-0.07825301 -1.4568996 0.012057673
0.028000288 -1.0032372 0.0076008434
-0.007479716 -1.2199126 0.008648148
-0.044049684 -1.384618 0.01086675
-0.07826956 -1.4856046 0.013529954
0.02812022 -1.0140231 0.009255857
-0.0074450797 -1.2342441 0.010238551
-0.04396489 -1.4049959 0.012394819
-0.07824851 -1.5141926 0.015021557
0.028256098 -1.0250992 0.010938567
-0.0073905797 -1.24872 0.011858747
-0.043851215 -1.425369 0.013946091
-0.07819157 -1.542637 0.01653243
0.028408285 -1.0364516 0.012648971
-0.007315136 -1.2633301 0.0135083785
-0.043708786 -1.4457185 0.015521145
-0.078100085 -1.570913 0.018062623
0.028577136 -1.0480663 0.014387012
-0.0072178748 -1.2780625 0.015187065
-0.04353789 -1.4660261 0.01712054
-0.0779752 -1.5989969 0.019612275
0.028763033 -1.05993 0.016152637
-0.0070980634 -1.292905 0.016894475
-0.04333884 -1.486273 0.01874482
-0.0778178 -1.6268659 0.02118165
0.028966378 -1.0720294 0.017945804
-0.0069551044 -1.3078446 0.01863033
-0.043112 -1.5064414 0.020394526
-0.07762854 -1.654498 0.022771137
0.029187508 -1.0843513 0.019766422
-0.0067886095 -1.322868 0.020394363
-0.042857874 -1.5265132 0.022070134
-0.077408046 -1.6818714 0.024381211
0.029426778 -1.0968828 0.02161444
-0.006598271 -1.3379613 0.022186387
-0.042576935 -1.5464706 0.023772106
-0.07715676 -1.7089645 0.026012452
0.029684514 -1.109611 0.023489803
-0.0063839112 -1.3531103 0.024006262
-0.042269714 -1.5662963 0.025500868
-0.07687507 -1.7357556 0.027665516
0.02996096 -1.1225231 0.025392426
-0.006145526 -1.3683006 0.025853854
-0.041936856 -1.585973 0.027256776
-0.07656348 -1.7622232 0.02934109
0.030256381 -1.1356062 0.027322277
-0.00588314 -1.3835177 0.02772911
-0.041578945 -1.6054837 0.029040191
-0.07622236 -1.7883459 0.031039929
0.030570952 -1.1488475 0.02927928
-0.0055969274 -1.398747 0.029631972
-0.04119667 -1.6248115 0.030851396
-0.07585227 -1.8141018 0.032762777
0.030904798 -1.162234 0.031263366
-0.005287149 -1.4139739 0.031562403
-0.04079077 -1.6439401 0.032690644
-0.075453825 -1.8394691 0.034510385
0.03125805 -1.175753 0.033274505
-0.00495408 -1.4291836 0.033520423
-0.04036192 -1.662853 0.034558192
-0.07502762 -1.8644261 0.03628353
0.03163075 -1.1893915 0.035312638
-0.0045981216 -1.4443618 0.03550604
-0.039910905 -1.6815343 0.036454238
-0.07457447 -1.8889512 0.03808294
0.032022897 -1.2031368 0.0373777
-0.0042197164 -1.4594938 0.037519258
-0.039438516 -1.699968 0.038378954
-0.07409524 -1.9130223 0.039909318
0.03243446 -1.2169759 0.039469652
-0.0038193609 -1.4745651 0.039560113
-0.03894557 -1.7181386 0.040332504
-0.0735909 -1.9366181 0.041763347
0.032865345 -1.230896 0.041588437
-0.0033975996 -1.4895617 0.041628633
-0.038432907 -1.7360307 0.042315036
-0.073062524 -1.959717 0.04364567
0.033315435 -1.2448843 0.043733995
-0.0029550241 -1.5044693 0.043724835
-0.037901405 -1.7536288 0.04432667
-0.072511286 -1.9822979 0.045556877
0.033784553 -1.2589277 0.04590627
-0.0024922667 -1.5192739 0.04584875
-0.03735196 -1.7709184 0.04636753
-0.07193847 -2.0043395 0.047497537
0.034272484 -1.2730134 0.048105195
-0.0020099971 -1.5339619 0.048000384
-0.036785502 -1.7878842 0.048437707
-0.07134544 -2.0258214 0.049468145
0.034778964 -1.2871286 0.050330684
-0.0015089406 -1.5485196 0.050179735
-0.03620302 -1.8045118 0.05053728
-0.07073369 -2.0467231 0.051469162
0.03530373 -1.3012605 0.05258269
-0.000989798 -1.5629336 0.05238683
-0.03560546 -1.8207868 0.052666366
-0.07010469 -2.0670247 0.05350103
0.03584644 -1.3153962 0.05486111
-0.00045335808 -1.5771906 0.054621648
-0.03499387 -1.8366951 0.05482502
-0.0694601 -2.0867066 0.055564098
0.03640672 -1.3295228 0.05716584
9.958009e-05 -1.591278 0.05688416
-0.034369305 -1.8522227 0.057013303
-0.068801604 -2.1057498 0.057658702
0.036984164 -1.3436279 0.05949678
0.0006681897 -1.6051825 0.059174333
-0.033732858 -1.8673557 0.05923127
-0.068130955 -2.1241357 0.059785116
0.037578315 -1.3576984 0.061853793
0.0012516022 -1.6188922 0.061492108
-0.03308567 -1.882081 0.061478954
-0.067449994 -2.1418464 0.06194357
0.038188737 -1.3717219 0.064236775
0.0018489751 -1.6323943 0.06383745
-0.03242886 -1.8963852 0.06375642
-0.06676055 -2.1588645 0.064134285
0.03881488 -1.3856853 0.06664554
0.002459374 -1.6456771 0.06621027
-0.031763658 -1.9102553 0.066063665
-0.06606457 -2.1751728 0.0663574
0.03945622 -1.3995764 0.06907994
0.0030818942 -1.6587287 0.06861048
-0.03109126 -1.9236788 0.06840071
-0.06536399 -2.1907551 0.06861302
0.0401122 -1.4133825 0.07153982
0.0037156108 -1.6715376 0.07103801
-0.030412905 -1.9366431 0.07076758
-0.06466079 -2.2055957 0.07090127
0.040782176 -1.427091 0.07402495
0.00435953 -1.6840926 0.073492706
-0.029729906 -1.9491365 0.07316424
-0.06395704 -2.2196796 0.07322216
0.041465513 -1.4406896 0.07653513
0.005012673 -1.6963826 0.07597445
-0.02904357 -1.9611471 0.07559067
-0.063254796 -2.2329924 0.07557571
0.042161565 -1.4541657 0.07907012
0.005674074 -1.708397 0.07848312
-0.028355207 -1.9726634 0.07804685
-0.0625561 -2.2455204 0.07796191
0.042869624 -1.467507 0.08162969
0.0063427095 -1.7201253 0.08101856
-0.027666189 -1.9836746 0.08053274
-0.06186307 -2.25725 0.08038072
0.043588933 -1.4807012 0.08421356
0.0070175384 -1.7315574 0.08358058
-0.026977919 -1.99417 0.083048254
-0.061177835 -2.2681694 0.082832046
0.044318747 -1.4937361 0.08682144
0.007697539 -1.7426834 0.08616903
-0.02629179 -2.0041392 0.085593335
-0.06050251 -2.2782664 0.0853158
0.045058277 -1.5065995 0.08945301
0.008381662 -1.7534938 0.088783674
-0.02560923 -2.0135725 0.08816789
-0.05983923 -2.28753 0.08783184
0.045806687 -1.5192794 0.092107974
0.009068853 -1.7639791 0.09142433
-0.024931688 -2.0224602 0.09077182
-0.059190135 -2.2959497 0.09038002
0.046563122 -1.5317637 0.09478596
0.009758036 -1.7741306 0.09409077
-0.024260633 -2.0307934 0.09340498
-0.05855738 -2.303516 0.09296016
0.0473267 -1.5440404 0.0974866
0.010448153 -1.7839394 0.096782744
-0.023597535 -2.0385633 0.09606726
-0.0579431 -2.3102195 0.09557205
0.04809651 -1.556098 0.10020952
0.011138132 -1.7933971 0.099500015
-0.022943884 -2.045762 0.09875848
-0.057349425 -2.316052 0.098215476
0.048871595 -1.5679244 0.1029543
0.01182689 -1.8024957 0.102242306
-0.022301188 -2.0523815 0.101478495
-0.056778505 -2.3210058 0.1008902
0.049650993 -1.5795081 0.10572051
0.012513363 -1.8112272 0.10500934
-0.02167095 -2.0584147 0.10422709
-0.05623245 -2.3250742 0.103595935
0.05043369 -1.5908377 0.10850773
0.013196484 -1.8195844 0.10780084
-0.021054685 -2.063855 0.107004076
-0.055713374 -2.3282504 0.106332436
0.051218662 -1.6019018 0.11131548
0.013875189 -1.8275597 0.110616505
-0.020453917 -2.0686955 0.10980923
-0.05522337 -2.3305292 0.109099396
0.052004814 -1.6126889 0.114143275
0.014548413 -1.8351462 0.113456
-0.019870171 -2.0729313 0.112642266
-0.054764528 -2.3319054 0.11189648
0.052791066 -1.6231881 0.1169906
0.015215113 -1.8423371 0.116319
-0.019304978 -2.0765564 0.115502924
-0.05433891 -2.3323753 0.114723355
0.053576287 -1.6333886 0.11985697
0.015874263 -1.8491262 0.11920518
-0.018759854 -2.0795665 0.11839092
-0.053948555 -2.331935 0.11757969
0.05435932 -1.6432794 0.12274184
0.016524838 -1.8555069 0.12211419
-0.018236324 -2.081957 0.12130591
-0.053595487 -2.3305817 0.12046512
0.05513897 -1.6528499 0.12564467
0.017165838 -1.8614733 0.12504564
-0.017735908 -2.0837247 0.12424755
-0.0532817 -2.3283134 0.12337926
0.055914033 -1.6620897 0.1285649
0.017796284 -1.8670197 0.1279992
-0.017260106 -2.0848665 0.12721545
-0.053009175 -2.3251288 0.12632173
0.056683257 -1.6709887 0.13150197
0.018415218 -1.8721402 0.13097447
-0.016810419 -2.0853796 0.1302092
-0.052779857 -2.3210273 0.12929216
0.057445377 -1.6795367 0.13445531
0.019021701 -1.8768294 0.13397107
-0.01638833 -2.085262 0.1332283
-0.052595675 -2.316009 0.13229011
0.058199096 -1.6877242 0.13742438
0.019614825 -1.8810818 0.13698861
-0.015995301 -2.084513 0.13627231
-0.052458525 -2.3100746 0.13531521
0.058943104 -1.6955416 0.14040859
0.020193705 -1.8848922 0.14002667
-0.015632775 -2.0831316 0.13934068
-0.052370287 -2.3032258 0.13836703
0.05967606 -1.7029797 0.14340736
0.020757483 -1.8882555 0.14308485
-0.015302168 -2.0811174 0.1424328
-0.05233281 -2.2954648 0.14144515
0.060396623 -1.7100292 0.1464202
0.02130534 -1.8911662 0.14616275
-0.015004868 -2.0784712 0.14554803
-0.05234795 -2.2867947 0.14454919
0.061103422 -1.7166818 0.14944652
0.021836469 -1.8936194 0.1492599
-0.014742221 -2.0751941 0.1486857
-0.05241752 -2.2772198 0.14767873
0.061795093 -1.7229289 0.15248582
0.022350105 -1.8956096 0.15237586
-0.014515537 -2.071288 0.15184501
-0.05254335 -2.2667444 0.15083335
0.06247027 -1.7287621 0.15553764
0.02284551 -1.8971316 0.15551022
-0.014326072 -2.0667553 0.15502517
-0.05272726 -2.2553747 0.15401271
0.06312758 -1.7341738 0.15860152
0.023321966 -1.8981799 0.15866247
-0.0141750295 -2.0615985 0.15822527
-0.052971072 -2.2431173 0.15721639
0.06376566 -1.739156 0.16167705
0.02377878 -1.8987489 0.16183211
-0.014063556 -2.0558217 0.16144435
-0.05327665 -2.22998 0.16044402
0.06438318 -1.7437013 0.1647639
0.024215283 -1.8988328 0.16501865
-0.013992725 -2.0494287 0.16468138
-0.05364587 -2.2159717 0.1636953
0.0649788 -1.7478026 0.16786174
0.024630807 -1.8984255 0.16822147
-0.013963542 -2.0424242 0.16793518
-0.054080654 -2.201103 0.1669698
0.065551236 -1.7514526 0.17097037
0.025024699 -1.8975208 0.17143999
-0.013976929 -2.0348134 0.17120454
-0.054582965 -2.1853855 0.17026722
0.066099204 -1.7546443 0.17408961
0.025396284 -1.8961121 0.17467348
-0.014033739 -2.0266018 0.17448811
-0.055154834 -2.1688325 0.17358711
0.066621475 -1.7573705 0.17721939
0.025744872 -1.8941927 0.17792118
-0.01413473 -2.0177953 0.17778446
-0.055798322 -2.1514592 0.17692904
0.06711684 -1.7596244 0.1803597
0.026069732 -1.8917552 0.18118215
-0.014280584 -2.0084004 0.18109198
-0.056515552 -2.1332831 0.18029247
0.06758413 -1.7613987 0.18351068
0.02637007 -1.8887928 0.18445534
-0.014471889 -1.9984238 0.1844089
-0.05730863 -2.1143234 0.18367669
0.06802221 -1.7626863 0.18667248
0.02664502 -1.8852977 0.18773948
-0.014709159 -1.9878725 0.18773334
-0.058179628 -2.0946023 0.18708079
0.068429984 -1.7634795 0.18984547
0.026893612 -1.8812627 0.19103312
-0.014992832 -1.9767534 0.19106315
-0.059130535 -2.074144 0.19050354
0.068806425 -1.7637706 0.1930301
0.027114768 -1.8766805 0.19433448
-0.015323265 -1.9650741 0.19439586
-0.060163092 -2.052976 0.19394329
0.069150604 -1.7635515 0.19622697
0.027307294 -1.8715442 0.19764143
-0.01570078 -1.952842 0.19772874
-0.061278783 -2.0311277 0.19739786
0.06946178 -1.7628132 0.19943702
0.027469918 -1.8658477 0.20095153
-0.016125608 -1.9400647 0.20105872
-0.062478587 -2.0086312 0.20086455
0.06973952 -1.7615469 0.2026613
0.027601272 -1.8595856 0.20426165
-0.016598001 -1.92675 0.20438203
-0.06376301 -1.9855214 0.2043398
0.06998409 -1.7597423 0.20590195
0.027700026 -1.8527536 0.20756803
-0.01711815 -1.9129055 0.20769459
-0.06513182 -1.9618335 0.2078194
0.070197 -1.7573888 0.20916088
0.027764905 -1.845349 0.21086589
-0.017686285 -1.8985392 0.2109915
-0.06658419 -1.9376036 0.21129836
0.07038265 -1.754475 0.21244594
0.027794791 -1.8373702 0.21414872
-0.018302675 -1.8836589 0.21426725
-0.06811865 -1.9128679 0.21477088
0.07054975 -1.7509874 0.21575895
0.027788784 -1.8288174 0.2174075
-0.018967588 -1.8682724 0.21751583
-0.069733135 -1.8876617 0.21823041
0.070722625 -1.7469176 0.21914844
0.027745783 -1.8196923 0.2206289
-0.019681681 -1.8523883 0.22073026
-0.0714255 -1.8620192 0.22166842
0.07093268 -1.7422377 0.22257775
0.027664606 -1.8099976 0.22379489
-0.020445073 -1.8360118 0.223905
-0.07319243 -1.8359697 0.22507583
0.071344875 -1.737052 0.22648829
0.027541578 -1.7997355 0.22688146
-0.021260219 -1.8191516 0.22703163
-0.07503266 -1.8095446 0.22843641
0.06253719 -0.76332253 -0.0090324525
0.04269998 -0.8448792 -0.007599706
0.05044759 -0.8220189 -0.004987952
0.05771744 -0.79775757 -0.002407977
0.037722807 -0.89228415 -0.0011506103
0.045626637 -0.87113667 0.0018173278
0.053221945 -0.84877175 0.0047900076
0.060549494 -0.82522047 0.007866256
0.04185534 -0.9349196 0.009526465
0.049534798 -0.91421115 0.0128719695
0.057193153 -0.89281255 0.016323453
0.038960874 -1.0098777 0.018103598
0.046657372 -0.9906955 0.021778535
0.054515343 -0.9711874 0.025556197
0.06255852 -0.95162594 0.02945725
0.04447833 -1.0752109 0.031420548
0.052486658 -1.0572864 0.035499617
0.06077087 -1.0395979 0.039695367
0.04290497 -1.1650704 0.041743632
0.051044676 -1.1483881 0.04611607
0.05951617 -1.1322025 0.05059542
0.06836542 -1.1167445 0.05518845
0.050127372 -1.2419306 0.05738269
0.05875284 -1.2268696 0.062140163
0.06778424 -1.2127682 0.067005076
0.04966485 -1.3354187 0.0692805
0.058416847 -1.3210875 0.07431095
0.06759966 -1.3079163 0.079438515
0.07728613 -1.2960712 0.08466847
0.058421973 -1.4123904 0.087082736
0.06771977 -1.3996849 0.09245999
0.07752993 -1.3884151 0.09793066
0.058654662 -1.4983944 0.10042211
0.06802853 -1.4856478 0.10602957
0.07793211 -1.4743546 0.111718066
0.08846124 -1.4645505 0.11749266
0.06837998 -1.5635347 0.12009641
0.078323305 -1.5515524 0.12597114
0.08888949 -1.540862 0.13191888
0.06859741 -1.6313374 0.134602
0.07851686 -1.6179518 0.14061931
0.089065745 -1.6054723 0.14669444
0.10035005 -1.5936891 0.15283427
0.0783016 -1.6719321 0.15559092
0.08873637 -1.6567253 0.16173461
0.09987423 -1.6414404 0.16793086
0.07746067 -1.7124405 0.17083997
0.08767453 -1.6936504 0.17698646
0.09849216 -1.673761 0.18319412
0.10996835 -1.6524585 0.1894969
0.08575436 -1.7158918 0.19249724
0.09607549 -1.6905992 0.19878179
0.10641411 -1.6635393 0.20537046
0.08302266 -1.7229543 0.20842965
0.0928696 -1.691398 0.21522012
0.10140991 -1.660296 0.22281362
0.07851235 -1.6684563 0.2431766
0.06682245 -1.510081 0.304666
0.05102995 -1.3443322 0.36629018
0.07741838 -1.6129621 0.2627763
0.0646848 -1.4587594 0.32559717
0.047922455 -1.2959998 0.38592255
0.07594483 -1.5620388 0.28376248
0.062365152 -1.4099269 0.3461209
0.08594163 -1.6558083 0.24288383
0.07435831 -1.5137873 0.30479386
0.05989804 -1.3635038 0.3661712
0.0844593 -1.6059604 0.26324943
0.07265034 -1.4678591 0.32561237
0.057329174 -1.31956 0.38577765
0.08321494 -1.5604705 0.2840123
0.07080348 -1.4240677 0.3460749
0.09269675 -1.6443466 0.24234843
0.08197341 -1.5176268 0.30488202
0.06883274 -1.3822967 0.3660896
0.091513075 -1.5999296 0.26345205
0.080653325 -1.4769181 0.32561758
0.06675493 -1.342551 0.38566843
0.090505265 -1.559405 0.2841598
0.079242215 -1.4380829 0.34604344
0.09924044 -1.6332293 0.24194777
0.08955143 -1.5216388 0.30492532
0.07773671 -1.400884 0.36604288
0.09847242 -1.5942874 0.2634812
0.08858357 -1.4860108 0.32561055
0.07612324 -1.3651721 0.3856036
0.09771068 -1.5586412 0.28419483
0.08758234 -1.4520833 0.34602392
0.10578128 -1.6222203 0.241715
0.0969979 -1.5257986 0.3049158
0.08652787 -1.4194281 0.36602783
0.10525705 -1.5887463 0.26341152
0.096324466 -1.4951824 0.32559022
0.085365936 -1.3876595 0.38559103
-0.090621226 -2.6253445 -0.19977991
-0.03613382 -2.0733902 -0.17404763
0.009810455 -1.512664 -0.14499001
-0.07234105 -2.4626744 -0.19245195
-0.020336289 -1.908318 -0.16619892
-0.11366745 -2.8532977 -0.21025442
-0.05473763 -2.2991195 -0.1850203
-0.0049493294 -1.7410754 -0.1580541
-0.094145484 -2.6903038 -0.20299004
-0.03776761 -2.13434 -0.17744558
0.010094401 -1.5702593 -0.14916031
-0.07534032 -2.5267332 -0.19568367
-0.021376371 -1.9679631 -0.16967611
-0.11787307 -2.9194486 -0.21347903
-0.0572033 -2.3622153 -0.18829337
-0.005498448 -1.7995237 -0.16160838
-0.097884 -2.755777 -0.20617959
-0.039691646 -2.1963882 -0.18077698
0.009802644 -1.6285763 -0.15295514
-0.078598924 -2.5914874 -0.19887799
-0.022769788 -2.028891 -0.17308314
-0.1222697 -2.9858513 -0.21673866
-0.059966788 -2.4261863 -0.19151708
-0.0064292047 -1.8593904 -0.16511798
-0.10186006 -2.8216858 -0.20935574
-0.041947085 -2.2594957 -0.18404956
0.009222967 -1.6878445 -0.1566672
-0.08213648 -2.6568732 -0.20204206
-0.024515154 -2.0910542 -0.17642662
0.023826033 -1.5154672 -0.1475212
-0.063048616 -2.4909768 -0.19470036
-0.007687498 -1.9205755 -0.16857362
-0.1060831 -2.887957 -0.2125304
-0.04456292 -2.3236108 -0.18727493
0.008410852 -1.748132 -0.16033481
-0.08598179 -2.7228265 -0.20518681
-0.026668739 -2.154405 -0.17971867
0.02345141 -1.5748559 -0.15146543
-0.027367763 -1.9049715 -0.16422513
-0.07766837 -2.4493594 -0.19084032
-0.13806517 -2.9963787 -0.21540974
-0.042064425 -2.0658545 -0.17209673
-0.095325686 -2.6092956 -0.19811325
-0.010837324 -1.6840386 -0.15161863
-0.05769597 -2.2257602 -0.17976975
-0.113750815 -2.7687888 -0.20522691
-0.024799129 -1.844859 -0.16017552
-0.07409327 -2.3848665 -0.18727876
-0.13294536 -2.9278667 -0.21203451
-0.03934571 -2.0041437 -0.16827181
-0.091245614 -2.543393 -0.19463591
-0.0085560605 -1.6234426 -0.14766507
-0.054550502 -2.162489 -0.17609595
-0.10916443 -2.7014554 -0.20182124
-0.022335172 -1.78363 -0.1562272
-0.07050184 -2.320147 -0.18371814
-0.12784587 -2.859086 -0.20874357
-0.0365864 -1.9418033 -0.16447543
-0.08719746 -2.477255 -0.19116569
-0.0066775205 -1.5624287 -0.14459404
-0.05144742 -2.0988479 -0.1724353
-0.104642205 -2.6339061 -0.19843487
-0.020022342 -1.7214717 -0.15259159
-0.06698859 -2.2551522 -0.18016572
-0.1228374 -2.7901013 -0.20547386
-0.03393365 -1.878754 -0.16079536
-0.08324815 -2.410904 -0.18770304
-0.14177394 -2.9457955 -0.21211174
-0.048439194 -2.0347419 -0.16881992
-0.10023999 -2.566174 -0.19505775
-0.018028686 -1.6593102 -0.14931646
-0.0635929 -2.1898615 -0.17663427
-0.11796835 -2.720972 -0.20220561
-0.031477254 -1.8153403 -0.15731011
-0.079435356 -2.3443444 -0.18425253
-0.13642932 -2.875251 -0.20905204
-0.04558278 -1.9702799 -0.16530277
-0.09599012 -2.4982994 -0.19168785
-0.016371416 -1.5977999 -0.14631301
-0.060343344 -2.1243055 -0.17315145
-0.113266505 -2.651739 -0.19893351
-0.029290752 -1.7521316 -0.154018
-0.07577917 -2.2776165 -0.18082736
-0.13126458 -2.8046384 -0.20593959
-0.042938195 -1.9057711 -0.16191284
-0.09190985 -2.4303195 -0.1883305
-0.14998291 -2.9569545 -0.2125828
-0.05727769 -2.05865 -0.1697457
-0.10874671 -2.5824552 -0.1956599
-0.027387537 -1.6895281 -0.15087716
-0.07230092 -2.2108064 -0.17744662
-0.12629269 -2.7340052 -0.20279141
-0.04054545 -1.8415949 -0.15864162
-0.08801262 -2.362308 -0.18499684
-0.14454754 -2.8849459 -0.2096566
-0.05443331 -1.993146 -0.16642746
-0.10441865 -2.5131779 -0.19239222
-0.025748968 -1.6277293 -0.14783408
-0.06902695 -2.144085 -0.17412508
-0.12152147 -2.6634157 -0.19962142
-0.0384137 -1.7780167 -0.1554648
-0.084314786 -2.2943711 -0.18169937
-0.13932107 -2.8129978 -0.20664848
-0.051833685 -1.9280617 -0.16318862
-0.10029258 -2.4439967 -0.18914053
-0.15782063 -2.9619136 -0.21342734
-0.06598079 -2.0776513 -0.17086603
-0.11695791 -2.5929387 -0.19644253
-0.036534775 -1.7151899 -0.15235601
-0.080834575 -2.2266648 -0.17844608
-0.13430877 -2.7411823 -0.20358813
-0.04948425 -1.8635842 -0.1600138
-0.09638088 -2.3750196 -0.18591401
-0.15234587 -2.8887112 -0.2105476
-0.06317644 -2.0117035 -0.1676631
-0.11261028 -2.522669 -0.19326632
-0.03489745 -1.653152 -0.14928631
-0.07758701 -2.1593468 -0.17523786
-0.12951645 -2.6695755 -0.20049696
-0.047380026 -1.7998288 -0.15688698
-0.09269614 -2.3063817 -0.18271802
-0.14709684 -2.8157248 -0.20759289
-0.060616508 -1.9463761 -0.16450606
-0.10848793 -2.4527087 -0.1901017
-0.03348091 -1.5918947 -0.1462248
-0.07458016 -2.0925665 -0.17207024
-0.1249509 -2.5982711 -0.19739056
-0.045510374 -1.736826 -0.15379162
-0.08924778 -2.2382092 -0.17955332
-0.14207835 -2.7430334 -0.20458362
-0.058296498 -1.8817561 -0.16138437
-0.104599446 -2.3831732 -0.18695405
-0.15986942 -2.8869922 -0.21168676
-0.071814515 -2.0264223 -0.16893657
-0.12061906 -2.5273619 -0.1942799
-0.043860257 -1.6745696 -0.15070944
-0.08604006 -2.1706157 -0.17641744
-0.1372957 -2.6707265 -0.20153937
-0.056206368 -1.8178636 -0.15828736
-0.10095047 -2.3141623 -0.18382531
-0.15462463 -2.8132453 -0.20874459
-0.06928509 -1.9609777 -0.16582988
-0.11652653 -2.456945 -0.191172
-0.042418834 -1.6130042 -0.14762111
-0.083071664 -2.1036727 -0.17330651
-0.13275371 -2.598886 -0.19847381
-0.05433383 -1.7546902 -0.15520321
-0.09754252 -2.2457623 -0.1807151
-0.1496238 -2.7399552 -0.20575011
-0.06698232 -1.8962421 -0.16274318
-0.11267617 -2.3870983 -0.18807074
-0.1671353 -2.8801455 -0.2130342
-0.08033695 -2.0374231 -0.17021638
-0.12845556 -2.5275912 -0.1953962
-0.052666068 -1.6921821 -0.15211847
-0.09437282 -2.1780221 -0.17762192
-0.1448697 -2.6671913 -0.20271812
-0.06489489 -1.832202 -0.1596687
-0.10906739 -2.3178844 -0.18497787
-0.16191457 -2.80589 -0.21007064
-0.077826604 -1.971867 -0.16714284
-0.124401815 -2.4569 -0.19231255
-0.05118542 -1.6302743 -0.14901829
-0.09143499 -2.110968 -0.17454399
-0.14036328 -2.5950158 -0.19965954
-0.06300924 -1.7688026 -0.15659723
-0.10569607 -2.2493334 -0.18189408
-0.156946 -2.7322135 -0.20705783
-0.07552944 -1.906982 -0.16408119
-0.12058998 -2.3868532 -0.18922675
-0.17415078 -2.8685002 -0.21456559
-0.08871968 -2.0445883 -0.17147939
-0.13610287 -2.5234659 -0.19658215
-0.061310064 -1.705978 -0.1535176
-0.102555044 -2.181454 -0.17881954
-0.15222828 -2.6591597 -0.20400529
-0.07343184 -1.8427124 -0.16102579
-0.11701458 -2.3174622 -0.18614131
-0.16896667 -2.7939398 -0.21154714
-0.0862156 -1.9788529 -0.16842602
-0.13208409 -2.4525619 -0.19349156
-0.059783746 -1.6436307 -0.15041634
-0.0996347 -2.1142228 -0.17575426
-0.14775741 -2.5867455 -0.20092167
-0.07151938 -1.7789888 -0.15796936
-0.11366754 -2.2487175 -0.1830581
-0.16403593 -2.720033 -0.20848714
-0.083909295 -1.9137008 -0.16538125
-0.12829982 -2.382294 -0.19039182
-0.058408543 -1.5816531 -0.14727688
-0.09692352 -2.0475986 -0.17269816
-0.14352676 -2.5149682 -0.1978138
-0.06977627 -1.7157135 -0.15490219
-0.11053862 -2.1805806 -0.17997855
-0.15935205 -2.6467755 -0.20538485
-0.0817865 -1.8490591 -0.1623415
-0.12474065 -2.3126316 -0.1872861
-0.17578375 -2.7777424 -0.21316785
-0.09440827 -1.9815141 -0.16965088
-0.13952713 -2.4437943 -0.19468698
-0.06818307 -1.6527768 -0.15181088
-0.107615955 -2.1129963 -0.17690396
-0.15490566 -2.5741394 -0.2022478
-0.07983059 -1.7848287 -0.15930177
-0.1213953 -2.243517 -0.18417688
-0.17088848 -2.7037132 -0.2100356
-0.092074625 -1.9158893 -0.16661179
-0.13574709 -2.3731682 -0.19154549
-0.06672444 -1.5900396 -0.14867607
-0.10488625 -2.0458858 -0.17383541
-0.1506849 -2.5020657 -0.1990826
-0.0780233 -1.7208978 -0.1562546
-0.11825097 -2.1748745 -0.18106622
-0.16622713 -2.6302905 -0.20685858
-0.08990603 -1.8506223 -0.16357975
-0.13217351 -2.303008 -0.1883928
-0.18238786 -2.7578475 -0.21494524
-0.102335095 -1.9791577 -0.17077368
-0.1466757 -2.4304707 -0.19589508
-0.07634513 -1.6571271 -0.15318781
-0.1152937 -2.1066072 -0.1779557
-0.16178487 -2.5573883 -0.20364508
-0.0878848 -1.7855985 -0.16055302
-0.1287917 -2.2332122 -0.18523169
-0.17752087 -2.6837862 -0.21171589
-0.099946424 -1.9127017 -0.16771935
-0.14286223 -2.359245 -0.19269037
-0.074767694 -1.5933521 -0.15007918
-0.11250839 -2.0386035 -0.1748462
-0.15754479 -2.4848957 -0.2004037
-0.08598976 -1.720678 -0.15752901
-0.12558569 -2.163657 -0.18206413
-0.17286679 -2.6102104 -0.20844203
-0.09770304 -1.8463933 -0.16467276
-0.13922703 -2.28826 -0.18947302
-0.18883659 -2.7351124 -0.21689391
-0.10987854 -1.9707321 -0.1717376
-0.15348834 -2.412679 -0.19714287
-0.084194325 -1.6556965 -0.15450284
-0.12253784 -2.0942018 -0.17889114
-0.16840641 -2.5369844 -0.20513567
-0.09558433 -1.7800877 -0.16163485
-0.13575085 -2.2173657 -0.18624714
-0.18399149 -2.6610887 -0.21353494
-0.10738632 -1.9028435 -0.16862808
-0.14959553 -2.340588 -0.19387074
-0.082468696 -1.5904491 -0.15146092
-0.119628325 -2.024682 -0.17571208
-0.16411959 -2.4639566 -0.20181079
-0.0935666 -1.7136137 -0.15860903
-0.13241203 -2.1463945 -0.18301652
-0.17933409 -2.5873623 -0.21014033
-0.10501096 -1.8347614 -0.16551353
-0.1458449 -2.2684593 -0.1905956
-0.08075779 -1.5246617 -0.14835213
-0.1168339 -1.954903 -0.17252378
-0.15998569 -2.3909657 -0.19848076
-0.09161929 -1.6467677 -0.15560685
-0.12918533 -2.0751567 -0.17978497
-0.17484431 -2.5137677 -0.20672825
-0.10272927 -1.7662717 -0.16238679
-0.14221306 -2.196119 -0.1873268
-0.1904037 -2.6366374 -0.2154579
-0.114125416 -1.8846307 -0.16931927
-0.15598412 -2.3178504 -0.1951586
-0.08969418 -1.5792843 -0.15266104
-0.12603936 -2.0034325 -0.17655677
-0.17050312 -2.440141 -0.20332047
-0.10051198 -1.6971105 -0.15923722
-0.13867362 -2.1233861 -0.18407574
-0.1857463 -2.5627205 -0.21191026
-0.11146208 -1.8135611 -0.16608648
-0.15209463 -2.2444499 -0.19185829
-0.08770232 -1.510804 -0.14984067
-0.12293419 -1.9309719 -0.1733387
-0.16629407 -2.36633 -0.19993494
-0.09832145 -1.6269195 -0.15605268
-0.13519704 -2.050067 -0.18085729
-0.18124035 -2.4886992 -0.20838082
-0.10879056 -1.7412978 -0.16280863
-0.14829738 -2.170616 -0.1885961
-0.19689599 -2.611294 -0.21737641
-0.11980885 -1.8574737 -0.17014551
-0.1622052 -2.2921937 -0.1965879
-0.09606489 -1.555168 -0.15283433
-0.13175109 -1.9759694 -0.1776924
-0.1768761 -2.414434 -0.20489696
-0.10594094 -1.6672721 -0.15947483
-0.14458416 -2.0961976 -0.18539111
-0.19226837 -2.53704 -0.21363631
-0.11664577 -1.7826402 -0.16701403
-0.15823558 -2.217624 -0.19329505
-0.09398003 -1.4809803 -0.14972909
-0.12833898 -1.900877 -0.17461438
-0.17265107 -2.3397987 -0.20147207
-0.10296243 -1.5906868 -0.15614998
-0.14096582 -2.0210729 -0.1822651
-0.18778312 -2.4624789 -0.2099958
0.060822193 -1.567119 0.28304797
0.043547556 -1.3760295 0.34635067
0.06922514 -1.7022808 0.24198918
0.053354777 -1.5025198 0.30449355
0.03407398 -1.3048558 0.36667246
0.062738314 -1.6365834 0.26160604
0.045064162 -1.4336544 0.3257074
0.023758365 -1.2302102 0.38649297
0.055211823 -1.5691037 0.2830735
0.03588054 -1.360708 0.34656432
0.06413171 -1.7133795 0.24196658
0.04704254 -1.4982121 0.30461434
0.025813814 -1.2839853 0.36696374
0.057435326 -1.6438553 0.2620508
0.038083214 -1.4233654 0.32592532
0.014895462 -1.2038031 0.38680285
0.04943142 -1.5702751 0.28334415
0.028262673 -1.3445928 0.34686813
0.058534678 -1.7216525 0.24180768
0.04064794 -1.4931741 0.3048845
0.017567687 -1.2621111 0.3673292
0.05167067 -1.6488034 0.26252604
0.031058002 -1.4122548 0.32625115
0.006010532 -1.1761751 0.38717622
0.04338154 -1.5700685 0.2837654
0.02060479 -1.3275007 0.34725833
0.0527508 -1.7280947 0.24165972
0.03410128 -1.4870632 0.30527824
0.009266834 -1.2390733 0.36776707
0.045638964 -1.6516508 0.262916
0.02392878 -1.4000814 0.32667395
-0.0029542216 -1.147189 0.38761598
0.03708307 -1.5681957 0.28424567
0.012854389 -1.3092388 0.34772867
0.046859827 -1.7331432 0.241547
0.027375532 -1.4795908 0.3057612
0.0008651523 -1.2147098 0.3682746
0.039440654 -1.6527202 0.2632259
0.016660914 -1.3866155 0.3271796
-0.012038959 -1.1167055 0.3881237
0.030581499 -1.5646043 0.28473055
0.004977077 -1.2896197 0.34827211
0.04088905 -1.7370471 0.24146739
0.020466266 -1.4705698 0.30629843
-0.0076692626 -1.1888617 0.36884883
0.033120915 -1.6522661 0.26348406
0.0092330305 -1.3716652 0.32775107
-0.021271998 -1.084586 0.3886995
0.023913778 -1.5593523 0.28519925
-0.003051848 -1.2684731 0.34888017
0.03485052 -1.7399689 0.24141675
0.01338034 -1.4599084 0.3068634
-0.01636025 -1.1613797 0.3694858
0.02670051 -1.6504705 0.2637144
0.0016337006 -1.3550892 0.32837102
-0.030674925 -1.0506966 0.38934198
0.017103784 -1.5525291 0.2856492
-0.0112501485 -1.2456545 0.34954292
0.028749814 -1.7420197 0.24139246
0.006127502 -1.4475801 0.3074401
-0.025226485 -1.1321286 0.37018007
0.020189127 -1.6474614 0.26393354
-0.0061417795 -1.3367951 0.32902446
-0.0402654 -1.0149118 0.39004797
0.010165381 -1.5442203 0.28608492
-0.019630104 -1.2210498 0.35024998
0.022589047 -1.7432781 0.2413932
-0.0012839035 -1.4335936 0.3080208
-0.03428277 -1.1009923 0.37092495
0.013590784 -1.6433291 0.2641525
-0.01409461 -1.316731 0.3297003
-0.0500584 -0.9771189 0.3908127
0.003105776 -1.5344975 0.28651267
-0.028199961 -1.1945761 0.3509916
0.016368017 -1.7437989 0.24141835
-0.0088483505 -1.4179732 0.30860296
-0.043540772 -1.0678774 0.3717129
0.0069061657 -1.6381371 0.26437858
-0.022224898 -1.2948725 0.33039093
-0.060066663 -0.9372224 0.3916299
-0.004072238 -1.5234159 0.2869385
-0.036965404 -1.1661779 0.35175923
0.010084908 -1.7436199 0.2414678
-0.016563233 -1.4007461 0.30918664
-0.05300966 -1.0327139 0.37253588
0.00013371237 -1.6319288 0.26461685
-0.030533083 -1.2712135 0.3310917
-0.0703009 -0.895147 0.39249203
-0.011368925 -1.5110164 0.2873674
-0.045930795 -1.1358224 0.3525458
0.0037365889 -1.742766 0.24154171
-0.024428524 -1.3819382 0.30977315
-0.062696755 -0.9954547 0.37338603
-0.0067298 -1.6247324 0.2648709
-0.03902065 -1.2457578 0.33179972
-0.080769934 -0.85084075 0.39339066
-0.018786803 -1.4973271 0.28780362
-0.05510008 -1.1034952 0.3533454
-0.0026811014 -1.7412518 0.2416403
-0.032446392 -1.3615706 0.31036413
-0.072608106 -0.9560752 0.3742555
-0.013688929 -1.6165643 0.26514345
-0.047690395 -1.218515 0.33251315
-0.091480896 -0.8042766 0.39431658
-0.02633017 -1.4823657 0.28825045
-0.06447734 -1.0691961 0.35415307
-0.009173218 -1.739084 0.2417639
-0.04062086 -1.3396593 0.3109612
-0.08274894 -0.9145713 0.37513673
-0.020749345 -1.6074318 0.26543653
-0.056546465 -1.1894982 0.33323073
-0.10243936 -0.75545394 0.39526007
-0.03400479 -1.4661412 0.28871056
-0.074067146 -1.0329363 0.35496432
-0.015745517 -1.7362633 0.24191286
-0.048957568 -1.3162154 0.3115657
-0.09312397 -0.87095875 0.37602216
-0.027917681 -1.597334 0.2657519
-0.065594345 -1.1587216 0.33395135
-0.11364948 -0.7043993 0.39621088
-0.041817706 -1.4486547 0.2891862
-0.083874665 -0.9947379 0.35577488
-0.022404352 -1.7327855 0.24208745
-0.0574636 -1.2912452 0.31217882
-0.103737585 -0.8252722 0.37690413
-0.035201393 -1.5862637 0.26609096
-0.07484076 -1.1262014 0.33467376
-0.1251141 -0.65116656 0.39715838
-0.049777113 -1.4299004 0.28967917
-0.093905695 -0.9546323 0.3565803
-0.029156478 -1.7286428 0.24228796
-0.066147365 -1.2647511 0.3128012
-0.114593856 -0.77756524 0.37777475
-0.042608663 -1.574208 0.26645505
-0.08429359 -1.0919554 0.33539632
-0.13683468 -0.59583724 0.39809167
-0.05789226 -1.4098673 0.29019094
-0.1041666 -0.9126609 0.3573758
-0.036008924 -1.7238255 0.24251458
-0.07501851 -1.2367324 0.31343326
-0.1256965 -0.72791034 0.3786258
-0.050148293 -1.5611497 0.26684538
-0.09396179 -1.0560043 0.33611697
-0.14881133 -0.5385203 0.3989994
-0.0661734 -1.3885388 0.29072276
-0.11466413 -0.86887664 0.35815606
-0.042968772 -1.7183224 0.24276741
-0.08408788 -1.2071862 0.31407475
-0.13704863 -0.6763999 0.3794486
-0.057829592 -1.5470669 0.26726308
-0.10385523 -1.0183734 0.33683282
-0.16104263 -0.47935167 0.39987013
-0.07463176 -1.3658942 0.29127556
-0.12540522 -0.82334524 0.35891485
-0.050042953 -1.7121226 0.24304639
-0.09336745 -1.1761087 0.3147249
-0.14865258 -0.6231471 0.3802338
-0.06566228 -1.5319349 0.2677093
-0.11398452 -0.97909445 0.33753994
-0.1735255 -0.4184933 0.40069228
-0.08327953 -1.3419087 0.2918499
-0.13639651 -0.77614814 0.35964498
-0.05723796 -1.7052168 0.24335134
-0.10287033 -1.1434976 0.31538185
-0.16050935 -0.568287 0.38097176
-0.07365639 -1.5157255 0.26818508
-0.12436067 -0.9382101 0.338233
-0.18625501 -0.3561314 0.40145448
-0.0921299 -1.3165551 0.29244575
-0.14764388 -0.7273857 0.360338
-0.064559564 -1.6975987 0.24368194
-0.112610586 -1.109355 0.3160423
-0.17261814 -0.5119773 0.38165247
-0.081822194 -1.4984084 0.26869142
-0.13499463 -0.89577824 0.33890462
-0.19922422 -0.2924739 0.40214583
-0.101197176 -1.2898057 0.29306206
-0.15915152 -0.6771809 0.36098433
-0.07201243 -1.6892668 0.24403769
-0.1226031 -1.0736928 0.31670058
-0.18497582 -0.45439845 0.38226616
-0.09017026 -1.4799522 0.26922905
-0.1458963 -0.8518787 0.33954486
-0.21242408 -0.22774684 0.4027563
-0.110496886 -1.261635 0.2936959
-0.17092092 -0.62568325 0.36157325
-0.07959979 -1.6802267 0.24441798
-0.13286304 -1.0365407 0.31734735
-0.19757631 -0.39575207 0.38280392
-0.09871163 -1.4603246 0.26979816
-0.15707316 -0.80662215 0.34014076
-0.22584343 -0.1621891 0.4032772
-0.12004618 -1.2320267 0.294341
-0.18294948 -0.57307076 0.3620939
-0.087323144 -1.6704934 0.24482228
-0.14340483 -0.9979594 0.31796777
-0.21041 -0.33625707 0.38325858
-0.107458614 -1.4394957 0.27039763
-0.16852798 -0.7601594 0.3406761
-0.23946872 -0.096046515 0.40370154
-0.12986428 -1.2009856 0.29498485
-0.19522898 -0.51954937 0.36253622
-0.095182285 -1.6600935 0.24525045
-0.15424003 -0.9580589 0.3185393
-0.22346328 -0.27614278 0.3836257
-0.11642649 -1.4174416 0.27102336
-0.1802558 -0.7126898 0.34113255
-0.2532835 -0.029564757 0.40402457
-0.13997293 -1.1685587 0.29560384
-0.20774421 -0.46534666 0.36289293
-0.103176214 -1.6490693 0.2457034
-0.16537334 -0.91702485 0.31902975
-0.23671766 -0.2156391 0.3839042
-0.12563764 -1.3941548 0.27166384
-0.19224025 -0.66446286 0.3414921
-0.26726633 0.03701805 0.40424395
-0.1503962 -1.1348768 0.29615504
-0.22047167 -0.41069883 0.3631608
-0.11130631 -1.6374803 0.24618444
-0.1767959 -0.87514514 0.31939828
-0.25014746 -0.15496469 0.3840962
-0.1351301 -1.3696687 0.27228954
-0.2044504 -0.61576676 0.34174103
-0.28138632 0.10347896 0.40436018
-0.16115648 -1.1002218 0.29656595
-0.23337734 -0.3558311 0.36334106
-0.11958581 -1.6254065 0.24670067
-0.18847588 -0.83282346 0.31960228
-0.26371422 -0.09431402 0.38420635
-0.14497483 -1.3441242 0.27282614
-0.21683808 -0.5668976 0.3418732
-0.29559413 0.16961852 0.40437698
-0.1722603 -1.0651239 0.29672927
-0.24640997 -0.3009356 0.36343724
-0.12806877 -1.6129522 0.24725914
-0.20034826 -0.79054695 0.31961086
-0.27735448 -0.033844274 0.38424048
-0.15530388 -1.3179418 0.27309462
-0.22932881 -0.51811284 0.34188858
-0.30980864 0.23527089 0.40430242
-0.18365973 -1.0304378 0.2965236
-0.2594806 -0.24615085 0.36345175
-0.13694689 -1.6002737 0.24781911
-0.21229209 -0.74878013 0.3194147
-0.29096067 0.026339497 0.38420632
-0.16632275 -1.2922548 0.2727119
-0.24177672 -0.46958223 0.34178743
-0.323908 0.30031666 0.40415174
-0.19514239 -0.9972039 0.2958717
-0.27242136 -0.19154426 0.36338875
-0.14700513 -1.5876658 0.24792513
-0.22399479 -0.7078001 0.31902045
-0.30437186 0.08620052 0.38412085
-0.17786892 -1.269597 0.27108815
-0.25385734 -0.4213481 0.34158474
-0.33775508 0.36469093 0.4039548
-0.16911043 -1.5330302 0.24669914
-0.19002847 -1.4794217 0.24992044
-0.19044463 -1.3875406 0.25595054
-0.19139446 -1.307378 0.26249024
-0.19087255 -1.2410378 0.26938233
-0.21570918 -1.1448067 0.27206203
-0.21487114 -1.0796001 0.27853873
-0.21260253 -1.026261 0.2850601
-0.24242166 -0.9004104 0.2881427
-0.23989196 -0.84918994 0.29434153
-0.23618846 -0.80783385 0.300535
-0.23114347 -0.775478 0.30668852
-0.2661706 -0.6178499 0.30966717
-0.2612079 -0.5872003 0.3155934
-0.2552334 -0.5640686 0.32148534
-0.29334497 -0.38689113 0.32447356
-0.28730547 -0.3655714 0.3301786
-0.2804776 -0.35057846 0.33585027
-0.2728462 -0.34143907 0.34147614
-0.3142512 -0.14362836 0.34429976
-0.30668432 -0.13573056 0.3497794
-0.29846683 -0.13284 0.3552174
-0.34193003 0.07833872 0.35798162
-0.33373073 0.08007926 0.36328772
-0.32499734 0.07751163 0.36855462
-0.31574208 0.07090714 0.3737776
-0.36154997 0.29666477 0.37639135
-0.35236943 0.28935412 0.38149714
-0.3427565 0.27854654 0.3865624
-0.39011422 0.513955 0.3890995
-0.38053843 0.5025537 0.39404684
-0.37061474 0.48814797 0.39895573
-0.36035398 0.47087783 0.40383387
-0.40947163 0.71705014 0.4061803
-0.39927682 0.69968027 0.41091987
-0.38883424 0.67986345 0.4156479
-0.4391311 0.93279636 0.4177964
-0.18867952 -2.411407 -0.20891145
-0.14223269 -1.967562 -0.18145163
-0.10345218 -1.5291045 -0.15614884
-0.17477506 -2.275116 -0.20051992
-0.13057385 -1.83139 -0.1740285
-0.09385753 -1.3932549 -0.14896564
-0.16150056 -2.1386569 -0.19245711
-0.11955991 -1.6950803 -0.16675304
-0.19653758 -2.4474177 -0.2126039
-0.14885339 -2.001927 -0.18469664
-0.10922169 -1.5585988 -0.15952966
-0.18228014 -2.3108697 -0.20407058
-0.1368495 -1.8648403 -0.17719556
-0.099723265 -1.4221108 -0.15225354
-0.16864988 -2.1740649 -0.19586761
-0.12553275 -1.7273517 -0.16988783
-0.20452113 -2.483526 -0.21633281
-0.15564181 -2.036842 -0.18797748
-0.11499673 -1.5895336 -0.16268222
-0.1899396 -2.3468072 -0.20768367
-0.14327504 -1.89906 -0.18036512
-0.10548347 -1.45189 -0.15540883
-0.17596318 -2.2097738 -0.19934088
-0.13160352 -1.7606231 -0.17297171
-0.09776418 -1.3164787 -0.14716443
-0.16259143 -2.0722063 -0.19131231
-0.120747216 -1.6215756 -0.16570671
-0.19774373 -2.382874 -0.21135195
-0.14984277 -1.9339066 -0.18357168
-0.11098914 -1.4824201 -0.15839897
-0.18344072 -2.2457266 -0.20288341
-0.13777183 -1.7947148 -0.17606491
-0.1029963 -1.3450752 -0.15051131
-0.16971213 -2.1079524 -0.19471933
-0.1265003 -1.6545814 -0.16870004
-0.20569283 -2.419026 -0.2150661
-0.15658431 -1.9692976 -0.18684673
-0.116305485 -1.513822 -0.16130255
