0.033853486 -1.1812769 -0.1544913
0.025116406 -1.0177886 -0.16839811
0.022953713 -0.9456428 -0.1828749
0.021489391 -0.8920746 -0.1941971
0.03380552 -1.1809338 -0.155218
0.025214754 -1.0171114 -0.1684012
0.02305822 -0.94483906 -0.1828771
0.021624817 -0.8916129 -0.194203
0.034070052 -1.190105 -0.15441848
0.03951481 -1.1292131 -0.15497677
0.044242546 -1.044419 -0.15458477
0.048218973 -0.9378894 -0.1539079
0.04846576 -0.77580893 -0.15566614
0.043449756 -0.65430456 -0.17176926
0.04458515 -0.6361128 -0.18417743
0.047621563 -0.7284982 -0.19410598
0.04850864 -0.77270156 -0.15565476
0.043532513 -0.6523099 -0.17177504
0.044690117 -0.6347246 -0.18417601
0.047746394 -0.7278925 -0.19409691
0.04859476 -0.7696273 -0.15569286
0.043617774 -0.6503974 -0.17177685
0.04479751 -0.63344413 -0.18416686
0.047873195 -0.72739273 -0.19407548
0.048708264 -0.7665112 -0.1557107
0.04370054 -0.648385 -0.17180413
0.04490283 -0.63203555 -0.18420656
0.047999732 -0.72676384 -0.19413365
0.04881664 -0.76344264 -0.15575394
0.04378692 -0.64647955 -0.17176728
0.045011736 -0.63077205 -0.18412536
0.048129406 -0.7262893 -0.19399482
0.04888548 -0.76019007 -0.15583536
0.043869983 -0.6444495 -0.17184879
0.045117687 -0.6293436 -0.18426663
0.048258457 -0.72563857 -0.19421856
0.049064003 -0.7570342 -0.1558022
0.04395707 -0.6425446 -0.17175156
0.04522761 -0.62808394 -0.18407433
0.048391186 -0.72516704 -0.19389907
0.049233567 -0.75364673 -0.15587945
0.0440406 -0.640515 -0.17187089
0.045334913 -0.6266702 -0.18428375
0.048524346 -0.72455144 -0.19423352
0.049402103 -0.7504248 -0.15575156
0.044123862 -0.6385772 -0.17180923
0.045442358 -0.6253502 -0.18416363
0.048659604 -0.72397757 -0.19403231
0.049109757 -0.74296695 -0.15375473
0.04863687 -0.8205729 -0.19774824
0.047455307 -0.66372013 -0.18988921
0.04442543 -0.6165582 -0.1787132
0.045360405 -0.6760854 -0.16555533
0.049593244 -0.57008636 -0.1640011
0.049865294 -0.538466 -0.17728847
0.05383249 -0.60089266 -0.18869428
0.058208425 -0.79319495 -0.19676451
0.055140495 -0.8370322 -0.14954633
0.06978121 -1.003616 -0.1372904
0.0875883 -1.1729428 -0.12098083
0.05981647 -0.895052 -0.14594878
0.07536939 -1.0622667 -0.13229501
0.06506256 -0.84354347 -0.24788006
0.06012639 -0.8838038 -0.24752986
0.044467263 -1.0197471 -0.24532223
0.057411037 -0.9038319 -0.2471078
0.04185683 -1.0109075 -0.24564882
0.05777179 -0.8956686 -0.24710126
0.048953142 -0.7451359 -0.15335257
0.048048 -0.6757716 -0.15372433
0.050185587 -0.7518757 -0.15161133
0.04836218 -0.6823171 -0.15309064
0.04938393 -0.75859624 -0.15124327
0.051853705 -0.70088917 -0.14923343
0.067162685 -0.88442934 -0.13750395
0.0866759 -1.066547 -0.12098706
0.048487436 -0.6647376 -0.15262684
0.049171813 -0.7154093 -0.15208133
0.0011377432 -1.5121062 -0.27224717
0.023904806 -1.2696859 -0.26374415
0.06577895 -0.84558386 -0.24901465
0.04957861 -1.0784763 -0.26546338
0.023984317 -1.332148 -0.27296588
-0.010889287 -1.6263595 -0.27417034
-0.0015615902 -1.5373024 -0.27259728
0.021702522 -1.2941805 -0.26469687
0.0422219 -1.0613776 -0.2478051
-0.0020797446 -1.541861 -0.27256814
0.02120785 -1.2989533 -0.2646532
0.04309501 -1.0664911 -0.24770045
0.05989422 -0.89783347 -0.14593029
0.075393945 -1.064699 -0.13228883
0.05101954 -0.7917208 -0.15114361
0.064770274 -0.9556647 -0.14180607
0.081328645 -1.1233813 -0.12687004
-0.011632419 -1.6291841 -0.27359426
0.013584162 -1.3833239 -0.26806468
0.030443162 -1.1506325 -0.25528556
-0.012138081 -1.6336727 -0.27356815
0.013087894 -1.3879443 -0.26802203
0.029708061 -1.1558673 -0.25526914
0.055241153 -0.8490198 -0.14946415
0.06992713 -1.0136961 -0.1372469
0.08761736 -1.1821147 -0.12098514
0.06010747 -0.9061237 -0.14586714
0.07546239 -1.0719616 -0.13226959
-0.02228124 -1.72136 -0.2737126
0.004822969 -1.4734138 -0.2706303
0.025652854 -1.2356597 -0.26026553
-0.022777608 -1.7257954 -0.27365783
0.0043336395 -1.4778925 -0.27059472
0.025137763 -1.240297 -0.260225
0.052344695 -0.80227953 -0.15090553
0.06490746 -0.96346223 -0.14175597
0.08136796 -1.1304144 -0.12686388
0.055750094 -0.8578459 -0.1493536
0.070020564 -1.0211592 -0.13721173
0.08763305 -1.1889645 -0.120989665
-0.0045692367 -1.5642965 -0.27242684
0.018699188 -1.3222038 -0.26443127
0.038200185 -1.0977448 -0.24659927
-0.0050532958 -1.5687345 -0.2723993
0.018194055 -1.3267807 -0.2643864
0.036561973 -1.1036758 -0.2463994
0.06027876 -0.9142942 -0.14579417
0.0755225 -1.0791855 -0.1322494
0.05225308 -0.8117169 -0.15066724
0.06501416 -0.9712436 -0.1417021
0.081401505 -1.1374471 -0.12685768
-0.014593727 -1.6558504 -0.27343944
0.010649856 -1.410528 -0.26781154
0.029306646 -1.1799634 -0.25503182
-0.091073014 -2.2027097 -0.26856136
-0.05101833 -1.8176986 -0.25928774
-0.019250346 -1.4428505 -0.2523351
-0.04594016 -1.9508433 -0.27228165
-0.0719793 -2.1954577 -0.2734555
-0.0922388 -2.3392913 -0.27486464
-0.10556844 -2.3683603 -0.2748919
-0.0076113567 -1.4033648 -0.25159198
-0.0013488116 -1.4309739 -0.25013486
0.009585705 -1.3690459 -0.24906707
0.026741607 -1.2063673 -0.24705173
-0.0075783688 -1.3679044 -0.2523701
-0.003377992 -1.428302 -0.25030896
0.006229742 -1.3920649 -0.2492269
0.021038773 -1.2638404 -0.24788219
-0.0071776416 -1.362643 -0.25213805
-0.0030343146 -1.423674 -0.25014606
0.0065237447 -1.3880591 -0.24907166
0.021298895 -1.2604142 -0.24775338
-0.0067142886 -1.3573753 -0.2518879
-0.0026958727 -1.4190552 -0.24998298
0.006813013 -1.3840648 -0.24891731
0.021552898 -1.2570014 -0.2476298
-0.006273271 -1.3520763 -0.2516206
-0.0023274524 -1.4144201 -0.24982
0.007129898 -1.3800548 -0.2487641
0.02184789 -1.2535648 -0.2475118
-0.0058970023 -1.3467981 -0.25133777
-0.0020377394 -1.4098077 -0.24965762
0.00737394 -1.3760691 -0.24861255
0.02203609 -1.2501602 -0.24740006
-0.0053365827 -1.341464 -0.25104207
-0.0016066782 -1.4051665 -0.24949677
0.0077490173 -1.3720558 -0.2484636
0.022418035 -1.2467148 -0.24729577
-0.005102692 -1.3361598 -0.25073692
-0.0013891347 -1.4005513 -0.24933882
0.007925803 -1.3680702 -0.24831863
0.022507528 -1.243306 -0.24720074
-0.004454946 -1.3308332 -0.2504253
-0.0009193211 -1.3959267 -0.24918498
0.008337404 -1.3640748 -0.24817882
0.022945007 -1.2398833 -0.24711627
0.04990714 -0.85457623 -0.15305057
0.047053542 -0.9833787 -0.15402576
0.042739436 -1.0810223 -0.15460855
0.037677526 -1.1587777 -0.15491123
0.036178358 -1.1803311 -0.15482642
0.04157008 -1.1084077 -0.15457417
0.046059128 -1.0165461 -0.15406404
0.04963894 -0.899513 -0.15323834
0.03635598 -1.1835405 -0.1547094
0.041723475 -1.1110831 -0.15442249
0.046180125 -1.0189492 -0.15390249
0.049690045 -0.90178573 -0.1530598
0.036633596 -1.1867696 -0.15459056
0.041947074 -1.1137683 -0.15426973
0.046403702 -1.0213661 -0.15374011
0.04998385 -0.90409786 -0.15288094
0.03682765 -1.1899756 -0.15446952
0.04211142 -1.1164426 -0.1541161
0.046539605 -1.023764 -0.15357716
0.0500682 -0.90635175 -0.15270267
0.037081767 -1.1932083 -0.1543463
0.04231797 -1.1191322 -0.15396188
0.04673706 -1.026184 -0.15341395
0.05029817 -0.9086624 -0.15252563
0.03730447 -1.1964198 -0.15422092
0.04250207 -1.1218119 -0.15380728
0.046900924 -1.0285866 -0.15325063
0.05044664 -0.91092044 -0.15235017
0.043444615 -1.3177295 -0.14898193
0.06397596 -1.557207 -0.13687862
0.0886822 -1.7908003 -0.123449534
0.09673526 -1.7683647 -0.11896851
0.09483786 -1.6190289 -0.1179273
0.09392728 -1.4633641 -0.116233
0.0940954 -1.3032762 -0.114750266
0.050699953 -0.9211624 -0.15205845
0.047084607 -1.0377055 -0.15295334
0.042697687 -1.1307123 -0.1535166
0.037546255 -1.2055541 -0.15399618
0.05052337 -0.9188951 -0.15222953
0.046907384 -1.0352888 -0.15311618
0.042502984 -1.1280112 -0.15367097
0.037305564 -1.2023034 -0.15412313
0.026392685 -1.2266049 -0.15493077
0.03020274 -1.2165821 -0.15634714
0.026900474 -1.2372019 -0.15439361
0.030764414 -1.2274293 -0.15534519
0.027433095 -1.2479044 -0.15398219
0.031410247 -1.2383056 -0.15368961
0.029075414 -1.286976 -0.1517616
0.053521417 -1.5690874 -0.13994417
0.08075143 -1.826274 -0.12695657
0.08520402 -1.777718 -0.1252106
0.06047356 -1.5401402 -0.13842146
0.039947003 -1.2936062 -0.15029602
0.078733884 -1.7172755 -0.12867
0.05495227 -1.478126 -0.14146912
0.09654212 -1.871516 -0.11916981
0.070460096 -1.636904 -0.13312127
0.048059568 -1.3953542 -0.14541309
0.08747382 -1.7918789 -0.1240348
0.06261414 -1.5559592 -0.13738587
0.041890956 -1.31223 -0.1493386
0.07882927 -1.7121848 -0.12867378
0.055239726 -1.4743737 -0.14148587
0.0965621 -1.8659083 -0.1191782
0.07060683 -1.6321653 -0.13311927
0.048428938 -1.3922918 -0.14540981
0.08752691 -1.7865077 -0.12403834
0.06282247 -1.5516517 -0.13740045
0.042319693 -1.3099062 -0.14943773
0.07892321 -1.7070947 -0.12867366
0.055520773 -1.4706205 -0.14147945
0.096579395 -1.8602945 -0.11918258
0.07075146 -1.627421 -0.13312253
0.04878572 -1.3892101 -0.14544335
-0.09109568 -2.2014308 -0.26850706
-0.050968498 -1.8157225 -0.259251
-0.020004889 -1.4395599 -0.25227064
-0.091113664 -2.2001297 -0.26845223
-0.05091658 -1.8137285 -0.25921428
-0.021000214 -1.4363817 -0.25221714
-0.09112692 -2.1988058 -0.26839703
-0.050864253 -1.8117161 -0.259178
-0.02178644 -1.4332815 -0.25217792
-0.09113547 -2.1974595 -0.26834145
-0.050811887 -1.8096906 -0.259142
-0.02173416 -1.4300185 -0.25215453
-0.09113904 -2.1960895 -0.2682855
-0.050759267 -1.8076473 -0.2591063
-0.021221388 -1.4265801 -0.25214973
-0.09113787 -2.1946936 -0.26822916
-0.050707832 -1.8055762 -0.25907063
-0.019915152 -1.422855 -0.25216544
-0.09112969 -2.1932735 -0.2681725
-0.05065415 -1.8034841 -0.25903535
-0.018446526 -1.4192628 -0.25220165
-0.09111689 -2.191825 -0.26811498
-0.050605543 -1.8013648 -0.2589989
-0.017305022 -1.415809 -0.25225595
-0.0910346 -2.1903746 -0.26805806
-0.050435975 -1.7992702 -0.25896454
-0.016242906 -1.4124328 -0.25232825
0.0009375683 -1.1301244 -0.24754997
-0.0021500464 -1.2153144 -0.25033355
7.987252e-05 -1.1456087 -0.24877355
-0.001040331 -1.2314229 -0.25190353
-0.0006909074 -1.1613716 -0.24990976
-0.0027146742 -1.2482239 -0.25143552
-0.088737875 -2.1199985 -0.2677675
-0.043982342 -1.7011352 -0.2589165
-0.0074296277 -1.2657752 -0.25261116
0.043851316 -0.95011073 -0.20113884
0.03908741 -0.88028497 -0.20207463
0.031608097 -0.83112484 -0.20329049
0.024292447 -0.79758686 -0.2040185
0.04335249 -0.95756346 -0.20148744
0.038889173 -0.8838544 -0.2023206
0.031506635 -0.83152115 -0.20354679
0.02422613 -0.7945185 -0.20421316
0.042930506 -0.964336 -0.20185527
0.038684633 -0.8873056 -0.20257694
0.031407982 -0.8318928 -0.20380461
0.024176642 -0.79145414 -0.20441315
0.042574674 -0.9705269 -0.20221843
0.038474035 -0.8906375 -0.20284384
0.031311713 -0.8322469 -0.20406576
0.024143625 -0.78841317 -0.20462209
0.04226625 -0.97621185 -0.2025773
0.03825854 -0.8938453 -0.20312035
0.031218374 -0.83258677 -0.20433025
0.024127029 -0.7854121 -0.2048402
0.041990656 -0.9814442 -0.20293128
0.03803898 -0.89692557 -0.20340627
0.031128122 -0.83291644 -0.20459865
0.024126695 -0.7824679 -0.20506719
0.0417367 -0.98626465 -0.20328218
0.03781637 -0.8998746 -0.20370132
0.031041235 -0.8332397 -0.20487103
0.024142262 -0.77959764 -0.20530267
0.04149686 -0.9907044 -0.20363154
0.03759177 -0.9026899 -0.20400544
0.030957922 -0.83356047 -0.20514761
0.024173053 -0.7768178 -0.2055465
0.041266166 -0.99478835 -0.20398109
0.037366327 -0.90536946 -0.20431857
0.030878406 -0.83388275 -0.2054285
0.024218062 -0.77414423 -0.20579864
0.04104154 -0.9985368 -0.20433228
0.037141245 -0.90791273 -0.20464061
0.030802881 -0.834211 -0.20571387
0.024276 -0.7715914 -0.20605905
0.040821165 -1.0019671 -0.20468637
0.036917742 -0.91032016 -0.20497148
0.030731527 -0.83454967 -0.20600392
0.024345383 -0.76917267 -0.20632768
0.040604055 -1.0050939 -0.20504443
0.036697004 -0.9125935 -0.20531096
0.030664498 -0.83490354 -0.2062989
0.02442464 -0.76689947 -0.20660433
0.040389787 -1.0079305 -0.20540737
0.036480147 -0.91473544 -0.20565888
0.030601924 -0.83527756 -0.20659909
0.024512202 -0.764782 -0.20688874
0.040178295 -1.0104886 -0.20577593
0.036268193 -0.91674995 -0.20601499
0.030543907 -0.83567697 -0.20690474
0.024606561 -0.76282877 -0.2071806
0.039969742 -1.0127791 -0.20615074
0.036062036 -0.91864175 -0.20637907
0.030490512 -0.8361071 -0.20721617
0.024706332 -0.761047 -0.20747957
0.03976445 -1.014812 -0.20653231
0.03586245 -0.9204166 -0.2067509
0.030441778 -0.8365735 -0.20753366
0.02481027 -0.75944287 -0.2077853
0.039562814 -1.0165968 -0.20692107
0.03567006 -0.9220807 -0.20713027
0.030397704 -0.83708173 -0.2078575
0.02491728 -0.7580214 -0.20809746
0.03936529 -1.0181426 -0.20731735
0.035485372 -0.92364097 -0.20751701
0.030358259 -0.8376377 -0.20818794
0.025026422 -0.7567872 -0.20841576
0.039172374 -1.0194582 -0.20772144
0.03530877 -0.9251048 -0.207911
0.030323377 -0.83824736 -0.20852523
0.025136875 -0.7557438 -0.20873995
0.038984537 -1.0205519 -0.20813356
0.035140514 -0.9264797 -0.20831212
0.030292954 -0.8389166 -0.20886956
0.02524795 -0.7548946 -0.20906985
0.03880227 -1.0214323 -0.2085539
0.03498078 -0.9277737 -0.20872034
0.030266857 -0.83965147 -0.20922112
0.02535904 -0.75424254 -0.20940527
0.038626038 -1.0221074 -0.20898254
0.034829654 -0.9289948 -0.20913559
0.03024492 -0.8404581 -0.20958006
0.025469625 -0.7537903 -0.2097461
0.03845628 -1.0225855 -0.20941964
0.034687147 -0.93015116 -0.20955789
0.03022695 -0.84134257 -0.20994651
0.025579244 -0.7535405 -0.21009222
0.038293403 -1.0228746 -0.20986523
0.034553207 -0.9312511 -0.20998725
0.030212719 -0.842311 -0.21032053
0.025687477 -0.7534954 -0.21044359
0.03813779 -1.0229828 -0.21031937
0.034427732 -0.93230283 -0.21042371
0.030201985 -0.84336966 -0.21070218
0.02579394 -0.7536574 -0.21080014
0.037989777 -1.0229181 -0.2107821
0.034310576 -0.93331456 -0.2108673
0.030194465 -0.8445245 -0.21109149
0.025898268 -0.75402874 -0.21116184
0.037849665 -1.0226885 -0.2112534
0.03420155 -0.9342945 -0.21131809
0.030189866 -0.8457817 -0.21148847
0.026000112 -0.7546116 -0.21152866
0.037717726 -1.022302 -0.21173333
0.034100447 -0.93525094 -0.21177614
0.03018787 -0.8471473 -0.21189308
0.026099129 -0.75540835 -0.21190056
0.03759418 -1.0217665 -0.21222183
0.034007017 -0.93619186 -0.21224152
0.030188136 -0.8486273 -0.2123053
0.026194977 -0.75642115 -0.21227756
0.037479226 -1.02109 -0.21271892
0.033920992 -0.9371253 -0.21271428
0.030190302 -0.85022765 -0.2127251
0.026287306 -0.7576522 -0.2126596
0.03737301 -1.0202804 -0.21322457
0.033842094 -0.9380593 -0.2131945
0.030194 -0.85195434 -0.21315236
0.02637577 -0.7591038 -0.21304667
0.037275657 -1.0193456 -0.21373878
0.03377001 -0.9390016 -0.21368223
0.030198827 -0.8538131 -0.21358703
0.026460007 -0.7607782 -0.21343875
0.037187252 -1.0182934 -0.2142615
0.033704422 -0.9399602 -0.2141775
0.030204382 -0.8558098 -0.21402901
0.026539652 -0.76267755 -0.2138358
0.037107855 -1.0171317 -0.21479273
0.033644997 -0.9409426 -0.21468036
0.030210232 -0.85795015 -0.21447821
0.026614318 -0.7648042 -0.2142378
0.03703749 -1.0158682 -0.21533242
0.03359138 -0.94195646 -0.21519083
0.030215941 -0.8602397 -0.2149345
0.026683621 -0.7671603 -0.21464466
0.03697616 -1.0145106 -0.21588054
0.03354321 -0.9430093 -0.21570894
0.030221047 -0.86268395 -0.21539779
0.026747152 -0.76974815 -0.21505636
0.036923833 -1.0130668 -0.21643707
0.03350011 -0.94410866 -0.21623468
0.030225078 -0.86528844 -0.21586797
0.026804492 -0.7725699 -0.21547286
0.036880467 -1.0115442 -0.21700197
0.03346169 -0.9452618 -0.21676807
0.030227548 -0.8680585 -0.21634488
0.02685522 -0.7756277 -0.21589407
0.036845982 -1.0099505 -0.21757518
0.03342755 -0.946476 -0.21730907
0.030227954 -0.8709994 -0.2168284
0.026898887 -0.7789237 -0.21631995
0.036820296 -1.0082933 -0.21815667
0.03339728 -0.94775844 -0.21785764
0.030225778 -0.87411624 -0.21731843
0.026935041 -0.78246003 -0.2167504
0.03680329 -1.00658 -0.21874638
0.033370446 -0.9491162 -0.21841377
0.030220482 -0.87741405 -0.2178148
0.026963215 -0.78623873 -0.21718536
0.03679484 -1.0048181 -0.21934427
0.03334662 -0.9505562 -0.21897738
0.030211521 -0.88089776 -0.21831739
0.026982928 -0.7902617 -0.21762474
0.036794804 -1.003015 -0.21995026
0.033325348 -0.9520855 -0.21954839
0.030198328 -0.8845721 -0.21882604
0.026993692 -0.7945309 -0.21806848
0.036803022 -1.0011781 -0.22056429
0.03330617 -0.9537108 -0.2201267
0.030180326 -0.8884416 -0.21934061
0.026995009 -0.79904824 -0.21851645
0.03681932 -0.99931484 -0.22118628
0.033288617 -0.9554388 -0.22071226
0.030156907 -0.89251095 -0.21986094
0.026986357 -0.8038154 -0.21896861
0.036843512 -0.9974325 -0.22181614
0.033272203 -0.9572762 -0.2213049
0.030127468 -0.89678425 -0.22038688
0.026967224 -0.8088341 -0.21942486
0.03687541 -0.99553835 -0.22245377
0.033256438 -0.9592296 -0.22190449
0.030091373 -0.90126574 -0.22091825
0.026937075 -0.81410587 -0.21988508
0.0369148 -0.99363977 -0.22309907
0.033240806 -0.9613053 -0.22251087
0.030047974 -0.9059593 -0.22145489
0.02689537 -0.8196322 -0.22034921
0.03696147 -0.991744 -0.22375192
0.033224795 -0.9635098 -0.22312388
0.029996606 -0.91086864 -0.22199662
0.02684156 -0.8254144 -0.22081715
0.037015192 -0.9898584 -0.22441219
0.03320787 -0.9658492 -0.2237433
0.02993659 -0.9159974 -0.22254327
0.026775101 -0.83145386 -0.22128882
0.03707574 -0.98799026 -0.2250797
0.033189494 -0.96832985 -0.22436893
0.029867215 -0.92134863 -0.22309463
0.026695415 -0.8377516 -0.22176413
0.037142865 -0.986147 -0.22575432
0.03316911 -0.97095764 -0.22500052
0.029787779 -0.92692554 -0.22365052
0.026601953 -0.8443087 -0.22224301
0.037216324 -0.984336 -0.22643586
0.03314615 -0.9737387 -0.22563778
0.029697545 -0.93273073 -0.22421071
0.026494147 -0.85112596 -0.22272536
0.037295856 -0.9825648 -0.2271241
0.033120032 -0.9766787 -0.22628044
0.029595748 -0.9387668 -0.22477502
0.026371403 -0.8582042 -0.22321114
0.0373812 -0.9808408 -0.22781883
0.033090167 -0.9797836 -0.22692813
0.02948163 -0.94503564 -0.2253432
0.026233166 -0.8655439 -0.22370027
0.037472084 -0.9791718 -0.22851978
0.033055946 -0.98305887 -0.2275805
0.029354405 -0.9515393 -0.22591503
0.026078846 -0.8731457 -0.2241927
0.037568226 -0.9775654 -0.2292267
0.03301675 -0.98651016 -0.22823717
0.029213265 -0.95827895 -0.22649026
0.025907865 -0.88100976 -0.22468835
0.03766934 -0.97602946 -0.22993925
0.032971945 -0.9901428 -0.22889768
0.029057406 -0.96525574 -0.22706865
0.02571965 -0.8891364 -0.22518721
0.037775125 -0.974572 -0.23065713
0.032920875 -0.9939622 -0.22956155
0.028885992 -0.9724703 -0.22764991
0.025513608 -0.89752555 -0.22568925
0.037885275 -0.97320116 -0.23137994
0.03286288 -0.99797344 -0.23022828
0.028698191 -0.9799228 -0.22823378
0.02528917 -0.9061771 -0.22619443
0.037999474 -0.9719252 -0.23210728
0.032797273 -1.0021815 -0.23089725
0.028493144 -0.9876129 -0.22881998
0.025045741 -0.915091 -0.22670275
0.03811738 -0.97075266 -0.23283868
0.032723345 -1.0065913 -0.23156787
0.028269997 -0.99553984 -0.22940819
0.024782732 -0.9242666 -0.22721425
0.038238652 -0.96969223 -0.23357366
0.032640375 -1.0112077 -0.23223945
0.028027898 -1.0037023 -0.22999808
0.024499573 -0.9337035 -0.2277289
0.03836292 -0.9687528 -0.23431164
0.03254762 -1.0160351 -0.23291126
0.027765978 -1.0120986 -0.23058935
0.024195654 -0.943401 -0.22824681
0.038489796 -0.96794367 -0.235052
0.032444302 -1.0210778 -0.23358248
0.027483394 -1.0207261 -0.23118162
0.023870395 -0.9533582 -0.228768
0.03861887 -0.96727425 -0.23579408
0.032329626 -1.02634 -0.23425223
0.027179293 -1.0295819 -0.23177454
0.023523176 -0.9635741 -0.2292926
0.0387497 -0.96675426 -0.23653711
0.032202758 -1.0318258 -0.2349196
0.026852854 -1.0386626 -0.23236772
0.023153389 -0.97404754 -0.2298207
0.038881812 -0.9663937 -0.23728026
0.03206283 -1.0375386 -0.23558353
0.02650326 -1.0479639 -0.23296075
0.022760386 -0.9847773 -0.23035246
0.039014693 -0.966203 -0.23802261
0.031908944 -1.043482 -0.23624294
0.026129741 -1.057481 -0.2335532
0.022343526 -0.99576163 -0.23088808
0.039147794 -0.9661928 -0.23876314
0.031740144 -1.049659 -0.23689662
0.025731547 -1.0672086 -0.23414463
0.021902105 -1.0069988 -0.23142779
0.039280508 -0.9663741 -0.2395007
0.03155544 -1.0560722 -0.23754328
0.025307992 -1.0771409 -0.23473458
0.021435417 -1.0184869 -0.23197187
0.039412163 -0.9667584 -0.24023406
0.031353768 -1.0627241 -0.23818156
0.024858424 -1.0872712 -0.23532255
0.020942692 -1.0302235 -0.23252065
0.03954203 -0.9673572 -0.24096182
0.031134024 -1.0696163 -0.23880996
0.024382263 -1.0975926 -0.23590803
0.02042311 -1.0422058 -0.23307452
0.039669313 -0.96818274 -0.24168247
0.030895008 -1.0767502 -0.23942687
0.023878975 -1.1080976 -0.23649052
0.019875774 -1.0544308 -0.23363397
0.039793115 -0.96924734 -0.2423943
0.030635463 -1.0841262 -0.24003059
0.023348125 -1.118778 -0.23706947
0.019299734 -1.0668949 -0.23419951
0.039912466 -0.9705637 -0.24309547
0.030354047 -1.0917444 -0.24061933
0.022789344 -1.1296258 -0.23764431
0.018693944 -1.0795938 -0.23477177
0.040026285 -0.97214496 -0.24378392
0.030049315 -1.0996039 -0.24119116
0.02220233 -1.1406322 -0.23821454
0.018057242 -1.0925224 -0.2353515
0.04013339 -0.9740043 -0.24445741
0.029719755 -1.1077024 -0.24174409
0.021586893 -1.1517882 -0.23877954
0.0173884 -1.1056749 -0.23593947
0.040232502 -0.9761555 -0.24511346
0.029363744 -1.1160372 -0.24227597
0.020942891 -1.1630853 -0.23933883
0.016686046 -1.1190444 -0.2365366
0.04032221 -0.97861224 -0.24574941
0.028979585 -1.1246041 -0.24278466
0.020270264 -1.174514 -0.23989187
0.015948722 -1.1326226 -0.23714392
0.04040101 -0.98138875 -0.2463623
0.028565519 -1.1333973 -0.24326797
0.019569032 -1.1860657 -0.24043821
0.015174894 -1.1463999 -0.2377625
0.040467296 -0.9844993 -0.24694893
0.02811974 -1.14241 -0.24372366
0.018839262 -1.1977313 -0.24097745
0.0143629555 -1.160365 -0.23839349
0.04051936 -0.98795843 -0.24750584
0.02764043 -1.1516335 -0.24414961
0.018081058 -1.2095023 -0.24150924
0.013511283 -1.1745049 -0.23903812
0.040555447 -0.9917811 -0.24802928
0.027125835 -1.1610576 -0.24454379
0.017294575 -1.2213706 -0.24203342
0.012618333 -1.1888045 -0.23969762
0.04057375 -0.99598265 -0.24851519
0.026574276 -1.1706704 -0.24490441
0.016479954 -1.2333282 -0.24254988
0.011682667 -1.2032467 -0.24037316
0.040572487 -1.0005788 -0.24895917
0.02598426 -1.1804588 -0.24522999
0.015637357 -1.2453679 -0.24305874
0.010703113 -1.2178127 -0.2410659
0.04054997 -1.0055861 -0.24935652
0.025354542 -1.190408 -0.24551952
0.014766956 -1.2574826 -0.24356028
0.009678882 -1.2324815 -0.24177678
0.040504687 -1.0110222 -0.24970208
0.024684146 -1.2005028 -0.24577263
0.013868887 -1.2696666 -0.24405499
0.008609622 -1.2472309 -0.24250656
0.04043549 -1.0169064 -0.24999022
0.023972427 -1.2107272 -0.2459898
0.012943311 -1.2819136 -0.24454361
0.0074955453 -1.262038 -0.24325573
0.04034161 -1.02326 -0.25021437
0.023219017 -1.2210655 -0.24617271
0.011990408 -1.2942193 -0.24502707
0.0063373935 -1.2768799 -0.24402426
0.040223233 -1.0301087 -0.25036713
0.02242379 -1.2315028 -0.24632487
0.011010472 -1.3065791 -0.24550645
0.005136395 -1.291734 -0.2448114
0.040080182 -1.0374826 -0.25043628
0.021586673 -1.2420253 -0.24645261
0.010003931 -1.3189894 -0.24598303
0.0038939577 -1.3065802 -0.24561489
0.039913964 -1.0454257 -0.25040805
0.020707691 -1.2526207 -0.24656655
0.008971533 -1.3314474 -0.24645782
0.0026115277 -1.3213998 -0.246429
0.039714538 -1.0539917 -0.25023642
0.019786818 -1.2632806 -0.24668546
0.007914329 -1.3439522 -0.24693264
0.0012901187 -1.3361801 -0.24724315
0.03946642 -1.0632994 -0.24987677
0.018824436 -1.2739913 -0.24683441
0.006833472 -1.3564982 -0.24740598
-6.96225e-05 -1.3509052 -0.24803205
0.039037447 -1.0735757 -0.24898693
0.017823365 -1.2847668 -0.24705163
0.0057314127 -1.3691024 -0.24788049
-0.0014651 -1.365592 -0.24876498
0.045394346 -0.9635059 -0.20204385
0.053196646 -0.9942911 -0.20251063
0.04936783 -1.0014387 -0.20324866
0.045201603 -1.0039707 -0.20360631
0.051515304 -1.0402633 -0.20390892
0.047933135 -1.0397202 -0.20450255
0.0445898 -1.0351238 -0.20501913
0.04194815 -1.0270523 -0.20555027
0.046439324 -1.0687017 -0.20590688
0.04371156 -1.0583634 -0.20662732
0.041440744 -1.0460114 -0.20736578
0.044958167 -1.088258 -0.20764144
0.042752266 -1.0735592 -0.20851837
0.040844373 -1.0580117 -0.20940544
0.03928036 -1.0420647 -0.21031457
0.04190752 -1.0805612 -0.21069497
0.04032372 -1.0629208 -0.21169479
0.03897 -1.0456884 -0.21270819
0.041316293 -1.0794731 -0.21313071
0.040001936 -1.0607603 -0.21422604
0.038847394 -1.0431538 -0.2153313
0.03785473 -1.026915 -0.2164491
0.03995827 -1.0516459 -0.21698597
0.038974114 -1.0345144 -0.21817769
0.038103327 -1.0193564 -0.21937868
0.040247697 -1.0356933 -0.21996325
0.03939554 -1.0198269 -0.22123873
0.03862264 -1.0065225 -0.22252077
0.037913922 -0.99599344 -0.22380714
0.040147293 -0.9991112 -0.22450383
0.039443277 -0.9884079 -0.22586383
0.03877073 -0.98106736 -0.22722319
0.041263994 -0.9723343 -0.2279582
0.04059308 -0.96497303 -0.22939052
0.03993043 -0.961586 -0.23081528
0.039234847 -0.962369 -0.23222323
0.04209673 -0.9361447 -0.23307401
0.041423257 -0.937511 -0.2345509
0.040673606 -0.9437129 -0.23599602
0.043977834 -0.90182525 -0.23687133
0.043281585 -0.908815 -0.23837784
0.04246366 -0.92138416 -0.23982897
0.04143146 -0.93965673 -0.24119794
0.04554275 -0.87553185 -0.2422074
0.044675503 -0.8955665 -0.24360958
0.04343451 -0.9221231 -0.24487936
0.048269697 -0.83794075 -0.24587458
0.047441844 -0.8667485 -0.24711853
0.045928758 -0.9029241 -0.2481538
0.043696497 -0.94614726 -0.24894881
0.051084414 -0.8364382 -0.24985489
0.049223453 -0.8834404 -0.25036538
0.04592401 -0.9378402 -0.2506424
0.05641241 -0.8097421 -0.25062287
0.054288607 -0.8681423 -0.24983789
0.049671892 -0.9325016 -0.2488073
0.0098848315 -0.7031689 -0.20279384
0.015158817 -0.7272665 -0.20378785
0.013234281 -0.7022359 -0.20430984
0.011540458 -0.67560387 -0.20480177
0.017062346 -0.70123637 -0.20559436
0.01513226 -0.6782719 -0.20608152
0.013475465 -0.65336996 -0.20647821
0.012103646 -0.62647676 -0.20686007
0.017064622 -0.66137284 -0.2075644
0.015511022 -0.6381037 -0.20799044
0.01414098 -0.6129434 -0.20835383
0.018797282 -0.6517099 -0.20905277
0.017434124 -0.63028663 -0.20952006
0.016139476 -0.60709053 -0.20991907
0.01507723 -0.5820239 -0.2103249
0.019197911 -0.62986815 -0.21115382
0.017983695 -0.6088716 -0.21159625
0.01686844 -0.58612674 -0.21201776
0.020769244 -0.636753 -0.21289758
0.019621786 -0.6181503 -0.2133873
0.01849367 -0.5978454 -0.21384627
0.017518876 -0.5758147 -0.21434608
0.021022003 -0.6348094 -0.21529342
0.019866567 -0.61702466 -0.21578367
0.018766452 -0.5975253 -0.21628292
0.022143148 -0.6587544 -0.21730472
0.020948457 -0.6435439 -0.2178292
0.019747572 -0.6265483 -0.21834986
0.0186658 -0.6077996 -0.21893522
0.02169716 -0.6773113 -0.21996926
0.020386035 -0.66278446 -0.2204991
0.019109113 -0.6463822 -0.22106726
0.022063492 -0.71824837 -0.22221348
0.020642968 -0.70616823 -0.22276257
0.01920218 -0.6919966 -0.2233422
0.017876739 -0.6758663 -0.22401495
0.02046702 -0.75665015 -0.22511703
0.018866083 -0.7446231 -0.22569866
0.017310288 -0.7303941 -0.2263635
0.01979605 -0.8141699 -0.22761127
0.018039655 -0.80424565 -0.22823085
0.01631617 -0.7917902 -0.22894602
0.01472871 -0.7772246 -0.229794
0.016650382 -0.87080884 -0.23089035
0.014776005 -0.86002666 -0.23168942
0.013072456 -0.8470399 -0.23265149
0.0145911155 -0.9442086 -0.23377514
0.012524724 -0.9349265 -0.2347591
0.01081506 -0.9234375 -0.23598471
0.009241019 -0.91095793 -0.23733088
0.0094835 -1.0161947 -0.23797093
0.007837983 -1.0058587 -0.23963743
0.0064846193 -0.9957063 -0.2413345
0.005388579 -1.10369 -0.24148436
0.0039020674 -1.0935864 -0.24376254
0.002798077 -1.0857348 -0.24554728
0.017885877 -0.78467685 -0.20042148
0.009763769 -0.7617478 -0.20012867
0.012762963 -0.7902559 -0.19931537
0.016888222 -0.81434065 -0.19905159
0.008765191 -0.80104655 -0.19856665
0.01232794 -0.8241707 -0.19816238
0.015958456 -0.84193933 -0.1978873
0.01911015 -0.85449064 -0.19763763
0.012163752 -0.85712236 -0.19710864
0.015405384 -0.86900026 -0.19663492
0.018245647 -0.87694174 -0.19614312
0.012287982 -0.88801634 -0.19578569
0.015174135 -0.8947851 -0.19513428
0.017758703 -0.8986971 -0.19446437
0.019968975 -0.9001867 -0.19376369
0.015081416 -0.9185154 -0.19334863
0.01745842 -0.9191655 -0.19254997
0.019560793 -0.9181018 -0.19172911
0.014976697 -0.9399228 -0.19130373
0.017203674 -0.93809867 -0.19040658
0.019213637 -0.93512374 -0.18949158
0.020993007 -0.9312036 -0.18855603
0.016911369 -0.95556974 -0.18805674
0.018861987 -0.9513088 -0.18706359
0.020616682 -0.9465126 -0.18605362
0.016541904 -0.97185564 -0.18552315
0.018471077 -0.9668925 -0.18446258
0.020225396 -0.9617461 -0.18338768
0.021807298 -0.95653063 -0.18229875
0.01802892 -0.98223156 -0.18170643
0.019813899 -0.9772315 -0.18057476
0.021440458 -0.97244406 -0.17943172
0.01753896 -0.9977748 -0.17881346
0.01938952 -0.9933902 -0.17763346
0.021091366 -0.9894639 -0.17644477
0.02265454 -0.9860543 -0.17524943
0.018970592 -1.0107342 -0.17458549
0.02078115 -1.008081 -0.17336181
0.022464564 -1.0061336 -0.17213534
0.01858624 -1.029876 -0.17145827
0.020539079 -1.0288903 -0.17021434
0.022378132 -1.0287602 -0.16897316
0.024120301 -1.0294855 -0.16773705
0.020404419 -1.0526172 -0.16704729
0.022427237 -1.0546373 -0.16581684
0.024396423 -1.0575869 -0.1645987
0.02043329 -1.0801661 -0.16392933
0.022643918 -1.084643 -0.1627506
0.024875253 -1.0900475 -0.16159563
0.027143873 -1.0963515 -0.16045012
0.023074346 -1.119915 -0.15990557
0.025533315 -1.127938 -0.15888768
0.028243244 -1.1367863 -0.15788406
0.023856783 -1.161858 -0.15744807
0.026394375 -1.1726636 -0.15665987
0.029325552 -1.1842388 -0.15593845
0.045764744 -0.903423 -0.20084587
0.039935723 -0.8610777 -0.20096184
0.032133207 -0.8288664 -0.20199972
0.024860382 -0.8125996 -0.20293058
0.04590051 -0.89430505 -0.20059915
0.04007125 -0.8570156 -0.20074362
0.03223851 -0.8283413 -0.20173067
0.02500902 -0.8154469 -0.20265342
0.046050508 -0.8854363 -0.20032817
0.04019468 -0.8528967 -0.20052129
0.032343302 -0.82778716 -0.20145665
0.025165273 -0.8182162 -0.20236114
0.046212725 -0.8767652 -0.20004901
0.040305305 -0.84872925 -0.20029424
0.032446552 -0.8272025 -0.2011773
0.02532758 -0.8208978 -0.20205684
0.04638068 -0.86825675 -0.19977044
0.040403027 -0.84452444 -0.20006195
0.03254809 -0.82658845 -0.20089294
0.025494875 -0.82348466 -0.20174272
0.046547372 -0.859888 -0.19949363
0.04048765 -0.84029347 -0.19982386
0.0326475 -0.8259455 -0.20060354
0.025665883 -0.8259702 -0.20141974
0.046707347 -0.8516448 -0.1992184
0.04055918 -0.83604765 -0.1995796
0.032744516 -0.8252747 -0.20030932
0.02583925 -0.82834923 -0.20108852
0.04685674 -0.8435185 -0.19894388
0.04061776 -0.8317984 -0.19932875
0.032838825 -0.82457715 -0.20001033
0.026013494 -0.8306182 -0.20074946
0.046993 -0.8355048 -0.19866912
0.040663715 -0.82755643 -0.19907102
0.032930173 -0.8238543 -0.19970669
0.026187085 -0.83277524 -0.20040298
0.047114544 -0.82760185 -0.19839318
0.04069753 -0.8233325 -0.19880615
0.03301829 -0.82310784 -0.19939837
0.026358526 -0.8348202 -0.20004956
0.047220483 -0.8198101 -0.19811527
0.040719803 -0.8191364 -0.19853398
0.033102933 -0.8223397 -0.19908537
0.026526421 -0.8367546 -0.19968969
0.047310423 -0.81213117 -0.19783467
0.04073124 -0.8149774 -0.19825442
0.033183858 -0.82155204 -0.1987676
0.026689535 -0.83858144 -0.19932391
0.047384292 -0.8045677 -0.1975508
0.04073258 -0.81086415 -0.19796747
0.03326083 -0.82074744 -0.19844495
0.026846834 -0.84030503 -0.1989527
0.04744227 -0.797123 -0.19726314
0.040724605 -0.8068045 -0.19767316
0.03333363 -0.81992865 -0.19811729
0.026997488 -0.84193057 -0.19857657
0.04748471 -0.789801 -0.19697122
0.04070807 -0.80280554 -0.1973716
0.03340205 -0.8190988 -0.19778447
0.027140895 -0.84346426 -0.1981959
0.04751205 -0.7826057 -0.1966747
0.040683683 -0.7988737 -0.19706291
0.033465907 -0.8182611 -0.19744635
0.027276654 -0.84491277 -0.19781104
0.047524847 -0.7755415 -0.19637325
0.040652122 -0.79501504 -0.19674721
0.033525027 -0.81741923 -0.19710279
0.027404541 -0.8462832 -0.19742224
0.047523696 -0.7686128 -0.19606659
0.040614005 -0.79123485 -0.19642465
0.03357927 -0.8165771 -0.19675364
0.02752449 -0.8475827 -0.19702967
0.047509234 -0.76182395 -0.1957545
0.040569883 -0.787538 -0.19609538
0.033628516 -0.81573856 -0.19639878
0.027636563 -0.8488188 -0.19663343
0.047482155 -0.75517946 -0.19543679
0.04052027 -0.7839291 -0.1957595
0.03367268 -0.8149081 -0.19603813
0.027740918 -0.8499986 -0.19623357
0.04744314 -0.7486836 -0.19511332
0.040465605 -0.7804123 -0.19541715
0.033711698 -0.81409 -0.19567159
0.027837792 -0.8511294 -0.19583006
0.04739289 -0.7423404 -0.19478394
0.040406294 -0.77699167 -0.19506842
0.033745546 -0.8132889 -0.1952991
0.027927483 -0.8522182 -0.19542286
0.047332127 -0.736154 -0.19444858
0.04034271 -0.7736709 -0.1947134
0.033774234 -0.81250966 -0.19492063
0.028010312 -0.8532718 -0.19501184
0.047261547 -0.73012817 -0.19410716
0.040275183 -0.7704536 -0.19435216
0.0337978 -0.811757 -0.1945361
0.02808664 -0.85429686 -0.1945969
0.047181867 -0.72426647 -0.19375964
0.04020402 -0.76734316 -0.1939848
0.03381632 -0.81103593 -0.19414556
0.028156828 -0.85529965 -0.19417788
0.047093786 -0.7185724 -0.19340599
0.040129524 -0.76434296 -0.19361135
0.0338299 -0.81035143 -0.19374897
0.028221248 -0.8562864 -0.19375466
0.04699799 -0.7130491 -0.19304621
0.04005196 -0.76145625 -0.19323188
0.033838682 -0.8097085 -0.19334634
0.02828027 -0.85726297 -0.19332704
0.046895154 -0.7076996 -0.1926803
0.0399716 -0.7586862 -0.19284643
0.03384283 -0.80911213 -0.1929377
0.028334256 -0.8582351 -0.19289489
0.046785947 -0.7025267 -0.19230828
0.039888717 -0.75603586 -0.19245507
0.03384255 -0.8085675 -0.19252308
0.02838356 -0.8592084 -0.19245805
0.046671014 -0.6975329 -0.19193017
0.03980357 -0.7535083 -0.19205782
0.03383806 -0.8080796 -0.19210252
0.028428532 -0.86018807 -0.19201638
0.046550997 -0.69272053 -0.19154604
0.03971642 -0.75110656 -0.19165474
0.033829603 -0.8076533 -0.19167607
0.028469505 -0.8611793 -0.19156973
0.04642651 -0.6880918 -0.19115591
0.03962754 -0.7488336 -0.19124587
0.03381746 -0.80729365 -0.19124374
0.02850681 -0.8621872 -0.19111797
0.04629816 -0.6836487 -0.19075987
0.039537203 -0.7466922 -0.19083127
0.033801917 -0.80700547 -0.19080561
0.028540762 -0.8632166 -0.190661
0.046166535 -0.6793929 -0.19035795
0.039445687 -0.7446853 -0.190411
0.033783283 -0.8067935 -0.19036171
0.028571675 -0.8642723 -0.19019872
0.046032213 -0.67532605 -0.18995026
0.039353285 -0.7428157 -0.18998511
0.033761885 -0.80666244 -0.18991211
0.02859985 -0.8653589 -0.18973103
0.045895744 -0.6714495 -0.18953685
0.039260283 -0.7410861 -0.18955365
0.03373806 -0.80661684 -0.18945684
0.028625594 -0.86648095 -0.18925786
0.045757677 -0.6677645 -0.18911782
0.03916699 -0.7394993 -0.18911669
0.033712167 -0.80666125 -0.18899594
0.0286492 -0.86764294 -0.18877915
0.04561854 -0.6642721 -0.18869326
0.039073717 -0.73805785 -0.18867429
0.033684567 -0.80679995 -0.18852949
0.028670965 -0.8688492 -0.18829484
0.045478854 -0.6609733 -0.18826325
0.03898078 -0.7367643 -0.18822652
0.033655636 -0.80703723 -0.18805751
0.028691178 -0.8701041 -0.18780491
0.045339122 -0.65786874 -0.18782791
0.038888514 -0.73562133 -0.18777347
0.03362576 -0.80737716 -0.18758008
0.028710136 -0.87141174 -0.18730934
0.045199823 -0.654959 -0.18738733
0.03879725 -0.7346312 -0.1873152
0.033595327 -0.80782384 -0.1870972
0.028728135 -0.8727763 -0.18680811
0.04506144 -0.65224475 -0.18694162
0.038707327 -0.7337964 -0.18685178
0.03356474 -0.8083811 -0.18660897
0.028745469 -0.8742019 -0.18630122
0.044924434 -0.6497261 -0.1864909
0.03861911 -0.7331192 -0.1863833
0.033534408 -0.8090525 -0.18611541
0.028762437 -0.8756925 -0.18578868
0.04478925 -0.6474034 -0.18603526
0.03853294 -0.73260176 -0.18590984
0.033504743 -0.80984193 -0.18561657
0.028779346 -0.877252 -0.18527052
0.044656336 -0.6452767 -0.18557481
0.038449187 -0.73224634 -0.18543148
0.033476163 -0.8107527 -0.1851125
0.0287965 -0.87888426 -0.18474676
0.044526115 -0.643346 -0.1851097
0.038368218 -0.7320549 -0.1849483
0.033449095 -0.8117881 -0.18460327
0.028814206 -0.8805931 -0.18421745
0.044398993 -0.6416112 -0.18464002
0.038290415 -0.73202944 -0.18446039
0.033423968 -0.8129513 -0.1840889
0.028832786 -0.88238233 -0.18368265
0.044275373 -0.640072 -0.18416591
0.03821615 -0.73217183 -0.1839678
0.033401217 -0.81424546 -0.18356946
0.028852556 -0.88425547 -0.18314241
0.044155654 -0.6387281 -0.18368748
0.03814581 -0.73248386 -0.18347064
0.033381276 -0.81567335 -0.18304501
0.02887384 -0.8862162 -0.1825968
0.044040203 -0.6375791 -0.18320486
0.03807978 -0.73296726 -0.18296897
0.033364598 -0.81723773 -0.18251559
0.028896967 -0.88826805 -0.18204589
0.043929394 -0.63662446 -0.18271817
0.038018458 -0.73362356 -0.18246287
0.033351626 -0.8189412 -0.18198127
0.028922271 -0.8904144 -0.1814898
0.043823574 -0.63586366 -0.18222754
0.037962236 -0.73445433 -0.18195242
0.03334282 -0.82078606 -0.18144208
0.028950091 -0.89265865 -0.18092857
0.04372309 -0.63529605 -0.18173309
0.03791151 -0.73546094 -0.18143767
0.033338625 -0.82277465 -0.18089813
0.028980764 -0.89500415 -0.18036236
0.043628275 -0.63492095 -0.18123493
0.03786668 -0.7366446 -0.1809187
0.033339515 -0.8249089 -0.18034944
0.029014636 -0.8974541 -0.17979126
0.043539446 -0.6347375 -0.18073319
0.037828162 -0.73800665 -0.18039554
0.03334595 -0.8271909 -0.1797961
0.02905206 -0.9000116 -0.17921537
0.04345691 -0.634745 -0.180228
0.03779635 -0.73954797 -0.17986827
0.033358395 -0.82962215 -0.17923817
0.02909338 -0.90267986 -0.17863487
0.04338097 -0.6349426 -0.17971946
0.037771657 -0.74126965 -0.1793369
0.033377327 -0.8322042 -0.17867574
0.029138956 -0.9054617 -0.17804985
0.0433119 -0.6353293 -0.17920768
0.0377545 -0.7431725 -0.17880148
0.033403225 -0.8349384 -0.17810886
0.029189143 -0.9083602 -0.17746049
0.04324999 -0.6359044 -0.17869277
0.037745286 -0.74525726 -0.17826203
0.033436567 -0.8378258 -0.1775376
0.029244302 -0.9113781 -0.17686695
0.0431955 -0.6366668 -0.17817484
0.037744436 -0.7475245 -0.17771856
0.03347782 -0.84086716 -0.17696209
0.029304788 -0.91451824 -0.17626938
0.043148685 -0.6376156 -0.17765395
0.037752375 -0.7499746 -0.17717108
0.033527482 -0.8440633 -0.17638238
0.029370964 -0.9177833 -0.175668
0.04310979 -0.63874996 -0.17713022
0.03776952 -0.75260806 -0.17661956
0.033586025 -0.8474145 -0.17579858
0.029443195 -0.9211759 -0.17506297
0.043079052 -0.64006895 -0.17660369
0.037796304 -0.755425 -0.17606397
0.033653934 -0.850921 -0.17521079
0.029521843 -0.9246986 -0.17445453
0.043056704 -0.64157164 -0.17607445
0.037833154 -0.75842535 -0.17550428
0.03373168 -0.8545826 -0.1746191
0.029607274 -0.9283539 -0.17384288
0.04304297 -0.6432572 -0.1755425
0.037880518 -0.76160914 -0.1749404
0.03381975 -0.85839903 -0.17402364
0.029699858 -0.93214417 -0.17322826
0.04303806 -0.6451248 -0.1750079
0.037938837 -0.764976 -0.17437229
0.033918608 -0.86236966 -0.17342451
0.029799962 -0.9360718 -0.17261094
0.043042198 -0.64717364 -0.17447062
0.038008563 -0.7685255 -0.1737998
0.034028716 -0.8664936 -0.17282185
0.02990796 -0.94013906 -0.1719912
0.043055587 -0.649403 -0.17393066
0.038090162 -0.7722569 -0.17322282
0.03415053 -0.8707696 -0.1722158
0.030024229 -0.94434816 -0.17136931
0.04307844 -0.6518122 -0.17338797
0.038184106 -0.77616936 -0.17264119
0.03428449 -0.87519634 -0.17160648
0.030149147 -0.9487013 -0.17074563
0.043110974 -0.65440065 -0.17284249
0.03829088 -0.7802618 -0.17205474
0.034431025 -0.879772 -0.17099409
0.0302831 -0.9532005 -0.17012046
0.0431534 -0.65716785 -0.17229407
0.03841099 -0.7845328 -0.17146324
0.03459055 -0.88449466 -0.17037873
0.030426497 -0.95784783 -0.1694942
0.043205947 -0.66011333 -0.17174256
0.038544953 -0.7889807 -0.17086644
0.03476345 -0.88936204 -0.16976063
0.030579735 -0.96264523 -0.16886726
0.043268852 -0.6632366 -0.17118777
0.038693313 -0.7936036 -0.1702641
0.034950107 -0.8943716 -0.16913995
0.030743241 -0.96759456 -0.16824007
0.043342352 -0.66653746 -0.17062946
0.038856633 -0.79839915 -0.16965586
0.03515086 -0.8995206 -0.16851689
0.030917464 -0.97269756 -0.16761312
0.04342672 -0.6700156 -0.1700673
0.0390355 -0.80336463 -0.16904141
0.035366025 -0.904806 -0.16789168
0.03110286 -0.9779559 -0.16698694
0.043522228 -0.6736708 -0.16950093
0.039230537 -0.8084969 -0.16842037
0.035595898 -0.9102246 -0.16726455
0.03129993 -0.98337114 -0.1663621
0.04362918 -0.677503 -0.16892992
0.039442394 -0.8137924 -0.1677923
0.035840746 -0.9157731 -0.16663574
0.031509206 -0.98894465 -0.16573925
0.0437479 -0.68151206 -0.16835375
0.039671745 -0.81924695 -0.1671568
0.036100794 -0.9214478 -0.1660055
0.03173124 -0.9946775 -0.16511908
0.043878723 -0.68569785 -0.16777185
0.0399193 -0.8248558 -0.16651338
0.036376245 -0.9272451 -0.16537416
0.031966653 -1.0005708 -0.16450234
0.044022016 -0.69006044 -0.16718355
0.040185783 -0.83061343 -0.1658616
0.03666728 -0.93316114 -0.16474201
0.032216106 -1.0066249 -0.16388987
0.044178154 -0.69459975 -0.16658808
0.04047195 -0.83651376 -0.165201
0.036974046 -0.9391922 -0.16410942
0.0324803 -1.0128405 -0.16328256
0.044347525 -0.6993158 -0.16598462
0.040778533 -0.8425498 -0.16453113
0.037296675 -0.9453342 -0.16347678
0.032760005 -1.0192171 -0.16268139
0.04453051 -0.70420855 -0.1653722
0.041106258 -0.8487139 -0.16385163
0.037635267 -0.95158327 -0.16284454
0.033056024 -1.0257542 -0.16208738
0.04472748 -0.7092782 -0.16474979
0.041455798 -0.8549974 -0.16316223
0.03798992 -0.95793563 -0.16221322
0.03336921 -1.0324507 -0.16150163
0.04493876 -0.7145249 -0.16411623
0.041827768 -0.86139107 -0.16246279
0.03836071 -0.96438736 -0.16158344
0.03370043 -1.0393045 -0.16092524
0.045164634 -0.71994907 -0.16347027
0.042222645 -0.8678847 -0.16175333
0.03874771 -0.97093475 -0.1609559
0.03405054 -1.0463132 -0.16035935
0.045405276 -0.7255513 -0.16281046
0.0426408 -0.8744677 -0.16103414
0.039150994 -0.97757405 -0.16033149
0.034420386 -1.0534734 -0.15980509
0.045660738 -0.73133296 -0.16213521
0.04308242 -0.881129 -0.1603058
0.039570604 -0.98430187 -0.15971121
0.034810722 -1.0607811 -0.15926349
0.04593093 -0.73729575 -0.16144258
0.04354756 -0.8878574 -0.15956935
0.04000659 -0.9911146 -0.15909635
0.03522221 -1.0682317 -0.15873548
0.04621558 -0.743443 -0.1607301
0.04403611 -0.89464176 -0.15882638
0.040458944 -0.99800915 -0.1584884
0.035655346 -1.0758197 -0.15822186
0.046514437 -0.74977964 -0.15999411
0.04454791 -0.9014715 -0.15807934
0.040927626 -1.0049822 -0.15788919
0.03611049 -1.0835396 -0.15772311
0.046827547 -0.75631404 -0.15922888
0.045082763 -0.9083365 -0.15733205
0.041412473 -1.012031 -0.15730083
0.036587805 -1.0913852 -0.15723939
0.047156874 -0.76305914 -0.15842241
0.0456405 -0.9152278 -0.1565907
0.041913185 -1.0191526 -0.15672581
0.03708728 -1.0993509 -0.1567703
0.047509253 -0.7700379 -0.15755393
0.04622088 -0.92213666 -0.1558647
0.042429287 -1.0263445 -0.1561665
0.037608765 -1.1074301 -0.15631433
0.047907352 -0.77729064 -0.15655552
0.04682298 -0.9290582 -0.15516956
0.04295986 -1.0336057 -0.1556262
0.038151704 -1.1156182 -0.15586922
0.04842355 -0.78490937 -0.15532361
0.0474454 -0.93598217 -0.15452263
0.04350433 -1.0409304 -0.15510555
0.038715675 -1.123907 -0.15542865
0.05725315 -0.93935966 -0.19986598
0.050621763 -0.9084619 -0.1994607
0.053945463 -0.8951775 -0.19896317
0.056823656 -0.8796076 -0.198518
0.04943374 -0.85689455 -0.19851324
0.052632764 -0.8417142 -0.19792955
0.05543588 -0.82414144 -0.19745804
0.057877097 -0.80397916 -0.1970201
0.05134541 -0.7951997 -0.19683866
0.053809233 -0.7760461 -0.19627963
0.056070764 -0.7547613 -0.19574636
0.050100528 -0.75578225 -0.19551605
0.052167233 -0.7356828 -0.19487362
0.05417102 -0.7138652 -0.19425192
0.056076583 -0.69042677 -0.1936215
0.050529685 -0.702928 -0.1932545
0.052282076 -0.6810245 -0.19255517
0.054027345 -0.65782344 -0.19184893
0.04890432 -0.6775932 -0.19144897
0.050441474 -0.6559323 -0.19067794
0.052017912 -0.6332233 -0.1899052
0.05362165 -0.60954493 -0.18911813
0.048683587 -0.63827443 -0.1886395
0.05011651 -0.61623204 -0.18780683
0.05161481 -0.5933839 -0.1869626
0.047045533 -0.62773126 -0.18645787
0.048365198 -0.6064623 -0.18557009
0.049766444 -0.5844927 -0.18467627
0.051245674 -0.5618515 -0.18376817
0.046800673 -0.60354507 -0.18321182
0.04812871 -0.58244467 -0.18227561
0.049555365 -0.5606907 -0.18132778
0.045455884 -0.60715204 -0.18074931
0.046731662 -0.5868627 -0.17977755
0.048112392 -0.5658737 -0.17879911
0.049597014 -0.5441487 -0.17780715
0.04559945 -0.59745026 -0.177198
0.04694576 -0.5770623 -0.17619796
0.048412807 -0.5557844 -0.17518641
0.04475507 -0.6140289 -0.17454827
0.046068657 -0.59405583 -0.17353459
0.047500405 -0.5729574 -0.17251243
0.049063172 -0.5506084 -0.17147274
0.045500163 -0.61684036 -0.17080428
0.04686787 -0.595663 -0.16977474
0.048373464 -0.57287806 -0.16872174
0.04528722 -0.6456083 -0.1679694
0.04654888 -0.624166 -0.16691554
0.04786213 -0.60073036 -0.16581477
0.04931507 -0.57530427 -0.16464165
0.04667912 -0.6588713 -0.16378962
0.047663283 -0.63477975 -0.16249864
0.048456583 -0.6090074 -0.1610011
0.04752453 -0.6999259 -0.16016847
0.048091426 -0.67516464 -0.15829149
0.047855943 -0.65055984 -0.15606679
0.050497085 -0.7706387 -0.1510716
0.06442368 -0.9396135 -0.1418928
0.08122967 -1.1090652 -0.12688185
0.054502048 -0.818397 -0.14953136
0.06952841 -0.9880336 -0.13734844
0.08752714 -1.1588494 -0.120977536
0.05902501 -0.86625683 -0.14606218
0.07507095 -1.0373133 -0.13234945
0.04994632 -0.74243647 -0.15125692
0.063863255 -0.9148896 -0.14198731
0.081034645 -1.0872366 -0.12689765
0.05376833 -0.79061985 -0.14934671
0.06909387 -0.96438414 -0.13741603
0.087398045 -1.1376358 -0.120978735
0.058328185 -0.8398677 -0.1460684
0.07473981 -1.0145882 -0.13238558
0.049551375 -0.71563244 -0.1516405
0.06326776 -0.88981843 -0.14204258
0.08079025 -1.0652928 -0.1269098
0.05321365 -0.7634242 -0.14918384
0.06860491 -0.9404989 -0.13746242
0.08722475 -1.116351 -0.12098444
0.057667516 -0.8134145 -0.14603464
0.07435284 -0.9917297 -0.13241032
0.049155056 -0.6891427 -0.15196507
0.06263066 -0.86456317 -0.14207149
0.08049462 -1.0432805 -0.12691793
0.05269391 -0.7365933 -0.14912963
0.068048395 -0.9164832 -0.13749103
0.08700656 -1.0950167 -0.12099023
0.056984257 -0.78702134 -0.14602281
0.07389835 -0.96880877 -0.13242377
0.048748545 -0.6625984 -0.15219362
0.061904013 -0.839255 -0.14209265
0.08014452 -1.0212449 -0.12691982
0.052058533 -0.70984274 -0.1491839
0.067382894 -0.8924369 -0.13750386
0.08675358 -1.0736629 -0.12099012
0.00067109946 -1.518783 -0.2726474
0.024067994 -1.2748389 -0.26476896
0.042334184 -1.0401654 -0.24764374
0.009844812 -1.4325676 -0.27113408
0.031738788 -1.1910965 -0.2610578
-0.0073900227 -1.5948296 -0.27387485
0.018622959 -1.34664 -0.26901257
0.039183922 -1.1077722 -0.25657126
0.0024848715 -1.507959 -0.2731812
0.027014174 -1.2610866 -0.2662515
0.046264444 -1.0241591 -0.25071147
0.011973763 -1.4211476 -0.27192783
0.03502879 -1.176005 -0.26280206
-0.0059131035 -1.5844928 -0.27406982
0.021083137 -1.3344346 -0.27007562
0.042656615 -1.0914952 -0.2585467
0.00421304 -1.4972879 -0.27358967
0.029810831 -1.2478899 -0.26758945
0.049662456 -1.0080651 -0.25316668
0.013979947 -1.4100015 -0.2725833
0.03813157 -1.1616479 -0.26442087
-0.004501669 -1.5742551 -0.27419886
0.023392227 -1.322648 -0.27099356
0.04595666 -1.0760273 -0.2604639
0.0058366642 -1.4867948 -0.2738845
0.03244171 -1.2352756 -0.26878065
0.053023178 -0.99200445 -0.25548834
0.015846688 -1.3991455 -0.27310842
0.041086353 -1.1480154 -0.26590252
0.058845565 -0.9123255 -0.24961072
0.025533376 -1.3112897 -0.27177325
0.049205262 -1.06125 -0.26227987
0.0073392345 -1.4764853 -0.27408332
0.034887463 -1.2232485 -0.26982975
0.05651266 -0.9760759 -0.2577379
0.017548036 -1.3885813 -0.27351508
0.04386336 -1.1351163 -0.26724026
0.06250227 -0.8950482 -0.25214702
0.022551874 -1.2681026 -0.25994837
0.0014898856 -1.5045677 -0.27038532
-0.025665468 -1.7522938 -0.27335402
0.015805561 -1.3485318 -0.26357755
-0.0072303526 -1.5892234 -0.2720138
0.026978362 -1.2041513 -0.2526399
0.008419311 -1.4302828 -0.26663965
-0.016425043 -1.6744603 -0.27303472
0.02097015 -1.2802197 -0.257601
0.00049327017 -1.5131423 -0.2691432
-0.026069293 -1.7601775 -0.27325216
0.014444841 -1.3584857 -0.26158866
-0.007946998 -1.596984 -0.27108625
0.026241263 -1.2133951 -0.24930766
0.0073563303 -1.4386423 -0.26495403
-0.016887661 -1.681672 -0.2724332
0.019859953 -1.28927 -0.25491557
-0.0002987009 -1.5203698 -0.26775765
-0.026308207 -1.767086 -0.27304655
0.013405289 -1.3662413 -0.25938907
-0.008491731 -1.6034184 -0.27000824
0.0259432 -1.2161176 -0.247485
0.006508106 -1.4451393 -0.26310846
-0.01720525 -1.6876047 -0.27168098
0.019359263 -1.2933614 -0.25232983
-0.0009201683 -1.5258775 -0.2662224
-0.026424456 -1.772756 -0.27268162
0.012783939 -1.3705777 -0.25705823
-0.00889217 -1.6082321 -0.26877663
-0.036133893 -1.8587149 -0.27274173
0.005940431 -1.4490331 -0.2611095
-0.017400764 -1.6919806 -0.2707677
0.01919012 -1.2925301 -0.2503059
-0.0013437826 -1.5291954 -0.26453674
-0.026436098 -1.7769308 -0.27213657
0.01256598 -1.3707131 -0.25483602
-0.009140241 -1.6110679 -0.26739198
-0.03598773 -1.8629 -0.2727157
0.005704542 -1.4495884 -0.25905204
-0.017471736 -1.6945107 -0.26969174
0.01917463 -1.28759 -0.24890234
-0.0015196626 -1.5297676 -0.26273602
-0.02634166 -1.7793407 -0.2714071
0.012622052 -1.3667303 -0.2528954
-0.009202431 -1.6115242 -0.26587003
-0.03574682 -1.8653835 -0.27243474
0.0057712467 -1.446436 -0.257068
-0.017396476 -1.6948719 -0.26846182
-0.045685746 -1.9524757 -0.27255124
-0.001428263 -1.5271511 -0.26089606
-0.026125614 -1.7797148 -0.27049956
0.012858255 -1.359041 -0.25127378
-0.009047572 -1.6092006 -0.26425126
-0.03539858 -1.8659075 -0.27192256
0.006069052 -1.4396405 -0.25524154
-0.017146926 -1.6927409 -0.26710123
-0.045219745 -1.9533104 -0.27259088
-0.0010935945 -1.5211492 -0.2590959
-0.025765318 -1.7777739 -0.26943067
0.013239389 -1.3480142 -0.24991597
-0.008669238 -1.6038213 -0.26259276
-0.034924738 -1.8642285 -0.27120262
0.006542031 -1.4294329 -0.25359797
-0.01670431 -1.6878321 -0.26564807
-0.044638183 -1.9519975 -0.27232972
-0.0005592754 -1.5118074 -0.25738573
-0.025240023 -1.7732661 -0.268228
-0.054919314 -2.0409846 -0.27266285
-0.008085487 -1.5952711 -0.26094717
-0.034306392 -1.8601135 -0.27030268
0.007157508 -1.416055 -0.25212505
-0.016067619 -1.6799678 -0.26414672
-0.043924466 -1.9483263 -0.2718162
0.00013818711 -1.4992675 -0.25578573
-0.024538822 -1.7659872 -0.26692712
-0.054112658 -2.0378363 -0.27267435
-0.007324962 -1.5835848 -0.25934955
-0.033529438 -1.8533715 -0.2692553
0.007890012 -1.3996774 -0.25078437
-0.0152506735 -1.6690776 -0.2626363
-0.043064605 -1.9421107 -0.27109206
0.000971839 -1.4836948 -0.2542965
-0.023663364 -1.7558215 -0.2655652
-0.0531668 -2.0321815 -0.27237517
-0.0064133913 -1.5688553 -0.257818
-0.032588303 -1.8438581 -0.26809603
0.008737246 -1.3804282 -0.24952328
-0.0142736435 -1.6551903 -0.26114488
-0.042050026 -1.9332107 -0.2701973
0.0019232659 -1.4652151 -0.25290477
-0.022624776 -1.7427273 -0.26417476
-0.052072443 -2.0238793 -0.271828
-0.0053720465 -1.5512017 -0.2563588
-0.03148629 -1.8315005 -0.2668592
-0.06268165 -2.1158676 -0.27293703
-0.013155822 -1.6383728 -0.25969002
-0.040879026 -1.9215292 -0.26917008
0.002983654 -1.4439316 -0.25158608
-0.021438349 -1.7267315 -0.26278093
-0.05082547 -2.0128348 -0.27108032
-0.004215164 -1.530718 -0.25496924
-0.030233016 -1.8162776 -0.265575
-0.061351288 -2.1054356 -0.27255782
-0.011913891 -1.6187146 -0.25828132
-0.03955621 -1.9070252 -0.26804528
0.004136956 -1.4199053 -0.25031006
-0.020119254 -1.7078869 -0.2614017
-0.049427133 -1.9989897 -0.2701745
-0.0029533824 -1.507488 -0.25363907
-0.02884088 -1.7982181 -0.26426792
-0.059869308 -2.0922043 -0.27194604
-0.010559615 -1.5962884 -0.25692227
-0.03809043 -1.8896946 -0.2668533
-0.07091217 -2.1867063 -0.27334496
-0.018680861 -1.6862643 -0.26004955
-0.04788316 -1.9823287 -0.26914784
-0.0015963425 -1.4815605 -0.2523515
-0.027322374 -1.7773664 -0.26295722
-0.058239296 -2.0761468 -0.27114764
-0.009102938 -1.5711627 -0.25561064
-0.036492385 -1.8695687 -0.2656197
-0.06918585 -2.1712005 -0.27285308
-0.017133264 -1.6619222 -0.25873226
-0.046202052 -1.9628612 -0.2680327
-0.00014311427 -1.4529729 -0.25108528
-0.02568856 -1.7537822 -0.26165792
-0.05646789 -2.0572698 -0.27020282
-0.0075500016 -1.5433751 -0.2543387
-0.03477274 -1.8466883 -0.26436552
-0.067313805 -2.1528425 -0.27214384
-0.015484873 -1.634916 -0.25745338
-0.044393416 -1.9406219 -0.26685655
-0.07877207 -2.2496474 -0.27386728
-0.023948215 -1.7275133 -0.2603814
-0.054563385 -2.035593 -0.2691465
-0.005903413 -1.5129559 -0.2530933
-0.032940935 -1.8211046 -0.26310822
-0.0653033 -2.1316552 -0.27126116
-0.013740195 -1.6052762 -0.25621215
-0.042466585 -1.9156483 -0.26564264
-0.076643124 -2.2288792 -0.2732353
-0.022108275 -1.698606 -0.2591359
-0.05253447 -2.0111527 -0.26800868
-0.004169105 -1.4799033 -0.25185615
-0.031004686 -1.7928579 -0.26186228
-0.06316226 -2.1076658 -0.27024257
-0.01190244 -1.5730253 -0.25500292
-0.04042979 -1.8879844 -0.26441076
-0.07437778 -2.2052717 -0.27239236
-0.020172456 -1.6670842 -0.25792637
-0.050389268 -1.9839816 -0.26681498
-0.0023369603 -1.4442034 -0.2506044
-0.028969789 -1.7619857 -0.26063964
-0.060898256 -2.0809078 -0.26912084
-0.0099723665 -1.5381556 -0.25381443
-0.03828975 -1.8576617 -0.26317787
-0.0719832 -2.178855 -0.27138758
-0.018143214 -1.632964 -0.25675434
-0.04813478 -1.9541136 -0.26558727
-0.08368079 -2.2779267 -0.27368644
-0.026839523 -1.7285062 -0.2594499
-0.05851791 -2.0514054 -0.26792416
-0.007943875 -1.5006454 -0.25262818
-0.036051456 -1.8247092 -0.2619587
-0.06946537 -2.1496558 -0.27025703
-0.01601869 -1.5962332 -0.255617
-0.04577663 -1.9215691 -0.26434448
-0.08101456 -2.248986 -0.2726699
-0.02461537 -1.6924303 -0.25830048
-0.056026507 -2.019178 -0.26667657
-0.005818969 -1.4604354 -0.25141552
-0.033717837 -1.7891375 -0.26076606
-0.06682869 -2.1176846 -0.26903227
-0.013793988 -1.5568645 -0.2545056
-0.04331888 -1.8863633 -0.26310304
-0.07822339 -2.2172475 -0.27150297
-0.022294557 -1.6537422 -0.2571963
-0.053427927 -1.9842284 -0.2653986
-0.09025587 -2.3179724 -0.27419934
-0.0312898 -1.7509499 -0.25961125
-0.06407591 -2.0829403 -0.2677403
-0.01146238 -1.5147902 -0.25340182
-0.040763926 -1.8484933 -0.26187742
-0.07530881 -2.1827028 -0.2702228
-0.019871876 -1.6124109 -0.25613946
-0.050724532 -1.94655 -0.26410767
-0.08717573 -2.2836542 -0.27296513
-0.028764717 -1.7101266 -0.25850406
-0.06120803 -2.0454018 -0.2664039
-0.009002309 -1.4699061 -0.25226906
-0.03811218 -1.8079488 -0.26068026
-0.07227013 -2.1453276 -0.26886186
-0.017335767 -1.5683641 -0.25512767
-0.04791704 -1.906118 -0.26281875
-0.08396694 -2.2465003 -0.27159536
-0.026137207 -1.6666312 -0.25745296
-0.05822433 -2.0050352 -0.2650421
-0.09634376 -2.348971 -0.27476195
-0.035361234 -1.764696 -0.2595223
-0.06910467 -2.1050742 -0.26744738
-0.014665656 -1.5214893 -0.2541508
-0.045003947 -1.8628949 -0.26154423
-0.08062515 -2.2064607 -0.2701342
-0.023395019 -1.6203892 -0.25646573
-0.05512202 -1.9617864 -0.26367104
-0.09283305 -2.3092487 -0.27325976
-0.03250586 -1.7186809 -0.25841168
-0.06580779 -2.0618825 -0.26600206
-0.011837415 -1.4715964 -0.25317782
-0.041980736 -1.8168162 -0.26029325
-0.07714378 -2.1634655 -0.26861787
-0.020519897 -1.571282 -0.2555513
-0.05189528 -1.9155865 -0.26230425
-0.08918108 -2.2665935 -0.2716457
-0.029535491 -1.6698067 -0.25735348
-0.06237267 -2.0156775 -0.26454553
-0.008790296 -1.4183825 -0.25211084
-0.03883874 -1.7677834 -0.25907004
-0.073514625 -2.1174371 -0.2670753
-0.017482812 -1.5191147 -0.25472483
-0.048533674 -1.8663362 -0.26095235
-0.085377015 -2.220916 -0.26998267
-0.026436778 -1.6179217 -0.25634927
-0.05878928 -1.9663748 -0.26309556
-0.097980164 -2.3260105 -0.27348083
-0.035562973 -1.7156353 -0.25787148
-0.06972802 -2.0682962 -0.26553056
-0.014225883 -1.4635731 -0.25401825
-0.04501989 -1.8138943 -0.25962204
-0.08140826 -2.17213 -0.26831025
-0.023189604 -1.5627832 -0.25539792
-0.055042733 -1.9138734 -0.26166862
-0.09384703 -2.2777364 -0.2715815
-0.03213451 -1.6601126 -0.2566835
-0.06577195 -2.0159721 -0.26400572
-0.010672627 -1.404125 -0.2534749
-0.0413262 -1.7580469 -0.2583155
-0.07726132 -2.1201665 -0.2666564
-0.01976982 -1.5040014 -0.25450036
-0.05111027 -1.8580439 -0.26027876
-0.08952392 -2.2262795 -0.26971135
-0.028512446 -1.6007966 -0.25547695
-0.061629876 -1.9604044 -0.2625207
-0.10255242 -2.33411 -0.27343413
-0.037423182 -1.6984781 -0.25703308
-0.07292003 -2.0649934 -0.26504424
-0.016192513 -1.4409322 -0.25368008
-0.046962593 -1.798707 -0.25893736
-0.084986486 -2.17159 -0.26790276
-0.024709396 -1.5369977 -0.25420418
-0.05726899 -1.9015262 -0.2610903
-0.09782533 -2.279992 -0.2712355
-0.03320431 -1.6347398 -0.2557812
-0.06835734 -2.0066233 -0.2634924
-0.011952808 -1.3719985 -0.2531308
-0.042539608 -1.7356339 -0.25765726
-0.08020857 -2.1137044 -0.2661761
-0.020255677 -1.4676023 -0.25281668
-0.05265773 -1.8392398 -0.25972483
-0.0928138 -2.222565 -0.26920113
0.060486015 -0.92511433 -0.14568524
0.07558805 -1.0887935 -0.13222115
0.052267253 -0.82909566 -0.15049073
0.06519522 -0.9865653 -0.1415869
0.081446454 -1.1514415 -0.12684584
0.056515824 -0.8888341 -0.14879832
0.070254534 -1.0482366 -0.13707109
0.08764886 -1.2140474 -0.121017024
0.060755953 -0.9485801 -0.14541362
0.07567923 -1.110148 -0.13215616
0.052141804 -0.8521012 -0.1506621
0.065357156 -1.008921 -0.14140324
0.08147047 -1.1722511 -0.12683117
0.056543183 -0.9117411 -0.14838357
0.07033989 -1.0698024 -0.13695015
0.08762176 -1.234443 -0.12105349
0.06083602 -0.9708168 -0.14512831
0.075706124 -1.1311424 -0.13209105
0.051998265 -0.8729749 -0.15094142
0.065406665 -1.0304654 -0.14121257
0.081453 -1.192831 -0.12682144
0.056392323 -0.93275434 -0.14812055
0.070349865 -1.0908035 -0.13682732
0.08757189 -1.2547257 -0.12110294
0.060761735 -0.99176764 -0.14487067
0.07568287 -1.1517475 -0.13202739
0.05180072 -0.8923952 -0.1511856
0.065354414 -1.0511419 -0.14102615
0.08140558 -1.2131629 -0.12681714
0.056148466 -0.95229864 -0.14799258
0.07029318 -1.1112021 -0.13670623
0.08750999 -1.2748867 -0.12116472
0.060573492 -1.0115253 -0.14466928
0.07561759 -1.1719385 -0.13196662
0.051541943 -0.9106805 -0.15138598
0.06521292 -1.0709499 -0.14085841
0.08133583 -1.2332307 -0.12681851
0.05584555 -0.9707049 -0.1479539
0.07017607 -1.1309835 -0.13659267
0.0874433 -1.2949166 -0.12123775
0.060306825 -1.0302533 -0.14453
0.075515345 -1.1917015 -0.13191105
0.051228046 -0.928028 -0.15155463
0.0649995 -1.0899408 -0.14072034
0.08124843 -1.2530235 -0.12682614
0.055499006 -0.9881996 -0.14796887
0.070006385 -1.1501583 -0.13649309
0.08737609 -1.3148062 -0.12132087
0.05998672 -1.0481174 -0.14444529
0.07538067 -1.2110351 -0.13186374
0.050867934 -0.9445791 -0.15170182
0.06473206 -1.1081971 -0.14061652
0.08114667 -1.272536 -0.126841
0.05511832 -1.0049403 -0.14801541
0.06979381 -1.16876 -0.13641259
0.0873108 -1.3345475 -0.12141308
0.059629638 -1.0652591 -0.14440392
0.075218715 -1.2299507 -0.13182783
0.050470084 -0.9604422 -0.15183419
0.06442597 -1.125811 -0.14054634
0.08103349 -1.2917693 -0.1268643
0.054710705 -1.0210422 -0.1480806
0.069548555 -1.1868376 -0.13635392
0.08724904 -1.3541341 -0.121513575
0.05924665 -1.0817925 -0.14439553
0.075035304 -1.2484707 -0.13180575
0.05004179 -0.97570276 -0.15195577
0.06409331 -1.1428709 -0.1405063
0.08091199 -1.3107306 -0.12689717
0.05428206 -1.0365937 -0.14815685
0.06928007 -1.2044473 -0.13631755
0.087192155 -1.3735626 -0.12162176
0.058845595 -1.0978078 -0.14441183
0.07483653 -1.2666262 -0.13179885
0.0495891 -0.99043 -0.15206902
0.06374321 -1.1594552 -0.14049195
0.08078555 -1.3294333 -0.1269404
0.053837266 -1.0516645 -0.14823958
0.068996534 -1.221646 -0.13630229
0.08714154 -1.3928325 -0.12173712
0.05843227 -1.1133778 -0.14444652
0.074628286 -1.2844527 -0.13180739
0.049116924 -1.0046803 -0.15217552
0.063382566 -1.1756314 -0.14049885
0.080657735 -1.347895 -0.12699424
0.05338032 -1.0663109 -0.14832595
0.06870463 -1.2384877 -0.13630605
0.087098755 -1.411947 -0.12185914
0.05801112 -1.128561 -0.1444949
0.0744159 -1.3019872 -0.1318307
0.04862919 -1.0185003 -0.15227622
0.063016586 -1.1914564 -0.14052302
0.080532014 -1.3661366 -0.1270584
0.05291447 -1.080579 -0.14841413
0.06840973 -1.2550211 -0.13632631
0.087065436 -1.4309119 -0.12198717
0.057585593 -1.1434059 -0.14455344
0.074204 -1.3192655 -0.13186748
0.048128992 -1.0319285 -0.15237176
0.06264928 -1.2069783 -0.14056106
0.08041166 -1.3841797 -0.12713207
0.05244231 -1.0945075 -0.14850289
0.06811612 -1.271289 -0.13636054
0.087043256 -1.4497358 -0.12212034
0.057158392 -1.1579521 -0.14461948
0.073996454 -1.3363211 -0.13191603
0.04761871 -1.0449967 -0.15246259
0.06228375 -1.2222371 -0.1406101
0.08029956 -1.4020463 -0.12721404
0.051965855 -1.1081278 -0.14859141
0.06782717 -1.2873286 -0.13640627
0.087033786 -1.468428 -0.12225755
0.056731626 -1.1722331 -0.14469096
0.073796466 -1.3531845 -0.13197443
0.047100097 -1.057731 -0.15254898
0.061922424 -1.237267 -0.1406678
0.08019821 -1.4197571 -0.1273028
0.051486656 -1.1214669 -0.14867917
0.06754556 -1.3031719 -0.13646129
0.087038435 -1.486999 -0.122397445
0.05630694 -1.186277 -0.14476638
0.07360663 -1.369882 -0.13204074
0.046574395 -1.0701529 -0.15263116
0.061567217 -1.2520968 -0.14073215
0.08010968 -1.4373307 -0.12739658
0.05100583 -1.134547 -0.14876579
0.06727343 -1.3188461 -0.13652351
0.087058365 -1.5054585 -0.12253841
0.055885594 -1.2001076 -0.1448445
0.07342905 -1.3864367 -0.13211298
0.04604236 -1.0822796 -0.15270935
0.061219655 -1.2667509 -0.14080152
0.08003559 -1.4547833 -0.12749355
0.050524145 -1.1473869 -0.14885111
0.0670125 -1.3343744 -0.13659112
0.08709446 -1.5238149 -0.12267864
0.055468556 -1.2137454 -0.14492443
0.073265344 -1.4028677 -0.13218921
0.04550434 -1.0941247 -0.15278374
0.06088097 -1.2812505 -0.14087449
0.07997721 -1.472128 -0.12759168
0.050042048 -1.1600022 -0.14893506
0.066764146 -1.3497763 -0.13666236
0.0871473 -1.5420748 -0.12281614
0.055056546 -1.2272078 -0.14500551
0.07311682 -1.4191904 -0.1322675
0.044960283 -1.1056987 -0.15285453
0.060552187 -1.2956134 -0.14094985
0.07993538 -1.4893748 -0.12768893
0.049559727 -1.1724063 -0.14901774
0.06652952 -1.3650676 -0.13673562
0.08721713 -1.5602419 -0.122948796
0.05465012 -1.2405102 -0.1450872
0.0729844 -1.4354166 -0.13234591
0.04440979 -1.1170092 -0.15292197
0.060234178 -1.3098549 -0.14102647
0.07991058 -1.5065297 -0.12778316
0.04907714 -1.1846101 -0.14909928
0.066309564 -1.380261 -0.13680924
0.08730381 -1.5783174 -0.123074435
0.054249715 -1.2536662 -0.14516908
0.07286871 -1.4515538 -0.13242242
0.04385209 -1.1280608 -0.1529864
0.05992774 -1.323988 -0.14110327
0.07990284 -1.5235952 -0.12787224
0.048594043 -1.1966232 -0.14917997
0.06610501 -1.3953651 -0.13688153
0.08740686 -1.5962992 -0.12319084
0.05385571 -1.2666874 -0.14525074
0.07276999 -1.4676052 -0.13249494
0.043286074 -1.1388559 -0.15304822
0.059633613 -1.3380228 -0.14117901
0.07991175 -1.5405695 -0.12795404
0.04811004 -1.2084533 -0.14926016
0.06591635 -1.410385 -0.13695054
0.08752535 -1.614182 -0.1232959
0.053468496 -1.2795842 -0.14533174
0.07268799 -1.4835693 -0.13256134
0.042710263 -1.1493944 -0.15310791
0.05935249 -1.3519663 -0.14125217
0.079936355 -1.5574466 -0.12802656
0.04762465 -1.2201072 -0.14934027
0.065743744 -1.4253201 -0.137014
0.08765799 -1.631958 -0.123387635
0.053088564 -1.2923648 -0.14541128
0.07262185 -1.4994392 -0.13261937
0.042122845 -1.1596733 -0.1531662
0.05908499 -1.3658209 -0.14132066
0.079975106 -1.574217 -0.12808804
0.04713741 -1.2315902 -0.14942065
0.06558676 -1.4401642 -0.13706924
0.08780304 -1.6496171 -0.1234643
0.052716605 -1.3050348 -0.145488
0.07256991 -1.5152031 -0.13266695
0.04152169 -1.1696872 -0.15322405
0.058831472 -1.3795828 -0.1413814
0.08002579 -1.5908676 -0.12813717
0.046648093 -1.2429065 -0.14950141
0.06544402 -1.454903 -0.1371132
0.0879583 -1.6671478 -0.12352446
0.05235366 -1.3175946 -0.14555931
0.07252943 -1.530844 -0.13270226
0.040904507 -1.1794276 -0.15328282
0.05859167 -1.3932382 -0.14143
0.080085434 -1.6073842 -0.12817314
0.046157166 -1.2540576 -0.14958203
0.06531266 -1.4695138 -0.13714252
0.08812088 -1.6845375 -0.12356706
0.05200126 -1.330036 -0.14562039
0.0724964 -1.5463415 -0.13272415
0.040269233 -1.1888828 -0.15334465
0.058363974 -1.4067593 -0.14146039
0.08015008 -1.623752 -0.1281958
0.04566675 -1.2650414 -0.1496603
0.06518771 -1.4839658 -0.13715416
0.08828669 -1.7017745 -0.1235915
0.051661406 -1.3423336 -0.14566265
0.07246526 -1.5616752 -0.13273227
0.039615024 -1.1980373 -0.15341283
0.058144193 -1.4200997 -0.14146505
0.08021419 -1.6399585 -0.12820555
0.045182537 -1.2758455 -0.14973
0.06506152 -1.4982228 -0.13714601
0.08844922 -1.7188475 -0.123597644
0.05133587 -1.3544325 -0.14567178
0.07242832 -1.5768278 -0.13272701
0.03894487 -1.2068709 -0.15349256
0.057923906 -1.4331937 -0.1414364
0.08026913 -1.6559954 -0.12820303
0.044717487 -1.2864345 -0.14977519
0.06492317 -1.5122502 -0.13711736
0.08859728 -1.7357475 -0.123585954
0.051023554 -1.3662311 -0.14562702
0.07237394 -1.5917895 -0.13270883
0.038272914 -1.2153577 -0.15359028
0.05768847 -1.4459636 -0.14136922
0.080300175 -1.6718599 -0.1281888
0.04429774 -1.296714 -0.14975834
0.06475589 -1.526024 -0.13706818
0.08871177 -1.752469 -0.123557724
0.050713114 -1.3775693 -0.14550534
0.07228139 -1.6065614 -0.13267758
0.03764769 -1.2234546 -0.15370211
0.05741111 -1.4583429 -0.14126185
0.080281794 -1.6875584 -0.12816356
0.04396488 -1.306447 -0.14960198
0.06452542 -1.5395406 -0.13699792
0.088763624 -1.7690114 -0.12351574
0.0503585 -1.3882626 -0.1452913
0.07211063 -1.621159 -0.13263316
0.03725591 -1.2310613 -0.15372421
0.057017833 -1.4703084 -0.14111453
0.080175675 -1.7031077 -0.12812994
0.043676667 -1.315135 -0.14918715
0.06415328 -1.5528233 -0.13690898
0.088720754 -1.7853808 -0.123466
0.034853466 -1.2559594 -0.1523267
0.030071741 -1.2836026 -0.15178315
0.033781078 -1.2995938 -0.1506564
0.037815057 -1.3144413 -0.14965694
0.04168441 -1.3272543 -0.14878072
0.03723434 -1.3612305 -0.14814101
0.04116565 -1.374246 -0.14721276
0.044856407 -1.3852566 -0.14631292
0.041242935 -1.4246539 -0.14577745
0.04501332 -1.4356105 -0.14482865
0.048551872 -1.4447721 -0.14388701
0.051819813 -1.4522476 -0.1429451
0.04932243 -1.4980799 -0.14241545
0.052703045 -1.505446 -0.14143172
0.055869255 -1.5113584 -0.14044596
0.054007832 -1.5611824 -0.13993707
0.05723443 -1.5668912 -0.13891488
0.060288664 -1.5713524 -0.13788934
0.06317041 -1.5746493 -0.13685785
0.06208463 -1.6288158 -0.13632575
0.06503091 -1.6319646 -0.13526404
0.06783682 -1.6341124 -0.1341965
0.067212544 -1.6910238 -0.13366197
0.07005822 -1.6930038 -0.13256684
0.07279105 -1.6941231 -0.13146593
0.07541562 -1.6944368 -0.13035792
0.07534297 -1.754339 -0.12979704
0.078007855 -1.7545494 -0.12866433
0.08058797 -1.7540672 -0.12752466
0.08086564 -1.8158853 -0.12695284
0.0834663 -1.8153034 -0.12578797
0.08600646 -1.8141314 -0.1246155
0.08848638 -1.8123993 -0.12343608
0.08914808 -1.8763317 -0.12282486
0.09165316 -1.874587 -0.12161314
0.09412117 -1.8723674 -0.120395534
0.09503466 -1.9376032 -0.119739644
-0.0909383 -2.1859114 -0.2680051
-0.050061993 -1.7928498 -0.2589365
-0.015540271 -1.402131 -0.25247642
-0.07808637 -2.0659478 -0.2649945
-0.03895108 -1.6714094 -0.25685793
-0.0047659376 -1.2729785 -0.25181532
-0.06567057 -1.9452914 -0.2622691
-0.028174229 -1.5481246 -0.2550375
-0.09623854 -2.2221594 -0.2692049
-0.05365115 -1.8233862 -0.25982714
-0.017646601 -1.4224626 -0.25349507
-0.08292094 -2.1009445 -0.26613337
-0.04201012 -1.6997468 -0.2576733
-0.007380738 -1.2938722 -0.25248465
-0.07002964 -1.9789457 -0.2633244
-0.030755397 -1.5739763 -0.2558162
-0.10168917 -2.2587836 -0.27041352
-0.05751895 -1.8555148 -0.26078856
-0.019940458 -1.4458559 -0.2542848
-0.08798063 -2.1366637 -0.2673322
-0.045374293 -1.730098 -0.25853723
-0.009850447 -1.3158889 -0.25309047
-0.07466032 -2.0136776 -0.26445594
-0.033624288 -1.6022695 -0.25658357
-0.002061489 -1.1880798 -0.2510077
-0.06169186 -1.8890882 -0.26183102
-0.022389092 -1.4718692 -0.25494292
-0.09326079 -2.1729457 -0.2685831
-0.049062494 -1.7622749 -0.2594758
-0.012067381 -1.3395602 -0.25356132
-0.07957315 -2.0493472 -0.26566473
-0.036807433 -1.6327555 -0.25740042
-0.003864917 -1.2087365 -0.2517291
-0.066203624 -1.9239736 -0.26296386
-0.02505997 -1.500296 -0.25559855
-0.09876008 -2.2096515 -0.26987264
-0.05315989 -1.7961334 -0.26050964
-0.01421101 -1.3653334 -0.25397912
