0.027774675 -1.0882195 -0.18169445
0.07954495 -1.9293604 -0.18574792
0.07400701 -1.9781246 -0.1729713
0.06115455 -1.3460016 -0.14224675
0.028097142 -1.0870981 -0.1807994
0.07914283 -1.9255356 -0.185747
0.07360074 -1.9741482 -0.17297085
0.060754947 -1.3444394 -0.14227466
0.026620511 -1.0300133 -0.18104614
0.021002728 -1.0231307 -0.1799487
0.006088566 -1.00521 -0.18180306
-0.013671865 -0.96262985 -0.18262114
-0.03463964 -0.9182123 -0.1826463
-0.03263352 -1.0929946 -0.18165119
-0.043026578 -1.0763022 -0.16886416
-0.05808501 -0.88370454 -0.14235531
-0.034979686 -0.91731626 -0.18275307
-0.032975394 -1.0909479 -0.18163759
-0.04337439 -1.0741022 -0.1688461
-0.05842701 -0.8825389 -0.1423413
-0.03533217 -0.9160394 -0.18275537
-0.033319544 -1.088754 -0.18162012
-0.043724217 -1.0717764 -0.16882184
-0.058771875 -0.88123184 -0.14232172
-0.0356669 -0.9150083 -0.18276645
-0.033658426 -1.0867206 -0.18163212
-0.044071753 -1.0695851 -0.1688476
-0.05911681 -0.88007426 -0.14235032
-0.035912924 -0.9136788 -0.18272378
-0.03400006 -1.0845255 -0.1815705
-0.04442087 -1.0672656 -0.168747
-0.059463955 -0.87877 -0.14225587
-0.036065295 -0.9126916 -0.18268755
-0.034336507 -1.0825077 -0.18164445
-0.04476786 -1.0650858 -0.16888095
-0.059810914 -0.8776231 -0.14239049
-0.03644041 -0.9115584 -0.18274835
-0.03467661 -1.0803008 -0.1815162
-0.045116793 -1.0627561 -0.16866238
-0.06016006 -0.87630546 -0.14217985
-0.036705222 -0.9108531 -0.18270496
-0.035009667 -1.0783225 -0.181629
-0.045462016 -1.0606267 -0.16886894
-0.06050805 -0.8752081 -0.14238618
-0.036848996 -0.90968263 -0.18285131
-0.03534841 -1.0760614 -0.18155035
-0.045812447 -1.0582155 -0.16872777
-0.06086048 -0.8738068 -0.14225051
-0.038036216 -0.89392453 -0.18242137
-0.06899368 -0.7015414 -0.12382806
-0.054166857 -0.9771576 -0.15584274
-0.040470816 -1.08557 -0.17624676
-0.034418046 -1.0226462 -0.18320395
-0.045470476 -0.9327875 -0.18302017
-0.05335803 -0.9848048 -0.1772946
-0.06777179 -0.91444016 -0.15861747
-0.08697218 -0.7160812 -0.12776357
-0.047568183 -0.7551319 -0.18277615
-0.07236439 -0.46415484 -0.18468234
-0.103859946 -0.16304941 -0.19090065
-0.054973204 -0.6591444 -0.1831818
-0.08214074 -0.3620992 -0.18611345
-0.17879806 -1.1248909 0.08761679
-0.16558726 -1.0506223 0.086639784
-0.123623155 -0.8166046 0.07961892
-0.15522358 -0.9799527 0.08501243
-0.11512827 -0.78823364 0.08190971
-0.15296823 -0.9520923 0.08415847
-0.038172588 -0.8899692 -0.18241258
-0.04419285 -0.8661077 -0.18230616
-0.040277697 -0.8786288 -0.18206437
-0.044858392 -0.8566031 -0.18223861
-0.03898005 -0.8670344 -0.18199944
-0.054879233 -0.7579878 -0.18233763
-0.07328201 -0.5457204 -0.184725
-0.09717261 -0.31473747 -0.19149423
-0.04763592 -0.83848804 -0.18217218
-0.043543812 -0.852836 -0.18213187
-0.22282691 -1.935258 0.20970309
-0.16703393 -1.3788551 0.15273415
-0.18737291 -1.2016096 0.09214804
-0.24512848 -1.8016996 0.16071418
-0.30012077 -2.3438084 0.21629518
-0.29937267 -2.4981878 0.24710234
-0.22632231 -1.9733647 0.21387823
-0.17003314 -1.4186462 0.1579234
-0.13057558 -0.83653533 0.08790343
-0.22489071 -1.9660416 0.2138314
-0.16871618 -1.4110503 0.1579139
-0.13977356 -0.83004785 0.08773998
-0.054830328 -0.6585919 -0.18319626
-0.082155794 -0.35974568 -0.1860986
-0.03951851 -0.8507154 -0.18225685
-0.0631248 -0.5591365 -0.18374993
-0.09286767 -0.25518376 -0.1881168
-0.24378738 -2.139841 0.22991988
-0.1852863 -1.5912851 0.17779288
-0.12767495 -1.0153359 0.11487518
-0.24236913 -2.1326103 0.22987297
-0.1839068 -1.5838546 0.17775522
-0.12514536 -1.0066309 0.11508543
-0.04594329 -0.7557011 -0.18291436
-0.07219074 -0.45705444 -0.18465464
-0.104413345 -0.1492004 -0.1907834
-0.054351803 -0.6569064 -0.18323733
-0.08219373 -0.3526314 -0.18605012
-0.26210725 -2.3054478 0.2445798
-0.20115788 -1.7614698 0.19632538
-0.14550272 -1.1959002 0.13695581
-0.26070043 -2.2983007 0.2444948
-0.19976774 -1.7542435 0.1962794
-0.14422959 -1.1885135 0.13700464
-0.039799526 -0.85296553 -0.18251698
-0.06279362 -0.5555082 -0.18375365
-0.09308933 -0.24632844 -0.18804182
-0.045658868 -0.7555149 -0.18300939
-0.072036855 -0.45159602 -0.18462834
-0.10482325 -0.13865072 -0.19068895
-0.21786442 -1.9299008 0.21360202
-0.16170314 -1.3737028 0.15786457
-0.122323945 -0.7747823 0.0871479
-0.21647534 -1.9227643 0.2135564
-0.16026372 -1.3663602 0.15785165
-0.1147369 -0.7638881 0.086913235
-0.053796466 -0.6550599 -0.18327186
-0.082222275 -0.34541664 -0.1859956
-0.03843586 -0.8561145 -0.18258019
-0.062409543 -0.5518908 -0.18375205
-0.09330522 -0.23739521 -0.1879606
-0.23537137 -2.0969188 0.22963673
-0.17690566 -1.5474585 0.177567
-0.124358855 -0.96698636 0.11568313
0.003321488 -1.7461048 0.2131844
0.04243364 -1.3790225 0.15998176
0.07735751 -0.9893537 0.11208263
-0.19689526 -1.9856478 0.2431955
-0.1190538 -1.6663966 0.24048048
-0.062519655 -1.6053665 0.23830779
-0.023710888 -1.7752767 0.23745088
0.07339272 -0.57885116 0.09550768
0.036518145 -0.39613482 0.09243352
-0.011126468 -0.37889066 0.09081813
-0.07439073 -0.5650071 0.08745533
0.08194122 -0.66229516 0.09692983
0.04876756 -0.42647952 0.09231242
0.0043868287 -0.35991836 0.09050811
-0.053134296 -0.4760726 0.0884695
0.0822566 -0.65670115 0.09610419
0.049141858 -0.42084527 0.0915704
0.0047993497 -0.35372856 0.08975675
-0.05265669 -0.4687011 0.08773913
0.08257991 -0.65112305 0.095247805
0.049520947 -0.4152122 0.090828575
0.0052157724 -0.3475426 0.089007616
-0.05217469 -0.46133855 0.08701977
0.08281541 -0.64559066 0.094362475
0.049843762 -0.40960476 0.090087555
0.005578078 -0.34138137 0.0882612
-0.0517656 -0.4540112 0.08631173
0.08326568 -0.6400388 0.09345128
0.050300322 -0.40397653 0.08934841
0.006068715 -0.33520308 0.08751845
-0.051180508 -0.44666415 0.08561591
0.08331433 -0.6345657 0.0925191
0.05050486 -0.39839438 0.088612944
0.006315852 -0.32906905 0.08678105
-0.050929956 -0.43937927 0.084934086
0.08396274 -0.6290644 0.09157263
0.051080562 -0.39278722 0.08788388
0.006921798 -0.3229141 0.08605158
-0.050183333 -0.43206912 0.08426914
0.083888434 -0.6235867 0.09061894
0.051207915 -0.38719055 0.087164365
0.0070920903 -0.31676883 0.085333146
-0.050041348 -0.42477414 0.08362417
-0.027004326 -0.9243408 -0.18254985
-0.0062811766 -0.974134 -0.18241759
0.011883423 -1.0061175 -0.18111637
0.023885138 -1.0098642 -0.17901203
0.025069399 -0.9927192 -0.1783374
0.015437293 -0.9999445 -0.18044181
-0.0010256191 -0.978612 -0.1821284
-0.021228628 -0.9348918 -0.18263939
0.023936793 -0.97773343 -0.17804553
0.014686291 -0.989634 -0.18033525
-0.0015416861 -0.97127664 -0.18208499
-0.021595541 -0.92971164 -0.182637
0.02290637 -0.962732 -0.17775436
0.014010599 -0.97936064 -0.1802266
-0.0020206461 -0.96397096 -0.18203801
-0.02191828 -0.924552 -0.18263075
0.021767985 -0.9477308 -0.17746745
0.013262377 -0.96902496 -0.18011777
-0.002536067 -0.9566152 -0.18198957
-0.022282543 -0.9193537 -0.1826228
0.02069399 -0.93272907 -0.17718525
0.012558183 -0.9587275 -0.1800089
-0.0030313297 -0.9492871 -0.18194026
-0.02262218 -0.91417575 -0.18261403
0.019571472 -0.91772914 -0.1769076
0.011823536 -0.9483746 -0.1798997
-0.003541869 -0.9419146 -0.18189012
-0.02297861 -0.9089637 -0.18260466
-0.02391614 -0.41525617 -0.17489088
-0.119773254 0.6674107 -0.1692022
-0.22752413 1.6777261 -0.17232323
-0.2274472 1.5847771 -0.173907
-0.17754374 0.97452056 -0.17966326
-0.14295784 0.4586268 -0.18783258
-0.12249605 0.07715057 -0.19332695
-0.022859331 -0.9001016 -0.18257573
-0.0038252124 -0.9278705 -0.18172458
0.01083112 -0.9268573 -0.17956176
0.017396593 -0.8852803 -0.17618853
-0.022498168 -0.90540373 -0.18258832
-0.0033059025 -0.9353655 -0.18177955
0.011575266 -0.9373751 -0.17967717
0.01854672 -0.9005481 -0.1764757
0.046428975 -1.0268086 -0.17896675
0.03629487 -0.9923616 -0.17683443
0.04229138 -0.9671101 -0.17906083
0.032017935 -0.93366027 -0.17781116
0.03794305 -0.90637517 -0.17892481
0.027465694 -0.8758632 -0.17950588
0.022610955 -0.70240754 -0.17901549
-0.10738354 0.6656023 -0.16982512
-0.23007116 1.8098325 -0.17070657
-0.21869326 1.6185864 -0.17148682
-0.10976586 0.58393735 -0.1695082
-0.0111054545 -0.54970765 -0.17708589
-0.18995337 1.358109 -0.17013596
-0.083803885 0.3085632 -0.1705272
-0.26618296 2.023005 -0.17502786
-0.15307283 1.0101368 -0.16920014
-0.050560653 -0.06634063 -0.17285857
-0.22644238 1.6805927 -0.17205207
-0.11751476 0.6566415 -0.16931134
-0.01944622 -0.45369005 -0.17604221
-0.18835281 1.3375258 -0.17012419
-0.0832643 0.29532936 -0.17046972
-0.26416245 1.9994487 -0.17498584
-0.15174982 0.9915237 -0.16921113
-0.050550863 -0.07561755 -0.1728745
-0.22461168 1.6584119 -0.17203854
-0.11652863 0.64038026 -0.1692673
-0.019938683 -0.45844916 -0.17553616
-0.18674837 1.3169576 -0.17012131
-0.08270151 0.28214645 -0.17049575
-0.26213023 1.9758594 -0.17496258
-0.15042114 0.97287655 -0.16921212
-0.050483875 -0.08502938 -0.17274603
0.0036607177 -1.7506061 0.21314152
0.042721387 -1.3842794 0.1599991
0.077315345 -0.9963067 0.1121879
0.0039944313 -1.7551227 0.21309812
0.04300713 -1.3895243 0.16001704
0.077235445 -1.0032353 0.11232137
0.0043227673 -1.7596622 0.2130544
0.04329536 -1.394756 0.1600358
0.07716814 -1.0099822 0.112485826
0.0046454314 -1.7642418 0.21301027
0.0435852 -1.4000279 0.160055
0.07714226 -1.016548 0.11268125
0.0049618203 -1.7688742 0.21296571
0.043875366 -1.4054031 0.1600746
0.07715875 -1.0237334 0.11290796
0.005272091 -1.7735524 0.21292062
0.044167954 -1.4108444 0.1600942
0.07727085 -1.0309621 0.113164395
0.0055739107 -1.7782563 0.21287511
0.044459514 -1.4162779 0.1601141
0.07742422 -1.0379233 0.11344798
0.005870243 -1.7829806 0.21282846
0.04476044 -1.4217054 0.16013233
0.07762783 -1.0448127 0.11375245
0.0060971337 -1.787698 0.21278222
0.04496066 -1.4270881 0.16015251
0.077866204 -1.0516243 0.11407235
0.102547176 -1.0270219 0.08881104
0.09182037 -0.9000892 0.094037965
0.10067972 -1.0459971 0.09234411
0.090825155 -0.91828746 0.098498724
0.09876842 -1.064545 0.095708124
0.08791424 -0.9354556 0.099170946
0.016305057 -2.0041099 0.2125114
0.050840907 -1.6711262 0.1600634
0.0850886 -1.3382525 0.11416448
-0.07181593 -0.42127806 -0.101270065
-0.04121444 -0.44468716 -0.100948915
-0.006223321 -0.45531943 -0.099049404
0.033077925 -0.41958866 -0.095818885
-0.072039574 -0.4003135 -0.09942007
-0.041083988 -0.42449826 -0.09922874
-0.0057604993 -0.4334868 -0.09726237
0.03407786 -0.39462954 -0.093959704
-0.07228787 -0.3796641 -0.09760479
-0.040925026 -0.4044595 -0.0974883
-0.005267941 -0.41197056 -0.095473036
0.035115656 -0.37037235 -0.092140146
-0.07254562 -0.35929132 -0.09581016
-0.04073733 -0.38458657 -0.09573226
-0.004745662 -0.39077967 -0.093681976
0.0361876 -0.3468318 -0.09035683
-0.07279604 -0.3391715 -0.094026886
-0.040521603 -0.36489964 -0.09396591
-0.0041957004 -0.3699303 -0.09189134
0.037288126 -0.32403207 -0.088605836
-0.073027335 -0.3192933 -0.09225206
-0.040278155 -0.34541768 -0.092192285
-0.003619284 -0.34943756 -0.09010173
0.038412496 -0.30199578 -0.08688227
-0.07323121 -0.29965416 -0.090483606
-0.040007602 -0.32615998 -0.09041351
-0.0030179182 -0.32931763 -0.088313885
0.03955537 -0.2807441 -0.08518251
-0.07340259 -0.280258 -0.08872013
-0.03971059 -0.30714554 -0.0886308
-0.0023929062 -0.3095863 -0.08652814
0.04071123 -0.260294 -0.083503395
-0.073538534 -0.26111278 -0.08696024
-0.039387934 -0.28839275 -0.08684487
-0.0017455826 -0.29025897 -0.08474474
0.041874267 -0.24065739 -0.08184217
-0.07363772 -0.24222936 -0.08520264
-0.03904061 -0.26991946 -0.085056074
-0.0010773378 -0.27135044 -0.08296381
0.043038614 -0.2218408 -0.08019608
-0.07369975 -0.22362041 -0.08344609
-0.03866968 -0.2517426 -0.08326461
-0.00038957736 -0.25287473 -0.081185415
0.044198673 -0.2038451 -0.07856239
-0.07372492 -0.2053 -0.0816894
-0.038276255 -0.23387842 -0.08147056
0.00031623966 -0.23484512 -0.07940957
0.04534931 -0.18666609 -0.076938294
-0.07371391 -0.18728298 -0.07993149
-0.037861492 -0.21634227 -0.07967394
0.0010385982 -0.2172739 -0.07763625
0.046486042 -0.170295 -0.075321116
-0.07366769 -0.16958484 -0.07817135
-0.037426572 -0.19914871 -0.077874735
0.0017759224 -0.20017253 -0.075865395
0.04760513 -0.15471935 -0.07370827
-0.07358737 -0.15222146 -0.07640808
-0.036972653 -0.18231152 -0.07607292
0.0025266018 -0.1835514 -0.07409689
0.048703603 -0.13992377 -0.072097465
-0.07347427 -0.13520893 -0.074640855
-0.036500957 -0.16584374 -0.074268416
0.003288912 -0.16741993 -0.072330564
0.04977917 -0.12589082 -0.07048665
-0.0733297 -0.11856344 -0.07286895
-0.03601261 -0.14975776 -0.072461165
0.0040611727 -0.15178643 -0.07056623
0.050830256 -0.11260176 -0.06887411
-0.07315511 -0.10230118 -0.07109169
-0.035508797 -0.13406526 -0.07065106
0.004841615 -0.13665815 -0.06880362
0.0518558 -0.10003709 -0.06725845
-0.07295198 -0.08643825 -0.069308504
-0.034990694 -0.118777394 -0.068838
0.0056284578 -0.12204122 -0.067042455
0.052855197 -0.08817715 -0.06563854
-0.0727218 -0.0709906 -0.06751887
-0.03445942 -0.10390473 -0.067021824
0.006419976 -0.10794068 -0.065282375
0.05382824 -0.07700246 -0.064013556
-0.07246615 -0.055973902 -0.06572231
-0.03391615 -0.08945724 -0.065202385
0.0072144056 -0.09436045 -0.06352301
0.054774944 -0.06649393 -0.062382877
-0.07218661 -0.041403577 -0.06391841
-0.033362046 -0.075444415 -0.0633795
0.008010032 -0.08130337 -0.06176395
0.055695523 -0.056633156 -0.060746077
-0.071884796 -0.027294759 -0.062106818
-0.032798283 -0.061875243 -0.061552957
0.008805178 -0.0687713 -0.06000475
0.056590315 -0.04740252 -0.059102908
-0.07156233 -0.013662193 -0.060287192
-0.03222602 -0.04875817 -0.059722535
0.009598242 -0.05676505 -0.05824496
0.05745973 -0.038785182 -0.057453223
-0.07122089 -0.00052027166 -0.058459237
-0.03164649 -0.036101177 -0.057888
0.010387635 -0.04528452 -0.05648411
0.058304187 -0.030765174 -0.055796977
-0.07086213 0.012117111 -0.05662267
-0.031060876 -0.02391164 -0.056049075
0.0111718895 -0.03432864 -0.054721713
0.059124127 -0.023327284 -0.05413419
-0.07048772 0.02423632 -0.054777242
-0.03047039 -0.012196575 -0.054205492
0.011949608 -0.023895642 -0.052957304
0.059919972 -0.016457194 -0.052464947
-0.070099376 0.035824306 -0.052922707
-0.029876284 -0.0009623414 -0.052356955
0.012719441 -0.013982885 -0.051190402
0.060692083 -0.010141246 -0.050789345
-0.06969879 0.046868376 -0.051058836
-0.029279785 0.009785133 -0.05050316
0.013480157 -0.0045871004 -0.04942054
0.061440814 -0.0043665213 -0.049107514
-0.069287635 0.0573563 -0.0491854
-0.028682128 0.02004047 -0.048643786
0.014230603 0.0042956206 -0.04764727
0.062166456 0.0008792778 -0.047419585
-0.06886767 0.067276314 -0.047302183
-0.028084587 0.029798811 -0.04677851
0.014969683 0.012669743 -0.045870155
0.06286924 0.0056078658 -0.045725703
-0.06844057 0.07661707 -0.04540897
-0.02748839 0.039055806 -0.044907
0.015696416 0.020540206 -0.04408878
0.06354939 0.009830426 -0.044026002
-0.068008095 0.085367724 -0.043505542
-0.026894813 0.047807645 -0.04302892
0.01640986 0.027912399 -0.04230275
0.06420705 0.013557685 -0.042320605
-0.06757193 0.093517885 -0.041591667
-0.02630508 0.056051083 -0.041143917
0.017109193 0.03479211 -0.040511686
0.06484233 0.016799957 -0.04060962
-0.06713384 0.10105759 -0.039667133
-0.025720451 0.06378331 -0.039251655
0.017793613 0.04118539 -0.038715247
0.065455325 0.019567149 -0.03889317
-0.06669554 0.10797737 -0.037731707
-0.025142144 0.07100211 -0.03735179
0.01846242 0.04709861 -0.036913097
0.066046074 0.021868866 -0.03717133
-0.06625876 0.11426826 -0.035785146
-0.024571367 0.077705786 -0.035443973
0.019114975 0.052538384 -0.035104927
0.06661461 0.023714412 -0.03544417
-0.065825246 0.11992167 -0.03382723
-0.024009334 0.083893076 -0.033527877
0.019750673 0.057511456 -0.03329046
0.067160934 0.025112802 -0.03371176
-0.065396756 0.12492958 -0.03185771
-0.02345722 0.089563295 -0.031603172
0.020368986 0.062024772 -0.031469434
0.06768503 0.026072841 -0.03197414
-0.06497501 0.12928441 -0.029876335
-0.022916177 0.09471622 -0.029669523
0.020969436 0.06608538 -0.029641606
0.06818686 0.02660311 -0.030231336
-0.06456177 0.13297905 -0.027882867
-0.022387344 0.0993521 -0.027726635
0.021551583 0.06970042 -0.027806763
0.06866639 0.026711995 -0.028483365
-0.06415879 0.1360069 -0.025877059
-0.021871831 0.10347165 -0.025774213
0.022115044 0.07287705 -0.025964709
0.069123566 0.026407717 -0.02673023
-0.063767806 0.13836189 -0.023858646
-0.021370715 0.1070761 -0.023811955
0.022659484 0.07562253 -0.024115248
0.06955834 0.025698334 -0.0249719
-0.0633906 0.14003836 -0.021827407
-0.020885058 0.110167034 -0.021839632
0.02318459 0.07794403 -0.022258252
0.06997064 0.02459177 -0.023208372
-0.06302891 0.14103127 -0.019783067
-0.020415865 0.11274657 -0.019856967
0.023690123 0.0798488 -0.020393545
0.07036043 0.023095794 -0.02143957
-0.0626845 0.14133601 -0.017725414
-0.019964136 0.11481715 -0.017863778
0.024175854 0.08134395 -0.018521039
0.07072765 0.021218088 -0.019665467
-0.06235913 0.1409486 -0.015654193
-0.019530822 0.116381705 -0.015859852
0.024641616 0.08243656 -0.016640607
0.07107224 0.018966176 -0.017885968
-0.062054563 0.13986553 -0.0135691995
-0.019116841 0.11744351 -0.013845044
0.02508727 0.083133616 -0.014752179
0.071394175 0.016347514 -0.016101006
-0.06177256 0.13808388 -0.011470199
-0.018723072 0.118006244 -0.01181921
0.025512727 0.083441965 -0.0128556695
0.07169341 0.013369413 -0.014310463
-0.061514877 0.1356013 -0.009357002
-0.018350365 0.11807393 -0.009782268
0.025917925 0.0833683 -0.010951035
0.07196993 0.010039112 -0.012514236
-0.061283287 0.13241605 -0.0072294334
-0.01799952 0.117650986 -0.007734172
0.026302848 0.08291915 -0.009038245
0.072223686 0.0063637686 -0.010712194
-0.061079532 0.12852699 -0.0050873226
-0.017671302 0.116742104 -0.0056749093
0.026667522 0.08210082 -0.0071172793
0.07245469 0.002350415 -0.0089041935
-0.060905375 0.12393357 -0.0029305276
-0.017366434 0.11535234 -0.003604518
0.027012011 0.08091938 -0.005188136
0.07266296 -0.0019939907 -0.0070900763
-0.060762573 0.11863597 -0.00075894693
-0.017085595 0.11348706 -0.0015230998
0.027336415 0.07938063 -0.003250836
0.07284848 -0.0066625434 -0.005269662
-0.060652863 0.112634964 0.0014275117
-0.016829412 0.11115187 0.00056920445
0.027640881 0.07749006 -0.0013054113
0.07301128 -0.011648466 -0.0034427608
-0.060578 0.1059321 0.003628883
-0.016598478 0.10835269 0.0026721735
0.027925588 0.07525281 0.0006480777
0.07315141 -0.016945004 -0.0016091646
-0.06053971 0.09852961 0.005845171
-0.016393326 0.10509569 0.004785527
0.028190754 0.07267366 0.002609558
0.07326892 -0.022545492 0.00023135608
-0.06053972 0.09043048 0.008076333
-0.016214438 0.10138724 0.0069089127
0.028436644 0.069756955 0.0045789336
0.07336387 -0.028443333 0.0020790435
-0.06057974 0.0816385 0.010322276
-0.016062243 0.09723394 0.0090419
0.028663544 0.06650659 0.006556095
0.073436335 -0.034631982 0.0039341757
-0.06066147 0.072158255 0.012582844
-0.01593711 0.09264255 0.011183972
0.028871788 0.06292595 0.008540906
0.073486425 -0.041104954 0.005797039
-0.0607866 0.06199519 0.0148578165
-0.015839359 0.087620005 0.01333452
0.029061725 0.059017904 0.010533213
0.073514245 -0.04785581 0.007667959
-0.0609568 0.05115569 0.017146884
-0.015769234 0.08217336 0.015492829
0.02923374 0.05478475 0.012532827
0.07351994 -0.054878112 0.009547275
-0.061173685 0.039646965 0.019449674
-0.015726905 0.07630973 0.017658094
0.029388249 0.050228138 0.014539553
0.07350366 -0.06216554 0.0114353625
-0.06143888 0.02747722 0.021765705
-0.015712487 0.070036285 0.019829394
0.029525664 0.0453491 0.016553164
0.0734656 -0.069711775 0.01333264
-0.061753955 0.014655735 0.024094382
-0.015726 0.06336024 0.02200567
0.029646428 0.04014801 0.018573394
0.07340598 -0.07751051 0.01523954
-0.06212044 0.0011927625 0.026434992
-0.015767395 0.056288715 0.024185743
0.029750971 0.034624524 0.020599961
0.07332505 -0.08555551 0.01715656
-0.062539816 -0.012900362 0.028786683
-0.015836518 0.048828755 0.026368305
0.029839732 0.028777586 0.022632552
0.07322314 -0.09384059 0.019084228
-0.06301352 -0.027611293 0.031148471
-0.015933134 0.04098716 0.028551908
0.029913124 0.02260537 0.024670836
0.073100574 -0.10235971 0.021023154
-0.063542865 -0.04292631 0.033519153
-0.01605689 0.032770626 0.030734917
0.029971542 0.016105428 0.026714416
0.0729578 -0.11110678 0.02297397
-0.064129174 -0.058830757 0.03589737
-0.016207334 0.02418539 0.032915566
0.030015342 0.009274497 0.0287629
0.0727953 -0.12007599 0.024937414
-0.064773574 -0.075308725 0.038281538
-0.016383879 0.015237302 0.035091914
0.030044843 0.0021086577 0.030815842
0.07261368 -0.12926167 0.02691428
-0.06547715 -0.092343114 0.04066983
-0.01658582 0.005931677 0.037261836
0.030060297 -0.0053966623 0.032872777
0.07241362 -0.1386584 0.028905472
-0.066240825 -0.109915525 0.043060128
-0.016812308 -0.0037267748 0.03942302
0.030061899 -0.013246594 0.03493319
0.07219595 -0.14826109 0.030911976
-0.06706541 -0.12800658 0.045450054
-0.017062357 -0.013734239 0.041572977
0.030049754 -0.021446876 0.03699657
0.0719616 -0.15806516 0.032934926
-0.0679515 -0.14659552 0.047836863
-0.01733481 -0.024087738 0.043709014
0.030023905 -0.030003604 0.039062355
0.0717117 -0.16806655 0.034975555
-0.068899535 -0.16566058 0.05021747
-0.017628357 -0.03478547 0.045828268
0.029984297 -0.038923264 0.04112998
0.07144753 -0.178262 0.037035245
-0.069909774 -0.18517902 0.05258839
-0.017941538 -0.04582698 0.047927696
0.029930778 -0.048212618 0.043198895
0.07117056 -0.18864927 0.03911557
-0.070982195 -0.20512682 0.05494568
-0.01827271 -0.057213128 0.050004072
0.029863136 -0.05787839 0.045268517
0.0708825 -0.19922712 0.04121821
-0.0721166 -0.22547942 0.05728497
-0.018620104 -0.0689467 0.052054066
0.029781055 -0.067927465 0.04733835
0.070585206 -0.20999601 0.043345086
-0.07331251 -0.24621107 0.05960133
-0.018981818 -0.08103209 0.05407421
0.029684156 -0.07836637 0.049407914
0.07028076 -0.22095789 0.045498244
-0.0745692 -0.26729557 0.061889328
-0.019355847 -0.09347596 0.05606103
0.029572021 -0.08920146 0.051476825
0.069971435 -0.23211691 0.047679927
-0.07588569 -0.28870606 0.06414294
-0.019740146 -0.106287085 0.05801106
0.029444188 -0.1004386 0.05354483
0.069659606 -0.24347948 0.049892526
-0.07726077 -0.31041506 0.06635549
-0.02013271 -0.11947644 0.059920955
0.029300176 -0.11208303 0.05561183
0.06934769 -0.25505456 0.05213856
-0.07869297 -0.33239484 0.068519674
-0.020531608 -0.13305736 0.061787635
0.029139541 -0.12413938 0.057677962
0.069038086 -0.26685405 0.054420624
-0.08018067 -0.35461706 0.070627436
-0.02093515 -0.14704512 0.0636084
0.02896184 -0.13661137 0.059743613
0.06873298 -0.27889246 0.05674136
-0.081722036 -0.37705323 0.072669946
-0.021341937 -0.16145702 0.065381154
0.028766707 -0.14950192 0.061809517
0.06843421 -0.29118735 0.059103373
-0.083315074 -0.399674 0.07463752
-0.021750947 -0.1763113 0.06710462
0.028553845 -0.16281277 0.06387677
0.06814312 -0.30375838 0.06150911
-0.084957674 -0.42244986 0.07651941
-0.022161638 -0.19162722 0.06877867
0.02832301 -0.17654495 0.06594693
0.0678604 -0.31662738 0.06396085
-0.086647645 -0.4453497 0.07830375
-0.022573935 -0.20742337 0.07040474
0.028073974 -0.19069803 0.06802199
0.06758596 -0.32981682 0.066460446
-0.08838225 -0.46834162 0.07997645
-0.022988098 -0.22371748 0.071986504
0.027806517 -0.20527086 0.07010441
0.067319036 -0.34334916 0.06900907
-0.09015848 -0.49138954 0.08152168
-0.023404684 -0.24052466 0.07353104
0.027520208 -0.22026086 0.07219705
0.06705828 -0.35724515 0.0716065
-0.091969416 -0.5144552 0.082914606
-0.02382407 -0.2578569 0.075050674
0.02721444 -0.23566431 0.07430305
0.06680228 -0.37152264 0.07424979
-0.09380525 -0.5374842 0.08412692
-0.024246756 -0.27572334 0.07656603
0.0268879 -0.2514771 0.07642542
0.06654976 -0.38619676 0.076929584
-0.09562741 -0.5604144 0.085074544
-0.02467255 -0.2941253 0.07811246
0.02653904 -0.26769048 0.0785683
0.06630038 -0.40127304 0.07962731
-0.097369835 -0.5830934 0.08567399
-0.025102496 -0.31307384 0.07973914
0.026165567 -0.2843053 0.08073126
0.06605447 -0.41676527 0.082298465
-0.098749064 -0.60520273 0.08528101
-0.025540698 -0.33252355 0.08151305
0.02576379 -0.3012783 0.08291523
0.06580788 -0.43262243 0.08488495
-0.0791391 -0.4198548 -0.10170615
-0.09900911 -0.39479956 -0.09866977
-0.09251166 -0.3541029 -0.09504812
-0.08494075 -0.31420466 -0.09165617
-0.10468972 -0.28741407 -0.08957487
-0.09721524 -0.24900794 -0.08624719
-0.08949888 -0.21335198 -0.08298718
-0.082037576 -0.18073326 -0.079728104
-0.10105662 -0.14845932 -0.07774375
-0.09308389 -0.11812791 -0.074381664
-0.08527824 -0.09069357 -0.07097329
-0.10400117 -0.055274263 -0.06913563
-0.09583138 -0.03116189 -0.06563384
-0.087774694 -0.009734852 -0.062081214
-0.079868756 0.009249945 -0.058466654
-0.0979473 0.044600546 -0.05666133
-0.08973058 0.059431925 -0.052974183
-0.08162269 0.07202446 -0.049233034
-0.0996503 0.106360644 -0.047436833
-0.09135819 0.11416287 -0.04361643
-0.08316748 0.1199851 -0.03974763
-0.07506771 0.12405767 -0.035829823
-0.09286406 0.15189646 -0.03398427
-0.08469956 0.15070911 -0.029978978
-0.07663663 0.14815174 -0.02593055
-0.094456345 0.17007497 -0.02405294
-0.08642593 0.16176821 -0.019896803
-0.07851841 0.15261467 -0.015702523
-0.07070361 0.14292574 -0.01147578
-0.08856654 0.15067199 -0.009470034
-0.08093388 0.13512509 -0.005112854
-0.07341055 0.11980881 -0.0007310024
-0.09136159 0.11481926 0.00133052
-0.084121466 0.09327305 0.0058669234
-0.077014826 0.0729474 0.010417044
-0.069963224 0.054284528 0.0149633605
-0.08833508 0.024525706 0.017254105
-0.08178287 7.6974306e-05 0.021979308
-0.075268954 -0.021349594 0.026674721
-0.09384584 -0.07380644 0.029042972
-0.08800248 -0.101159744 0.03393782
-0.08217704 -0.12377221 0.03876004
-0.076166905 -0.14116552 0.04345177
-0.09598861 -0.23318273 0.046215948
-0.091056794 -0.25488135 0.05110446
-0.08571954 -0.2691736 0.055756997
-0.10613221 -0.39821702 0.058605008
-0.10240686 -0.41622886 0.06340509
-0.097789794 -0.4242911 0.06780233
-0.09210822 -0.42285648 0.071676955
-0.1171524 -0.6076855 0.07481027
-0.11315013 -0.6063148 0.0784367
-0.10687795 -0.5937449 0.081494205
-0.13750705 -0.82172734 0.082924515
-0.13413887 -0.80911475 0.08419484
-0.12621756 -0.78767735 0.084983505
0.1255209 -0.30554044 -0.09627293
0.10903553 -0.2991708 -0.09658925
0.11722486 -0.2582833 -0.09331189
0.12562941 -0.21798983 -0.089685895
0.11010661 -0.20404401 -0.089061856
0.11792739 -0.17485774 -0.08575649
0.12635434 -0.14538886 -0.08185664
0.13518023 -0.11473593 -0.07776695
0.11849115 -0.111891866 -0.07704076
0.12702401 -0.091583 -0.07327017
0.1359962 -0.071111016 -0.06914478
0.118203245 -0.06749797 -0.06810436
0.12701248 -0.055926304 -0.06447384
0.13612488 -0.045265313 -0.060483694
0.14557669 -0.034966256 -0.05641447
0.12622078 -0.035902333 -0.055732034
0.1354249 -0.03491883 -0.051892575
0.1448887 -0.03527039 -0.04787985
0.124713175 -0.028997257 -0.047022276
0.13388242 -0.037610043 -0.04332303
0.14326978 -0.048306644 -0.039422903
0.15269433 -0.060965028 -0.03552781
0.13155903 -0.051110823 -0.03478561
0.14076541 -0.07185093 -0.031007176
0.15008867 -0.0952309 -0.027130893
0.12854648 -0.07346798 -0.026182342
0.13742864 -0.103902146 -0.022524111
0.14648442 -0.13756488 -0.018719148
0.15535639 -0.174469 -0.014929949
0.1333223 -0.1426516 -0.013970648
0.14199784 -0.18612556 -0.0102573605
0.15069078 -0.23339738 -0.00645772
0.12854083 -0.18644795 -0.005230337
0.1366953 -0.23919217 -0.0015996018
0.14498402 -0.29627055 0.0021776357
0.15293172 -0.3577013 0.0059709377
0.13066024 -0.2951557 0.007258058
0.13842471 -0.36139363 0.011001134
0.14610507 -0.43244857 0.014869192
0.12401667 -0.35254034 0.016483855
0.13113913 -0.42717943 0.020250518
0.13826336 -0.5070769 0.024231737
0.14492573 -0.591935 0.028297415
0.12326621 -0.49221146 0.029905248
0.12972279 -0.58008313 0.034076057
0.13582863 -0.6728007 0.038485225
0.11501452 -0.5552556 0.040204883
0.120817445 -0.6503364 0.044756908
0.1260158 -0.7497774 0.0497537
0.13073128 -0.85203373 0.05482997
0.11172737 -0.7170413 0.056039006
0.11587541 -0.82251614 0.061995905
0.11940129 -0.9278986 0.0679565
0.10290627 -0.7792502 0.06823509
0.105852924 -0.8911413 0.07557082
0.10803315 -0.9979193 0.08197407
0.091229156 -0.47985646 -0.1009971
0.10070218 -0.47284347 -0.102413125
0.08974563 -0.5621601 -0.10533101
0.082718074 -0.65499884 -0.10925729
0.09010295 -0.6565965 -0.109659575
0.082624115 -0.7551163 -0.11384654
0.076756954 -0.8481969 -0.11824148
0.07105255 -0.93350434 -0.12271827
0.07821863 -0.970221 -0.12318864
0.07354476 -1.0574561 -0.12738825
0.06890444 -1.1355598 -0.13149513
0.07676508 -1.1986347 -0.13241516
0.07305912 -1.2753884 -0.13626918
0.06932563 -1.3425353 -0.13999179
0.06533423 -1.4002937 -0.14356919
0.07493304 -1.4933406 -0.1446236
0.07189411 -1.5468233 -0.14797482
0.06863146 -1.5909802 -0.15118231
0.078700356 -1.7031939 -0.15234132
0.07614633 -1.7410815 -0.15532847
0.07334633 -1.7699189 -0.1581747
0.07027718 -1.7901193 -0.1608737
0.08161969 -1.9186248 -0.16199273
0.079054184 -1.9309283 -0.16447857
0.07618275 -1.9350818 -0.16682377
0.087861255 -2.0734355 -0.16792896
0.08530937 -2.0683854 -0.1700507
0.0824065 -2.0558195 -0.17203887
0.07918351 -2.0362442 -0.17388834
0.09165253 -2.1772022 -0.17485946
0.0885065 -2.1475682 -0.17648557
0.08499112 -2.11172 -0.17798162
0.09761089 -2.2527835 -0.17887981
0.094024085 -2.2060208 -0.18013787
0.09001416 -2.1539705 -0.1812749
0.08564717 -2.0972128 -0.18228833
0.09849101 -2.2272923 -0.18297407
0.093805894 -2.1593773 -0.18374495
0.08869162 -2.0878382 -0.18440424
0.10142952 -2.2078676 -0.18497412
0.095929325 -2.124683 -0.18536822
0.08988359 -2.0391097 -0.18566318
0.08343796 -1.9517984 -0.18587218
0.09596677 -2.0469105 -0.18611525
0.08885916 -1.9483471 -0.18602659
0.08112177 -1.8495021 -0.1858847
0.093499295 -1.9232224 -0.18594241
0.08532886 -1.8130556 -0.18543562
0.07614247 -1.7043391 -0.18491955
0.0662349 -1.5974507 -0.18450569
0.07898265 -1.6308167 -0.18383914
0.06856736 -1.514277 -0.18291497
0.056544285 -1.401186 -0.18218239
0.068974294 -1.4003419 -0.18146883
0.058043838 -1.2777137 -0.18030366
0.045406252 -1.1589803 -0.17920066
-0.07008977 -0.52911043 -0.10831819
-0.04137374 -0.54697657 -0.10911502
-0.008020554 -0.5681457 -0.10784948
0.028846065 -0.5530225 -0.105422124
-0.06945286 -0.5491702 -0.10983643
-0.041295927 -0.56755686 -0.110672876
-0.008269847 -0.59132606 -0.109568715
0.028168786 -0.5811983 -0.1073043
-0.06885647 -0.5685971 -0.11139543
-0.041180756 -0.58813006 -0.1122175
-0.008481714 -0.61466634 -0.11127348
0.027548803 -0.60978454 -0.10916403
-0.06829625 -0.5874812 -0.11296786
-0.04102847 -0.6086778 -0.11375367
-0.008654865 -0.6381453 -0.112963475
0.026987705 -0.6387327 -0.11100129
-0.067762546 -0.6058804 -0.11453482
-0.040840004 -0.6291776 -0.11528374
-0.008789384 -0.6617386 -0.11463901
0.026486196 -0.6679928 -0.11281815
-0.067244716 -0.6238379 -0.116092645
-0.04061633 -0.64960736 -0.1168094
-0.008885092 -0.6854227 -0.11630091
0.026044834 -0.69751537 -0.1146156
-0.066734344 -0.6413841 -0.117640406
-0.040358473 -0.66994506 -0.11833141
-0.008941899 -0.7091739 -0.11794975
0.025663696 -0.72725105 -0.11639392
-0.06622523 -0.6585422 -0.11917842
-0.04006765 -0.69016933 -0.11985014
-0.008959806 -0.73296845 -0.119586065
0.025342137 -0.7571511 -0.11815314
-0.06571308 -0.67532945 -0.12070708
-0.039745215 -0.7102597 -0.12136559
-0.008938861 -0.7567822 -0.121210225
0.025078943 -0.7871684 -0.11989319
-0.065195 -0.69175917 -0.12222661
-0.03939262 -0.7301965 -0.12287753
-0.008879169 -0.7805911 -0.12282244
0.024872432 -0.8172576 -0.12161412
-0.06466917 -0.7078415 -0.123737074
-0.03901143 -0.7499612 -0.12438549
-0.008780913 -0.8043708 -0.124422766
0.024720604 -0.8473757 -0.1233161
-0.0641345 -0.7235846 -0.12523833
-0.038603242 -0.7695366 -0.12588884
-0.008644359 -0.8280971 -0.12601113
0.024621313 -0.87748194 -0.12499946
-0.063590415 -0.7389948 -0.12673011
-0.03816964 -0.7889066 -0.12738681
-0.008469832 -0.8517455 -0.12758735
0.024572436 -0.9075382 -0.12666461
-0.063036755 -0.75407714 -0.12821208
-0.037712216 -0.8080561 -0.1288785
-0.0082578175 -0.87529165 -0.12915112
0.02457187 -0.9375083 -0.128312
-0.062473625 -0.76883566 -0.12968381
-0.037232507 -0.82697135 -0.13036297
-0.008008899 -0.89871114 -0.13070211
0.02461766 -0.96735805 -0.12994209
-0.061901253 -0.78327376 -0.13114476
-0.03673188 -0.84563947 -0.13183926
-0.007723676 -0.92197996 -0.1322399
0.024708167 -0.9970551 -0.13155523
-0.06132006 -0.7973942 -0.13259445
-0.036211688 -0.8640484 -0.13330634
-0.0074029383 -0.945074 -0.13376401
0.024841808 -1.0265682 -0.13315167
-0.060730524 -0.8111992 -0.1340323
-0.035673153 -0.88218707 -0.13476321
-0.007047546 -0.9679696 -0.13527401
0.025017219 -1.0558672 -0.1347316
-0.060133185 -0.82469076 -0.1354577
-0.035117395 -0.90004474 -0.1362089
-0.0066584265 -0.9906433 -0.13676937
0.025233207 -1.0849228 -0.13629505
-0.059528656 -0.83787054 -0.13687006
-0.03454551 -0.91761154 -0.1376425
-0.0062366812 -1.0130721 -0.13824959
0.025488578 -1.1137065 -0.13784197
-0.05891752 -0.85073996 -0.13826877
-0.033958454 -0.9348778 -0.13906308
-0.0057834084 -1.0352334 -0.13971414
0.02578232 -1.14219 -0.13937217
-0.05830038 -0.86330026 -0.13965319
-0.03335713 -0.95183444 -0.14046976
-0.0052997796 -1.0571051 -0.14116251
0.026113456 -1.1703455 -0.14088538
-0.057677884 -0.87555265 -0.14102273
-0.032742452 -0.9684725 -0.14186174
-0.0047871144 -1.0786654 -0.1425942
0.026480906 -1.1981456 -0.14238128
-0.057050608 -0.88749814 -0.14237677
-0.032115217 -0.9847835 -0.14323822
-0.0042466773 -1.0998936 -0.14400868
0.026883712 -1.2255632 -0.14385943
-0.056419168 -0.8991376 -0.14371468
-0.031476263 -1.0007589 -0.14459845
-0.003679863 -1.1207687 -0.14540544
0.02732078 -1.252571 -0.14531937
-0.055784173 -0.91047186 -0.1450359
-0.03082641 -1.0163907 -0.14594176
-0.003088105 -1.1412711 -0.146784
0.027790947 -1.2791424 -0.14676063
-0.055146173 -0.92150164 -0.1463398
-0.030166415 -1.0316707 -0.14726746
-0.0024727897 -1.1613814 -0.14814384
0.028293096 -1.3052508 -0.14818262
-0.05450574 -0.93222755 -0.14762585
-0.02949709 -1.0465912 -0.1485749
-0.001835407 -1.1810807 -0.14948452
0.028825926 -1.3308699 -0.14958483
-0.05386343 -0.94265014 -0.14889349
-0.028819239 -1.0611445 -0.14986351
-0.0011774454 -1.2003508 -0.1508055
0.029388083 -1.3559738 -0.15096669
-0.053219777 -0.9527699 -0.15014218
-0.028133664 -1.075323 -0.15113269
-0.00050040626 -1.2191739 -0.15210634
0.029978136 -1.3805367 -0.1523276
-0.052575305 -0.9625872 -0.15137142
-0.027441187 -1.0891194 -0.1523819
0.00019419487 -1.2375331 -0.1533866
0.030594563 -1.4045333 -0.15366703
-0.051930536 -0.97210234 -0.15258071
-0.026742645 -1.1025264 -0.15361062
0.0009048299 -1.2554117 -0.15464577
0.031235756 -1.4279386 -0.15498438
-0.05128597 -0.98131555 -0.15376958
-0.026038885 -1.115537 -0.15481837
0.0016299628 -1.272794 -0.15588343
0.031900026 -1.4507282 -0.15627915
-0.050642107 -0.990227 -0.15493757
-0.025330774 -1.1281444 -0.15600465
0.0023680485 -1.2896641 -0.15709913
0.032585602 -1.4728779 -0.15755072
-0.049999453 -0.99883664 -0.15608427
-0.02461921 -1.1403415 -0.15716906
0.0031175136 -1.3060073 -0.15829244
0.033290602 -1.4943643 -0.15879865
-0.049358465 -1.0071445 -0.15720926
-0.02390506 -1.1521221 -0.15831111
0.0038768419 -1.3218089 -0.15946293
0.03401317 -1.5151641 -0.16002236
-0.048719637 -1.0151504 -0.15831214
-0.023189247 -1.1634798 -0.15943044
0.004644445 -1.3370551 -0.16061018
0.034751285 -1.5352552 -0.16122139
-0.04808345 -1.0228543 -0.15939258
-0.022472704 -1.1744082 -0.16052666
0.0054187486 -1.3517323 -0.16173379
0.0355029 -1.5546155 -0.16239525
-0.047450382 -1.0302557 -0.16045022
-0.021756371 -1.1849016 -0.16159941
0.0061981706 -1.3658274 -0.16283335
0.036265902 -1.5732238 -0.16354351
-0.046820916 -1.0373545 -0.16148476
-0.021041214 -1.194954 -0.16264834
0.0069811046 -1.3793281 -0.16390851
0.037038114 -1.5910594 -0.16466573
-0.046195507 -1.04415 -0.1624959
-0.020328175 -1.20456 -0.16367312
0.007765986 -1.3922222 -0.16495885
0.037817366 -1.6081026 -0.1657615
-0.045574658 -1.0506419 -0.16348335
-0.019618254 -1.2137144 -0.16467345
0.008551174 -1.404498 -0.16598405
0.03860137 -1.6243336 -0.16683042
-0.044958837 -1.0568295 -0.16444688
-0.018912427 -1.2224118 -0.16564906
0.009335068 -1.4161443 -0.16698375
0.039387856 -1.6397341 -0.16787213
-0.04434851 -1.0627121 -0.16538624
-0.01821168 -1.2306476 -0.16659966
0.010116061 -1.4271505 -0.16795759
0.040174518 -1.6542864 -0.16888626
-0.043744188 -1.0682892 -0.16630127
-0.01751703 -1.2384168 -0.16752502
0.01089249 -1.4375064 -0.16890529
0.040958975 -1.6679729 -0.1698725
-0.04314635 -1.0735598 -0.16719176
-0.01682949 -1.2457154 -0.16842493
0.011662717 -1.4472023 -0.16982655
0.041738853 -1.6807774 -0.17083055
-0.042555477 -1.0785232 -0.16805753
-0.016150057 -1.2525389 -0.16929917
0.012425114 -1.4562287 -0.17072104
0.04251179 -1.6926839 -0.17176008
-0.04197207 -1.0831785 -0.1688985
-0.015479752 -1.2588837 -0.17014754
0.013178018 -1.4645771 -0.1715885
0.04327536 -1.7036778 -0.17266084
-0.04139664 -1.0875247 -0.16971453
-0.014819606 -1.264746 -0.17096989
0.013919756 -1.4722389 -0.1724287
0.044027127 -1.7137445 -0.1735326
-0.040829677 -1.0915607 -0.17050551
-0.014170634 -1.2701223 -0.17176606
0.0146486685 -1.4792064 -0.17324136
0.04476468 -1.7228706 -0.17437512
-0.0402717 -1.0952857 -0.17127141
-0.013533858 -1.2750094 -0.17253594
0.015363083 -1.4854723 -0.17402628
0.045485575 -1.7310432 -0.17518814
-0.03972322 -1.0986984 -0.17201215
-0.012910297 -1.2794046 -0.1732794
0.016061326 -1.4910296 -0.17478323
0.046187382 -1.7382504 -0.17597151
-0.039184764 -1.1017977 -0.17272775
-0.012300977 -1.2833053 -0.1739964
0.016741714 -1.495872 -0.17551205
0.046867657 -1.744481 -0.17672506
-0.038656857 -1.1045825 -0.17341818
-0.011706908 -1.2867088 -0.17468685
0.01740257 -1.4999938 -0.17621255
0.047523975 -1.7497241 -0.17744859
-0.03814003 -1.1070515 -0.17408349
-0.011129102 -1.2896132 -0.1753507
0.018042216 -1.5033896 -0.17688455
0.048153922 -1.7539704 -0.17814198
-0.037634823 -1.1092036 -0.1747237
-0.010568562 -1.2920167 -0.17598794
0.01865897 -1.5060546 -0.17752795
0.04875508 -1.7572105 -0.17880511
-0.037141785 -1.1110373 -0.17533888
-0.010026285 -1.2939177 -0.17659858
0.019251158 -1.5079848 -0.17814259
0.049325053 -1.7594362 -0.17943785
-0.036661465 -1.1125513 -0.17592916
-0.009503255 -1.2953147 -0.17718263
0.01981711 -1.5091763 -0.17872842
0.04986147 -1.76064 -0.1800401
-0.036194418 -1.1137446 -0.17649461
-0.009000447 -1.2962066 -0.17774016
0.020355161 -1.509626 -0.17928529
0.05036197 -1.760815 -0.18061182
-0.03574122 -1.1146156 -0.1770354
-0.008518825 -1.2965927 -0.17827122
0.020863647 -1.5093316 -0.17981319
0.05082421 -1.7599552 -0.18115292
-0.035302445 -1.115163 -0.17755169
-0.008059342 -1.2964724 -0.17877592
0.02134092 -1.5082909 -0.18031207
0.051245883 -1.7580551 -0.18166338
-0.034878667 -1.1153854 -0.17804363
-0.0076229284 -1.2958454 -0.1792544
0.021785337 -1.5065026 -0.1807819
0.0516247 -1.7551101 -0.18214312
-0.03447048 -1.1152815 -0.17851146
-0.007210501 -1.2947115 -0.17970677
0.02219528 -1.5039662 -0.18122268
0.051958404 -1.7511163 -0.18259215
-0.03407848 -1.1148499 -0.17895539
-0.006822961 -1.2930708 -0.18013321
0.022569131 -1.5006813 -0.18163446
0.052244768 -1.7460704 -0.18301046
-0.03370327 -1.1140893 -0.17937566
-0.006461189 -1.2909236 -0.18053392
0.022905298 -1.4966486 -0.18201725
0.052481588 -1.73997 -0.18339804
-0.033345465 -1.1129982 -0.17977257
-0.006126042 -1.2882707 -0.18090913
0.023202216 -1.4918691 -0.1823712
0.0526667 -1.7328132 -0.1837549
-0.03300569 -1.1115756 -0.18014637
-0.005818363 -1.2851126 -0.18125905
0.023458332 -1.4863448 -0.18269636
0.05279797 -1.724599 -0.18408105
-0.03268456 -1.1098199 -0.1804974
-0.005538964 -1.2814504 -0.18158399
0.023672136 -1.480078 -0.18299292
0.05287329 -1.7153269 -0.18437651
-0.032382723 -1.1077299 -0.18082596
-0.0052886414 -1.277285 -0.1818842
0.023842145 -1.473072 -0.18326105
0.052890584 -1.7049973 -0.18464129
-0.03210082 -1.1053044 -0.18113244
-0.0050681657 -1.2726179 -0.18216005
0.023966918 -1.4653306 -0.18350099
0.052847795 -1.6936111 -0.18487538
-0.03183949 -1.1025422 -0.18141715
-0.004878287 -1.2674505 -0.18241185
0.02404505 -1.456858 -0.18371299
0.052742884 -1.6811703 -0.18507881
-0.031599395 -1.099442 -0.18168052
-0.004719731 -1.2617841 -0.18263999
0.0240752 -1.4476597 -0.18389738
0.052573834 -1.6676773 -0.18525155
-0.031381197 -1.0960029 -0.18192291
-0.004593204 -1.2556207 -0.18284485
0.024056075 -1.4377414 -0.1840545
0.052338623 -1.6531353 -0.18539354
-0.031185556 -1.0922239 -0.18214476
-0.004499388 -1.2489619 -0.18302687
0.023986448 -1.4271095 -0.18418479
0.052035216 -1.6375487 -0.18550473
-0.031013133 -1.0881037 -0.18234651
-0.004438945 -1.2418097 -0.1831865
0.023865167 -1.415771 -0.18428873
0.051661585 -1.6209224 -0.18558502
-0.030864602 -1.0836416 -0.18252857
-0.004412526 -1.2341661 -0.18332423
0.023691148 -1.4037336 -0.18436682
0.051215637 -1.6032625 -0.18563427
-0.030740624 -1.0788366 -0.18269141
-0.0044207596 -1.2260331 -0.18344057
0.023463394 -1.3910053 -0.18441968
0.050695248 -1.5845762 -0.18565229
-0.030641867 -1.0736879 -0.1828355
-0.004464264 -1.2174127 -0.18353604
0.023181 -1.3775951 -0.18444797
0.050098225 -1.564872 -0.18563884
-0.030568987 -1.0681947 -0.18296133
-0.004543641 -1.2083073 -0.18361127
0.022843156 -1.3635118 -0.1844524
0.04942231 -1.5441595 -0.1855937
-0.03052265 -1.0623562 -0.18306935
-0.004659503 -1.198719 -0.18366686
0.022449123 -1.3487653 -0.18443377
0.048665114 -1.5224506 -0.18551652
-0.030503502 -1.0561718 -0.18316008
-0.0048124418 -1.1886503 -0.18370345
0.021998284 -1.3333651 -0.18439293
0.0478242 -1.4997581 -0.18540703
-0.03051219 -1.0496405 -0.18323402
-0.005003063 -1.1781034 -0.18372181
0.021490097 -1.3173217 -0.18433079
0.04689701 -1.4760976 -0.1852649
-0.03054935 -1.0427618 -0.18329167
-0.0052319686 -1.1670811 -0.18372266
0.020924127 -1.3006451 -0.18424834
0.04588095 -1.4514872 -0.18508993
-0.030615604 -1.0355349 -0.18333359
-0.005499773 -1.155586 -0.18370686
0.020300012 -1.2833463 -0.18414664
0.04477341 -1.4259471 -0.18488203
-0.03071156 -1.0279589 -0.18336026
-0.0058071055 -1.1436206 -0.18367532
0.019617474 -1.2654355 -0.18402682
0.04357182 -1.3995006 -0.1846413
-0.030837795 -1.020033 -0.18337223
-0.006154592 -1.1311883 -0.183629
0.018876316 -1.2469234 -0.18389012
0.04227382 -1.3721745 -0.18436816
-0.03099486 -1.0117564 -0.18337002
-0.006542893 -1.1182923 -0.183569
0.018076368 -1.2278211 -0.1837378
0.040877294 -1.3439984 -0.18406343
-0.031183206 -1.0031278 -0.18335415
-0.0069726286 -1.1049359 -0.18349649
0.017217565 -1.2081385 -0.18357131
0.039380662 -1.3150043 -0.18372846
-0.03140319 -0.9941462 -0.18332511
-0.0074444623 -1.0911233 -0.18341279
0.016299812 -1.1878868 -0.18339217
0.037782863 -1.2852281 -0.1833651
-0.0316549 -0.9848099 -0.18328325
-0.007958979 -1.0768588 -0.1833194
0.0153231025 -1.167076 -0.18320209
0.036083672 -1.2547066 -0.18297589
-0.031938072 -0.975117 -0.18322912
-0.0085167615 -1.062147 -0.18321805
0.014287405 -1.1457167 -0.18300289
0.034283597 -1.2234786 -0.1825638
-0.032251533 -0.9650652 -0.18316181
-0.009118313 -1.0469933 -0.18311088
0.013192706 -1.1238189 -0.18279672
0.03238399 -1.1915828 -0.18213242
-0.03259307 -0.954651 -0.18308322
-0.009764054 -1.031403 -0.1830004
0.012039066 -1.1013927 -0.18258563
0.030386928 -1.1590577 -0.18168542
-0.032956343 -0.94387114 -0.18298192
-0.0104545755 -1.0153823 -0.18289044
0.010826229 -1.0784488 -0.1823726
0.028294684 -1.125942 -0.18122791
-0.033335064 -0.93271434 -0.1828801
-0.011190064 -0.9989358 -0.18278457
0.0095547475 -1.0549935 -0.18215871
0.026110802 -1.0922685 -0.18076417
-0.033688836 -0.92120147 -0.18265453
-0.011972463 -0.9820725 -0.18269028
0.008222544 -1.0310402 -0.18194957
0.023836102 -1.058073 -0.18030542
-0.098978005 -0.51364434 -0.109645925
-0.081135556 -0.5441144 -0.11130127
-0.08648488 -0.57591707 -0.11406211
-0.09083878 -0.6051082 -0.11665999
-0.07407592 -0.6349474 -0.11811752
-0.079003416 -0.661439 -0.12102616
-0.08314464 -0.68485487 -0.123754196
-0.086575426 -0.70528084 -0.1264019
-0.07253096 -0.73771244 -0.12815802
-0.07627662 -0.75526994 -0.13090159
-0.079563975 -0.76937795 -0.1335654
-0.06671491 -0.8076216 -0.13527526
-0.070082806 -0.81920666 -0.13793668
-0.07321208 -0.82721514 -0.14052285
-0.07611598 -0.83165455 -0.14304283
-0.06432401 -0.878392 -0.14469594
-0.06732298 -0.8805775 -0.14713867
-0.07017135 -0.8793818 -0.14950682
-0.05882533 -0.9335967 -0.15106486
-0.061748374 -0.9302692 -0.15331627
-0.06458281 -0.9238846 -0.15549177
-0.067325324 -0.9146111 -0.15758555
-0.056389757 -0.976403 -0.15898785
-0.059243195 -0.9652447 -0.16094053
-0.062004913 -0.951656 -0.16280872
-0.05119661 -1.0185992 -0.16410626
-0.05410507 -1.003057 -0.16581307
-0.056929905 -0.9855882 -0.16743846
-0.05963937 -0.96643186 -0.16897514
-0.049156405 -1.0365641 -0.17008427
-0.05207212 -1.0156057 -0.171456
-0.054853104 -0.99349254 -0.17274113
-0.044420782 -1.0647643 -0.17374268
-0.04745266 -1.0406675 -0.17485563
-0.050337043 -1.0159359 -0.17588912
-0.05301131 -0.99080175 -0.17683606
-0.04312275 -1.0595895 -0.17764492
-0.046134524 -1.0325245 -0.17843316
-0.048918653 -1.0055181 -0.17914157
-0.039164163 -1.0711342 -0.17984404
-0.042324614 -1.0419788 -0.18040058
-0.04524083 -1.0132756 -0.18088831
-0.047826424 -0.9851838 -0.18130127
-0.039011393 -1.0430722 -0.18183069
-0.042086314 -1.0128052 -0.18212426
-0.044834133 -0.9834032 -0.18235388
-0.036320794 -1.0347155 -0.18276957
-0.039576072 -1.0030125 -0.18290438
-0.042515535 -0.97232324 -0.18298545
-0.045065437 -0.94273186 -0.18300402
-0.03782558 -0.9830133 -0.1832767
-0.04098402 -0.95111054 -0.18322966
-0.043925818 -0.9205237 -0.1830841
-0.03692981 -0.95199025 -0.18328036
-0.0402638 -0.9189195 -0.18305415
-0.04371909 -0.8879399 -0.18260595
-0.041555945 -0.84756905 -0.18203428
-0.0636655 -0.5663197 -0.18373437
-0.09239631 -0.2728303 -0.18825014
-0.048692264 -0.7550859 -0.18260981
-0.0725873 -0.47507507 -0.18471237
-0.10299783 -0.18402603 -0.19106163
-0.0563563 -0.66519207 -0.18305036
-0.08191576 -0.38601038 -0.18623456
-0.043248147 -0.842374 -0.18205285
-0.06440268 -0.57730794 -0.18370079
-0.0916227 -0.29921886 -0.1884054
-0.050197758 -0.7554406 -0.18245937
-0.07282739 -0.49136552 -0.18473634
-0.10167227 -0.21488455 -0.19126022
-0.057468772 -0.67091393 -0.18295997
-0.081629485 -0.40734202 -0.18630028
-0.045138136 -0.83745503 -0.1821207
-0.065066986 -0.5883674 -0.18366826
-0.09079848 -0.32524306 -0.18850723
-0.051674783 -0.75607896 -0.18238716
-0.07301062 -0.5076236 -0.18474291
-0.100322984 -0.24516365 -0.19140422
-0.05853061 -0.6768358 -0.1828993
-0.08130451 -0.42856246 -0.18633223
-0.04703477 -0.83268875 -0.18215445
-0.065691665 -0.59951955 -0.18364057
-0.08995366 -0.35106277 -0.18855855
-0.053124275 -0.75684935 -0.18235335
-0.07316874 -0.52390724 -0.18473777
-0.09897084 -0.27505943 -0.19148566
-0.05955748 -0.6828878 -0.18286677
-0.08097385 -0.44976678 -0.18633799
-0.048843384 -0.8280459 -0.18215157
-0.06629072 -0.61076385 -0.18362288
-0.08912213 -0.37683034 -0.18856783
-0.05454292 -0.75769037 -0.18233907
-0.07334132 -0.540252 -0.18472886
-0.09766 -0.30480826 -0.19150169
-0.23236875 -2.0031958 0.21395957
-0.17612359 -1.4495063 0.15794602
-0.12604459 -0.8677626 0.08771948
-0.21991533 -1.8665462 0.19887471
-0.16580303 -1.3063751 0.13932458
-0.2670138 -2.2738519 0.23400883
-0.20814049 -1.7288959 0.18279941
-0.1561468 -1.1608119 0.11948953
-0.25373006 -2.1387177 0.22024488
-0.19700365 -1.589816 0.16567396
-0.14640944 -1.0119838 0.09765207
-0.24115828 -2.0031235 0.20556875
-0.18643345 -1.4487052 0.14741334
-0.28869817 -2.408561 0.23974395
-0.22926679 -1.866828 0.1899157
-0.17625774 -1.304701 0.127853
-0.27522048 -2.2740397 0.22633016
-0.2179856 -1.7294014 0.17322055
-0.16586383 -1.1556726 0.10669773
-0.26248923 -2.1393032 0.21204972
-0.20717523 -1.5901234 0.15539435
-0.31053662 -2.543172 0.24535353
-0.25046644 -2.0041533 0.19681717
-0.19655831 -1.4477141 0.13627556
-0.29681236 -2.409107 0.23222806
-0.23906709 -1.8681864 0.18056439
-0.18558958 -1.2995511 0.11564122
-0.28388324 -2.2750368 0.21832436
-0.2281195 -1.730659 0.1632138
-0.17370021 -1.1409491 0.09450489
-0.2717135 -2.140822 0.20350589
-0.2172957 -1.5901486 0.14463575
-0.31848028 -2.5438976 0.23796253
-0.26021907 -2.0061169 0.1876962
-0.20601828 -1.443854 0.12461584
-0.30529767 -2.4103074 0.22440638
-0.24923079 -1.8702409 0.1708264
-0.19356579 -1.287271 0.10340083
-0.13702403 -1.1438661 0.13715498
-0.1914919 -1.7113584 0.1960004
-0.25237682 -2.2557843 0.24401715
-0.148361 -1.2917763 0.15517423
-0.20439886 -1.8506361 0.21112266
-0.1067411 -0.84503376 0.1090548
-0.15998812 -1.4368017 0.17237884
-0.21794787 -1.9887966 0.22529688
-0.117932305 -1.0038315 0.12886712
-0.17219569 -1.579612 0.18873218
-0.232167 -2.1260042 0.23829652
-0.12936804 -1.1564416 0.14714177
-0.18499352 -1.7206048 0.20422427
-0.090164915 -0.70870835 0.09793159
-0.1411425 -1.30479 0.16458324
-0.1983924 -1.8600674 0.21881752
-0.099995516 -0.8681906 0.11941456
-0.15333317 -1.4500498 0.18123418
-0.21241605 -1.9982206 0.23235118
-0.11115836 -1.0241438 0.13854942
-0.16603677 -1.5928884 0.19707987
-0.075872354 -0.58864814 0.08975347
-0.12285584 -1.1755927 0.15644898
-0.17929281 -1.7337307 0.21208277
-0.08413132 -0.74300784 0.109711744
-0.13498604 -1.3232973 0.17346197
-0.19312379 -1.8728656 0.22612782
-0.09425923 -0.8981969 0.12943387
-0.14758126 -1.4680159 0.18967073
-0.20754647 -2.0105307 0.2388927
-0.10545974 -1.0509429 0.14790833
-0.16068287 -1.6102632 0.20507412
-0.06979996 -0.6299525 0.10107103
-0.11732303 -1.2003933 0.1653723
-0.17431638 -1.7504088 0.21960144
-0.07884986 -0.78151643 0.12035913
-0.12971836 -1.3467023 0.18197818
-0.18849672 -1.8887206 0.23304817
-0.08922722 -0.9330785 0.13912496
-0.14262153 -1.490246 0.19778234
-0.056483004 -0.5277273 0.093810484
-0.10055344 -1.0827897 0.15699928
-0.1560356 -1.6313565 0.21276495
-0.064681225 -0.67487425 0.11184546
-0.1125823 -1.2299299 0.17400895
-0.1699656 -1.770311 0.2268055
-0.07419643 -0.8235565 0.13043064
-0.12519449 -1.374386 0.19021189
-0.18440972 -1.9073218 0.23962587
-0.08481297 -0.9719475 0.1485012
-0.13833965 -1.516289 0.2056253
-0.051494293 -0.57767206 0.10407561
-0.09630475 -1.1188076 0.16583253
-0.15199539 -1.6558132 0.22019227
-0.06023084 -0.7227984 0.122088164
-0.108502194 -1.2635165 0.18239799
-0.16614564 -1.7931324 0.23374358
-0.07010367 -0.86876893 0.14008597
-0.12130039 -1.4058441 0.19820802
-0.039139647 -0.4890535 0.09697172
-0.0809547 -1.0142967 0.15757924
-0.13463776 -1.5457689 0.21324211
-0.047177397 -0.63046855 0.11421166
-0.09262633 -1.1584522 0.17441799
-0.1484735 -1.6833384 0.22740544
-0.0563393 -0.7734916 0.13191134
-0.10498892 -1.300688 0.1905646
-0.16277057 -1.8186256 0.24049641
-0.06652204 -0.91694075 0.14939064
-0.117948085 -1.4407159 0.20600194
-0.03491752 -0.5459956 0.10680433
-0.07760133 -1.0598277 0.16637784
-0.13143532 -1.578413 0.22067901
-0.043417796 -0.6858868 0.12405871
-0.08945455 -1.2014012 0.18277201
-0.14539404 -1.713726 0.23448023
-0.052945882 -0.82686335 0.14137487
-0.101973854 -1.3411603 0.19853541
-0.023349933 -0.46876177 0.0997949
-0.06341184 -0.967968 0.15838253
-0.115070246 -1.4787816 0.21363406
-0.031245377 -0.60553473 0.11655024
-0.07471193 -1.1083941 0.1749197
-0.12866805 -1.6140698 0.22800033
-0.04015125 -0.7438751 0.1335959
-0.086742535 -1.2474967 0.19091915
-0.012421865 -0.39821678 0.093074664
-0.050010562 -0.8829138 0.15051423
-0.09940698 -1.3848019 0.2063464
-0.019743226 -0.5319451 0.10936634
-0.060742646 -1.0218436 0.16709216
-0.112616725 -1.5199603 0.22116075
-0.028063266 -0.6676399 0.12608168
-0.072256126 -1.1599717 0.18323335
-0.12628753 -1.6527313 0.23529784
-0.037338287 -0.8044865 0.1428273
-0.08445733 -1.2967165 0.19889505
-0.008853042 -0.46465248 0.10245809
-0.04750695 -0.94172627 0.15935753
-0.09725356 -1.4316181 0.2140497
-0.016617622 -0.5977497 0.11883334
-0.0584939 -1.0786526 0.17555149
-0.11055288 -1.5643151 0.22866352
-0.025333857 -0.7323951 0.1353522
-0.070214376 -1.2146438 0.1913566
0.0014931669 -0.40320253 0.09576176
-0.03495541 -0.8678593 0.1517649
-0.08257846 -1.3491566 0.20675096
-0.005757749 -0.5338012 0.11183121
-0.04542027 -1.0034633 0.16793422
-0.095492475 -1.4817435 0.22172113
-0.013942463 -0.66628456 0.12810056
-0.05665533 -1.138566 0.18379943
-0.108859144 -1.6120516 0.23625308
-0.023036586 -0.7999752 0.14434643
-0.068577774 -1.2725893 0.19934124
0.0045692734 -0.47539186 0.10504
-0.032992274 -0.9342097 0.16042803
-0.08109683 -1.4050168 0.21456012
-0.0031127757 -0.6057966 0.12106866
-0.043747 -1.0683613 0.17628072
-0.09411497 -1.535424 0.2294671
-0.011702473 -0.737754 0.13712049
-0.055226907 -1.2018287 0.19188759
0.014394279 -0.42216465 0.09841526
-0.02116531 -0.8706367 0.15306674
-0.06734712 -1.3340614 0.20725946
0.0071987067 -0.5505695 0.11423945
-0.03145087 -1.0038235 0.16884612
-0.08001279 -1.464572 0.22242521
-0.00090766937 -0.6808694 0.13009362
-0.042494234 -1.1367164 0.18444633
-0.09312219 -1.5929849 0.23741809
-0.009896611 -0.81244725 0.14587349
-0.05421744 -1.2687336 0.19988708
0.017027237 -0.50027657 0.10758496
-0.019727306 -0.9447045 0.161531
-0.06653004 -1.3993497 0.21521153
0.0093858065 -0.628993 0.12326209
-0.03034464 -1.0770361 0.17706335
-0.079332136 -1.528126 0.23048441
0.00085393107 -0.75934124 0.13886249
-0.041677665 -1.2088482 0.19250001
0.026412703 -0.45460406 0.101067916
-0.008537904 -0.890726 0.15436213
-0.05364041 -1.3395718 0.20789614
0.01921257 -0.5818224 0.11661221
-0.018742526 -1.0225477 0.16977541
-0.06613519 -1.4687226 0.22333202
0.01112072 -0.7110158 0.13204005
-0.029695906 -1.1541858 0.18514507
0.035363898 -0.41329026 0.09464319
0.0021531377 -0.84161 0.14735915
-0.041315895 -1.2850369 0.20053796
0.028601974 -0.53906995 0.11012027
-0.0076533477 -0.97299254 0.16261183
-0.05350593 -1.4145604 0.2160462
0.020935422 -0.6671911 0.12540513
-0.018240472 -1.1045202 0.17786042
-0.066163704 -1.5423583 0.23179285
0.012377426 -0.7970782 0.14053588
-0.029528419 -1.2355332 0.1931857
0.037569962 -0.5004935 0.10375069
0.0029549731 -0.9281176 0.15559585
-0.041419603 -1.3654357 0.20868924
0.030321844 -0.6276008 0.11894916
-0.007280942 -1.0596191 0.17067704
-0.053809818 -1.4937702 0.22450384
0.022163466 -0.756872 0.13390103
-0.018250989 -1.1908584 0.18587923
0.04614619 -0.46587577 0.09745164
0.0131114805 -0.88767195 0.14874597
-0.02985304 -1.321155 0.20131333
0.03929809 -0.5920192 0.11265426
0.0032108955 -1.0192628 0.16362008
-0.041977562 -1.4499917 0.21711476
0.031532656 -0.7207454 0.12745893
-0.0074583474 -1.1508166 0.17865105
-0.054525085 -1.5770746 0.23346557
0.022841956 -0.8514236 0.14207673
-0.018785194 -1.2815487 0.19396174
0.047879286 -0.5602473 0.10648791
0.013260759 -0.98323816 0.1567101
-0.030649614 -1.4108562 0.20968452
0.04050266 -0.6884874 0.12120967
0.0028724119 -1.1152327 0.17152767
-0.042947583 -1.5384125 0.22599879
0.032166876 -0.81915253 0.13559979
-0.008197386 -1.2464654 0.18667004
0.056054775 -0.5321561 0.10038982
0.022891296 -0.9513542 0.1499636
-0.019811578 -1.376233 0.20226331
0.04908145 -0.6599127 0.115148395
0.012761564 -1.0839453 0.16453071
-0.03185761 -1.5041667 0.2184677
0.041103292 -0.79066855 0.12932481
0.0019262374 -1.21578 0.17946775
-0.04426131 -1.6302015 0.23553172
0.032121275 -0.92343444 0.14339331
-0.009451752 -1.3460125 0.19489326
0.05726299 -0.63490117 0.109261066
0.022225782 -1.0568215 0.15767732
-0.021246986 -1.4742447 0.21093664
0.049658775 -0.76580673 0.12326179
0.011598214 -1.1893842 0.17237996
-0.033388134 -1.6004331 0.22782901
0.040965978 -0.8993387 0.13700785
0.00043889662 -1.3201103 0.18761013
0.06503668 -0.6133972 0.103505485
0.031277098 -1.0337528 0.1509798
-0.011109731 -1.4485712 0.20345937
0.057833653 -0.7444586 0.11742593
0.020826284 -1.1671994 0.16542855
-0.02297964 -1.5747815 0.22010843
0.049433842 -0.87896115 0.13081132
0.009866514 -1.2984493 0.18044588
0.07233075 -0.59550416 0.097735465
0.039921146 -1.0146847 0.14444415
-0.0014411414 -1.4270847 0.19608048
0.065613635 -0.72657377 0.111849844
0.029611424 -1.1491716 0.15863335
-0.013034407 -1.5531992 0.2124547
0.05753036 -0.86227036 0.12480335
0.018833425 -1.2809665 0.17343172
-0.024909724 -1.6770929 0.22988611
0.04815332 -0.99962825 0.13806795
0.0077630137 -1.40971 0.18883872
0.07294235 -0.7122432 0.10660977
0.03794407 -1.1353 0.15201308
-0.0035507665 -1.5356363 0.20492576
0.06525157 -0.84932226 0.11898108
0.02733681 -1.2675952 0.16660054
-0.015120459 -1.659143 0.22191894
0.055956088 -0.9887258 0.13183758
0.016506765 -1.3963579 0.18177168
0.079708464 -0.7017824 0.10183943
0.04580031 -1.1256386 0.14558862
0.0054754014 -1.5220044 0.1975646
0.072585985 -0.8403664 0.11334835
0.03536731 -1.2582848 0.15998866
-0.0057871896 -1.6450546 0.21412955
0.06328198 -0.98230034 0.12572798
0.024793357 -1.3868958 0.17491817
-0.017327886 -1.7659299 0.23187117
0.05313887 -1.120331 0.13939296
0.014051917 -1.5121665 0.1904083
0.07950601 -0.83599746 0.10795868
0.042913005 -1.2529794 0.15363948
0.0030897208 -1.6347227 0.20656665
0.0700184 -0.9810201 0.11971742
0.032627605 -1.3811704 0.16831732
-0.00814447 -1.7550344 0.22361918
0.059903406 -1.1195542 0.13349491
0.022190707 -1.5059068 0.18349068
0.08586642 -0.8379828 0.10322919
0.049976267 -1.2516149 0.1476142
0.011516634 -1.6279397 0.19925654
0.075829044 -0.98604864 0.11389151
0.040040165 -1.3790089 0.16201004
0.0005430909 -1.7477832 0.21573257
-0.05306733 -0.65274394 -0.18330303
-0.08224087 -0.33576736 -0.18591356
-0.036390405 -0.86043143 -0.18257953
-0.061633445 -0.54464966 -0.1837259
-0.09371216 -0.21933314 -0.18777826
-0.043278396 -0.7563451 -0.18311258
-0.07134427 -0.4315107 -0.1844764
-0.106302194 -0.09914516 -0.19029254
-0.05130309 -0.6475476 -0.1832899
-0.08223569 -0.313678 -0.18568137
-0.033770923 -0.8660162 -0.18258001
-0.060425498 -0.53362095 -0.18362226
-0.09430193 -0.19158253 -0.18745352
-0.041037224 -0.7568214 -0.18301222
-0.07071647 -0.4146495 -0.18427733
-0.10751861 -0.06565532 -0.1899063
-0.0495456 -0.64216876 -0.18317983
-0.08220812 -0.29095182 -0.18538499
-0.031286698 -0.8710444 -0.18259491
-0.059216183 -0.52226466 -0.18344542
-0.09490179 -0.16292758 -0.1870679
-0.038897637 -0.7567897 -0.1828625
-0.07009133 -0.39725897 -0.1840127
-0.10878112 -0.030978698 -0.18946241
-0.047838766 -0.6363917 -0.18299578
-0.08220001 -0.26745802 -0.1850264
-0.02883473 -0.8757061 -0.182599
-0.058037285 -0.5104223 -0.18320175
-0.095547214 -0.13324144 -0.186623
-0.036816105 -0.75621986 -0.18270203
-0.0694987 -0.37919965 -0.18368606
-0.11012159 0.00500321 -0.18895988
-0.046188936 -0.6300629 -0.18276209
-0.08224002 -0.24306488 -0.18460855
-0.026393065 -0.8800674 -0.18258566
-0.056907505 -0.49794367 -0.18290015
-0.09626533 -0.10240007 -0.18612067
-0.034771793 -0.75512594 -0.18253575
-0.06896003 -0.36033413 -0.18330188
-0.11156521 0.04240632 -0.18839848
-0.044594295 -0.6230915 -0.18249509
-0.082350284 -0.21764424 -0.18413459
-0.02395898 -0.8841512 -0.18255356
-0.05583932 -0.48470312 -0.1825505
-0.09707787 -0.070283644 -0.18556283
-0.03275894 -0.7535157 -0.18235992
-0.0684928 -0.34053513 -0.18286562
-0.11313248 0.08134274 -0.18777873
-0.043054372 -0.61542165 -0.1822027
-0.08254955 -0.19107494 -0.18360806
-0.021535356 -0.8879599 -0.18250227
-0.054841843 -0.47060168 -0.18216123
-0.0980034 -0.036778357 -0.18495184
-0.03077888 -0.75138354 -0.1821702
-0.06811157 -0.31969056 -0.18238315
-0.11484106 0.1219192 -0.18710198
-0.04157173 -0.607011 -0.18188778
-0.08285426 -0.16324557 -0.18303306
-0.019127343 -0.8914836 -0.1824314
-0.053922977 -0.4555611 -0.18173827
-0.09905851 -0.0017783 -0.18429065
-0.028836343 -0.748713 -0.18196332
-0.067828804 -0.29770428 -0.18186004
-0.11670688 0.16423506 -0.18637058
-0.04015143 -0.5978214 -0.1815509
-0.08327906 -0.1340566 -0.1824141
-0.016741246 -0.89470464 -0.18234067
-0.05309063 -0.43951678 -0.18128553
-0.10025827 0.034812577 -0.18358295
-0.026937861 -0.7454799 -0.18173705
-0.06765572 -0.27449474 -0.18130109
-0.118744574 0.20838022 -0.18558787
-0.0388003 -0.5878143 -0.18119183
-0.08383719 -0.10342096 -0.18175575
-0.0143841235 -0.8975995 -0.18222973
-0.052353222 -0.42241222 -0.18080539
-0.10161657 0.07307887 -0.18283303
-0.02509106 -0.741654 -0.18148986
-0.06760297 -0.24999192 -0.18071023
-0.12096767 0.25443283 -0.18475816
-0.037526425 -0.57694966 -0.18081005
-0.08454095 -0.07126387 -0.18106258
-0.012063577 -0.9001411 -0.18209833
-0.05171988 -0.40419546 -0.18029937
-0.10314628 0.113092475 -0.18204579
-0.023304343 -0.7372009 -0.18122067
-0.067681134 -0.22413492 -0.18009068
-0.123388655 0.30245692 -0.18388678
-0.036338836 -0.56518555 -0.18040507
-0.08540208 -0.037522085 -0.18033896
-0.009787657 -0.90229905 -0.18194617
-0.051200442 -0.38481712 -0.17976856
-0.10485945 0.15491173 -0.18122657
-0.02158673 -0.73208314 -0.18092866
-0.067901 -0.19686979 -0.17944522
-0.12601891 0.35250035 -0.18298002
-0.03524733 -0.55247825 -0.17997646
-0.086432055 -0.0021430599 -0.17958924
-0.007564781 -0.90404093 -0.18177305
-0.050805453 -0.36422917 -0.17921375
-0.10676745 0.19858068 -0.18038115
-0.019947771 -0.72626024 -0.1806132
-0.06827378 -0.16814809 -0.17877631
-0.1288688 0.4045926 -0.18204503
-0.034262408 -0.538782 -0.17952384
-0.087642305 0.03491569 -0.1788177
-0.005403688 -0.9053328 -0.18157873
-0.050546188 -0.3423841 -0.1786356
-0.108881146 0.24412848 -0.1795158
-0.018397506 -0.7196896 -0.18027367
-0.0688112 -0.13792604 -0.17808624
-0.13194755 0.45874286 -0.18108997
-0.03339525 -0.5240492 -0.17904678
-0.089044385 0.073686875 -0.17802876
-0.003313365 -0.9061396 -0.181363
-0.05043466 -0.31923458 -0.17803468
-0.111210935 0.2915686 -0.17863728
-0.01694643 -0.7123262 -0.17990945
-0.06952559 -0.10616402 -0.17737733
-0.13526326 0.5149381 -0.18012388
-0.03265771 -0.50823 -0.17854483
-0.09065006 0.114193365 -0.17722705
-0.0013029933 -0.9064255 -0.1811257
-0.050483692 -0.29473308 -0.17741157
-0.11376679 0.34089783 -0.17775297
-0.01560548 -0.70412314 -0.17951986
-0.070429966 -0.07282644 -0.176652
-0.13882285 0.57314146 -0.17915672
-0.032062344 -0.4912721 -0.1780175
-0.092471346 0.15644765 -0.17641759
0.0006181567 -0.9061546 -0.18086669
-0.050706957 -0.26883164 -0.17676684
-0.11655825 0.39209506 -0.1768709
-0.014386011 -0.69503087 -0.17910409
-0.07153808 -0.037882056 -0.17591289
-0.14263186 0.6332904 -0.17819929
-0.03162247 -0.47312054 -0.17746416
-0.0945205 0.20045081 -0.17560597
0.002440815 -0.90529114 -0.18058585
-0.051119074 -0.24148187 -0.17610113
-0.11959424 0.4451199 -0.1759999
-0.013299768 -0.68499774 -0.17866123
-0.07286449 -0.0013047601 -0.1751631
-0.1466944 0.69529563 -0.17726324
-0.031352226 -0.45371726 -0.17688411
-0.09680996 0.24619088 -0.1747985
0.004155875 -0.9038003 -0.18028313
-0.051735714 -0.21263517 -0.17541534
-0.122882925 0.49991062 -0.17514959
-0.0123588685 -0.67396927 -0.17819019
-0.0744245 0.036925007 -0.17440641
-0.15101288 0.75904 -0.17636092
-0.031266656 -0.43300083 -0.17627664
-0.09935207 0.2936405 -0.17400251
0.005754551 -0.9016486 -0.17995855
-0.05257368 -0.18224348 -0.17471077
-0.12643135 0.5563823 -0.17433053
-0.011575776 -0.66188806 -0.17768967
-0.07623414 0.076817825 -0.17364763
-0.15558775 0.8243784 -0.17550513
-0.031381838 -0.41090626 -0.17564107
-0.10215878 0.3427535 -0.17322662
0.007228622 -0.8988049 -0.17961223
-0.05365102 -0.15026079 -0.17398955
-0.13024494 0.61442465 -0.17355406
-0.010963289 -0.64869344 -0.1771582
-0.0783099 0.11837151 -0.17289321
-0.16041732 0.89113814 -0.17470886
-0.03171506 -0.38736537 -0.17497706
-0.10524102 0.39346084 -0.17248094
0.00857068 -0.89524114 -0.17924435
-0.05498706 -0.11664622 -0.17325528
-0.13432695 0.6739 -0.17283209
-0.010534582 -0.6343212 -0.1765941
-0.08066828 0.16156544 -0.17215182
-0.16549742 0.959121 -0.17398487
-0.032285087 -0.36230773 -0.17428504
-0.10860782 0.44566554 -0.17177723
0.009774457 -0.8909336 -0.17885514
-0.05660236 -0.08136929 -0.17251404
-0.1386777 0.7346425 -0.17217658
-0.010303364 -0.61870325 -0.17599557
-0.08332481 0.20635244 -0.17143528
-0.1708213 1.0281066 -0.17334513
-0.033112552 -0.33566365 -0.17356713
-0.11226496 0.49923757 -0.17112873
0.0108350925 -0.8858639 -0.1784448
-0.058518324 -0.04441917 -0.17177612
-0.14329386 0.7964587 -0.17159885
-0.010284332 -0.6017674 -0.17536098
-0.08629248 0.25264814 -0.17075932
-0.17637946 1.0978571 -0.17280029
-0.034220636 -0.30737007 -0.17282894
-0.11621335 0.55400985 -0.17054945
0.011749335 -0.88002104 -0.17801334
-0.060756255 -0.0058197738 -0.17105831
-0.14816767 0.8591316 -0.17110835
-0.010494245 -0.5834385 -0.17468949
-0.08957907 0.30031824 -0.17014392
-0.1821594 1.1681241 -0.17235903
-0.035636 -0.27738315 -0.17208286
-0.12044707 0.6097779 -0.17005272
0.012515269 -0.873402 -0.17756006
-0.063335076 0.034347016 -0.17038707
-0.15328623 0.9224271 -0.17071153
-0.0109544 -0.56364036 -0.17398274
-0.09318335 0.34916675 -0.16961244
-0.18814485 1.2386564 -0.17202759
-0.037389986 -0.24570322 -0.17135423
-0.12495147 0.66630566 -0.16964918
0.013131003 -0.8660132 -0.17708278
-0.06626677 0.07590893 -0.16980119
-0.15863034 0.986106 -0.17041111
-0.011696035 -0.5423044 -0.1732495
-0.09709049 0.398931 -0.16918881
-0.1943133 1.3092083 -0.17180927
-0.039519127 -0.21242215 -0.17069152
-0.1297013 0.7233396 -0.16934484
0.013590386 -0.8578697 -0.17657614
-0.0695482 0.11856643 -0.16935164
-0.16417165 1.049937 -0.1702059
-0.012771854 -0.5193938 -0.17251778
-0.10126753 0.44929245 -0.16889264
-0.20063038 1.379549 -0.1717042
-0.04206181 -0.17780754 -0.1701805
-0.13465793 0.78063184 -0.1691406
0.013870962 -0.8489922 -0.1760293
-0.073149115 0.1618701 -0.16909404
-0.16986564 1.1137128 -0.170092
-0.014279347 -0.49497408 -0.17186643
-0.105659544 0.4999117 -0.16873497
-0.20703883 1.4494717 -0.17170864
-0.045042016 -0.14242955 -0.16995388
-0.13976072 0.8379665 -0.16903464
0.013897842 -0.8394001 -0.17542815
-0.076997645 0.20525117 -0.16907203
-0.17563666 1.1772647 -0.1700641
-0.016402029 -0.4694133 -0.17150103
-0.11017753 0.55048424 -0.16871944
-0.21344216 1.5188054 -0.171814
-0.048420697 -0.107273996 -0.17017026
-0.1449016 0.8951854 -0.16902624
0.013422255 -0.82911426 -0.17480016
-0.080948934 0.2481466 -0.1693039
-0.1813542 1.2404814 -0.17011467
-0.019441368 -0.4439169 -0.1718924
-0.11464127 0.60080266 -0.16884865
-0.21969394 1.5874298 -0.1720033
-0.05194842 -0.07360603 -0.17094257
-0.14987357 0.9522099 -0.16911197
0.011434403 -0.818151 -0.17460954
-0.084609956 0.290203 -0.16978714
-0.18682246 1.3033267 -0.17022468
-0.023284763 -0.4214929 -0.17382458
-0.11864368 0.6508075 -0.16910532
-0.22563097 1.6552838 -0.17224228
0.011727495 -0.75762916 -0.17955403
0.02137454 -0.70265603 -0.17905942
0.006848997 -0.58630514 -0.17858928
-0.008365797 -0.48280492 -0.17746884
-0.021783484 -0.39460436 -0.17592275
-0.017107313 -0.2928317 -0.17607991
-0.030090181 -0.20569038 -0.1750284
-0.04144858 -0.13161963 -0.17391033
-0.04287193 0.0026348538 -0.17355505
-0.053797297 0.0744478 -0.17280728
-0.06346647 0.13543856 -0.17205073
-0.07161279 0.18656927 -0.17132656
-0.07908514 0.35570332 -0.17107537
-0.08729018 0.4049953 -0.17060292
-0.09439197 0.4460563 -0.17015697
-0.10549574 0.6366195 -0.16987948
-0.11247268 0.6757168 -0.1696358
-0.11861825 0.7078832 -0.1694191
-0.12388445 0.73363197 -0.16924374
-0.13872893 0.94686013 -0.16914073
-0.14405589 0.97126323 -0.1691207
-0.14868852 0.9901661 -0.1691383
-0.1659159 1.2181107 -0.16909154
-0.17055291 1.2357652 -0.16924766
-0.17463215 1.2486761 -0.16943967
-0.17815267 1.2571356 -0.16967303
-0.19802444 1.5011812 -0.16978472
-0.2016298 1.5088723 -0.1701409
-0.20478188 1.512698 -0.17053556
-0.22643165 1.7674232 -0.17072546
-0.22962366 1.7705998 -0.17124455
-0.23245998 1.7704486 -0.17180108
-0.23494364 1.7671205 -0.17238663
-0.25856987 2.03378 -0.17278376
-0.26113576 2.0303447 -0.17352033
-0.26345092 2.0241926 -0.1742667
-0.28841978 2.2983468 -0.17488307
0.0068436544 -1.8018938 0.21273108
0.045411605 -1.4432459 0.16014326
0.078150906 -1.0716472 0.11441204
0.019257292 -1.7127627 0.19650201
0.056050945 -1.353765 0.14632817
0.085810415 -0.98450506 0.102981605
0.031051882 -1.6240622 0.18099965
0.06608739 -1.2647989 0.13314235
0.0038761734 -1.8885819 0.21972947
0.042219043 -1.5361621 0.16622862
0.075518 -1.1762847 0.12053502
0.016258461 -1.8007721 0.20326227
0.052796014 -1.4492409 0.15218388
0.0846052 -1.0877084 0.10862319
0.02800902 -1.7135254 0.18748821
0.062881894 -1.3632234 0.13883965
0.0008493563 -1.9748884 0.2267935
0.039114483 -1.6273434 0.1724305
0.072683126 -1.2775769 0.12615877
0.013290751 -1.8880337 0.21015576
0.049621284 -1.5425134 0.15809694
0.082803205 -1.1903924 0.11397674
0.025046153 -1.8018602 0.19412625
0.05966278 -1.4590205 0.14447269
0.09557155 -1.0945817 0.09993049
0.036111835 -1.7170035 0.17877868
0.0695419 -1.3762821 0.1315074
0.010344868 -1.9747249 0.21717063
0.04653367 -1.6338688 0.16413283
0.08001426 -1.2922357 0.118980296
0.022175299 -1.8892264 0.20092191
0.056449156 -1.5525591 0.15017352
0.09299634 -1.2005329 0.10560007
0.0332518 -1.805297 0.18530163
0.06616847 -1.4726576 0.13682702
0.0074206917 -2.060991 0.22428834
0.043634966 -1.723472 0.1703477
0.07641413 -1.3925207 0.12384041
