0.117684536 -1.376964 0.25983557
0.03535029 -0.114697866 0.3089023
0.01939615 0.43385756 0.33921245
0.028613154 0.19351639 0.3420203
0.11693963 -1.3752959 0.2592615
0.035345864 -0.1182213 0.3089063
0.019427255 0.42842767 0.33921564
0.028546084 0.1905244 0.34205145
0.118718706 -1.4362928 0.25750726
0.08546361 -1.2544191 0.2571588
0.06231358 -1.1084651 0.2589928
0.044230103 -1.0023415 0.25897232
0.029269872 -0.9459475 0.26215237
0.044107407 -1.0556374 0.30894244
0.048012435 -1.0861063 0.33942607
0.042280383 -0.8691017 0.34661534
0.028965868 -0.9461996 0.262062
0.04410872 -1.0589935 0.30893075
0.04808768 -1.0914149 0.33940846
0.042300936 -0.8733936 0.346585
0.028611187 -0.94654804 0.26211306
0.044103842 -1.062248 0.3088959
0.04815561 -1.0964432 0.3393615
0.042314455 -0.8772812 0.34651357
0.028240956 -0.9466853 0.26214904
0.04410166 -1.0656378 0.30899686
0.048229106 -1.101809 0.33949757
0.04232955 -0.88165325 0.3467026
0.027958095 -0.94701374 0.26217338
0.044091884 -1.068859 0.3087666
0.048292644 -1.1067775 0.3391829
0.0423341 -0.88545305 0.3462482
0.027783321 -0.94746375 0.26241213
0.044088967 -1.0722786 0.30914032
0.048365492 -1.1121974 0.33969572
0.04234195 -0.88990116 0.34697676
0.027336847 -0.94797933 0.26218244
0.044079337 -1.075505 0.30861562
0.048428133 -1.1171569 0.3389713
0.042338084 -0.8936849 0.34593365
0.026983088 -0.94861454 0.26253322
0.044075366 -1.0788575 0.30916113
0.048498977 -1.1225007 0.33973178
0.042335194 -0.8980241 0.34702265
0.026754651 -0.9494702 0.2621941
0.04408306 -1.0822659 0.3088521
0.048574574 -1.1276916 0.33928537
0.042326834 -0.9021345 0.34636512
0.025614059 -0.94743776 0.2590354
0.04058114 -0.62561345 0.33910313
0.045876633 -1.0536071 0.3461734
0.048308995 -1.135062 0.32777295
0.03758182 -1.0214908 0.28908625
0.026117409 -1.0775983 0.28311884
0.046378955 -1.3300745 0.32371163
0.046248484 -1.321811 0.34520715
0.028529773 -0.8104692 0.34076378
0.021415131 -0.90282077 0.24025007
0.016335769 -0.8666567 0.20557159
0.014972634 -0.8585149 0.18149757
0.019519359 -0.8893213 0.22786714
0.016452966 -0.8699523 0.1960914
-0.04271037 -1.6436377 0.37424797
-0.03920634 -1.6008893 0.37378332
-0.028634781 -1.4858166 0.37247267
-0.035256565 -1.5463336 0.3727392
-0.031410046 -1.4529293 0.37166142
-0.03260253 -1.5114065 0.3719355
0.026020247 -0.94572663 0.2582041
0.020950098 -0.9440383 0.25806615
0.023504738 -0.941175 0.25526488
0.020446658 -0.9356652 0.25621435
0.026242834 -0.9365765 0.25372872
0.0069313394 -0.8147937 0.23989648
-0.015922414 -0.57754815 0.20592816
-0.036127474 -0.40760463 0.18266127
0.017305344 -0.920088 0.25396493
0.021804817 -0.9308963 0.25412104
-0.15723974 -2.855837 0.39028487
-0.091683805 -2.1951861 0.38528627
-0.04945922 -1.7261386 0.37530342
-0.119581476 -2.5242674 0.3863539
-0.19402258 -3.2464793 0.38970792
-0.2283682 -3.5081108 0.38579896
-0.16252932 -2.903212 0.39034623
-0.09651272 -2.2463064 0.38611144
-0.032246124 -1.5388765 0.3736737
-0.16194537 -2.8963354 0.39044636
-0.09608264 -2.2409914 0.38617316
-0.029340804 -1.5347719 0.37372917
0.019925052 -0.8928513 0.22782166
0.017304765 -0.87763804 0.19605641
0.02535654 -0.92712575 0.25133952
0.019096604 -0.88909686 0.21613477
0.018147714 -0.88668364 0.18795513
-0.18513246 -3.1052125 0.38973373
-0.11673117 -2.4562979 0.38872722
-0.059799828 -1.7777019 0.3785012
-0.1844411 -3.0978765 0.38986957
-0.11620619 -2.450364 0.38879865
-0.059782952 -1.7736834 0.3785804
0.023516275 -0.9105482 0.2399844
0.019176789 -0.89220643 0.20543428
0.01948078 -0.8989578 0.18128903
0.021190733 -0.90354156 0.22767232
0.019867716 -0.90082425 0.19594498
-0.20875819 -3.3070605 0.38822994
-0.13741203 -2.660805 0.39035937
-0.075237475 -2.000907 0.38293618
-0.208008 -3.2992115 0.38843536
-0.1368205 -2.6543753 0.39044318
-0.0748535 -1.9964206 0.38300163
0.023759762 -0.9277148 0.25073594
0.020831838 -0.90441805 0.21601276
0.021129562 -0.91367215 0.1878223
0.02377566 -0.9169684 0.23972777
0.021334467 -0.91171604 0.20532121
0.022878679 -0.9295914 0.18112642
-0.15873 -2.8616996 0.39095706
-0.09381113 -2.2145505 0.38650036
-0.029868208 -1.5220579 0.37463775
-0.15807308 -2.854686 0.39106
-0.09337343 -2.2092113 0.3865662
-0.031668693 -1.5197808 0.37472245
0.022556746 -0.9146428 0.22750998
0.022443138 -0.92422265 0.19582503
0.025293203 -0.93026054 0.25032383
0.022647668 -0.9197974 0.21588305
0.024124425 -0.94079214 0.18768188
-0.1809057 -3.0606945 0.39054835
-0.11354507 -2.4207945 0.38916025
-0.05389755 -1.7544888 0.3790014
0.043294314 -0.5096913 0.38322183
0.028980078 -0.6455962 0.37948877
0.014381791 -0.7969212 0.36952487
-0.16622229 -2.8553762 0.39439452
-0.09386831 -2.0637121 0.39612898
-0.023942733 -1.2748256 0.3930943
0.033103693 -0.63290703 0.3866759
0.0071263993 -0.9025542 0.36665675
0.0019691624 -1.0232857 0.36817172
-0.007671953 -1.1928047 0.37021714
-0.023265496 -1.402235 0.37288603
0.007582206 -0.8812841 0.36611262
0.0039774817 -0.9811688 0.36739805
-0.0039705653 -1.1341674 0.3692738
-0.017421339 -1.3296673 0.37171337
0.007425628 -0.88305306 0.36584184
0.0040629404 -0.9798511 0.3671239
-0.0036310942 -1.1294761 0.36898378
-0.016814401 -1.321552 0.37141326
0.0072481 -0.884838 0.3655654
0.0041483855 -0.978538 0.36685002
-0.0032944088 -1.124787 0.36869395
-0.016213331 -1.3134319 0.371112
0.007073065 -0.88663447 0.3652832
0.004227927 -0.97722757 0.366576
-0.0029526933 -1.1200968 0.36840385
-0.015591769 -1.3053048 0.37080893
0.006930748 -0.888437 0.36499566
0.004320516 -0.97591984 0.36630177
-0.0026261057 -1.1154107 0.36811322
-0.0150249805 -1.29718 0.37050363
0.006705558 -0.8902596 0.36470363
0.004387239 -0.9746166 0.3660275
-0.0022768856 -1.1107221 0.367822
-0.014365994 -1.2890426 0.37019566
0.006619786 -0.89208615 0.36440855
0.00449147 -0.97331595 0.3657539
-0.0019623837 -1.1060373 0.36753032
-0.013844964 -1.2809068 0.3698844
0.0063595106 -0.8939175 0.36411315
0.004549054 -0.97201586 0.36548272
-0.0016125017 -1.1013542 0.36723924
-0.013170409 -1.272775 0.3695695
0.033565547 -0.954588 0.25745276
0.05097221 -1.0437565 0.25857598
0.07080356 -1.167811 0.25783843
0.09749955 -1.3377485 0.2554937
0.10815598 -1.4137802 0.25412592
0.07850638 -1.2238715 0.25661242
0.05676868 -1.0828859 0.25796607
0.038569715 -0.97840255 0.25735676
0.10957567 -1.4320693 0.25329337
0.079399936 -1.2356898 0.25594243
0.057279147 -1.0896357 0.25734222
0.038788363 -0.98058045 0.25674358
0.11084182 -1.4503679 0.2524591
0.08017617 -1.2474661 0.25526842
0.05769134 -1.0963539 0.25671297
0.03880561 -0.9827129 0.25612518
0.112261064 -1.4686599 0.251628
0.081061736 -1.2593029 0.25459382
0.058192804 -1.1031231 0.2560821
0.038998995 -0.98492223 0.25550613
0.11358409 -1.4869404 0.25080097
0.08187748 -1.2710922 0.25391924
0.058636673 -1.1098565 0.2554506
0.03907305 -0.9870754 0.25488794
0.11497363 -1.5052133 0.24997786
0.08273823 -1.2829353 0.25324446
0.059116397 -1.1166354 0.25481865
0.039216295 -0.98929733 0.25427112
0.18260372 -2.1962557 0.23159435
0.30219716 -3.5223691 0.19161499
0.4336253 -4.749455 0.16878158
0.39331767 -4.3947926 0.16206129
0.27056786 -3.2613575 0.16454354
0.15817313 -2.1822193 0.17001517
0.05757934 -1.2411271 0.1747123
0.040291704 -0.9986714 0.25310507
0.060960144 -1.1366196 0.25352508
0.08561942 -1.3151023 0.25177506
0.1193724 -1.5528741 0.24815764
0.04015401 -0.99625343 0.25372085
0.06047245 -1.129633 0.2541617
0.084748134 -1.3030254 0.25245598
0.11795639 -1.5342839 0.24899107
0.13167925 -1.6003813 0.25481555
0.12775753 -1.571742 0.25295866
0.13742335 -1.6771551 0.2531238
0.1334648 -1.6452157 0.25189838
0.1433904 -1.7550868 0.25126508
0.13937455 -1.7174181 0.2512692
0.1660807 -2.0230937 0.24530862
0.32653296 -3.7170365 0.19996099
0.4782253 -5.136373 0.17283404
0.4298679 -4.716186 0.17072374
0.29638907 -3.4538882 0.19574723
0.17263958 -2.060302 0.23849632
0.39404303 -4.395 0.17527728
0.26355922 -3.1129856 0.20483299
0.4860654 -5.199258 0.16564955
0.34817597 -3.9669995 0.18311514
0.22137715 -2.6492848 0.21866453
0.43698195 -4.778798 0.16944031
0.3037656 -3.531702 0.19297318
0.18113229 -2.16882 0.23423204
0.38982186 -4.3576303 0.17526318
0.26072598 -3.0861015 0.20479064
0.48122007 -5.157326 0.1655876
0.34434187 -3.9325652 0.18311974
0.21919085 -2.6275988 0.21867643
0.43242568 -4.7389836 0.16942137
0.30037805 -3.500662 0.19294658
0.17959896 -2.1530278 0.23380792
0.3855975 -4.3202786 0.17524436
0.25787425 -3.059294 0.20480151
0.47636098 -5.115341 0.16554955
0.3405034 -3.8980827 0.18313493
0.21695621 -2.6057622 0.21859173
0.043759994 -0.50466645 0.383073
0.02923582 -0.64229727 0.3793911
0.014696139 -0.7960104 0.36943144
0.044224553 -0.49970606 0.38292375
0.029496217 -0.6390785 0.37929425
0.015115216 -0.79515576 0.3693417
0.044685837 -0.49479583 0.38277435
0.029753286 -0.6359267 0.37919736
0.015466591 -0.7946432 0.36925474
0.045144737 -0.4899058 0.38262475
0.030010834 -0.6327384 0.37910065
0.015506113 -0.7942829 0.3691721
0.045601193 -0.48501933 0.38247502
0.03026959 -0.62942666 0.37900394
0.015383659 -0.792906 0.36909384
0.046056192 -0.48015538 0.38232505
0.03052957 -0.6260839 0.3789067
0.014962708 -0.79171866 0.36901948
0.04650441 -0.47534052 0.3821753
0.03078032 -0.62280804 0.37880945
0.014480277 -0.7908565 0.36895004
0.046950497 -0.47060275 0.38202438
0.031028045 -0.6196252 0.3787095
0.014112611 -0.7900551 0.36888137
0.04723138 -0.46588105 0.38187563
0.030998541 -0.6164188 0.37861133
0.013417346 -0.7891876 0.36881837
0.0033916105 -0.9084185 0.3613683
0.004409269 -0.89068484 0.36261508
0.0043078377 -0.895605 0.36280045
0.00468212 -0.8806371 0.36389625
0.0053629065 -0.8828977 0.36416417
0.005729491 -0.87053436 0.36506715
0.06740404 -0.26657668 0.3812289
0.043975633 -0.47822255 0.37902465
0.017764201 -0.75039726 0.37033838
0.042290874 -0.14058086 0.3259215
0.030247495 -0.2768396 0.3271267
0.032580227 -0.40035215 0.3257442
0.032239866 -0.55820066 0.32249954
0.04317658 -0.10858858 0.3250414
0.030428888 -0.2661395 0.3260858
0.032403212 -0.4056897 0.32489228
0.03153242 -0.57846916 0.32166916
0.043844096 -0.07896958 0.32432032
0.030649632 -0.2557172 0.32508114
0.03222071 -0.41104802 0.32407013
0.03078351 -0.598368 0.32092115
0.04433205 -0.051342446 0.3236277
0.03090744 -0.24560972 0.32411546
0.032031823 -0.41642284 0.32327712
0.029995436 -0.6178529 0.32024118
0.044708945 -0.025439551 0.32294795
0.031200908 -0.23585103 0.32319108
0.0318378 -0.4218051 0.32251492
0.02917293 -0.63687587 0.31962004
0.045026895 -0.0010867536 0.32227078
0.03152807 -0.22647639 0.32230878
0.031638917 -0.42718986 0.3217829
0.028319534 -0.65539634 0.3190491
0.045323774 0.021838952 0.32159847
0.031886615 -0.21751991 0.32146952
0.031435665 -0.43257207 0.3210807
0.027439825 -0.6733768 0.31852335
0.045623533 0.04342356 0.3209346
0.03227364 -0.20901433 0.320674
0.031228336 -0.43794742 0.32040787
0.026538959 -0.6907852 0.31803942
0.04594065 0.063729756 0.32028383
0.03268568 -0.2009899 0.31992286
0.031017216 -0.44331208 0.31976405
0.025622819 -0.7075958 0.31759492
0.046282798 0.08280376 0.31965038
0.03311875 -0.19347368 0.31921634
0.030802587 -0.44866264 0.31914908
0.024697697 -0.7237898 0.31718767
0.046653375 0.100680545 0.31903803
0.033568528 -0.18648906 0.3185543
0.030584734 -0.45399618 0.3185631
0.023769882 -0.7393552 0.31681553
0.047052983 0.11738689 0.31844997
0.034030534 -0.18005542 0.31793636
0.03036397 -0.4593103 0.31800646
0.022845343 -0.75428706 0.31647626
0.04748049 0.13294387 0.3178888
0.03450031 -0.17418806 0.3173617
0.030140623 -0.46460304 0.31747958
0.021929463 -0.7685864 0.31616765
0.047933694 0.14736825 0.3173567
0.03497356 -0.16889836 0.31682947
0.029915055 -0.46987304 0.3169831
0.021026868 -0.78225946 0.31588754
0.04840977 0.16067377 0.31685552
0.035446323 -0.16419408 0.31633857
0.02968764 -0.47511944 0.3165177
0.020141339 -0.79531693 0.31563392
0.04890548 0.1728719 0.31638664
0.035914958 -0.16007972 0.3158879
0.029458782 -0.48034197 0.31608397
0.019275868 -0.8077727 0.31540507
0.04941744 0.1839726 0.31595126
0.03637628 -0.156557 0.31547645
0.029228866 -0.48554084 0.3156826
0.018432606 -0.819643 0.31519964
0.04994214 0.19398472 0.3155503
0.036827505 -0.15362526 0.3151032
0.028998295 -0.49071684 0.31531414
0.01761307 -0.83094585 0.31501654
0.05047606 0.20291646 0.31518447
0.037266254 -0.15128194 0.3147672
0.028767454 -0.49587128 0.3149791
0.01681819 -0.84169996 0.31485492
0.051015742 0.21077563 0.31485432
0.03769054 -0.14952296 0.3144678
0.028536685 -0.5010059 0.31467792
0.016048389 -0.8519247 0.31471437
0.05155776 0.21756998 0.31456023
0.03809869 -0.14834303 0.31420422
0.02830632 -0.50612295 0.31441095
0.015303761 -0.8616394 0.31459463
0.052098792 0.22330722 0.31430244
0.038489334 -0.147736 0.31397593
0.028076647 -0.51122516 0.31417835
0.014584111 -0.8708631 0.3144956
0.052635614 0.2279953 0.31408113
0.03886134 -0.14769506 0.31378248
0.027847905 -0.5163155 0.3139803
0.013889053 -0.87961435 0.31441742
0.053165138 0.23164245 0.31389636
0.039213795 -0.14821301 0.31362355
0.027620276 -0.5213974 0.31381688
0.013218052 -0.88791114 0.31436032
0.053684365 0.23425719 0.3137481
0.039545927 -0.1492823 0.31349874
0.027393917 -0.5264744 0.31368792
0.012570521 -0.8957707 0.31432462
0.054190464 0.2358485 0.31363618
0.03985712 -0.1508953 0.3134079
0.027168903 -0.5315505 0.31359342
0.011945796 -0.9032096 0.31431067
0.054680713 0.2364257 0.3135606
0.040146846 -0.15304424 0.31335083
0.026945265 -0.5366296 0.31353313
0.011343201 -0.9102437 0.3143189
0.055152524 0.23599856 0.3135211
0.040414665 -0.15572144 0.31332728
0.026722992 -0.5417159 0.31350684
0.010762083 -0.91688794 0.3143497
0.055603445 0.23457724 0.31351742
0.040660195 -0.15891922 0.31333718
0.026502011 -0.5468137 0.31351423
0.010201783 -0.92315674 0.31440347
0.056031138 0.23217233 0.3135494
0.040883083 -0.16263002 0.3133804
0.026282202 -0.55192715 0.31355503
0.009661668 -0.9290637 0.31448063
0.0564334 0.22879477 0.31361675
0.041083038 -0.16684638 0.3134567
0.026063425 -0.5570606 0.31362885
0.009141158 -0.9346218 0.3145815
0.056808125 0.22445588 0.31371915
0.041259747 -0.17156096 0.31356606
0.025845472 -0.56221807 0.31373534
0.008639679 -0.93984354 0.31470644
0.057153348 0.21916732 0.3138563
0.04141295 -0.17676653 0.31370825
0.025628133 -0.56740385 0.3138741
0.008156717 -0.9447406 0.31485575
0.057467178 0.21294107 0.31402794
0.041542355 -0.18245603 0.31388307
0.025411142 -0.5726218 0.3140447
0.0076917675 -0.9493243 0.31502965
0.05774785 0.20578943 0.31423363
0.041647706 -0.18862246 0.31409037
0.025194233 -0.5778759 0.3142468
0.0072443867 -0.9536054 0.31522834
0.057993673 0.19772497 0.3144731
0.04172872 -0.19525895 0.3143299
0.02497711 -0.5831698 0.31447992
0.0068141418 -0.95759416 0.315452
0.05820305 0.18876047 0.314746
0.041785114 -0.20235872 0.31460145
0.02475945 -0.5885071 0.31474373
0.006400632 -0.9613005 0.3157008
0.058374483 0.17890906 0.3150519
0.041816615 -0.20991506 0.31490472
0.024540951 -0.59389114 0.31503773
0.0060035023 -0.9647338 0.3159747
0.058506534 0.16818403 0.3153905
0.041822933 -0.21792132 0.31523943
0.024321275 -0.59932506 0.31536156
0.005622407 -0.9679031 0.31627384
0.058597848 0.15659885 0.31576133
0.04180377 -0.22637093 0.31560528
0.024100088 -0.6048119 0.3157148
0.005257031 -0.97081715 0.31659818
0.05864713 0.14416729 0.31616405
0.041758824 -0.23525731 0.31600192
0.023877056 -0.6103545 0.31609702
0.0049070837 -0.97348434 0.31694767
0.058653157 0.13090332 0.3165982
0.041687794 -0.2445739 0.31642902
0.02365185 -0.61595535 0.31650785
0.0045722956 -0.9759127 0.31732222
0.058614776 0.1168209 0.31706342
0.04159037 -0.25431427 0.31688613
0.023424134 -0.621617 0.31694683
0.0042524138 -0.9781101 0.31772175
0.05853089 0.10193452 0.31755918
0.041466247 -0.26447174 0.3173729
0.023193592 -0.6273416 0.31741354
0.0039472124 -0.9800838 0.31814605
0.058400426 0.08625843 0.31808507
0.041315094 -0.27503994 0.3178889
0.022959894 -0.6331312 0.3179076
0.0036564688 -0.98184144 0.31859502
0.058222417 0.069807485 0.31864065
0.041136615 -0.28601205 0.31843364
0.02272274 -0.63898766 0.31842858
0.0033799913 -0.9833898 0.3190684
0.057995904 0.05259634 0.31922543
0.04093049 -0.29738164 0.31900668
0.022481825 -0.6449127 0.318976
0.0031175914 -0.98473585 0.31956595
0.057719987 0.03464016 0.31983888
0.04069641 -0.30914184 0.31960756
0.02223686 -0.6509078 0.31954953
0.0028690998 -0.98588616 0.32008743
0.057393815 0.015953926 0.32048053
0.04043406 -0.3212861 0.32023576
0.021987563 -0.65697443 0.32014865
0.002634356 -0.9868472 0.32063252
0.05701661 -0.0034469357 0.32114986
0.040143155 -0.33380753 0.32089072
0.021733675 -0.6631137 0.3207729
0.0024132153 -0.98762536 0.32120094
0.05658755 -0.0235468 0.3218463
0.039823372 -0.34669915 0.32157198
0.021474926 -0.6693268 0.3214219
0.002205539 -0.9882267 0.32179233
0.056105975 -0.04433005 0.32256934
0.039474454 -0.35995406 0.32227895
0.02121109 -0.67561466 0.3220951
0.002011201 -0.9886574 0.32240632
0.0555712 -0.06578079 0.3233184
0.03909612 -0.3735652 0.323011
0.020941937 -0.68197817 0.32279205
0.001830083 -0.98892325 0.32304257
0.054982524 -0.087882794 0.3240929
0.038688075 -0.38752532 0.32376763
0.020667236 -0.6884181 0.32351232
0.0016620741 -0.9890301 0.3237007
0.05433941 -0.11061988 0.32489225
0.03825009 -0.40182725 0.32454818
0.020386798 -0.6949351 0.32425538
0.0015070713 -0.9889837 0.32438025
0.053641263 -0.1339754 0.32571584
0.03778191 -0.4164635 0.32535204
0.020100424 -0.70152974 0.3250207
0.0013649792 -0.9887896 0.3250808
0.05288756 -0.15793261 0.32656303
0.037283305 -0.4314266 0.3261786
0.019807937 -0.70820266 0.32580775
0.0012357082 -0.9884535 0.325802
0.052077845 -0.18247451 0.3274332
0.03675408 -0.44670898 0.32702717
0.019509176 -0.71495426 0.32661605
0.0011191741 -0.9879809 0.3265433
0.051211644 -0.20758389 0.32832566
0.036194026 -0.46230286 0.3278971
0.01920398 -0.72178495 0.327445
0.001015299 -0.9873772 0.32730427
0.050288577 -0.23324327 0.3292398
0.03560298 -0.47820047 0.32878768
0.01889221 -0.72869515 0.32829407
0.0009240094 -0.986648 0.32808447
0.04930824 -0.25943494 0.33017486
0.03498077 -0.49439377 0.32969826
0.018573724 -0.73568535 0.3291627
0.0008452385 -0.9857987 0.32888335
0.048270307 -0.2861407 0.33113018
0.03432725 -0.5108747 0.33062807
0.018248392 -0.7427558 0.33005023
0.00077892427 -0.9848348 0.3297005
0.047174517 -0.31334248 0.332105
0.03364233 -0.527635 0.33157638
0.017916108 -0.7499069 0.33095607
0.0007250075 -0.98376167 0.33053535
0.046020582 -0.34102163 0.33309865
0.032925896 -0.54466647 0.33254248
0.017576745 -0.7571391 0.33187965
0.00068343733 -0.98258495 0.33138743
0.044808332 -0.3691592 0.33411032
0.032177895 -0.5619606 0.33352557
0.017230205 -0.76445264 0.33282024
0.00065416616 -0.9813102 0.33225626
0.04353755 -0.39773592 0.33513924
0.03139826 -0.57950866 0.33452487
0.016876375 -0.7718481 0.33377722
0.0006371549 -0.97994304 0.33314127
0.042208146 -0.4267323 0.3361846
0.030586984 -0.5973022 0.3355396
0.01651516 -0.7793257 0.33474988
0.0006323678 -0.9784893 0.33404198
0.040819995 -0.45612863 0.3372456
0.029744053 -0.61533237 0.33656898
0.016146446 -0.7868862 0.3357375
0.0006397794 -0.9769547 0.3349579
0.039373085 -0.48590443 0.33832142
0.028869512 -0.6335902 0.33761215
0.015770135 -0.79452986 0.33673936
0.00065936946 -0.97534543 0.33588848
0.037867375 -0.51603925 0.33941117
0.02796339 -0.6520667 0.3386683
0.015386111 -0.80225736 0.3377547
0.0006911296 -0.97366756 0.33683318
0.036302943 -0.5465122 0.34051394
0.027025782 -0.6707528 0.33973658
0.014994268 -0.81006914 0.33878267
0.0007350574 -0.9719276 0.33779153
0.034679852 -0.577302 0.34162885
0.026056776 -0.6896393 0.3408162
0.014594479 -0.81796587 0.3398225
0.00079116435 -0.97013205 0.338763
0.03299826 -0.60838675 0.34275493
0.025056498 -0.7087167 0.34190622
0.014186622 -0.8259481 0.34087333
0.00085947156 -0.96828794 0.33974704
0.031258304 -0.6397447 0.34389123
0.024025064 -0.7279758 0.34300584
0.013770545 -0.83401656 0.3419343
0.00094001525 -0.9664024 0.34074318
0.02946025 -0.67135304 0.3450367
0.022962652 -0.7474068 0.34411415
0.013346111 -0.8421718 0.3430044
0.0010328391 -0.9644832 0.34175086
0.027604384 -0.7031891 0.3461903
0.021869432 -0.76700014 0.3452303
0.012913159 -0.85041445 0.3440828
0.0011380003 -0.9625382 0.3427696
0.025691003 -0.7352297 0.34735093
0.020745559 -0.7867461 0.34635344
0.012471505 -0.8587452 0.3451684
0.0012555677 -0.960576 0.3437988
0.023720568 -0.7674509 0.34851745
0.019591263 -0.8066344 0.34748268
0.012020984 -0.8671647 0.34626028
0.0013856083 -0.9586056 0.34483787
0.021693503 -0.79982924 0.34968862
0.018406719 -0.82665527 0.34861708
0.011561388 -0.87567335 0.3473573
0.0015281943 -0.9566366 0.3458863
0.01961035 -0.83233994 0.3508632
0.01719213 -0.8467981 0.34975573
0.011092511 -0.8842718 0.3484584
0.0016833824 -0.95467925 0.34694335
0.017471753 -0.8649587 0.35203984
0.015947731 -0.86705244 0.35089773
0.010614145 -0.8929604 0.3495624
0.0018512022 -0.95274454 0.34800836
0.01527844 -0.8976606 0.35321712
0.014673751 -0.8874075 0.35204208
0.010126065 -0.9017398 0.35066813
0.0020316376 -0.9508441 0.3490805
0.013031231 -0.9304206 0.35439354
0.013370434 -0.90785205 0.35318774
0.009628038 -0.91061 0.3517743
0.002224601 -0.94899035 0.35015884
0.010731152 -0.9632139 0.35556749
0.0120381 -0.92837495 0.35433358
0.00911984 -0.91957146 0.35287958
0.002429897 -0.9471964 0.35124233
0.008379322 -0.9960155 0.35673723
0.010677069 -0.9489644 0.3554784
0.008601223 -0.92862415 0.3539825
0.0026471918 -0.945476 0.35232967
0.005977116 -1.028801 0.35790092
0.009287763 -0.9696088 0.35662085
0.008071951 -0.9377682 0.35508156
0.0028759693 -0.9438434 0.35341942
0.0035262466 -1.0615462 0.35905665
0.007870727 -0.9902959 0.35775942
0.0075317966 -0.9470034 0.35617504
0.0031154875 -0.94231343 0.3545098
0.0010287161 -1.0942286 0.3602024
0.0064265775 -1.011014 0.3588924
0.0069805207 -0.9563297 0.35726106
0.0033647628 -0.94090074 0.35559878
-0.0015129134 -1.1268263 0.36133593
0.0049560694 -1.0317509 0.36001793
0.0064178873 -0.96574664 0.35833746
0.003622541 -0.9396199 0.356684
-0.004095455 -1.1593204 0.3624553
0.003460073 -1.0524955 0.36113378
0.0058436682 -0.97525394 0.35940185
0.003887336 -0.93848497 0.35776275
-0.0067145554 -1.1916943 0.36355823
0.0019395478 -1.0732367 0.36223754
0.0052576177 -0.984851 0.3604515
0.004157441 -0.93750894 0.35883182
-0.009364938 -1.2239354 0.36464447
0.00039552173 -1.0939642 0.36332628
0.0046595223 -0.9945372 0.3614832
0.0044311048 -0.9367036 0.35988736
-0.012038096 -1.2560396 0.3657113
-0.0011710285 -1.114669 0.36439642
0.0040490623 -1.0043119 0.36249352
0.00470644 -0.9360792 0.36092454
-0.0147270365 -1.2880073 0.36677235
-0.0027589207 -1.1353431 0.3654433
0.0034261877 -1.0141746 0.36347863
0.0049819816 -0.93564445 0.36193657
-0.01741437 -1.3198704 0.36781597
-0.00436749 -1.1559778 0.36645973
0.002790131 -1.0241233 0.36443433
0.0052554626 -0.93540645 0.36291322
-0.02011787 -1.3516715 0.36895415
-0.005993267 -1.1765724 0.36744437
0.0021426722 -1.0341594 0.3653603
0.005526786 -0.9353679 0.36384332
0.04161154 -0.11291312 0.32919118
0.025001546 -0.031795077 0.32876626
0.032027535 0.021963686 0.32745153
0.041110344 0.05828051 0.32487476
0.03034793 0.16875975 0.32427296
0.036823932 0.19507055 0.32250535
0.043235734 0.20357102 0.32051152
0.047544155 0.19542935 0.3185732
0.042704333 0.3427323 0.31824368
0.04723304 0.3257793 0.31703356
0.050438073 0.2961207 0.3159194
0.049323045 0.4615325 0.31526482
0.05230078 0.42183113 0.31469038
0.054402493 0.37272987 0.31419432
0.055329215 0.315605 0.31381136
0.05760271 0.48850176 0.31348205
0.058670938 0.42238617 0.31347013
0.058906876 0.35065624 0.31354457
0.062489484 0.5237027 0.31331006
0.06262075 0.44302067 0.3137076
0.062104613 0.3588375 0.31417838
0.06090288 0.2720145 0.31473577
0.06577875 0.43334928 0.31484458
0.064512774 0.33884454 0.31567276
0.062690146 0.24348861 0.31657517
0.06776678 0.3926639 0.3168217
0.06577696 0.2899176 0.31797728
0.063322164 0.18798211 0.31919643
0.06043503 0.08750924 0.32048583
0.065585054 0.21176252 0.32103693
0.062512256 0.1051773 0.32254443
0.059092175 0.001524816 0.3241094
0.06364732 0.10452982 0.3247916
0.059996158 -0.00478563 0.3265565
0.0560694 -0.109797865 0.3283656
0.05193014 -0.21002625 0.33021963
0.05553277 -0.14127937 0.33116233
0.051144358 -0.24582228 0.33318025
0.04661534 -0.34439176 0.33522677
0.04889663 -0.30313498 0.33628356
0.044123948 -0.40534756 0.33847064
0.03926288 -0.50050026 0.3406693
0.03440707 -0.58832026 0.34287077
0.03484978 -0.5865164 0.3441451
0.029738368 -0.6764387 0.34645095
0.024666058 -0.7581499 0.34873623
0.023192057 -0.7866816 0.35010445
0.017964495 -0.8694594 0.3524683
0.012751446 -0.9432713 0.35478556
0.007731066 -1.0082257 0.35701427
0.003928976 -1.0757661 0.35862327
-0.0012986693 -1.139698 0.36091995
-0.0064266934 -1.1944292 0.3630507
-0.012335305 -1.2901965 0.36484984
-0.017373862 -1.341912 0.36707845
-0.022284258 -1.3844901 0.36900938
0.01582298 -0.89171475 0.32077897
0.010589332 -0.84592426 0.32364342
0.011422759 -0.93503857 0.3229083
0.011385257 -1.029712 0.32195112
0.00451168 -0.9781229 0.3232657
0.0057949256 -1.0583172 0.32260728
0.0058524786 -1.1447769 0.32138902
0.004802239 -1.2378577 0.3200187
0.00034169562 -1.1506559 0.32077786
0.00017196075 -1.2314885 0.3199345
-0.0008399163 -1.317351 0.31869206
-0.003819452 -1.214848 0.31895676
-0.0046799504 -1.2905965 0.31851274
-0.0059454967 -1.3695964 0.31767184
-0.008092031 -1.4525876 0.31673002
-0.008559011 -1.3256681 0.3176233
-0.010142475 -1.3978026 0.31722066
-0.012182587 -1.4722385 0.3166229
-0.011517836 -1.3403807 0.31733322
-0.013360916 -1.4055908 0.3173548
-0.015412021 -1.4717227 0.3171762
-0.017820127 -1.5390953 0.31702143
-0.015669862 -1.3963501 0.31813326
-0.01768366 -1.4544427 0.31836528
-0.019885277 -1.512519 0.31851807
-0.01716756 -1.373162 0.3194936
-0.019049736 -1.4235269 0.32011554
-0.021022277 -1.4728421 0.32062712
-0.022961969 -1.5212575 0.32120892
-0.019586077 -1.381846 0.32242075
-0.02126805 -1.422926 0.32326832
-0.022935912 -1.4622302 0.32409522
-0.019408096 -1.3320589 0.32521746
-0.020712072 -1.3654109 0.32637313
-0.021999314 -1.3963238 0.3274726
-0.022975 -1.4247893 0.32866108
-0.019451715 -1.302739 0.32989913
-0.020297164 -1.3259356 0.3312324
-0.020978251 -1.3462136 0.33258894
-0.017628 -1.2371693 0.33379075
-0.01795157 -1.2532648 0.33532053
-0.01818385 -1.266204 0.3368452
-0.017921995 -1.2757313 0.33847135
-0.015081632 -1.1803229 0.33965972
-0.014814093 -1.1867083 0.34130147
-0.014313862 -1.1896164 0.34301767
-0.011833562 -1.1089416 0.3442125
-0.010991111 -1.1094973 0.34592777
-0.0100959195 -1.1067225 0.3477212
-0.008633973 -1.0998485 0.34962776
-0.006835868 -1.0362114 0.35060653
-0.005545021 -1.0286583 0.35247186
-0.0040644174 -1.0168535 0.35445708
-0.0023894792 -0.9684722 0.35537815
-0.0007419912 -0.957187 0.35731247
0.0009235153 -0.94090736 0.35927862
0.015037126 -0.58752406 0.32043886
0.030591445 -0.6304993 0.32038182
0.030116199 -0.50789255 0.32197887
0.025107231 -0.3955692 0.32514772
0.039214313 -0.40650582 0.3246885
0.036194667 -0.29386663 0.32744542
0.031797335 -0.19873968 0.33048373
0.028386245 -0.12213331 0.33353335
0.039192118 -0.07135475 0.3331168
0.035050828 0.0022512614 0.33544812
0.031563338 0.058674943 0.33763885
0.039287716 0.14879274 0.33783412
0.035407957 0.19844761 0.33945504
0.03197235 0.23259245 0.34091216
0.029395618 0.2522637 0.34217826
0.033737082 0.38008723 0.3422583
0.030469898 0.39111143 0.3430723
0.027845915 0.38926476 0.34370738
0.030842269 0.53873605 0.34380582
0.027840348 0.52653444 0.34402305
0.025406726 0.5030947 0.3440672
0.023622133 0.4693335 0.34392884
0.024764234 0.63223165 0.3437363
0.022688324 0.58758605 0.34321028
0.021229127 0.5342834 0.34251133
0.021849703 0.7024948 0.3422057
0.020278743 0.6373701 0.34112266
0.019321017 0.5653229 0.33987662
0.018953241 0.48725453 0.33846164
0.018748393 0.64781016 0.33780822
0.018435633 0.5580945 0.33602896
0.018711034 0.4641354 0.3340941
0.018662373 0.61495703 0.3332845
0.01910866 0.5088975 0.3309886
0.020152913 0.4004204 0.3285521
0.021708751 0.2904045 0.32597268
0.021866396 0.41467595 0.32478905
0.02377371 0.29327455 0.32187235
0.02621091 0.1721707 0.31883287
0.02722843 0.27300417 0.31747615
0.03003891 0.14048415 0.31410298
0.033445787 0.010140389 0.3106296
0.037266843 -0.11720278 0.3070686
0.039370347 -0.05957819 0.30530176
0.043780208 -0.19707973 0.3014205
0.04875901 -0.32967463 0.2974948
0.052162513 -0.30803618 0.29553443
0.05748289 -0.45034313 0.2912692
0.06367175 -0.5857212 0.28701586
0.07039806 -0.7136973 0.2828664
0.07479646 -0.7500198 0.28027812
0.08192153 -0.88543475 0.27574152
0.09029506 -1.0117052 0.2714005
0.09636555 -1.0950843 0.2688297
0.10373552 -1.2281389 0.2642455
0.11236445 -1.3514669 0.2597682
0.04136748 -0.32558277 0.33421618
0.029948916 -0.3332523 0.33242348
0.03332822 -0.37409797 0.33027217
0.03491041 -0.45290565 0.3276753
0.04159836 -0.35826227 0.33478847
0.03000248 -0.3448214 0.33342102
0.03344515 -0.36895618 0.33119357
0.035250165 -0.43139488 0.328765
0.041641813 -0.38934195 0.33537507
0.03009077 -0.35641572 0.3343891
0.033551317 -0.36388117 0.3321073
0.0355268 -0.40987465 0.32983258
0.041565716 -0.41913468 0.3359741
0.030211281 -0.3680008 0.33532894
0.033645153 -0.35887524 0.33301014
0.035740316 -0.3883929 0.3308734
0.04141941 -0.4478332 0.3366043
0.03036328 -0.37954563 0.33623976
0.03372717 -0.35394722 0.33389837
0.035892475 -0.3670054 0.3318844
0.041243408 -0.47557795 0.33725694
0.030545145 -0.39101598 0.33712104
0.033797313 -0.34910387 0.33476996
0.035984937 -0.3457669 0.33286372
0.041063655 -0.502463 0.33792508
0.030755073 -0.40237924 0.33797136
0.033855792 -0.34435254 0.33562282
0.03602014 -0.32473195 0.3338093
0.0408971 -0.5285573 0.3386004
0.030990612 -0.41360483 0.3387893
0.033902805 -0.33970046 0.33645532
0.03600135 -0.30395296 0.33471945
0.040753957 -0.5539098 0.33927584
0.031248862 -0.4246652 0.33957344
0.033938594 -0.33515513 0.33726582
0.035932593 -0.28347918 0.3355928
0.040640235 -0.57855684 0.3399451
0.031526536 -0.4355363 0.34032252
0.033963412 -0.33072418 0.3380528
0.035818435 -0.26335576 0.33642858
0.04055909 -0.60252506 0.34060284
0.031820126 -0.44619802 0.3410356
0.033977542 -0.32641542 0.3388147
0.03566377 -0.24362327 0.33722648
0.040511873 -0.625834 0.34124443
0.03212606 -0.45663404 0.3417121
0.03398128 -0.3222368 0.33954996
0.035473507 -0.22431752 0.33798662
0.04049874 -0.6484982 0.3418658
0.03244088 -0.46683204 0.34235153
0.03397493 -0.3181964 0.34025702
0.035252362 -0.20546961 0.33870938
0.04051901 -0.6705282 0.34246346
0.032761306 -0.47678328 0.3429538
0.033958845 -0.3143023 0.3409343
0.03500473 -0.18710645 0.33939537
0.04057144 -0.69193155 0.34303433
0.033084363 -0.48648226 0.3435188
0.033933382 -0.3105627 0.3415803
0.03473455 -0.16925123 0.34004524
0.040654514 -0.71271396 0.34357575
0.03340747 -0.4959264 0.3440465
0.033898916 -0.30698586 0.3421935
0.034445174 -0.151924 0.34065947
0.040766366 -0.73287934 0.34408537
0.03372838 -0.50511557 0.34453693
0.03385585 -0.30358 0.34277257
0.03413953 -0.13514234 0.34123856
0.040904988 -0.7524305 0.34456116
0.034045227 -0.5140516 0.34499007
0.033804618 -0.30035335 0.34331608
0.03382005 -0.11892185 0.34178275
0.041068267 -0.77136964 0.34500134
0.034356505 -0.5227382 0.34540585
0.033745658 -0.2973142 0.34382284
0.033488754 -0.1032767 0.34229216
0.041253947 -0.78969866 0.3454044
0.034661002 -0.53118026 0.3457841
0.033679444 -0.29447064 0.34429175
0.03314736 -0.08821997 0.3427667
0.041459806 -0.80741906 0.34576905
0.034957808 -0.5393836 0.34612468
0.033606462 -0.2918309 0.34472173
0.03279727 -0.07376408 0.34320617
0.041683603 -0.82453257 0.34609413
0.035246253 -0.5473549 0.3464273
0.033527214 -0.289403 0.3451119
0.03243968 -0.05992097 0.34361014
0.041923046 -0.84104097 0.34637877
0.035525844 -0.5551014 0.34669167
0.03344222 -0.28719503 0.34546146
0.03207569 -0.046702314 0.34397814
0.042175967 -0.8569464 0.3466221
0.035796292 -0.5626308 0.34691742
0.033352025 -0.2852149 0.34576964
0.03170624 -0.034119617 0.34430957
0.04244018 -0.8722513 0.3468235
0.036057413 -0.56995076 0.34710416
0.033257164 -0.2834705 0.3460359
0.03133228 -0.022184443 0.34460375
0.042713553 -0.8869586 0.34698245
0.036309123 -0.5770695 0.34725153
0.033158213 -0.28196967 0.34625962
0.03095473 -0.010908259 0.34485996
0.042994093 -0.90107155 0.34709847
0.03655146 -0.583995 0.3473591
0.033055734 -0.2807201 0.3464404
0.03057448 -0.0003026282 0.34507748
0.043279823 -0.9145941 0.3471712
0.036784496 -0.5907353 0.3474264
0.032950316 -0.27972952 0.34657782
0.030192498 0.009620915 0.34525555
0.04356887 -0.92753047 0.34720033
0.037008353 -0.59729856 0.34745306
0.03284256 -0.27900547 0.34667152
0.029809782 0.018850751 0.3453934
0.043859437 -0.9398854 0.3471857
0.037223194 -0.6036926 0.34743866
0.03273308 -0.27855545 0.34672126
0.029427387 0.027375344 0.3454903
0.044149827 -0.9516641 0.34712708
0.03742921 -0.60992545 0.34738284
0.03262249 -0.2783869 0.34672678
0.029046424 0.035183188 0.34554556
0.044438418 -0.96287227 0.3470244
0.03762661 -0.6160048 0.3472852
0.03251144 -0.2785072 0.34668785
0.028668078 0.042262834 0.3455585
0.04472368 -0.9735161 0.3468776
0.03781561 -0.62193847 0.34714547
0.03240057 -0.27892357 0.34660435
0.028293593 0.048603002 0.34552845
0.045004163 -0.983602 0.3466866
0.037996452 -0.62773395 0.34696332
0.03229056 -0.27964324 0.34647608
0.02792428 0.054192528 0.34545484
0.045278482 -0.9931368 0.3464514
0.038169358 -0.6333988 0.3467385
0.032182086 -0.2806733 0.34630293
0.027561523 0.0590205 0.34533718
0.045545377 -1.002128 0.34617206
0.038334582 -0.6389403 0.34647074
0.03207586 -0.28202072 0.34608477
0.02720674 0.063076235 0.34517488
0.04580362 -1.0105832 0.34584862
0.038492367 -0.6443657 0.3461599
0.031972595 -0.2836924 0.34582153
0.026861427 0.06634931 0.3449675
0.046052065 -1.0185101 0.34548116
0.03864296 -0.64968234 0.3458058
0.03187303 -0.2856951 0.34551316
0.02652713 0.06882964 0.34471473
0.04628964 -1.0259172 0.34506977
0.03878661 -0.6548972 0.34540832
0.03177792 -0.28803554 0.3451596
0.026205428 0.07050746 0.34441614
0.04651533 -1.032813 0.34461465
0.03892356 -0.6600173 0.3449674
0.03168803 -0.29072022 0.34476078
0.025897961 0.07137338 0.34407148
0.046728205 -1.0392064 0.34411588
0.039054085 -0.6650496 0.34448296
0.03160417 -0.29375556 0.3443167
0.025606394 0.071418405 0.34368047
0.046927366 -1.0451063 0.3435737
0.039178427 -0.67000085 0.34395504
0.03152714 -0.29714775 0.34382734
0.025332429 0.070633955 0.3432429
0.047111996 -1.0505223 0.34298828
0.039296858 -0.67487776 0.34338358
0.031457763 -0.30090293 0.3432927
0.0250778 0.06901189 0.3427587
0.04728133 -1.0554638 0.34235984
0.039409652 -0.67968714 0.3427687
0.031396892 -0.30502704 0.3427128
0.024844265 0.06654451 0.34222764
0.04743463 -1.0599407 0.34168863
0.03951707 -0.6844354 0.34211046
0.03134538 -0.30952576 0.34208772
0.0246336 0.063224606 0.3416497
0.047571238 -1.0639629 0.340975
0.039619386 -0.6891293 0.34140897
0.03130409 -0.3144047 0.3414175
0.024447594 0.059045408 0.3410249
0.047690544 -1.0675408 0.3402191
0.0397169 -0.6937751 0.3406644
0.031273935 -0.3196692 0.34070218
0.024288073 0.054000728 0.3403532
0.047791973 -1.0706847 0.33942136
0.039809894 -0.6983792 0.3398769
0.0312558 -0.32532442 0.3399419
0.024156848 0.048084773 0.33963463
0.047874995 -1.0734051 0.3385821
0.039898653 -0.702948 0.3390467
0.031250596 -0.3313753 0.33913678
0.024055738 0.041292336 0.33886933
0.047939137 -1.075713 0.33770168
0.03998349 -0.7074876 0.338174
0.031259242 -0.33782658 0.33828694
0.023986582 0.03361873 0.33805743
0.04798396 -1.0776192 0.33678046
0.040064704 -0.7120042 0.33725905
0.031282682 -0.34468266 0.33739254
0.02395121 0.02505982 0.33719903
0.048009075 -1.0791348 0.33581886
0.040142614 -0.71650386 0.33630216
0.03132185 -0.3519478 0.33645377
0.02395145 0.015611946 0.33629438
0.048014127 -1.0802712 0.33481735
0.04021753 -0.7209926 0.33530366
0.03137768 -0.35962608 0.33547083
0.023989113 0.005272018 0.3353437
0.04799881 -1.0810397 0.33377632
0.040289775 -0.72547644 0.33426386
0.031451136 -0.36772114 0.33444396
0.024066027 -0.0059624407 0.33434722
0.047962848 -1.0814519 0.33269632
0.04035968 -0.7299611 0.3331831
0.03154317 -0.3762364 0.33337343
0.024184 -0.01809339 0.33330524
0.047906023 -1.0815196 0.33157784
0.04042757 -0.7344525 0.3320618
0.031654727 -0.3851752 0.33225948
0.0243448 -0.031122314 0.3322181
0.047828138 -1.0812545 0.3304214
0.04049377 -0.73895633 0.3309003
0.031786785 -0.3945403 0.33110246
0.024550227 -0.045049917 0.3310862
0.04772905 -1.0806687 0.3292275
0.04055863 -0.7434783 0.3296991
0.031940296 -0.40433446 0.32990268
0.024802037 -0.059876606 0.32990983
0.047608644 -1.0797743 0.32799676
0.04062246 -0.74802405 0.32845855
0.032116223 -0.41455993 0.3286605
0.025101969 -0.075602025 0.32868946
0.04746685 -1.0785835 0.32672974
0.040685605 -0.7525992 0.3271792
0.032315504 -0.4252188 0.3273763
0.02545172 -0.09222528 0.32742554
0.04730364 -1.0771086 0.32542711
0.040748388 -0.7572092 0.3258615
0.0325391 -0.43631274 0.32605055
0.025852991 -0.10974484 0.32611856
0.047119014 -1.075362 0.32408947
0.040811136 -0.7618597 0.32450595
0.032787967 -0.4478432 0.32468367
0.026307462 -0.12815872 0.32476896
0.04691302 -1.0733564 0.32271743
0.040874165 -0.7665562 0.32311305
0.03306304 -0.45981133 0.32327613
0.026816757 -0.14746429 0.32337728
0.046685744 -1.0711042 0.3213117
0.04093778 -0.7713042 0.32168338
0.033365242 -0.47221783 0.32182854
0.027382478 -0.16765821 0.32194415
0.046437297 -1.0686182 0.31987295
0.041002296 -0.7761092 0.32021743
0.033695515 -0.48506314 0.3203414
0.028006226 -0.18873662 0.32047006
0.04616784 -1.065911 0.31840187
0.041068 -0.78097695 0.31871575
0.034054767 -0.49834746 0.31881535
0.028689535 -0.21069519 0.31895566
0.04587756 -1.0629958 0.31689918
0.041135173 -0.78591293 0.317179
0.034443896 -0.51207036 0.31725103
0.029433927 -0.23352861 0.3174016
0.045566685 -1.059885 0.3153656
0.04120408 -0.79092294 0.31560764
0.034863785 -0.52623147 0.31564918
0.030240882 -0.25723138 0.31580845
0.04523547 -1.0565919 0.31380183
0.04127497 -0.7960129 0.3140023
0.03531531 -0.5408297 0.31401053
0.031111863 -0.28179708 0.31417695
0.04488421 -1.0531291 0.3122086
0.041348074 -0.80118877 0.31236362
0.0357993 -0.55586374 0.3123359
0.032048278 -0.3072185 0.31250775
0.044513214 -1.0495096 0.31058663
0.04142361 -0.8064567 0.3106921
0.0363166 -0.57133204 0.31062618
0.03305156 -0.3334882 0.31080157
0.044122834 -1.0457467 0.3089367
0.041501764 -0.8118231 0.3089884
0.036867987 -0.5872325 0.30888236
0.03412307 -0.36059746 0.30905908
0.043713436 -1.0418531 0.30725944
0.041582704 -0.8172948 0.30725306
0.037454233 -0.60356253 0.30710536
0.035264187 -0.3885371 0.30728105
0.043285407 -1.0378417 0.3055556
0.041666575 -0.8228786 0.3054867
0.03807607 -0.62031966 0.30529636
0.036476266 -0.41729724 0.30546817
0.042839162 -1.0337257 0.3038259
0.041753482 -0.8285819 0.30368996
0.03873417 -0.6375007 0.30345652
0.037760656 -0.4468668 0.3036212
0.04237512 -1.029518 0.302071
0.041843526 -0.83441263 0.30186334
0.03942919 -0.6551022 0.30158702
0.039118744 -0.47723395 0.30174085
0.041893717 -1.0252316 0.3002915
0.041936766 -0.840379 0.3000075
0.040161725 -0.6731205 0.29968923
0.040551912 -0.5083859 0.29982787
0.041395407 -1.0208794 0.29848808
0.04203324 -0.84648985 0.29812306
0.0409323 -0.69155145 0.2977646
0.042061567 -0.54030824 0.29788303
0.04088064 -1.0164745 0.2966613
0.042132974 -0.85275465 0.29621062
0.041741405 -0.71039087 0.2958146
0.043649152 -0.57298577 0.29590708
0.040349882 -1.0120296 0.2948117
0.04223599 -0.8591836 0.29427093
0.042589467 -0.7296341 0.29384083
0.045316186 -0.6064013 0.29390088
0.039803606 -1.0075581 0.2929398
0.042342305 -0.86578757 0.2923047
0.043476846 -0.74927646 0.291845
0.047064163 -0.6405363 0.2918653
0.0392423 -1.0030726 0.29104608
0.042451985 -0.87257826 0.29031274
0.044403847 -0.76931304 0.28982887
0.04889466 -0.6753702 0.28980127
0.038666483 -0.9985861 0.289131
0.042565133 -0.87956816 0.28829604
0.045370694 -0.78973866 0.2877944
0.05080918 -0.7108803 0.28770998
0.038076688 -0.9941116 0.28719485
0.04268195 -0.88677055 0.28625575
0.046377562 -0.81054807 0.28574362
0.052809205 -0.7470416 0.28559273
0.037473504 -0.98966163 0.28523794
0.042802766 -0.89419955 0.28419313
0.047424585 -0.8317362 0.28367868
0.0548961 -0.783827 0.28345117
0.036857598 -0.98524886 0.28326058
0.042928074 -0.9018696 0.28210986
0.048511796 -0.85329753 0.28160197
0.057070937 -0.8212063 0.28128728
0.036229733 -0.98088557 0.28126284
0.04305858 -0.9097958 0.28000784
0.049639255 -0.8752266 0.27951598
0.059334524 -0.8591469 0.27910355
0.03559082 -0.97658324 0.27924472
0.043195207 -0.91799337 0.27788934
0.050806914 -0.89751863 0.2774236
0.061687104 -0.89761513 0.27690288
0.03494193 -0.97235286 0.27720582
0.043339122 -0.9264771 0.2757573
0.052014787 -0.9201675 0.2753279
0.06412841 -0.9365735 0.27468887
0.034284372 -0.96820384 0.27514538
0.04349167 -0.93526137 0.27361515
0.05326282 -0.94316834 0.2732324
0.06665736 -0.97598493 0.27246556
0.033619467 -0.9641435 0.27306092
0.043654334 -0.94435954 0.2714673
0.054551043 -0.9665157 0.27114105
0.069272235 -1.0158111 0.27023745
0.03294855 -0.96017563 0.27094868
0.04382863 -0.95378363 0.26931962
0.05587954 -0.99020433 0.26905835
0.07197057 -1.0560143 0.26800933
0.03227077 -0.9562985 0.26879498
0.04401601 -0.963544 0.2671803
0.057248455 -1.0142288 0.26698902
0.07474928 -1.0965579 0.26578596
0.031582624 -0.9524997 0.26658663
0.044218127 -0.97364944 0.2650612
0.058658324 -1.0385833 0.26493868
0.07760523 -1.1374058 0.26357275
0.030858796 -0.9487439 0.26422426
0.044436824 -0.98410636 0.26297927
0.060109332 -1.0632641 0.26291203
0.0805343 -1.1785272 0.26137432
0.03004569 -0.94495356 0.26168692
0.04467572 -0.9949205 0.26095703
0.061603736 -1.0882663 0.26091543
0.08353492 -1.2198926 0.25919864
0.01943866 -0.27589148 0.32995662
0.031687208 -0.34563363 0.32951498
0.026170801 -0.4148736 0.33121
0.022705035 -0.49345943 0.33319184
0.038090806 -0.51941127 0.3348617
0.032451756 -0.5931473 0.3361703
0.028912991 -0.67599684 0.3379881
0.027382182 -0.76849645 0.33995998
0.037070885 -0.730443 0.34081823
0.034562763 -0.81654716 0.3421214
0.033355538 -0.9095963 0.3434904
0.040102243 -0.8329705 0.34414992
0.0388708 -0.9201035 0.34493718
0.03825966 -1.0118761 0.34572682
0.0384297 -1.1074648 0.3464016
0.042073246 -0.99251705 0.34644753
0.0420339 -1.0816323 0.34670427
0.042318452 -1.1727533 0.34683955
0.04444186 -1.038751 0.3467435
0.044847302 -1.1241859 0.3464876
0.04530325 -1.2101187 0.3461197
0.04582407 -1.2958236 0.34560218
0.04682765 -1.1441349 0.34513
0.047398336 -1.2242997 0.34427714
0.04784857 -1.3029739 0.34328178
0.048055943 -1.1456864 0.34267777
0.04865875 -1.2196292 0.341347
0.04901268 -1.290952 0.3398929
0.04905028 -1.3590775 0.33829188
0.049140293 -1.2002226 0.3373713
0.049338806 -1.2639781 0.33547518
0.049133137 -1.3235899 0.3334438
0.048912052 -1.1700486 0.33240312
0.048892 -1.2261312 0.3300811
0.04838049 -1.277268 0.32764715
0.047249407 -1.3230504 0.32508036
0.047767874 -1.1813378 0.3237775
0.04690649 -1.2241663 0.32097203
0.04538485 -1.2610948 0.31805062
0.04609315 -1.1333154 0.31664455
0.0448467 -1.168122 0.31350166
0.042883802 -1.1966957 0.31027058
0.040010028 -1.2188712 0.3069291
0.04236189 -1.1126543 0.30532634
0.039970316 -1.1334922 0.3018333
0.03668521 -1.1479777 0.29824904
0.03961918 -1.0608643 0.29652855
0.03682615 -1.074646 0.2928137
0.033205662 -1.0823762 0.28902265
0.02844601 -1.0840547 0.28511766
0.033560246 -1.0228381 0.28323007
0.029759772 -1.0247006 0.27918592
0.02523274 -1.0206294 0.2749401
0.03016407 -0.98053795 0.27303907
0.026300436 -0.9775336 0.2684804
0.022353174 -0.9676287 0.26362506
0.024045939 -0.9283111 0.25157225
0.015747689 -0.85881466 0.2163499
0.012152773 -0.8326288 0.18819815
0.01987058 -0.8913348 0.2404309
0.012027986 -0.8275895 0.20574781
0.008102434 -0.79695576 0.18179604
0.01537451 -0.85378337 0.22819775
0.007829303 -0.79185444 0.1963876
0.022464916 -0.9249574 0.25176686
0.010681177 -0.81339467 0.21657388
0.003122768 -0.7513825 0.18849054
0.017333025 -0.87447286 0.24035107
0.0056154802 -0.7695371 0.20592886
-0.0021314425 -0.70573694 0.18218459
0.011612582 -0.8225889 0.22829153
0.00010257679 -0.7220635 0.19655293
0.020408465 -0.9199115 0.25204232
0.00560534 -0.7685635 0.21668422
-0.0058716433 -0.67088073 0.18868324
0.014466089 -0.857137 0.2401415
-0.00078977237 -0.71190494 0.20601696
-0.012316576 -0.61563796 0.18248084
0.007722555 -0.79161817 0.22825001
-0.007613418 -0.65262413 0.19662817
0.018159091 -0.91422737 0.25221866
0.0004893478 -0.72398585 0.21669824
-0.014852531 -0.59081024 0.1887741
0.011384309 -0.83923155 0.23997217
-0.0072013643 -0.6544188 0.20602427
-0.022483697 -0.5263139 0.18265344
0.0037202195 -0.7604951 0.22815914
-0.015319311 -0.5832722 0.19662529
0.015712427 -0.9082328 0.2522901
-0.004653556 -0.67934024 0.21664523
-0.023817914 -0.51084846 0.18877237
0.008263713 -0.8209463 0.239897
-0.013568926 -0.59682655 0.20596668
-0.03261499 -0.4373018 0.1826822
-0.16492268 -2.9307802 0.39018342
-0.098179966 -2.2675097 0.38602075
-0.036821794 -1.5511932 0.37369946
-0.14637968 -2.7592108 0.38994676
-0.08102277 -2.0809505 0.3830613
-0.19938612 -3.2475052 0.38860115
-0.12818214 -2.5835254 0.38885507
-0.06370113 -1.8846946 0.37946466
-0.17954403 -3.0756764 0.38976446
-0.11019984 -2.402121 0.38696972
-0.046075728 -1.67591 0.37549424
-0.16025387 -2.9015822 0.38998714
-0.09229932 -2.2133076 0.38436088
-0.2150905 -3.3963456 0.3874611
-0.14134842 -2.723575 0.38931635
-0.07433207 -2.0151765 0.38112408
-0.19455639 -3.222337 0.38917416
-0.1226895 -2.54004 0.38781595
-0.05621674 -1.8054994 0.37745172
-0.1746005 -3.0462255 0.3898816
-0.10415281 -2.34933 0.38556093
-0.23114237 -3.5459514 0.3860743
-0.15504715 -2.866332 0.38964853
-0.08562821 -2.1496952 0.382652
-0.21001004 -3.3703916 0.388417
-0.13576125 -2.6810462 0.38854474
-0.06706138 -1.9393134 0.37926114
-0.18946017 -3.1928494 0.38962707
-0.116632916 -2.488773 0.3866473
-0.04853307 -1.7166048 0.375644
-0.16932186 -3.0115573 0.38984147
-0.09758229 -2.2878828 0.38404915
-0.2259052 -3.5195317 0.38748765
-0.14948715 -2.8249307 0.38913718
-0.07859069 -2.0767868 0.38088962
-0.20489335 -3.3411856 0.3892115
-0.12989286 -2.6314318 0.38759014
-0.059712704 -1.8542278 0.3773793
-0.07174312 -1.9681351 0.38337427
-0.1331755 -2.615007 0.39094478
-0.20337711 -3.2507765 0.3895663
-0.08737697 -2.1442196 0.3866112
-0.15053917 -2.778309 0.39176026
-0.045003835 -1.6617235 0.3783743
-0.10335059 -2.3132489 0.38921028
-0.16840284 -2.938584 0.39190245
-0.060270254 -1.8433496 0.3823048
-0.11958413 -2.4765801 0.39114472
-0.186863 -3.0962863 0.39149925
-0.07550579 -2.0158813 0.38579234
-0.13615131 -2.6353884 0.39240396
-0.034670595 -1.5428536 0.37644398
-0.09081885 -2.1810548 0.3887214
-0.15314826 -2.7905548 0.3930036
-0.049399152 -1.721443 0.38084665
-0.10634197 -2.3401628 0.39103723
-0.17064402 -2.9425013 0.3929866
-0.06406112 -1.8904684 0.38465923
-0.122140795 -2.4942782 0.39271435
-0.025334418 -1.429269 0.37374994
-0.07875619 -2.0516717 0.38792676
-0.13828944 -2.6441824 0.39374238
-0.03926089 -1.6036003 0.378873
-0.09357952 -2.2063987 0.39061642
-0.15484503 -2.790315 0.3941158
-0.05324308 -1.7687002 0.383148
-0.108614594 -2.355665 0.39269546
-0.17182538 -2.9328358 0.39385945
-0.06726755 -1.9257511 0.38680464
-0.123927 -2.500213 0.3941362
-0.030021373 -1.4913905 0.3764491
-0.08138381 -2.075933 0.3898766
-0.13956328 -2.640484 0.39490584
-0.043185156 -1.6516892 0.38123712
-0.095655344 -2.220224 0.39235017
-0.15554243 -2.7767053 0.3949739
-0.056459833 -1.8041064 0.38533098
-0.11013875 -2.3593283 0.39419422
-0.021700917 -1.3859669 0.37370977
-0.06983296 -1.949483 0.38880765
-0.12487271 -2.4937065 0.39536306
-0.033976234 -1.5405761 0.37898397
-0.08333025 -2.0886285 0.3916785
-0.13987422 -2.6236176 0.39579937
-0.046426594 -1.6876999 0.38351732
-0.09698741 -2.2221966 0.39392167
-0.15514784 -2.7492294 0.39543325
-0.059006076 -1.8278414 0.38740924
-0.11083215 -2.3506348 0.39549053
-0.025640635 -1.4362558 0.37646648
-0.071704075 -1.9615906 0.3906821
-0.12487694 -2.4742308 0.3963175
-0.037226718 -1.5774337 0.3814104
-0.08452914 -2.0894756 0.3933232
-0.13912332 -2.5931673 0.39631552
-0.04896943 -1.7118362 0.3857039
-0.09749239 -2.2119074 0.39529142
-0.018168235 -1.339332 0.3737536
-0.060837824 -1.8398404 0.38937297
-0.11059786 -2.329166 0.39651918
-0.028881848 -1.4740399 0.37906468
-0.07281712 -1.9618344 0.39240775
-0.12384195 -2.4414454 0.39691186
-0.03976497 -1.6022121 0.38373104
-0.0849001 -2.0781453 0.39477193
-0.1372196 -2.548883 0.39627004
-0.05077994 -1.7240906 0.38777712
-0.09707906 -2.1890242 0.39640236
-0.02139106 -1.3780537 0.37652913
-0.061898313 -1.8399274 0.39119288
-0.10934275 -2.29465 0.39720616
-0.03141003 -1.4995859 0.3815338
-0.07309786 -1.94996 0.3939441
-0.12167847 -2.3951547 0.39704138
-0.041560806 -1.6149704 0.38592938
-0.08435863 -2.0543811 0.39597222
-0.0147447195 -1.2898666 0.37384686
-0.051808354 -1.7243683 0.38970497
-0.0956603 -2.1533413 0.39718992
-0.023905562 -1.4044261 0.37915176
-0.06212124 -1.8279293 0.39282715
-0.10698209 -2.2469501 0.39746663
-0.033193152 -1.5130029 0.38386646
-0.07246971 -1.925786 0.395241
-0.008921212 -1.209754 0.3710586
-0.042568687 -1.6156917 0.3879756
-0.08282472 -2.0180438 0.3968656
-0.017242055 -1.3170853 0.37662038
-0.051995695 -1.7125809 0.39144662
-0.09315751 -2.104782 0.39758214
-0.025676755 -1.4185948 0.38162288
-0.061438274 -1.8037453 0.3942277
-0.103439786 -2.1860554 0.39720443
-0.034187328 -1.5143415 0.38603756
-0.0708606 -1.8892449 0.39624435
-0.011401869 -1.237817 0.37397182
-0.042735264 -1.6043692 0.38983163
-0.08022699 -1.9691222 0.39738908
-0.019001612 -1.3320553 0.37923002
-0.05128134 -1.6887101 0.39295667
-0.08950181 -2.0434015 0.39750096
-0.026661523 -1.4206662 0.3839222
-0.05978553 -1.7673835 0.3953442
-0.0063653872 -1.166803 0.3712355
-0.03434314 -1.503668 0.38801238
-0.06820707 -1.8403962 0.39689767
-0.013151212 -1.253609 0.37671664
-0.042006336 -1.5810635 0.39145517
-0.076504484 -1.9077395 0.39747652
-0.019980052 -1.3349297 0.3816587
-0.049609084 -1.6528414 0.3941882
-0.08463499 -1.9693891 0.39685854
-0.026813459 -1.4107704 0.38601828
-0.05710764 -1.7189779 0.39612526
-0.008104757 -1.1834127 0.37410894
-0.0336117 -1.4811163 0.38975152
-0.0644565 -1.7794342 0.39714366
-0.014125846 -1.2573231 0.3792741
-0.040332615 -1.545937 0.3928022
-0.07160791 -1.8341568 0.39706257
-0.020133099 -1.3258953 0.38387722
-0.04693138 -1.6051848 0.39509398
-0.003836981 -1.1215698 0.3714304
-0.026088117 -1.3891089 0.38787398
-0.053360373 -1.658797 0.3965203
-0.009077267 -1.1879748 0.376793
-0.0319498 -1.4469221 0.39121357
-0.05956857 -1.7066926 0.39692745
-0.014283513 -1.2491969 0.38161543
-0.037673846 -1.4992747 0.39382914
-0.065500714 -1.7487768 0.39603478
-0.019419942 -1.305215 0.38584986
-0.04321222 -1.5460838 0.39562878
-0.004809458 -1.1269655 0.3742376
-0.0244476 -1.3559871 0.3894499
-0.04851234 -1.5872473 0.39648256
-0.009242024 -1.1807733 0.37925732
-0.029323934 -1.4014452 0.39235753
-0.05351625 -1.6226436 0.3962018
-0.013586628 -1.2295516 0.38370538
-0.03400193 -1.4414961 0.39449462
-0.0012955449 -1.0743332 0.37162694
-0.017807428 -1.2732612 0.38753837
-0.038428977 -1.4760187 0.39575216
-0.0049831686 -1.1206783 0.37682492
-0.021864684 -1.3118373 0.3907067
-0.042545795 -1.5048699 0.39597395
-0.008563978 -1.1621825 0.38146523
-0.025713623 -1.3451794 0.39314494
0.0014922144 -1.0300897 0.36897805
-0.012006261 -1.1988223 0.38550547
-0.029302852 -1.3731546 0.39476305
-0.0014797222 -1.068927 0.37433732
-0.015274162 -1.2305373 0.38890412
-0.032572974 -1.3955982 0.3954331
-0.0043253363 -1.1031327 0.37915233
-0.018326247 -1.2572293 0.3916078
-0.035456244 -1.4123309 0.39496937
-0.007017849 -1.1326993 0.3833768
-0.021113362 -1.2787527 0.3935437
0.0012957291 -1.0255129 0.37180936
-0.00952646 -1.1575841 0.386977
-0.02357688 -1.2949265 0.39460906
-0.000842925 -1.0523908 0.37678722
-0.011814287 -1.17769 0.3899114
-0.025648436 -1.305546 0.39465508
-0.0028138144 -1.0748847 0.38117665
-0.013835383 -1.1928658 0.39212343
0.003371643 -0.99040973 0.36925015
-0.0045926776 -1.0929699 0.3849519
-0.015532398 -1.2029084 0.3935328
0.0019108771 -1.0099282 0.3743866
-0.006148554 -1.1065627 0.388084
-0.016836679 -1.2075907 0.39402232
0.00063475844 -1.0253371 0.37892738
-0.0074397596 -1.1154997 0.39053202
-0.017670425 -1.2066815 0.39341146
-0.00044213547 -1.0366529 0.38285443
-0.008410536 -1.1195575 0.3922362
0.0039627915 -0.97570175 0.37196139
-0.0012970404 -1.0438035 0.38615322
-0.008991657 -1.1184775 0.39310697
0.0033561122 -0.98400134 0.37664872
-0.0018939065 -1.0466204 0.38879904
-0.00910427 -1.1120058 0.39301056
0.0029560183 -0.9885581 0.38070878
-0.002178688 -1.0448451 0.3907515
0.0053344886 -0.9496837 0.36951298
0.0027738444 -0.9893354 0.384146
-0.0020808016 -1.0381856 0.391945
0.005375676 -0.9508126 0.37435603
0.0028374775 -0.98615 0.38695392
-0.0015195202 -1.0263549 0.39227834
0.0056312806 -0.9485992 0.37853664
0.0031989852 -0.97870564 0.38911116
-0.00040942332 -1.0091008 0.39155287
0.006097613 -0.943049 0.38208738
0.003931741 -0.9666544 0.39057297
0.0067135897 -0.92573047 0.37205797
0.0067910776 -0.9339789 0.385025
0.0051198117 -0.949676 0.39126498
0.0076090097 -0.91668475 0.37635645
0.0077609764 -0.9210292 0.38734758
0.0068496475 -0.92749465 0.3910761
0.00870566 -0.90482634 0.37999922
0.009085098 -0.9037878 0.38902825
0.007385471 -0.9087461 0.369751
0.010002955 -0.88996476 0.38303795
0.010852898 -0.8818783 0.3900137
0.008908691 -0.8927561 0.37418255
0.0115468865 -0.8716726 0.38549244
0.013153257 -0.8550059 0.3902248
0.010624385 -0.87455034 0.3778984
0.013421448 -0.8494407 0.38734916
0.0073905163 -0.89993757 0.367405
0.01250558 -0.8539631 0.38101342
0.01572282 -0.8228337 0.3885693
0.0095410915 -0.876798 0.37202555
0.014594534 -0.8304578 0.38357446
0.018544007 -0.7915154 0.38909885
0.011873759 -0.85215026 0.37579545
0.016984357 -0.80342644 0.38557443
0.021971237 -0.7552396 0.38886496
0.014324238 -0.8258442 0.37896374
0.019777315 -0.77235407 0.38697958
0.009499962 -0.86890066 0.36989346
0.016935302 -0.79721 0.38161585
0.023069905 -0.7368621 0.3877537
0.01246406 -0.83761674 0.37369433
0.01981467 -0.7655107 0.38374022
0.026952054 -0.6966724 0.38785928
0.015475009 -0.8055546 0.3768899
0.023067188 -0.7301883 0.38529515
0.0087656835 -0.8692841 0.36778516
0.018588604 -0.77178353 0.37962848
0.026787156 -0.6908054 0.38625115
0.012393952 -0.8310719 0.3715933
0.021943366 -0.73545843 0.38187417
0.031068023 -0.64703393 0.38659778
0.015955796 -0.7931478 0.37477928
0.025639819 -0.69601035 0.38356358
0.035998996 -0.59863675 0.3863245
0.019560598 -0.7541359 0.37761334
0.029759025 -0.6530016 0.38466087
0.011663694 -0.83279353 0.3694898
0.023385707 -0.7130711 0.37999055
0.034388546 -0.6060229 0.38516498
0.01576706 -0.7888863 0.37260336
0.027525356 -0.6694871 0.381818
0.03962812 -0.5547577 0.38510844
0.019811211 -0.7443508 0.37556386
0.032042425 -0.622978 0.38304782
0.010065255 -0.84349656 0.36741665
0.024129186 -0.69827414 0.37809157
0.037001718 -0.57316136 0.38366562
0.014722654 -0.793288 0.37031975
0.028734643 -0.6503246 0.38007215
0.042486206 -0.5195615 0.38370085
0.024380093 -0.9294331 0.2272862
0.025900638 -0.9554926 0.1956539
0.027311614 -0.93558705 0.2500398
0.026262602 -0.9508635 0.21560837
0.030151723 -0.9953954 0.18738063
0.027143195 -0.94209427 0.2387964
0.029412737 -0.9837608 0.20485042
0.035466466 -1.0432492 0.1804921
0.028797999 -0.9640759 0.22677185
0.03377201 -1.0267034 0.19522451
0.030134598 -0.94659895 0.25022054
0.031832166 -0.99856764 0.2151715
0.03928995 -1.078476 0.1868847
0.030819427 -0.965829 0.23824573
0.036162768 -1.0440339 0.20441511
0.045914616 -1.1381403 0.17993672
0.03340401 -1.0005314 0.22628129
0.041743815 -1.0992225 0.19474615
0.032799814 -0.95969546 0.25055262
0.03751396 -1.047701 0.21471746
0.048531737 -1.1630939 0.18634498
0.034567986 -0.99167925 0.23792613
0.042999893 -1.105655 0.20394512
0.056486808 -1.2348615 0.17935438
0.038122896 -1.0387332 0.22585098
0.049799003 -1.1731902 0.19422679
0.035434723 -0.9741533 0.2508532
0.043285336 -1.0983303 0.21426067
0.057868782 -1.2493712 0.1857682
0.038323246 -1.0190651 0.23776701
0.049914267 -1.1687285 0.2034488
0.067177005 -1.333503 0.17874776
0.042905502 -1.078485 0.22549379
0.057934348 -1.2487168 0.19367367
0.038072422 -0.98963 0.25110206
0.04913102 -1.1504475 0.2138155
0.06730117 -1.3374045 0.18515994
0.04207202 -1.0476109 0.23769514
0.056903984 -1.2333144 0.2029362
0.07798599 -1.4341389 0.17811851
0.04772162 -1.1195709 0.22519861
0.06615324 -1.3258808 0.19309457
0.040718086 -1.0059259 0.25130543
0.055036455 -1.203994 0.21338944
0.076834284 -1.4272668 0.18452564
0.04581506 -1.0770953 0.23766142
0.0639676 -1.2994336 0.2024164
0.088919446 -1.5368283 0.17746817
0.05255732 -1.1618174 0.22494523
0.07446068 -1.4047304 0.19249721
0.04337149 -1.0229135 0.2514695
0.06099121 -1.2588931 0.21298225
0.08647557 -1.5190089 0.18387078
0.049556706 -1.1073912 0.23763682
0.071103714 -1.3670776 0.20189556
0.09998547 -1.6416143 0.1767985
0.057409372 -1.205106 0.22471434
0.082861535 -1.4852885 0.1918883
0.04603305 -1.0405116 0.25159776
0.06699073 -1.3150731 0.21258889
0.09623284 -1.612661 0.18320058
0.05330284 -1.1384277 0.23760448
0.07831236 -1.4362224 0.2013764
0.11119274 -1.7485244 0.17611176
0.06228085 -1.2493637 0.22449076
0.0913605 -1.567558 0.19127291
0.048705157 -1.0586717 0.2516918
0.07303595 -1.3724791 0.21220261
0.10611347 -1.7082349 0.18251982
0.05706066 -1.1701695 0.23755449
0.085595876 -1.5068392 0.20085898
0.12254958 -1.8575692 0.17541075
0.067178555 -1.2945517 0.22426343
0.09996264 -1.6515284 0.19065443
0.051392328 -1.0773692 0.25175208
0.07913196 -1.4310744 0.21181689
0.1161244 -1.805726 0.18183267
0.060838684 -1.2026054 0.23748074
0.09295919 -1.5789008 0.20034188
0.13406354 -1.9687415 0.17469877
0.07211165 -1.340656 0.22402449
0.10867383 -1.7371802 0.19003485
0.054100983 -1.0965979 0.25177872
0.085286885 -1.4908397 0.21142615
0.12627237 -1.9051161 0.18114272
0.064646676 -1.2357416 0.2373793
0.100409545 -1.6523858 0.19982307
0.14574131 -2.0820167 0.17397964
0.07709098 -1.3876802 0.22376834
0.11750108 -1.82449 0.1894153
0.056839153 -1.1163663 0.2517714
0.09151103 -1.5517699 0.2110259
0.13656409 -2.0063748 0.18045321
0.068495534 -1.2695974 0.23724753
0.10795616 -1.7272793 0.19930051
0.1575888 -2.1973517 0.17325766
0.08212869 -1.435641 0.22349086
0.12645252 -1.9134314 0.1887965
0.0596162 -1.1366941 0.25172982
0.097816356 -1.613871 0.21061258
0.14700653 -2.1094613 0.17976727
0.072397165 -1.3042026 0.23708351
0.115609884 -1.8035722 0.19877245
0.16961108 -2.3146858 0.1725377
0.08723798 -1.4845663 0.22318897
0.13553746 -2.0039773 0.1881792
0.06244257 -1.1576103 0.2516536
0.10421609 -1.6771587 0.21018343
0.15760691 -2.2143252 0.17908815
0.07636436 -1.339595 0.23688574
0.123382926 -1.881261 0.1982376
0.18181266 -2.4339395 0.17182523
0.09243303 -1.5344919 0.22286016
0.14476615 -2.0960987 0.18756431
0.06532955 -1.1791512 0.25154248
0.110724635 -1.7416561 0.20973624
0.16837275 -2.320906 0.17841949
0.08041069 -1.3758203 0.23665293
0.13128869 -1.9603461 0.1976951
0.19419725 -2.5550144 0.17112644
0.0977289 -1.5854614 0.22250238
0.15414983 -2.1897643 0.1869533
0.06828905 -1.2013587 0.25139612
0.117357455 -1.8073928 0.20926926
0.17931177 -2.4291325 0.17776549
0.08455041 -1.4129305 0.2363839
0.1393417 -2.0408309 0.19714461
0.20676787 -2.6777925 0.17044826
0.10314152 -1.6375253 0.22211376
0.16370045 -2.2849395 0.18634816
0.07133341 -1.2242793 0.25121439
0.124131046 -1.8744043 0.20878103
0.19043174 -2.5389223 0.17713107
0.08879838 -1.4509835 0.23607746
0.14755745 -2.1227207 0.19658628
0.21952663 -2.8021357 0.16979843
0.108687684 -1.6907408 0.22169256
0.17343064 -2.3815854 0.18575162
0.0744752 -1.2479628 0.25099716
0.13106301 -1.942731 0.20827046
0.20174038 -2.6501796 0.17652199
0.09316998 -1.4900432 0.23573239
0.15595254 -2.2060213 0.19602092
0.23247464 -2.9278843 0.16918549
0.1143851 -1.7451717 0.2212371
0.18335353 -2.4796553 0.1851673
0.077726975 -1.2724614 0.2507445
0.1381721 -2.0124178 0.20773678
0.213245 -2.7627938 0.17594486
0.097681046 -1.5301783 0.23534736
0.16454448 -2.2907364 0.19545008
0.24561173 -3.0548577 0.16861866
0.12025246 -1.8008882 0.22074573
0.1934825 -2.579093 0.18459988
0.081101075 -1.2978278 0.2504566
0.14547831 -2.0835125 0.20717971
0.22495224 -2.8766372 0.17540728
0.102347806 -1.5714637 0.23492095
0.17335168 -2.3768663 0.19487646
0.2589363 -3.182853 0.16810769
0.12630951 -1.8579669 0.22021694
0.20383084 -2.6798298 0.18405533
0.08460928 -1.324115 0.2501339
0.1530029 -2.1560657 0.20659982
0.23686753 -2.9915633 0.17491765
0.107186854 -1.6139793 0.23445158
0.18239322 -2.4644034 0.19430426
0.27244496 -3.3116465 0.16766255
0.13257721 -1.9164909 0.21964957
0.21441118 -2.7817802 0.1835411
0.08826255 -1.3513739 0.249777
0.16076857 -2.2301264 0.20599908
0.2489946 -3.1074045 0.174485
0.11221509 -1.6578107 0.2339376
0.19168843 -2.5533273 0.19373985
0.28613254 -3.4409955 0.167293
0.13907798 -1.9765477 0.2190432
0.22523469 -2.884837 0.1830662
0.09207062 -1.3796524 0.24938679
0.16879927 -2.305737 0.2053818
0.26133484 -3.2239718 0.17411846
0.11744985 -1.7030486 0.2333774
0.201256 -2.6435966 0.19319245
0.29999173 -3.5706413 0.16700816
0.145836 -2.0382276 0.21839906
0.23630981 -2.9888666 0.182641
0.096041635 -1.4089934 0.24896438
0.1771199 -2.3829262 0.2047562
0.27388662 -3.3410559 0.17382644
0.122909255 -1.7497891 0.23276956
0.21111253 -2.7351398 0.19267501
0.31401315 -3.7003152 0.16681579
0.15287781 -2.1016164 0.21772167
0.2476409 -3.0937064 0.18227652
0.100181855 -1.4394327 0.248511
0.1857554 -2.4616933 0.20413664
0.2866446 -3.45843 0.17361563
0.12861311 -1.7981324 0.23211361
0.22127002 -2.827844 0.19220431
0.32818526 -3.8297436 0.16672178
0.16023311 -2.166785 0.21702196
0.25922635 -3.1991634 0.18198307
0.10449569 -1.4709976 0.24802771
0.19472857 -2.5419872 0.20354643
0.2995995 -3.5758586 0.17348978
0.13458502 -1.8481796 0.23141153
0.23173244 -2.9215422 0.19180033
0.34249386 -3.9586575 0.16672954
0.16793568 -2.2337644 0.21632293
0.2710571 -3.3050215 0.18176827
0.10898657 -1.5037045 0.24751481
0.20405574 -2.6236756 0.20302054
0.31273687 -3.6931067 0.17344876
0.14085715 -1.9000249 0.230672
0.2424914 -3.0160103 0.19148354
0.3569202 -4.0868 0.16683954
0.17602372 -2.302502 0.21566918
0.2831149 -3.4110541 0.18163513
0.11366033 -1.537559 0.24697052
0.21373913 -2.70651 0.20260535
0.32603532 -3.8099558 0.17348835
0.14748032 -1.953732 0.22992156
0.25352207 -3.1109765 0.19127044
0.37143654 -4.213938 0.16704883
0.18453631 -2.3727815 0.21513988
0.29537037 -3.5170465 0.18158144
0.11853508 -1.5725577 0.2463894
0.22375558 -2.7901037 0.20235178
0.33946067 -3.9262187 0.17360091
0.1545446 -2.009268 0.22923353
0.26477978 -3.2061515 0.19116955
0.38599706 -4.339871 0.16735043
0.19349787 -2.444106 0.21485728
0.30777556 -3.622822 0.18160178
0.123671904 -1.6086934 0.2457651
0.23404354 -2.8739574 0.20229964
0.35295358 -4.0417566 0.17377642
0.16221507 -2.0663166 0.22879726
0.2761901 -3.3012803 0.19118233
0.4005244 -4.464444 0.1677321
0.2028733 -2.5155904 0.2149666
0.32024255 -3.7282653 0.18169114
0.12927984 -1.6459525 0.24513237
0.24447688 -2.957572 0.20246474
0.36640963 -4.156499 0.17400135
0.17075616 -2.123785 0.22904311
0.28760076 -3.396196 0.19130903
0.41490084 -4.5875664 0.16817296
0.21243902 -2.5860858 0.21556796
0.33259928 -3.8333435 0.18184243
0.13622752 -1.6843227 0.24492435
0.25471774 -3.0406327 0.2028425
0.37967008 -4.2704654 0.17425132
0.18005422 -2.178922 0.230673
0.29866627 -3.490866 0.19153242
0.42899793 -4.7092223 0.16863394
0.15159206 -1.833871 0.24765347
0.16306883 -2.0025947 0.2453918
0.1722757 -2.1067092 0.2415325
0.18154389 -2.1936424 0.23714522
0.18871571 -2.2618363 0.23246951
0.20664807 -2.4904747 0.23089083
0.21331804 -2.5565689 0.22677492
0.21815689 -2.6066456 0.22266139
0.24288493 -2.8760278 0.22069678
0.24720486 -2.9229894 0.21701731
0.25009528 -2.956432 0.21338214
0.25132602 -2.9774022 0.20982996
0.28281325 -3.291136 0.20808958
0.284011 -3.3096473 0.20485586
0.28395084 -3.3174312 0.2016991
0.31973985 -3.6597705 0.20002332
0.31949675 -3.66507 0.19714305
0.31825927 -3.661042 0.1943416
0.31597573 -3.6482413 0.19163232
0.3563031 -4.0220246 0.19024381
0.3540396 -4.0074735 0.18777531
0.3509047 -3.9851725 0.18539764
0.3943123 -4.3801837 0.18414849
0.3911581 -4.356262 0.18200268
0.3872636 -4.325472 0.17994846
0.3826207 -4.288152 0.17798862
0.4295384 -4.7071066 0.17702676
0.42497438 -4.66876 0.1752951
0.419762 -4.624629 0.17365576
0.4691426 -5.0597696 0.17285755
0.46397838 -5.0147514 0.17145428
0.4582602 -4.9646816 0.1701409
0.45199892 -4.9097514 0.16889848
0.5042242 -5.363218 0.16846798
0.49805552 -5.3081803 0.16749665
0.49146158 -5.2489653 0.16655679
0.5456484 -5.7139316 0.16646403
0.04867504 -0.45211688 0.3817641
0.031938948 -0.607198 0.3786084
0.013734018 -0.7870697 0.36891466
0.045022324 -0.48441496 0.3814852
0.027617453 -0.64794576 0.37642664
0.0076713027 -0.8510656 0.3656916
0.041104037 -0.5190352 0.3806942
0.02270671 -0.69566417 0.37375996
0.055097405 -0.3906969 0.38135254
0.03681418 -0.5575656 0.37935472
0.017094802 -0.7520145 0.3706754
0.050991915 -0.4259274 0.38143456
0.03206319 -0.60152197 0.37747517
0.010693779 -0.81885034 0.36737806
0.046660822 -0.4633481 0.38099167
0.026764156 -0.652413 0.37509823
0.061708823 -0.32814476 0.38079965
0.041984476 -0.50462437 0.37998435
0.020826152 -0.7118097 0.37229753
0.057244327 -0.3655855 0.38127345
0.036869247 -0.5513043 0.378416
0.014181657 -0.78133106 0.3691555
0.05255078 -0.40517846 0.38118652
0.03123167 -0.6048862 0.37632716
0.0071114656 -0.8621267 0.3658394
0.047528956 -0.44865188 0.38051775
0.025000941 -0.6668821 0.37378895
0.0637852 -0.30377674 0.38103044
0.04209301 -0.49756223 0.3792658
0.018151479 -0.7388074 0.37087837
0.058796313 -0.3448442 0.3813002
0.036171116 -0.5533819 0.3774669
0.010768309 -0.82200515 0.36749887
0.053507607 -0.38992107 0.38096946
0.029717386 -0.6175779 0.375184
0.07061623 -0.24082913 0.3807148
0.047881424 -0.4405582 0.38003173
0.022754 -0.6916232 0.3724873
