0.007650127 -0.8150361 -0.031284
0.016908614 -0.92741555 -0.05248702
0.015365621 -0.8642791 -0.0676562
0.014380143 -0.6479955 -0.0737743
0.008159983 -0.8146112 -0.027869973
0.016997341 -0.92673653 -0.052483343
0.015420483 -0.86296254 -0.0676619
0.014458142 -0.6474549 -0.07379556
0.008624556 -0.806215 -0.028058115
0.022306433 -0.92918444 -0.0266037
0.03822924 -1.1143655 -0.02733093
0.056329954 -1.3409942 -0.027372826
0.07749819 -1.5994968 -0.0272975
0.03544032 -0.99711466 -0.047985777
0.013500804 -0.4477942 -0.068965435
0.011848953 -0.12256555 -0.08145762
0.07783821 -1.604011 -0.02725708
0.035513677 -0.9981039 -0.04797653
0.013466941 -0.44607726 -0.06896447
0.011794482 -0.11941807 -0.08145958
0.07815193 -1.6083866 -0.027253212
0.035591155 -0.9991656 -0.047956213
0.013438784 -0.44458002 -0.06895054
0.011745123 -0.11662095 -0.08144429
0.07843736 -1.6129906 -0.027264925
0.035667025 -1.000143 -0.047992423
0.013406698 -0.44282907 -0.06900733
0.011693294 -0.11341898 -0.08152676
0.078666694 -1.6173686 -0.027230809
0.03574676 -1.0012239 -0.047895413
0.013380834 -0.44136116 -0.068893574
0.011647403 -0.11066432 -0.08137072
0.07887173 -1.6218772 -0.027294928
0.035822455 -1.0021911 -0.048038226
0.013348698 -0.43957654 -0.06909008
0.011597476 -0.10740778 -0.08165059
0.079122186 -1.6262754 -0.027210604
0.0359011 -1.0032754 -0.04782893
0.013322699 -0.43811983 -0.06882562
0.011553705 -0.1046712 -0.08127932
0.079315335 -1.6308728 -0.027359981
0.035975266 -1.0042703 -0.048033286
0.013289701 -0.43634918 -0.06911056
0.011505763 -0.10142611 -0.08168934
0.07940498 -1.6350684 -0.02730544
0.036043752 -1.0052885 -0.047919307
0.013255933 -0.43481514 -0.06895581
0.011461689 -0.098584265 -0.08146234
0.083463095 -1.6782279 -0.027765835
0.016315667 -0.062299855 -0.08305823
0.010017887 -0.21160127 -0.077017106
0.020891225 -0.67589027 -0.060089853
0.05406451 -1.3019453 -0.03707995
0.06983316 -1.5207398 -0.034022845
0.026066026 -0.7381444 -0.05745178
0.009348333 -0.14157541 -0.075713396
0.016990403 0.08632284 -0.083440214
0.10485882 -1.941288 -0.017823784
0.15216655 -2.4629753 -0.0054290076
0.20556845 -2.9636755 -0.004181257
0.11948831 -2.1127467 -0.0125098005
0.16854492 -2.6237073 -0.003699182
-0.017331775 -1.5881538 -0.06901056
-0.014263463 -1.5474886 -0.069025405
-0.0056951344 -1.4108479 -0.069965586
-0.012244695 -1.5204955 -0.06870751
-0.00076627993 -1.411076 -0.06921004
-0.012104718 -1.5205003 -0.06815583
0.084099464 -1.686497 -0.027654644
0.093739904 -1.7993381 -0.027119365
0.086398534 -1.7104808 -0.027779637
0.09577029 -1.8255079 -0.026478136
0.08764115 -1.7345437 -0.027002111
0.12577926 -2.1858618 -0.018192368
0.18155953 -2.7887444 -0.0053076446
0.24195646 -3.3502371 -0.0046079713
0.10205899 -1.9012395 -0.025279978
0.094347246 -1.8109438 -0.026159089
-0.003561892 -1.4004161 -0.07989208
-0.0023329877 -1.3938227 -0.071044646
-0.018320981 -1.6008968 -0.0692413
-0.017581888 -1.5792295 -0.07163805
-0.015103045 -1.5617181 -0.081106655
-0.008053086 -1.4632351 -0.08987712
-0.0034018762 -1.397382 -0.080904596
-0.0021704223 -1.3903865 -0.0716227
-0.0053357747 -1.388913 -0.06928344
-0.0031814275 -1.393932 -0.08095148
-0.0019361756 -1.3863741 -0.071675405
-0.0073521566 -1.384754 -0.069385886
0.11896806 -2.1068034 -0.012501232
0.16786727 -2.6161828 -0.0036942498
0.08880006 -1.7448736 -0.024990696
0.13408087 -2.272932 -0.008379299
0.18480979 -2.7738695 -0.003237989
-0.00332243 -1.3922651 -0.08518712
-0.0021213705 -1.3853818 -0.074233405
0.0031920865 -1.3758513 -0.06864361
-0.0031393482 -1.3889912 -0.08524061
-0.0019014693 -1.3816468 -0.07428536
0.0037849643 -1.3710967 -0.068697594
0.1025917 -1.9197936 -0.01771211
0.14967 -2.4349005 -0.0054220175
0.20242997 -2.9297369 -0.004106273
0.11739866 -2.0889566 -0.012478033
0.16583592 -2.5935562 -0.0036783111
-0.003230155 -1.3869326 -0.090135984
-0.00215011 -1.3810774 -0.07743391
3.4279354e-05 -1.3706756 -0.06996483
-0.003069233 -1.3838413 -0.090228625
-0.001953539 -1.3776013 -0.07748233
0.00030701098 -1.3666419 -0.070021376
0.08762311 -1.7291162 -0.024813049
0.13236025 -2.2532904 -0.008373859
0.18261789 -2.7497234 -0.0032028141
0.101275004 -1.9030985 -0.017656924
0.14779733 -2.4136484 -0.0054165744
0.20007536 -2.904125 -0.00404827
-0.0022316924 -1.3770806 -0.081185594
-0.0007110395 -1.3668578 -0.071947604
-0.0034427566 -1.356086 -0.07053675
-0.00205613 -1.3737733 -0.08123211
-0.0004543889 -1.3630276 -0.07200237
-0.0013185634 -1.3503853 -0.070700936
0.11580979 -2.0708356 -0.012461299
0.16380684 -2.5708065 -0.0036612717
0.086060725 -1.7135023 -0.024796538
0.1306222 -2.2336419 -0.008370677
0.18042631 -2.7255173 -0.0031662395
-0.0022989993 -1.3729998 -0.08550667
-0.0008420855 -1.3634568 -0.0745444
0.0014917981 -1.3495755 -0.0690693
-0.0037182027 -1.051671 -0.08651582
0.007021964 -0.9520312 -0.07783497
0.017462794 -0.8418907 -0.06873311
0.00087031105 -1.2517477 -0.093420796
0.0011265959 -1.1373205 -0.09281886
-0.0017132151 -1.0909239 -0.09083882
-0.0060561383 -1.0854826 -0.08899058
0.021691076 -0.80460805 -0.06504896
0.018917989 -0.89058125 -0.06628665
0.013489746 -1.0323876 -0.06730777
0.005032205 -1.2382232 -0.06925895
0.021716 -0.7912925 -0.064226404
0.020144641 -0.8581482 -0.065904975
0.015359293 -0.98451614 -0.066893846
0.007994075 -1.1691365 -0.06826238
0.02180659 -0.789783 -0.064187214
0.020227887 -0.85693836 -0.06581986
0.015418807 -0.9836695 -0.06679861
0.008013424 -1.1687362 -0.06814272
0.021879012 -0.78827554 -0.06416002
0.020313522 -0.8557219 -0.06573544
0.015481155 -0.9828138 -0.06670335
0.008037492 -1.1683247 -0.068019725
0.021941768 -0.7867865 -0.06414415
0.020378405 -0.8545162 -0.06565142
0.015521656 -0.9819696 -0.066607766
0.008026244 -1.1679325 -0.06789303
0.022063365 -0.7852844 -0.064138494
0.020494113 -0.8532951 -0.06556741
0.01561606 -0.9811068 -0.066511415
0.008103622 -1.167514 -0.06776201
0.022054305 -0.7838146 -0.06414136
0.020515632 -0.852093 -0.0654828
0.015611345 -0.98026437 -0.06641363
0.0080191055 -1.1671281 -0.06762571
0.022255298 -0.7823271 -0.06415055
0.020676905 -0.8508732 -0.06539677
0.01575386 -0.97940093 -0.066313505
0.008175869 -1.1667129 -0.06748274
0.022195725 -0.7808518 -0.06416427
0.020670714 -0.8496597 -0.065308854
0.015720803 -0.9785442 -0.066210516
0.008046233 -1.166307 -0.06733225
0.07033035 -1.5151416 -0.02717015
0.049452715 -1.2550741 -0.027160691
0.03216262 -1.0422345 -0.026878498
0.016651995 -0.8709919 -0.025871787
0.012467239 -0.8308233 -0.025172353
0.027500423 -0.98891234 -0.02639167
0.044392794 -1.1923966 -0.026903126
0.064073786 -1.4395443 -0.026854424
0.012526383 -0.8292732 -0.024818141
0.02765906 -0.99018055 -0.026122924
0.044724092 -1.1961019 -0.026646268
0.0646185 -1.4455836 -0.026605988
0.012178016 -0.827634 -0.024466505
0.027666403 -0.99141914 -0.02585335
0.04492134 -1.1997784 -0.026387824
0.06494832 -1.4515861 -0.026355566
0.0121785365 -0.82612455 -0.02412098
0.027804306 -0.9926985 -0.02558453
0.045235597 -1.2034911 -0.026129423
0.06546695 -1.4576361 -0.026104497
0.011937595 -0.8245007 -0.023782859
0.027853344 -0.993938 -0.025316697
0.045471046 -1.2071661 -0.025871376
0.06585742 -1.4636332 -0.025852911
0.011830149 -0.8229951 -0.023452675
0.02795262 -0.99521405 -0.025049724
0.04575202 -1.2108734 -0.025613612
0.06632235 -1.469673 -0.02560062
-0.0009361197 -0.71108055 -0.018881079
-0.013356096 -0.5744902 -0.0076346747
-0.024672668 -0.47318852 -0.0038714742
0.0119301 -0.8416571 -0.0024464594
0.07283257 -1.47368 -0.0024924222
0.1351985 -2.1518114 -0.0039505083
0.1971254 -2.829419 -0.0058347387
0.066236496 -1.4696888 -0.02508767
0.045488216 -1.2082847 -0.025089763
0.027386203 -0.9893662 -0.024471778
0.010869674 -0.81395185 -0.022693109
0.065800875 -1.4637566 -0.025342984
0.04522804 -1.2046824 -0.025348488
0.02731136 -0.9881995 -0.024739256
0.0110412175 -0.8155886 -0.023011861
0.0030301153 -0.77662563 -0.024971414
0.005892428 -0.786774 -0.017697949
0.0029020237 -0.76408863 -0.024125496
0.005587335 -0.7749628 -0.01874325
0.0026923872 -0.7505626 -0.022736875
0.0051168683 -0.76344395 -0.022881482
0.0010350825 -0.70132715 -0.022424698
-0.0288232 -0.3671671 -0.009974883
-0.055126403 -0.14548025 -0.0040296777
-0.029081812 -0.4244732 -0.003909061
-0.0153402705 -0.5466263 -0.0087581435
-0.00014117503 -0.71796876 -0.020909835
-0.025297184 -0.4580837 -0.004278419
-0.01123103 -0.58824164 -0.011300017
-0.032788444 -0.39518496 -0.0045359414
-0.020371271 -0.5024264 -0.0056501953
-0.0060007228 -0.6457079 -0.015322802
-0.028160919 -0.43608946 -0.0038980637
-0.015348133 -0.5496631 -0.008013871
-0.0011386464 -0.7068079 -0.019687781
-0.023541488 -0.47701967 -0.0042652423
-0.010298143 -0.6004338 -0.011264648
-0.03064273 -0.41698787 -0.004497471
-0.018855311 -0.5194895 -0.005648386
-0.005392761 -0.65471345 -0.0153177185
-0.0261949 -0.4565715 -0.0038831248
-0.014100967 -0.56452775 -0.007987912
-0.0008312195 -0.71232295 -0.019528974
-0.021782083 -0.49595156 -0.0042508184
-0.009351979 -0.6126125 -0.011261231
-0.02848794 -0.43882474 -0.0044730674
-0.01733435 -0.53658223 -0.0056511606
-0.004761202 -0.6637936 -0.015265011
-0.0038050283 -1.051802 -0.0865139
0.006937185 -0.95225084 -0.077827305
0.017596178 -0.8425109 -0.06872444
-0.0038945572 -1.0519321 -0.08651229
0.006850498 -0.9524619 -0.07781972
0.01779261 -0.8430787 -0.068707116
-0.0039863205 -1.0520654 -0.08651093
0.0067646946 -0.9526663 -0.077811904
0.017926965 -0.843532 -0.06867931
-0.004080543 -1.0522094 -0.086509846
0.0066791475 -0.95288837 -0.077804014
0.017817013 -0.84398687 -0.068640694
-0.00417744 -1.0523696 -0.08650905
0.006593444 -0.9531552 -0.07779603
0.017575199 -0.8447803 -0.068590224
-0.0042770896 -1.0525428 -0.08650857
0.0065084794 -0.9534492 -0.07778803
0.017113475 -0.84565645 -0.068527445
-0.0043798457 -1.0527203 -0.08650842
0.00642412 -0.9537386 -0.07777995
0.016611014 -0.84638506 -0.06845299
-0.004485047 -1.0528982 -0.08650872
0.006344102 -0.9540218 -0.07777223
0.016217891 -0.8470421 -0.06836827
-0.004599445 -1.0530721 -0.086509205
0.0062485756 -0.9542919 -0.077763796
0.015910976 -0.84766847 -0.06827517
0.018955115 -0.8001737 -0.065281115
0.019698055 -0.80028707 -0.063907035
0.018323332 -0.8063359 -0.06509807
0.018634615 -0.80569285 -0.06341014
0.017641017 -0.8123061 -0.064978376
0.018077053 -0.81066734 -0.06435673
-0.010715515 -1.0611665 -0.08654081
-0.0010057635 -0.9671913 -0.0778659
0.009440437 -0.87035847 -0.068420134
0.024996245 -0.23517592 -0.07914921
0.027741468 -0.36094686 -0.07843484
0.025313782 -0.43577927 -0.0766916
0.023660107 -0.4448255 -0.07464969
0.025371926 -0.24998532 -0.07903792
0.028018132 -0.3679392 -0.078097686
0.025570272 -0.43741757 -0.076376244
0.023988629 -0.44223738 -0.07427104
0.02579964 -0.26471514 -0.07889336
0.028278887 -0.37522063 -0.07775711
0.025824232 -0.4392931 -0.07605034
0.024329625 -0.4399186 -0.073883116
0.026260164 -0.2794469 -0.07869356
0.028524186 -0.3827765 -0.077411324
0.026076565 -0.44140142 -0.075715944
0.024682378 -0.43787402 -0.073499896
0.026729405 -0.29423618 -0.07844691
0.028753323 -0.39059123 -0.07705905
0.026326444 -0.44373968 -0.07537507
0.025044592 -0.43610904 -0.073127225
0.027190365 -0.30911434 -0.07816011
0.028965963 -0.3986489 -0.076699875
0.026573533 -0.4463044 -0.07502891
0.025414575 -0.43462992 -0.07276672
0.027631078 -0.32410008 -0.07784079
0.029161764 -0.40693364 -0.07633415
0.02681717 -0.44909257 -0.07467862
0.025790311 -0.43344325 -0.07241857
0.028044164 -0.3392024 -0.07749493
0.029340617 -0.41543 -0.07596251
0.027056735 -0.45210084 -0.07432506
0.026169743 -0.43255484 -0.07208224
0.028425224 -0.35442433 -0.07712747
0.029502578 -0.424123 -0.0755858
0.02729155 -0.45532578 -0.07396899
0.026550598 -0.43196917 -0.071757056
0.028771967 -0.3697647 -0.076742366
0.02964791 -0.43299827 -0.07520486
0.02752095 -0.45876375 -0.07361109
0.026930502 -0.43168893 -0.07144226
0.029083367 -0.38521942 -0.076342896
0.029776987 -0.44204247 -0.07482054
0.027744278 -0.46241093 -0.073252015
0.027307045 -0.43171492 -0.071137
0.029359212 -0.40078235 -0.075931765
0.029890269 -0.45124298 -0.0744336
0.027960882 -0.46626315 -0.07289239
0.027677897 -0.4320458 -0.070840426
0.029599778 -0.4164459 -0.075511314
0.02998824 -0.46058822 -0.074044734
0.028170126 -0.47031605 -0.072532825
0.028040892 -0.43267822 -0.070551634
0.029805638 -0.43220145 -0.07508355
0.030071383 -0.47006744 -0.07365454
0.028371403 -0.4745651 -0.07217392
0.028394088 -0.43360722 -0.070269756
0.029977517 -0.44803965 -0.074650235
0.030140126 -0.4796708 -0.07326358
0.028564114 -0.4790054 -0.071816266
0.028735818 -0.43482617 -0.06999402
0.030116305 -0.46395063 -0.074212946
0.030194875 -0.489389 -0.072872356
0.028747702 -0.48363185 -0.071460396
0.029064696 -0.4363273 -0.06972369
0.030222867 -0.4799242 -0.07377306
0.030235922 -0.49921355 -0.072481334
0.028921612 -0.48843914 -0.07110686
0.029379603 -0.4381019 -0.06945819
0.03029816 -0.49595 -0.07333183
0.030263525 -0.5091364 -0.07209096
0.029085334 -0.4934217 -0.070756145
0.029679675 -0.4401405 -0.06919702
0.030343164 -0.51201767 -0.072890356
0.030277876 -0.5191497 -0.07170166
0.029238386 -0.49857363 -0.07040872
0.029964274 -0.44243324 -0.06893982
0.030358799 -0.5281167 -0.0724496
0.030279072 -0.5292464 -0.07131385
0.029380297 -0.50388885 -0.07006499
0.030232938 -0.44497 -0.06868632
0.030346049 -0.5442369 -0.07201045
0.030267203 -0.5394191 -0.07092795
0.02951065 -0.5093611 -0.069725364
0.030485379 -0.4477405 -0.068436354
0.030305868 -0.5603682 -0.07157367
0.0302423 -0.5496611 -0.070544325
0.029629057 -0.51498383 -0.06939016
0.030721428 -0.45073438 -0.068189844
0.030239204 -0.5765006 -0.07113993
0.030204374 -0.5599654 -0.0701634
0.029735161 -0.5207503 -0.06905969
0.030941019 -0.45394143 -0.06794677
0.030146964 -0.5926245 -0.07070984
0.0301534 -0.5703253 -0.06978552
0.02982864 -0.52665347 -0.068734236
0.03114416 -0.4573516 -0.06770718
0.030030103 -0.60873055 -0.07028391
0.030089386 -0.580734 -0.06941108
0.029909234 -0.5326864 -0.06841402
0.031330936 -0.4609549 -0.06747116
0.029889498 -0.62480974 -0.06986263
0.030012295 -0.591185 -0.0690404
0.0299767 -0.5388417 -0.06809924
0.03150146 -0.46474168 -0.06723885
0.029726 -0.64085317 -0.06944638
0.0299221 -0.60167134 -0.06867384
0.030030834 -0.5451121 -0.06779009
0.03165588 -0.4687024 -0.0670104
0.029540498 -0.6568525 -0.069035515
0.029818818 -0.6121865 -0.0683117
0.030071497 -0.5514899 -0.06748671
0.031794388 -0.47282782 -0.06678599
0.029333802 -0.67279947 -0.06863036
0.029702444 -0.62272364 -0.067954294
0.03009857 -0.55796754 -0.067189254
0.031917173 -0.4771089 -0.066565804
0.029106697 -0.68868625 -0.06823117
0.02957299 -0.63327605 -0.0676019
0.03011197 -0.56453735 -0.06689783
0.032024447 -0.4815368 -0.06635005
0.02886 -0.70450526 -0.06783819
0.029430524 -0.6438369 -0.06725477
0.03011168 -0.57119155 -0.06661254
0.032116443 -0.48610297 -0.066138916
0.028594434 -0.7202492 -0.06745162
0.029275086 -0.6543995 -0.06691315
0.030097684 -0.5779223 -0.0663335
0.03219338 -0.49079898 -0.06593261
0.028310774 -0.7359109 -0.06707163
0.029106792 -0.66495705 -0.06657727
0.03007004 -0.58472174 -0.0660608
0.03225551 -0.4956167 -0.06573133
0.028009694 -0.7514838 -0.06669839
0.028925728 -0.67550266 -0.066247344
0.030028813 -0.5915821 -0.0657945
0.032303073 -0.5005482 -0.06553529
0.02769193 -0.7669612 -0.06633202
0.028732058 -0.68602955 -0.06592354
0.029974123 -0.5984956 -0.065534696
0.032336324 -0.5055857 -0.06534467
0.02735814 -0.78233683 -0.06597263
0.02852593 -0.69653094 -0.06560604
0.029906109 -0.6054543 -0.065281466
0.032355517 -0.5107215 -0.065159656
0.027008964 -0.7976047 -0.06562035
0.028307516 -0.7070001 -0.06529501
0.029824937 -0.6124506 -0.06503489
0.032360915 -0.5159484 -0.06498044
0.026645083 -0.8127588 -0.06527522
0.028077051 -0.7174302 -0.06499057
0.02973083 -0.6194767 -0.06479503
0.03235279 -0.52125907 -0.064807184
0.026267102 -0.8277935 -0.064937346
0.02783476 -0.7278145 -0.06469287
0.029624013 -0.626525 -0.06456197
0.03233142 -0.5266465 -0.06464005
0.025875635 -0.84270334 -0.06460677
0.027580896 -0.7381464 -0.06440201
0.029504748 -0.63358796 -0.064335786
0.03229708 -0.5321037 -0.06447921
0.025471285 -0.8574829 -0.06428356
0.027315741 -0.7484192 -0.0641181
0.029373322 -0.64065814 -0.06411656
0.032250058 -0.5376241 -0.0643248
0.025054634 -0.87212706 -0.06396775
0.027039595 -0.75862634 -0.063841246
0.02923005 -0.64772815 -0.06390437
0.032190643 -0.5432011 -0.06417698
0.02462626 -0.88663083 -0.063659385
0.026752783 -0.7687613 -0.063571535
0.029075272 -0.65479094 -0.063699275
0.032119147 -0.5488282 -0.06403585
0.024186749 -0.90098923 -0.063358486
0.026455661 -0.77881753 -0.06330904
0.02890936 -0.6618392 -0.06350137
0.032035872 -0.5544992 -0.06390155
0.023736618 -0.9151977 -0.063065104
0.026148565 -0.7887888 -0.06305386
0.028732674 -0.66886616 -0.06331075
0.031941127 -0.56020814 -0.0637742
0.023276454 -0.9292513 -0.06277925
0.025831906 -0.7986687 -0.06280606
0.028545646 -0.67586493 -0.06312747
0.03183524 -0.56594884 -0.0636539
0.022806775 -0.94314575 -0.06250095
0.02550607 -0.808451 -0.06256572
0.028348692 -0.68282896 -0.06295164
0.031718533 -0.5717157 -0.06354075
0.022328114 -0.95687646 -0.062230248
0.025171474 -0.8181296 -0.062332924
0.028142262 -0.6897517 -0.06278333
0.03159134 -0.57750297 -0.06343483
0.021841 -0.97043926 -0.061967153
0.024828557 -0.82769847 -0.062107753
0.027926827 -0.69662696 -0.06262264
0.031454004 -0.5833052 -0.06333623
0.021345967 -0.98382974 -0.06171169
0.02447778 -0.8371517 -0.061890278
0.027702881 -0.70344865 -0.06246963
0.031306878 -0.589117 -0.063245006
0.020843495 -0.9970437 -0.061463915
0.024119588 -0.84648335 -0.061680615
0.027470917 -0.71021086 -0.06232443
0.031150298 -0.59493315 -0.06316125
0.020334128 -1.0100771 -0.06122384
0.023754485 -0.85568774 -0.061478842
0.027231477 -0.71690804 -0.0621871
0.03098464 -0.60074866 -0.06308497
0.019818371 -1.0229257 -0.06099151
0.02338297 -0.8647594 -0.061285067
0.02698511 -0.7235348 -0.062057745
0.03081027 -0.6065586 -0.06301623
0.019296695 -1.0355856 -0.060767002
0.023005528 -0.87369263 -0.061099432
0.02673236 -0.73008597 -0.061936468
0.030627541 -0.6123582 -0.062955074
0.018769627 -1.0480527 -0.060550354
0.022622708 -0.88248223 -0.06092205
0.02647382 -0.73655665 -0.061823353
0.030436844 -0.61814284 -0.0629015
0.018237654 -1.060323 -0.060341645
0.022235036 -0.8911229 -0.06075308
0.026210083 -0.7429423 -0.06171851
0.030238552 -0.62390804 -0.062855534
0.017701264 -1.0723926 -0.06014097
0.021843065 -0.89960945 -0.060592692
0.02594176 -0.74923855 -0.06162204
0.030033046 -0.6296494 -0.062817164
0.017160974 -1.0842572 -0.059948415
0.021447362 -0.90793705 -0.060441066
0.025669482 -0.7554415 -0.06153404
0.029820725 -0.6353628 -0.062786385
0.016617259 -1.095913 -0.05976411
0.021048501 -0.9161008 -0.060298417
0.025393883 -0.76154745 -0.06145463
0.029601976 -0.64104414 -0.06276317
0.016070632 -1.1073562 -0.059588183
0.020647079 -0.92409605 -0.06016497
0.025115626 -0.7675531 -0.061383914
0.0293772 -0.6466895 -0.06274748
0.015521578 -1.1185822 -0.0594208
0.020243684 -0.9319182 -0.060041
0.024835365 -0.7734555 -0.061322015
0.029146792 -0.652295 -0.06273925
0.014970599 -1.1295874 -0.059262164
0.019838937 -0.939563 -0.059926797
0.024553774 -0.77925205 -0.061269056
0.02891116 -0.657857 -0.06273844
0.014418218 -1.1403673 -0.05911247
0.019433476 -0.9470261 -0.059822675
0.024271538 -0.7849407 -0.061225154
0.028670724 -0.66337204 -0.062744945
0.01386494 -1.1509178 -0.058971975
0.019027937 -0.9543036 -0.05972901
0.023989337 -0.79051965 -0.061190445
0.028425893 -0.66883665 -0.06275867
0.013311303 -1.1612344 -0.058840964
0.018622994 -0.96139157 -0.05964619
0.023707861 -0.7959875 -0.061165065
0.028177103 -0.67424744 -0.06277949
0.012757833 -1.1713129 -0.058719765
0.018219315 -0.96828645 -0.059574667
0.023427792 -0.80134344 -0.06114916
0.027924782 -0.6796014 -0.06280728
0.012205098 -1.1811488 -0.058608744
0.017817609 -0.9749847 -0.059514925
0.02314981 -0.8065869 -0.061142873
0.027669383 -0.68489534 -0.06284185
0.011653655 -1.1907374 -0.058508333
0.017418591 -0.98148316 -0.05946751
0.022874583 -0.8117181 -0.06114637
0.027411364 -0.6901264 -0.06288303
0.011104113 -1.200074 -0.058419004
0.017023018 -0.9877789 -0.05943301
0.022602769 -0.81673735 -0.061159804
0.02715121 -0.6952918 -0.06293059
0.010557081 -1.2091538 -0.05834131
0.01663166 -0.99386925 -0.05941209
0.022334998 -0.82164556 -0.06118335
0.02688942 -0.7003889 -0.06298429
0.010013218 -1.2179718 -0.058275845
0.016245333 -0.99975175 -0.05940545
0.022071889 -0.8264442 -0.061217178
0.026626527 -0.7054153 -0.06304384
0.009473206 -1.226523 -0.058223307
0.015864886 -1.0054244 -0.05941388
0.02181402 -0.831135 -0.06126147
0.026363095 -0.7103687 -0.063108906
0.008937775 -1.2348022 -0.058184464
0.015491213 -1.0108856 -0.059438236
0.02156194 -0.8357202 -0.061316416
0.026099725 -0.715247 -0.063179135
0.008407684 -1.242804 -0.058160186
0.015125249 -1.0161341 -0.059479456
0.02131615 -0.8402024 -0.061382204
0.025837056 -0.7200484 -0.06325409
0.007883766 -1.2505232 -0.058151428
0.014768001 -1.0211691 -0.059538532
0.021077123 -0.8445846 -0.06145902
0.0255758 -0.7247716 -0.0633333
0.0073668933 -1.2579539 -0.058159254
0.014420526 -1.0259906 -0.05961656
0.020845272 -0.84887004 -0.061547052
0.025316715 -0.7294153 -0.063416235
0.00685799 -1.2650908 -0.058184866
0.014083948 -1.0305989 -0.0597147
0.02062096 -0.85306233 -0.061646484
0.025060622 -0.7339789 -0.06350228
0.006358064 -1.271928 -0.058229554
0.0137594715 -1.0349953 -0.059834193
0.020404514 -0.8571652 -0.061757475
0.02480843 -0.7384623 -0.06359077
0.00586816 -1.2784595 -0.05829477
0.0134483585 -1.0391821 -0.05997634
0.020196196 -0.86118263 -0.061880182
0.024561105 -0.74286604 -0.063680954
0.005389396 -1.2846798 -0.058382094
0.013151948 -1.0431619 -0.060142502
0.01999623 -0.8651186 -0.062014725
0.024319699 -0.7471912 -0.06377201
0.004922945 -1.2905825 -0.05849324
0.012871636 -1.0469391 -0.060334057
0.019804798 -0.86897737 -0.062161177
0.02408532 -0.75144 -0.06386304
0.004470022 -1.2961615 -0.058630086
0.012608859 -1.0505189 -0.060552392
0.019622047 -0.87276286 -0.062319566
0.023859132 -0.7556155 -0.06395307
0.0040318687 -1.3014107 -0.058794666
0.012365065 -1.0539078 -0.060798857
0.019448094 -0.876479 -0.062489852
0.02364231 -0.7597219 -0.06404109
0.0036097385 -1.306323 -0.058989163
0.012141682 -1.0571134 -0.061074685
0.019283043 -0.8801299 -0.0626719
0.023436029 -0.76376444 -0.06412604
0.0032048419 -1.3108919 -0.059215948
0.011940065 -1.0601451 -0.06138097
0.019126985 -0.88371897 -0.06286547
0.023241378 -0.76774985 -0.06420683
0.0028183076 -1.3151095 -0.05947756
0.011761443 -1.0630132 -0.06171855
0.018980008 -0.88724977 -0.06307021
0.023059327 -0.77168584 -0.064282395
0.0024510971 -1.3189675 -0.05977671
0.0116068665 -1.0657291 -0.06208789
0.018842213 -0.8907254 -0.063285574
0.022890653 -0.7755813 -0.06435169
0.0021038877 -1.3224562 -0.060116366
0.011477153 -1.0683053 -0.06248901
0.0187137 -0.89414877 -0.063510895
0.022735864 -0.77944607 -0.06441378
0.0017768595 -1.3255644 -0.060499717
0.011372863 -1.0707542 -0.06292128
0.018594557 -0.89752233 -0.06374529
0.022595176 -0.7832903 -0.06446784
0.0014695874 -1.3282781 -0.06093065
0.011294318 -1.073089 -0.063383155
0.018484863 -0.9008483 -0.06398771
0.02246851 -0.78712463 -0.064513326
0.0011803601 -1.3305793 -0.06141335
0.011241626 -1.075322 -0.063871816
0.018384613 -0.90412855 -0.06423695
0.022355532 -0.790959 -0.06455015
0.00090695213 -1.3324448 -0.06195591
0.011214815 -1.0774646 -0.064382374
0.018293709 -0.9073643 -0.06449162
0.022255845 -0.7948025 -0.06457918
0.00064406876 -1.3338392 -0.06256611
0.011213831 -1.0795275 -0.06490691
0.018211825 -0.9105569 -0.0647505
0.022169072 -0.7986633 -0.06460361
0.0003934342 -1.3347161 -0.063279286
0.011238603 -1.0815182 -0.06543161
0.01813842 -0.9137059 -0.065011695
0.022095108 -0.8025462 -0.064629816
0.00015387937 -1.3349739 -0.0641187
0.011288822 -1.0834483 -0.06593786
0.0180729 -0.9168145 -0.06527555
0.022034172 -0.8064584 -0.06467382
1.2476068e-05 -1.334427 -0.06534118
0.011362074 -1.0853095 -0.06639875
0.018013563 -0.9198705 -0.06554019
0.02198481 -0.8103851 -0.06475555
0.02604856 -0.2018566 -0.08121072
0.032873258 -0.14899945 -0.080286905
0.031871352 -0.2130107 -0.08014523
0.029653883 -0.273162 -0.07926206
0.035181973 -0.2362244 -0.079222284
0.033661205 -0.29784754 -0.07829039
0.031860866 -0.35350168 -0.07715622
0.030515049 -0.4028423 -0.07592696
0.034416787 -0.39256683 -0.07589567
0.032835614 -0.44294536 -0.07480088
0.031523913 -0.4874758 -0.07368607
0.034074854 -0.49487147 -0.07342749
0.032691587 -0.53947645 -0.07242356
0.03144566 -0.5787165 -0.071419924
0.030468099 -0.61285084 -0.07043112
0.031624984 -0.64081204 -0.07015502
0.030460423 -0.67454296 -0.06925081
0.02945702 -0.7035295 -0.06836431
0.029819082 -0.74504644 -0.06804499
0.028735721 -0.77319473 -0.06723223
0.027755816 -0.7969033 -0.06644062
0.0269202 -0.81633914 -0.06567634
0.026406793 -0.8732461 -0.065386534
0.025473295 -0.8916224 -0.06468467
0.024654193 -0.9059567 -0.06401138
0.023576327 -0.9735581 -0.063723564
0.022707958 -0.98658806 -0.06310761
0.021935927 -0.99576885 -0.06252135
0.021275017 -1.0012214 -0.061970674
0.019546775 -1.0809207 -0.06171485
0.01884351 -1.0849155 -0.061212447
0.01824311 -1.0853089 -0.06074688
0.016064845 -1.1739366 -0.060510244
0.015451472 -1.1727176 -0.060089834
0.014932585 -1.1679751 -0.059708532
0.014523162 -1.1597933 -0.059375096
0.011830752 -1.2586619 -0.059161913
0.011405007 -1.2486869 -0.058867417
0.011097621 -1.235262 -0.05862732
0.008048507 -1.3423902 -0.05844593
0.007715644 -1.3270445 -0.058246963
0.007518283 -1.3081623 -0.05811458
0.007492196 -1.2858273 -0.058066048
0.003909955 -1.4027451 -0.05789516
0.0038022187 -1.3781081 -0.05790188
0.003970746 -1.3498427 -0.05801964
1.223224e-05 -1.4754567 -0.057913613
-8.7145716e-05 -1.4446585 -0.058129735
0.00031696967 -1.4100351 -0.05849995
0.0011906124 -1.3718596 -0.059028924
-0.0043198992 -1.5068481 -0.059134256
-0.0036586989 -1.4655937 -0.05995081
-0.0019939598 -1.4208366 -0.060895234
-0.0093550375 -1.5615788 -0.061708394
-0.00856669 -1.5138912 -0.063477814
-0.006096203 -1.4637916 -0.06536549
0.0338516 -0.31168643 -0.072848365
0.032358296 -0.34515458 -0.07316162
0.033521477 -0.32606918 -0.0725489
0.034805104 -0.3064203 -0.07178787
0.033387154 -0.34049714 -0.07179677
0.034530498 -0.32447857 -0.071228884
0.03577869 -0.30785063 -0.07047345
0.037252385 -0.2902714 -0.06968403
0.03533915 -0.3304733 -0.069829136
0.036580604 -0.3164622 -0.06915987
0.037958775 -0.3017746 -0.068439424
0.03582822 -0.34307432 -0.068573005
0.037074164 -0.33154312 -0.06798133
0.038387824 -0.3195293 -0.06735525
0.03982767 -0.30708045 -0.066767626
0.03727687 -0.35214317 -0.06696664
0.03851219 -0.3425964 -0.0664433
0.039824836 -0.3328406 -0.06593277
0.037204336 -0.37744188 -0.06608324
0.038335968 -0.3701118 -0.06566716
0.039525416 -0.3627872 -0.06525538
0.040742 -0.35555 -0.06488828
0.037872776 -0.40130442 -0.06503254
0.03892786 -0.3961424 -0.06473498
0.040019426 -0.39131555 -0.06445132
0.037134834 -0.43544894 -0.06451576
0.038039185 -0.43216735 -0.0643401
0.038990058 -0.4295012 -0.064164266
0.039899085 -0.42747518 -0.064015046
0.03687165 -0.47013396 -0.06408591
0.037670568 -0.4693756 -0.064034745
0.038472276 -0.46956974 -0.06398103
0.035449784 -0.5093108 -0.063947946
0.03607761 -0.5101976 -0.06402129
0.036734704 -0.51238394 -0.06407609
0.03728343 -0.5158241 -0.064132035
0.03424194 -0.5512196 -0.06413803
0.03473651 -0.55515414 -0.06430947
0.03518669 -0.56068605 -0.064450845
0.0322142 -0.59170514 -0.06433833
0.032526646 -0.5971238 -0.06460237
0.03280899 -0.6044945 -0.06481026
0.03291195 -0.6136099 -0.06498728
0.030167373 -0.6375769 -0.06497403
0.030259302 -0.6465234 -0.06521869
0.030190906 -0.65736896 -0.065385
0.027754309 -0.67584896 -0.06534633
0.027671885 -0.686173 -0.065550126
0.027326582 -0.69841915 -0.065608956
0.026762193 -0.7119198 -0.06564014
0.025128717 -0.7229542 -0.06590172
0.024461685 -0.73646295 -0.06571768
0.023529941 -0.7504119 -0.065549545
0.022822425 -0.75629354 -0.06616596
0.02177986 -0.7713255 -0.06559285
0.020428292 -0.7853321 -0.0653853
0.025635691 -0.39490947 -0.07217554
0.023587681 -0.3612387 -0.0724443
0.02127125 -0.39892632 -0.071929894
0.020832617 -0.43685642 -0.072011635
0.016477957 -0.4127472 -0.071455956
0.016253829 -0.4534432 -0.071820065
0.016610568 -0.49019146 -0.07234787
0.0170729 -0.52187824 -0.07297329
0.012299979 -0.520362 -0.07236485
0.013298456 -0.5535588 -0.07283717
0.014191268 -0.58159 -0.073284075
0.009642137 -0.5952848 -0.07288378
0.01104412 -0.6233169 -0.07315701
0.012275127 -0.64654946 -0.07337304
0.013284623 -0.665295 -0.07352365
0.00973613 -0.6952891 -0.07311032
0.011191295 -0.713111 -0.0730882
0.012431067 -0.72704446 -0.07299762
0.009157705 -0.7657088 -0.0726168
0.0107480865 -0.7779044 -0.07236265
0.012127623 -0.7868563 -0.07204096
0.013302101 -0.7929241 -0.07164845
0.010739212 -0.83805525 -0.071177885
0.012193932 -0.84208804 -0.07063816
0.013448472 -0.84388304 -0.07003203
0.010962764 -0.89120036 -0.069539934
0.012442963 -0.8905394 -0.06879738
0.013729194 -0.8882753 -0.06799425
0.014848107 -0.88473564 -0.06712657
0.012689824 -0.93044806 -0.066540524
0.013972468 -0.92444336 -0.06555884
0.015098635 -0.9177363 -0.06451935
0.012754261 -0.9604765 -0.06389824
0.014009602 -0.95112455 -0.06275798
0.0151214665 -0.94159377 -0.061567035
0.016124105 -0.9321482 -0.060319066
0.013679425 -0.9674468 -0.05962854
0.014767615 -0.9554712 -0.05830662
0.01575677 -0.9439891 -0.056932945
0.012827893 -0.97292376 -0.056207925
0.013902818 -0.9588923 -0.054773696
0.014881068 -0.94567114 -0.05328995
0.015789282 -0.93345827 -0.05174434
0.012411629 -0.9517257 -0.05099283
0.013411301 -0.9370251 -0.049404625
0.014280687 -0.9234936 -0.047746256
0.010196633 -0.9341204 -0.046956044
0.011316287 -0.9181296 -0.045243345
0.012162068 -0.90337056 -0.04343654
0.012749866 -0.89007103 -0.041527808
0.008648864 -0.88905025 -0.040642485
0.009581911 -0.8731689 -0.038564578
0.009781293 -0.85879225 -0.036357366
0.0055828886 -0.84897465 -0.035133317
0.0069083734 -0.8322396 -0.032429293
0.0069158454 -0.81751317 -0.029476251
0.022248626 -0.16249323 -0.08206548
0.026111444 -0.33081508 -0.08015368
0.02400672 -0.4311068 -0.07802863
0.02220478 -0.46123132 -0.07595988
0.021497743 -0.15151227 -0.08236454
0.025732817 -0.32588133 -0.08046662
0.02373824 -0.43090573 -0.078234404
0.021931387 -0.46516696 -0.07606532
0.020836145 -0.14178859 -0.0826033
0.025337316 -0.32134318 -0.08075478
0.02346625 -0.43095303 -0.078420416
0.021659259 -0.469312 -0.07614655
0.020240247 -0.1331736 -0.08279215
0.024927065 -0.31721213 -0.08101398
0.023191875 -0.4312491 -0.078586
0.02138948 -0.47365528 -0.076211914
0.01969161 -0.12557513 -0.08294959
0.024503367 -0.31349996 -0.08124318
0.022915168 -0.4317939 -0.07873187
0.02112243 -0.47818807 -0.07626708
0.019174747 -0.11892396 -0.083079666
0.024067992 -0.31021887 -0.08144186
0.02263676 -0.4325879 -0.07885879
0.020858798 -0.48290232 -0.07631449
0.018679706 -0.11317073 -0.083185315
0.023622738 -0.30738065 -0.08160981
0.022357194 -0.4336315 -0.078967325
0.02059903 -0.4877908 -0.07635511
0.018200034 -0.10827686 -0.08326736
0.023169644 -0.30499604 -0.081747174
0.022077145 -0.43492526 -0.079058036
0.020343512 -0.49284723 -0.07638926
0.017731931 -0.10421215 -0.08332614
0.02271091 -0.30307457 -0.08185425
0.021797294 -0.43646953 -0.079131305
0.020092556 -0.49806595 -0.076416895
0.017273288 -0.10095175 -0.08336162
0.022248873 -0.30162412 -0.08193154
0.021518353 -0.43826458 -0.07918743
0.019846475 -0.5034419 -0.07643782
0.016823143 -0.098474935 -0.083373696
0.021785935 -0.30065084 -0.08197971
0.021241035 -0.44031048 -0.07922658
0.019605601 -0.50897026 -0.07645176
0.016381277 -0.09676385 -0.08336226
0.021324512 -0.30015907 -0.08199953
0.02096606 -0.4426071 -0.079248846
0.019370316 -0.51464677 -0.076458365
0.015947966 -0.09580286 -0.083327256
0.020866944 -0.30015138 -0.081991866
0.02069415 -0.44515422 -0.079254225
0.019141063 -0.52046716 -0.07645722
0.01552382 -0.09557796 -0.083268695
0.020415466 -0.30062863 -0.08195764
0.020426018 -0.44795123 -0.07924268
0.018918322 -0.5264271 -0.07644787
0.015109666 -0.09607641 -0.08318666
0.019972151 -0.30159017 -0.08189778
0.020162376 -0.45099747 -0.07921413
0.018702615 -0.5325223 -0.07642982
0.014706472 -0.09728639 -0.08308125
0.019538898 -0.30303398 -0.08181318
0.019903945 -0.45429197 -0.079168476
0.01849452 -0.5387484 -0.07640255
0.014315305 -0.0991968 -0.08295265
0.019117419 -0.3049568 -0.08170469
0.019651432 -0.4578335 -0.0791056
0.018294604 -0.54510045 -0.07636551
0.013937287 -0.101797074 -0.08280107
0.01870924 -0.30735442 -0.081573114
0.019405544 -0.46162057 -0.0790254
0.018103447 -0.55157363 -0.07631812
0.013573576 -0.10507701 -0.08262674
0.018315712 -0.31022176 -0.08141916
0.019166993 -0.46565136 -0.078927755
0.017921621 -0.5581626 -0.07625983
0.013225327 -0.10902669 -0.082429945
0.017938018 -0.31355304 -0.08124351
0.018936466 -0.46992385 -0.07881259
0.017749658 -0.56486183 -0.076190054
0.0128937075 -0.11363639 -0.08221097
0.017577207 -0.317342 -0.08104673
0.018714665 -0.47443563 -0.078679815
0.017588073 -0.57166535 -0.07610825
0.0125798695 -0.11889649 -0.081970096
0.017234202 -0.3215819 -0.08082932
0.018502275 -0.47918394 -0.07852936
0.017437352 -0.578567 -0.07601386
0.012284923 -0.12479745 -0.08170766
0.016909806 -0.32626563 -0.08059176
0.018299956 -0.48416573 -0.07836119
0.017297907 -0.5855604 -0.0759064
0.0120099755 -0.1313298 -0.08142394
0.016604746 -0.33138585 -0.080334425
0.01810837 -0.48937765 -0.07817527
0.017170133 -0.5926387 -0.075785354
0.011756076 -0.13848403 -0.081119254
0.01631966 -0.33693498 -0.08005765
0.017928151 -0.49481592 -0.07797159
0.017054358 -0.59979504 -0.075650275
0.011524234 -0.14625068 -0.08079394
0.016055115 -0.34290534 -0.079761766
0.017759899 -0.5004765 -0.07775016
0.016950851 -0.6070223 -0.07550074
0.011315447 -0.1546202 -0.08044826
0.015811648 -0.34928906 -0.07944701
0.017604217 -0.5063549 -0.077511
0.016859865 -0.61431307 -0.07533635
0.011130643 -0.1635831 -0.080082536
0.015589729 -0.35607824 -0.07911363
0.017461654 -0.51244646 -0.077254124
0.016781567 -0.62165993 -0.07515675
0.010970718 -0.1731298 -0.07969705
0.015389797 -0.36326477 -0.07876184
0.017332736 -0.5187461 -0.07697959
0.016716093 -0.62905526 -0.07496162
0.010836526 -0.18325071 -0.07929209
0.015212257 -0.37084064 -0.07839183
0.017217958 -0.52524847 -0.07668745
0.016663523 -0.63649136 -0.07475067
0.01072888 -0.19393624 -0.07886792
0.015057487 -0.37879768 -0.078003764
0.017117774 -0.53194785 -0.07637776
0.016623896 -0.6439604 -0.07452366
0.010648554 -0.20517673 -0.07842481
0.014925839 -0.3871277 -0.07759783
0.017032605 -0.53883845 -0.076050594
0.016597204 -0.65145457 -0.07428037
0.010596284 -0.2169625 -0.07796302
0.014817641 -0.39582253 -0.07717416
0.01696283 -0.54591393 -0.07570603
0.016583396 -0.658966 -0.07402062
0.0105727725 -0.22928385 -0.07748278
0.014733203 -0.4048738 -0.07673291
0.016908793 -0.553168 -0.075344145
0.016582385 -0.6664868 -0.07374427
0.010578666 -0.24213107 -0.07698436
0.0146728 -0.41427323 -0.07627423
0.016870784 -0.56059396 -0.074965045
0.016594028 -0.674009 -0.0734512
0.010614632 -0.25549442 -0.07646796
0.014636725 -0.4240125 -0.07579826
0.016849084 -0.568185 -0.07456881
0.01661818 -0.6815249 -0.07314133
0.010681252 -0.26936412 -0.07593383
0.014625217 -0.43408325 -0.07530514
0.0168439 -0.5759341 -0.07415554
0.01665463 -0.68902653 -0.072814606
0.0107791 -0.28373036 -0.07538219
0.014638505 -0.444477 -0.07479501
0.016855413 -0.5838341 -0.073725335
0.016703144 -0.6965062 -0.07247101
0.010908715 -0.29858333 -0.07481325
0.014676802 -0.4551853 -0.07426802
0.016883763 -0.5918777 -0.07327832
0.016763456 -0.7039561 -0.07211053
0.011070596 -0.31391323 -0.07422724
0.0147402845 -0.46619973 -0.07372433
0.016929038 -0.6000575 -0.07281461
0.016835265 -0.7113688 -0.07173322
0.0112652695 -0.32971013 -0.07362436
0.014829156 -0.4775117 -0.073164076
0.016991315 -0.608366 -0.07233433
0.016918266 -0.7187367 -0.07133911
0.01149316 -0.34596413 -0.073004834
0.014943539 -0.48911268 -0.07258742
0.017070595 -0.6167956 -0.07183759
0.017012095 -0.72605234 -0.07092828
0.01175473 -0.36266524 -0.07236888
0.015083583 -0.5009941 -0.071994536
0.017166873 -0.62533873 -0.07132454
0.017116386 -0.7333084 -0.070500836
0.012050416 -0.37980357 -0.071716696
0.015249413 -0.51314735 -0.07138557
0.017280102 -0.63398767 -0.070795305
0.017230758 -0.74049777 -0.07005687
0.012380572 -0.397369 -0.071048506
0.015441092 -0.5255638 -0.07076073
0.01741017 -0.64273477 -0.07025006
0.017354773 -0.7476134 -0.069596544
0.01274557 -0.41535157 -0.07036454
0.015658686 -0.5382349 -0.07012019
0.017556947 -0.65157247 -0.06968893
0.017488 -0.7546483 -0.06911999
0.01314581 -0.4337409 -0.069665015
0.01590228 -0.5511519 -0.06946414
0.017720295 -0.66049296 -0.06911209
0.017630003 -0.76159585 -0.06862737
0.013581599 -0.45252708 -0.06895016
0.016171884 -0.56430614 -0.06879279
0.017900003 -0.6694888 -0.068519704
0.0177803 -0.76844937 -0.06811886
0.014053226 -0.47169966 -0.06822021
0.016467487 -0.57768905 -0.06810635
0.01809583 -0.67855245 -0.06791195
0.017938396 -0.7752024 -0.06759466
0.014561007 -0.49124837 -0.06747541
0.01678909 -0.5912919 -0.06740506
0.018307528 -0.6876764 -0.06728901
0.0181038 -0.78184867 -0.06705496
0.015105213 -0.51116264 -0.06671601
0.017136656 -0.605106 -0.06668915
0.0185348 -0.69685346 -0.06665107
0.018275995 -0.7883821 -0.066499956
0.015686097 -0.5314321 -0.06594227
0.017510125 -0.61912274 -0.065958865
0.01877732 -0.7060763 -0.06599833
0.018454455 -0.7947968 -0.065929875
0.01630386 -0.55204606 -0.06515447
0.0179094 -0.6333335 -0.065214485
0.019034725 -0.715338 -0.065331005
0.01863863 -0.80108696 -0.06534494
0.016958743 -0.57299376 -0.064352885
0.018334398 -0.6477296 -0.06445629
0.01930664 -0.7246315 -0.0646493
0.018827975 -0.80724704 -0.06474535
0.017650936 -0.5942643 -0.063537806
0.018784996 -0.6623023 -0.063684575
0.019592654 -0.7339502 -0.063953444
0.01902193 -0.8132717 -0.06413136
0.018380579 -0.615847 -0.062709555
0.01926103 -0.67704326 -0.06289966
0.019892318 -0.7432877 -0.063243665
0.019219916 -0.81915575 -0.06350317
0.019147849 -0.6377303 -0.061868448
0.019762356 -0.6919437 -0.062101875
0.020205181 -0.7526375 -0.062520206
0.019421361 -0.8248942 -0.062861
0.019952869 -0.65990335 -0.061014827
0.020288786 -0.7069953 -0.06129157
0.020530753 -0.76199377 -0.061783306
0.019625671 -0.83048236 -0.06220509
0.020795742 -0.6823546 -0.06014906
0.020840116 -0.7221894 -0.06046913
0.020868525 -0.7713506 -0.061033234
0.019832248 -0.83591557 -0.061535638
0.02167652 -0.7050725 -0.059271526
0.0214161 -0.7375177 -0.059634946
0.021217952 -0.7807027 -0.060270257
0.020040477 -0.8411896 -0.060852855
0.022595271 -0.72804534 -0.05838263
0.022016501 -0.75297153 -0.058789443
0.021578487 -0.7900447 -0.05949465
0.020249747 -0.8463003 -0.060156934
0.023552036 -0.7512612 -0.057482805
0.022641063 -0.7685427 -0.057933066
0.021949567 -0.7993719 -0.058706712
0.020459434 -0.85124385 -0.059448056
0.0245468 -0.77470803 -0.0565725
0.023289485 -0.7842229 -0.05706629
0.022330599 -0.8086797 -0.05790673
0.020668898 -0.8560165 -0.058726393
0.025579525 -0.7983735 -0.05565221
0.02396145 -0.80000365 -0.05618962
0.022720981 -0.8179641 -0.057095025
0.020877494 -0.86061496 -0.05799209
0.02665018 -0.82224524 -0.054722454
0.02465665 -0.81587684 -0.05530359
0.023120113 -0.82722116 -0.056271926
0.021084568 -0.8650361 -0.05724528
0.027758662 -0.8463106 -0.05378379
0.02537472 -0.8318344 -0.054408755
0.02352737 -0.8364477 -0.055437766
0.021289447 -0.869277 -0.05648606
0.028904846 -0.87055653 -0.052836813
0.026115285 -0.8478679 -0.05350573
0.023942135 -0.84564066 -0.05459291
0.02149145 -0.8733352 -0.055714514
0.030088577 -0.8949702 -0.05188216
0.026877945 -0.8639695 -0.052595146
0.024363782 -0.8547976 -0.053737722
0.02168987 -0.8772084 -0.054930672
0.031309657 -0.91953814 -0.050920524
0.027662275 -0.88013124 -0.051677685
0.024791697 -0.86391646 -0.052872594
0.021883989 -0.8808947 -0.054134548
0.032567836 -0.9442469 -0.049952652
0.028467808 -0.896345 -0.05075407
0.02522526 -0.87299544 -0.051997945
0.022073057 -0.88439256 -0.053326108
0.033862866 -0.9690828 -0.048979335
0.029294083 -0.91260314 -0.04982506
0.025663882 -0.8820335 -0.051114194
0.022256305 -0.88770086 -0.052505262
0.035194397 -0.9940318 -0.048001442
0.030140562 -0.92889774 -0.04889149
0.026106972 -0.8910298 -0.050221805
0.022432925 -0.89081883 -0.05167188
0.036562067 -1.0190797 -0.04701991
0.031006698 -0.94522125 -0.04795422
0.026553972 -0.89998394 -0.049321257
0.022602072 -0.89374626 -0.050825775
0.037965465 -1.0442123 -0.04603574
0.0318919 -0.96156615 -0.047014188
0.027004346 -0.908896 -0.04841305
0.022762854 -0.8964834 -0.049966685
0.039404105 -1.069415 -0.045050025
0.03279552 -0.977925 -0.046072382
0.02745758 -0.9177665 -0.04749772
0.022914328 -0.8990313 -0.049094297
0.04087748 -1.0946728 -0.044063944
0.03371688 -0.9942907 -0.04512987
0.027913202 -0.9265962 -0.04657583
0.02305549 -0.90139127 -0.048208214
0.042385023 -1.1199712 -0.043078754
0.034655243 -1.0106564 -0.044187777
0.028370772 -0.9353863 -0.04564797
0.023185274 -0.90356594 -0.04730798
0.043926094 -1.1452948 -0.042095836
0.035609808 -1.0270151 -0.043247316
0.028829874 -0.94413817 -0.044714786
0.02330253 -0.9055584 -0.046393063
0.04550002 -1.1706284 -0.041116644
0.03657972 -1.0433605 -0.04230976
0.029290143 -0.9528536 -0.04377693
0.023406042 -0.90737295 -0.045462858
0.047106102 -1.1959565 -0.04014278
0.03756408 -1.0596864 -0.041376494
0.029751243 -0.9615345 -0.04283512
0.023494508 -0.9090149 -0.044516727
0.04874357 -1.2212636 -0.039175913
0.03856191 -1.0759873 -0.040448945
0.030212866 -0.970183 -0.041890103
0.02356656 -0.91049093 -0.04355398
0.050411653 -1.246534 -0.038217857
0.039572198 -1.0922579 -0.03952863
0.030674737 -0.97880125 -0.040942688
0.023620771 -0.91180915 -0.042573925
0.052109532 -1.2717516 -0.03727054
0.04059386 -1.1084931 -0.038617138
0.031136598 -0.98739165 -0.03999374
0.023655675 -0.9129791 -0.041575924
0.05383641 -1.2969003 -0.036335997
0.041625787 -1.1246891 -0.03771611
0.031598214 -0.9959564 -0.0390442
0.023669818 -0.91401213 -0.04055944
0.05559151 -1.3219639 -0.035416376
0.04266686 -1.1408421 -0.036827203
0.032059364 -1.004498 -0.038095076
0.023661798 -0.9149212 -0.039524097
0.05737406 -1.3469253 -0.034513958
0.04371593 -1.156949 -0.035952114
0.032519825 -1.0130186 -0.0371475
0.023630338 -0.9157212 -0.03846984
0.059183426 -1.3717674 -0.033631153
0.044771906 -1.1730072 -0.035092495
0.032979403 -1.0215204 -0.03620273
0.023574365 -0.9164284 -0.037397
0.061019007 -1.3964727 -0.032770462
0.045833685 -1.1890153 -0.034249887
0.033437897 -1.0300057 -0.035262123
0.02349308 -0.9170607 -0.03630645
0.0628804 -1.421022 -0.03193464
0.046900243 -1.2049711 -0.033425722
0.033895157 -1.0384761 -0.034327302
0.023386028 -0.917637 -0.03519985
0.06476727 -1.4453962 -0.031126723
0.047970574 -1.2208738 -0.032621067
0.034351062 -1.0469338 -0.03340002
0.023253143 -0.9181768 -0.034079768
0.06667942 -1.4695733 -0.0303502
0.049043734 -1.2367226 -0.031836495
0.034805607 -1.0553801 -0.032482307
0.023094725 -0.91869956 -0.03295006
0.06861626 -1.4935298 -0.029610459
0.050118763 -1.2525169 -0.031071633
0.035258915 -1.0638169 -0.031576395
0.022911422 -0.91922444 -0.031816315
0.07057643 -1.517238 -0.02891415
0.051194753 -1.2682561 -0.030324498
0.03571135 -1.0722451 -0.030684713
0.022704158 -0.91976905 -0.030686611
0.072553776 -1.5406635 -0.028280742
0.052270945 -1.28394 -0.029590888
0.036163595 -1.0806662 -0.029810118
0.022474214 -0.9203503 -0.029573511
0.07453672 -1.563762 -0.027731579
0.05334707 -1.2995667 -0.028862111
0.03661683 -1.089079 -0.028954482
0.022223793 -0.9209805 -0.028494326
0.07646405 -1.5864528 -0.027399318
0.054423448 -1.3151398 -0.028129283
0.03707223 -1.0974883 -0.02812225
0.021955932 -0.9216797 -0.027477624
0.029145805 -0.026072748 -0.08092749
0.024192587 -0.0885517 -0.080663115
0.024546316 -0.035514064 -0.08134829
0.023971312 0.01728315 -0.08214144
0.018979972 -0.060839098 -0.082348384
0.019346498 -0.014596422 -0.08263721
0.01893445 0.03069589 -0.0830338
0.017830266 0.074953265 -0.08339509
0.015581723 -0.02084384 -0.08306063
0.015024269 0.016774442 -0.0830774
0.014092589 0.052217163 -0.0830461
0.01304995 -0.049120598 -0.0826044
0.0123225665 -0.019580085 -0.08231666
0.011502409 0.0069463844 -0.08197536
0.010611668 0.030043695 -0.081551224
0.010670286 -0.074221976 -0.08089907
0.009989039 -0.056622267 -0.080302596
0.009372447 -0.04303687 -0.07963086
0.00993999 -0.14384188 -0.078935064
0.009460701 -0.1351126 -0.078112
0.009152656 -0.13087344 -0.07722391
0.009061877 -0.1314363 -0.076264635
0.0098542385 -0.22568895 -0.075460464
0.009896293 -0.23063846 -0.07437311
0.010194261 -0.24078909 -0.073220976
0.011129963 -0.325819 -0.07239041
0.011569773 -0.33979228 -0.07111227
0.012322216 -0.3593358 -0.06977979
0.01345762 -0.38469842 -0.068388306
0.0141425 -0.45594218 -0.06747329
0.015390528 -0.4846687 -0.0659695
0.017027585 -0.5195463 -0.06441403
0.01758045 -0.5767587 -0.0634911
0.019364387 -0.6144221 -0.06182323
0.021579219 -0.65853953 -0.06011588
0.024322629 -0.7093103 -0.05836381
0.024197359 -0.74622566 -0.057383005
0.027025795 -0.7992446 -0.055537082
0.030362641 -0.85916114 -0.053658158
0.029824503 -0.87767833 -0.052705184
0.03330374 -0.9391692 -0.050737932
0.037316684 -1.0077461 -0.048756048
0.041979548 -1.0835295 -0.04675656
0.0403219 -1.0757577 -0.045807246
0.045052893 -1.1523613 -0.04375953
0.050381567 -1.2362053 -0.04172143
0.04794136 -1.2064372 -0.04087922
0.05343598 -1.2902374 -0.03883319
0.059574444 -1.3811157 -0.036847983
0.06642555 -1.4788148 -0.03493119
0.06223026 -1.4187422 -0.034232162
0.06926313 -1.5153044 -0.032494847
0.077133745 -1.6175437 -0.030955296
0.07110458 -1.5357354 -0.030281669
0.079067945 -1.636511 -0.029191675
0.08819656 -1.7404088 -0.028404348
0.09140936 -1.7739391 -0.02537098
0.13752936 -2.3124192 -0.008394259
0.18924658 -2.8225193 -0.003303787
0.10771768 -1.9745489 -0.018025946
0.15599813 -2.5062728 -0.005436948
0.21038057 -3.0156677 -0.0042896857
0.12476852 -2.173824 -0.012612411
0.1754743 -2.70074 -0.0037399281
0.09473872 -1.8165323 -0.025331935
0.14278041 -2.3726146 -0.008410499
0.1959942 -2.8962624 -0.0033838248
0.11180808 -2.0237753 -0.018285427
0.16177122 -2.5713007 -0.005436667
0.21760714 -3.0933237 -0.0044324277
0.1294825 -2.2288148 -0.012696168
0.18176104 -2.7702494 -0.0037551667
0.098185726 -1.8582803 -0.0250357
0.1480592 -2.4328804 -0.008412654
0.20277694 -2.9698687 -0.0034351705
0.11585445 -2.0724149 -0.018398784
0.16759282 -2.6364129 -0.005419542
0.22485884 -3.1706202 -0.004541859
0.13420184 -2.2836726 -0.01273539
0.18810004 -2.839785 -0.003749059
0.10174318 -1.8999977 -0.024736833
0.15339239 -2.4932084 -0.00839002
0.20960732 -3.0433974 -0.0034543928
0.11997071 -2.1209059 -0.018374357
0.17348541 -2.7016177 -0.005384124
0.23215011 -3.2476556 -0.00460502
0.13899195 -2.3385205 -0.012702412
0.19450465 -2.909376 -0.0037236975
0.10540219 -1.9419929 -0.024491511
0.15882699 -2.5536401 -0.008332527
0.21648812 -3.116925 -0.003444452
0.124230675 -2.1695535 -0.018257465
0.17947122 -2.7669322 -0.0053318064
0.23946421 -3.3245838 -0.0046149557
-0.0043792245 -1.4114529 -0.08082657
-0.0034237735 -1.4066813 -0.071539305
-0.0033930663 -1.4084638 -0.06938309
-0.0049311146 -1.4212366 -0.077556156
-0.0042737946 -1.418341 -0.06985769
-0.0060142744 -1.4330968 -0.08602624
-0.0056191483 -1.4318173 -0.0747051
-0.005531525 -1.4321377 -0.0687915
-0.0066784862 -1.4434891 -0.0822391
-0.006485157 -1.4435458 -0.07231328
-0.0071688825 -1.4494251 -0.06887486
-0.00743391 -1.4543686 -0.078812495
-0.0075761857 -1.4567903 -0.07043698
-0.008103678 -1.4637367 -0.08761968
-0.008329922 -1.4661317 -0.07578771
-0.008934388 -1.4719824 -0.06919395
-0.008908425 -1.4749496 -0.08373479
-0.009403888 -1.4791487 -0.07320749
-0.010422311 -1.4893725 -0.06889513
-0.009818168 -1.4867089 -0.08016869
-0.0106754275 -1.4937578 -0.0711281
-0.010150054 -1.4940927 -0.0892326
-0.01088363 -1.499439 -0.07698051
-0.012117365 -1.510199 -0.06965772
-0.01104237 -1.5059117 -0.08530587
-0.012137791 -1.5135272 -0.074217916
-0.013556713 -1.5282569 -0.06902889
-0.012061331 -1.5183223 -0.08161764
-0.01358499 -1.5293064 -0.071932554
-0.014584383 -1.5462518 -0.06930104
-0.013256823 -1.5317951 -0.078275114
-0.015166761 -1.5469462 -0.07020941
-0.013068297 -1.5364509 -0.08693788
-0.014654187 -1.5467327 -0.07533481
-0.01668543 -1.5660884 -0.06922364
-0.014129395 -1.549276 -0.08314724
-0.016243055 -1.5634813 -0.072844714
-0.01773655 -1.585135 -0.06917241
0.0011880448 -1.3425289 -0.070371985
-0.00087190856 -1.3570122 -0.07776934
-0.0022049125 -1.3656807 -0.090740815
0.0009942483 -1.3360467 -0.07211102
-0.00088500156 -1.3505859 -0.081065826
0.002846693 -1.3099368 -0.06979796
0.0008862695 -1.3303539 -0.0743162
-0.0009333747 -1.3444551 -0.08483
0.002868078 -1.3049257 -0.07041007
0.0007350582 -1.3252685 -0.07696494
-0.0010124816 -1.3385823 -0.08924201
0.002718779 -1.300792 -0.07183552
0.0005359108 -1.3205751 -0.080051534
0.0039682584 -1.2730435 -0.07030361
0.0024678626 -1.2971882 -0.073796175
0.00030259264 -1.31615 -0.08360456
0.0043197707 -1.2688726 -0.07056543
0.0021719506 -1.2939711 -0.076223664
3.5401295e-05 -1.311969 -0.08773728
0.004213555 -1.2664347 -0.07164794
0.0018265841 -1.291037 -0.07909833
0.00504732 -1.2389308 -0.06958827
0.003914742 -1.2646638 -0.073344
0.0014375073 -1.2883117 -0.082432225
0.005505208 -1.2351341 -0.07050605
0.0035129425 -1.2632306 -0.07554553
0.0010080169 -1.2858062 -0.08629255
0.0055124676 -1.233548 -0.07146385
0.0030437799 -1.2620069 -0.078208335
0.00053083047 -1.2835891 -0.09088745
0.0052273073 -1.23311 -0.07294136
0.002520612 -1.260952 -0.0813248
0.0066595166 -1.2031152 -0.06997713
0.0047714943 -1.2332028 -0.07492567
0.0019487954 -1.2600827 -0.084928274
0.006676136 -1.2022552 -0.07112268
0.0042101187 -1.233564 -0.07738027
0.0013258852 -1.2594694 -0.08913525
0.0064150565 -1.2027558 -0.072514586
0.003574895 -1.2340987 -0.08028517
0.007885849 -1.1719711 -0.06900123
0.0059430744 -1.2040621 -0.07433376
0.002879023 -1.2348123 -0.08364905
0.007813196 -1.1721338 -0.070541464
0.005325196 -1.205802 -0.07660109
0.0021252022 -1.2357557 -0.08753294
0.007529051 -1.1735401 -0.07198432
0.00460468 -1.207803 -0.079307616
0.001314439 -1.2369983 -0.09208481
0.0070424834 -1.1758637 -0.073718995
0.0038049198 -1.210014 -0.08245063
0.008981036 -1.1426867 -0.06972757
0.0063895006 -1.1787921 -0.075842656
0.0029355416 -1.2124604 -0.08605736
0.008629977 -1.145157 -0.07131593
0.0056080553 -1.1821077 -0.078376405
0.0020007333 -1.2151885 -0.09020829
0.008105363 -1.1484967 -0.07303886
0.004725386 -1.1857145 -0.08132161
0.010188201 -1.1135617 -0.06874076
0.0074177147 -1.1525096 -0.075071074
0.0037569702 -1.1895909 -0.08468845
0.0097529525 -1.117279 -0.0705131
0.0065883603 -1.1570232 -0.07746809
0.0027110963 -1.1937613 -0.08851656
0.009168828 -1.121729 -0.07227563
0.0056395493 -1.1619194 -0.08024445
0.0015970205 -1.1982533 -0.092861496
0.008434436 -1.1268357 -0.07426114
0.0045877807 -1.1671515 -0.08340581
0.010910748 -1.0896485 -0.06959931
0.0075579514 -1.1324896 -0.07655888
0.0034440008 -1.1727097 -0.08696899
0.010255643 -1.0953282 -0.07143064
0.0065517393 -1.1386044 -0.07919865
0.0022180427 -1.1786071 -0.09096466
0.009463516 -1.1015886 -0.07340181
0.005428452 -1.1451211 -0.08218822
0.012110167 -1.0621078 -0.068612024
0.008534002 -1.108395 -0.07563173
0.0041985707 -1.1520178 -0.08553311
0.01137718 -1.0690992 -0.07051522
0.0074718087 -1.1156961 -0.07816543
0.0028718947 -1.1592853 -0.089243725
0.010520307 -1.0765939 -0.072492704
0.0062834686 -1.1234561 -0.081015214
0.013340029 -1.0345585 -0.06759656
0.009532331 -1.0845926 -0.07467819
0.0049763164 -1.1316466 -0.084181674
0.012536719 -1.0429159 -0.06954758
0.0084118955 -1.0930928 -0.07713112
0.0035584834 -1.1402547 -0.08766262
0.011613252 -1.0517006 -0.07153942
0.0071605695 -1.1020788 -0.079869375
0.0020407068 -1.1492666 -0.09144354
0.010563408 -1.0609471 -0.07369628
0.0057814834 -1.1115407 -0.082891695
0.013729631 -1.0166941 -0.068551764
0.009382659 -1.0706733 -0.076087795
0.0042798016 -1.1214626 -0.08618815
0.0127436565 -1.0268086 -0.07055164
0.008068376 -1.0808977 -0.078737706
0.002663719 -1.1318319 -0.089737765
0.011632789 -1.0373397 -0.07268802
0.006620078 -1.0916225 -0.08164465
0.014956795 -0.9903972 -0.06755481
0.010391085 -1.0483307 -0.07503184
0.0050395685 -1.1028472 -0.08479386
0.013909261 -1.001848 -0.06954298
0.009014035 -1.059812 -0.077611506
0.003332053 -1.1145576 -0.088158615
0.012740591 -1.0136914 -0.071658276
0.0074981377 -1.0718107 -0.08042643
0.0015069684 -1.126739 -0.09168777
0.011440327 -1.0259706 -0.073962554
0.0058422587 -1.0843339 -0.08345886
0.01510676 -0.9767901 -0.06853048
0.010001889 -1.0387356 -0.07648541
0.0040486394 -1.0973794 -0.0866775
0.0138846245 -0.9899463 -0.07061465
0.008420224 -1.0520208 -0.07922683
0.0021239298 -1.1109303 -0.090031944
0.012529522 -1.0035317 -0.07288137
0.006691834 -1.0658509 -0.082167104
0.016324997 -0.9516248 -0.06753328
0.01103316 -1.0175945 -0.07535641
0.004816454 -1.0802273 -0.085271455
0.015059474 -0.96608424 -0.06956766
0.009388559 -1.032184 -0.07803861
0.002798218 -1.0951407 -0.088487595
0.013655661 -0.980971 -0.07179173
0.0075907437 -1.0473284 -0.08090641
0.00064583187 -1.1105728 -0.091730766
0.01210601 -0.99634206 -0.0742232
0.00563756 -1.0630397 -0.08392236
0.01625704 -0.9421014 -0.06853068
0.010402751 -1.0122437 -0.07685667
0.0035312162 -1.0793071 -0.087032035
0.014812446 -0.9582773 -0.070699304
0.008539348 -1.0287138 -0.07966769
0.0012786838 -1.0961152 -0.09015893
0.01321643 -0.9749483 -0.07308598
0.006512434 -1.0457618 -0.0826161
0.017471693 -0.91802275 -0.067519695
0.0114599345 -0.99216765 -0.07567751
0.0043230345 -1.0633801 -0.085645676
0.015992537 -0.9354535 -0.06961227
0.009535761 -1.0099669 -0.07844401
0.0019771217 -1.081546 -0.08867983
0.01435769 -0.9534104 -0.07194653
0.0074395863 -1.0283575 -0.0813418
0.018686855 -0.8938854 -0.06655336
0.012555162 -0.97193795 -0.0744988
0.005172051 -1.0473207 -0.084312715
0.017187005 -0.9125296 -0.06854179
0.010576005 -0.9910699 -0.07723012
0.0027391077 -1.0668291 -0.08728016
0.0155220805 -0.93173873 -0.07080837
0.008415526 -1.0108038 -0.08009107
0.00015052948 -1.0868602 -0.090144195
0.013681328 -0.95156133 -0.073319346
0.0060746823 -1.0311109 -0.083020665
0.018382603 -0.8895481 -0.06750288
0.011654212 -0.97201896 -0.076021925
0.0035606283 -1.0519438 -0.08594262
0.016699163 -0.9099686 -0.06967714
0.009434915 -0.9930999 -0.07885736
0.000884362 -1.073271 -0.08875867
0.014830084 -0.9310564 -0.07213894
0.00702546 -1.0147477 -0.081759825
0.019572027 -0.86657715 -0.06651623
0.012762802 -0.9528319 -0.07481626
0.004435607 -1.0368923 -0.08465297
0.017876938 -0.8881476 -0.06856145
0.010490758 -0.9752589 -0.07763558
0.0016792202 -1.0594785 -0.087442204
0.015990527 -0.9104641 -0.07095843
0.008017176 -0.99825066 -0.08052276
-0.0012309676 -1.0825003 -0.09000411
0.013892842 -0.93353814 -0.073610656
0.005356055 -1.0216941 -0.08339992
0.019042911 -0.86634827 -0.06747502
0.01157463 -0.9573142 -0.07642168
0.0025262032 -1.0455068 -0.08617798
0.017150791 -0.8898372 -0.06977977
0.009041073 -0.98165417 -0.079303816
-0.00045673712 -1.0696667 -0.08874051
0.015033449 -0.91418684 -0.072403185
0.0063122264 -1.0063916 -0.08217489
0.02017585 -0.8446622 -0.06644167
0.012676812 -0.9393114 -0.07521253
0.0034144244 -1.0313988 -0.08495197
0.018295864 -0.86925185 -0.068606466
0.010086982 -0.9650129 -0.0780988
0.00036804366 -1.0566385 -0.08753109
0.016172782 -0.89483815 -0.0711921
0.0072927456 -0.9910431 -0.08097146
-0.0028179705 -1.082156 -0.089755744
0.01378618 -0.921315 -0.07400589
0.0043312283 -1.0172191 -0.08375326
0.01940625 -0.8488034 -0.067445405
0.011143289 -0.9483962 -0.07690484
0.0012296219 -1.0434804 -0.086357355
0.017295852 -0.875574 -0.06997516
0.008284583 -0.9757268 -0.07978487
-0.0020023072 -1.0698788 -0.08864812
0.01489068 -0.9034034 -0.07280046
0.0052623395 -1.0030469 -0.08257375
0.020461572 -0.8286234 -0.06631414
0.012196801 -0.93189496 -0.07572053
0.002112609 -1.0302761 -0.085203856
0.018385593 -0.85649353 -0.068747915
0.009272767 -0.96053696 -0.07861157
-0.0011536272 -1.0574751 -0.0875672
0.015976263 -0.8856778 -0.071595974
0.0061918064 -0.9889777 -0.081407174
0.021419885 -0.8088961 -0.065269604
0.013232584 -0.915621 -0.07454642
0.0030002748 -1.0171188 -0.08405975
0.01942017 -0.83772904 -0.06749962
0.010239955 -0.9455901 -0.07744883
-0.00028999022 -1.045043 -0.08649262
0.017028814 -0.8682635 -0.0703932
0.0071017905 -0.9751189 -0.080248006
-0.0036897603 -1.072906 -0.08853976
0.014233021 -0.8997201 -0.07338592
0.0038746751 -1.0041109 -0.08291756
0.020362642 -0.81946206 -0.06620467
0.011165681 -0.9310263 -0.07629437
0.0005691821 -1.0326849 -0.08540861
0.018032016 -0.85132563 -0.06919321
0.00797241 -0.9615916 -0.079090394
-0.0028295692 -1.061031 -0.08760603
0.0151785705 -0.8843837 -0.07224658
0.0047166483 -0.99135756 -0.08177129
0.021161696 -0.80197525 -0.06482054
0.012025332 -0.9170181 -0.07514539
0.0014033421 -1.0205024 -0.084308006
0.018969085 -0.83509606 -0.067994244
0.008781621 -0.94852966 -0.077927195
-0.0019868505 -1.0492567 -0.08662818
0.016039526 -0.8698786 -0.07114151
0.0055060172 -0.97896516 -0.080614924
-0.0054833074 -1.077823 -0.08854117
0.012793013 -0.9037741 -0.07399567
0.00219061 -1.0085903 -0.08318817
0.019834729 -0.81993866 -0.06677694
0.009507523 -0.9360783 -0.07674859
-0.001189194 -1.037681 -0.08560013
0.016793398 -0.85659987 -0.07008753
0.0062202397 -0.967039 -0.079441786
-0.0046633463 -1.066459 -0.087754205
0.0134203145 -0.89153737 -0.07282895
0.0029071926 -0.997034 -0.082048066
0.02044816 -0.8067042 -0.06539763
0.010125176 -0.92437875 -0.07553899
-0.0004668909 -1.0263801 -0.08452922
0.017232364 -0.8451496 -0.06907976
0.006846222 -0.9556854 -0.07824324
-0.0039320607 -1.0553304 -0.08684198
0.11371641 -2.0468955 -0.012453344
0.16110587 -2.5405555 -0.0036379949
0.083523445 -1.6842351 -0.024778327
0.12719794 -2.1945665 -0.0083721625
0.17605256 -2.6771421 -0.0030896557
0.09613455 -1.8431664 -0.017704077
0.14096108 -2.3361506 -0.005400242
0.19143824 -2.8099391 -0.0038262024
0.1090356 -1.9932967 -0.012484887
0.15504979 -2.472519 -0.0035808894
0.08008905 -1.6423769 -0.024637958
0.12210707 -2.1361644 -0.008395
0.16950515 -2.6044161 -0.0029686496
0.092069075 -1.7951921 -0.017888872
0.1354224 -2.272932 -0.005393686
0.18436809 -2.7324398 -0.0036373104
0.10447823 -1.9401915 -0.0125836
0.14903273 -2.4044752 -0.0035229293
0.07680281 -1.602024 -0.024494128
0.117098704 -2.078088 -0.008445235
0.16297905 -2.5314956 -0.0028444845
0.08820877 -1.7484144 -0.01806823
0.1299452 -2.2098951 -0.005396922
0.17729712 -2.654539 -0.0034455757
0.10006401 -1.8877972 -0.012720814
0.14305887 -2.3364477 -0.003467451
0.07362429 -1.5628308 -0.024402434
0.11218548 -2.020448 -0.008519387
0.15647595 -2.4584036 -0.0027207325
0.0844918 -1.702763 -0.01820684
0.12453509 -2.1470983 -0.005411396
0.17022634 -2.5762687 -0.0032536644
0.09578455 -1.836221 -0.012865109
0.13713007 -2.2684746 -0.0034173068
0.07054518 -1.5246663 -0.024355121
0.107372195 -1.9633371 -0.008608197
0.14999619 -2.3851762 -0.0026004214
0.0808876 -1.6581309 -0.01831013
0.1191954 -2.084603 -0.0054362607
0.16315602 -2.4976711 -0.0030639267
0.09162235 -1.7854794 -0.012997762
0.13124742 -2.200602 -0.0033742997
0.06755935 -1.4874569 -0.024336781
0.102655955 -1.906812 -0.008700947
0.14353986 -2.3118587 -0.0024859512
0.077380806 -1.614433 -0.018388761
0.11392673 -2.0224626 -0.0054685073
0.15608643 -2.4187975 -0.0028784398
0.08756138 -1.7355479 -0.013111819
0.12541132 -2.132879 -0.0033388978
0.064660504 -1.4511496 -0.024335464
0.09802926 -1.8508965 -0.008789388
0.13710718 -2.2385013 -0.0023789555
0.07396148 -1.5716048 -0.01845005
0.108726725 -1.9607188 -0.0055042603
0.14901823 -2.3397057 -0.0026989747
0.083588846 -1.6863885 -0.0132064
0.11962111 -2.0653532 -0.0033104538
0.0618423 -1.4157003 -0.024342872
0.09348302 -1.7955922 -0.008868733
0.1306982 -2.1651587 -0.0022803128
0.07062155 -1.5295948 -0.018497953
0.103590794 -1.8993992 -0.0055400576
0.1419524 -2.26046 -0.0025269708
0.07969443 -1.6379627 -0.0132828085
0.11387494 -1.9980676 -0.0032877456
0.05909842 -1.3810706 -0.02435323
0.089008205 -1.7408891 -0.008936914
0.12431275 -2.091886 -0.0021903208
0.06735369 -1.4883597 -0.018534338
0.09851313 -1.8385209 -0.0055734757
0.13489012 -2.1811273 -0.002363559
0.075869285 -1.5902348 -0.013342771
0.10816994 -1.9310598 -0.0032695157
0.056422602 -1.3472252 -0.0243624
0.084596336 -1.6867723 -0.008993491
0.11795013 -2.018737 -0.0021089613
0.064150944 -1.4478617 -0.018559894
0.09348746 -1.7780943 -0.005603183
0.12783268 -2.1017785 -0.0022096373
0.0721055 -1.5431731 -0.013387826
0.102502525 -1.8643627 -0.0032548287
0.053808704 -1.3141315 -0.024367308
0.08023962 -1.6332262 -0.009038856
0.111609235 -1.9457645 -0.002036164
0.06100661 -1.4080672 -0.018574689
0.088507496 -1.7181252 -0.0056287213
0.120781176 -2.0224845 -0.0020659796
0.06839573 -1.4967489 -0.013419184
0.096868716 -1.798005 -0.003243218
0.051250707 -1.2817594 -0.02436561
0.07593079 -1.5802352 -0.009073758
0.10528862 -1.8730191 -0.001972003
0.057914212 -1.3689458 -0.018578459
0.08356714 -1.6586179 -0.005650237
0.11373668 -1.9433178 -0.0019333598
0.06473309 -1.450937 -0.013437737
0.09126443 -1.7320131 -0.0032346942
0.048742775 -1.2500808 -0.024355454
0.071663074 -1.5277859 -0.009099054
0.09898659 -1.80055 -0.0019168161
0.054867487 -1.3304696 -0.01857076
0.078660555 -1.5995761 -0.0056682723
0.10670013 -1.86435 -0.0018126577
0.061111 -1.4057148 -0.013444122
0.085685566 -1.6664125 -0.0032296877
0.046279285 -1.2190696 -0.024335345
0.06743005 -1.4758661 -0.009115615
0.0927014 -1.7284055 -0.0018712565
0.051860396 -1.2926133 -0.018551055
0.07378216 -1.5410045 -0.0056836195
0.09967241 -1.7856534 -0.0017049429
0.057523172 -1.3610615 -0.013438782
0.08012816 -1.6012279 -0.0032289808
0.043854896 -1.1887025 -0.02430404
0.06322558 -1.4244659 -0.00912429
0.0864313 -1.6566339 -0.001836303
0.048887145 -1.2553536 -0.018518742
0.068926625 -1.4829086 -0.0056972513
0.09265442 -1.7073 -0.0016115255
0.053963553 -1.3169589 -0.013422022
0.07458841 -1.5364853 -0.0032336526
0.04146457 -1.1589582 -0.02426048
0.05904379 -1.3735768 -0.009125917
0.08017468 -1.5852836 -0.0018132498
0.045942206 -1.2186697 -0.018473187
0.06408886 -1.4252954 -0.005710292
0.08564717 -1.6293619 -0.0015339783
0.05042631 -1.2733907 -0.013394067
0.069062725 -1.4722116 -0.0032450499
0.039103676 -1.1298188 -0.024203742
0.054878984 -1.3231924 -0.009121362
0.073930085 -1.5144042 -0.0018036849
0.043020338 -1.1825428 -0.018413736
0.05926397 -1.368174 -0.0057240315
0.078651816 -1.551912 -0.0014741305
0.04690584 -1.2303421 -0.013355124
0.06354776 -1.4084357 -0.0032647771
0.03676804 -1.1012694 -0.02413301
0.050725676 -1.273308 -0.009111576
0.06769638 -1.4440467 -0.001809462
0.04011665 -1.1469567 -0.018339729
0.0544473 -1.3115557 -0.005739966
0.0716697 -1.4750234 -0.0014340354
0.043396745 -1.187801 -0.01330545
0.058040507 -1.3451892 -0.0032947017
0.034454077 -1.0732993 -0.024047537
0.04657854 -1.2239218 -0.009097684
0.06147275 -1.3742642 -0.0018326566
0.03722662 -1.111898 -0.018250529
0.049634464 -1.2554551 -0.005759872
0.064702466 -1.3987699 -0.0014159112
0.03989387 -1.1457568 -0.013245454
0.052538346 -1.2825068 -0.0033369611
0.03215888 -1.0459023 -0.02394664
0.042432483 -1.1750342 -0.009081118
0.055258885 -1.3051124 -0.0018754918
0.034346208 -1.077356 -0.018145569
0.04482142 -1.1998904 -0.0057859
0.057752047 -1.3232251 -0.0014220568
0.036392324 -1.104202 -0.013175846
0.047039237 -1.2204278 -0.0033939464
0.029880412 -1.0190781 -0.02382966
0.03828266 -1.1266496 -0.009063796
0.04905503 -1.2366489 -0.0019402134
0.031471886 -1.0433242 -0.018024435
0.040004637 -1.144885 -0.0058206865
0.050820734 -1.2484626 -0.0014547418
0.032887537 -1.0631329 -0.013097864
0.041541874 -1.1589954 -0.0034682348
0.027617658 -0.9928335 -0.02369595
0.034124635 -1.0787778 -0.009048397
0.04286212 -1.168934 -0.0020288923
0.028600764 -1.0098009 -0.017887007
0.03518137 -1.0904689 -0.0058674617
0.04391112 -1.1745543 -0.0015160793
0.02937532 -1.0225508 -0.013013638
0.036045983 -1.0982586 -0.0035624185
0.025370853 -0.96718377 -0.023544814
0.02995462 -1.0314362 -0.009038729
0.036681864 -1.1020288 -0.0021431386
0.025730649 -0.9767909 -0.017733725
0.030350078 -1.0366806 -0.0059301
0.037026078 -1.1015693 -0.0016078904
0.025851995 -0.98246515 -0.012926763
0.030552594 -1.0382712 -0.0036787821
0.023141695 -0.94215536 -0.02337542
0.02576991 -0.9846537 -0.009040224
0.030516744 -1.0359944 -0.0022837368
0.022860074 -0.94430774 -0.01756603
0.025511058 -0.9835687 -0.0060130125
0.030168658 -1.0295724 -0.0017315778
0.022314563 -0.94289786 -0.012843229
0.025064362 -0.97909 -0.0038187797
0.020933544 -0.91778874 -0.023186611
0.021569675 -0.9384752 -0.009060494
0.02436997 -0.9708877 -0.0024502564
0.019988175 -0.91237783 -0.017387234
0.020667307 -0.931193 -0.0061207213
0.023342136 -0.9586219 -0.0018880201
0.018761046 -0.90389085 -0.012772868
0.019585775 -0.9207716 -0.0039823465
0.018751465 -0.8941421 -0.022976577
0.01735626 -0.8929687 -0.009109711
0.018245418 -0.9067582 -0.0026407405
0.017114218 -0.8810468 -0.017204145
0.015825497 -0.8796228 -0.0062569454
0.016550308 -0.888768 -0.0020774794
0.01519117 -0.8655181 -0.012731485
0.014123212 -0.863366 -0.0041672145
0.016601874 -0.8712972 -0.022742217
0.013137229 -0.8482317 -0.0092003085
0.012147815 -0.8436425 -0.0028516187
0.014236457 -0.8503909 -0.01703041
0.010996779 -0.82893175 -0.0064231884
0.009798485 -0.820051 -0.0022994822
0.011608023 -0.82790494 -0.01274343
0.008684965 -0.8069079 -0.0043686074
0.0144910775 -0.84936666 -0.022478173
0.008927991 -0.80439407 -0.009345045
0.0060837204 -0.7815595 -0.003077952
0.01134982 -0.82053936 -0.016893327
0.006197033 -0.7791853 -0.0066173435
0.0030957805 -0.7524997 -0.0025525973
0.008021888 -0.7912537 -0.012843059
0.003281937 -0.7514067 -0.004579808
0.0124208005 -0.82850707 -0.022176128
0.004754149 -0.76160955 -0.009552801
6.4237895e-05 -0.7205052 -0.0033139803
0.008442548 -0.7917204 -0.016847087
0.0014468817 -0.7304235 -0.0068336055
-0.0035406668 -0.68612874 -0.0028340071
0.004458027 -0.7558668 -0.013070487
-0.0020690695 -0.69683766 -0.0047938814
0.010374518 -0.8089431 -0.02183041
0.0006522765 -0.7200253 -0.009823644
-0.0058893054 -0.6604474 -0.003553639
0.0054959757 -0.76435554 -0.016993081
-0.0032245792 -0.6826416 -0.0070650866
-0.010079586 -0.6209349 -0.0031386924
0.0009691654 -0.72213143 -0.0134553
-0.007335643 -0.6431356 -0.0050059115
0.008275372 -0.79104364 -0.021485958
-0.003324359 -0.67972827 -0.010149035
-0.0117364805 -0.6013196 -0.0037901113
0.0025108643 -0.7392194 -0.017486932
-0.007759731 -0.6357755 -0.007307804
-0.01647142 -0.55689067 -0.0034575819
-0.0023363754 -0.6903966 -0.01399679
-0.012451071 -0.5901927 -0.005212709
0.0058278185 -0.7756085 -0.02152253
-0.0070500574 -0.6406855 -0.010518729
-0.017412584 -0.5430135 -0.0040130564
-0.00026939868 -0.717467 -0.01846184
-0.012027153 -0.5896962 -0.0075555
-0.022659838 -0.49394068 -0.0037725423
0.0034608974 -0.74660486 -0.022799745
0.0014920817 -0.70729023 -0.022346504
0.00046905893 -0.6934879 -0.021588495
-0.0011119033 -0.6861679 -0.020585319
-0.0022372485 -0.68756527 -0.019280069
-0.0049746255 -0.61874473 -0.01902712
-0.0061725765 -0.62030655 -0.017828217
-0.0065155537 -0.63037395 -0.016571475
-0.011534499 -0.53788537 -0.016123036
-0.012103688 -0.5486832 -0.014997978
-0.011730994 -0.56726325 -0.013874715
-0.010411506 -0.5932551 -0.012771275
-0.018928962 -0.47264194 -0.012347571
-0.017799586 -0.49938008 -0.011380352
-0.015809793 -0.53272504 -0.010440764
-0.026489913 -0.39359418 -0.009997909
-0.024578845 -0.4279331 -0.0091907075
-0.02189856 -0.46814758 -0.008416227
-0.018476313 -0.51393455 -0.0076807668
-0.03193264 -0.35388148 -0.0073537
-0.028570747 -0.4004147 -0.0067443247
-0.024537686 -0.4519068 -0.006175299
-0.03976043 -0.27793205 -0.005893291
-0.03573408 -0.33022308 -0.005449262
-0.0311056 -0.38691494 -0.005046634
-0.025897622 -0.44778866 -0.0046866615
-0.043314803 -0.25810948 -0.0045452775
-0.03811318 -0.31949133 -0.0043096496
-0.03238963 -0.38455972 -0.0041154884
-0.05125735 -0.18449077 -0.0040437053
-0.045500185 -0.25004458 -0.003977534
-0.03928374 -0.3187979 -0.0039509675
-0.03262777 -0.3906202 -0.003952686
-0.053210832 -0.17887354 -0.004076345
-0.046523467 -0.2507198 -0.0042253793
-0.039474253 -0.32518882 -0.0043782885
-0.061184447 -0.10620346 -0.004686703
-0.0049911095 -1.053572 -0.08651705
0.0057843784 -0.95508546 -0.07777533
0.0153984 -0.8494555 -0.06817449
-0.0021633622 -1.0257505 -0.08413077
0.008268885 -0.92633104 -0.07497692
0.01694973 -0.8203564 -0.06500742
0.0005348354 -0.9978515 -0.081618674
0.010632369 -0.89723927 -0.07210211
-0.0075885756 -1.0671859 -0.08752916
0.0031013875 -0.9698976 -0.078976795
0.012858649 -0.86776733 -0.06917218
-0.0047667506 -1.0395545 -0.08518717
0.0055477885 -0.9418758 -0.076210275
0.015013992 -0.83777094 -0.06611557
-0.0020871563 -1.0119272 -0.08273133
0.007906301 -0.91370726 -0.07333421
-0.010215847 -1.0807828 -0.08854115
0.00044736476 -0.9843718 -0.08014782
0.010246857 -0.88516444 -0.07036505
-0.0073706172 -1.0532762 -0.0862148
0.0028520573 -0.9569149 -0.07743506
0.01279471 -0.8555048 -0.06735275
-0.004691821 -1.025829 -0.083807096
0.0051726964 -0.92950225 -0.074603476
0.01651095 -0.82183784 -0.06521988
-0.0021801773 -0.9985557 -0.081282176
0.0075182826 -0.9018873 -0.0716761
-0.009980355 -1.06694 -0.08722504
0.00017902216 -0.97152865 -0.07863157
0.010176735 -0.87326187 -0.06873578
-0.007277302 -1.0395832 -0.08484809
0.0024331694 -0.9447402 -0.07586531
0.013928659 -0.84106946 -0.066277206
-0.004771807 -1.0124816 -0.08237323
0.0046938225 -0.91801053 -0.073016755
-0.012596884 -1.0805674 -0.08822885
-0.002446417 -0.98575824 -0.07978194
0.0072331023 -0.8907011 -0.070186436
