0.0303795 -1.331163 -0.06239422
0.06272261 -1.8229637 -0.06385689
0.055333238 -1.7494121 -0.05225883
0.04734412 -1.26341 -0.027955776
0.030559435 -1.333408 -0.06539248
0.062459476 -1.8209035 -0.06386507
0.055078227 -1.7468898 -0.052261557
0.047099605 -1.2625239 -0.027973369
0.030651562 -1.303041 -0.06456336
0.037584357 -1.374566 -0.06487886
0.032406226 -1.3752552 -0.065560535
0.02127488 -1.3291428 -0.06572701
0.006007441 -1.2475953 -0.06618987
0.00064095587 -1.2258205 -0.0644654
-0.0082050385 -1.1042029 -0.051521793
-0.013513335 -0.9150176 -0.030335192
0.0057731667 -1.2460076 -0.066243246
0.00040838835 -1.2238202 -0.06446183
-0.008438929 -1.1022751 -0.0515182
-0.013730257 -0.91373414 -0.030338291
0.005548303 -1.2442364 -0.06625217
0.00017379713 -1.221735 -0.0644583
-0.008674658 -1.1002915 -0.051516287
-0.013949135 -0.9124496 -0.030346738
0.0053443206 -1.2425697 -0.066257894
-5.8229278e-05 -1.2197428 -0.064457625
-0.008909952 -1.0983721 -0.05150761
-0.014169573 -0.91117275 -0.030322002
0.005189756 -1.2407717 -0.06625163
-0.00029271338 -1.2176523 -0.06444876
-0.009147224 -1.0963846 -0.05151443
-0.014391953 -0.9098822 -0.030378943
0.0050757243 -1.2391118 -0.06624171
-0.0005243668 -1.2156692 -0.06445537
-0.009383801 -1.0944737 -0.051493797
-0.014615649 -0.9086108 -0.030286398
0.0048723025 -1.2373787 -0.06627481
-0.00075894635 -1.2135717 -0.064438425
-0.009622629 -1.0924839 -0.051513333
-0.014841442 -0.90732384 -0.030416967
0.004730555 -1.2358099 -0.06624263
-0.0009899791 -1.2116011 -0.064449504
-0.0098608 -1.0905776 -0.051485803
-0.015069168 -0.9060339 -0.030280495
0.004664566 -1.2340728 -0.06629438
-0.0012236428 -1.2094907 -0.06443871
-0.010100881 -1.0885924 -0.05149481
-0.015298048 -0.9047943 -0.030360155
0.003818078 -1.2258235 -0.06537311
-0.014503686 -0.8015305 -0.016820638
-0.014007436 -0.99146897 -0.04091049
-0.0063426276 -1.1528065 -0.05852701
0.0018967536 -1.2313054 -0.06713084
-0.0062291184 -1.1494895 -0.067289956
-0.016625559 -1.074027 -0.059910957
-0.02549649 -0.93594235 -0.043465976
-0.02813523 -0.78369814 -0.020112325
0.0034758146 -1.2179693 -0.06490065
0.0013389195 -1.1879879 -0.062969595
-0.002268722 -1.1521124 -0.062964454
0.0030575763 -1.2091314 -0.06429188
0.00028355213 -1.175131 -0.06258192
-0.014663324 -1.1497368 0.12077331
-0.014593104 -1.1772375 0.12064841
-0.019084333 -1.2680224 0.12197738
-0.014570401 -1.195658 0.11972833
-0.012233245 -1.2689883 0.120222956
-0.014697206 -1.1960686 0.118450925
0.0037702327 -1.2253823 -0.065257885
-0.0012300774 -1.1905742 -0.06528853
0.0031881465 -1.2244954 -0.06452757
-0.0012467512 -1.1910436 -0.0651018
0.003917034 -1.2234552 -0.06442926
-0.003532288 -1.1835576 -0.06446417
-0.00012327373 -1.2224824 -0.06311655
0.0031827607 -1.2485652 -0.063533194
-0.0028923275 -1.1804523 -0.06498323
0.00051435997 -1.2030405 -0.06477209
-0.021278601 -1.3682808 0.14480631
-0.016128697 -1.3117138 0.13074651
-0.014427504 -1.1395311 0.12222668
-0.011317281 -1.1549116 0.1321991
-0.015479766 -1.2052794 0.14691338
-0.02413125 -1.3486066 0.15983297
-0.021918856 -1.3771352 0.1462157
-0.016610933 -1.3192492 0.13171194
-0.018599646 -1.2841213 0.122335605
-0.022018846 -1.3807708 0.14621496
-0.016721586 -1.3226523 0.13169293
-0.022228539 -1.289992 0.122309156
0.003194747 -1.2094015 -0.06429389
0.0002709999 -1.1738303 -0.062564805
0.004804746 -1.2302881 -0.06470233
0.002458458 -1.198014 -0.063563034
-0.0011132904 -1.1590149 -0.06251015
-0.024454152 -1.4056972 0.15220864
-0.018226204 -1.3439833 0.1359772
-0.008696798 -1.2973428 0.12416148
-0.024573538 -1.4094267 0.15220016
-0.018303376 -1.3474711 0.13597295
-0.008390031 -1.3003075 0.12401647
0.004612596 -1.2214321 -0.06496529
0.001497238 -1.1847903 -0.06292082
-0.0027492186 -1.1430933 -0.06285232
0.00362666 -1.2101841 -0.06429556
0.0002346345 -1.1698878 -0.06250965
-0.02722183 -1.4347049 0.15880767
-0.020198215 -1.3708612 0.14081138
-0.014617213 -1.3168678 0.12768835
-0.027350338 -1.438576 0.15879458
-0.020291766 -1.3745338 0.14081159
-0.014660174 -1.320563 0.1276342
0.00523493 -1.2350085 -0.06480279
0.0027428619 -1.1971322 -0.063539945
-0.0013116439 -1.1535845 -0.06243634
0.0050599 -1.2237898 -0.06499161
0.001623113 -1.1823182 -0.06287845
-0.0031119015 -1.1362146 -0.06276226
-0.022545738 -1.3992069 0.14620678
-0.016964177 -1.3400646 0.1315921
-0.021933945 -1.3105462 0.122057304
-0.022651818 -1.4029111 0.14620492
-0.016981762 -1.3435547 0.13157348
-0.019266682 -1.3135777 0.122179516
0.004088131 -1.2109001 -0.064289324
0.00019922244 -1.1658834 -0.062448796
0.0061626746 -1.2398543 -0.06478075
0.0030462907 -1.1962415 -0.06351134
-0.001510887 -1.1480902 -0.062356744
-0.025163015 -1.42833 0.1521582
-0.01867078 -1.3653648 0.13595095
-0.014645099 -1.3194866 0.123496726
0.0022490055 -1.9216924 0.16181785
0.030846607 -1.6478418 0.14512248
0.0542666 -1.3780351 0.12661491
-0.03410837 -1.63752 0.1594273
-0.038399227 -1.8762877 0.16083586
-0.03307278 -2.013849 0.16348335
-0.01790571 -2.0404816 0.1661593
0.043180443 -1.3597826 0.118621714
0.019053396 -1.4268379 0.11934998
-0.00095654785 -1.442374 0.12010704
-0.0144081935 -1.3818085 0.1215423
0.051361393 -1.3261482 0.117976055
0.02592645 -1.4092265 0.11891333
0.004587475 -1.4413807 0.11963778
-0.0113944085 -1.4097071 0.120670825
0.051645935 -1.3224685 0.11774232
0.026168345 -1.406027 0.1186708
0.004779805 -1.4389411 0.11940858
-0.011268532 -1.4083978 0.120449975
0.05193531 -1.3187847 0.11751503
0.026408035 -1.4028264 0.11842765
0.0049698907 -1.4364978 0.119177945
-0.011146235 -1.4070789 0.12022372
0.05223447 -1.31509 0.11729383
0.026661245 -1.399619 0.118183814
0.005177289 -1.4340463 0.118945844
-0.010992881 -1.4057461 0.11999204
0.05249312 -1.3113996 0.1170781
0.026878152 -1.3964164 0.117939085
0.0053399215 -1.431598 0.11871204
-0.010915545 -1.4044154 0.11975459
0.052832272 -1.3076905 0.11686683
0.02716062 -1.3932016 0.11769305
0.0055847536 -1.4291348 0.11847605
-0.010696749 -1.4030596 0.11951068
0.053042434 -1.3039883 0.11665863
0.02734323 -1.3899928 0.117445044
0.0057055675 -1.4266763 0.118237056
-0.010689216 -1.4017082 0.11925907
0.05340958 -1.3002789 0.11645213
0.027644752 -1.386781 0.11719417
0.005975162 -1.4242147 0.117993765
-0.010425649 -1.4003509 0.11899794
0.012472278 -1.2818154 -0.065414295
0.025884889 -1.3482356 -0.065669164
0.035019804 -1.3770185 -0.06524486
0.036841683 -1.3495303 -0.064461716
0.034971487 -1.317554 -0.064223886
0.036158185 -1.3705385 -0.06490858
0.028935418 -1.3579698 -0.065541424
0.016685229 -1.3033023 -0.0655494
0.034033366 -1.3082827 -0.06398764
0.035674393 -1.3650559 -0.06478627
0.028663795 -1.3548491 -0.06546792
0.01652695 -1.3018888 -0.06550488
0.033682037 -1.2990906 -0.06374915
0.035427514 -1.3596301 -0.06466247
0.028535916 -1.3517667 -0.065392025
0.016523747 -1.3005075 -0.0654578
0.03280703 -1.2897611 -0.06350914
0.034970388 -1.354113 -0.064538285
0.028280895 -1.3486218 -0.065315135
0.016384441 -1.2990721 -0.06540985
0.032285783 -1.2805587 -0.0632666
0.034654457 -1.3486667 -0.06441357
0.02811085 -1.3455229 -0.065237485
0.0163374 -1.2976784 -0.06536163
0.03155647 -1.271233 -0.06302055
0.034255408 -1.3431385 -0.06428796
0.027890816 -1.342368 -0.06515904
0.016236994 -1.296236 -0.06531336
-0.0030997344 -0.8980839 -0.05739591
-0.062089093 -0.23900497 -0.047115505
-0.12592092 0.35701263 -0.04594183
-0.110614076 0.17447838 -0.0465416
-0.06266068 -0.34830815 -0.051113807
-0.02941594 -0.7629548 -0.057943113
-0.0098502515 -1.0439527 -0.062761866
0.016622867 -1.295909 -0.06522645
0.027864223 -1.3369788 -0.0649722
0.033594042 -1.3306048 -0.063976355
0.029794713 -1.2469156 -0.06244806
0.016711872 -1.2974186 -0.06527629
0.028076647 -1.3402268 -0.065055005
0.033979032 -1.3362614 -0.064108394
0.0304838 -1.2564632 -0.062719315
0.03978792 -1.1719227 -0.06483718
0.034481842 -1.2023693 -0.07068389
0.035964526 -1.1306615 -0.065043956
0.030864116 -1.1631558 -0.069700874
0.03202459 -1.0896523 -0.065629326
0.02713316 -1.1247116 -0.06590554
0.017664216 -0.9456475 -0.063136384
-0.07076947 -0.10262914 -0.04862752
-0.14369781 0.5699183 -0.045411322
-0.12341258 0.34480584 -0.04564041
-0.05866883 -0.26613498 -0.04787979
0.002807078 -0.9596522 -0.06010868
-0.10617762 0.18918861 -0.04539224
-0.04257048 -0.43356833 -0.049885083
-0.15071885 0.57727444 -0.047305703
-0.08403593 -0.018379321 -0.04588647
-0.021672247 -0.663794 -0.053615108
-0.12707569 0.37372223 -0.04583898
-0.062474545 -0.23036999 -0.0473591
-0.00178628 -0.9067847 -0.05862603
-0.104342066 0.16958281 -0.045388512
-0.041390814 -0.44913235 -0.049858652
-0.1486334 0.5559231 -0.047278956
-0.08236585 -0.03686744 -0.045897443
-0.020862576 -0.6771204 -0.053641777
-0.12510404 0.3531885 -0.045833014
-0.061009575 -0.24757281 -0.04733978
-0.0013407575 -0.91751635 -0.058215354
-0.102505505 0.14999148 -0.045389164
-0.04019825 -0.46463707 -0.049887147
-0.14654113 0.53455204 -0.047264855
-0.080694154 -0.05537489 -0.045902926
-0.020011406 -0.6905334 -0.053563617
0.002594392 -1.9207299 0.16186121
0.031235559 -1.6464444 0.14514346
0.054643188 -1.3759433 0.12661916
0.0029416347 -1.9197513 0.16190465
0.03162577 -1.6450336 0.1451643
0.0549983 -1.3738518 0.126618
0.0032911287 -1.9187578 0.16194801
0.03201703 -1.6436106 0.14518489
0.05537249 -1.371727 0.12661058
0.003642744 -1.9177525 0.16199136
0.032408923 -1.6421869 0.1452053
0.055833258 -1.369596 0.12659666
0.003996584 -1.9167364 0.16203462
0.0328015 -1.6407685 0.14522554
0.056336652 -1.3675499 0.12657604
0.004352462 -1.915707 0.16207786
0.033194475 -1.6393436 0.14524575
0.056913573 -1.3654493 0.12654899
0.004711707 -1.9146625 0.16212095
0.03359036 -1.6379058 0.14526574
0.057502136 -1.3633358 0.12651572
0.0050731753 -1.9135988 0.16216424
0.0339862 -1.63645 0.14528635
0.058047526 -1.3612285 0.12647809
0.005477086 -1.9125313 0.16220686
0.03445065 -1.6350065 0.14530584
0.058629673 -1.359152 0.12643558
0.080292486 -1.1667631 0.11744083
0.06929993 -1.2241708 0.1170266
0.0795716 -1.1781914 0.1178704
0.068719804 -1.235476 0.11730678
0.07886641 -1.1897187 0.11831643
0.06809921 -1.2470225 0.118335344
0.022119993 -1.8610569 0.16240878
0.053262647 -1.5680277 0.145308
0.079136506 -1.2682269 0.12630816
-0.0050258646 -0.7035253 -0.0011218978
0.0083463285 -0.7558825 -0.00040070392
0.024105318 -0.7857656 0.00308141
0.042757355 -0.75943327 0.0069688843
-0.00436156 -0.70053196 0.00057880144
0.008956389 -0.7512393 0.0009709429
0.024728123 -0.7789307 0.004407943
0.043634553 -0.75034356 0.0082239555
-0.003814338 -0.69830406 0.0021692046
0.00956536 -0.7470649 0.0023762363
0.025355514 -0.7725279 0.0057404856
0.044511404 -0.7418587 0.0094609875
-0.003349625 -0.69676673 0.0037011798
0.010172836 -0.7433554 0.003806022
0.025987893 -0.76655763 0.0070801964
0.045386482 -0.73398244 0.010686059
-0.0029384093 -0.6958542 0.005203138
0.010776545 -0.7401164 0.0052500814
0.026622724 -0.76102924 0.00842388
0.046255976 -0.72672105 0.01190097
-0.0025640195 -0.6955191 0.0066828625
0.011375105 -0.7373493 0.0067025977
0.027258717 -0.75594676 0.009770668
0.047117066 -0.7200737 0.013108693
-0.002214714 -0.6957233 0.00814496
0.01196687 -0.73505443 0.008159128
0.027894322 -0.75131446 0.011119046
0.04796666 -0.71403724 0.014311002
-0.001883482 -0.6964372 0.009591447
0.012550259 -0.73323065 0.009616839
0.02852823 -0.7471352 0.012468027
0.04880187 -0.7086057 0.0155096045
-0.001565862 -0.69763625 0.011024181
0.013123682 -0.73187494 0.011073698
0.029159144 -0.7434113 0.013816698
0.049619935 -0.7037703 0.01670593
-0.0012592688 -0.69929963 0.012444716
0.013685627 -0.73098284 0.012528249
0.029785795 -0.740144 0.015164371
0.050418377 -0.69952005 0.017901326
-0.000962239 -0.7014092 0.013854581
0.014234706 -0.73054844 0.013979395
0.030406935 -0.73733395 0.016510488
0.051195055 -0.6958419 0.019097025
-0.0006740653 -0.70394874 0.015255172
0.0147696845 -0.73056453 0.015426286
0.031021325 -0.73498094 0.017854623
0.05194823 -0.6927212 0.020294143
-0.0003945107 -0.7069035 0.016647773
0.015289498 -0.73102313 0.016868262
0.03162773 -0.73308396 0.01919646
0.052676562 -0.690142 0.021493668
-0.00012364973 -0.7102599 0.018033518
0.01579325 -0.7319153 0.018304808
0.03222492 -0.73164105 0.02053577
0.05337912 -0.6880877 0.022696428
0.00013823783 -0.71400505 0.019413397
0.016280212 -0.73323154 0.019735534
0.032811683 -0.73064965 0.021872396
0.054055307 -0.68654126 0.023903087
0.00039075216 -0.7181267 0.020788243
0.01674979 -0.7349622 0.021160146
0.033386823 -0.73010623 0.023206238
0.05470485 -0.6854856 0.025114143
0.00063338573 -0.72261333 0.022158759
0.017201513 -0.7370971 0.022578446
0.033949174 -0.7300066 0.02453724
0.055327717 -0.68490386 0.026329929
0.0008655892 -0.72745335 0.023525503
0.017635012 -0.73962605 0.023990298
0.03449761 -0.7303458 0.025865383
0.055924065 -0.68477964 0.027550638
0.0010867789 -0.73263574 0.024888914
0.018050002 -0.74253887 0.02539563
0.035031054 -0.73111814 0.027190674
0.0564942 -0.685097 0.02877633
0.0012963337 -0.73814934 0.026249317
0.018446246 -0.74582523 0.02679441
0.035548475 -0.73231727 0.02851313
0.057038505 -0.68584067 0.030006956
0.0014936492 -0.74398327 0.027606944
0.01882356 -0.749475 0.02818665
0.036048904 -0.73393625 0.029832788
0.057557438 -0.6869962 0.031242384
0.0016781206 -0.7501265 0.02896193
0.019181794 -0.75347817 0.029572383
0.036531456 -0.7359675 0.031149687
0.05805147 -0.6885497 0.03248241
0.0018491604 -0.7565681 0.030314332
0.019520814 -0.75782466 0.03095166
0.036995295 -0.7384031 0.032463867
0.058521077 -0.6904881 0.033726778
0.0020061978 -0.76329684 0.031664144
0.0198405 -0.76250464 0.03232454
0.037439674 -0.7412345 0.033775363
0.05896672 -0.69279885 0.034975186
0.0021487195 -0.7703017 0.0330113
0.020140752 -0.7675084 0.033691097
0.03786392 -0.7444528 0.035084203
0.059388835 -0.6954703 0.036227316
0.0022762248 -0.7775714 0.03435569
0.020421468 -0.77282614 0.035051398
0.03826744 -0.7480489 0.036390424
0.059787825 -0.69849116 0.03748283
0.0023882522 -0.7850944 0.035697155
0.02068254 -0.77844834 0.036405507
0.0386497 -0.7520133 0.037694022
0.060164053 -0.7018508 0.03874137
0.0024844152 -0.7928593 0.03703552
0.020923892 -0.7843655 0.037753493
0.039010264 -0.75633645 0.038995013
0.06051785 -0.705539 0.04000259
0.0025643453 -0.80085456 0.03837057
0.021145424 -0.79056823 0.039095405
0.03934874 -0.7610084 0.040293388
0.060849514 -0.70954615 0.041266132
0.0026277222 -0.8090684 0.039702073
0.021347044 -0.7970471 0.04043129
0.03966481 -0.76601934 0.041589126
0.061159283 -0.71386296 0.04253165
0.002674306 -0.81748897 0.04102978
0.02152869 -0.8037928 0.041761182
0.039958227 -0.77135926 0.042882197
0.0614474 -0.71848047 0.043798808
0.0027038646 -0.8261045 0.042353436
0.021690274 -0.8107961 0.043085102
0.04022878 -0.7770182 0.044172555
0.061714042 -0.7233901 0.045067254
0.002716259 -0.83490294 0.043672774
0.021831755 -0.81804764 0.04440307
0.040476337 -0.78298616 0.045460153
0.061959386 -0.7285835 0.046336677
0.002711357 -0.8438724 0.04498752
0.021953061 -0.8255384 0.04571508
0.04070077 -0.78925335 0.046744928
0.062183566 -0.73405284 0.047606755
0.0026891176 -0.85300076 0.046297397
0.02205418 -0.8332591 0.047021125
0.040902037 -0.7958098 0.048026804
0.062386714 -0.7397901 0.048877183
0.0026495147 -0.86227596 0.04760213
0.022135077 -0.84120065 0.048321184
0.0410801 -0.80264586 0.049305703
0.06256893 -0.74578774 0.050147656
0.0025925706 -0.871686 0.048901446
0.02219574 -0.84935397 0.049615227
0.041234944 -0.8097519 0.050581537
0.0627303 -0.7520384 0.051417895
0.0025183863 -0.88121873 0.050195064
0.022236202 -0.8577099 0.050903212
0.041366626 -0.81711847 0.051854216
0.06287091 -0.7585349 0.05268761
0.0024270744 -0.89086205 0.05148271
0.022256482 -0.8662595 0.052185092
0.041475177 -0.8247361 0.053123634
0.06299084 -0.76527005 0.053956542
0.0023188028 -0.900604 0.05276413
0.022256633 -0.8749939 0.053460814
0.041560672 -0.8325957 0.0543897
0.06309012 -0.772237 0.055224422
0.0021937818 -0.9104326 0.05403904
0.022236727 -0.88390404 0.05473031
0.041623194 -0.84068817 0.055652298
0.06316884 -0.7794289 0.056490995
0.0020522645 -0.92033577 0.055307176
0.022196854 -0.89298105 0.055993505
0.04166284 -0.8490046 0.056911312
0.063227035 -0.78683895 0.057756007
0.0018945461 -0.93030185 0.056568306
0.022137128 -0.9022163 0.057250343
0.04167971 -0.8575363 0.058166653
0.06326475 -0.7944607 0.059019227
0.0017209725 -0.94031876 0.05782215
0.02205769 -0.91160095 0.05850073
0.041673936 -0.86627454 0.05941819
0.06328205 -0.8022875 0.060280405
0.0015318944 -0.950375 0.05906848
0.021958672 -0.9211265 0.059744604
0.04164562 -0.875211 0.06066583
0.06327896 -0.810313 0.061539326
0.0013277484 -0.9604589 0.06030704
0.021840265 -0.93078417 0.06098187
0.041594896 -0.8843371 0.061909445
0.06325555 -0.8185307 0.06279575
0.0011089736 -0.97055894 0.061537605
0.021702651 -0.94056576 0.06221247
0.041521892 -0.8936448 0.06314894
0.06321186 -0.8269344 0.06404945
0.00087605795 -0.9806637 0.06275993
0.021546038 -0.9504628 0.063436314
0.041426726 -0.9031259 0.06438419
0.06314794 -0.8355179 0.06530022
0.00062952726 -0.9907622 0.06397381
0.02137065 -0.96046716 0.064653344
0.041309528 -0.9127724 0.06561512
0.063063845 -0.84427494 0.06654783
0.00036995474 -1.000843 0.06517901
0.02117674 -0.9705707 0.065863505
0.041170444 -0.92257637 0.06684161
0.062959656 -0.8531994 0.06779208
9.7910284e-05 -1.0108956 0.06637532
0.020964535 -0.98076534 0.06706672
0.041009568 -0.93252987 0.06806356
0.0628354 -0.8622853 0.06903273
-0.00018594846 -1.0209091 0.06756255
0.02073433 -0.9910434 0.06826298
0.040827055 -0.9426251 0.069280885
0.06269118 -0.8715266 0.070269585
-0.0004809571 -1.0308731 0.068740495
0.020486401 -1.001397 0.06945223
0.040623024 -0.9528544 0.07049351
0.06252707 -0.88091725 0.07150243
-0.0007864429 -1.0407771 0.06990896
0.020221012 -1.0118186 0.07063446
0.040397573 -0.96320987 0.07170133
0.062343124 -0.8904514 0.07273104
-0.0011016497 -1.0506113 0.07106779
0.019938476 -1.022301 0.071809694
0.040150847 -0.97368395 0.07290428
0.06213945 -0.9001232 0.073955216
-0.0014258272 -1.0603658 0.072216794
0.019639086 -1.0328364 0.07297792
0.039882954 -0.9842687 0.07410228
0.06191614 -0.9099267 0.07517472
-0.0017581816 -1.0700312 0.07335583
0.019323139 -1.043418 0.07413921
0.039594006 -0.9949566 0.07529527
0.061673287 -0.9198562 0.076389335
-0.0020978772 -1.0795981 0.074484766
0.018990953 -1.0540386 0.075293615
0.039284136 -1.0057397 0.07648318
0.06141101 -0.92990595 0.07759884
-0.0024440729 -1.0890577 0.07560346
0.018642813 -1.0646913 0.07644124
0.03895345 -1.0166101 0.07766596
0.061129414 -0.9400703 0.07880302
-0.0027958758 -1.0984015 0.076711826
0.018279033 -1.0753694 0.07758222
0.03860208 -1.0275601 0.07884356
0.060828626 -0.95034355 0.08000162
-0.0031523905 -1.1076212 0.07780977
0.017899884 -1.086066 0.0787167
0.03823014 -1.0385817 0.080015935
0.06050877 -0.9607202 0.08119442
-0.0035126852 -1.116709 0.07889724
0.017505648 -1.0967745 0.079844885
0.037837755 -1.0496666 0.08118303
0.060169965 -0.9711946 0.08238117
-0.0038757927 -1.1256574 0.0799742
0.017096605 -1.1074885 0.080967
0.037425082 -1.060807 0.08234483
0.059812374 -0.98176146 0.083561614
-0.004240748 -1.1344597 0.08104064
0.016672991 -1.1182015 0.08208333
0.036992252 -1.0719943 0.0835013
0.059436116 -0.9924153 0.0847355
-0.004606546 -1.1431091 0.082096614
0.016235055 -1.1289071 0.083194196
0.036539435 -1.0832204 0.08465242
0.05904135 -1.0031508 0.08590256
-0.0049721887 -1.1515994 0.08314218
0.01578299 -1.1395987 0.08429996
0.036066797 -1.0944765 0.08579815
0.058628205 -1.0139626 0.0870625
-0.005336644 -1.1599253 0.084177494
0.015316996 -1.15027 0.08540104
0.035574544 -1.105754 0.08693849
0.058196843 -1.0248457 0.088215046
-0.005698895 -1.1680818 0.085202724
0.014837215 -1.1609145 0.08649792
0.03506288 -1.1170444 0.088073425
0.057747386 -1.0357949 0.08935989
-0.0060579022 -1.1760643 0.08621812
0.014343785 -1.1715256 0.08759111
0.03453206 -1.1283387 0.08920293
0.057279978 -1.0468049 0.0904967
-0.0064126495 -1.1838686 0.08722401
0.013836781 -1.1820966 0.08868121
0.033982333 -1.139628 0.09032702
0.056794737 -1.0578709 0.09162514
-0.006762112 -1.191492 0.0882208
0.013316266 -1.1926206 0.089768864
0.03341402 -1.1509032 0.09144566
0.056291778 -1.068988 0.09274484
-0.0071052983 -1.1989311 0.08920899
0.012782246 -1.2030905 0.09085477
0.032827456 -1.1621555 0.09255886
0.055771194 -1.0801511 0.093855426
-0.0074412357 -1.2061841 0.0901892
0.012234691 -1.2134988 0.091939695
0.032223012 -1.1733755 0.093666606
0.05523307 -1.0913553 0.09495646
-0.0077689993 -1.2132494 0.09116219
0.01167351 -1.2238379 0.09302446
0.031601094 -1.1845542 0.09476888
0.054677427 -1.1025958 0.09604748
-0.008087696 -1.220126 0.092128806
0.011098595 -1.2340994 0.09410995
0.03096216 -1.1956826 0.09586565
0.054104302 -1.1138675 0.09712802
-0.008396497 -1.2268134 0.093090095
0.01050978 -1.2442745 0.09519709
0.03030671 -1.2067518 0.09695689
0.053513676 -1.1251656 0.098197505
-0.008694653 -1.2333118 0.09404727
0.009906845 -1.2543542 0.096286856
0.029635258 -1.2177532 0.09804253
0.052905478 -1.1364849 0.09925536
-0.008981474 -1.2396215 0.09500173
0.009289576 -1.2643285 0.09738022
0.02894839 -1.2286776 0.099122494
0.052279633 -1.1478199 0.10030093
-0.009256377 -1.245744 0.09595509
0.008657701 -1.2741868 0.09847821
0.02824669 -1.2395173 0.10019666
0.051635988 -1.1591654 0.10133349
-0.009518875 -1.2516803 0.096909195
0.008010959 -1.2839177 0.09958181
0.027530776 -1.2502639 0.10126484
0.05097436 -1.1705154 0.10235225
-0.00976858 -1.2574321 0.09786615
0.0073491125 -1.2935089 0.10069196
0.026801297 -1.2609098 0.102326795
0.05029456 -1.181864 0.10335635
-0.010005228 -1.2630013 0.09882832
0.0066719623 -1.3029476 0.101809524
0.026058903 -1.2714477 0.10338219
0.04959635 -1.1932046 0.104344845
-0.010228677 -1.2683898 0.099798396
0.005979386 -1.31222 0.10293523
0.025304232 -1.2818705 0.10443056
0.0488795 -1.2045302 0.10531671
-0.010438902 -1.2735995 0.10077939
0.0052713957 -1.3213117 0.10406963
0.024537936 -1.2921722 0.10547128
0.048143815 -1.2158335 0.106270865
-0.010636039 -1.278632 0.10177468
0.004548141 -1.3302078 0.105212964
0.023760628 -1.3023467 0.10650355
0.047389146 -1.2271066 0.107206106
-0.010820381 -1.2834889 0.10278805
0.0038099773 -1.338893 0.10636519
0.022972904 -1.312389 0.1075263
0.046615444 -1.238341 0.108121194
-0.010992431 -1.2881712 0.10382378
0.0030574957 -1.3473521 0.10752574
0.022175351 -1.3222941 0.10853816
0.04582283 -1.2495278 0.10901484
-0.0111530265 -1.2926795 0.10488674
0.0022914845 -1.3555703 0.108693525
0.021368507 -1.3320582 0.1095374
0.045011565 -1.2606583 0.1098857
-0.011303476 -1.2970138 0.10598249
0.0015129435 -1.3635337 0.10986658
0.020552922 -1.3416777 0.11052187
0.04418215 -1.2717234 0.11073242
-0.011446058 -1.3011729 0.10711782
0.000722976 -1.3712296 0.111041896
0.019729141 -1.3511498 0.11148892
0.04333527 -1.2827145 0.11155374
-0.011584518 -1.3051553 0.10830102
-7.725819e-05 -1.3786472 0.11221474
0.018897794 -1.3604721 0.11243542
0.042471796 -1.2936234 0.1123486
-0.01172643 -1.3089572 0.10954418
-0.0008867729 -1.3857776 0.11337778
0.018059593 -1.3696431 0.1133577
0.041592646 -1.3044431 0.11311649
-0.011885336 -1.3125784 0.110865794
-0.0017046232 -1.3926142 0.114519656
0.017215496 -1.3786619 0.11425182
0.040698778 -1.3151673 0.11385833
-0.012092892 -1.3160127 0.1123023
-0.0025301608 -1.3991541 0.11562194
0.016366612 -1.3875287 0.11511311
0.03979096 -1.3257922 0.11457693
-0.012412363 -1.3192866 0.113922924
-0.0033622354 -1.4053904 0.116659135
0.015514158 -1.3962411 0.11593843
0.038869746 -1.3363119 0.11528133
-0.0130099375 -1.3224785 0.11605341
-0.004197843 -1.4113446 0.117600545
0.014660251 -1.4048134 0.11672544
0.03793679 -1.3467385 0.1159833
-0.009959463 -0.70257175 -0.002389725
-0.022939838 -0.698771 0.0013399553
-0.016917104 -0.69385445 0.0044839783
-0.010202364 -0.69153243 0.0073290127
-0.023579614 -0.68875706 0.008824197
-0.016901717 -0.6904626 0.011623677
-0.010629983 -0.69537544 0.014253191
-0.005158778 -0.70329845 0.016818736
-0.017144714 -0.7004714 0.018184178
-0.01121597 -0.71121967 0.020872168
-0.0059652464 -0.72353977 0.023544619
-0.017589934 -0.72295386 0.024721174
-0.012034347 -0.7381173 0.027470144
-0.0070144674 -0.7537629 0.030202385
-0.002507844 -0.76953036 0.032935902
-0.013272808 -0.77501386 0.03409786
-0.008471862 -0.7928369 0.036839057
-0.004071732 -0.81024444 0.039568733
-0.015094028 -0.8202232 0.040720582
-0.010465909 -0.83914214 0.04343239
-0.006163648 -0.85734475 0.046124745
-0.0021662998 -0.8748158 0.04880141
-0.013061345 -0.8906176 0.049939442
-0.00882316 -0.9088506 0.052569404
-0.004852168 -0.926318 0.055177525
-0.01626468 -0.9448996 0.056316517
-0.0120433625 -0.962499 0.05886408
-0.008065374 -0.97942215 0.061386142
-0.004323274 -0.99581766 0.0638836
-0.015776483 -1.0158178 0.06497197
-0.011746172 -1.0317432 0.067392364
-0.007944641 -1.0473955 0.06978707
-0.019940294 -1.0661576 0.07085958
-0.015803125 -1.080723 0.073163286
-0.011888473 -1.0953871 0.075442545
-0.008213692 -1.1104078 0.077702045
-0.020117758 -1.1236235 0.07866893
-0.016021188 -1.1371753 0.0808202
-0.012176582 -1.1516577 0.0829601
-0.024545942 -1.157489 0.083884455
-0.020181892 -1.1699528 0.08589562
-0.016080214 -1.1841253 0.08791111
-0.012315731 -1.2003268 0.08995744
-0.02417839 -1.1906824 0.09065825
-0.019701965 -1.205041 0.092553124
-0.015647994 -1.2225178 0.09452716
-0.027755512 -1.1961304 0.09513924
-0.022739798 -1.2115283 0.09694829
-0.018343382 -1.2314224 0.09891572
-0.014631911 -1.2556548 0.10112406
-0.0246395 -1.2011495 0.10139848
-0.019974593 -1.2247279 0.10355385
-0.01647642 -1.2536995 0.10598832
-0.024043385 -1.174866 0.10699568
-0.019208837 -1.202649 0.11008323
-0.016689429 -1.234732 0.11338383
0.09497752 -0.67153513 0.008091175
0.084124446 -0.6798104 0.008016399
0.08934603 -0.6618572 0.010551851
0.09458649 -0.6429118 0.013173142
0.08426794 -0.65053195 0.013467442
0.08927863 -0.6376046 0.016081795
0.0944324 -0.6230847 0.018886086
0.0997761 -0.6068506 0.021702355
0.08914507 -0.624842 0.022245612
0.09422262 -0.61361414 0.02504981
0.09946676 -0.60078937 0.027944366
0.088601395 -0.6229418 0.028627051
0.093698196 -0.61440295 0.0314099
0.09887675 -0.6044643 0.034290876
0.10432409 -0.59301144 0.03715919
0.09277525 -0.6245272 0.03782488
0.09789795 -0.61710143 0.04067563
0.10316425 -0.6082992 0.043545485
0.09143647 -0.64299506 0.04424659
0.09650274 -0.63779485 0.047062695
0.10163217 -0.6312666 0.04989973
0.10696969 -0.6234742 0.05268635
0.094695516 -0.66571194 0.053421773
0.09968911 -0.6611218 0.05622219
0.10478979 -0.6552846 0.058998365
0.09247953 -0.700139 0.059742156
0.0973417 -0.6971704 0.062499
0.10224693 -0.6929309 0.065236926
0.107309535 -0.68752927 0.06790873
0.09459821 -0.7388142 0.06871248
0.09932015 -0.73584765 0.07140802
0.104113355 -0.7316797 0.07405631
0.09146006 -0.7855279 0.07484071
0.09601929 -0.78354216 0.0774822
0.10058956 -0.7803007 0.080079496
0.10527846 -0.77590334 0.08260042
0.09235104 -0.835573 0.08343945
0.09672266 -0.8329987 0.08597788
0.10113116 -0.8292135 0.088446476
0.08831597 -0.89152145 0.08923286
0.092516765 -0.88941 0.0916887
0.09670517 -0.8860284 0.094066225
0.10097227 -0.8815245 0.096348196
0.08797354 -0.94916844 0.09718805
0.0919728 -0.94603765 0.099444
0.09601136 -0.94183123 0.1015872
0.08308483 -1.011883 0.10239761
0.086897604 -1.0088702 0.10447544
0.090787776 -1.0048908 0.106396675
0.09469623 -1.0004092 0.10821246
0.081475 -1.0740832 0.10916987
0.08525899 -1.0701982 0.11077039
0.08911528 -1.0664747 0.1122848
0.07564694 -1.141249 0.11341566
0.07935607 -1.1371036 0.11459893
0.08319868 -1.1342585 0.11589656
0.071303256 -0.7517412 0.0024922013
0.07957499 -0.7465421 0.0016518837
0.07153523 -0.79078066 -0.0012007263
0.06484655 -0.83838207 -0.004147213
0.07238515 -0.83956 -0.0046068756
0.06584149 -0.8933738 -0.007671167
0.060276207 -0.946426 -0.01069897
0.055225458 -0.99740416 -0.013704513
0.06195854 -1.0180811 -0.014258141
0.057444353 -1.0721557 -0.017213926
0.05334622 -1.1223828 -0.02010092
0.059938166 -1.1589983 -0.020785592
0.056336746 -1.2104309 -0.02360132
0.053030793 -1.2569401 -0.026331006
0.049926583 -1.2983814 -0.02897868
0.05687449 -1.3554927 -0.02975864
0.054192767 -1.3958575 -0.03230347
0.051640786 -1.430748 -0.034760322
0.05891486 -1.5014917 -0.035603937
0.05667818 -1.5337656 -0.03794099
0.05450071 -1.5604389 -0.04018739
0.052377358 -1.5817113 -0.04234178
0.06027958 -1.665375 -0.04317975
0.05830542 -1.6825038 -0.04519723
0.056328397 -1.6944052 -0.04712254
0.06474817 -1.7855685 -0.04796535
0.06280353 -1.7921168 -0.04973585
0.06080672 -1.7937797 -0.051415507
0.05877835 -1.7909231 -0.05300174
0.067703314 -1.8846059 -0.05375527
0.065524 -1.8754056 -0.055172194
0.0632667 -1.8622367 -0.056498922
0.07267819 -1.9554411 -0.05721139
0.07015931 -1.9349765 -0.05834738
0.06751108 -1.9112532 -0.059397426
0.064785235 -1.8847677 -0.06036299
0.07436687 -1.968272 -0.06089751
0.071173295 -1.9339819 -0.061651137
0.06783626 -1.8978797 -0.062330227
0.07777665 -1.9710821 -0.0627798
0.07390776 -1.9264512 -0.06321303
0.06978315 -1.8811946 -0.06358548
0.065551996 -1.8359365 -0.06392358
0.07536853 -1.8845938 -0.064035825
0.07030345 -1.8309888 -0.064077325
0.06495376 -1.7789593 -0.06413364
0.075181454 -1.8040918 -0.0640825
0.069098264 -1.743378 -0.06377249
0.062456165 -1.6862485 -0.06355737
0.055586174 -1.6329519 -0.06357928
0.06574043 -1.6143988 -0.06278072
0.057968263 -1.5542549 -0.062383663
0.049477693 -1.4998481 -0.062366363
0.058987558 -1.44219 -0.061901107
0.050624575 -1.3804915 -0.061924476
0.0421275 -1.324497 -0.06231294
-0.009491561 -0.7344527 -0.0062078284
0.0054538995 -0.7856832 -0.006487196
0.02116965 -0.8261709 -0.0033797626
0.038553562 -0.813825 0.00027236654
-0.009816184 -0.7418864 -0.00711649
0.0049419384 -0.7928936 -0.007559379
0.020632444 -0.8354474 -0.0046333293
0.03777942 -0.82641566 -0.0011148707
-0.01011126 -0.74928385 -0.008125935
0.004458835 -0.80048233 -0.008608925
0.020114718 -0.8450869 -0.0058754655
0.037033558 -0.8395253 -0.0024998044
-0.010399687 -0.75669163 -0.00917434
0.00400686 -0.8084383 -0.009644916
0.019619547 -0.85508597 -0.0071067708
0.036319315 -0.85314286 -0.003878584
-0.010683278 -0.7641453 -0.010235366
0.0035864771 -0.81674147 -0.010673591
0.019147499 -0.8654319 -0.008327493
0.035638113 -0.867247 -0.0052491273
-0.010959698 -0.77166444 -0.011300236
0.0031983624 -0.8253721 -0.011699381
0.018699655 -0.8761131 -0.009538803
0.034991767 -0.8818157 -0.0066105314
-0.011224964 -0.7792613 -0.012367173
0.0028429565 -0.8343088 -0.012724849
0.018276788 -0.8871163 -0.0107413
0.034381792 -0.8968241 -0.007961893
-0.01147586 -0.78694206 -0.0134356795
0.0025204872 -0.84352964 -0.013751687
0.017879622 -0.89842796 -0.011935648
0.033809427 -0.91224617 -0.009302617
-0.011709881 -0.7947092 -0.014505701
0.0022309236 -0.8530122 -0.014780893
0.01750879 -0.9100335 -0.013122313
0.03327559 -0.9280545 -0.010632204
-0.011925345 -0.80256224 -0.0155769475
0.001973963 -0.86273396 -0.01581302
0.017164886 -0.92191803 -0.0143016605
0.032780875 -0.9442212 -0.01195031
-0.012121176 -0.81049883 -0.016648963
0.0017490414 -0.87267274 -0.016848255
0.016848445 -0.934066 -0.0154739395
0.03232558 -0.96071815 -0.01325671
-0.012296773 -0.8185153 -0.017721124
0.00155538 -0.8828068 -0.017886503
0.016559957 -0.9464612 -0.0166393
0.031909764 -0.9775172 -0.014551288
-0.012451857 -0.826607 -0.018792722
0.001392049 -0.89311534 -0.018927438
0.016299866 -0.9590872 -0.017797813
0.031533316 -0.9945903 -0.015834013
-0.012586407 -0.83476853 -0.019863006
0.0012579884 -0.9035784 -0.019970555
0.016068527 -0.97192687 -0.018949477
0.031195946 -1.01191 -0.017104909
-0.012700564 -0.84299415 -0.020931212
0.0011520861 -0.914177 -0.021015216
0.015866231 -0.9849627 -0.020094236
0.03089728 -1.0294489 -0.018364027
-0.012794543 -0.85127777 -0.021996586
0.001073263 -0.9248934 -0.022060677
0.01569324 -0.998177 -0.02123198
0.03063695 -1.0471803 -0.019611426
-0.012868665 -0.85961306 -0.023058396
0.0010204251 -0.93571055 -0.023106141
0.015549696 -1.0115516 -0.022362554
0.03041448 -1.0650779 -0.020847153
-0.012923288 -0.8679937 -0.024115944
0.0009925409 -0.9466125 -0.024150778
0.015435672 -1.0250682 -0.023485776
0.030229405 -1.0831156 -0.02207123
-0.012958784 -0.8764132 -0.025168559
0.0009886541 -0.9575842 -0.02519374
0.015351176 -1.038708 -0.024601424
0.030081253 -1.1012678 -0.023283646
-0.0129755745 -0.8848651 -0.02621562
0.0010078344 -0.9686113 -0.026234206
0.01529608 -1.0524526 -0.02570926
0.029969476 -1.1195092 -0.024484359
-0.012974058 -0.89334285 -0.027256526
0.0010492608 -0.9796802 -0.02727135
0.015270226 -1.066283 -0.026809018
0.029893568 -1.1378148 -0.02567328
-0.012954634 -0.9018401 -0.028290706
0.0011121755 -0.99077773 -0.028304387
0.015273368 -1.0801806 -0.027900402
0.029853003 -1.1561596 -0.026850283
-0.012917735 -0.9103504 -0.029317642
0.001195835 -1.0018916 -0.029332565
0.015305133 -1.0941267 -0.02898312
0.029847153 -1.1745193 -0.028015219
-0.012863747 -0.9188674 -0.030336825
0.0012996009 -1.0130097 -0.030355157
0.01536514 -1.1081026 -0.03005685
0.02987545 -1.1928698 -0.029167892
-0.012793087 -0.92738485 -0.03134778
0.0014228347 -1.0241205 -0.031371478
0.015452883 -1.1220899 -0.03112126
0.029937213 -1.2111866 -0.030308085
-0.012706169 -0.9358966 -0.03235008
0.0015649283 -1.0352126 -0.032380886
0.015567791 -1.1360701 -0.032176014
0.030031718 -1.2294465 -0.03143556
-0.012603371 -0.9443964 -0.033343278
0.0017253426 -1.0462753 -0.033382747
0.015709283 -1.1500255 -0.033220757
0.030158263 -1.2476255 -0.032550044
-0.012485103 -0.9528782 -0.03432699
0.0019035132 -1.057298 -0.034376483
0.015876671 -1.1639382 -0.03425513
0.030316023 -1.2657006 -0.033651263
-0.012351761 -0.961336 -0.03530083
0.002098902 -1.0682701 -0.035361532
0.01606923 -1.1777905 -0.03527877
0.030504143 -1.2836486 -0.034738902
-0.012203742 -0.969764 -0.03626444
0.0023109769 -1.0791818 -0.036337372
0.016286192 -1.1915655 -0.036291312
0.030721715 -1.3014469 -0.035812665
-0.012041446 -0.9781562 -0.037217475
0.0025392093 -1.0900232 -0.0373035
0.016526746 -1.2052462 -0.037292387
0.030967774 -1.3190731 -0.036872227
-0.01186527 -0.9865069 -0.038159613
0.0027830678 -1.1007844 -0.03825943
0.01679004 -1.218816 -0.03828162
0.0312413 -1.3365048 -0.037917256
-0.0116756195 -0.99481046 -0.039090544
0.0030420164 -1.1114563 -0.03920472
0.017075196 -1.232259 -0.03925864
0.031541217 -1.3537207 -0.038947426
-0.011472897 -1.0030612 -0.04000996
0.0033155128 -1.1220295 -0.040138923
0.0173813 -1.2455592 -0.040223073
0.0318664 -1.3706988 -0.039962385
-0.011257524 -1.0112536 -0.04091759
0.0036029918 -1.132495 -0.041061636
0.017707393 -1.2587013 -0.04117456
0.032215647 -1.3874185 -0.04096181
-0.011029893 -1.0193824 -0.04181315
0.0039039187 -1.142844 -0.041972447
0.018052544 -1.2716703 -0.042112723
0.032587763 -1.4038589 -0.04194534
-0.010790433 -1.027442 -0.042696375
0.004217706 -1.1530677 -0.042870987
0.018415753 -1.2844515 -0.043037206
0.032981455 -1.4199997 -0.042912643
-0.01053957 -1.0354272 -0.04356702
0.0045437687 -1.1631578 -0.04375689
0.018796012 -1.2970307 -0.04394765
0.033395387 -1.4358212 -0.043863382
-0.010277732 -1.0433329 -0.044424843
0.0048815086 -1.1731061 -0.044629812
0.019192295 -1.309394 -0.044843707
0.03382819 -1.4513037 -0.04479722
-0.010005367 -1.0511541 -0.045269623
0.005230303 -1.1829044 -0.045489434
0.019603545 -1.321528 -0.045725048
0.034278434 -1.4664284 -0.045713827
-0.009722897 -1.0588858 -0.046101123
0.0055895527 -1.1925449 -0.046335418
0.02002874 -1.3334194 -0.04659131
0.034744695 -1.4811767 -0.046612866
-0.009430789 -1.066523 -0.046919145
0.0059585976 -1.2020198 -0.047167476
0.020466777 -1.3450558 -0.047442198
0.035225455 -1.4955306 -0.047494024
-0.009129492 -1.0740608 -0.047723472
0.006336801 -1.2113218 -0.04798531
0.02091659 -1.3564246 -0.048277367
0.035719197 -1.5094725 -0.04835698
-0.008819455 -1.0814947 -0.04851392
0.006723515 -1.2204436 -0.04878864
0.021377103 -1.3675141 -0.049096514
0.036224384 -1.5229853 -0.049201418
-0.008501168 -1.0888201 -0.049290303
0.007118045 -1.2293782 -0.049577214
0.021847183 -1.3783127 -0.04989935
0.0367394 -1.5360526 -0.05002705
-0.008175106 -1.0960325 -0.05005246
0.0075197085 -1.2381186 -0.050350778
0.022325723 -1.3888091 -0.050685592
0.03726263 -1.5486581 -0.05083359
-0.007841731 -1.1031275 -0.050800197
0.007927836 -1.2466582 -0.05110907
0.022811625 -1.3989927 -0.05145493
0.03779247 -1.5607865 -0.05162073
-0.007501542 -1.1101007 -0.05153337
0.008341715 -1.2549907 -0.05185188
0.023303758 -1.4088528 -0.052207127
0.03832725 -1.5724226 -0.052388214
-0.0071550407 -1.1169481 -0.052251842
0.008760624 -1.2631099 -0.052578986
0.023800978 -1.4183797 -0.052941922
0.038865276 -1.5835521 -0.05313579
-0.0068027205 -1.1236657 -0.05295546
0.009183858 -1.2710097 -0.053290173
0.024302162 -1.4275635 -0.053659067
0.039404877 -1.5941612 -0.053863194
-0.006445089 -1.1302494 -0.053644083
0.00961069 -1.2786844 -0.053985238
0.024806174 -1.4363949 -0.05435832
0.03994435 -1.6042362 -0.054570194
-0.0060826577 -1.1366953 -0.0543176
0.010040393 -1.2861285 -0.054663993
0.02531187 -1.4448651 -0.05503946
0.04048199 -1.6137646 -0.055256568
-0.0057159546 -1.143 -0.0549759
0.010472222 -1.2933366 -0.05532627
0.025818102 -1.4529654 -0.0557023
0.041016053 -1.6227341 -0.05592213
-0.0053454954 -1.1491597 -0.055618864
0.010905449 -1.3003038 -0.05597189
0.026323738 -1.4606875 -0.056346618
0.041544843 -1.631133 -0.056566663
-0.004971811 -1.1551708 -0.05624639
0.011339334 -1.3070252 -0.056600682
0.026827632 -1.4680237 -0.05697223
0.042066634 -1.63895 -0.05719
-0.0045954427 -1.1610304 -0.056858394
0.011773125 -1.3134961 -0.057212505
0.027328638 -1.4749664 -0.057578977
0.042579696 -1.6461748 -0.05779201
-0.004216924 -1.1667349 -0.057454776
0.0122060925 -1.319712 -0.0578072
0.027825626 -1.4815084 -0.058166683
0.043082323 -1.6527972 -0.058372535
-0.003836797 -1.1722816 -0.058035463
0.012637496 -1.3256692 -0.05838463
0.028317459 -1.4876429 -0.0587352
0.043572813 -1.658808 -0.058931474
-0.003455612 -1.1776673 -0.05860037
0.013066597 -1.3313634 -0.05894467
0.028803 -1.4933635 -0.059284393
0.04404947 -1.6641979 -0.05946873
-0.003073928 -1.1828893 -0.059149437
0.013492659 -1.336791 -0.059487186
0.029281117 -1.498664 -0.05981414
0.044510614 -1.668959 -0.059984248
-0.0026922973 -1.187945 -0.059682578
0.013914957 -1.3419486 -0.06001206
0.029750682 -1.5035387 -0.060324326
0.04495458 -1.6730832 -0.060477983
-0.0023112753 -1.1928319 -0.060199726
0.014332775 -1.346833 -0.06051917
0.030210583 -1.5079821 -0.060814846
0.04537973 -1.6765633 -0.060949918
-0.0019314258 -1.1975478 -0.06070082
0.0147454 -1.351441 -0.06100841
0.030659696 -1.5119891 -0.061285626
0.045784455 -1.6793925 -0.06140007
-0.0015533151 -1.2020903 -0.06118578
0.01515213 -1.35577 -0.06147966
0.031096911 -1.515555 -0.061736587
0.046167154 -1.6815647 -0.061828487
-0.0011775013 -1.2064575 -0.06165453
0.015552284 -1.3598174 -0.061932813
0.03152113 -1.5186756 -0.062167667
0.04652628 -1.6830739 -0.06223523
-0.0008045499 -1.2106476 -0.06210699
0.015945185 -1.3635806 -0.062367763
0.031931255 -1.5213464 -0.06257883
0.046860304 -1.683915 -0.06262041
-0.00043502578 -1.214659 -0.06254306
0.016330175 -1.3670577 -0.06278439
0.0323262 -1.5235641 -0.06297004
0.047167726 -1.6840832 -0.06298416
-6.9487796e-05 -1.2184901 -0.062962644
0.016706618 -1.3702465 -0.063182585
0.032704882 -1.5253254 -0.0633413
0.047447104 -1.6835742 -0.06332665
0.0002915055 -1.2221396 -0.06336562
0.01707389 -1.3731453 -0.06356222
0.033066243 -1.5266272 -0.06369261
0.047697008 -1.6823839 -0.06364808
0.0006473979 -1.2256064 -0.063751854
0.017431391 -1.3757524 -0.06392318
0.033409223 -1.5274669 -0.06402399
0.047916062 -1.6805089 -0.06394868
0.0009976492 -1.2288897 -0.06412117
0.017778553 -1.3780663 -0.0642653
0.033732787 -1.5278425 -0.064335495
0.048102926 -1.677946 -0.06422872
0.0013417143 -1.2319887 -0.06447339
0.01811482 -1.3800857 -0.06458844
0.034035917 -1.527752 -0.06462719
0.04825628 -1.6746924 -0.06448848
0.0016790665 -1.2349026 -0.06480829
0.018439673 -1.3818094 -0.06489242
0.034317616 -1.5271941 -0.06489917
0.048374858 -1.670746 -0.064728275
0.002009189 -1.2376313 -0.0651256
0.018752618 -1.383236 -0.06517705
0.03457691 -1.5261679 -0.065151535
0.0484574 -1.6661044 -0.06494845
0.0023315751 -1.2401744 -0.06542502
0.01905319 -1.3843647 -0.065442115
0.03481286 -1.5246726 -0.06538442
0.048502672 -1.6607664 -0.06514937
0.0026457373 -1.2425321 -0.06570621
0.019340958 -1.3851945 -0.06568736
0.035024557 -1.522708 -0.06559798
0.048509464 -1.6547303 -0.0653314
0.0029512036 -1.2447046 -0.06596875
0.01961553 -1.3857244 -0.065912515
0.035211135 -1.5202744 -0.06579238
0.048476547 -1.6479956 -0.065494925
0.0032475153 -1.246692 -0.066212185
0.019876534 -1.3859534 -0.06611726
0.03537177 -1.5173723 -0.06596782
0.04840269 -1.6405616 -0.06564034
0.003534236 -1.2484949 -0.066435985
0.02012364 -1.3858807 -0.06630124
0.035505693 -1.5140024 -0.06612448
0.048286647 -1.6324286 -0.06576803
0.0038109438 -1.250114 -0.06663956
0.020356541 -1.3855053 -0.066464074
0.03561218 -1.5101665 -0.066262536
0.048127107 -1.6235973 -0.06587837
0.0040772324 -1.2515501 -0.06682223
0.020574963 -1.3848261 -0.06660532
0.03569058 -1.5058659 -0.06638219
0.047922745 -1.6140691 -0.065971725
0.004332709 -1.2528042 -0.06698327
0.020778637 -1.3838419 -0.06672451
0.03574029 -1.5011028 -0.06648359
0.047672145 -1.6038463 -0.06604845
0.0045769857 -1.2538773 -0.06712184
0.020967318 -1.3825517 -0.06682113
0.03576079 -1.4958794 -0.06656683
0.04737387 -1.5929326 -0.066108875
0.0048096776 -1.2547706 -0.067237064
0.021140749 -1.380954 -0.06689463
0.035751615 -1.4901984 -0.066631965
0.047026414 -1.5813323 -0.06615331
0.0050303973 -1.2554858 -0.06732796
0.02129866 -1.3790478 -0.06694445
0.035712365 -1.4840627 -0.06667894
0.046628267 -1.5690517 -0.06618206
0.005238738 -1.2560242 -0.06739349
0.021440754 -1.3768314 -0.06697003
0.035642713 -1.4774753 -0.066707574
0.04617796 -1.5560987 -0.06619539
0.0054342775 -1.2563878 -0.06743251
0.021566682 -1.3743036 -0.06697082
0.03554236 -1.4704399 -0.066717505
0.04567412 -1.5424831 -0.066193506
0.005616574 -1.2565787 -0.06744383
0.02167606 -1.3714632 -0.06694633
0.03541108 -1.4629599 -0.06670821
0.045115605 -1.5282164 -0.06617651
0.0057851705 -1.2565993 -0.06742612
0.021768421 -1.3683091 -0.06689616
0.035248615 -1.4550394 -0.066678844
0.04450155 -1.5133125 -0.06614425
0.0059396573 -1.2564527 -0.067377806
0.021843271 -1.3648409 -0.06682019
0.035054732 -1.4466822 -0.06662837
0.043831576 -1.4977868 -0.06609613
0.0060797865 -1.2561426 -0.067297086
0.021900076 -1.361058 -0.066718586
0.034829114 -1.4378928 -0.066555366
0.043105796 -1.4816567 -0.06603064
0.006205848 -1.2556738 -0.06718066
0.021938276 -1.3569609 -0.06659229
0.034571312 -1.4286758 -0.06645821
0.042324908 -1.4649408 -0.06594483
0.0063192616 -1.2550528 -0.06702488
0.021957336 -1.3525505 -0.066443294
0.03428076 -1.4190359 -0.06633488
0.04149017 -1.4476588 -0.06583309
0.00642544 -1.2542897 -0.0668154
0.021956498 -1.3478278 -0.066275574
0.033956368 -1.4089785 -0.06618352
0.040602785 -1.4298311 -0.065685995
0.006534704 -1.2533975 -0.066541895
0.021934971 -1.3427948 -0.06609541
0.03359719 -1.3985076 -0.06600181
0.039664112 -1.4114785 -0.06548826
0.006694753 -1.2524226 -0.06609618
0.021890637 -1.3374528 -0.065911755
0.03320041 -1.3876266 -0.065788545
0.03867219 -1.3926134 -0.06521801
-0.026812444 -0.7193253 -0.007869464
-0.016100653 -0.73558944 -0.008292143
-0.02093969 -0.7418309 -0.010166223
-0.025048118 -0.74625915 -0.012020286
-0.015264477 -0.7693018 -0.012784791
-0.01960646 -0.7748769 -0.014908042
-0.023537347 -0.7786202 -0.01697718
-0.027124198 -0.7806171 -0.01905386
-0.018422563 -0.8134475 -0.020055672
-0.022030188 -0.8160898 -0.022172853
-0.025497507 -0.8169589 -0.024265975
-0.017117549 -0.856681 -0.02526871
-0.02036957 -0.8579185 -0.027356934
-0.023619924 -0.85741776 -0.029399915
-0.02689902 -0.85523564 -0.031406395
-0.018464334 -0.9030848 -0.032399967
-0.02146839 -0.9010103 -0.034357715
-0.024522604 -0.89732873 -0.036266055
-0.016273394 -0.9505364 -0.0372304
-0.019045942 -0.9467151 -0.039080806
-0.021888291 -0.941379 -0.04087292
-0.02481112 -0.9346222 -0.04261022
-0.016365465 -0.99353874 -0.04352871
-0.019015186 -0.9864254 -0.045190927
-0.021731334 -0.9780208 -0.046793435
-0.013451451 -1.0405116 -0.047670003
-0.015937537 -1.0315305 -0.049191467
-0.018483633 -1.0214107 -0.05064974
-0.021087555 -1.0102667 -0.052046295
-0.012696135 -1.075767 -0.05285119
-0.015101146 -1.0638944 -0.054158237
-0.01754213 -1.0511777 -0.055401634
-0.009342837 -1.118216 -0.05615109
-0.01163686 -1.1045812 -0.057302523
-0.013948105 -1.0902908 -0.05838942
-0.016263248 -1.0754584 -0.0594112
-0.008155603 -1.142605 -0.060069595
-0.010366116 -1.1267612 -0.060999326
-0.012550043 -1.110554 -0.061863
-0.004735007 -1.1771541 -0.06244735
-0.006876752 -1.1598079 -0.063220814
-0.008960016 -1.1422542 -0.06392744
-0.010956227 -1.1245756 -0.06456283
-0.0035691226 -1.188762 -0.06503587
-0.005593764 -1.1699303 -0.06558397
-0.0074902186 -1.1510811 -0.06605458
-0.0005292162 -1.213103 -0.06640528
-0.0025447696 -1.1931411 -0.06678118
-0.0044223624 -1.1732534 -0.06706272
-0.006085201 -1.1535882 -0.067232944
0.00014208582 -1.2115891 -0.06741093
-0.0018112918 -1.1909506 -0.0674191
-0.0036916565 -1.1710082 -0.06723447
0.00248633 -1.2249038 -0.06731462
0.00041244715 -1.2038269 -0.06682914
-0.0019247954 -1.1848102 -0.06603478
0.0031904073 -1.2219657 -0.06450196
0.0019325003 -1.1996608 -0.063596964
-0.00071128306 -1.1697766 -0.06264204
0.0023734458 -1.2129302 -0.064780205
0.0011068033 -1.1927834 -0.06302923
-0.0015373959 -1.1656635 -0.06311875
0.0017008245 -1.2063509 -0.06425126
0.00042839308 -1.188137 -0.06272435
0.0015895538 -1.2103493 -0.06454348
0.0011648594 -1.2019907 -0.06362221
-9.329625e-05 -1.1856722 -0.06279691
0.00090386823 -1.2057253 -0.06460754
0.00078988017 -1.1997677 -0.063088916
-0.00044592976 -1.1854303 -0.06330924
0.0005628978 -1.2038536 -0.06419451
0.00058076653 -1.1995465 -0.0628052
-7.772816e-05 -1.1993939 -0.06469926
0.00042878155 -1.2042146 -0.0636267
0.0005339788 -1.201192 -0.062898956
-0.00048488064 -1.198913 -0.06449644
0.00049010967 -1.2066064 -0.06311952
0.00064112287 -1.2046672 -0.063447006
-0.0005249945 -1.201456 -0.06414051
0.0007413952 -1.2107879 -0.0628472
-0.0017471493 -1.1886332 -0.06482047
-0.00028770036 -1.2064161 -0.06361896
0.001162653 -1.2164963 -0.06295083
-0.0018367779 -1.1923041 -0.064449765
0.00019531716 -1.2133934 -0.0631277
0.0017229574 -1.2235546 -0.06352478
-0.0015831192 -1.1991532 -0.06411044
0.00089755486 -1.2219734 -0.06285772
-0.0033537888 -1.1779143 -0.06488702
-0.0009955665 -1.2086471 -0.06361021
0.0017810165 -1.2317346 -0.06296021
-0.0031909198 -1.1857479 -0.064452164
-0.000120525365 -1.2201982 -0.063121915
0.0027800896 -1.2423049 -0.06354017
-0.021403497 -1.3621649 0.14621441
-0.016135965 -1.3050717 0.13173623
-0.013917846 -1.2684642 0.12259039
-0.019205885 -1.3331202 0.14144047
-0.014781086 -1.2811171 0.12847452
-0.023375377 -1.365295 0.15385243
-0.017255576 -1.3051909 0.13712382
-0.0138065135 -1.259765 0.12564138
-0.0209331 -1.3357695 0.14840312
-0.01559543 -1.2788199 0.13326389
-0.013568764 -1.2420053 0.1233939
-0.018691212 -1.3068124 0.14341885
-0.014289096 -1.2545246 0.12986541
-0.022917537 -1.3384039 0.15635867
-0.016696062 -1.2788132 0.13890117
-0.013455948 -1.2329675 0.12694687
-0.020439649 -1.3090843 0.15069011
-0.015006673 -1.2522252 0.134851
-0.013354811 -1.2153966 0.12450819
-0.018148182 -1.2802057 0.14549144
-0.013712188 -1.227621 0.13127582
-0.022437988 -1.311365 0.15895784
-0.016094806 -1.2521484 0.14076601
-0.012959857 -1.2058152 0.12819809
-0.019922964 -1.2822025 0.15307218
-0.014345553 -1.2253588 0.1365132
-0.012970878 -1.1881372 0.12561542
-0.017577732 -1.253376 0.14765838
-0.013000512 -1.200422 0.13273627
-0.013844995 -1.1763829 0.122931905
-0.015452487 -1.2252623 0.14272186
-0.012219744 -1.1782039 0.12945129
-0.019391466 -1.2551925 0.15554291
-0.013608515 -1.1982814 0.13826135
-0.012238106 -1.160076 0.12667781
-0.016983379 -1.2263784 0.14991836
-0.012136489 -1.1729883 0.13427615
-0.013257857 -1.1477798 0.12417373
-0.015902452 -1.3414047 0.12738879
-0.020864435 -1.3961473 0.14081521
-0.028116224 -1.4617492 0.15872091
-0.017411496 -1.3653125 0.13095394
-0.023099657 -1.4257532 0.14549659
-0.016544404 -1.3485273 0.12283173
-0.019036585 -1.3915766 0.13479681
-0.025562499 -1.4563237 0.15057093
-0.016880393 -1.3662626 0.12586427
-0.020946348 -1.4197847 0.13896659
-0.028232738 -1.4877356 0.15607436
-0.017780147 -1.3886124 0.1294025
-0.023135854 -1.4495392 0.1434828
-0.016252484 -1.371049 0.12298757
-0.019196853 -1.4141668 0.13318965
-0.025579548 -1.4805768 0.1483576
-0.017104084 -1.3888946 0.12503812
-0.02097326 -1.4421247 0.1372509
-0.028266767 -1.512716 0.15362425
-0.017949514 -1.4102331 0.12817508
-0.023076741 -1.4720112 0.14161596
-0.014739041 -1.3842465 0.12208844
-0.019182343 -1.4350917 0.13177808
-0.02548198 -1.5034926 0.14630638
-0.016266009 -1.4058121 0.124535605
-0.020830963 -1.4628055 0.13569404
-0.028172053 -1.5363641 0.15135415
-0.017471738 -1.4283497 0.12729868
-0.022851847 -1.4928128 0.139904
-0.031140951 -1.5704827 0.1568288
-0.018784245 -1.4534199 0.13061327
-0.025214722 -1.524742 0.14441809
-0.014557128 -1.4155593 0.12363904
-0.020404713 -1.4812249 0.13432352
-0.027900992 -1.5583372 0.14926107
-0.01621814 -1.4411403 0.12650052
-0.02238459 -1.5115047 0.13835682
-0.030901965 -1.5934333 0.15448384
-0.0178144 -1.4678354 0.12963064
-0.02472274 -1.5439403 0.1426935
-0.012273818 -1.4185836 0.122089356
-0.019562077 -1.4965398 0.13313235
-0.027410114 -1.5782901 0.14734189
-0.014292269 -1.4478878 0.12547974
-0.02158782 -1.5274935 0.13697492
-0.030441204 -1.6143693 0.15233506
-0.016223144 -1.477307 0.12865685
-0.0239458 -1.5606426 0.1411302
-0.033815 -1.6520437 0.15773922
-0.018207753 -1.5078425 0.13204499
-0.02665514 -1.5958389 0.14559089
-0.011845413 -1.448779 0.124102235
-0.020376481 -1.5401006 0.13572736
-0.029723642 -1.6329451 0.1503727
-0.014072142 -1.4814284 0.12753516
-0.022819316 -1.5743262 0.13971218
-0.03315716 -1.6718371 0.1555184
-0.01632404 -1.514506 0.13094775
-0.025588362 -1.6105726 0.14399555
-0.008981813 -1.444278 0.12237457
-0.018699395 -1.5486997 0.13454713
-0.028713029 -1.6487988 0.14858323
-0.011451049 -1.4802991 0.12618528
-0.021289038 -1.58447 0.13840117
-0.032212313 -1.6889447 0.1535007
-0.013952315 -1.5162857 0.12974533
-0.024163602 -1.622058 0.14253089
-0.03610149 -1.7309412 0.15881652
-0.016552858 -1.5528933 0.13335487
-0.027372755 -1.661573 0.14694595
-0.008437787 -1.4742248 0.12458949
-0.019327499 -1.5906411 0.13714074
-0.030951442 -1.7030425 0.15166295
-0.011153041 -1.5132532 0.12838283
-0.02234693 -1.6299069 0.14115773
-0.034926694 -1.7464641 0.156717
-0.013967903 -1.5525352 0.13208544
-0.02567108 -1.6709248 0.1454308
-0.0050991694 -1.4635862 0.12277053
-0.016938053 -1.5925852 0.13587171
-0.029347885 -1.7138357 0.14997762
-0.007986343 -1.5056316 0.12683924
-0.020124858 -1.6338226 0.1398283
-0.033416152 -1.758713 0.15482314
-0.010989605 -1.5476922 0.13069755
-0.023587966 -1.6765738 0.14399958
-0.0014786385 -1.4487439 0.12077191
-0.014146252 -1.5902233 0.13454549
-0.027381347 -1.7210667 0.14841129
-0.0045050476 -1.4937192 0.12511669
-0.017504895 -1.6336491 0.1384957
-0.031552408 -1.7674617 0.15308595
-0.0076658227 -1.5385437 0.12917054
-0.021118948 -1.6783257 0.14261065
-0.03614358 -1.8158613 0.15805444
-0.010988334 -1.5836277 0.13312875
-0.02504185 -1.7245461 0.1469267
-0.00075165404 -1.4778161 0.12323266
-0.014509716 -1.6293577 0.13712108
-0.029324595 -1.7725329 0.15146902
-0.0040402 -1.525336 0.12749867
-0.01827446 -1.6760968 0.14122479
-0.03401525 -1.8224564 0.15626244
-0.0075037563 -1.5729555 0.13160172
-0.02233134 -1.7241594 0.14548627
0.0032307184 -1.4582247 0.12121258
-0.011170168 -1.6210304 0.13567603
-0.026730528 -1.7738154 0.14993548
-0.00015206533 -1.5083262 0.125687
-0.015075729 -1.6698986 0.13980912
-0.03152204 -1.8252807 0.15459576
-0.003730021 -1.5584198 0.1299551
-0.019262604 -1.7198805 0.14405556
-0.036755253 -1.8787233 0.15949345
-0.0075200344 -1.6088145 0.13414165
-0.023777133 -1.7712615 0.14845017
0.0039625326 -1.4877795 0.123747975
-0.011550262 -1.6598252 0.13833845
-0.028668152 -1.8242924 0.15301692
0.00029742136 -1.5402483 0.1281875
-0.015856314 -1.7117541 0.14260553
-0.033985794 -1.8791769 0.15777509
-0.003592507 -1.5929024 0.13250677
-0.02047927 -1.7648916 0.14698167
0.0082767615 -1.4639411 0.121698186
-0.00772803 -1.6460205 0.1367946
-0.025464607 -1.8195003 0.15149216
0.004547092 -1.5186776 0.12630358
-0.01213788 -1.6998874 0.14111313
-0.030860992 -1.8758117 0.156154
0.0005805628 -1.5735009 0.13076615
-0.016857551 -1.7547795 0.14550345
-0.036718823 -1.9340072 0.16099462
-0.0036390524 -1.6286649 0.13516527
-0.021928122 -1.8109646 0.14999187
0.00899156 -1.4939318 0.12431259
-0.0081346985 -1.6844248 0.13956082
-0.027395274 -1.8686848 0.1545943
0.004970608 -1.5508261 0.12891944
-0.012936082 -1.7410444 0.14399391
-0.03330787 -1.928146 0.15931861
0.0006877282 -1.6079502 0.1334428
-0.018079473 -1.7987827 0.14849107
0.013603533 -1.4662296 0.12222695
-0.0038744241 -1.6655384 0.13793565
-0.023606915 -1.8578887 0.1530674
0.009551238 -1.5250849 0.12697025
-0.008740472 -1.7238324 0.14243609
-0.029564803 -1.9185802 0.1577282
0.0052257814 -1.5840768 0.13162328
-0.013941856 -1.7830838 0.14696926
0.018366314 -1.4357668 0.12006095
0.00061622896 -1.64341 0.13622837
-0.019516801 -1.8435396 0.15154923
0.014298907 -1.4964794 0.12492574
-0.0042965207 -1.7033098 0.14081675
-0.025509 -1.9054278 0.15617968
0.009950329 -1.5572383 0.12970601
-0.009539476 -1.764015 0.14540994
-0.031965043 -1.968934 0.16085349
0.005312284 -1.6182272 0.13443267
-0.015147292 -1.8257735 0.15001994
0.019195043 -1.465193 0.12279655
0.0003707509 -1.6796491 0.13912575
-0.021161187 -1.8888185 0.15464927
0.014839935 -1.5276235 0.12769312
-0.0048965667 -1.7417362 0.1437999
-0.027626019 -1.9533479 0.159289
0.010190508 -1.5901726 0.13254464
-0.010521213 -1.8047354 0.14846334
0.02421851 -1.4313977 0.12059737
0.0052376813 -1.6530273 0.13735533
-0.016542684 -1.8688905 0.15311714
0.019875797 -1.4954056 0.12558983
-3.6642366e-05 -1.71641 0.14212862
-0.023004722 -1.9344081 0.15775242
0.015230613 -1.559424 0.1305624
-0.0056611807 -1.7805768 0.14686629
-0.029950699 -2.0014386 0.1623469
0.010282265 -1.6236159 0.1354996
-0.011674725 -1.8457837 0.15156695
0.025041131 -1.4607445 0.12340537
0.0050178934 -1.6882013 0.14038765
-0.018121121 -1.9122514 0.15622285
0.020414378 -1.5261457 0.12848593
-0.00058905996 -1.7534486 0.14521813
-0.02504295 -1.9801359 0.16081144
0.015484857 -1.5915824 0.13355426
-0.0065780324 -1.819639 0.14998531
0.03032683 -1.4237751 0.12115585
0.010246172 -1.6572692 0.13857038
-0.0129946275 -1.8870101 0.15468292
0.025727322 -1.4904888 0.12631716
0.0046743816 -1.7235004 0.14351021
-0.019881729 -1.9557252 0.15929349
0.020827869 -1.557082 0.1315162
-0.0012724418 -1.7905934 0.1483611
-0.027275056 -2.0258727 0.16378354
0.01562926 -1.6237676 0.13667177
-0.007643908 -1.8588135 0.15311812
0.031159578 -1.4525802 0.12406113
0.01010994 -1.6908756 0.1417356
-0.014484554 -1.9283295 0.15777111
0.026297389 -1.5202574 0.12938309
0.004223424 -1.7587816 0.14668496
-0.021828288 -1.9992231 0.16228363
0.021150291 -1.5878379 0.13468844
-0.0020867097 -1.8277869 0.15151612
0.036703575 -1.4125205 0.12173032
0.015700419 -1.6557099 0.13988928
-0.008868131 -1.8980676 0.15622753
0.031882647 -1.4812276 0.12715232
0.00989271 -1.724331 0.14494884
-0.016153343 -1.9696925 0.16079544
0.02679544 -1.5496058 0.13261886
0.0036602905 -1.7940537 0.14986591
0.042367134 -1.3703605 0.11936168
0.021431364 -1.6181221 0.13796854
-0.0030485282 -1.8650559 0.15464853
0.037577808 -1.4400862 0.12481858
0.015721137 -1.6873622 0.14314605
-0.010264909 -1.9373895 0.15928668
0.032553017 -1.5091699 0.13046336
0.009581959 -1.7577356 0.14815702
-0.018005911 -2.0110455 0.16372469
0.027292076 -1.578208 0.13597392
0.0029585878 -1.8294147 0.15302114
0.0433881 -1.3968782 0.12236889
0.021698264 -1.6479783 0.14127152
-0.0041774246 -1.9024243 0.15774047
0.03841493 -1.4665947 0.12822351
0.015665568 -1.7189543 0.14637946
-0.011839784 -1.9767326 0.16228046
0.033275906 -1.5360204 0.13390993
0.009138242 -1.7912716 0.15133256
0.049330603 -1.3515779 0.11978206
0.027818918 -1.6062586 0.13932164
0.002094138 -1.864919 0.1561423
0.044375632 -1.4218847 0.12590005
0.02190212 -1.6778228 0.14452425
-0.00547685 -1.9398407 0.1607903
0.03938468 -1.4915527 0.13178556
0.01547733 -1.7507668 0.14957044
-0.01357912 -2.0159822 0.16520512
0.034082983 -1.5622435 0.13729255
0.00853448 -1.8250161 0.15447752
0.050428126 -1.3749495 0.12348379
0.028286386 -1.6344409 0.14258343
0.0010695922 -1.900496 0.15923806
0.045626104 -1.4446963 0.12961209
0.021967221 -1.708041 0.14772493
-0.006922292 -1.9771471 0.16381375
0.04050346 -1.515938 0.13517512
0.015130871 -1.7828888 0.15273286
0.0566378 -1.3254011 0.120892346
0.034817986 -1.5888877 0.14054802
0.0077839573 -1.8588692 0.15760723
0.052092895 -1.3951987 0.12738441
0.028600736 -1.6632273 0.14578916
-7.3494295e-05 -1.9359297 0.16233434
0.0046874075 -1.2118541 -0.06426711
0.00015456637 -1.160466 -0.062358927
0.007641026 -1.2478732 -0.064747855
0.0036408762 -1.1943122 -0.06343489
-0.0019115647 -1.1368611 -0.0621799
0.00711472 -1.2325472 -0.064884156
0.0021040998 -1.1728965 -0.06267403
-0.004471617 -1.1101812 -0.062387522
0.0060342867 -1.21367 -0.064153194
4.5336816e-05 -1.1478151 -0.062116463
0.009533486 -1.2583349 -0.064824626
0.0045067826 -1.1910138 -0.063269936
-0.0025400785 -1.1193465 -0.061870396
0.008752761 -1.2387445 -0.064685024
0.0024727425 -1.1645467 -0.06244596
-0.005642766 -1.0877755 -0.062027805
0.0072970507 -1.2148811 -0.063967176
-0.00010104816 -1.1344324 -0.061820183
0.011320869 -1.2676954 -0.064932205
0.005313962 -1.1871037 -0.06304819
-0.0032242232 -1.1009141 -0.06150897
0.01024959 -1.2439256 -0.0644947
0.0027870634 -1.1554854 -0.062165048
-0.006892828 -1.064248 -0.061619643
0.00845557 -1.2152994 -0.06373539
-0.00030955055 -1.1201874 -0.06147196
0.013048051 -1.276258 -0.065013446
0.00604245 -1.1824307 -0.06277653
-0.003986551 -1.0814364 -0.061097108
0.011654569 -1.2481687 -0.064333536
0.0030277632 -1.1455766 -0.061834477
-0.0082426425 -1.0394776 -0.06116268
0.009514178 -1.2148223 -0.06348224
-0.00059919397 -1.1049498 -0.06107425
0.014722577 -1.284138 -0.065064676
0.0066805915 -1.1768649 -0.062464938
-0.0048455996 -1.0607886 -0.06063635
0.012988081 -1.2515553 -0.064191625
0.0031797127 -1.134692 -0.06145888
-0.009709874 -1.0133445 -0.060656924
0.010481601 -1.21341 -0.063220546
-0.0009859722 -1.0885955 -0.060629945
0.016345754 -1.291389 -0.06509113
0.0072224513 -1.1703078 -0.062123362
-0.00581738 -1.0388503 -0.060128443
0.014256148 -1.2541333 -0.06405661
0.0032309105 -1.1227179 -0.06104391
-0.011310089 -0.9857315 -0.060102884
0.011363155 -1.2110473 -0.0629538
-0.0014838007 -1.0710084 -0.060142536
0.017916957 -1.298036 -0.06509743
0.007664832 -1.1626885 -0.061759055
-0.006916236 -1.0155067 -0.059575565
0.015459038 -1.2559229 -0.063919894
0.0031720109 -1.1095575 -0.060595244
-0.013057511 -0.9565253 -0.059501726
0.012160115 -1.207722 -0.062681146
-0.0021047643 -1.0520834 -0.059615932
0.019434392 -1.3040876 -0.06508662
0.008004923 -1.1539533 -0.061376177
-0.00815519 -0.99065083 -0.058980435
0.016594542 -1.2569258 -0.06377625
0.0029954263 -1.0951296 -0.060117677
-0.014965355 -0.9256183 -0.05885536
0.012870855 -1.2034167 -0.062400453
-0.002859392 -1.0317265 -0.059054147
0.02089539 -1.309541 -0.06506069
0.0082391985 -1.1440566 -0.060976654
-0.0095461 -0.9641839 -0.058346257
0.01765913 -1.2571316 -0.06362262
0.0026943837 -1.0793651 -0.059614826
-0.017045928 -0.8929108 -0.05816649
0.01349186 -1.1981083 -0.062109567
-0.0037570717 -1.0098549 -0.05846096
0.022296539 -1.3143849 -0.06502094
0.008363104 -1.1329559 -0.060561094
-0.011099803 -0.93601775 -0.057676606
0.018648382 -1.2565203 -0.06345722
0.0022622307 -1.0622032 -0.059089225
-0.019310627 -0.8583127 -0.057438582
0.014018325 -1.1917672 -0.061806686
-0.0048065106 -0.98639613 -0.05783978
0.023633793 -1.3186018 -0.06496822
0.00837108 -1.1206088 -0.06012944
-0.01282631 -0.90607435 -0.05697533
0.019557163 -1.2550658 -0.06327893
0.0016920171 -1.0435885 -0.058542587
-0.021769945 -0.82174605 -0.056675877
0.014444466 -1.1843585 -0.06149034
-0.006016138 -0.9612858 -0.057193648
0.024902495 -1.3221684 -0.06490308
0.008256627 -1.106971 -0.059681326
-0.014735013 -0.87428695 -0.056246463
0.020379689 -1.2527354 -0.063086994
0.0009762635 -1.0234684 -0.057976093
-0.024433477 -0.7831465 -0.05588332
0.014763656 -1.1758422 -0.061159283
-0.007394415 -0.934467 -0.056525286
0.026097437 -1.3250564 -0.06482589
0.008012359 -1.0919961 -0.059216198
-0.016834889 -0.84059983 -0.05549425
0.02110953 -1.2494917 -0.062880784
0.00010682133 -1.0017921 -0.057390567
-0.02730995 -0.74246526 -0.055066574
0.01496847 -1.1661733 -0.06081237
-0.00895006 -0.90588915 -0.055837262
0.027212853 -1.3272331 -0.06473685
0.0076300036 -1.0756345 -0.058733393
-0.01913466 -0.8049687 -0.054723166
0.021739623 -1.2452918 -0.062659726
-0.0009252318 -0.9785093 -0.056786623
-0.030407239 -0.69967085 -0.05423204
0.0150506655 -1.1553019 -0.06044844
-0.01069222 -0.8755073 -0.05513208
0.028242452 -1.3286616 -0.06463605
0.00710035 -1.0578331 -0.058232106
-0.02164292 -0.7673615 -0.053938024
0.022262221 -1.2400875 -0.06242312
-0.0021296947 -0.95357007 -0.05616473
-0.033732355 -0.654751 -0.053386852
0.015001135 -1.1431724 -0.060066223
-0.01263059 -0.84328216 -0.054412317
0.029179428 -1.3293 -0.0645235
0.0064131706 -1.0385346 -0.05771137
-0.024368204 -0.72775865 -0.053144053
0.022668885 -1.2338251 -0.062170174
-0.0035173546 -0.92692375 -0.055525307
-0.037291415 -0.6077141 -0.052538935
0.014809816 -1.1297232 -0.05966424
-0.014775513 -0.8091803 -0.053680748
0.030016478 -1.329103 -0.06439917
0.0055570914 -1.0176774 -0.057170037
-0.027319014 -0.6861545 -0.052347012
0.022950415 -1.2264442 -0.061899863
-0.0051001115 -0.89851934 -0.054868788
-0.041089576 -0.55859154 -0.051696993
0.0144655835 -1.1148854 -0.059240717
-0.017138043 -0.77317464 -0.052940503
0.030745823 -1.3280199 -0.06426296
0.004519442 -0.99519426 -0.05660677
-0.030503767 -0.6425585 -0.051553313
0.02309681 -1.217878 -0.061610915
-0.0068911104 -0.86830544 -0.054195743
-0.04513088 -0.5074386 -0.050870523
0.013956104 -1.0985824 -0.058793545
-0.019729959 -0.73524576 -0.05219525
0.03135925 -1.3259952 -0.06411477
0.0032860602 -0.9710119 -0.05602007
-0.033930667 -0.5969973 -0.05077014
0.023097193 -1.2080507 -0.061301727
-0.008904867 -0.8362309 -0.05350708
-0.049418107 -0.45433676 -0.05006973
0.013267651 -1.0807283 -0.058320172
-0.022563703 -0.69538385 -0.051449474
0.03184817 -1.3229686 -0.06395455
0.001841062 -0.94505095 -0.055408396
-0.03760747 -0.5495167 -0.05000557
0.022939738 -1.1968781 -0.06097029
-0.01115736 -0.8022463 -0.05280436
-0.05395252 -0.39939427 -0.049305394
0.012384867 -1.0612264 -0.057817593
-0.025652181 -0.65359133 -0.050708782
0.03220367 -1.318874 -0.06378224
0.0001665733 -0.91722614 -0.05477038
-0.041541085 -0.500184 -0.049268626
0.022611536 -1.1842643 -0.060614053
-0.013666044 -0.76630646 -0.052090287
-0.058733582 -0.34274668 -0.048588634
0.01129043 -1.0399681 -0.057282347
-0.029008362 -0.60988736 -0.04998031
0.032416616 -1.3136388 -0.06359787
-0.0017575704 -0.887447 -0.0541053
-0.04573703 -0.44909137 -0.048569236
0.022098422 -1.1701007 -0.060229782
-0.016449677 -0.7283753 -0.051369444
-0.06375868 -0.2845563 -0.047930535
0.009964591 -1.0168322 -0.056710664
-0.03264457 -0.56431264 -0.04927306
0.032477744 -1.3071834 -0.06340157
-0.0039541214 -0.8556212 -0.05341389
-0.05019871 -0.39635766 -0.047917973
0.021384643 -1.1542629 -0.059813336
-0.019527817 -0.6884326 -0.050649226
-0.069022834 -0.22501007 -0.047341656
0.008384474 -0.99168324 -0.056098882
-0.036571376 -0.516936 -0.048598114
0.032377712 -1.2994198 -0.06319352
-0.0064486135 -0.8216609 -0.052699775
-0.054926544 -0.34213004 -0.047325525
0.020452263 -1.1366078 -0.059359405
-0.022919701 -0.6464845 -0.049941007
-0.07451848 -0.16431588 -0.046831436
0.0065230126 -0.96437407 -0.055444483
-0.04079598 -0.46786118 -0.04796843
0.032107078 -1.2902491 -0.06297397
-0.009269213 -0.7854937 -0.051971752
-0.059917085 -0.28658321 -0.046801805
0.01927995 -1.1169684 -0.058861267
-0.026642175 -0.6025777 -0.049261127
-0.08023524 -0.10269706 -0.04640755
0.0043473146 -0.9347507 -0.0547484
-0.045320194 -0.4172313 -0.047397967
0.031655874 -1.2795587 -0.06274301
-0.012445671 -0.7470835 -0.05124715
-0.065162085 -0.22991562 -0.04635491
0.017840514 -1.0951496 -0.058310833
-0.030706318 -0.55681515 -0.048631098
-0.08615936 -0.040385094 -0.046075337
0.0018162787 -0.9026674 -0.054019876
-0.050138205 -0.3652295 -0.04690009
0.031012433 -1.267216 -0.06250023
-0.0160063 -0.706461 -0.050555713
-0.07064735 -0.17234182 -0.0459901
0.01609566 -1.070923 -0.05770007
-0.035112746 -0.5093696 -0.048076034
-0.09227209 0.022388803 -0.045837305
-0.0011222081 -0.86802095 -0.053285845
-0.055234335 -0.3120722 -0.04648554
0.030159928 -1.2530577 -0.062243734
-0.019971337 -0.66376644 -0.049942058
-0.076350614 -0.1140815 -0.045709383
0.013984716 -1.0440282 -0.0570273
-0.039846368 -0.4604858 -0.047620676
-0.09854571 0.08540283 -0.045692857
-0.0045320983 -0.83082104 -0.052606527
-0.060580347 -0.25799334 -0.046161205
0.02906721 -1.2368703 -0.061967842
-0.024341123 -0.619289 -0.049462087
-0.082236394 -0.055346116 -0.045511954
0.011400184 -1.0142009 -0.05631916
-0.04487132 -0.41046157 -0.0472845
-0.10493562 0.14845444 -0.04563802
-0.008479333 -0.79131734 -0.052092835
-0.06612892 -0.20322286 -0.045930862
0.027661694 -1.2183485 -0.061658263
-0.029079149 -0.5734707 -0.04916928
-0.088245034 0.0036755686 -0.045395106
0.008137462 -0.9812982 -0.05569768
-0.050120417 -0.35960543 -0.047080096
-0.11136824 0.21137105 -0.045664873
-0.012988302 -0.75015914 -0.05190173
-0.07179441 -0.14796285 -0.045797337
0.025733687 -1.1970038 -0.061286625
-0.034080252 -0.52682483 -0.049098223
-0.09427485 0.06283313 -0.045353413
0.0038226945 -0.9457486 -0.05554046
-0.055450015 -0.30818173 -0.047016032
-0.117733516 0.27402145 -0.045759294
-0.017896822 -0.7083872 -0.052174848
-0.0774129 -0.092365615 -0.045758694
0.022419076 -1.1717987 -0.060940698
-0.0390255 -0.4797657 -0.049261328
-0.10017575 0.12203123 -0.045371354
-0.001716765 -0.90969294 -0.056636628
-0.060530532 -0.25635737 -0.04707992
-0.12391262 0.33632666 -0.045894735
0.01654696 -1.069148 -0.06428658
0.018504526 -0.96041024 -0.063293636
0.010029879 -0.91426104 -0.061914288
0.0017145685 -0.87881213 -0.0600792
-0.0046623396 -0.8542729 -0.058126487
-0.008687943 -0.7132686 -0.05775327
-0.0143377045 -0.6902585 -0.056323055
-0.018745566 -0.6756394 -0.05491708
-0.028085347 -0.51542753 -0.05421693
-0.03157483 -0.50307345 -0.053160958
-0.034377392 -0.4971865 -0.05213036
-0.036168292 -0.49701613 -0.051153578
-0.049487434 -0.31802464 -0.05063327
-0.051001906 -0.31953827 -0.049867876
-0.05190671 -0.32567888 -0.049142927
-0.06771708 -0.13529506 -0.04867248
-0.06825107 -0.14297795 -0.048110496
-0.068396755 -0.15449227 -0.047586568
-0.06805485 -0.16953772 -0.047110073
-0.08594007 0.032590244 -0.04681126
-0.08547974 0.016512832 -0.046458185
-0.08467165 -0.0025951993 -0.046149015
-0.104009904 0.2074412 -0.045930028
-0.10307466 0.18746947 -0.045731094
-0.10187918 0.16486086 -0.0455751
-0.10039073 0.13976298 -0.04546513
-0.121153764 0.35856238 -0.04538776
-0.11964286 0.33293045 -0.04537912
-0.11790432 0.30510446 -0.04541537
-0.13971956 0.52995825 -0.045423083
-0.13794693 0.50171775 -0.045563854
-0.13600083 0.4715601 -0.045750104
-0.13386677 0.4395575 -0.045976244
-0.15678199 0.6712966 -0.046155274
-0.15466346 0.6392149 -0.046507567
-0.15241452 0.6055397 -0.046889815
-0.17613186 0.841682 -0.0472371
0.0065550213 -1.9092411 0.16224179
0.03567704 -1.6305892 0.14531821
0.06002041 -1.35289 0.12637903
0.016687943 -1.8242056 0.15751468
0.04454115 -1.5446298 0.14001536
0.067865185 -1.264279 0.12009527
0.026497185 -1.7387406 0.15262668
0.05310077 -1.457739 0.13450612
0.0058214194 -1.9344814 0.16433756
0.035996046 -1.6525661 0.14757003
0.06136451 -1.3698038 0.12876174
0.01624623 -1.8486888 0.15963495
0.04518572 -1.5654771 0.14232834
0.0692788 -1.280798 0.12268738
0.026350416 -1.7624433 0.1547868
0.054054342 -1.4773493 0.1368797
0.0049827844 -1.9599481 0.16642295
0.03615098 -1.6754192 0.14978257
0.06256952 -1.388171 0.13119362
0.015662964 -1.8736044 0.16172497
0.045649238 -1.5873783 0.14460528
0.07061568 -1.2982336 0.12525314
0.026038237 -1.7867708 0.15690842
0.0548277 -1.4981793 0.13923258
0.07766403 -1.2090303 0.11943147
0.036122013 -1.6990788 0.15195155
0.06363377 -1.4078252 0.13363898
0.014936961 -1.8988594 0.1637838
0.045915604 -1.6102583 0.14683674
0.07191942 -1.3166561 0.12782316
0.025553124 -1.8116457 0.15898985
0.055399973 -1.520142 0.14154376
0.07929459 -1.2259567 0.12200552
0.035889264 -1.7234788 0.15407395
0.06451816 -1.4287014 0.13605508
0.014068457 -1.9243742 0.16581464
0.04593774 -1.634055 0.14901763
0.07312258 -1.3361964 0.13038076
