0.13665557 -0.9773542 -0.25033587
0.11265854 -0.47585237 -0.22792952
0.117313966 -0.39629346 -0.21114238
0.123454 -0.47442523 -0.18500333
0.13587476 -0.977882 -0.24777125
0.112093896 -0.4766009 -0.2279328
0.116692856 -0.3955223 -0.21115491
0.12288505 -0.4735323 -0.18502419
0.13356122 -1.0172988 -0.24953508
0.085390314 -1.1387306 -0.2497772
0.042699747 -1.279076 -0.24901393
0.0022770222 -1.4139963 -0.24682459
-0.045280267 -1.4216903 -0.24839665
-0.10297426 -0.42035523 -0.2342491
-0.11749743 0.15341017 -0.21744171
-0.10478891 0.07782151 -0.18997239
-0.04576755 -1.4202162 -0.24831405
-0.103641205 -0.41847277 -0.23426054
-0.118235715 0.15682885 -0.21743913
-0.10550185 0.0810162 -0.1899398
-0.04615224 -1.418705 -0.24843109
-0.10429466 -0.4169618 -0.23424768
-0.11895838 0.15962026 -0.21739662
-0.10620026 0.083441876 -0.18984367
-0.046486203 -1.4173112 -0.24850199
-0.10495848 -0.4150072 -0.23437177
-0.11969212 0.1631469 -0.21759
-0.10690079 0.086777866 -0.1901392
-0.04690397 -1.4158208 -0.24860376
-0.10560563 -0.41353977 -0.23416181
-0.12040609 0.1658496 -0.21720575
-0.10758207 0.089064956 -0.18947062
-0.047475755 -1.4138821 -0.24892622
-0.106268555 -0.4115145 -0.23456098
-0.12113688 0.16948248 -0.21787928
-0.10826865 0.092537366 -0.19057189
-0.047647033 -1.4121448 -0.24874422
-0.10691451 -0.41005525 -0.23405176
-0.12184676 0.17215836 -0.21697262
-0.10893394 0.094791755 -0.18902503
-0.047917053 -1.4098853 -0.24914576
-0.10757803 -0.4080538 -0.2346284
-0.12257349 0.17573418 -0.21796109
-0.10960102 0.09812552 -0.19066176
-0.04831786 -1.4077091 -0.24869256
-0.10824763 -0.4064287 -0.23432787
-0.123299636 0.17868666 -0.21740969
-0.11025503 0.10085742 -0.18969604
-0.048908144 -1.4440002 -0.24698403
-0.10584475 -0.25947016 -0.16546617
-0.11851901 0.23336282 -0.20439011
-0.12187023 -0.017205413 -0.22576511
-0.087770954 -0.8304964 -0.24162559
-0.103884876 -0.8875792 -0.24440482
-0.14598879 0.025309067 -0.22838524
-0.14611427 0.40752852 -0.20835787
-0.11742495 -0.084923424 -0.17112534
-0.0045621516 -2.0025706 -0.26928025
0.090558454 -3.0683618 -0.3130617
0.2020541 -4.121432 -0.35890803
0.02630717 -2.3598907 -0.28372666
0.1261735 -3.4171052 -0.32807353
-0.11995913 -1.0796894 -0.0065509207
-0.11872678 -1.113545 -0.0067615113
-0.11886103 -1.2227647 -0.0046198503
-0.11755162 -1.1344743 -0.008211384
-0.11204262 -1.2204946 -0.007989951
-0.11785942 -1.133375 -0.010168073
-0.048713513 -1.4594808 -0.24689808
-0.06558538 -1.4445944 -0.24877831
-0.042370923 -1.5056553 -0.2455546
-0.062475488 -1.4921305 -0.24994846
-0.043675974 -1.5518812 -0.24739155
-0.038766343 -1.9830283 -0.26883724
0.0658556 -3.1675384 -0.31353143
0.18791598 -4.3052225 -0.35916424
-0.06463337 -1.5470263 -0.25231418
-0.052358486 -1.5489156 -0.25032544
-0.12668794 -1.4171443 0.05653235
-0.11874325 -1.3209532 0.019895429
-0.12029407 -1.070482 -0.00401412
-0.12374745 -1.1523305 0.023716973
-0.13535872 -1.263501 0.061386738
-0.1391761 -1.4355599 0.089870274
-0.12733966 -1.4291669 0.05994245
-0.11918649 -1.3320473 0.022715392
-0.12426525 -1.2512715 -0.004172052
-0.12712339 -1.4326006 0.05998128
-0.11907599 -1.3356446 0.022778535
-0.13609967 -1.2597989 -0.003991678
0.027001658 -2.3592377 -0.28365937
0.12658153 -3.4141686 -0.32805607
-0.031320345 -1.645402 -0.2511804
0.059047833 -2.7109041 -0.29817423
0.16393661 -3.760356 -0.34337232
-0.13053387 -1.4706159 0.07391556
-0.12103164 -1.3698786 0.03442073
-0.10906248 -1.2851467 0.0024404868
-0.13029921 -1.4740562 0.07395401
-0.12080666 -1.3734288 0.034478035
-0.10779186 -1.2880706 0.0025129728
-0.0027563246 -2.0044312 -0.26888347
0.09250053 -3.05922 -0.31293887
0.20315558 -4.1051006 -0.35888627
0.02901033 -2.3570905 -0.28343764
0.12779081 -3.4051988 -0.32800177
-0.13404554 -1.5126939 0.08870013
-0.12320201 -1.409467 0.046929523
-0.11471827 -1.3179513 0.012289752
-0.13379553 -1.5162024 0.08878181
-0.1229559 -1.4131591 0.046976544
-0.11463804 -1.3223983 0.012360607
-0.025486466 -1.6513808 -0.25021198
0.060702115 -2.7057805 -0.29802176
0.16493681 -3.7495291 -0.3433456
0.0004201722 -2.0046086 -0.26846945
0.09390501 -3.0518353 -0.31284082
0.20396322 -4.092615 -0.3588747
-0.12591387 -1.4502257 0.060172055
-0.11777914 -1.3544887 0.023101078
-0.12758139 -1.2829186 -0.0025070931
-0.12565365 -1.4537513 0.06020969
-0.117454074 -1.358237 0.023166195
-0.12043177 -1.2857566 -0.0023465368
0.03086208 -2.354236 -0.28319436
0.12897633 -3.3959775 -0.32794565
-0.024547433 -1.6540325 -0.2494422
0.06223977 -2.7006054 -0.29786178
0.16592003 -3.738658 -0.34331974
-0.12902607 -1.4915718 0.07414613
-0.11944166 -1.3919706 0.034763068
-0.1146146 -1.3105329 0.0030032976
0.040996667 -1.4779636 0.07828725
0.066112004 -1.2376055 0.04387141
0.08665615 -1.0138872 0.005922948
-0.116414525 -1.6781973 0.0930629
-0.08355552 -1.8170089 0.09201743
-0.04184629 -1.8138855 0.08976691
0.009078792 -1.6625571 0.087561585
0.045602743 -1.2034458 -0.011177897
-0.011226529 -1.3949374 -0.009000535
-0.060160935 -1.4483324 -0.00811002
-0.09991132 -1.3657029 -0.00628121
0.06484953 -1.108828 -0.013268974
0.0046325848 -1.3524249 -0.009879285
-0.04650623 -1.4440387 -0.008789384
-0.089489095 -1.4047542 -0.007829666
0.06519327 -1.1058391 -0.01364396
0.0048401076 -1.3498954 -0.010339114
-0.046363782 -1.4421837 -0.009260622
-0.08939701 -1.4035314 -0.008346105
0.065476306 -1.1028286 -0.013988005
0.005041367 -1.34737 -0.010798503
-0.04622609 -1.4403408 -0.009732796
-0.089311704 -1.4023311 -0.008867903
0.06590237 -1.099771 -0.01430273
0.0052891434 -1.3448216 -0.011257978
-0.04605317 -1.4384779 -0.010206308
-0.089183725 -1.4011039 -0.009395412
0.06605218 -1.0967252 -0.014591049
0.0054199365 -1.3422966 -0.011718508
-0.045970477 -1.4366428 -0.010681959
-0.089165494 -1.3999193 -0.009929401
0.066661984 -1.0936007 -0.014857709
0.005765182 -1.3397304 -0.01218175
-0.04572243 -1.4347731 -0.011161129
-0.088947825 -1.3986887 -0.010471217
0.066613585 -1.0904955 -0.015109205
0.005789996 -1.3371919 -0.012650238
-0.04572298 -1.4329355 -0.011645889
-0.08903142 -1.397508 -0.011022826
0.067334354 -1.0873682 -0.015352594
0.00619703 -1.3346423 -0.013126812
-0.04542607 -1.4310852 -0.012138177
-0.08875444 -1.396306 -0.01158512
-0.022026 -1.4868731 -0.24526142
0.018167986 -1.3786179 -0.24827099
0.05911974 -1.2372049 -0.2500094
0.10259081 -1.1003928 -0.25023767
0.116529316 -1.0763358 -0.2505914
0.07230235 -1.2071894 -0.25079602
0.03073951 -1.3503677 -0.24944334
-0.008824506 -1.4776359 -0.24674068
0.11749 -1.0878853 -0.251221
0.07309982 -1.2184963 -0.25134975
0.03153711 -1.3625507 -0.24995497
-0.0080570495 -1.4913467 -0.2471943
0.11807542 -1.0993692 -0.25184909
0.07385645 -1.2297769 -0.25190043
0.032460675 -1.3747307 -0.25046384
-0.00680344 -1.5051316 -0.24764645
0.118998066 -1.1109796 -0.25247782
0.07465471 -1.2411085 -0.25245005
0.033280533 -1.386916 -0.25097218
-0.0059653446 -1.5188017 -0.2481009
0.11969812 -1.1224983 -0.2531091
0.07543126 -1.2524152 -0.2529998
0.034178365 -1.3991117 -0.25148106
-0.0048343907 -1.5325803 -0.2485595
0.120532386 -1.1341305 -0.253744
0.07622575 -1.2637674 -0.25355035
0.03503757 -1.4113116 -0.251991
-0.0038639791 -1.546255 -0.24902321
0.16822788 -1.4511759 -0.271793
0.23902634 -2.2785027 -0.3211956
0.3254534 -3.0991066 -0.3742443
0.32731795 -3.482017 -0.39201018
0.29079995 -3.6917205 -0.38646638
0.2658314 -3.9820561 -0.37957028
0.2497173 -4.317016 -0.37482822
-0.00017805352 -1.5689603 -0.25012922
0.038447224 -1.4294536 -0.2531109
0.079591155 -1.2804897 -0.25469285
0.12409649 -1.1530701 -0.25502974
-0.001201844 -1.5553502 -0.24965274
0.03757132 -1.4172875 -0.25259718
0.07879577 -1.2691345 -0.25413784
0.12329117 -1.1413558 -0.25437528
0.15601727 -0.9921101 -0.250356
0.14802432 -1.0299566 -0.24599382
0.15884486 -1.0267451 -0.25143978
0.15078233 -1.0655966 -0.2480795
0.16172385 -1.0606395 -0.25220197
0.15369503 -1.1013103 -0.25255707
0.17360562 -1.1742404 -0.25859222
0.25163656 -2.0046022 -0.3085539
0.33414382 -2.8018124 -0.36062005
0.31906533 -2.980723 -0.36739793
0.23466007 -2.1638649 -0.31482494
0.1656642 -1.3368334 -0.2652555
0.29601985 -2.7782588 -0.35384232
0.21520156 -1.9600761 -0.30225456
0.35739875 -3.324666 -0.39043733
0.2668902 -2.5074694 -0.33621386
0.19099803 -1.6862954 -0.2856955
0.32502273 -3.0541542 -0.37196732
0.23935476 -2.236126 -0.3190507
0.1690884 -1.4100041 -0.26932287
0.29425016 -2.783244 -0.35384184
0.21344233 -1.9637144 -0.3022847
0.3557094 -3.3304126 -0.3904332
0.26509476 -2.512002 -0.33620024
0.18931665 -1.689666 -0.28566876
0.3232899 -3.0595493 -0.37196487
0.23755443 -2.240185 -0.31908032
0.16743317 -1.413094 -0.2696712
0.29247928 -2.7882326 -0.35382453
0.21167018 -1.9673593 -0.3022472
0.35401827 -3.3361692 -0.3904261
0.26329702 -2.5165405 -0.3362126
0.18759978 -1.6930149 -0.2857618
0.041845333 -1.4737881 0.07832532
0.06703779 -1.232414 0.04385818
0.0887209 -1.006515 0.005836687
0.042698618 -1.4695773 0.07836429
0.06796263 -1.2271596 0.043844193
0.09097837 -0.99894273 0.0057188063
0.043556377 -1.4653454 0.07840405
0.06888588 -1.2218577 0.043829784
0.09305736 -0.9909279 0.0055690245
0.04441855 -1.4611195 0.07844471
0.06980517 -1.2166088 0.043815266
0.09452095 -0.9831229 0.0053869365
0.04528558 -1.456912 0.07848629
0.07071921 -1.2114773 0.04380087
0.09559894 -0.9764306 0.0051750303
0.04615743 -1.452704 0.07852904
0.071628764 -1.206372 0.043787282
0.09601812 -0.96972215 0.004937871
0.047037724 -1.4484705 0.078572765
0.072542235 -1.2012115 0.043774135
0.09625557 -0.96264905 0.004677706
0.04792217 -1.4441915 0.07861852
0.07344696 -1.1959789 0.043763857
0.096634775 -0.9554165 0.0044029667
0.048897795 -1.4399076 0.07866417
0.07449846 -1.1907655 0.04375254
0.0972159 -0.9481981 0.004119369
0.13123411 -0.6385216 -0.010895361
0.11063052 -0.80934346 -0.013852817
0.13108979 -0.64790285 -0.011046466
0.10754967 -0.8180281 -0.014888095
0.13081786 -0.6575953 -0.011003467
0.10937058 -0.827462 -0.012376544
0.0926505 -1.2396668 0.07893471
0.12363296 -0.95179856 0.04373846
0.14622934 -0.6408882 0.0038820931
-0.09985511 -0.9584923 -0.13088709
-0.03224041 -0.7569607 -0.13446894
0.018305529 -0.6178571 -0.13750538
0.06810037 -0.51471126 -0.13914275
-0.101522826 -1.0055205 -0.12899141
-0.03276977 -0.78314257 -0.13215192
0.018043019 -0.63075775 -0.13541503
0.06794312 -0.51665825 -0.13700075
-0.102837145 -1.0493909 -0.12723383
-0.033360943 -0.80899006 -0.12987709
0.017764239 -0.6435532 -0.13332959
0.06781053 -0.51854783 -0.13487081
-0.10384428 -1.0906171 -0.12545928
-0.034012306 -0.83446044 -0.1276458
0.017468512 -0.65624255 -0.13125446
0.0677017 -0.5204131 -0.13276243
-0.104641445 -1.12958 -0.12365655
-0.034719903 -0.859502 -0.12545523
0.017157324 -0.6688165 -0.12919061
0.06761638 -0.5222815 -0.13067709
-0.10530805 -1.1665406 -0.121819384
-0.035480518 -0.88406646 -0.12330476
0.016831312 -0.68126786 -0.1271399
0.0675541 -0.5241824 -0.12861487
-0.105905116 -1.2016903 -0.119955614
-0.03629005 -0.9081063 -0.12119383
0.016491417 -0.6935888 -0.12510306
0.067513965 -0.5261443 -0.12657544
-0.10647381 -1.235168 -0.118073605
-0.037143923 -0.9315778 -0.11912264
0.016138412 -0.705772 -0.12308093
0.067494355 -0.5281952 -0.12455884
-0.10704099 -1.2670788 -0.11618235
-0.038036864 -0.9544413 -0.117091365
0.015773106 -0.71781045 -0.1210742
0.06749296 -0.53036076 -0.122565284
-0.10762289 -1.2975036 -0.11428965
-0.03896301 -0.97666234 -0.11510004
0.015396332 -0.7296979 -0.11908361
0.06750688 -0.5326639 -0.12059491
-0.10822879 -1.3265064 -0.11240227
-0.039916195 -0.99821216 -0.11314835
0.01500891 -0.7414283 -0.11711
0.06753284 -0.53512394 -0.11864771
-0.10886321 -1.3541385 -0.11052586
-0.040890157 -1.0190679 -0.11123561
0.01461167 -0.7529966 -0.115154296
0.06756741 -0.5377566 -0.116723426
-0.10952761 -1.3804424 -0.108665116
-0.041878775 -1.0392128 -0.10936082
0.014205445 -0.7643981 -0.113217495
0.06760724 -0.5405739 -0.114821605
-0.11022145 -1.4054539 -0.106823884
-0.042876244 -1.0586357 -0.10752273
0.013791071 -0.7756286 -0.11130063
0.06764919 -0.5435844 -0.11294169
-0.11094295 -1.4292036 -0.10500535
-0.043877263 -1.0773305 -0.10571996
0.013369377 -0.7866849 -0.10940476
0.06769047 -0.5467937 -0.11108304
-0.111689426 -1.4517188 -0.103212036
-0.044877023 -1.0952959 -0.10395104
0.012941225 -0.79756397 -0.10753088
0.067728646 -0.5502045 -0.109245025
-0.112457804 -1.4730238 -0.10144602
-0.045871392 -1.1125345 -0.10221458
0.0125074275 -0.80826366 -0.105679974
0.067761704 -0.55381775 -0.1074271
-0.113244645 -1.493141 -0.099708885
-0.046856776 -1.129052 -0.10050927
0.012068821 -0.8187824 -0.103852935
0.067788 -0.55763245 -0.10562878
-0.11404636 -1.5120918 -0.098001845
-0.047830153 -1.144857 -0.0988339
0.011626239 -0.8291192 -0.102050535
0.06780625 -0.5616464 -0.10384969
-0.11485937 -1.5298963 -0.09632585
-0.04878907 -1.1599603 -0.09718749
0.011180454 -0.83927363 -0.10027351
0.06781548 -0.56585634 -0.10208956
-0.11568006 -1.5465744 -0.0946815
-0.049731474 -1.1743742 -0.09556913
0.010732264 -0.849246 -0.09852241
0.06781495 -0.5702585 -0.10034822
-0.11650491 -1.5621457 -0.09306918
-0.050655734 -1.1881124 -0.093978085
0.010282427 -0.85903704 -0.0967977
0.067804165 -0.5748486 -0.09862556
-0.11733048 -1.5766299 -0.09148909
-0.051560543 -1.2011896 -0.09241379
0.009831676 -0.86864823 -0.09509973
0.067782775 -0.5796221 -0.09692155
-0.11815352 -1.5900466 -0.08994128
-0.05244489 -1.2136211 -0.09087579
0.009380701 -0.8780814 -0.09342875
0.06775058 -0.58457434 -0.09523621
-0.118970856 -1.6024159 -0.08842561
-0.05330794 -1.2254226 -0.08936368
0.008930195 -0.887339 -0.091784865
0.06770749 -0.58970076 -0.09356957
-0.119779564 -1.6137581 -0.08694186
-0.054149084 -1.2366104 -0.0878772
0.008480773 -0.8964241 -0.0901681
0.06765346 -0.59499675 -0.0919217
-0.120576866 -1.6240935 -0.08548979
-0.05496785 -1.2472006 -0.086416155
0.008033016 -0.9053402 -0.08857845
0.06758855 -0.60045797 -0.09029271
-0.12136014 -1.6334435 -0.08406896
-0.055763844 -1.2572099 -0.08498034
0.007587491 -0.91409117 -0.087015726
0.06751283 -0.6060801 -0.088682614
-0.12212696 -1.6418291 -0.082679
-0.0565368 -1.2666546 -0.08356963
0.00714469 -0.9226814 -0.08547976
0.06742642 -0.6118593 -0.08709151
-0.12287512 -1.6492721 -0.081319466
-0.05728651 -1.2755512 -0.08218394
0.0067050573 -0.93111575 -0.08397031
0.067329414 -0.61779183 -0.08551946
-0.123602495 -1.6557941 -0.07998984
-0.05801279 -1.2839162 -0.080823116
0.006269022 -0.9393994 -0.08248704
0.067221984 -0.62387407 -0.08396645
-0.124307215 -1.6614177 -0.07868967
-0.058715552 -1.291766 -0.07948709
0.005836923 -0.94753784 -0.081029646
0.067104235 -0.63010293 -0.08243252
-0.12498751 -1.6661652 -0.0774184
-0.05939468 -1.2991171 -0.078175716
0.005409093 -0.9555369 -0.07959773
0.06697632 -0.63647544 -0.08091763
-0.1256418 -1.6700593 -0.07617555
-0.06005015 -1.3059857 -0.07688889
0.004985773 -0.9634028 -0.0781909
0.06683837 -0.64298886 -0.07942173
-0.12626861 -1.673123 -0.07496056
-0.060681902 -1.312388 -0.075626425
0.004567198 -0.9711419 -0.07680873
0.06669049 -0.64964086 -0.077944726
-0.12686662 -1.675379 -0.07377294
-0.06128995 -1.3183403 -0.07438817
0.004153525 -0.9787608 -0.07545079
0.06653279 -0.65642923 -0.07648653
-0.12743467 -1.6768509 -0.07261215
-0.061874315 -1.323859 -0.07317394
0.003744862 -0.98626643 -0.074116655
0.066365354 -0.6633521 -0.075047016
-0.12797165 -1.6775618 -0.07147767
-0.062435016 -1.32896 -0.07198349
0.0033413023 -0.9936658 -0.07280582
0.06618827 -0.67040765 -0.073626
-0.1284766 -1.6775352 -0.07036897
-0.06297212 -1.3336594 -0.07081657
0.0029428627 -1.0009661 -0.07151786
0.06600158 -0.6775946 -0.0722233
-0.12894869 -1.6767944 -0.06928553
-0.06348573 -1.3379734 -0.0696729
0.0025495242 -1.0081747 -0.070252284
0.06580531 -0.6849116 -0.070838705
-0.12938714 -1.6753633 -0.06822683
-0.063975915 -1.341918 -0.06855217
0.002161225 -1.0152987 -0.06900862
0.06559948 -0.6923577 -0.069471985
-0.12979127 -1.6732653 -0.06719234
-0.064442836 -1.3455092 -0.067454055
0.0017778596 -1.0223459 -0.067786396
0.06538407 -0.6999319 -0.06812291
-0.13016054 -1.6705242 -0.06618152
-0.064886644 -1.348763 -0.06637816
0.0013992765 -1.0293238 -0.066585116
0.06515905 -0.70763373 -0.06679116
-0.13049443 -1.6671638 -0.06519383
-0.06530751 -1.3516954 -0.06532409
0.001025296 -1.0362397 -0.06540428
0.064924374 -0.7154624 -0.06547648
-0.13079251 -1.6632078 -0.06422874
-0.06570566 -1.3543223 -0.064291425
0.0006556642 -1.0431014 -0.06424341
0.06467994 -0.7234176 -0.06417856
-0.13105445 -1.6586801 -0.063285686
-0.06608132 -1.3566598 -0.063279696
0.00029012535 -1.0499164 -0.063102
0.06442566 -0.731499 -0.06289708
-0.13127996 -1.6536044 -0.0623641
-0.06643476 -1.3587234 -0.062288407
-7.164741e-05 -1.0566919 -0.061979536
0.064161405 -0.7397065 -0.06163171
-0.13146885 -1.6480048 -0.061463423
-0.06676629 -1.3605292 -0.061317053
-0.00043001006 -1.0634354 -0.060875516
0.06388702 -0.74803984 -0.060382128
-0.13162093 -1.6419053 -0.06058304
-0.06707623 -1.3620931 -0.06036506
-0.0007853626 -1.0701542 -0.059789404
0.06360233 -0.7564991 -0.059147976
-0.13173616 -1.6353298 -0.05972233
-0.06736494 -1.3634306 -0.059431825
-0.0011381351 -1.0768554 -0.05872066
0.06330714 -0.76508427 -0.05792889
-0.13181446 -1.6283026 -0.058880705
-0.0676328 -1.3645576 -0.058516763
-0.0014888241 -1.0835459 -0.057668783
0.06300122 -0.77379525 -0.056724563
-0.13185589 -1.6208478 -0.05805747
-0.06788025 -1.3654897 -0.057619177
-0.0018379329 -1.0902324 -0.056633174
0.062684365 -0.78263223 -0.055534597
-0.13186054 -1.6129898 -0.057251945
-0.06810774 -1.3662426 -0.05673836
-0.0021860213 -1.0969214 -0.055613276
0.062356297 -0.79159516 -0.05435864
-0.13182852 -1.6047529 -0.056463454
-0.06831575 -1.366832 -0.055873614
-0.002533706 -1.1036192 -0.054608546
0.06201672 -0.80068415 -0.05319637
-0.13176003 -1.5961617 -0.055691224
-0.0685048 -1.3672731 -0.055024114
-0.002881609 -1.1103318 -0.05361835
0.061665364 -0.80989915 -0.052047413
-0.13165532 -1.5872409 -0.054934498
-0.06867546 -1.3675815 -0.054189052
-0.0032304146 -1.1170645 -0.052642103
0.0613019 -0.81924015 -0.050911438
-0.13151465 -1.5780153 -0.054192465
-0.06882829 -1.3677726 -0.053367548
-0.003580837 -1.1238227 -0.05167918
0.060925987 -0.828707 -0.04978812
-0.13133842 -1.5685098 -0.05346426
-0.06896393 -1.3678617 -0.052558664
-0.003933618 -1.1306111 -0.050728917
0.060537286 -0.8382996 -0.048677117
-0.13112698 -1.5587498 -0.052748986
-0.06908302 -1.367864 -0.051761426
-0.004289548 -1.1374341 -0.04979066
0.060135417 -0.8480176 -0.047578137
-0.13088083 -1.5487607 -0.052045684
-0.06918626 -1.3677948 -0.05097478
-0.0046494333 -1.1442955 -0.04886371
0.05972 -0.85786074 -0.04649087
-0.13060047 -1.5385678 -0.05135335
-0.06927438 -1.3676689 -0.05019763
-0.005014126 -1.1511985 -0.047947362
0.05929061 -0.86782855 -0.04541506
-0.13028644 -1.5281974 -0.050670926
-0.06934814 -1.3675015 -0.04942881
-0.0053844936 -1.1581459 -0.047040876
0.058846816 -0.8779203 -0.04435046
-0.12993942 -1.5176754 -0.049997255
-0.069408335 -1.3673073 -0.048667062
-0.0057614157 -1.1651398 -0.046143465
0.05838818 -0.88813543 -0.043296818
-0.12956007 -1.5070283 -0.049331132
-0.069455825 -1.3671013 -0.047911074
-0.0061458037 -1.1721816 -0.04525433
0.05791421 -0.89847285 -0.04225396
-0.12914917 -1.4962829 -0.048671264
-0.0694915 -1.366898 -0.047159445
-0.0065385615 -1.179272 -0.04437263
0.057424407 -0.90893155 -0.041221704
-0.12870754 -1.4854662 -0.04801627
-0.069516286 -1.3667117 -0.046410684
-0.0069406126 -1.1864113 -0.043497495
0.056918215 -0.9195101 -0.040199947
-0.1282361 -1.4746057 -0.047364656
-0.06953118 -1.3665572 -0.04566321
-0.007352855 -1.1935985 -0.042627994
0.05639507 -0.93020695 -0.03918859
-0.12773584 -1.4637289 -0.046714842
-0.06953723 -1.3664484 -0.044915337
-0.007776194 -1.2008324 -0.04176317
0.05585432 -0.94102025 -0.03818761
-0.12720785 -1.4528643 -0.046065122
-0.06953554 -1.3663994 -0.04416528
-0.008211487 -1.2081108 -0.04090202
0.055295307 -0.9519476 -0.037197027
-0.12665327 -1.44204 -0.045413654
-0.06952729 -1.3664238 -0.043411136
-0.008659581 -1.2154306 -0.040043484
0.054717265 -0.9629865 -0.036216937
-0.12607339 -1.4312851 -0.044758458
-0.06951374 -1.3665353 -0.04265086
-0.009121254 -1.2227883 -0.039186455
0.05411939 -0.97413373 -0.035247475
-0.12546958 -1.4206288 -0.0440974
-0.069496214 -1.366747 -0.041882306
-0.009597247 -1.2301794 -0.038329776
0.05350076 -0.9853855 -0.034288883
-0.12484335 -1.4101008 -0.04342819
-0.069476165 -1.3670716 -0.041103166
-0.01008822 -1.237599 -0.037472244
0.05286038 -0.99673736 -0.03334148
-0.1241963 -1.3997312 -0.042748332
-0.06945512 -1.3675216 -0.040310998
-0.010594779 -1.2450413 -0.03661261
0.052197114 -1.0081841 -0.032405667
-0.12353018 -1.3895502 -0.042055164
-0.06943474 -1.3681087 -0.039503187
-0.01111742 -1.2525 -0.035749566
0.051509723 -1.0197194 -0.031481948
-0.12284689 -1.3795888 -0.04134579
-0.06941683 -1.368844 -0.03867697
-0.011656562 -1.2599685 -0.034881763
0.05079683 -1.0313357 -0.030570917
-0.12214843 -1.3698782 -0.040617093
-0.069403306 -1.369738 -0.037829403
-0.012212542 -1.2674398 -0.03400782
0.050056886 -1.0430244 -0.029673278
-0.12143701 -1.3604498 -0.03986573
-0.069396265 -1.3707999 -0.036957387
-0.012785575 -1.2749063 -0.033126324
0.049288243 -1.0547748 -0.028789813
-0.12071495 -1.3513354 -0.039088078
-0.06939794 -1.3720384 -0.03605764
-0.013375814 -1.2823607 -0.032235824
0.048489075 -1.0665747 -0.027921394
-0.1199847 -1.3425676 -0.03828027
-0.06941074 -1.3734602 -0.035126742
-0.013983314 -1.2897953 -0.031334877
0.047657456 -1.0784094 -0.027068967
-0.11924892 -1.3341786 -0.037438143
-0.06943722 -1.3750713 -0.034161124
-0.014608055 -1.2972027 -0.030422017
0.046791393 -1.0902622 -0.026233481
-0.118510336 -1.3262018 -0.036557246
-0.06948006 -1.3768754 -0.033157114
-0.015249966 -1.3045756 -0.029495789
0.045888864 -1.1021132 -0.025415892
-0.11777181 -1.3186706 -0.035632815
-0.069542065 -1.3788749 -0.032110997
-0.015908934 -1.311907 -0.028554762
0.04494793 -1.1139405 -0.024617095
-0.11703628 -1.3116192 -0.034659788
-0.06962607 -1.3810699 -0.031019045
-0.016584821 -1.3191906 -0.027597498
0.04396685 -1.1257182 -0.023837823
-0.11630669 -1.3050824 -0.033632785
-0.069734916 -1.3834585 -0.029877642
-0.017277498 -1.3264202 -0.02662261
0.04294419 -1.1374184 -0.023078639
-0.115585916 -1.2990962 -0.032546096
-0.06987134 -1.3860369 -0.02868336
-0.017986849 -1.3335904 -0.025628684
0.04187903 -1.1490102 -0.022339772
-0.114876665 -1.293698 -0.031393725
-0.070037924 -1.3887991 -0.027433138
-0.018712778 -1.3406966 -0.024614302
0.04077112 -1.1604605 -0.021621075
-0.114181235 -1.2889267 -0.030169295
-0.07023696 -1.3917376 -0.026124414
-0.019455241 -1.3477347 -0.023577949
0.039620943 -1.1717352 -0.020921879
-0.113501206 -1.2848243 -0.028866109
-0.07047042 -1.3948433 -0.024755424
-0.020214196 -1.3547016 -0.022517983
0.03842984 -1.1827998 -0.020240903
-0.11283707 -1.2814361 -0.027476883
-0.07073996 -1.3981067 -0.023325508
-0.020989599 -1.361595 -0.021432465
0.037199877 -1.1936208 -0.019575872
-0.112187415 -1.2788138 -0.025993401
-0.071046874 -1.4015177 -0.021835746
-0.021781268 -1.368413 -0.020319095
0.035933685 -1.2041672 -0.018922973
-0.11154861 -1.2770166 -0.024405418
-0.07139229 -1.4050671 -0.020289969
-0.02258888 -1.375155 -0.019175062
0.034633897 -1.214412 -0.018275445
-0.11091354 -1.2761201 -0.0226963
-0.07177709 -1.4087456 -0.018696025
-0.023411643 -1.3818206 -0.017996605
0.033302967 -1.2243317 -0.017620102
-0.1102754 -1.2762203 -0.02084047
-0.07220218 -1.4125477 -0.017070137
-0.024248488 -1.3884126 -0.016780708
0.031942364 -1.2339125 -0.016934458
-0.10963725 -1.2774779 -0.018756233
-0.072667986 -1.416461 -0.015433514
-0.025097985 -1.3949275 -0.015519519
0.030553257 -1.2431334 -0.016170735
-0.10905763 -1.280186 -0.016333314
-0.073173426 -1.4205065 -0.013826821
-0.025957787 -1.4013945 -0.014213405
0.029139856 -1.2520354 -0.01527173
-0.1113536 -0.99565315 -0.13623288
-0.10516076 -1.0980263 -0.13479389
-0.10844232 -1.1781868 -0.13133596
-0.11430341 -1.2374946 -0.12571403
-0.11621581 -1.3690547 -0.12400764
-0.1189165 -1.41606 -0.119470224
-0.12092869 -1.4423476 -0.11450395
-0.11940725 -1.4499484 -0.109586604
-0.1305889 -1.6189393 -0.10802681
-0.1299902 -1.6166965 -0.1040247
-0.12717018 -1.6017352 -0.100118585
-0.14307629 -1.7846147 -0.097988985
-0.1403868 -1.7585788 -0.094714195
-0.13626367 -1.724477 -0.09150133
-0.13037847 -1.6841395 -0.0884098
-0.15099876 -1.8660501 -0.086577296
-0.14572607 -1.8165619 -0.08384702
-0.13924731 -1.7637613 -0.08119169
-0.16102327 -1.9389327 -0.079447836
-0.15482096 -1.8776089 -0.07708176
-0.14772038 -1.8153147 -0.074768
-0.13969351 -1.7529114 -0.072522774
-0.163062 -1.9082854 -0.07109819
-0.15540597 -1.8392758 -0.06906919
-0.1470094 -1.7719146 -0.06708953
-0.17013007 -1.9098679 -0.06580132
-0.16201778 -1.836704 -0.06401863
-0.15328133 -1.7667466 -0.062271222
-0.14396554 -1.7005137 -0.060560163
-0.16734987 -1.8090401 -0.059541576
-0.15833329 -1.7387289 -0.057996016
-0.1488242 -1.6734711 -0.05647057
-0.1712449 -1.7580134 -0.055561483
-0.16203323 -1.6895103 -0.05418459
-0.15238817 -1.6273023 -0.05281048
-0.1423979 -1.5717105 -0.051427566
-0.1642903 -1.6210593 -0.050743517
-0.15457565 -1.5639629 -0.049476523
-0.14458919 -1.5146002 -0.048173755
-0.16504827 -1.5357035 -0.047553893
-0.15533842 -1.4858184 -0.04633323
-0.14542378 -1.4447426 -0.04503989
-0.13545747 -1.4125512 -0.043643452
-0.15466297 -1.3957689 -0.043187972
-0.1448622 -1.3651413 -0.041796137
-0.13520807 -1.3443208 -0.04023823
-0.1525583 -1.297562 -0.039740346
-0.14284489 -1.2797004 -0.038067427
-0.13363214 -1.2723852 -0.036139823
-0.12502348 -1.2751452 -0.033946432
-0.13920023 -1.1941044 -0.033158183
-0.13051316 -1.2022 -0.030473916
-0.123255834 -1.2203709 -0.027530732
-0.13350576 -1.1182436 -0.025725098
-0.12516356 -1.1431624 -0.021449897
-0.11927929 -1.1764706 -0.016833024
0.1446943 -0.26945037 -0.13704035
0.13210264 -0.3329546 -0.13667876
0.13742702 -0.2876717 -0.13284741
0.14325884 -0.23841369 -0.12897828
0.13125482 -0.30800638 -0.12792264
0.13646182 -0.2652746 -0.124122515
0.1422423 -0.21803486 -0.12013726
0.14867748 -0.16635312 -0.11611859
0.13533548 -0.25728467 -0.11480643
0.14124888 -0.21114364 -0.11099762
0.14755924 -0.16101384 -0.10706478
0.13354263 -0.26297548 -0.10561875
0.13983214 -0.21780898 -0.10199969
0.14622937 -0.16916661 -0.09826409
0.15310664 -0.11694714 -0.09452894
0.13793276 -0.2368932 -0.093355805
0.14447406 -0.18972625 -0.08983149
0.15119232 -0.1394858 -0.08627503
0.13553028 -0.26720545 -0.08509494
0.14223556 -0.22143947 -0.08177374
0.14892836 -0.17295285 -0.07842008
0.1558692 -0.12176862 -0.07512292
0.13950913 -0.263138 -0.074105576
0.146196 -0.21613087 -0.070933424
0.15293445 -0.16668126 -0.06778439
0.13627487 -0.31374913 -0.066814184
0.1429829 -0.26792446 -0.063802846
0.1496105 -0.2197454 -0.06080955
0.15636206 -0.16931742 -0.05790346
0.13927804 -0.32735515 -0.05700758
0.14582674 -0.28000826 -0.05412731
0.15235601 -0.23033883 -0.05131974
0.13506208 -0.3935426 -0.050560214
0.14158492 -0.34665972 -0.04777188
0.14798556 -0.29717046 -0.045062546
0.15447092 -0.24536256 -0.04247917
0.13687006 -0.41901743 -0.04169653
0.14319812 -0.36923626 -0.039035436
0.14951079 -0.31669807 -0.036523182
0.13164933 -0.49649802 -0.035969086
0.13796711 -0.4460917 -0.033365086
0.14424914 -0.3922725 -0.030952713
0.15066907 -0.33584562 -0.028727084
0.13224508 -0.5273656 -0.02795783
0.13857135 -0.47183305 -0.025654778
0.14512695 -0.41330653 -0.023643296
0.12592529 -0.61274755 -0.022958426
0.13227253 -0.55501854 -0.020873358
0.1391965 -0.49401268 -0.01926326
0.14636825 -0.43209442 -0.01784449
0.12526219 -0.64135426 -0.016306454
0.13271521 -0.57709104 -0.015404703
0.14079602 -0.5140322 -0.01467576
0.11714101 -0.73059165 -0.012221262
0.12536296 -0.66112727 -0.012429272
0.13452044 -0.5975608 -0.012022886
0.12993526 -0.42287824 -0.14404662
0.13642378 -0.3619843 -0.14586678
0.13296643 -0.4122801 -0.14894496
0.13188194 -0.4521918 -0.1532636
0.13823225 -0.4128786 -0.15453215
0.13606916 -0.44955897 -0.1585048
0.13389498 -0.47380027 -0.16275182
0.1303963 -0.48595214 -0.16703807
0.13959685 -0.481306 -0.16810316
0.13657193 -0.4912289 -0.17181219
0.13241518 -0.49228606 -0.17545365
0.14353377 -0.50498426 -0.17685656
0.13973269 -0.5028064 -0.18005611
0.1350271 -0.49462652 -0.18318444
0.12923686 -0.4815884 -0.18621612
0.14290863 -0.50676787 -0.18738446
0.13776249 -0.4917027 -0.19010805
0.13175973 -0.47388768 -0.19275513
0.14570083 -0.5025964 -0.19385397
0.14026059 -0.48312178 -0.19624586
0.1340958 -0.46270007 -0.1985735
0.12718266 -0.44197556 -0.20083308
0.1422929 -0.4693881 -0.20166847
0.13607165 -0.44854125 -0.20372605
0.129192 -0.4288328 -0.20572808
0.14373212 -0.4516983 -0.20645936
0.13758802 -0.4325539 -0.20829095
0.1308478 -0.4158155 -0.21007825
0.123536915 -0.40187123 -0.21182269
0.1386072 -0.41643262 -0.21235903
0.13213988 -0.40455204 -0.21397743
0.1251609 -0.39645684 -0.21556525
0.13913828 -0.40241328 -0.2160326
0.13310067 -0.39720237 -0.21753426
0.12660627 -0.39657018 -0.21901849
0.11969564 -0.40066168 -0.22048646
0.13380593 -0.39650893 -0.22087374
0.12796515 -0.4048389 -0.22231764
0.12177939 -0.41832215 -0.2237579
0.13437621 -0.40588886 -0.2241412
0.12936898 -0.4245466 -0.22562222
0.12410821 -0.44847554 -0.22711313
0.11860303 -0.47753394 -0.22859712
0.13099727 -0.45976534 -0.2291245
0.12685682 -0.49493873 -0.23076515
0.12262911 -0.53480005 -0.23239057
0.13311252 -0.51552606 -0.2330548
0.13024382 -0.56239617 -0.23496601
0.12750348 -0.61297905 -0.23683666
0.12480406 -0.66727096 -0.23854698
0.13467929 -0.6563564 -0.23991622
0.13335237 -0.7171998 -0.24210095
0.13249165 -0.78059995 -0.24404629
0.1413722 -0.78125155 -0.2452923
0.14104258 -0.8523621 -0.24744016
0.14076276 -0.9263305 -0.24940088
-0.096325345 -0.6863415 -0.14787468
-0.030673066 -0.62324154 -0.14639224
0.019314125 -0.5524218 -0.14789231
0.06922292 -0.503403 -0.1495399
-0.096761934 -0.6370407 -0.14995359
-0.030585695 -0.5963998 -0.1487383
0.019448312 -0.5392439 -0.14992462
0.06948756 -0.5006901 -0.15146679
-0.09700932 -0.5901252 -0.15192309
-0.030572679 -0.56965303 -0.15104732
0.019558843 -0.5260625 -0.15193518
0.069756515 -0.4977877 -0.15335174
-0.0971071 -0.5452123 -0.15384978
-0.030633632 -0.543053 -0.1533171
0.019644024 -0.512887 -0.15392193
0.07002662 -0.4946791 -0.15520118
-0.09710601 -0.5020502 -0.15578306
-0.030767389 -0.51666135 -0.15554641
0.01970373 -0.49973297 -0.1558849
0.07029565 -0.49135387 -0.15701966
-0.09705697 -0.4604588 -0.15772597
-0.030972438 -0.49054328 -0.15773392
0.019737506 -0.48661628 -0.15782359
0.07056102 -0.48780274 -0.15880887
-0.096997604 -0.4203174 -0.15967697
-0.03124662 -0.4647633 -0.15987845
0.019745102 -0.47355422 -0.15973802
0.07081988 -0.48402032 -0.16056971
-0.09695455 -0.38154206 -0.16163012
-0.03158686 -0.43938392 -0.16197874
0.019726321 -0.46056467 -0.16162807
0.07106906 -0.4800046 -0.16230267
-0.09694534 -0.34407586 -0.16357957
-0.031989258 -0.4144643 -0.16403383
0.019681042 -0.4476659 -0.16349362
0.07130529 -0.47575763 -0.16400823
-0.096981086 -0.30788016 -0.16551961
-0.032449193 -0.39005953 -0.1660431
0.0196092 -0.43487656 -0.16533439
0.07152529 -0.4712853 -0.16568702
-0.097068235 -0.27292967 -0.16744535
-0.032961488 -0.3662201 -0.16800638
0.0195108 -0.42221573 -0.16714998
0.07172599 -0.46659738 -0.16733982
-0.09721004 -0.23920873 -0.16935253
-0.03352066 -0.34299153 -0.16992395
0.019385919 -0.40970284 -0.16893987
0.07190464 -0.46170697 -0.16896746
-0.09740755 -0.20670857 -0.17123759
-0.03412116 -0.32041413 -0.17179647
0.019234695 -0.39735764 -0.17070352
0.072058946 -0.45663032 -0.1705708
-0.09766016 -0.17542556 -0.1730975
-0.03475746 -0.2985233 -0.17362495
0.019057393 -0.38520026 -0.17244023
0.072187096 -0.45138606 -0.17215072
-0.097966194 -0.14535983 -0.1749298
-0.03542431 -0.2773497 -0.17541058
0.018854367 -0.37325108 -0.1741494
0.07228778 -0.4459949 -0.17370787
-0.09832329 -0.11651404 -0.1767324
-0.036116872 -0.2569197 -0.17715468
0.018626027 -0.36153072 -0.17583036
0.07236014 -0.44047895 -0.17524284
-0.09872843 -0.08889275 -0.17850368
-0.03683065 -0.23725593 -0.17885861
0.018372934 -0.35005987 -0.17748255
0.07240379 -0.4348613 -0.17675607
-0.09917825 -0.06250167 -0.18024229
-0.0375616 -0.21837771 -0.1805237
0.01809575 -0.3388594 -0.1791054
0.07241868 -0.42916563 -0.1782478
-0.09966911 -0.03734711 -0.18194719
-0.03830613 -0.20030159 -0.18215123
0.017795222 -0.32795012 -0.18069848
0.072405115 -0.42341593 -0.17971817
-0.10019713 -0.013435647 -0.18361768
-0.039060973 -0.18304175 -0.1837424
0.017472258 -0.3173528 -0.18226142
0.07236365 -0.41763616 -0.1811672
-0.10075839 0.009226211 -0.1852532
-0.03982329 -0.16661052 -0.1852983
0.017127827 -0.307088 -0.18379393
0.07229504 -0.41185018 -0.18259476
-0.10134891 0.030632282 -0.18685347
-0.040590543 -0.15101865 -0.18681987
0.016763002 -0.2971761 -0.18529584
0.0722002 -0.40608144 -0.18400069
-0.10196459 0.05077694 -0.18841833
-0.041360393 -0.13627557 -0.18830802
0.016378993 -0.2876372 -0.18676704
0.072080195 -0.40035298 -0.18538477
-0.10260148 0.06965526 -0.18994783
-0.042130794 -0.122389674 -0.1897635
0.015977051 -0.278491 -0.18820755
0.071936145 -0.39468738 -0.18674669
-0.10325559 0.08726295 -0.19144212
-0.04289982 -0.10936864 -0.19118702
0.015558546 -0.2697568 -0.18961744
0.07176925 -0.3891067 -0.1880862
-0.10392298 0.10359666 -0.19290148
-0.043665666 -0.09721934 -0.19257922
0.01512492 -0.26145342 -0.19099689
0.07158077 -0.38363236 -0.18940298
-0.104599856 0.11865384 -0.19432627
-0.044426683 -0.08594816 -0.19394068
0.0146776475 -0.25359923 -0.19234608
0.07137194 -0.37828538 -0.19069678
-0.10528248 0.13243292 -0.19571692
-0.045181245 -0.075560965 -0.19527191
0.014218293 -0.2462119 -0.19366533
0.07114408 -0.37308604 -0.19196731
-0.105967194 0.1449331 -0.19707395
-0.045927785 -0.06606326 -0.19657342
0.013748461 -0.23930869 -0.19495495
0.07089848 -0.36805427 -0.19321439
-0.10665048 0.15615459 -0.19839795
-0.04666478 -0.05746014 -0.19784571
0.013269792 -0.23290612 -0.19621533
0.07063646 -0.3632094 -0.19443779
-0.107328914 0.16609842 -0.19968951
-0.047390703 -0.049756348 -0.19908921
0.01278396 -0.22702016 -0.1974469
0.07035931 -0.35857025 -0.19563739
-0.107999176 0.17476647 -0.20094925
-0.04810406 -0.042956337 -0.20030443
0.012292666 -0.22166614 -0.19865006
0.07006837 -0.3541552 -0.19681309
-0.10865805 0.18216144 -0.2021779
-0.048803333 -0.03706421 -0.2014918
0.011797628 -0.21685871 -0.19982533
0.06976494 -0.34998214 -0.19796486
-0.109302446 0.18828684 -0.20337611
-0.049487002 -0.032083787 -0.20265181
0.011300582 -0.21261193 -0.20097315
0.06945034 -0.34606853 -0.1990927
-0.109929346 0.19314694 -0.20454465
-0.050153546 -0.02801852 -0.20378494
0.010803276 -0.2089392 -0.20209406
0.06912591 -0.34243143 -0.20019667
-0.11053587 0.19674677 -0.20568419
-0.05080143 -0.02487155 -0.20489168
0.010307446 -0.20585325 -0.20318854
0.06879297 -0.33908743 -0.20127685
-0.11111921 0.19909205 -0.20679551
-0.051429104 -0.02264569 -0.20597252
0.00981485 -0.20336625 -0.20425712
0.06845284 -0.33605275 -0.20233345
-0.111676656 0.20018916 -0.20787938
-0.052034996 -0.021343386 -0.20702802
0.009327237 -0.20148969 -0.20530032
0.068106875 -0.33334324 -0.20336665
-0.112205595 0.20004518 -0.20893654
-0.052617542 -0.020966735 -0.20805867
0.008846353 -0.20023446 -0.20631869
0.06775642 -0.33097434 -0.20437671
-0.1127035 0.19866776 -0.2099678
-0.053175155 -0.021517465 -0.20906508
0.008373939 -0.19961087 -0.20731276
0.06740284 -0.3289611 -0.20536394
-0.113167934 0.1960652 -0.21097392
-0.05370624 -0.022996923 -0.21004778
0.0079117315 -0.1996286 -0.20828308
0.0670475 -0.32731822 -0.20632868
-0.11359653 0.19224636 -0.21195568
-0.054209206 -0.025406074 -0.21100737
0.0074614584 -0.20029679 -0.2092302
0.06669177 -0.32606003 -0.20727132
-0.113987 0.1872207 -0.2129139
-0.05468245 -0.028745474 -0.21194443
0.00702484 -0.20162395 -0.21015467
0.06633704 -0.32520044 -0.20819229
-0.11433713 0.18099809 -0.21384935
-0.055124365 -0.03301531 -0.21285959
0.0066035874 -0.20361808 -0.21105704
0.06598472 -0.32475308 -0.20909205
-0.114644825 0.17358908 -0.21476287
-0.055533357 -0.038215335 -0.21375345
0.0061993985 -0.20628658 -0.21193786
0.065636195 -0.32473117 -0.2099711
-0.11490801 0.1650046 -0.21565527
-0.05590784 -0.04434493 -0.21462667
0.005813962 -0.20963633 -0.21279772
0.0652929 -0.3251475 -0.21082997
-0.11512469 0.15525617 -0.21652733
-0.056246195 -0.051402982 -0.21547985
0.005448972 -0.21367362 -0.21363716
0.06495626 -0.32601464 -0.21166924
-0.11529295 0.14435562 -0.2173799
-0.056546852 -0.059388082 -0.21631368
0.0051060896 -0.21840428 -0.21445678
0.06462771 -0.32734463 -0.21248949
-0.11541096 0.13231538 -0.21821381
-0.05680825 -0.06829832 -0.2171288
0.0047869715 -0.22383352 -0.21525714
0.064308666 -0.32914928 -0.21329133
-0.115476936 0.11914824 -0.21902989
-0.0570288 -0.07813136 -0.21792586
0.0044932733 -0.22996604 -0.21603885
0.0640006 -0.33143994 -0.21407543
-0.115489155 0.1048675 -0.21982896
-0.05720696 -0.08888444 -0.2187055
0.0042266366 -0.23680604 -0.21680248
0.06370496 -0.33422762 -0.21484245
-0.11544598 0.08948672 -0.22061189
-0.057341184 -0.10055444 -0.21946843
0.003988685 -0.24435714 -0.21754862
0.06342319 -0.337523 -0.21559308
-0.11534585 0.073019885 -0.2213795
-0.057429966 -0.113137774 -0.22021529
0.003781025 -0.25262251 -0.21827793
0.06315674 -0.34133637 -0.21632805
-0.11518723 0.055481486 -0.22213264
-0.057471782 -0.12663037 -0.22094673
0.0036052724 -0.26160467 -0.21899097
0.06290706 -0.3456776 -0.2170481
-0.114968665 0.036886275 -0.22287217
-0.057465136 -0.14102773 -0.2216634
0.003463019 -0.27130568 -0.2196884
0.06267562 -0.35055634 -0.21775395
-0.11468881 0.01724922 -0.22359894
-0.05740857 -0.15632507 -0.22236596
0.003355827 -0.28172708 -0.22037084
0.062463835 -0.35598177 -0.2184464
-0.11434632 -0.003414053 -0.2243138
-0.05730061 -0.1725169 -0.22305505
0.0032852802 -0.29286975 -0.22103895
0.06227316 -0.36196277 -0.21912622
-0.11393994 -0.025088033 -0.2250176
-0.057139806 -0.18959755 -0.2237313
0.0032529237 -0.3047342 -0.2216934
0.06210501 -0.36850792 -0.21979426
-0.11346848 -0.047756616 -0.22571123
-0.05692474 -0.2075607 -0.22439532
0.0032602963 -0.31732023 -0.22233485
0.0619608 -0.37562543 -0.2204513
-0.11293085 -0.07140352 -0.22639549
-0.056654032 -0.22639966 -0.22504771
0.0033089002 -0.33062717 -0.222964
0.061841927 -0.38332325 -0.2210982
-0.112325974 -0.09601209 -0.22707127
-0.05632627 -0.2461071 -0.22568907
0.0034002475 -0.3446536 -0.22358157
0.06174977 -0.39160898 -0.22173578
-0.111652836 -0.12156568 -0.22773938
-0.055940073 -0.26667544 -0.22631995
0.003535827 -0.3593978 -0.22418827
0.0616857 -0.40049 -0.22236493
-0.11091052 -0.1480473 -0.22840068
-0.055494092 -0.28809646 -0.2269409
0.0037170902 -0.37485725 -0.22478487
0.061651044 -0.40997344 -0.22298652
-0.11009817 -0.17543967 -0.22905599
-0.054987002 -0.3103613 -0.22755244
0.0039454666 -0.39102885 -0.22537214
0.061647125 -0.42006615 -0.22360143
-0.10921494 -0.20372538 -0.22970611
-0.054417435 -0.33346066 -0.22815506
0.004222389 -0.40790895 -0.22595088
0.061675243 -0.4307748 -0.22421056
-0.10826008 -0.23288713 -0.23035184
-0.053784095 -0.35738483 -0.22874922
0.0045492253 -0.42549336 -0.22652194
0.061736654 -0.442106 -0.22481485
-0.1072329 -0.26290694 -0.23099393
-0.05308566 -0.382123 -0.22933532
0.0049273316 -0.443777 -0.22708616
0.061832614 -0.45406595 -0.22541521
-0.10613274 -0.29376736 -0.23163314
-0.05232083 -0.4076643 -0.22991379
0.005358017 -0.46275455 -0.22764444
0.061964326 -0.46666107 -0.22601262
-0.104958996 -0.3254504 -0.2322702
-0.051488306 -0.43399677 -0.23048495
0.0058425562 -0.48241982 -0.22819774
0.062132988 -0.4798975 -0.22660801
-0.10371113 -0.3579379 -0.23290576
-0.050586794 -0.46110767 -0.23104912
0.006382166 -0.5027659 -0.22874703
0.062339757 -0.49378127 -0.22720242
-0.10238858 -0.39121222 -0.23354046
-0.049614966 -0.48898393 -0.23160656
0.0069780448 -0.52378577 -0.22929333
0.06258579 -0.50831866 -0.22779684
-0.10099091 -0.4252549 -0.23417486
-0.04857153 -0.51761097 -0.23215751
0.0076312926 -0.54547113 -0.22983772
0.06287222 -0.52351576 -0.22839235
-0.09951762 -0.46004787 -0.2348095
-0.047455154 -0.5469736 -0.23270212
0.008342981 -0.5678135 -0.23038131
0.06320017 -0.53937876 -0.22899006
-0.09796828 -0.49557307 -0.23544483
-0.04626449 -0.57705575 -0.23324056
0.009114105 -0.59080404 -0.23092529
0.06357075 -0.555914 -0.22959115
-0.09634248 -0.531812 -0.23608121
-0.044998195 -0.6078399 -0.23377293
0.009945571 -0.61443293 -0.2314709
0.0639851 -0.5731278 -0.2301968
-0.094639786 -0.56874645 -0.23671895
-0.04365487 -0.6393074 -0.2342993
0.010838242 -0.6386901 -0.23201947
0.06444436 -0.5910267 -0.23080839
-0.09285977 -0.6063581 -0.23735821
-0.04223311 -0.6714385 -0.23481975
0.011792883 -0.6635653 -0.23257238
0.06494974 -0.60961735 -0.2314273
-0.091002025 -0.64462805 -0.23799911
-0.040731505 -0.7042115 -0.23533435
0.012810171 -0.6890472 -0.2331311
0.06550246 -0.62890625 -0.23205505
-0.08906615 -0.683538 -0.2386416
-0.039148636 -0.7376036 -0.23584324
0.0138907 -0.715125 -0.23369725
0.066103816 -0.64890033 -0.23269336
-0.08705166 -0.7230689 -0.23928553
-0.037483055 -0.7715897 -0.23634659
0.015035015 -0.74178684 -0.23427254
0.06675524 -0.6696059 -0.23334405
-0.084958166 -0.7632018 -0.23993063
-0.035733406 -0.8061432 -0.23684472
0.016243538 -0.7690213 -0.23485884
0.06745824 -0.69102967 -0.23400916
-0.082785204 -0.80391765 -0.24057645
-0.03389835 -0.84123564 -0.23733816
0.017516652 -0.79681635 -0.23545827
0.06821446 -0.71317774 -0.23469096
-0.0805324 -0.84519684 -0.24122241
-0.031976737 -0.8768361 -0.23782767
0.018854639 -0.82516 -0.23607314
0.069025695 -0.7360557 -0.235392
-0.07819942 -0.8870201 -0.24186774
-0.029967573 -0.9129121 -0.23831442
0.02025773 -0.85404044 -0.2367061
0.069893874 -0.7596684 -0.23611508
-0.07578595 -0.9293682 -0.2425115
-0.027870117 -0.94942945 -0.23880003
0.021726122 -0.88344586 -0.23736022
0.07082108 -0.7840202 -0.23686332
-0.07329193 -0.97222126 -0.24315247
-0.025684034 -0.98635167 -0.23928672
0.023259912 -0.9133641 -0.2380391
0.07180946 -0.80911326 -0.23764017
-0.07071736 -1.0155602 -0.24378914
-0.023409309 -1.0236413 -0.23977743
0.024859231 -0.94378346 -0.23874699
0.07286129 -0.8349489 -0.23844948
-0.06806263 -1.0593675 -0.24441957
-0.021046473 -1.0612613 -0.24027604
0.026524091 -0.97469306 -0.2394889
0.0739787 -0.8615269 -0.23929556
-0.06532833 -1.1036249 -0.24504098
-0.018596392 -1.0991726 -0.24078749
0.028254563 -1.0060805 -0.24027091
0.07516379 -0.88884383 -0.24018314
-0.062515505 -1.1483186 -0.24564943
-0.016060399 -1.1373385 -0.24131818
0.030050576 -1.0379355 -0.24110024
0.076418296 -0.9168954 -0.24111769
-0.059624992 -1.1934373 -0.24623765
-0.013439936 -1.1757232 -0.24187654
0.03191208 -1.0702466 -0.24198543
0.07774363 -0.9456744 -0.24210551
-0.056657165 -1.2389771 -0.24679425
-0.010736552 -1.2142932 -0.24247412
0.03383886 -1.1030035 -0.24293636
0.07914068 -0.9751722 -0.24315418
-0.053607397 -1.2849437 -0.24728979
-0.007951652 -1.253018 -0.2431278
0.035830546 -1.1361958 -0.2439644
0.0806098 -1.0053779 -0.24427345
-0.05046171 -1.3313661 -0.24768324
-0.0050866064 -1.2918687 -0.24386163
0.037886776 -1.1698128 -0.24508098
0.08215128 -1.0362782 -0.24547563
-0.047163483 -1.3783144 -0.24778882
-0.0021444447 -1.3308265 -0.24471337
0.040006205 -1.2038485 -0.24629967
0.08376495 -1.067861 -0.2467785
-0.04356194 -1.4259763 -0.24744672
0.0008714702 -1.3698606 -0.24572545
0.04218947 -1.2382865 -0.24762769
0.08545353 -1.1001128 -0.24820122
-0.10267179 -0.7684286 -0.14213504
-0.10188087 -0.66349477 -0.14276198
-0.101473324 -0.5739913 -0.14729895
-0.10398473 -0.4777966 -0.15226127
-0.106414475 -0.41583636 -0.15555492
-0.1065254 -0.32797217 -0.15946622
-0.109262 -0.2338085 -0.16410671
-0.11438739 -0.13250698 -0.16896568
-0.10949406 -0.13708447 -0.17100035
-0.11397069 -0.046779018 -0.17500477
-0.11981217 0.047255665 -0.17915179
-0.11062858 0.0050465497 -0.18092827
-0.11708532 0.088319354 -0.1843838
-0.12395365 0.1725616 -0.18793179
-0.13137415 0.25692013 -0.19141172
-0.11884385 0.17750828 -0.19244337
-0.12664077 0.2501686 -0.19550905
-0.13443562 0.32099482 -0.19851829
-0.119494624 0.225717 -0.19943075
-0.12796818 0.28559867 -0.20208585
-0.13609807 0.3421989 -0.20471248
-0.14387424 0.39490718 -0.20725662
-0.1279805 0.2834351 -0.20782803
-0.13628688 0.32541838 -0.21013126
-0.14404972 0.36255607 -0.21237089
-0.12665543 0.24768686 -0.21287723
-0.13495421 0.27493134 -0.21489723
-0.14257438 0.29665732 -0.2168851
-0.14944503 0.31254408 -0.21880825
-0.13204575 0.19461381 -0.21912825
-0.13938078 0.20130703 -0.2209088
-0.14590052 0.20186785 -0.22264348
-0.12750626 0.08802074 -0.22294189
-0.13442434 0.08027497 -0.22455394
-0.14046195 0.066365406 -0.22615065
-0.14551502 0.0462633 -0.22770521
-0.12768112 -0.06300149 -0.22793543
-0.13314582 -0.090313114 -0.22944354
-0.1376133 -0.12341597 -0.2309302
-0.119142056 -0.22547567 -0.23116662
-0.12397348 -0.26493478 -0.23263544
-0.12780017 -0.3094559 -0.2341134
-0.13046323 -0.35868686 -0.23557079
-0.112972364 -0.45481017 -0.23582429
-0.11618911 -0.5090156 -0.23734996
-0.11830173 -0.5666334 -0.23886909
-0.1001326 -0.657887 -0.23905855
-0.10280821 -0.7200272 -0.24066238
-0.104610875 -0.7839596 -0.24224757
-0.10522063 -0.84927475 -0.24374667
-0.08748476 -0.94102025 -0.2439108
-0.08929193 -1.0094523 -0.2453567
-0.09079231 -1.0786247 -0.24645515
-0.069750816 -1.170295 -0.24677886
-0.07179028 -1.2412364 -0.24733935
-0.0750345 -1.3153187 -0.2472377
-0.03612354 -1.6306971 -0.25144005
0.055443548 -2.720118 -0.29844606
0.16185868 -3.7818246 -0.34342596
-0.009613162 -1.9992929 -0.26948893
0.08749164 -3.0823278 -0.31322613
0.20031627 -4.1464543 -0.35895264
0.01918177 -2.3658051 -0.28420186
0.12187763 -3.4470637 -0.328228
-0.043462504 -1.6182946 -0.25199386
0.049880527 -2.7333233 -0.2987462
0.15858723 -3.8141568 -0.34349832
-0.01675636 -1.9940941 -0.2692458
0.082736306 -3.1025786 -0.31341144
0.19760507 -4.1836123 -0.3590352
0.012725238 -2.3697238 -0.28432822
0.117841445 -3.4735591 -0.32832363
-0.050188266 -1.6091623 -0.25284997
0.04422212 -2.7455535 -0.29891744
0.1551949 -3.846125 -0.3435504
-0.023419734 -1.9899611 -0.2688942
0.0778525 -3.1222367 -0.31352472
0.19478247 -4.2203574 -0.3591181
0.006363084 -2.3732698 -0.284281
0.11367929 -3.4997308 -0.32837677
-0.056812238 -1.6009278 -0.2535197
0.038476676 -2.7572863 -0.2989847
0.15168837 -3.8778772 -0.34357554
-0.029921263 -1.9867542 -0.2687134
0.07282329 -3.1416094 -0.31357187
0.19185916 -4.256794 -0.359175
-1.5204795e-05 -2.376971 -0.28421703
0.10937006 -3.5257921 -0.32838643
-0.063390195 -1.5928231 -0.25395575
0.032543965 -2.7689648 -0.29899076
0.14806259 -3.9095833 -0.34356618
-0.03664566 -1.9839664 -0.26875624
0.06754805 -3.1610067 -0.31355625
0.18885577 -4.293104 -0.35917923
-0.12808101 -1.4147323 0.05987651
-0.119583204 -1.3165661 0.022613695
-0.114047706 -1.2304422 -0.0041899486
-0.12566309 -1.3736851 0.04823717
-0.118089736 -1.2787827 0.013199731
-0.13387147 -1.4367288 0.07729298
-0.1234376 -1.332981 0.03717173
-0.11656804 -1.2417717 0.0046788948
-0.13099271 -1.3948225 0.06494121
-0.12139579 -1.2927805 0.026742538
-0.11505857 -1.204638 -0.0020779234
-0.12828757 -1.3529656 0.05306665
-0.11952587 -1.2532915 0.017035149
-0.13704228 -1.4175683 0.08262893
-0.12574728 -1.3112227 0.041741576
-0.11783008 -1.2147462 0.008231908
-0.13396741 -1.3751748 0.070119694
-0.12337264 -1.2697245 0.031032432
-0.116558045 -1.1778842 0.00082624535
-0.13102813 -1.3326572 0.058031805
-0.12119063 -1.2287054 0.021022534
-0.14024773 -1.3985823 0.08799606
-0.12821642 -1.2900444 0.046461497
-0.11930671 -1.1886466 0.011874141
-0.13703097 -1.3558074 0.07539543
-0.12553832 -1.2474326 0.03548194
-0.11804378 -1.1508902 0.0039437567
-0.1339077 -1.3127717 0.06312072
-0.12303862 -1.205038 0.025168385
-0.118044905 -1.1192939 -0.0027584303
-0.13086848 -1.269454 0.051320553
-0.120859884 -1.1634 0.015646234
-0.14020489 -1.3367169 0.08074517
-0.12792034 -1.2259133 0.040081736
-0.11935886 -1.1239866 0.007182653
-0.1369614 -1.2933079 0.06831679
-0.12511116 -1.1823128 0.029474972
-0.119189546 -1.0903188 5.561922e-05
-0.11440272 -1.3455232 0.012803613
-0.121311806 -1.4342545 0.047254637
-0.13216595 -1.5367298 0.08924522
-0.11508989 -1.3796316 0.022238577
-0.123213075 -1.4733381 0.058791332
-0.11065167 -1.3379432 0.0019389639
-0.115981854 -1.4152486 0.032308716
-0.12540281 -1.5130205 0.07091838
-0.11069363 -1.3675007 0.009781354
-0.11729929 -1.4521445 0.042962264
-0.12783912 -1.5532087 0.083889246
-0.11101448 -1.3992552 0.01876841
-0.1189729 -1.4901046 0.0541777
-0.105396174 -1.3562979 -0.0004944191
-0.11179317 -1.433039 0.0284809
-0.120953016 -1.5289527 0.065988325
-0.10608591 -1.3858253 0.006936365
-0.112933785 -1.4685177 0.038805444
-0.12320953 -1.5685512 0.07857075
-0.10657365 -1.4163027 0.015454294
-0.114425935 -1.5053915 0.04970287
-0.100239746 -1.3690556 -0.0047316034
-0.10726757 -1.4486916 0.024790019
-0.116241224 -1.5434455 0.06118868
-0.10099228 -1.3991723 0.0038001644
-0.108287014 -1.4829543 0.034785055
-0.11835338 -1.5824801 0.07338034
-0.101656586 -1.4296778 0.012174764
-0.109640785 -1.5188702 0.04537009
-0.12073907 -1.6223336 0.08664032
-0.102399945 -1.4614753 0.021208467
-0.11132093 -1.5561929 0.056536052
-0.09566202 -1.4080677 1.7891945e-05
-0.10336826 -1.4949727 0.03089315
-0.11331311 -1.5947205 0.06835332
-0.096367635 -1.4389151 0.008705566
-0.10463042 -1.5301586 0.04117646
-0.11560231 -1.6342615 0.08104747
-0.09717326 -1.4707981 0.01763074
-0.1062076 -1.5668927 0.052034248
-0.09017922 -1.413251 -0.00437035
-0.09815277 -1.5040562 0.02708434
-0.10810151 -1.6049834 0.06350039
-0.09082003 -1.4442788 0.004928454
-0.099377245 -1.5388693 0.037100937
-0.11030723 -1.6442617 0.07571385
-0.09163881 -1.4764493 0.013943495
-0.10088993 -1.5752153 0.04767348
-0.112823844 -1.6845737 0.088988
-0.09264077 -1.5098621 0.02328373
-0.10271095 -1.6129954 0.058817077
-0.08506492 -1.4460963 0.0008459329
-0.09386377 -1.5446414 0.033099826
-0.1048477 -1.6520663 0.07061447
-0.08585563 -1.4785511 0.010092154
-0.0953485 -1.5808582 0.0434281
-0.10730566 -1.6923077 0.083263755
-0.08686147 -1.5122641 0.01942652
-0.097124346 -1.6184795 0.05428606
-0.079097286 -1.4445301 -0.0034644427
-0.08809239 -1.547258 0.029120129
-0.099209584 -1.6574354 0.06572399
-0.07985211 -1.4772459 0.006071184
-0.089571714 -1.5835645 0.039260004
-0.10161749 -1.6976328 0.077866845
-0.080846965 -1.5113101 0.01547932
-0.09132593 -1.6212032 0.04987896
-0.104366496 -1.7390052 0.090929806
-0.082079925 -1.5466275 0.025119018
-0.0933775 -1.6601427 0.061012726
-0.073632814 -1.472614 0.0019022803
-0.08356136 -1.5831861 0.03512891
-0.09574564 -1.7003459 0.07274001
-0.074613534 -1.507054 0.011432647
-0.085308135 -1.6209797 0.045561004
-0.09845196 -1.7417706 0.0852015
-0.07584434 -1.5427594 0.02107109
-0.08734029 -1.6600114 0.056446657
-0.06720061 -1.4646295 -0.0023711738
-0.07732734 -1.5796505 0.031001957
-0.0896787 -1.7002685 0.06783577
-0.06816712 -1.4995285 0.007290367
-0.07907229 -1.6177036 0.041297805
-0.092347264 -1.7417521 0.07982
-0.06939545 -1.5356648 0.016964024
-0.08109354 -1.6569062 0.05199017
-0.06053829 -1.4532336 -0.006694134
-0.070880085 -1.5729489 0.026856383
-0.08340987 -1.6972713 0.06311046
-0.061507646 -1.4887009 0.0030674543
-0.07262462 -1.611317 0.0370602
-0.08604508 -1.7388169 0.07471452
-0.06273793 -1.5253497 0.012793561
-0.07463874 -1.6507521 0.047609735
-0.08903078 -1.7815832 0.086884394
-0.06422583 -1.5630727 0.022677332
-0.076937385 -1.6912584 0.058523662
-0.054628063 -1.474519 -0.0012107338
-0.065971605 -1.6018047 0.03282542
-0.07954225 -1.7328763 0.06983092
-0.055870544 -1.5117778 0.008562316
-0.06798032 -1.6415045 0.043276124
-0.082483776 -1.775661 0.08158038
-0.057367638 -1.5500143 0.01845532
-0.0702633 -1.6821796 0.05403899
-0.047533937 -1.4568954 -0.005513025
-0.059117448 -1.5891501 0.028575853
-0.072839215 -1.7238683 0.06512192
-0.04879077 -1.4949015 0.00428042
-0.061122764 -1.6291481 0.03896478
-0.07573642 -1.7666487 0.07654475
-0.05030419 -1.5337362 0.014185708
-0.06339129 -1.6700028 0.049624614
-0.078994215 -1.8106086 0.08833828
-0.052063975 -1.5733391 0.024297765
-0.06593869 -1.7117625 0.060546204
-0.041497927 -1.474644 -3.4857832e-05
-0.054069065 -1.6136644 0.034655016
-0.06879086 -1.7545122 0.071724266
-0.04303417 -1.5141951 0.009869438
-0.056324825 -1.654715 0.04525294
-0.07198565 -1.7983669 0.08316193
-0.044810105 -1.554336 0.019981038
-0.05884401 -1.6965381 0.056067765
-0.033980247 -1.4509246 -0.004360747
-0.046820313 -1.5950363 0.030329252
-0.06165027 -1.7392381 0.06707245
-0.035553806 -1.4913222 0.005513714
-0.049066108 -1.6362973 0.04089993
-0.06478011 -1.7829483 0.07824424
-0.037354372 -1.5320998 0.015619531
-0.051557906 -1.6781834 0.05165524
-0.06828218 -1.8278039 0.08957331
-0.039375596 -1.5732297 0.025972622
-0.054317515 -1.7208127 0.06254864
-0.027856693 -1.4650438 0.0011327324
-0.041615732 -1.6147304 0.036544364
-0.05738075 -1.7643505 0.07353346
-0.029692126 -1.5065693 0.011212095
-0.044081837 -1.6566776 0.047281038
-0.06079683 -1.8089622 0.08456711
-0.031733066 -1.5482055 0.021573167
-0.046794347 -1.6992218 0.058117352
-0.019942993 -1.4352666 -0.0032519314
-0.03397282 -1.5899792 0.032167353
-0.04978942 -1.7425625 0.06898463
-0.021818772 -1.4776765 0.0067635486
-0.03641581 -1.6319944 0.042920552
-0.053118113 -1.7869097 0.079815395
-0.023888236 -1.5199075 0.017122267
-0.039081007 -1.6744369 0.053747345
-0.011791697 -1.4018829 -0.0076107844
-0.02613527 -1.562003 0.027752118
-0.04200611 -1.7175614 0.06455798
-0.013728052 -1.4453346 0.002286506
-0.028558627 -1.6040928 0.038551588
-0.04524602 -1.761631 0.07526239
-0.015836582 -1.4882727 0.012615385
-0.031176299 -1.646418 0.049410935
-0.048865538 -1.8068507 0.08577406
-0.018099127 -1.5307479 0.023284137
-0.03402886 -1.6893027 0.060218386
-0.0054049995 -1.4094388 -0.0021954537
-0.020507947 -1.5729244 0.034153882
-0.037177727 -1.7330879 0.07086366
-0.0075690974 -1.4532206 0.008053393
-0.023077916 -1.6151081 0.045083247
-0.040694848 -1.7780384 0.08123739
-0.009859653 -1.4961524 0.01875118
-0.025854025 -1.6577226 0.05593482
0.0031524717 -1.3698562 -0.006642323
-0.012260218 -1.538429 0.029708976
-0.028907789 -1.7012119 0.066579044
0.0009264389 -1.4146519 0.0034452658
-0.014782558 -1.5804394 0.040741764
-0.032322243 -1.745921 0.07689027
-0.0014076886 -1.4581409 0.0141437
-0.017476678 -1.622737 0.05167968
-0.0361737 -1.7920163 0.08673937
-0.003810745 -1.5005386 0.025200088
-0.020428639 -1.6659071 0.062372535
0.009663845 -1.3724368 -0.0011859584
-0.006286098 -1.5423318 0.036366083
-0.023737943 -1.7104009 0.07268487
0.007267948 -1.4166192 0.009455407
-0.008890764 -1.5842444 0.047428258
-0.027491149 -1.7564346 0.08247177
0.0048484257 -1.4591748 0.020612208
-0.011731023 -1.6270539 0.058211885
0.018679604 -1.3263896 -0.005789359
0.0024168654 -1.5006939 0.031938236
-0.0149297435 -1.6713476 0.06857669
0.016186547 -1.3714647 0.004684416
-8.9063666e-05 -1.542129 0.04315867
-0.018587789 -1.717401 0.07837911
0.013727381 -1.4142389 0.015931683
-0.002804136 -1.5845121 0.054067966
-0.022768691 -1.7652059 0.087439485
0.011334129 -1.4554213 0.027443329
-0.005883761 -1.6286092 0.06452481
0.025380718 -1.3224967 -0.00016189771
0.008937834 -1.4962559 0.038852267
-0.009447591 -1.6747532 0.07440128
0.02284472 -1.3656077 0.0111450385
0.006364819 -1.538128 0.04991404
-0.013561263 -1.722926 0.08350661
0.020476216 -1.4063808 0.022870861
0.00341516 -1.5820175 0.060491424
0.034888912 -1.2694582 -0.005048617
0.01820314 -1.4464684 0.034494888
-5.3817774e-05 -1.6283171 0.070482925
0.03222674 -1.3130995 0.006234346
0.015792402 -1.4877268 0.045725193
-0.004108953 -1.676969 0.079724416
0.029860618 -1.3534011 0.018216224
0.012983607 -1.5314049 0.05644009
0.04481168 -1.2119192 -0.00983904
0.027726933 -1.3925571 0.030079443
0.009609676 -1.5779172 0.06657356
0.04191597 -1.2564629 0.001165407
0.025501985 -1.4331146 0.04147832
0.00560542 -1.6271479 0.07600197
0.039509676 -1.2962264 0.013481975
0.022840993 -1.4766008 0.052333593
0.0009654966 -1.6787653 0.0844381
0.037541654 -1.3342408 0.025609476
0.019557336 -1.523405 0.0626256
0.051999845 -1.1952845 -0.0041398252
0.035529487 -1.3740426 0.03715201
0.0155958 -1.5732925 0.07226928
0.04945888 -1.2344941 0.008677358
0.0330123 -1.4174482 0.048132367
0.010964365 -1.6258538 0.08103926
0.047699608 -1.2710822 0.021102741
0.02980184 -1.4646612 0.05859059
0.06263803 -1.1289015 -0.009823695
0.045929395 -1.3101989 0.03272412
0.025869569 -1.5152924 0.06846726
0.0597589 -1.1676098 0.0038113948
0.04353108 -1.3537714 0.04379382
0.021238564 -1.5688298 0.07759464
0.058286685 -1.2024304 0.016592203
0.04035599 -1.401627 0.05441805
0.015948314 -1.6248513 0.08555479
0.056788456 -1.2411487 0.028161254
0.03642515 -1.4531051 0.064540416
0.07051986 -1.0945816 -0.0011465956
0.054438137 -1.2853944 0.039268974
0.031787254 -1.507628 0.07402541
0.06953157 -1.1272207 0.012109247
0.051224574 -1.3342562 0.050058234
0.026484799 -1.5647414 0.08261414
0.068175666 -1.1664091 0.02339156
0.047249038 -1.3868004 0.060437214
0.081685916 -1.013294 -0.006579097
0.06573981 -1.2120903 0.034490515
0.042593487 -1.4423007 0.07027595
0.08165131 -1.0438228 0.0075598657
0.062382087 -1.2625338 0.04546288
0.03731567 -1.5003786 0.07941779
0.03329377 -2.3504796 -0.2828528
0.13051665 -3.3837447 -0.32786956
-0.021335032 -1.6570841 -0.24885832
0.065270886 -2.6898088 -0.29753307
0.16783042 -3.7168422 -0.34327334
0.008236991 -2.002558 -0.26679823
0.098747484 -3.024524 -0.3124669
0.2068062 -4.0467834 -0.35887608
0.03818335 -2.3396516 -0.28207168
0.13383475 -3.3556044 -0.32770455
-0.016517013 -1.6546097 -0.24920711
0.06952984 -2.6720107 -0.29704434
0.17058754 -3.6836367 -0.3432254
0.0129283685 -1.9945791 -0.26574287
0.1024459 -3.000775 -0.31217206
0.20902993 -4.0088563 -0.35893735
0.04262832 -2.3256736 -0.2813416
0.13700876 -3.3266103 -0.32755962
-0.011579352 -1.647332 -0.24989262
0.07353999 -2.6522248 -0.29658258
0.17326078 -3.649865 -0.34321162
0.017312124 -1.9822073 -0.26516154
0.105991445 -2.975714 -0.31190187
0.21121427 -3.9705946 -0.35905817
0.046767537 -2.3086622 -0.28075653
0.14009477 -3.2967486 -0.32744315
-0.0066828723 -1.6369526 -0.2505371
0.0773547 -2.630447 -0.29617846
0.17589544 -3.6155488 -0.3432372
0.021580456 -1.9667004 -0.264959
0.1094238 -2.9493377 -0.31166896
0.21340135 -3.93206 -0.35923973
0.050720222 -2.2890654 -0.28036708
0.14312682 -3.2660356 -0.3273623
-0.0018583742 -1.6243144 -0.25110415
0.08102343 -2.6068234 -0.2958654
0.17852253 -3.5807316 -0.34330595
0.025804458 -1.9489791 -0.26499948
0.112771824 -2.9217162 -0.3114898
0.2156209 -3.8933234 -0.35948128
0.05457934 -2.267442 -0.28016832
0.14612804 -3.2345297 -0.3273258
0.0029078452 -1.6099552 -0.25161263
0.08460113 -2.58162 -0.2956641
0.18116322 -3.5454805 -0.34342197
0.030016318 -1.929666 -0.265185
0.11606603 -2.8929894 -0.3113801
0.21789312 -3.854466 -0.35978147
0.058406837 -2.2443073 -0.28012818
0.14911887 -3.2023294 -0.32734293
0.007638238 -1.5942655 -0.25208014
0.08813886 -2.5551574 -0.2955784
0.18383405 -3.5098858 -0.34358957
0.034236502 -1.9091952 -0.26545575
0.11933889 -2.8633509 -0.31135038
0.22023259 -3.8155785 -0.36013874
0.06224216 -2.2200842 -0.2802104
0.15212017 -3.16957 -0.3274218
0.012353975 -1.5775437 -0.25251722
0.09167798 -2.5277593 -0.2956
0.18655013 -3.474059 -0.34381273
0.038480807 -1.8878852 -0.26577637
0.122621626 -2.8330252 -0.3114043
0.22265144 -3.776761 -0.36055157
0.06611105 -2.1951094 -0.28038406
0.15515332 -3.1364138 -0.3275677
0.017072706 -1.5600263 -0.25292954
0.095249556 -2.4997215 -0.2957151
0.18932654 -3.4381301 -0.34409434
0.042761974 -1.8659812 -0.2661256
0.12594172 -2.8022444 -0.3115396
0.22516099 -3.7381248 -0.3610184
0.07003109 -2.16965 -0.28062528
0.15823919 -3.1030402 -0.32778233
0.021808416 -1.5419024 -0.25331992
0.09887633 -2.4713037 -0.29590884
0.19217855 -3.4022434 -0.34443563
0.047090165 -1.8436778 -0.26648998
0.129322 -2.7712336 -0.31175035
0.22777252 -3.699789 -0.3615373
0.07401483 -2.1439216 -0.28091624
0.16139705 -3.0696354 -0.3280644
0.026571872 -1.5233269 -0.2536896
0.10257489 -2.4427283 -0.29616755
0.1951212 -3.3665516 -0.344836
0.051473316 -1.8211336 -0.26686093
0.13278079 -2.7402015 -0.31202877
0.23049745 -3.6618812 -0.36210597
0.078071445 -2.1181014 -0.28124374
0.16464406 -3.036382 -0.32841018
0.03137112 -1.5044264 -0.25403893
0.10635754 -2.4141862 -0.29647946
0.19816889 -3.331211 -0.34529305
0.055917468 -1.7984804 -0.26723248
0.13633266 -2.7093372 -0.31236663
0.2333471 -3.6245322 -0.3627212
0.08220778 -2.0923378 -0.28159785
0.167995 -3.0034552 -0.32881442
0.036212016 -1.4853065 -0.2543679
0.11023355 -2.385842 -0.29683483
0.20133494 -3.2963758 -0.34580287
0.06042712 -1.7758294 -0.2676005
0.13998927 -2.6788108 -0.31275597
0.23633248 -3.587875 -0.3633789
0.086429015 -2.0667582 -0.28197125
0.17146257 -2.9710183 -0.32927114
0.041098658 -1.4660555 -0.25467616
0.11421016 -2.3578386 -0.29722574
0.20463142 -3.262194 -0.34636045
0.06500556 -1.7532763 -0.26796216
0.14376009 -2.6487741 -0.31318963
0.23946393 -3.5520384 -0.36407405
0.09073916 -2.0414724 -0.28235835
0.17505756 -2.939221 -0.32977402
0.046033774 -1.4467484 -0.25496346
0.11829318 -2.3303025 -0.2976458
0.20806913 -3.2288039 -0.34695986
0.06965514 -1.7309045 -0.26831532
0.14765304 -2.6193635 -0.3136612
0.24275096 -3.5171454 -0.36480066
0.095141426 -2.0165792 -0.2827551
0.17878936 -2.9082 -0.33031678
0.051019043 -1.427449 -0.25522944
0.122487575 -2.3033469 -0.29809
0.21165766 -3.1963334 -0.34759468
0.074377544 -1.7087883 -0.2686587
0.15167508 -2.5907023 -0.31416506
0.2462021 -3.4833076 -0.36555186
0.09963852 -1.9921672 -0.2831586
0.1826663 -2.878079 -0.33089328
0.056055367 -1.4082134 -0.2554739
0.12679785 -2.277075 -0.2985544
0.21540548 -3.1648965 -0.34825796
0.07917406 -1.6869959 -0.26899144
0.15583253 -2.5629017 -0.3146964
0.24982473 -3.4506233 -0.36631992
0.10423302 -1.9683199 -0.28356695
0.18669593 -2.8489678 -0.3314975
0.061143104 -1.3890916 -0.25569677
0.1312284 -2.2515836 -0.29903603
0.21932013 -3.1345916 -0.34894237
0.08404575 -1.6655912 -0.26931337
0.16013162 -2.5360641 -0.3152509
0.25362507 -3.419173 -0.36709645
0.10892757 -1.9451169 -0.28397912
0.19088537 -2.8209639 -0.33212343
0.066282265 -1.3701296 -0.255898
0.1357839 -2.2269638 -0.29953277
0.22340819 -3.1055012 -0.34964013
0.08899376 -1.6446368 -0.26962468
0.16457865 -2.5102832 -0.31582463
0.2576079 -3.3890185 -0.36787236
0.11372521 -1.9226369 -0.284395
0.19524133 -2.7941506 -0.33276486
0.0714727 -1.3513714 -0.25607783
0.1404696 -2.203304 -0.30004314
0.2276753 -3.0776894 -0.350343
0.094019435 -1.6241955 -0.2699263
0.16918036 -2.4856443 -0.31641373
0.2617767 -3.3601992 -0.36863816
0.11862972 -1.9009601 -0.28481525
0.19977035 -2.7685971 -0.33341515
0.076714225 -1.3328608 -0.25623664
0.14529172 -2.180691 -0.30056605
0.23212595 -3.0511997 -0.35104215
0.09912468 -1.6043338 -0.27021986
0.17394407 -2.4622238 -0.31701395
0.266133 -3.3327315 -0.36938408
0.12364596 -1.88017 -0.28524134
0.2044785 -2.7443545 -0.33406684
0.08200681 -1.3146439 -0.2563751
0.15025781 -2.1592097 -0.30110043
0.23676325 -3.0260525 -0.3517283
0.10431217 -1.585124 -0.27050772
0.17887776 -2.4400864 -0.31762004
0.2706767 -3.306608 -0.37010032
0.12878042 -1.8603565 -0.2856755
0.20937112 -2.7214534 -0.33471122
0.08735071 -1.2967701 -0.2564941
0.15537718 -2.1389432 -0.30164474
0.2415884 -3.0022442 -0.3523916
0.10958581 -1.566648 -0.27079347
0.18398984 -2.419282 -0.3182251
0.27540544 -3.2817974 -0.37077755
0.13404188 -1.8416165 -0.28612044
0.21445206 -2.6998992 -0.3353383
0.09274669 -1.2792969 -0.25659487
0.16066119 -2.1199687 -0.30219585
0.24660006 -2.9797442 -0.3530222
0.1149514 -1.549001 -0.27108198
0.1892886 -2.399837 -0.3188195
0.28031456 -3.258247 -0.37140706
0.13944241 -1.824056 -0.28657877
0.21972263 -2.679666 -0.33593643
0.09819636 -1.2622911 -0.25667915
0.16612355 -2.1023512 -0.30274737
0.25179374 -2.9584951 -0.35361046
0.12041772 -1.5322973 -0.27137998
0.19478089 -2.3817456 -0.31939006
0.28539675 -3.2358847 -0.37198147
0.14499895 -1.8077875 -0.28705153
0.22518006 -2.660694 -0.3364931
0.103702866 -1.2458352 -0.2567494
0.17177993 -2.0861304 -0.3032872
0.25716084 -2.9384136 -0.35414785
0.12599865 -1.5166757 -0.27169624
0.20046978 -2.3649566 -0.31991968
0.29064143 -3.2146237 -0.37249485
0.15073553 -1.7929226 -0.28753486
0.23081581 -2.6428854 -0.33699566
0.109272316 -1.2300336 -0.2568092
0.1776462 -2.071298 -0.30379453
0.26268777 -2.9193952 -0.35462737
0.13171746 -1.5023078 -0.27204102
0.20635131 -2.3493643 -0.32038817
0.29603335 -3.194366 -0.3729431
0.15668611 -1.7795509 -0.2880133
0.23661372 -2.6261094 -0.33743277
0.114917085 -1.2150246 -0.25686437
0.18373427 -2.057769 -0.30423743
0.2683538 -2.9013195 -0.3550437
0.13761579 -1.4894019 -0.27242267
0.2124105 -2.334803 -0.3207749
0.30154905 -3.1750083 -0.37332407
0.16289672 -1.7676928 -0.2884479
0.24254759 -2.6102102 -0.33779508
0.12066384 -1.2009988 -0.25692523
0.19004352 -2.04535 -0.30457467
0.27412665 -2.884058 -0.3553927
0.1437734 -1.4781929 -0.2728327
0.218617 -2.3210611 -0.3210624
0.30715024 -3.1564467 -0.37363735
0.16942021 -1.7572078 -0.2887615
0.24857569 -2.5950217 -0.3380748
0.12657568 -1.1882384 -0.25701272
0.19654758 -2.0337327 -0.30476496
0.27995366 -2.8674815 -0.3556704
0.1503501 -1.4688665 -0.27319732
0.22491604 -2.307909 -0.32123768
0.31277406 -3.1385806 -0.3738846
0.1762852 -1.747671 -0.2888379
0.2546253 -2.5803835 -0.33826438
0.13282804 -1.1772026 -0.2571727
0.20316647 -2.0225494 -0.30477843
0.2857472 -2.851467 -0.35587332
0.15765338 -1.4612465 -0.2732515
0.23119044 -2.295143 -0.32129073
0.31832707 -3.1213188 -0.3740706
0.18337905 -1.7383579 -0.28856182
0.2605605 -2.5661564 -0.3383606
0.14012036 -1.1688604 -0.25741872
0.2096436 -2.0114975 -0.3046001
0.29138085 -2.8359056 -0.3560053
0.16587573 -1.4539094 -0.2723836
0.23717062 -2.2826228 -0.32122868
0.32370836 -3.1045814 -0.3742066
0.15765747 -1.1850258 -0.25645632
0.17059892 -1.1820633 -0.25851196
0.17188975 -1.268964 -0.2624185
0.1736513 -1.3546273 -0.26672548
0.17451413 -1.4383291 -0.27120596
0.19023402 -1.4379274 -0.27292562
0.19086339 -1.521908 -0.27715155
0.19107524 -1.6049047 -0.28142864
0.20944238 -1.6048273 -0.28347445
0.20923316 -1.6875007 -0.28761283
0.2089762 -1.7699635 -0.2917939
0.20839672 -1.8525128 -0.2959993
0.22838423 -1.8509705 -0.29806125
0.22782691 -1.9332699 -0.30221966
0.22722444 -2.0160465 -0.3064108
0.24803595 -2.0121639 -0.3085357
0.24735846 -2.0946982 -0.31271645
0.24677838 -2.177957 -0.31693202
0.24621962 -2.2620244 -0.3211762
0.2674257 -2.254348 -0.32332182
0.26694202 -2.3383088 -0.3275883
0.26657417 -2.423174 -0.33188692
0.28797063 -2.4124575 -0.33407307
0.2876503 -2.49728 -0.3384084
0.2875021 -2.583036 -0.34277767
0.2875015 -2.6697328 -0.34717628
0.3088774 -2.6551082 -0.34941483
0.3089751 -2.7418 -0.35386422
0.30926508 -2.8293898 -0.3583427
0.33061972 -2.8120522 -0.36061817
0.3309818 -2.8996754 -0.36514926
0.33157194 -2.9881158 -0.36970508
0.33236262 -3.0773594 -0.37427732
0.35351902 -3.0568564 -0.37661248
0.35441738 -3.1460505 -0.3812268
0.3555321 -3.2359388 -0.38583782
0.37658662 -3.2135055 -0.38819107
0.051737633 -1.4268283 0.07871735
0.077703685 -1.1749401 0.043749485
0.100627854 -0.92686105 0.0037637288
0.06274321 -1.339194 0.069336146
0.087859616 -1.0850631 0.03226771
0.111246586 -0.828557 -0.009104677
0.07358786 -1.2505141 0.059259232
0.09794053 -0.99272346 0.020363444
0.056708258 -1.4197788 0.082704805
0.08431155 -1.1600388 0.04852908
0.10795933 -0.8973732 0.008161653
0.06817028 -1.3304633 0.07355211
0.09490715 -1.0671352 0.037201308
0.117657416 -0.7988162 -0.004335952
0.07946656 -1.2399877 0.06371957
0.10530553 -0.9713281 0.025359944
0.061548315 -1.4133332 0.08664028
0.09064521 -1.1474577 0.0532301
0.1153309 -0.87246853 0.013114503
0.07336598 -1.3227917 0.07764458
0.10169095 -1.0521224 0.04212451
0.124434255 -0.7715566 0.00072179444
0.08506818 -1.2309929 0.06804708
0.11250336 -0.9534324 0.030472983
0.1304818 -0.6741074 -0.009609014
0.0966867 -1.1368991 0.057810117
0.122819215 -0.85126 0.018391598
0.0783455 -1.3159279 0.081620164
0.10820422 -1.0396425 0.046959132
0.13194782 -0.7467221 0.0061724773
0.09038133 -1.223302 0.072223686
0.119513325 -0.9385571 0.035559904
0.13812347 -0.64475185 -0.004878758
0.10239013 -1.1281381 0.062228788
0.13033755 -0.8333483 0.023744049
0.083107956 -1.3096634 0.08549586
0.114324875 -1.029449 0.05163661
0.1399973 -0.72472954 0.01182606
