0.029735541 -1.0261135 0.025183663
0.11668509 -2.4584427 -0.0101912785
0.11277856 -2.718637 -0.021792473
0.08909467 -1.9799887 -0.013249772
0.030882418 -1.0280741 0.024903338
0.11673455 -2.4551704 -0.0101895565
0.112830356 -2.7146366 -0.021785622
0.08922292 -1.9788178 -0.013276272
0.030810269 -0.94441116 0.026335903
0.075984485 -1.1368988 0.027587617
0.10739012 -1.3050549 0.024842974
0.13282116 -1.4571086 0.02287141
0.16197795 -1.680318 0.023170646
0.16698854 -1.9859794 -0.0017739227
0.15311721 -1.9484124 -0.015544986
0.13648777 -1.5967883 -0.015877262
0.16231501 -1.6844031 0.023137301
0.16714683 -1.9862423 -0.0017489599
0.15323436 -1.9471791 -0.015529991
0.13661255 -1.5954795 -0.015887588
0.1625874 -1.6882341 0.023197154
0.16729909 -1.9862442 -0.0017233815
0.15334551 -1.9456816 -0.01552199
0.13673162 -1.5939493 -0.015914978
0.16282538 -1.6923145 0.023221053
0.16745941 -1.9865447 -0.0017034485
0.15346093 -1.944488 -0.015479098
0.13684982 -1.5926774 -0.01583871
0.16308485 -1.6961198 0.02331438
0.16761148 -1.9865391 -0.0016717734
0.15356886 -1.942971 -0.015520608
0.13696115 -1.5911076 -0.01601639
0.16342436 -1.7004062 0.023408705
0.16777228 -1.9868801 -0.0016601024
0.15368222 -1.9418186 -0.015408677
0.1370724 -1.5898715 -0.015728328
0.16355187 -1.7043726 0.023412118
0.1679232 -1.9868618 -0.001622992
0.15378706 -1.940289 -0.015526165
0.13717593 -1.5882899 -0.016136046
0.16371855 -1.708945 0.023471622
0.16808529 -1.9872497 -0.0016097031
0.15389794 -1.9391559 -0.01536809
0.13727789 -1.5870175 -0.015708234
0.16391219 -1.712941 0.02328721
0.1682404 -1.9872088 -0.0015931139
0.15400353 -1.9376551 -0.015436664
0.13737316 -1.5855582 -0.015961101
0.16599892 -1.7132035 0.022893766
0.13425294 -1.2942117 -0.013872303
0.1442705 -1.7800317 -0.016921924
0.16180941 -1.9991152 -0.010929311
0.16993956 -1.90387 0.009680168
0.18199971 -1.9752053 0.013985195
0.16772887 -1.9795918 -0.008447331
0.1478374 -1.7623823 -0.016412262
0.13132378 -1.2939782 -0.014833716
0.14824726 -1.4650201 0.04369865
0.106390096 -0.9755287 0.077685386
0.052832738 -0.4635409 0.0979646
0.1347781 -1.2991146 0.05625454
0.088893645 -0.79785055 0.08621839
0.10796501 -1.9208167 -0.06686639
0.110211514 -1.8675996 -0.06673598
0.12007278 -1.7030315 -0.0676446
0.113423415 -1.8087852 -0.06591758
0.11811421 -1.6723057 -0.06615908
0.11566084 -1.778638 -0.06482679
0.16602342 -1.7071495 0.023058128
0.17828313 -1.7990282 0.024547778
0.1634428 -1.6886826 0.022916988
0.17743878 -1.7837582 0.025899962
0.16444246 -1.6701332 0.0246467
0.17909355 -1.715687 0.04360017
0.14793658 -1.3339325 0.07786376
0.10476051 -0.9180255 0.09696335
0.18131657 -1.8023188 0.02833098
0.17152752 -1.7296654 0.026656311
-0.0059662843 -3.0612798 -0.09387931
0.061063483 -2.3803058 -0.07716458
0.102960914 -1.9949217 -0.06810617
0.041996457 -2.6917515 -0.07887361
-0.026052145 -3.3668938 -0.096309535
-0.07098232 -3.6832464 -0.11149533
-0.011829518 -3.1129317 -0.095579974
0.056170765 -2.4325368 -0.078305505
0.11593143 -1.740061 -0.0679313
-0.011624422 -3.108184 -0.0955981
0.05640482 -2.4276776 -0.07829805
0.11837733 -1.7332376 -0.06789613
0.1340474 -1.2929674 0.056228843
0.08795935 -0.7893131 0.08623563
0.15821327 -1.6065316 0.028145192
0.119210266 -1.1212286 0.06760828
0.06888828 -0.6074096 0.09311342
-0.036504526 -3.328805 -0.10278468
0.03510621 -2.6506476 -0.083372235
0.09218717 -1.9632133 -0.06993114
-0.036303878 -3.324091 -0.10280423
0.035302676 -2.6458468 -0.08338042
0.09218478 -1.958318 -0.06981913
0.146143 -1.4432861 0.04355027
0.102973714 -0.94460887 0.07769212
0.04839324 -0.42306498 0.09816631
0.13189869 -1.2745905 0.05614425
0.08516633 -0.7636978 0.08629211
-0.062412906 -3.5442204 -0.11075498
0.012826406 -2.8679006 -0.08917588
0.07657703 -2.18406 -0.07377403
-0.062216576 -3.5395248 -0.11078658
0.013023337 -2.863117 -0.08919122
0.07676888 -2.1790237 -0.07373696
0.15477106 -1.5909858 0.02774295
0.11690321 -1.1005443 0.067568116
0.06583619 -0.5793555 0.09322528
0.14376067 -1.4270416 0.04337531
0.10044364 -0.92147046 0.07770134
0.045068104 -0.39256167 0.09832875
-0.010634982 -3.084484 -0.09568791
0.05733257 -2.4033532 -0.07826141
0.119431145 -1.7040654 -0.06774325
-0.010439661 -3.0797622 -0.095706016
0.057498515 -2.3985002 -0.07825576
0.117974505 -1.6989863 -0.0678339
0.12983085 -1.2563201 0.056050904
0.08238803 -0.7380479 0.08635561
0.15367094 -1.5772276 0.027384132
0.11464922 -1.0798639 0.06752816
0.06279075 -0.55119145 0.09334585
-0.035325624 -3.3005688 -0.10290317
0.036260948 -2.621796 -0.083422996
0.096946195 -1.9319352 -0.069428734
-0.040061396 -2.5786223 -0.10904888
0.02808134 -1.930993 -0.08870115
0.0851167 -1.2779534 -0.06976724
-0.057252694 -3.3429239 -0.11301931
-0.05199335 -3.0914352 -0.1146918
-0.05528335 -2.9376616 -0.116226085
-0.064458415 -2.849242 -0.11666916
0.11205784 -1.0737988 -0.06449352
0.11915281 -1.174429 -0.0654164
0.123036236 -1.3225553 -0.06575747
0.121490836 -1.5447785 -0.06682171
0.11016105 -1.0412586 -0.06353654
0.118005246 -1.1320877 -0.065028265
0.12293571 -1.2642783 -0.065441735
0.12342412 -1.4602375 -0.06602289
0.110797785 -1.031945 -0.063299865
0.11863715 -1.1231346 -0.064795196
0.12356138 -1.2553322 -0.06522185
0.12406926 -1.4509012 -0.0658118
0.111486144 -1.0226358 -0.06306873
0.11926819 -1.1141891 -0.06456231
0.12418679 -1.2463955 -0.06500154
0.124715336 -1.4415759 -0.06559694
0.11210414 -1.0133302 -0.06284279
0.11988195 -1.1052489 -0.064329445
0.12478953 -1.2374665 -0.064780645
0.12532835 -1.4322631 -0.06537818
0.11280222 -1.0040283 -0.06262139
0.1205296 -1.0963112 -0.064096324
0.12543917 -1.2285398 -0.06455888
0.12601289 -1.4229506 -0.06515516
0.1133966 -0.99473137 -0.062403597
0.12110726 -1.0873837 -0.06386251
0.1259947 -1.2196274 -0.06433575
0.12655725 -1.4136611 -0.06492723
0.11410584 -0.98543996 -0.06218792
0.12178268 -1.0784584 -0.063627295
0.12668358 -1.2107168 -0.06411041
0.1273035 -1.4043704 -0.06469324
0.1146905 -0.97614497 -0.061972246
0.122335374 -1.0695329 -0.06338965
0.12720715 -1.2018064 -0.063881636
0.12780076 -1.3950827 -0.06445159
0.14851092 -1.5610132 0.022407325
0.12288513 -1.3878804 0.024057832
0.095647015 -1.2302704 0.026448049
0.06031571 -1.0420098 0.029325983
0.046519957 -0.95534533 0.030669272
0.085168704 -1.1623329 0.027952291
0.11460592 -1.3305941 0.025220377
0.13996558 -1.4958748 0.023370923
0.04457797 -0.9303723 0.031605788
0.08391641 -1.1449094 0.028622232
0.11378222 -1.3181205 0.025798485
0.13951567 -1.4871491 0.023876604
0.042951483 -0.90541065 0.03254103
0.082753316 -1.1275389 0.0292933
0.11288898 -1.3056704 0.026379637
0.1387462 -1.4783874 0.024386438
0.041021034 -0.88039595 0.03347085
0.08150122 -1.1100782 0.029963354
0.11204893 -1.293177 0.026961545
0.13824907 -1.46967 0.024899004
0.03928317 -0.85542583 0.034395494
0.08030061 -1.09267 0.030632794
0.11116452 -1.2806951 0.027544077
0.13755827 -1.4608899 0.025414422
0.037417173 -0.83041036 0.035315853
0.07906171 -1.0751816 0.031302467
0.1102987 -1.2681752 0.028127624
0.13697268 -1.4521506 0.025933156
-0.05440831 0.08766003 0.053993814
-0.21478713 1.8995582 0.098361336
-0.39570498 3.5964096 0.12537427
-0.35954952 3.3163269 0.13328534
-0.22143589 2.099531 0.12538077
-0.10422068 0.9991797 0.11278268
-0.007471896 0.07885981 0.102999665
0.13456334 -1.4260087 0.027072813
0.10735357 -1.2352792 0.029417299
0.07505315 -1.0307692 0.03281299
0.03160823 -0.76792717 0.037380714
0.13520002 -1.4349115 0.026542684
0.108248234 -1.2480059 0.028826047
0.07631112 -1.0485277 0.03213368
0.03349908 -0.79337686 0.036438204
0.023675911 -0.7497073 0.029824294
0.023961373 -0.77532345 0.030251555
0.016381696 -0.6506579 0.031022517
0.016675077 -0.678693 0.030917665
0.008795393 -0.55070424 0.03232558
0.008986235 -0.5833524 0.031985022
-0.020071208 -0.20433182 0.038021833
-0.23474544 2.044608 0.08888962
-0.43870363 3.9517612 0.12030259
-0.38727865 3.5191014 0.122913405
-0.20469745 1.7837754 0.093648195
-0.040252883 -0.10675945 0.045920774
-0.3383109 3.0791655 0.11729982
-0.16057381 1.3205292 0.083414294
-0.4656374 4.1936817 0.12961006
-0.2757251 2.4926286 0.108065784
-0.10433661 0.69171244 0.06792161
-0.3981556 3.6159043 0.12454528
-0.21543163 1.8974415 0.096788496
-0.051696073 0.04301321 0.050652977
-0.3334689 3.037115 0.11731818
-0.15740316 1.2899675 0.08349867
-0.46011937 4.14685 0.12968035
-0.2713252 2.453708 0.10804897
-0.10199241 0.66719085 0.06788781
-0.3929442 3.571289 0.124567
-0.21156316 1.8622087 0.096853346
-0.050126705 0.02532645 0.051453788
-0.32862115 2.9950874 0.11732509
-0.154197 1.2594907 0.08345424
-0.4545828 4.099963 0.12971945
-0.26691687 2.4147348 0.10804539
-0.09955861 0.64247197 0.06808002
-0.040210158 -2.5775375 -0.10903795
0.027956208 -1.9298776 -0.08865899
0.08418443 -1.2769251 -0.069634125
-0.04035937 -2.5764415 -0.10902697
0.02783092 -1.9287219 -0.08861667
0.08303922 -1.2759323 -0.0694922
-0.040508956 -2.575345 -0.10901598
0.02770747 -1.9275272 -0.08857425
0.082057334 -1.2747371 -0.06934208
-0.04065922 -2.5742707 -0.10900499
0.027584374 -1.9263731 -0.0885319
0.0817469 -1.2732712 -0.06918531
-0.04081042 -2.5732322 -0.108994015
0.02746019 -1.9253304 -0.0884896
0.08181223 -1.2724928 -0.069023654
-0.04096259 -2.5722167 -0.10898306
0.027335884 -1.9243326 -0.08844741
0.08254809 -1.2714875 -0.068859346
-0.041115455 -2.5712004 -0.10897218
0.027212614 -1.9232967 -0.0884054
0.08342923 -1.2702675 -0.06869431
-0.04126901 -2.5701706 -0.10896136
0.027091144 -1.9222164 -0.08836364
0.08408774 -1.2690747 -0.06853064
-0.041416742 -2.5691311 -0.10895069
0.026997473 -1.9211164 -0.08832222
0.084715515 -1.2678735 -0.068371356
0.108055376 -0.8980821 -0.060146358
0.1077674 -0.95708025 -0.060209654
0.105852135 -0.9269436 -0.060604665
0.10750433 -0.9860324 -0.060361404
0.103713885 -0.9557597 -0.06111471
0.10402001 -1.0148392 -0.061336584
-0.049012054 -2.5206487 -0.10891462
0.0196565 -1.8690679 -0.08832183
0.079732694 -1.2043099 -0.06850882
0.13617623 -0.9307643 -0.010676457
0.117127046 -0.9941027 -0.0073095886
0.104467236 -0.9465073 -0.002998611
0.09749044 -0.79475766 0.002508112
0.13699286 -0.9063799 -0.011301078
0.117548436 -0.96922094 -0.007547125
0.10512216 -0.9176634 -0.0030109289
0.09872642 -0.75921774 0.0025268255
0.13774371 -0.88334143 -0.011746165
0.118020676 -0.9446494 -0.007822244
0.10581864 -0.88923293 -0.0030858987
0.10000829 -0.724517 0.002432901
0.13842751 -0.86143357 -0.01210508
0.11854419 -0.9204216 -0.008122595
0.106557846 -0.8612433 -0.003214662
0.10133334 -0.69070065 0.0022490334
0.13906442 -0.8405186 -0.0124160005
0.11911613 -0.89657325 -0.008441861
0.107336804 -0.83372843 -0.003392644
0.10269541 -0.6578187 0.0019894792
0.13967413 -0.8205045 -0.012703265
0.11973457 -0.8731373 -0.008774685
0.10815412 -0.8067159 -0.0036128217
0.10408993 -0.6259093 0.0016679611
0.14027165 -0.8013282 -0.012979953
0.120396934 -0.85014623 -0.0091175325
0.10900777 -0.7802329 -0.0038696968
0.10551115 -0.5950069 0.0012938395
0.14086722 -0.7829446 -0.013253231
0.12110068 -0.8276314 -0.009467329
0.10989603 -0.75430506 -0.0041580927
0.10695303 -0.5651385 0.00087466504
0.14146727 -0.7653212 -0.013526875
0.12184299 -0.80562264 -0.009821727
0.11081709 -0.7289572 -0.0044738003
0.108408995 -0.53632474 0.00041650297
0.14207546 -0.7484335 -0.013802772
0.12262076 -0.7841482 -0.010178894
0.11176905 -0.70421284 -0.004813294
0.10987229 -0.5085789 -7.5238066e-05
0.14269362 -0.7322628 -0.014081805
0.12343076 -0.76323414 -0.010537561
0.11274994 -0.6800947 -0.005173751
0.111336425 -0.4819073 -0.0005956331
0.14332233 -0.7167948 -0.014364334
0.124269605 -0.7429044 -0.0108969435
0.113757715 -0.6566243 -0.005552899
0.11279544 -0.45631012 -0.0011401008
0.1439614 -0.7020181 -0.014650482
0.1251339 -0.7231805 -0.011256686
0.114790216 -0.63382196 -0.0059489184
0.114244096 -0.43178192 -0.0017044318
0.1446101 -0.68792355 -0.014940281
0.12602031 -0.7040812 -0.011616781
0.11584521 -0.61170673 -0.0063603404
0.11567801 -0.40831295 -0.002284833
0.14526743 -0.6745038 -0.0152337495
0.12692562 -0.68562335 -0.011977483
0.116920374 -0.59029645 -0.006785976
0.11709368 -0.38589007 -0.0028779907
0.14593212 -0.6617527 -0.015530934
0.12784664 -0.6678214 -0.012339228
0.11801322 -0.56960756 -0.007224815
0.11848837 -0.36449775 -0.003481048
0.14660287 -0.64966506 -0.015831918
0.12878054 -0.6506878 -0.012702585
0.11912131 -0.549655 -0.0076760347
0.11986015 -0.34411892 -0.004091691
0.14727826 -0.6382365 -0.016136836
0.12972456 -0.6342331 -0.0130681805
0.12024206 -0.5304523 -0.0081389
0.12120766 -0.3247358 -0.0047080405
0.14795683 -0.6274633 -0.016445866
0.13067612 -0.61846644 -0.013436668
0.12137284 -0.5120115 -0.00861276
0.12253003 -0.30633032 -0.005328645
0.14863722 -0.61734194 -0.01675922
0.13163288 -0.6033953 -0.013808701
0.1225111 -0.4943431 -0.009097056
0.12382681 -0.28888476 -0.0059524663
0.14931796 -0.6078695 -0.017077144
0.13259262 -0.589026 -0.014184903
0.123654194 -0.477456 -0.009591253
0.12509778 -0.27238187 -0.006578753
0.14999768 -0.59904313 -0.017399903
0.13355327 -0.5753637 -0.014565855
0.12479955 -0.46135765 -0.010094863
0.12634292 -0.25680512 -0.0072070286
0.15067501 -0.5908604 -0.017727777
0.13451286 -0.5624127 -0.0149520915
0.1259446 -0.44605407 -0.010607434
0.1275623 -0.24213895 -0.007837031
0.15134865 -0.5833189 -0.018061051
0.13546956 -0.55017626 -0.015344095
0.1270869 -0.4315498 -0.011128555
0.12875603 -0.22836865 -0.008468677
0.15201728 -0.5764164 -0.018400012
0.13642158 -0.53865707 -0.015742283
0.12822396 -0.41784802 -0.011657817
0.12992421 -0.21548046 -0.009101972
0.15267964 -0.5701507 -0.018744938
0.13736722 -0.5278569 -0.016147032
0.12935348 -0.40495056 -0.01219487
0.13106693 -0.2034614 -0.009737054
0.1533345 -0.5645198 -0.019096095
0.1383049 -0.51777685 -0.01655866
0.13047324 -0.39285812 -0.012739388
0.13218424 -0.19229946 -0.01037412
0.15398066 -0.55952185 -0.019453736
0.139233 -0.5084175 -0.016977433
0.13158107 -0.38157016 -0.0132910535
0.13327606 -0.18198325 -0.011013384
0.15461697 -0.55515486 -0.019818095
0.14014998 -0.49977884 -0.017403573
0.13267493 -0.37108517 -0.013849602
0.13434231 -0.17250216 -0.011655115
0.15524226 -0.55141705 -0.020189384
0.14105438 -0.4918603 -0.017837264
0.1337529 -0.36140057 -0.014414797
0.1353828 -0.16384615 -0.012299594
0.15585543 -0.5483067 -0.02056779
0.14194472 -0.48466077 -0.018278638
0.13481314 -0.35251305 -0.014986405
0.13639727 -0.1560057 -0.012947076
0.15645537 -0.545822 -0.020953476
0.14281961 -0.47817865 -0.018727805
0.13585396 -0.34441838 -0.0155642545
0.13738538 -0.14897174 -0.013597853
0.15704098 -0.54396135 -0.021346577
0.14367762 -0.47241184 -0.019184824
0.1368737 -0.33711165 -0.016148167
0.13834675 -0.1427356 -0.014252163
0.1576112 -0.54272294 -0.021747207
0.14451744 -0.46735778 -0.019649748
0.13787088 -0.33058733 -0.016738018
0.13928092 -0.13728885 -0.014910279
0.15816498 -0.54210514 -0.022155447
0.1453377 -0.4630135 -0.020122577
0.13884403 -0.32483932 -0.017333677
0.14018735 -0.13262343 -0.015572411
0.15870126 -0.5421064 -0.022571353
0.14613715 -0.45937556 -0.0206033
0.13979182 -0.31986108 -0.017935054
0.14106554 -0.1287314 -0.016238784
0.15921898 -0.5427249 -0.022994965
0.14691451 -0.45644012 -0.021091893
0.140713 -0.3156455 -0.018542085
0.14191487 -0.12560497 -0.016909612
0.15971716 -0.543959 -0.023426278
0.14766857 -0.45420295 -0.021588292
0.14160639 -0.3121852 -0.019154685
0.14273472 -0.123236515 -0.01758505
0.16019472 -0.54580706 -0.023865277
0.14839815 -0.45265943 -0.02209243
0.14247088 -0.30947244 -0.019772818
0.14352442 -0.121618435 -0.018265273
0.16065069 -0.54826725 -0.02431192
0.14910209 -0.45180458 -0.022604225
0.14330542 -0.30749917 -0.020396454
0.14428332 -0.120743215 -0.018950429
0.16108401 -0.5513378 -0.024766145
0.14977929 -0.4516331 -0.02312358
0.14410904 -0.30625713 -0.021025565
0.14501072 -0.12060333 -0.01964064
0.1614937 -0.55501676 -0.02522786
0.15042867 -0.45213926 -0.023650384
0.14488082 -0.30573785 -0.021660134
0.14570592 -0.12119126 -0.020336017
0.16187875 -0.55930233 -0.025696963
0.15104918 -0.4533172 -0.024184525
0.14561988 -0.3059326 -0.02230016
0.14636822 -0.12249949 -0.021036658
0.16223815 -0.5641925 -0.02617332
0.15163983 -0.45516056 -0.024725867
0.1463254 -0.30683264 -0.022945624
0.14699687 -0.12452039 -0.021742627
0.1625709 -0.5696851 -0.026656803
0.15219967 -0.45766285 -0.025274307
0.14699663 -0.30842897 -0.023596553
0.1475912 -0.12724636 -0.022454012
0.16287598 -0.57577795 -0.027147235
0.15272777 -0.46081728 -0.02582969
0.14763282 -0.31071255 -0.02425293
0.1481505 -0.13066968 -0.023170834
0.16315244 -0.5824688 -0.027644455
0.15322323 -0.46461678 -0.026391897
0.14823332 -0.31367424 -0.024914777
0.14867406 -0.1347826 -0.02389314
0.16339925 -0.5897552 -0.028148271
0.15368523 -0.469054 -0.02696079
0.14879745 -0.31730482 -0.0255821
0.14916119 -0.13957721 -0.024620946
0.16361545 -0.59763455 -0.02865849
0.15411294 -0.47412157 -0.027536245
0.14932464 -0.32159504 -0.026254913
0.1496112 -0.14504562 -0.02535426
0.16380005 -0.60610425 -0.029174898
0.15450561 -0.4798117 -0.028118126
0.14981431 -0.32653567 -0.02693322
0.15002348 -0.15117982 -0.026093062
0.16395205 -0.6151613 -0.029697288
0.15486248 -0.4861165 -0.028706321
0.15026592 -0.33211735 -0.027617045
0.1503973 -0.15797162 -0.026837347
0.16407049 -0.6248028 -0.030225428
0.15518288 -0.4930279 -0.029300705
0.15067898 -0.3383308 -0.028306384
0.1507321 -0.16541287 -0.027587062
0.16415441 -0.63502556 -0.030759094
0.15546615 -0.5005377 -0.029901171
0.15105304 -0.3451667 -0.029001247
0.15102725 -0.17349526 -0.028342158
0.16420282 -0.6458261 -0.031298067
0.15571167 -0.5086374 -0.030507633
0.15138766 -0.3526158 -0.029701658
0.15128212 -0.18221034 -0.029102592
0.16421477 -0.6572009 -0.031842113
0.15591887 -0.51731867 -0.031119997
0.15168245 -0.36066884 -0.03040761
0.15149619 -0.1915497 -0.029868273
0.1641893 -0.6691461 -0.032391
0.15608719 -0.5265727 -0.031738196
0.15193705 -0.3693166 -0.031119114
0.15166886 -0.20150468 -0.030639123
0.16412546 -0.6816577 -0.032944515
0.15621614 -0.53639084 -0.032362174
0.15215112 -0.37855 -0.03183617
0.15179963 -0.21206659 -0.031415038
0.16402231 -0.6947314 -0.03350243
0.15630528 -0.5467642 -0.03299189
0.15232436 -0.38835993 -0.032558776
0.151888 -0.22322667 -0.032195903
0.16387892 -0.7083627 -0.03406455
0.15635416 -0.5576838 -0.03362733
0.1524565 -0.39873743 -0.033286933
0.15193346 -0.23497602 -0.032981597
0.16369437 -0.7225468 -0.034630667
0.15636243 -0.56914085 -0.0342685
0.15254731 -0.40967363 -0.03402063
0.15193556 -0.2473057 -0.033771973
0.1634677 -0.7372786 -0.03520062
0.15632972 -0.58112615 -0.03491543
0.15259656 -0.42115977 -0.034759868
0.15189388 -0.26020664 -0.03456689
0.16319805 -0.75255257 -0.03577424
0.15625577 -0.5936306 -0.035568178
0.15260407 -0.43318716 -0.035504635
0.15180798 -0.2736696 -0.03536618
0.16288453 -0.7683632 -0.036351383
0.15614033 -0.6066453 -0.036226824
0.15256968 -0.44574732 -0.036254905
0.1516775 -0.28768536 -0.03616966
0.16252622 -0.7847043 -0.036931954
0.15598316 -0.6201611 -0.036891498
0.15249325 -0.4588319 -0.03701067
0.15150207 -0.30224457 -0.036977142
0.16212231 -0.8015695 -0.037515864
0.15578417 -0.63416904 -0.037562344
0.1523747 -0.4724326 -0.037771896
0.15128137 -0.3173377 -0.03778841
0.16167189 -0.818952 -0.03810308
0.15554321 -0.64866006 -0.03823956
0.15221389 -0.48654145 -0.038538557
0.15101509 -0.33295512 -0.038603242
0.16117421 -0.83684456 -0.038693603
0.15526025 -0.66362536 -0.03892338
0.15201078 -0.5011504 -0.03931061
0.15070295 -0.3490872 -0.0394214
0.16062841 -0.8552398 -0.039287493
0.15493527 -0.6790563 -0.03961408
0.15176532 -0.516252 -0.04008803
0.1503447 -0.36572418 -0.04024262
0.16003375 -0.8741295 -0.03988485
0.15456836 -0.69494414 -0.04031198
0.15147746 -0.53183836 -0.040870745
0.14994016 -0.38285604 -0.041066617
0.1593895 -0.8935052 -0.040485866
0.1541596 -0.71128064 -0.041017465
0.15114717 -0.5479022 -0.04165871
0.14948915 -0.40047282 -0.0418931
0.15869495 -0.9133583 -0.041090783
0.15370919 -0.7280576 -0.041730948
0.15077446 -0.56443644 -0.042451847
0.14899153 -0.4185644 -0.04272173
0.15794946 -0.93367934 -0.04169994
0.15321738 -0.7452673 -0.042452913
0.15035933 -0.5814339 -0.04325008
0.1484472 -0.43712062 -0.04355216
0.15715244 -0.9544585 -0.042313762
0.15268444 -0.762902 -0.04318389
0.14990179 -0.5988876 -0.044053312
0.14785613 -0.456131 -0.044384
0.15630332 -0.97568566 -0.042932805
0.15211074 -0.78095484 -0.04392448
0.14940181 -0.61679095 -0.044861443
0.1472183 -0.47558534 -0.04521683
0.15540166 -0.99735016 -0.043557715
0.15149675 -0.79941905 -0.044675324
0.14885946 -0.63513714 -0.04567434
0.14653377 -0.495473 -0.046050187
0.15444705 -1.0194409 -0.044189278
0.15084296 -0.8182885 -0.045437116
0.14827475 -0.65391964 -0.046491846
0.14580265 -0.5157834 -0.046883557
0.15343915 -1.0419466 -0.04482845
0.15014993 -0.83755785 -0.046210617
0.14764768 -0.6731321 -0.047313802
0.14502506 -0.5365063 -0.047716394
0.15237778 -1.0648553 -0.045476303
0.14941831 -0.857222 -0.046996597
0.14697832 -0.692768 -0.048139986
0.14420128 -0.5576307 -0.04854806
0.15126275 -1.0881552 -0.046134118
0.14864878 -0.87727714 -0.04779588
0.14626671 -0.71282107 -0.048970155
0.14333156 -0.5791464 -0.04937788
0.15009403 -1.1118335 -0.04680336
0.14784208 -0.8977197 -0.04860929
0.14551291 -0.73328483 -0.049804006
0.14241624 -0.60104257 -0.050205085
0.14887172 -1.1358776 -0.047485676
0.14699897 -0.9185474 -0.049437635
0.144717 -0.7541531 -0.050641175
0.14145574 -0.62330896 -0.051028818
0.14759594 -1.160275 -0.048182957
0.14612024 -0.9397587 -0.050281674
0.14387907 -0.7754193 -0.05148121
0.14045054 -0.64593536 -0.05184814
0.14626695 -1.1850126 -0.048897326
0.1452066 -0.9613529 -0.05114209
0.14299925 -0.797077 -0.05232356
0.13940111 -0.66891146 -0.05266199
0.14488514 -1.2100775 -0.049631145
0.14425881 -0.9833303 -0.052019417
0.14207771 -0.8191198 -0.05316754
0.13830806 -0.6922275 -0.0534692
0.14345092 -1.2354565 -0.050387084
0.14327744 -1.0056919 -0.052914
0.14111461 -0.841541 -0.05401231
0.13717197 -0.71587366 -0.054268483
0.14196484 -1.2611367 -0.05116813
0.142263 -1.0284395 -0.053825915
0.1401102 -0.8643339 -0.05485683
0.13599342 -0.73984057 -0.055058423
0.14042754 -1.2871047 -0.051977586
0.14121585 -1.051575 -0.05475483
0.13906473 -0.8874916 -0.0556998
0.13477305 -0.76411873 -0.055837467
0.13883984 -1.3133477 -0.05281925
0.14013618 -1.0751009 -0.05569996
0.13797851 -0.9110073 -0.05653966
0.13351144 -0.7886993 -0.056603964
0.13720272 -1.3398522 -0.05369742
0.139024 -1.0990189 -0.056659818
0.13685183 -0.9348737 -0.05737448
0.13220917 -0.8135731 -0.057356182
0.13551769 -1.3666052 -0.054617345
0.13787928 -1.1233311 -0.05763199
0.135685 -0.9590839 -0.058201995
0.13086684 -0.8387314 -0.05809242
0.13378698 -1.393592 -0.055585407
0.1367019 -1.1480374 -0.058612607
0.13447823 -0.9836305 -0.05901949
0.12948504 -0.86416495 -0.05881116
0.13201523 -1.4207989 -0.056611188
0.1354919 -1.1731374 -0.05959563
0.13323168 -1.008506 -0.05982392
0.1280645 -0.8898646 -0.059511464
0.13021064 -1.4482068 -0.057708982
0.13424927 -1.1986294 -0.060571447
0.13194527 -1.0337032 -0.060611878
0.12660603 -0.91582143 -0.060193747
0.12839477 -1.4757965 -0.058909632
0.13297445 -1.2245088 -0.06152474
0.13061893 -1.0592139 -0.061379734
0.12511066 -0.94202477 -0.060860444
0.1266112 -1.5035173 -0.060267333
0.13166697 -1.2507739 -0.062433377
0.12925203 -1.0850321 -0.06212411
0.12357961 -0.9684675 -0.06151883
0.12498868 -1.5312551 -0.06204958
0.13032572 -1.2774026 -0.063272685
0.12784424 -1.1111399 -0.06284596
0.122012645 -0.99512666 -0.06218224
0.14001876 -0.90422994 -0.01169395
0.13992041 -0.8387885 -0.009903227
0.14168704 -0.81451494 -0.011094144
0.143435 -0.79259616 -0.012261603
0.14691874 -0.7372327 -0.012718626
0.14748321 -0.72095895 -0.013438809
0.147866 -0.70546436 -0.014155518
0.14744271 -0.6897579 -0.014787145
0.15347871 -0.6506399 -0.015462005
0.15289591 -0.6401696 -0.015980141
0.15203616 -0.6284292 -0.016477687
0.15930986 -0.6026494 -0.017247815
0.15804398 -0.5960489 -0.017725518
0.15678284 -0.58771616 -0.018211074
0.15541957 -0.5774818 -0.018690083
0.16294424 -0.57226056 -0.019487157
0.16135633 -0.5669273 -0.020023
0.15983103 -0.5597938 -0.020569596
0.16738363 -0.567736 -0.021350456
0.16553618 -0.5652259 -0.021963703
0.1638236 -0.56114274 -0.02259628
0.16222148 -0.55557364 -0.023245702
0.169184 -0.5818069 -0.024066627
0.16726258 -0.580839 -0.024788778
0.1654819 -0.57866687 -0.025533453
0.1722042 -0.6160513 -0.026344107
0.17004319 -0.61833686 -0.027149778
0.16802524 -0.61964846 -0.027980661
0.16614382 -0.62006706 -0.028839063
0.17207582 -0.6733136 -0.029667359
0.16975582 -0.67818654 -0.030570194
0.1675671 -0.6822625 -0.031502325
0.17327145 -0.74571264 -0.032318674
0.17057973 -0.75418156 -0.033275876
0.1680059 -0.7618145 -0.03426393
0.16555877 -0.7685924 -0.035289705
0.1703987 -0.84779096 -0.036066726
0.16735463 -0.8587784 -0.037092596
0.16443872 -0.8686381 -0.03816208
0.1691027 -0.95944357 -0.038912535
0.1654962 -0.9734433 -0.03996012
0.16202244 -0.98583734 -0.041062698
0.1587318 -0.9965236 -0.042243354
0.16229416 -1.106314 -0.042852778
0.1581563 -1.120466 -0.043989617
0.15427983 -1.1321502 -0.045240235
0.1575656 -1.2579952 -0.045799658
0.15262535 -1.2728305 -0.0470057
0.14813195 -1.2842336 -0.04838432
0.14410755 -1.2924416 -0.049988046
0.14501922 -1.4426974 -0.05038877
0.1399762 -1.4524982 -0.05207067
0.13583758 -1.4584333 -0.053981714
0.13434295 -1.6268212 -0.055061024
0.12880681 -1.634316 -0.05766991
0.12508316 -1.6390084 -0.06044714
0.10492042 -0.45804083 0.0038004676
0.1134927 -0.4947828 8.935836e-05
0.11175559 -0.39786533 -0.0005615341
0.11056819 -0.2974117 -0.0009861428
0.12107395 -0.3316704 -0.0034687386
0.11880704 -0.2483619 -0.004112607
0.117579125 -0.1601375 -0.0041527655
0.117121495 -0.06646062 -0.0040659616
0.12600273 -0.13107525 -0.0060131894
0.12496182 -0.05261825 -0.006304876
0.12459777 0.03006787 -0.0061938763
0.13214526 -0.04418201 -0.007765338
0.13169615 0.024988418 -0.008323475
0.13159043 0.09699901 -0.008454758
0.13220352 0.1726098 -0.008521219
0.13756011 0.0754776 -0.010649036
0.13772129 0.13674866 -0.011041244
0.13827339 0.20038769 -0.011249351
0.14254561 0.10177984 -0.013301105
0.1428754 0.15215346 -0.013937291
0.14340182 0.2040419 -0.014365899
0.14426506 0.25762406 -0.014866506
0.14706393 0.14578523 -0.0171654
0.14747073 0.18615143 -0.017808603
0.14808449 0.22748339 -0.01839589
0.15030952 0.11985523 -0.020624094
0.15047209 0.14899847 -0.021480858
0.1507719 0.1786063 -0.022231802
0.15115334 0.20860331 -0.023104789
0.15240751 0.09459577 -0.025368556
0.15229756 0.113036886 -0.026286256
0.15228239 0.13145271 -0.027204284
0.15328704 0.0247509 -0.029379735
0.15266366 0.032637063 -0.030469883
0.1521394 0.040231805 -0.03150252
0.15154329 0.047311354 -0.03266387
0.15187445 -0.06087491 -0.034755047
0.15075785 -0.063299775 -0.03590236
0.14966549 -0.066420406 -0.037069675
0.14994775 -0.16589713 -0.03905268
0.14816366 -0.17748924 -0.04030594
0.1464425 -0.18982455 -0.041517198
0.14456646 -0.20319949 -0.04283767
0.14438443 -0.3007922 -0.044670667
0.14197601 -0.3213122 -0.045893796
0.13952222 -0.34271294 -0.04712727
0.13946219 -0.43177092 -0.048898842
0.13635187 -0.4594463 -0.050075736
0.13318798 -0.48761478 -0.051181056
0.12986408 -0.51646394 -0.052377645
0.12962905 -0.60294974 -0.054034628
0.12573543 -0.6366925 -0.054891754
0.12173576 -0.67008674 -0.055812154
0.12187902 -0.7506081 -0.05767506
0.11727075 -0.7889282 -0.05813031
0.11255053 -0.82525325 -0.05886105
0.106239475 -0.7957912 0.0069406084
0.09023036 -0.7550381 0.0070474083
0.08983265 -0.90047956 0.0058534453
0.09344943 -1.0432469 0.0032824788
0.08035247 -1.021815 0.003938175
0.08193094 -1.1694655 0.0015462266
0.08525941 -1.3064815 -0.0011325615
0.08813861 -1.431235 -0.0038919111
0.0779992 -1.4578804 -0.0034798007
0.08135882 -1.5827075 -0.005789386
0.084676705 -1.6946791 -0.008039132
0.07776209 -1.7542611 -0.008275612
0.081169024 -1.8622315 -0.010181907
0.084744155 -1.9573296 -0.011992319
0.0880415 -2.0399826 -0.013683017
0.08389742 -2.134405 -0.014041909
0.087564215 -2.2097285 -0.015459506
0.091148406 -2.2728844 -0.01675658
0.08880681 -2.3894444 -0.017261066
0.09240169 -2.4428704 -0.018301504
0.09596859 -2.4845798 -0.019218463
0.0994023 -2.5151172 -0.02000012
0.09858538 -2.648492 -0.020438831
0.101882026 -2.667324 -0.020973658
0.10505727 -2.6756475 -0.021375539
0.105487056 -2.8189905 -0.02181095
0.10826087 -2.8139205 -0.021952314
0.11089352 -2.7991803 -0.021963786
0.11338206 -2.7754428 -0.021835003
0.11446915 -2.917651 -0.022094414
0.11629137 -2.8793519 -0.021699693
0.11793992 -2.8331168 -0.0211704
0.11985456 -2.9721906 -0.021343395
0.120609365 -2.910161 -0.020521943
0.12114526 -2.8414505 -0.019572096
0.12152091 -2.7668822 -0.018487174
0.123188585 -2.885888 -0.018367628
0.122360624 -2.7950494 -0.016969927
0.1212984 -2.6998885 -0.015447874
0.123344846 -2.800981 -0.01516596
0.12095242 -2.6886873 -0.0132810045
0.11818011 -2.5738904 -0.011282437
0.115208216 -2.4575872 -0.009192174
0.11629705 -2.517141 -0.008396514
0.1116134 -2.384106 -0.005858471
0.10641004 -2.2518506 -0.0032747677
0.10773209 -2.2749255 -0.0021663303
0.10112648 -2.1255963 0.0010070702
0.09345007 -1.9798899 0.0041587083
0.08511147 -1.838348 0.007093471
0.08613622 -1.7931409 0.009469007
0.07636276 -1.6371065 0.013261839
0.06463891 -1.4879616 0.016688963
0.06499548 -1.3834829 0.019066261
0.054302216 -1.2195524 0.023107162
0.04177083 -1.0629869 0.026969118
0.13488656 -1.0641705 -0.009471787
0.115782194 -1.1222872 -0.007292443
0.10191795 -1.0961326 -0.0038945258
0.0923591 -0.9834238 0.0004038733
0.13461688 -1.0897729 -0.010070203
0.11564458 -1.1484479 -0.007528145
0.10156028 -1.126929 -0.0042537483
0.091592535 -1.0229625 -0.00028434533
0.13430785 -1.1151179 -0.010564666
0.11554552 -1.1746986 -0.0078087896
0.10125323 -1.15792 -0.0046581067
0.09091776 -1.0629311 -0.0010008735
0.13399635 -1.1402637 -0.010989717
0.11548649 -1.2010145 -0.008122569
0.10099926 -1.1890829 -0.0051001236
0.09033677 -1.1032739 -0.0017351481
0.13370192 -1.1652354 -0.011360956
0.11546744 -1.2273678 -0.0084611345
0.10079794 -1.2203852 -0.00557203
0.089848965 -1.1439214 -0.0024794333
0.1334388 -1.1900496 -0.011695522
0.1154887 -1.2537298 -0.008818658
0.10064962 -1.2517955 -0.0060679433
0.08945397 -1.184804 -0.0032284106
0.1332148 -1.2147107 -0.01200402
0.115550205 -1.280072 -0.009190485
0.100554414 -1.2832806 -0.006582255
0.08915073 -1.2258494 -0.0039770794
0.13303448 -1.2392181 -0.012294156
0.11565163 -1.3063666 -0.009573061
0.10051239 -1.3148065 -0.0071103955
0.08893723 -1.2669857 -0.004721317
0.13290009 -1.2635663 -0.012570698
0.11579239 -1.3325863 -0.009963391
0.10052355 -1.3463383 -0.0076483893
0.08881065 -1.3081428 -0.0054577007
0.13281257 -1.2877467 -0.012836808
0.11597179 -1.358705 -0.01035895
0.10058779 -1.3778415 -0.008192873
0.08876745 -1.3492529 -0.006183653
0.13277204 -1.3117489 -0.013094482
0.116188996 -1.3846977 -0.010757515
0.10070493 -1.4092808 -0.008740931
0.088803574 -1.3902524 -0.0068973717
0.13277815 -1.3355604 -0.013345007
0.11644316 -1.4105399 -0.011157113
0.10087467 -1.4406208 -0.00929002
0.08891473 -1.431081 -0.007597731
0.13283022 -1.359168 -0.013589184
0.116733424 -1.4362084 -0.01155596
0.10109659 -1.4718261 -0.009837892
0.089096665 -1.471683 -0.008284136
0.1329273 -1.3825574 -0.013827502
0.11705891 -1.4616805 -0.011952443
0.10137008 -1.5028613 -0.010382537
0.089345165 -1.5120065 -0.008956354
0.13306832 -1.4057136 -0.014060215
0.117418736 -1.4869342 -0.012345081
0.101694345 -1.5336907 -0.010922142
0.08965631 -1.5520028 -0.009614379
0.13325216 -1.4286216 -0.014287389
0.11781214 -1.511948 -0.012732509
0.102068596 -1.5642793 -0.011455053
0.090026684 -1.5916268 -0.010258308
0.13347752 -1.4512659 -0.0145089645
0.1182383 -1.5367007 -0.013113469
0.102491744 -1.594592 -0.0119797615
0.09045309 -1.6308355 -0.010888243
0.13374306 -1.4736311 -0.014724761
0.11869644 -1.5611715 -0.013486796
0.102962606 -1.6245942 -0.012494876
0.090932705 -1.6695884 -0.0115042385
0.13404743 -1.4957018 -0.014934498
0.119185776 -1.5853399 -0.0138514
0.10347989 -1.6542517 -0.012999113
0.0914631 -1.7078465 -0.012106255
0.13438907 -1.5174627 -0.015137817
0.11970547 -1.6091857 -0.014206273
0.10404206 -1.6835306 -0.013491292
0.09204192 -1.7455722 -0.012694149
0.13476655 -1.5388991 -0.015334272
0.120254725 -1.6326885 -0.014550452
0.104647584 -1.7123978 -0.013970313
0.09266717 -1.7827286 -0.01326766
0.1351783 -1.5599961 -0.01552335
0.12083271 -1.6558287 -0.014883032
0.1052948 -1.7408208 -0.014435152
0.093336985 -1.8192799 -0.013826411
0.13562272 -1.5807397 -0.015704494
0.12143849 -1.6785862 -0.015203165
0.10598186 -1.7687675 -0.01488487
0.09404945 -1.8551908 -0.014369945
0.13609827 -1.6011162 -0.01587708
0.122071154 -1.7009414 -0.0155100245
0.10670694 -1.7962071 -0.015318578
0.094802864 -1.8904266 -0.014897702
0.1366033 -1.6211121 -0.016040456
0.12272968 -1.722875 -0.015802832
0.10746807 -1.8231088 -0.015735453
0.09559542 -1.9249529 -0.015409061
0.13713616 -1.6407146 -0.016193936
0.123413 -1.7443675 -0.016080843
0.10826321 -1.8494432 -0.016134731
0.09642525 -1.9587353 -0.015903352
0.13769531 -1.6599115 -0.016336797
0.12412001 -1.7653997 -0.016343324
0.10909036 -1.8751813 -0.016515674
0.09729058 -1.9917406 -0.016379846
0.1382791 -1.678691 -0.016468305
0.124849536 -1.785953 -0.016589576
0.109947376 -1.900295 -0.016877599
0.09818943 -2.023935 -0.016837804
0.13888592 -1.6970417 -0.016587712
0.12560031 -1.8060086 -0.016818926
0.11083212 -1.9247569 -0.017219858
0.099119775 -2.0552855 -0.017276462
0.13951415 -1.7149531 -0.016694263
0.12637101 -1.8255482 -0.017030714
0.11174241 -1.9485403 -0.01754183
0.1000795 -2.0857594 -0.01769505
0.14016224 -1.7324146 -0.016787197
0.1271603 -1.8445537 -0.017224304
0.11267603 -1.9716196 -0.01784292
0.101066396 -2.1153247 -0.0180928
0.14082862 -1.7494166 -0.016865756
0.12796672 -1.8630075 -0.017399076
0.11363077 -1.9939696 -0.018122563
0.10207813 -2.1439495 -0.018468944
0.14151172 -1.7659498 -0.016929187
0.1287888 -1.8808923 -0.017554427
0.11460436 -2.0155659 -0.018380208
0.1031123 -2.1716025 -0.018822733
0.14221002 -1.7820053 -0.016976744
0.12962498 -1.8981911 -0.017689768
0.115594536 -2.0363846 -0.018615324
0.10416639 -2.1982527 -0.019153427
0.14292197 -1.7975746 -0.017007703
0.13047366 -1.9148874 -0.017804539
0.11659897 -2.056403 -0.018827405
0.10523774 -2.22387 -0.01946032
0.1436461 -1.8126501 -0.01702133
0.13133325 -1.9309651 -0.017898174
0.1176154 -2.0755987 -0.019015938
0.10632372 -2.248425 -0.019742694
0.14438094 -1.8272239 -0.01701693
0.13220204 -1.9464085 -0.017970141
0.118641466 -2.0939503 -0.019180443
0.1074215 -2.271889 -0.019999882
0.145125 -1.8412889 -0.01699382
0.13307832 -1.9612026 -0.018019922
0.1196748 -2.1114366 -0.019320449
0.10852822 -2.2942333 -0.020231232
0.14587684 -1.8548386 -0.016951334
0.13396034 -1.9753326 -0.01804701
0.12071304 -2.1280375 -0.019435499
0.10964092 -2.3154309 -0.020436116
0.14663501 -1.8678664 -0.01688883
0.13484628 -1.9887844 -0.018050928
0.12175375 -2.1437335 -0.019525154
0.11075656 -2.335455 -0.020613937
0.14739813 -1.8803664 -0.01680568
0.13573438 -2.0015442 -0.018031193
0.12279455 -2.1585054 -0.019588964
0.111872114 -2.3542795 -0.020764096
0.14816478 -1.8923329 -0.016701296
0.13662276 -2.0135992 -0.017987365
0.12383297 -2.1723356 -0.019626528
0.11298438 -2.3718798 -0.020886054
0.14893356 -1.9037606 -0.016575092
0.13750957 -2.0249364 -0.017919006
0.124866545 -2.185206 -0.019637426
0.114090204 -2.388231 -0.020979265
0.14970316 -1.9146444 -0.01642652
0.13839296 -2.035544 -0.017825695
0.12589282 -2.1970997 -0.019621262
0.11518636 -2.4033103 -0.021043207
0.15047218 -1.9249797 -0.016255062
0.13927099 -2.0454102 -0.017707052
0.12690923 -2.2080011 -0.01957767
0.11626954 -2.4170952 -0.021077411
0.15123929 -1.9347621 -0.016060222
0.14014177 -2.0545244 -0.017562706
0.12791325 -2.2178943 -0.019506289
0.117336415 -2.4295638 -0.02108141
0.1520032 -1.9439875 -0.015841514
0.1410034 -2.062876 -0.01739229
0.12890238 -2.226765 -0.019406749
0.11838368 -2.4406958 -0.021054728
0.1527626 -1.9526519 -0.015598502
0.14185396 -2.070455 -0.017195487
0.12987402 -2.2345986 -0.019278726
0.11940797 -2.4504712 -0.020996949
0.15351619 -1.9607518 -0.015330771
0.14269151 -2.0772524 -0.016971996
0.13082556 -2.2413824 -0.01912191
0.12040585 -2.4588716 -0.020907674
0.15426269 -1.9682839 -0.015037927
0.1435141 -2.0832593 -0.01672153
0.13175444 -2.2471037 -0.01893599
0.12137395 -2.4658787 -0.0207865
0.15500087 -1.9752449 -0.014719609
0.14431982 -2.0884676 -0.01644384
0.13265802 -2.251751 -0.018720679
0.12230885 -2.471476 -0.020633047
0.15572947 -1.981632 -0.014375484
0.14510675 -2.0928695 -0.016138697
0.13353369 -2.2553132 -0.018475708
0.12320714 -2.4756474 -0.020446964
0.15644726 -1.9874425 -0.014005253
0.14587292 -2.0964582 -0.015805915
0.13437878 -2.2577803 -0.018200831
0.124065384 -2.478378 -0.02022792
0.15715306 -1.9926739 -0.013608639
0.14661644 -2.099227 -0.01544532
0.13519067 -2.259143 -0.017895807
0.124880195 -2.479654 -0.019975575
0.15784563 -1.9973239 -0.013185399
0.14733538 -2.10117 -0.01505678
0.13596669 -2.2593932 -0.017560411
0.12564816 -2.4794626 -0.019689621
0.15852383 -2.0013902 -0.012735322
0.14802784 -2.1022818 -0.014640201
0.1367042 -2.2585232 -0.017194454
0.12636589 -2.4777913 -0.019369777
0.15918648 -2.004871 -0.012258227
0.1486919 -2.102558 -0.014195514
0.13740054 -2.2565265 -0.016797738
0.12703 -2.4746292 -0.019015744
0.15983243 -2.007764 -0.011753962
0.14932568 -2.1019938 -0.013722691
0.13805306 -2.2533972 -0.016370093
0.12763718 -2.4699667 -0.018627258
0.16046055 -2.0100682 -0.011222414
0.14992732 -2.1005857 -0.013221746
0.13865907 -2.2491305 -0.015911369
0.12818411 -2.463794 -0.01820406
0.16106969 -2.0117812 -0.010663506
0.15049493 -2.0983307 -0.01269274
0.13921599 -2.2437232 -0.015421439
0.12866749 -2.4561036 -0.017745921
0.16165876 -2.0129018 -0.010077192
0.15102667 -2.0952263 -0.012135769
0.13972114 -2.2371716 -0.0149001805
0.12908408 -2.446888 -0.017252602
0.16222668 -2.0134287 -0.009463464
0.15152071 -2.0912702 -0.011550969
0.14017193 -2.229475 -0.014347489
0.12943068 -2.436141 -0.016723868
0.16277233 -2.01336 -0.008822351
0.15197523 -2.0864613 -0.0109385345
0.14056574 -2.2206318 -0.013763283
0.12970412 -2.4238575 -0.016159512
0.16329464 -2.012695 -0.008153931
0.15238844 -2.0807984 -0.0102987075
0.14090002 -2.2106428 -0.013147506
0.1299013 -2.410033 -0.015559324
0.16379255 -2.0114322 -0.007458319
0.15275851 -2.0742815 -0.0096317725
0.1411722 -2.1995091 -0.012500101
0.13001913 -2.3946638 -0.0149230845
0.16426498 -2.0095701 -0.006735671
0.15308373 -2.0669107 -0.008938073
0.14137977 -2.1872337 -0.011821044
0.13005461 -2.3777478 -0.014250586
0.16471086 -2.0071077 -0.005986206
0.15336229 -2.0586867 -0.008218014
0.14152029 -2.1738198 -0.011110335
0.13000476 -2.3592827 -0.013541613
0.16512915 -2.0040438 -0.0052101784
0.15359248 -2.0496113 -0.007472043
0.14159134 -2.1592722 -0.010367985
0.12986666 -2.3392682 -0.012795934
0.16551879 -2.0003772 -0.0044079097
0.15377258 -2.0396862 -0.0067006773
0.14159054 -2.143597 -0.009594038
0.12963745 -2.317704 -0.012013305
0.1658787 -1.9961066 -0.0035797826
0.15390085 -2.0289142 -0.0059044976
0.14151561 -2.126801 -0.008788567
0.12931429 -2.2945912 -0.011193463
0.1662078 -1.991231 -0.0027262305
0.15397558 -2.0172987 -0.0050841295
0.14136434 -2.1088924 -0.007951652
0.12889436 -2.269931 -0.010336085
0.16650502 -1.9857489 -0.0018477737
0.15399508 -2.0048432 -0.0042402823
0.14113459 -2.0898807 -0.0070834258
0.12837489 -2.2437267 -0.009440837
0.16676925 -1.9796594 -0.00094499934
0.15395762 -1.9915528 -0.0033737172
0.14082435 -2.0697763 -0.006184039
0.1277531 -2.2159817 -0.008507306
0.16699937 -1.9729612 -1.8569566e-05
0.15386151 -1.9774326 -0.0024852536
0.14043169 -2.0485904 -0.005253669
0.1270262 -2.1867003 -0.0075350082
0.16719425 -1.9656531 0.00093075825
0.15370503 -1.9624888 -0.0015757816
0.13995484 -2.0263357 -0.0042925323
0.1261914 -2.1558883 -0.006523388
0.16735269 -1.957734 0.0019021377
0.15348645 -1.9467282 -0.00064624066
0.13939211 -2.0030255 -0.0033008636
0.12524582 -2.123552 -0.0054717744
0.16747352 -1.9492027 0.0028946307
0.15320401 -1.9301589 0.0003023836
0.13874197 -1.978674 -0.0022789186
0.124186516 -2.0897 -0.0043793838
0.1675555 -1.9400582 0.0039071776
0.15285596 -1.9127896 0.0012690505
0.13800305 -1.9532968 -0.0012269834
0.12301045 -2.0543413 -0.0032453174
0.16759738 -1.9302995 0.004938631
0.15244053 -1.89463 0.0022527138
0.13717416 -1.926909 -0.0001453284
0.12171445 -2.0174875 -0.0020685217
0.16759789 -1.9199258 0.0059877005
0.1519559 -1.8756914 0.0032523014
0.13625416 -1.8995275 0.00096576964
0.120295145 -1.9791515 -0.0008478171
0.16755572 -1.9089363 0.007052994
0.15140034 -1.8559858 0.004266775
0.13524218 -1.8711691 0.0021060759
0.118749075 -1.9393492 0.00041811308
0.16746955 -1.8973302 0.00813298
0.15077202 -1.8355266 0.0052951477
0.1341374 -1.841851 0.003275412
0.11707254 -1.8980986 0.0017306962
0.16733809 -1.8851069 0.009225987
0.15006927 -1.8143287 0.0063365214
0.13293922 -1.8115909 0.004473683
0.11526177 -1.8554217 0.0030914163
0.16716002 -1.872266 0.010330199
0.14929041 -1.7924082 0.0073901536
0.13164712 -1.7804066 0.005700937
0.11331289 -1.8113436 0.0045017735
0.16693415 -1.8588068 0.011443655
0.14843391 -1.7697825 0.008455521
0.13026069 -1.7483153 0.0069574234
0.11122204 -1.7658927 0.005963208
0.16665931 -1.8447291 0.012564181
0.1474984 -1.7464706 0.009532355
0.1287797 -1.7153356 0.008243613
0.108985625 -1.7191037 0.0074769487
0.16633448 -1.8300315 0.013689388
0.14648269 -1.7224921 0.010620757
0.12720388 -1.6814848 0.009560324
0.1066003 -1.6710144 0.009043968
0.16595888 -1.8147125 0.014816634
0.14538583 -1.6978672 0.0117213195
0.12553315 -1.6467797 0.01090882
0.104063496 -1.6216664 0.010664901
0.16553189 -1.7987704 0.015942704
0.14420706 -1.6726176 0.0128351515
0.123767406 -1.6112386 0.012290804
0.101373345 -1.5711079 0.012339903
0.16505325 -1.7822009 0.01706372
0.14294583 -1.646764 0.01396421
0.121906675 -1.5748777 0.0137086315
0.098529235 -1.5193878 0.014068842
0.16452272 -1.764998 0.018173972
0.14160167 -1.620328 0.015111589
0.11995098 -1.5377141 0.015165327
0.09553168 -1.4665592 0.015851427
0.16393988 -1.7471508 0.019265091
0.14017418 -1.5933294 0.016282117
0.11790048 -1.4997638 0.016664457
0.09238251 -1.4126753 0.017687397
0.1633019 -1.7286423 0.020319236
0.1386629 -1.5657877 0.01748392
0.11575554 -1.4610429 0.018210584
0.08908478 -1.3577902 0.01957749
0.16259989 -1.7094419 0.021309031
0.13706726 -1.5377225 0.01872874
0.113516234 -1.421568 0.019807318
0.085641816 -1.3019587 0.021522148
0.16180311 -1.6894928 0.022134092
0.1353882 -1.5091453 0.020037927
0.11118411 -1.3813486 0.021461645
0.0820587 -1.2452279 0.023525562
0.16081744 -1.6686714 0.022675278
0.13362534 -1.4800813 0.021431372
0.10875685 -1.3404075 0.02317173
0.07833575 -1.1876482 0.02558475
0.13352652 -0.96286005 -0.011493202
0.13369799 -1.0450991 -0.012426654
0.13248074 -1.074167 -0.013008643
0.1312188 -1.1034129 -0.0136109255
0.13417092 -1.1858557 -0.013462334
0.13297684 -1.2145593 -0.0141164875
0.13207205 -1.243726 -0.01449684
0.13121843 -1.2738546 -0.014708288
0.13414487 -1.3467853 -0.014698709
0.13407083 -1.3750691 -0.015065469
0.13404499 -1.4033362 -0.015280757
0.13560197 -1.4700694 -0.015343038
0.13644676 -1.4960148 -0.015682144
0.13719815 -1.521135 -0.015885098
0.13786355 -1.5454109 -0.016008586
0.139077 -1.6065282 -0.016288085
0.14048965 -1.6276046 -0.0164192
0.14172867 -1.6474551 -0.016463995
0.14194264 -1.7064087 -0.016745443
0.14387669 -1.7228736 -0.016748875
0.14558503 -1.7380437 -0.016655488
0.14706925 -1.7520422 -0.0164827
0.14732131 -1.8066362 -0.016750857
0.14938918 -1.8170706 -0.01647101
0.15122229 -1.826611 -0.016103059
0.15075791 -1.8781836 -0.016320694
0.15308309 -1.8839893 -0.015816536
0.15518008 -1.8893644 -0.015216209
0.1570798 -1.8945979 -0.014526348
0.15658207 -1.937887 -0.014616001
0.15886371 -1.9394897 -0.01375534
0.16096608 -1.9416275 -0.012801352
0.15976927 -1.9775541 -0.01281165
0.16217078 -1.9758612 -0.011670728
0.16442929 -1.9754895 -0.010434268
0.16661325 -1.976841 -0.009105281
0.16497159 -1.9970962 -0.008931199
0.16734228 -1.9948468 -0.0074014678
0.16965654 -1.9952427 -0.0057810815
0.16710354 -2.0015965 -0.005527992
0.16956311 -1.9981236 -0.0037015486
0.17202254 -1.9982915 -0.0017892034
0.17456608 -2.0025856 0.0002033804
0.17091392 -1.9835234 0.00063360477
0.17353667 -1.9841579 0.002825536
0.17626144 -1.9899955 0.005081476
0.17115363 -1.9490801 0.0055177053
0.17398094 -1.9507704 0.007945717
0.1770751 -1.958702 0.010394555
0.18044548 -1.9731071 0.0128363315
0.17298672 -1.8960582 0.013330352
0.1766144 -1.9063498 0.015752712
0.18094409 -1.9231049 0.017979974
0.16999921 -1.8185248 0.018616801
0.17428662 -1.8314477 0.020448672
0.1800656 -1.8487455 0.02190629
0.16161637 -1.6378562 0.028123247
0.12401283 -1.1633419 0.06768267
0.07509018 -0.6639492 0.092913225
0.1524764 -1.4989141 0.0437255
0.11168384 -1.0230274 0.077684686
0.059653874 -0.52519 0.0976885
0.14228068 -1.3624632 0.056423265
0.098519295 -0.88481236 0.086079836
0.16684596 -1.680071 0.02844207
0.13140075 -1.2276568 0.06778028
0.08457718 -0.7492176 0.09267987
0.15860167 -1.5496246 0.0435337
0.11975848 -1.0944655 0.077703334
0.06993275 -0.61682355 0.097351596
0.14911164 -1.420226 0.056462307
0.10733831 -0.9631503 0.08601391
0.17186482 -1.7205516 0.029038921
0.13890457 -1.2924168 0.06785601
0.09416653 -0.83407134 0.092530176
0.16454759 -1.5996644 0.043372408
0.12796788 -1.1661193 0.07774037
0.08028312 -0.7076455 0.09711287
0.15596749 -1.4781634 0.05645999
0.11628311 -1.0414779 0.08599664
0.17696585 -1.7607914 0.029568864
0.146537 -1.3574708 0.06792173
0.10386236 -0.91869175 0.09246101
0.17053942 -1.649337 0.04336468
0.13633256 -1.2379551 0.07779123
0.09071686 -0.79792446 0.09698171
0.16294755 -1.5361301 0.05649736
0.12536521 -1.1198533 0.086015776
0.1822301 -1.8013086 0.029975383
0.15438439 -1.4226992 0.067994945
0.11365765 -1.0032548 0.09245595
0.17679879 -1.699029 0.043505784
0.1448944 -1.3099167 0.07784487
0.10118434 -0.8879885 0.09695504
-0.012752882 -3.1323507 -0.09554855
0.055163067 -2.4524255 -0.078314535
0.112365626 -1.7621702 -0.0681778
0.0074567287 -2.9495769 -0.08984215
0.07215357 -2.2674253 -0.074526526
-0.045682803 -3.442976 -0.104582444
0.026709031 -2.7664657 -0.08468745
0.088240586 -2.081552 -0.07134844
-0.02415818 -3.2608616 -0.09811514
0.045025464 -2.582879 -0.080102354
0.10371084 -1.8942738 -0.068988614
-0.0035970444 -3.0785456 -0.09218134
0.062447354 -2.3985898 -0.07611355
-0.05763015 -3.5710666 -0.10747066
0.016013948 -2.895977 -0.0867968
0.07906264 -2.213231 -0.07276884
-0.035736218 -3.3892558 -0.10078964
0.03470709 -2.7130148 -0.08198023
0.09509308 -2.0259306 -0.070129074
-0.014812805 -3.207315 -0.09463033
0.05254571 -2.529384 -0.07775969
-0.069758 -3.6991098 -0.11044611
0.005155792 -3.0252109 -0.08901395
0.06964797 -2.3445709 -0.074184224
-0.047477745 -3.5175247 -0.10356995
0.024207408 -2.8428097 -0.083958656
0.086210735 -2.1575725 -0.07130338
-0.02618223 -3.335877 -0.09718872
0.04241603 -2.6598253 -0.079488106
0.102369696 -1.9668118 -0.06869735
-0.0058565815 -3.1541538 -0.09134026
0.059914533 -2.4756925 -0.0756425
-0.05937529 -3.6456683 -0.10644936
0.013537131 -2.972246 -0.086043715
0.07691464 -2.2893496 -0.07247956
-0.03769041 -3.464232 -0.09985333
0.032071747 -2.7898881 -0.08131891
0.09362815 -2.09925 -0.06986461
0.07852178 -2.1493158 -0.073577285
0.01419584 -2.8347173 -0.08928675
-0.06107275 -3.5115836 -0.11096174
0.061545566 -2.3362217 -0.0776339
-0.0060506794 -3.0188146 -0.09498948
0.104405455 -1.8273546 -0.06869629
0.04352586 -2.5223017 -0.08216067
-0.027255246 -3.20258 -0.10122452
0.08815801 -2.0185513 -0.07195667
0.024561794 -2.707729 -0.087178834
-0.0494201 -3.3860345 -0.10805514
0.071167946 -2.2074013 -0.075910114
0.004653208 -2.8926435 -0.092693515
0.11250293 -1.6970824 -0.06846656
0.053389974 -2.3948476 -0.08031993
-0.01620772 -3.0771115 -0.09871411
0.09709811 -1.8888754 -0.0708942
0.0347135 -2.5813665 -0.08518611
-0.03801967 -3.2611916 -0.10528242
0.08048447 -2.0792897 -0.074455485
0.015115934 -2.7671793 -0.09051981
0.119536065 -1.573329 -0.06736429
0.062973045 -2.268145 -0.07864711
-0.0054140147 -2.9524183 -0.09633258
0.10508603 -1.7629625 -0.07009302
0.044588838 -2.4558105 -0.08333066
-0.026881052 -3.1371562 -0.10265307
0.08917105 -1.953253 -0.07329384
0.025304403 -2.642584 -0.08847748
-0.04928609 -3.3214574 -0.10956279
0.072126344 -2.1428468 -0.07718622
0.0051034577 -2.8286328 -0.094086155
0.112271026 -1.6419063 -0.06899453
0.05411199 -2.3314414 -0.081637494
-0.016021365 -3.0140674 -0.10017183
0.09712669 -1.8306613 -0.072213925
0.035173286 -2.519099 -0.086577594
-0.038072225 -3.198955 -0.10678261
0.080708325 -2.0199206 -0.07588958
0.015316023 -2.7059484 -0.091979295
0.118871324 -1.5253687 -0.067404
0.0631859 -2.2088425 -0.08010443
-0.005460473 -2.8920815 -0.09783961
0.10442744 -1.7120516 -0.07098465
0.044662323 -2.3971033 -0.08482384
-0.027155623 -3.077573 -0.10418141
0.08867935 -1.9001257 -0.07462483
0.02518559 -2.5846179 -0.09001316
-0.049765658 -3.2624705 -0.1110667
0.071738005 -2.0886664 -0.0786754
0.004776521 -2.7714014 -0.09565402
0.111182146 -1.5972844 -0.0695043
0.05370867 -2.2770553 -0.08319507
-0.016553745 -2.9574788 -0.10174867
0.09608284 -1.7837622 -0.073272705
0.034666706 -2.4649718 -0.08817801
-0.03879595 -3.1428845 -0.10832761
0.0797528 -1.9713618 -0.07726463
0.014658387 -2.6522615 -0.09360691
0.117461525 -1.4860344 -0.06778129
0.06227288 -2.1593928 -0.08164177
-0.006288162 -2.8388667 -0.09947207
0.10298167 -1.6707516 -0.07177229
0.043719113 -2.3473516 -0.086446434
-0.028153146 -3.0247598 -0.10578157
0.08725842 -1.8571013 -0.07580015
0.02415232 -2.53493 -0.09168034
-0.050918996 -3.20994 -0.11256889
0.070350066 -2.0443878 -0.080104634
0.003616773 -2.7219362 -0.09733453
0.109429345 -1.5608776 -0.070110634
0.052321102 -2.2320492 -0.08477682
-0.017854912 -2.9082677 -0.103404894
0.09429634 -1.7458237 -0.07424046
0.033232894 -2.41965 -0.08984539
-0.040236104 -3.0938594 -0.10990025
0.07796071 -1.9321363 -0.07853484
0.013138383 -2.6068919 -0.0953124
0.115473256 -1.4538586 -0.06830678
0.060473096 -2.1192262 -0.08312516
-0.007919069 -2.7935655 -0.10117175
0.10090798 -1.6373651 -0.07256963
0.041888718 -2.3066103 -0.088066496
-0.029903337 -2.9795413 -0.1074196
0.08513524 -1.8225747 -0.07690137
0.022261277 -2.493896 -0.093376234
0.12114084 -1.349437 -0.06639688
0.06819158 -2.0089247 -0.081455246
0.0016397173 -2.6807957 -0.09905346
0.107129954 -1.5314978 -0.0707897
0.05012334 -2.1958978 -0.086308695
-0.019932447 -2.867093 -0.10509005
0.091906406 -1.7155657 -0.07518861
0.030980607 -2.3830616 -0.09149433
-0.04241601 -3.0526502 -0.11147489
0.07550066 -1.9010745 -0.07974218
0.01081317 -2.570054 -0.09701967
0.112990834 -1.4280008 -0.06891498
0.057951044 -2.0875154 -0.084543094
-0.010331647 -2.7566 -0.10287801
0.098304026 -1.6109145 -0.073392384
0.039301947 -2.2744203 -0.08963712
-0.032409605 -2.9424908 -0.10905324
0.08242703 -1.7955496 -0.07797125
0.019600945 -2.461394 -0.09504071
0.11852296 -1.3266351 -0.066966206
0.06539206 -1.9813823 -0.08274861
-0.0011038815 -2.6481006 -0.10075155
0.10435522 -1.5084258 -0.07151696
0.047238424 -2.1679444 -0.08778006
-0.022765713 -2.8342848 -0.106753305
0.08899608 -1.6921753 -0.07613564
0.02801007 -2.3548045 -0.09309006
-0.045339897 -3.0197601 -0.11301466
0.07246887 -1.877377 -0.08091139
0.0077537308 -2.5415986 -0.098681636
0.11008602 -1.4078826 -0.06957246
0.054807663 -2.0635417 -0.08590454
-0.013483152 -2.7280207 -0.104541026
0.09523237 -1.5907739 -0.07423466
0.036052976 -2.2502317 -0.09114579
-0.035654325 -2.9138472 -0.1106367
0.07920368 -1.7753378 -0.0790234
0.016249327 -2.4370484 -0.096643314
0.11551426 -1.30909 -0.06757223
0.06202916 -1.961092 -0.083997436
-0.0045566442 -2.623661 -0.102387145
0.101157986 -1.4911451 -0.07227226
0.043745473 -2.1475742 -0.08919093
-0.026318237 -2.809803 -0.108348586
0.085618384 -1.6750975 -0.07708117
0.024394829 -2.334376 -0.094616234
-0.0489912 -2.9952984 -0.11447604
0.06892274 -1.8604406 -0.082050115
0.004022658 -2.5211325 -0.10026737
0.10679232 -1.393105 -0.070255876
0.0511049 -2.046711 -0.08721295
-0.01732466 -2.707555 -0.106119804
0.091732785 -1.5764703 -0.07508493
0.032204628 -2.2334719 -0.09258449
-0.039602686 -2.8934305 -0.112124585
0.075507954 -1.7614303 -0.08005754
0.012266173 -2.4203446 -0.09816221
0.11215679 -1.2964525 -0.06819509
0.058149025 -1.9474934 -0.08520303
-0.008664438 -2.607008 -0.103926145
0.09756598 -1.4792795 -0.07303779
0.039694242 -2.1342137 -0.09053609
-0.030542796 -2.7932305 -0.10983396
0.08180306 -1.6638844 -0.078017525
0.02018697 -2.3211813 -0.09605646
0.11726279 -1.2010078 -0.06610081
0.06489547 -1.8497709 -0.08315526
-0.00032684658 -2.508059 -0.10174851
0.10313594 -1.3833336 -0.070945136
0.04687969 -2.0364592 -0.08846223
-0.021802522 -2.6945856 -0.10757708
0.08782601 -1.5676343 -0.07593011
0.027798902 -2.2235224 -0.093938574
-0.04420094 -2.880604 -0.11347666
0.07136119 -1.753377 -0.081066035
0.007699778 -2.4105897 -0.099572115
0.10845714 -1.2884557 -0.06881438
0.05377682 -1.9400651 -0.08635668
-0.01337212 -2.5973856 -0.10533486
0.09359322 -1.4724958 -0.07379708
0.035116177 -2.1272314 -0.09179992
-0.03537749 -2.7837317 -0.11117319
0.07756292 -1.6581501 -0.07893347
0.015427585 -2.314482 -0.09738565
0.11354888 -1.1944505 -0.066655084
0.0604013 -1.8448753 -0.08421515
-0.0052414 -2.5015118 -0.10309264
0.099120386 -1.3782948 -0.0716216
0.04215291 -2.0321746 -0.08963417
-0.026850684 -2.6881359 -0.10887936
0.0835164 -1.5639136 -0.0767568
0.022868864 -2.219607 -0.09518057
-0.0493718 -2.8742685 -0.11466707
0.066768624 -1.750737 -0.082034834
0.0026000245 -2.4068491 -0.10083909
0.10442372 -1.2848377 -0.069408454
0.048923157 -1.9382062 -0.08743681
-0.018611776 -2.5936992 -0.106580324
0.089237615 -1.4704974 -0.07453582
0.030035779 -2.12584 -0.09295036
-0.040739037 -2.78008 -0.11234358
0.072894 -1.6574839 -0.079813875
0.010162613 -2.3132746 -0.09856539
0.109514385 -1.1919402 -0.06716559
0.055440858 -1.8451858 -0.08520469
-0.010651851 -2.5003095 -0.10426457
0.09474196 -1.3777095 -0.07227008
0.036940385 -2.0330465 -0.09069007
-0.03238111 -2.6868718 -0.11000523
0.07879327 -1.5649519 -0.07755069
0.017456673 -2.2206702 -0.09626448
-0.055014797 -2.8729765 -0.11569856
0.06172011 -1.7529603 -0.08293568
-0.0029617893 -2.407847 -0.10192293
0.10004383 -1.2853605 -0.0699586
0.04359454 -1.9410976 -0.088395774
-0.024290068 -2.594533 -0.10764034
0.08448229 -1.4729568 -0.075243
0.02449242 -2.1289077 -0.09393026
-0.04652224 -2.7807627 -0.113349386
0.067775615 -1.6613793 -0.08062831
0.0044677486 -2.3161938 -0.0995477
0.10515922 -1.1932311 -0.06760131
0.05001001 -1.8498535 -0.08606412
-0.016457247 -2.502944 -0.10523984
0.0899782 -1.3813087 -0.07288599
0.031279884 -2.0378613 -0.09155679
-0.038282763 -2.6892369 -0.1109602
0.07362265 -1.5702741 -0.07828137
0.011646505 -2.2252195 -0.09713174
0.11009492 -1.1011009 -0.06521037
0.056198448 -1.759176 -0.08369171
-0.008873043 -2.4119833 -0.102796346
0.09529882 -1.2897836 -0.070468396
0.03782913 -1.9473914 -0.089137144
-0.030287357 -2.5982785 -0.10852159
0.079277985 -1.4794718 -0.0758934
0.018584961 -2.1347897 -0.09466732
-0.05261254 -2.7842185 -0.11422977
0.06217092 -1.6689113 -0.0812743
-0.001526492 -2.3215137 -0.10030331
0.10046026 -1.1981394 -0.06796393
0.044149928 -1.8573503 -0.08666181
-0.022525135 -2.5077627 -0.10602758
0.08475935 -1.3887726 -0.07346171
0.025295036 -2.0447478 -0.09214464
-0.044434685 -2.693683 -0.11178461
0.06793502 -1.5789006 -0.07880534
0.0055957786 -2.2313895 -0.09775375
0.10546279 -1.1060842 -0.065317616
0.05025269 -1.7675585 -0.08411613
-0.014982536 -2.4175482 -0.10347419
0.09008569 -1.2979684 -0.07097945
0.031791855 -1.9549156 -0.089549944
-0.036471006 -2.603414 -0.109266326
0.07349905 -1.4889588 -0.076272056
0.01251093 -2.1414382 -0.095138505
-0.058894113 -2.7890823 -0.115048274
0.05614102 -1.6777986 -0.0814759
-0.0076411823 -2.3274841 -0.10085794
0.09524013 -1.2068475 -0.06842329
0.038095843 -1.8650633 -0.08686326
-0.028703744 -2.513272 -0.10667438
0.07879543 -1.3988801 -0.07364232
0.019250318 -2.0514593 -0.09244457
-0.05070498 -2.6989188 -0.11254191
0.061872702 -1.5877541 -0.078698836
-0.00047169588 -2.2373996 -0.09817408
0.10054121 -1.1151747 -0.06566687
0.044261806 -1.7749003 -0.08405501
-0.021109547 -2.4231076 -0.10401355
0.08399297 -1.3084012 -0.0708114
0.025860967 -1.9612157 -0.089655
-0.042693023 -2.6087391 -0.10993593
0.12710652 -1.2320825 0.055917308
0.07870878 -0.7037731 0.08645047
0.15107055 -1.5513686 0.027115645
0.11020998 -1.0387466 0.06745692
0.05673157 -0.4946157 0.093613856
0.13688898 -1.3697526 0.042597976
0.091359794 -0.8366307 0.07778078
0.032886874 -0.27941284 0.099007234
0.121290125 -1.1786541 0.055625755
0.0705108 -0.6264359 0.086718656
0.14727627 -1.516699 0.027333545
0.10371502 -0.977635 0.06738635
0.047673803 -0.40901554 0.09408434
0.13218972 -1.3261607 0.042082395
0.08408595 -0.76735765 0.07791381
0.022892434 -0.1852502 0.09966033
0.11574752 -1.1266667 0.05536871
0.06238123 -0.54864615 0.087060116
0.14349316 -1.4848845 0.027713774
0.09737414 -0.91716236 0.06736532
0.03861386 -0.32239246 0.09463517
0.12772816 -1.2849653 0.041812595
0.07689615 -0.6980961 0.07811033
0.012822936 -0.0894824 0.10040078
0.11040898 -1.0760763 0.055199552
0.054272182 -0.47028002 0.08747382
0.1397906 -1.4549794 0.028062921
0.09115304 -0.8572712 0.067407444
0.029508298 -0.23460881 0.09526354
0.12338681 -1.2455066 0.041758493
0.06975638 -0.6287484 0.078372665
0.0026372473 0.008030775 0.10122657
0.105206706 -1.0266396 0.055153392
0.046148714 -0.3912155 0.08795804
0.13617752 -1.4265101 0.028371278
0.08501772 -0.7978293 0.06753
0.020322418 -0.1455334 0.09596655
0.11911412 -1.2072607 0.041855957
0.062638514 -0.55919075 0.07870565
-0.00769791 0.1074208 0.10213477
0.10008086 -0.9780252 0.05523488
0.037982583 -0.3113241 0.08851233
0.13263902 -1.3991586 0.02865684
0.0789287 -0.7386382 0.06774497
0.011028078 -0.055037584 0.09674179
0.11488073 -1.1698456 0.042056378
0.05551334 -0.48927116 0.07911477
-0.018209424 0.20881134 0.10312193
0.09498566 -0.92990535 0.055431455
0.029747797 -0.23046921 0.08913727
0.12915438 -1.372677 0.028934728
0.0728463 -0.6794645 0.068055555
0.001600816 0.037005458 0.0975873
0.110663645 -1.1329707 0.042329945
0.048350044 -0.4188147 0.0796035
-0.028919995 0.31231803 0.1041841
0.08988634 -0.8819896 0.055726185
0.02141867 -0.148506 0.089833386
0.12570262 -1.3468583 0.029214745
0.06673457 -0.6200687 0.06845806
-0.007982074 0.13072109 0.09850112
0.10644199 -1.0964015 0.042659253
0.041117806 -0.34763378 0.0801721
-0.03984981 0.41804814 0.1053169
0.08475492 -0.8340275 0.056103688
0.012969467 -0.06528374 0.090600155
0.12226376 -1.3215231 0.029502977
0.060562134 -0.5602227 0.06894522
-0.017742522 0.22623274 0.099480756
0.10219605 -1.0599383 0.043034036
0.033787258 -0.27553913 0.08081784
-0.05101757 0.5261003 0.10651536
0.07956737 -0.78580254 0.056551643
0.0043747732 0.019349765 0.091435455
0.118819006 -1.296512 0.02980324
0.05430155 -0.49971673 0.06950877
-0.027701985 0.32366005 0.10052272
0.09790695 -1.0234058 0.04344805
0.026331086 -0.20234782 0.081535935
-0.062440988 0.636563 0.10777372
0.07430196 -0.73712355 0.057060633
-0.0043900437 0.105543174 0.09233549
0.11535068 -1.271681 0.030117987
0.047928214 -0.43836024 0.07014076
-0.03788141 0.4231161 0.10162227
0.09355652 -0.98664576 0.04389741
0.018724004 -0.1278881 0.082320474
-0.074136905 0.74951285 0.10908518
0.068938345 -0.687819 0.057623573
-0.013348566 0.19343717 0.09329509
0.111841984 -1.2468971 0.030448843
0.041419446 -0.37597993 0.07083414
-0.048301056 0.524704 0.10277331
0.08912716 -0.9495123 0.04437966
0.010942376 -0.052001365 0.08316518
-0.08612123 0.8650114 0.110441685
0.06345703 -0.63773173 0.058235187
-0.022523291 0.2831612 0.094308004
0.10827687 -1.2220374 0.03079694
0.034753736 -0.31241703 0.071582906
-0.058980327 0.6285134 0.103968374
0.08460162 -0.9118688 0.044893324
0.0029637318 0.02545771 0.084063835
-0.098408766 0.9831019 0.11183376
0.0578389 -0.58671504 0.058891643
-0.031935763 0.3748311 0.09536724
0.10463984 -1.1969861 0.031163115
0.027910156 -0.24752423 0.07238209
-0.0699377 0.7346175 0.10519875
0.079962865 -0.87358534 0.045437645
-0.0052337195 0.10462183 0.08501046
-0.111013 1.1038052 0.113250345
0.052064963 -0.5346294 0.059590258
-0.04160679 0.46854785 0.09646527
0.10091587 -1.1716334 0.031548027
0.0208679 -0.18116318 0.073227644
-0.08119069 0.8430696 0.106454514
0.07519393 -0.8345364 0.04601244
-0.013671538 0.18561219 0.085999414
-0.12394589 1.2271158 0.114678785
0.046116002 -0.48133972 0.06032935
-0.051556718 0.5643963 0.09759411
0.09709028 -1.1458745 0.031952236
0.013605863 -0.1132018 0.07411633
-0.09275585 0.9539007 0.10772458
0.07027776 -0.794599 0.04661805
-0.022371458 0.26853946 0.0870253
-0.13721766 1.3529973 0.11610478
0.03997235 -0.42671302 0.061108105
-0.061805643 0.66244453 0.098745294
0.09314878 -1.1196091 0.032376233
0.0061022714 -0.043512274 0.07504561
-0.10464874 1.0671161 0.10899668
0.06519709 -0.7536508 0.04725533
-0.031355742 0.35350445 0.088082835
-0.15083659 1.4813796 0.11751245
0.03361359 -0.37061587 0.061926488
-0.072373584 0.76274186 0.09990968
0.08907742 -1.0927397 0.03282048
-0.0016656776 0.028030738 0.07601348
-0.116883814 1.1826932 0.110257305
0.059934344 -0.7115684 0.047925644
-0.040647488 0.44059825 0.08916656
-0.16480869 1.6121541 0.118884414
0.027018309 -0.31291232 0.0627852
-0.08328054 0.86531734 0.10107719
0.08486271 -1.0651723 0.033285398
-0.009722181 0.101551354 0.07701823
-0.12947424 1.3005775 0.11149163
0.05447153 -0.6682255 0.04863092
-0.050270848 0.52990097 0.09027045
-0.17913747 1.745172 0.120202065
0.02016377 -0.2534618 0.063685566
-0.09454635 0.97017604 0.10223646
0.08049174 -1.0368153 0.033771373
-0.018093193 0.17717287 0.078058094
-0.14243138 1.420679 0.11268345
0.04879012 -0.62349117 0.049373683
-0.06025113 0.62147933 0.091387294
-0.19382344 1.8802419 0.121445864
0.013025563 -0.19211751 0.064629376
-0.10619034 1.0772946 0.10337433
0.0759524 -1.00758 0.03427875
-0.026806789 0.2550169 0.07913063
-0.15576428 1.5428686 0.113815285
0.04287094 -0.5772278 0.05015711
-0.07061468 0.71538174 0.092507824
-0.20886382 2.0171297 0.12259588
0.005577139 -0.12872495 0.06561855
-0.11823052 1.1866149 0.10447539
0.071233645 -0.9773805 0.03480785
-0.035893477 0.3352002 0.080231704
-0.1694787 1.6669748 0.11486864
0.03669393 -0.5292888 0.05098511
-0.08138836 0.8116303 0.09361952
-0.22425205 2.155561 0.12363245
-0.0022108061 -0.06312196 0.06665453
-0.13068235 1.2980356 0.10552161
0.0663258 -0.9461337 0.035358995
-0.045386363 0.41782776 0.0813539
-0.18357602 1.7927811 0.11582475
0.030237757 -0.47951707 0.051862273
-0.09259834 0.91020876 0.09470516
-0.2399775 2.2952247 0.12453712
-0.010371238 0.004858957 0.06773692
-0.14355676 1.4114045 0.10649249
0.061220836 -0.91375977 0.035932656
-0.055320952 0.50298005 0.08248383
-0.19805203 1.9200261 0.11666576
0.023478871 -0.4277417 0.05279377
-0.104267776 1.0110456 0.0957413
-0.25602528 2.4357803 0.12529357
-0.018942142 0.07538373 0.068860985
-0.15685758 1.5265104 0.10736589
0.055912483 -0.8801826 0.036529724
-0.06573403 0.59069043 0.083598204
-0.21289577 2.048408 0.11737636
0.016389605 -0.37377682 0.05378468
-0.11641288 1.1139929 0.09669739
-0.27237582 2.5768678 0.12588866
-0.027968535 0.14860004 0.07001257
-0.17057836 1.6430806 0.1081201
0.05039558 -0.8453284 0.037152156
-0.076660655 0.6809093 0.08465869
-0.22808819 2.1775959 0.11794571
0.008933986 -0.3174212 0.054837946
-0.12903695 1.2188063 0.09753654
-0.28900367 2.7181206 0.12631334
-0.037505113 0.22460192 0.071158715
-0.18469918 1.760788 0.10873693
0.044663776 -0.80912405 0.037804287
-0.088127546 0.77345157 0.08560668
-0.24360032 2.3072445 0.11836883
0.0010587545 -0.25846484 0.055948425
-0.1421228 1.3251314 0.09821957
-0.30587393 2.8591778 0.1265634
-0.047618397 0.30335882 0.072231114
-0.19918337 1.8792709 0.1092049
0.03870266 -0.7714901 0.038495377
-0.10014046 0.8679342 0.086362265
-0.25938895 2.437017 0.11864684
-0.007325704 -0.19671732 0.05708571
-0.1556251 1.4325173 0.098712385
-0.32293367 2.9997008 0.12664004
-0.05838349 0.38458416 0.073102176
-0.21397297 1.9981675 0.10952031
0.032470822 -0.73232734 0.039243616
-0.11266467 0.9637304 0.08683445
-0.2753858 2.566609 0.1187855
-0.016384685 -0.1321019 0.058146834
-0.16946317 1.5404642 0.09899318
-0.3400952 3.1393864 0.12655061
-0.069860816 0.4675275 0.07356508
-0.22897524 2.1171565 0.10968401
0.02584385 -0.69148725 0.04007649
-0.12559973 1.0600023 0.086946845
-0.29147485 2.6957731 0.11879315
-0.026432237 -0.06494731 0.058835756
-0.1835013 1.6485094 0.09905164
-0.35721114 3.2779887 0.12631035
-0.08201871 0.5507656 0.07335989
-0.24402323 2.2359993 0.10969585
0.018424584 -0.64873034 0.040981725
-0.13872622 1.1558853 0.08666082
-0.30745566 2.824349 0.118682265
-0.038004942 0.0031767513 0.05842412
-0.19745868 1.7563246 0.09888014
-0.3740589 3.415339 0.12594743
-0.09448908 0.6323626 0.07228483
-0.2587955 2.3545737 0.10956096
0.008600747 -0.60354275 0.041382905
-0.15142612 1.2508061 0.085971795
-0.32302877 2.952292 0.118483916
-0.051060192 0.06778632 0.05561406
-0.21069518 1.8638005 0.098504685
-0.39039493 3.5513637 0.12551717
-0.010026241 -0.41997936 0.035458498
-0.017344764 -0.22541606 0.037903678
-0.032225113 -0.07530908 0.041906197
-0.04783401 0.054503407 0.046886075
-0.06038313 0.1608599 0.05242916
-0.07665633 0.4275164 0.053803694
-0.08849136 0.53206784 0.058512907
-0.09778579 0.6167845 0.06328422
-0.12393026 0.9326474 0.0654085
-0.13239235 1.0137733 0.06956356
-0.13900173 1.0785085 0.0737066
-0.14328443 1.1282996 0.07777537
-0.1788241 1.4969249 0.07967531
-0.18313295 1.5438187 0.08332322
-0.18579622 1.5781657 0.086907476
-0.2270691 1.9795742 0.08880319
-0.22947608 2.0108986 0.09204335
-0.23066327 2.031573 0.09521825
-0.23052503 2.0423415 0.09830651
-0.27759746 2.4787822 0.09988347
-0.27752724 2.4874678 0.10269635
-0.27641848 2.487584 0.10542694
-0.3272867 2.9470854 0.1068797
-0.32615948 2.9452825 0.10935811
-0.32420233 2.93602 0.11175503
-0.32139617 2.9197245 0.11406279
-0.37643197 3.4047341 0.115217656
-0.3737473 3.3872461 0.1172914
-0.37037626 3.3636048 0.11927837
-0.42828277 3.8656778 0.12027262
-0.42496222 3.8410263 0.12201879
-0.4211061 3.8110452 0.12367741
-0.41670796 3.7759593 0.12526293
-0.47777325 4.2972116 0.12586881
-0.4735019 4.26197 0.12716319
-0.4688482 4.2223525 0.12841333
-0.5320961 4.755658 0.12862824
-0.041921306 -2.565919 -0.10894549
0.026503347 -1.9176766 -0.088306874
0.08435142 -1.263826 -0.06827118
-0.021358112 -2.3737779 -0.10288239
0.043993685 -1.7243371 -0.08233095
0.099207185 -1.0660233 -0.06267896
-0.0017040377 -2.1814015 -0.09685192
0.060666498 -1.5299664 -0.07639537
-0.05274801 -2.6372378 -0.11154626
0.017063964 -1.9886193 -0.0908402
0.07659565 -1.3340589 -0.0705376
-0.03178243 -2.4450119 -0.10545879
0.034983616 -1.7951742 -0.08484477
0.09195931 -1.1357448 -0.0648808
-0.011726995 -2.2525454 -0.099416085
0.052114733 -1.6006916 -0.078879215
-0.063761674 -2.7086003 -0.114171706
0.007442699 -2.059681 -0.093399435
0.06855223 -1.4046129 -0.07298028
-0.04238837 -2.516313 -0.10805
0.02576728 -1.8661768 -0.08740246
0.0844612 -1.2060407 -0.067254975
-0.021932285 -2.3237855 -0.10199319
0.043311812 -1.6716712 -0.08143519
0.10005087 -1.0035661 -0.06221933
-0.002369927 -2.1308768 -0.09597431
0.060179148 -1.4756182 -0.075532146
-0.053177554 -2.587677 -0.110658996
0.016337477 -1.9373683 -0.08998319
0.07653736 -1.2771535 -0.06978186
-0.032318734 -2.3951166 -0.104580484
0.03425259 -1.7429287 -0.084027275
0.09262639 -1.0748742 -0.06442897
-0.012371154 -2.2021976 -0.098555356
0.05147257 -1.5470577 -0.078138605
-0.06414917 -2.6590922 -0.11328849
0.0066969884 -2.0087311 -0.09256844
0.06815033 -1.3489753 -0.0723953
