-0.18237697 -1.2798225 0.31021518
-0.20931658 -0.75702316 0.27963212
-0.21494703 -0.48333487 0.2437017
-0.20960304 -0.40669617 0.20913965
-0.18236844 -1.2834707 0.30621576
-0.20892851 -0.75849175 0.2796185
-0.21458788 -0.4839537 0.24369374
-0.20930098 -0.4066201 0.20913617
-0.1803221 -1.3219792 0.30856407
-0.15030886 -1.4083893 0.30656072
-0.12585863 -1.3973454 0.3078398
-0.10528586 -1.3115947 0.30960792
-0.096411735 -1.063463 0.30517378
-0.11432299 -0.6694141 0.26934925
-0.11934727 -0.48699072 0.24057779
-0.12115214 -0.47360379 0.21250598
-0.09619163 -1.0577247 0.30519938
-0.1139733 -0.6670091 0.2693328
-0.11895638 -0.4863081 0.24058023
-0.12075161 -0.47439718 0.21252756
-0.09585424 -1.0521064 0.30510423
-0.11361919 -0.6647616 0.26932344
-0.118561834 -0.48579058 0.240597
-0.120349266 -0.47528824 0.2125693
-0.095440514 -1.0463324 0.30506438
-0.11327015 -0.66231817 0.26926547
-0.11817062 -0.48507226 0.24052106
-0.11994733 -0.47605363 0.21247534
-0.09503056 -1.0407294 0.30494672
-0.112914115 -0.6600808 0.26933205
-0.117773496 -0.4845835 0.24067557
-0.119541734 -0.47698504 0.21271831
-0.09471833 -1.034639 0.30475447
-0.11256448 -0.65759915 0.26916766
-0.11738112 -0.48383078 0.24040562
-0.119136915 -0.4777254 0.21233997
-0.09413016 -1.0287942 0.3048277
-0.11220677 -0.6553598 0.2693541
-0.11698203 -0.48334545 0.2407727
-0.11872742 -0.47865793 0.21289276
-0.09355437 -1.0223252 0.3046669
-0.11185562 -0.6528755 0.2691133
-0.11658659 -0.4826248 0.2403722
-0.1183163 -0.47947204 0.21232468
-0.09295883 -1.0163668 0.30498603
-0.11150445 -0.65056854 0.26923448
-0.1161913 -0.48201984 0.24060209
-0.117902726 -0.4802232 0.21267259
-0.093233034 -1.0095407 0.310191
-0.12176976 -0.51860017 0.1986019
-0.11635022 -0.46396467 0.22525668
-0.11459599 -0.53527105 0.25378966
-0.10562369 -0.7880045 0.28261316
-0.08885023 -0.6378785 0.28587547
-0.09443343 -0.48125032 0.25712237
-0.09511096 -0.46039146 0.22878943
-0.09927003 -0.5860308 0.20258446
-0.07524387 -1.2858201 0.31788304
-0.029993987 -1.8020288 0.3417051
0.02529694 -2.3277137 0.37348083
-0.061005093 -1.4616061 0.32480094
-0.0127471 -1.9805827 0.3514662
-0.19794205 -1.0689036 0.15421705
-0.19320899 -1.016285 0.15397102
-0.17469916 -0.84755623 0.15103343
-0.18938991 -0.971567 0.15416813
-0.17654634 -0.8342934 0.15253393
-0.18820453 -0.95856595 0.15497762
-0.093571395 -1.0161594 0.31118006
-0.09321443 -0.8964304 0.31014478
-0.09027224 -1.0367882 0.3156144
-0.09220973 -0.91641164 0.31158054
-0.092012 -1.0573504 0.31633794
-0.079013616 -1.0400894 0.31881994
-0.03253337 -1.5967485 0.34111065
0.027104894 -2.1551836 0.3734124
-0.09062924 -0.89695454 0.3124515
-0.09090875 -0.9831292 0.3140271
-0.22158515 -1.3076428 0.16785905
-0.19808993 -1.0795317 0.16522871
-0.20155278 -1.1104952 0.15447357
-0.22859633 -1.3660827 0.16626823
-0.250251 -1.5792243 0.16784011
-0.25117156 -1.574479 0.16436933
-0.2231026 -1.3206912 0.16764438
-0.19941206 -1.0938302 0.16576709
-0.17604247 -0.8432032 0.15334013
-0.22261515 -1.3154719 0.16760083
-0.19890814 -1.0883301 0.16574502
-0.17379937 -0.8351249 0.15330894
-0.060898986 -1.4665166 0.3248467
-0.012775745 -1.9846164 0.35148484
-0.088168465 -1.1343219 0.3160396
-0.045919612 -1.6423249 0.33290467
0.005563065 -2.163414 0.3620394
-0.2303898 -1.3829253 0.16632526
-0.20620584 -1.1607726 0.16728309
-0.1862108 -0.91725993 0.16005085
-0.2299176 -1.377796 0.16628031
-0.2057455 -1.1554477 0.16724315
-0.18583234 -0.91140234 0.16017255
-0.07529587 -1.3075898 0.3180653
-0.029987948 -1.8190494 0.3418256
0.025004769 -2.3424368 0.37348244
-0.060631245 -1.481117 0.32500452
-0.012875784 -1.9966414 0.35154313
-0.23795255 -1.4444776 0.16397932
-0.21317473 -1.2259192 0.16779956
-0.19041371 -0.9908686 0.16329738
-0.23749301 -1.4394078 0.163898
-0.21271887 -1.2207161 0.16775562
-0.18994926 -0.9852622 0.16331334
-0.085059114 -1.1549847 0.31660092
-0.04584454 -1.6557391 0.33303672
0.005388145 -2.1748688 0.3620652
-0.07429112 -1.3237101 0.31833363
-0.030024573 -1.831626 0.3419235
0.024768664 -2.3534284 0.3734815
-0.22029746 -1.2896801 0.16738638
-0.19666138 -1.061239 0.16563292
-0.16980998 -0.79687333 0.15274371
-0.21984783 -1.2845792 0.16734369
-0.19623446 -1.0558878 0.16560839
-0.17057213 -0.79034287 0.15249904
-0.06046793 -1.4955035 0.32518932
-0.012998228 -2.008597 0.3516047
-0.08551846 -1.1727217 0.3171971
-0.04584539 -1.6691082 0.3331796
0.0051973322 -2.1863232 0.36209202
-0.22764215 -1.3524011 0.1660541
-0.20350842 -1.1291468 0.16704395
-0.18040432 -0.8813237 0.16047548
-0.23890318 -1.3358258 0.15300058
-0.22903022 -1.2454559 0.15203775
-0.21910985 -1.1332741 0.15621844
-0.22001708 -1.2164195 0.16066383
-0.2073764 -1.018199 0.15856417
-0.21241039 -1.0350095 0.157248
-0.23240218 -1.2491833 0.15733236
-0.19222811 -0.80663407 0.16028693
-0.1716525 -0.59766936 0.157635
-0.16121855 -0.53959763 0.15620059
-0.16428353 -0.6534287 0.15358245
-0.20075214 -0.90166456 0.16213383
-0.17646156 -0.64037305 0.15818192
-0.16304998 -0.5389566 0.15657777
-0.16126478 -0.5946226 0.15489627
-0.20073618 -0.89998394 0.16204953
-0.17636439 -0.63864577 0.1581792
-0.16291764 -0.5367951 0.15657
-0.16108477 -0.59160304 0.15489799
-0.20068634 -0.8983207 0.16193482
-0.17626213 -0.6369169 0.15817648
-0.1627814 -0.5346321 0.15656403
-0.16089934 -0.5885841 0.15490839
-0.20075007 -0.89670354 0.16179138
-0.17620935 -0.6352118 0.15817435
-0.1626886 -0.5324906 0.15656032
-0.16077346 -0.58559555 0.1549279
-0.2005726 -0.89506966 0.16162223
-0.17603554 -0.63348514 0.15817386
-0.16248935 -0.5303297 0.15655975
-0.16050181 -0.58258337 0.15495747
-0.20081845 -0.89351404 0.16143212
-0.17608742 -0.63180107 0.15817672
-0.16248994 -0.5282071 0.15656386
-0.16050373 -0.5796244 0.1549988
-0.2004461 -0.89193326 0.16122758
-0.17580421 -0.6300909 0.15818553
-0.16219325 -0.5260611 0.156575
-0.16009784 -0.57663614 0.15505455
-0.20080751 -0.8903764 0.16101538
-0.17592433 -0.62839204 0.15820317
-0.16225646 -0.5239258 0.15659574
-0.16018718 -0.57366395 0.15512738
-0.09534925 -1.2079873 0.31174865
-0.11183334 -1.3612515 0.3092527
-0.13395256 -1.4177371 0.30764908
-0.16013952 -1.4009496 0.3065073
-0.16830155 -1.3871855 0.3065044
-0.14041452 -1.4290832 0.30760148
-0.117298886 -1.3929236 0.30908722
-0.0984052 -1.2745008 0.311185
-0.16790469 -1.3965104 0.3067481
-0.13997325 -1.4372777 0.30793512
-0.11692239 -1.4004298 0.30943942
-0.098215446 -1.2815785 0.31157646
-0.16694199 -1.4059397 0.30699703
-0.13924094 -1.4455165 0.30827066
-0.11621423 -1.4079852 0.3097929
-0.09733914 -1.2887685 0.31196788
-0.16646294 -1.4152256 0.30725333
-0.13875668 -1.453696 0.30860782
-0.11578999 -1.4154714 0.3101471
-0.09705525 -1.2957928 0.312357
-0.1656445 -1.4246563 0.30751777
-0.13809769 -1.4619423 0.30894604
-0.11516682 -1.423032 0.31050146
-0.0963593 -1.3029786 0.31274232
-0.16501133 -1.4339558 0.30779085
-0.1375335 -1.4701352 0.30928496
-0.11465256 -1.4305304 0.31085554
-0.09589374 -1.310015 0.31312278
-0.1546976 -1.6691127 0.32094717
-0.09454183 -2.369595 0.3467029
-0.021380793 -3.0616755 0.37101564
0.014988115 -3.2120957 0.3779353
0.024992095 -3.0615473 0.37965626
0.033888366 -2.860603 0.3827122
0.042464167 -2.6196449 0.38565987
-0.0954199 -1.3315787 0.3137306
-0.11441893 -1.4486811 0.31148663
-0.13734744 -1.4868273 0.30990365
-0.16487077 -1.4489491 0.30825275
-0.09596589 -1.3245118 0.31336278
-0.11497593 -1.4411448 0.3111345
-0.13795167 -1.478584 0.30956537
-0.1655855 -1.4395719 0.30796564
-0.2091042 -1.1915102 0.30622682
-0.1954001 -1.2645226 0.29821628
-0.20822005 -1.2204669 0.30723864
-0.19420776 -1.2947485 0.30145556
-0.20724969 -1.2503535 0.3076069
-0.19276774 -1.3250978 0.308318
-0.20512275 -1.3463515 0.3138352
-0.1385565 -2.1678622 0.34074396
-0.058006812 -2.934117 0.3649811
-0.033864606 -2.984129 0.36801285
-0.107042715 -2.2799432 0.34371567
-0.16688655 -1.5601156 0.3177463
-0.052819405 -2.8090217 0.36194322
-0.12299836 -2.1015282 0.33758128
0.00027469313 -3.2712333 0.3782029
-0.077087656 -2.5749815 0.35384402
-0.14285626 -1.863444 0.3291731
-0.026407005 -3.0390809 0.3700308
-0.10001368 -2.339766 0.34573835
-0.16058713 -1.6268398 0.3200556
-0.051811874 -2.8068693 0.36193088
-0.12143588 -2.1036487 0.33753335
0.0010496012 -3.2674456 0.3781786
-0.07592568 -2.5739503 0.35384595
-0.1410835 -1.867698 0.3291704
-0.025529131 -3.0360372 0.37001935
-0.09867133 -2.3401191 0.34569743
-0.15866514 -1.633377 0.31985974
-0.050808907 -2.8047156 0.3619276
-0.11989064 -2.105754 0.33754054
0.0018169163 -3.2636387 0.37816495
-0.07477019 -2.5729012 0.3538364
-0.1393394 -1.8718995 0.329086
-0.23934497 -1.3408065 0.15296355
-0.22952735 -1.2512273 0.15205173
-0.22032379 -1.1408409 0.15630752
-0.23979159 -1.3458118 0.15292595
-0.23002553 -1.2570281 0.15206642
-0.22165166 -1.1485031 0.15642613
-0.24024281 -1.3508369 0.15288793
-0.23052186 -1.2628499 0.15208185
-0.22288351 -1.1563332 0.15657595
-0.24069877 -1.3558735 0.15284935
-0.23101555 -1.2686584 0.15209764
-0.22379053 -1.1639786 0.1567572
-0.2411599 -1.3609202 0.15281022
-0.23150636 -1.274444 0.15211369
-0.22448458 -1.171268 0.1569688
-0.24162617 -1.3659848 0.15277037
-0.23199393 -1.2802423 0.15212949
-0.22480561 -1.1785955 0.15720768
-0.24210028 -1.3710728 0.15272993
-0.23248392 -1.2860684 0.15214534
-0.22501476 -1.1860101 0.15747154
-0.2425789 -1.3761925 0.1526881
-0.23296529 -1.291931 0.15215923
-0.22526897 -1.1934763 0.15775329
-0.24312875 -1.3813131 0.15264654
-0.23355779 -1.2977674 0.15217467
-0.22559182 -1.200905 0.15804729
-0.23317336 -1.3365079 0.15763684
-0.22448318 -1.1799285 0.16146483
-0.23413938 -1.3429914 0.15903093
-0.22356755 -1.186165 0.16376297
-0.2351016 -1.3490891 0.16026126
-0.22602516 -1.1915162 0.16242431
-0.2680104 -1.6171962 0.1523948
-0.26285857 -1.5636883 0.15209095
-0.25383848 -1.5174171 0.15810116
-0.13481507 -0.50097 0.1820605
-0.1504808 -0.40023014 0.17863154
-0.16666417 -0.39481822 0.17669421
-0.18375199 -0.44752854 0.17516556
-0.13566054 -0.49903983 0.18182032
-0.15058309 -0.39994743 0.17802538
-0.16664706 -0.39624587 0.17596908
-0.18371777 -0.45125902 0.17443307
-0.13649775 -0.4965202 0.18137513
-0.15069936 -0.39966202 0.17747514
-0.16663574 -0.3977271 0.17529006
-0.18368813 -0.45503488 0.17374879
-0.13729528 -0.49350944 0.18085979
-0.1508303 -0.39937007 0.17696321
-0.16663174 -0.39926037 0.1746505
-0.18366425 -0.45885333 0.17309986
-0.13804412 -0.49007878 0.1803187
-0.15097436 -0.39906827 0.17647594
-0.16663478 -0.4008414 0.17404537
-0.183646 -0.4627067 0.17247982
-0.13874549 -0.4862816 0.17976667
-0.15113051 -0.39875218 0.17600352
-0.16664514 -0.40246636 0.17346916
-0.18363376 -0.46658912 0.1718837
-0.13940227 -0.48216268 0.1792083
-0.15129735 -0.3984168 0.17553958
-0.16666268 -0.40413082 0.17291732
-0.18362759 -0.4704947 0.17130837
-0.14001791 -0.47776112 0.17864463
-0.15147363 -0.3980568 0.1750798
-0.16668737 -0.40583032 0.1723859
-0.18362747 -0.47441828 0.17075135
-0.14059535 -0.47311178 0.17807618
-0.15165804 -0.39766702 0.17462139
-0.16671903 -0.40756032 0.17187165
-0.18363328 -0.47835526 0.17021072
-0.14113696 -0.4682464 0.17750353
-0.15184921 -0.39724252 0.17416263
-0.1667575 -0.40931624 0.17137192
-0.18364489 -0.4823016 0.16968478
-0.14164464 -0.46319434 0.17692758
-0.15204571 -0.396779 0.17370251
-0.16680254 -0.41109356 0.17088462
-0.18366209 -0.4862537 0.16917211
-0.14211991 -0.45798305 0.1763494
-0.15224607 -0.39627305 0.17324062
-0.16685395 -0.4128878 0.1704081
-0.18368474 -0.4902084 0.16867146
-0.14256397 -0.4526385 0.17577021
-0.1524488 -0.39572215 0.17277697
-0.16691147 -0.41469452 0.16994107
-0.18371269 -0.4941628 0.16818175
-0.14297783 -0.4471855 0.17519133
-0.15265246 -0.39512497 0.17231186
-0.16697484 -0.4165094 0.16948254
-0.18374583 -0.49811417 0.1677021
-0.14336236 -0.44164777 0.17461403
-0.15285568 -0.3944812 0.17184584
-0.16704379 -0.4183282 0.16903178
-0.1837841 -0.50206 0.16723175
-0.14371838 -0.4360483 0.17403962
-0.15305717 -0.39379165 0.17137961
-0.16711803 -0.42014682 0.16858822
-0.1838274 -0.50599784 0.16677009
-0.14404663 -0.43040925 0.17346933
-0.15325582 -0.39305806 0.17091401
-0.16719727 -0.42196134 0.16815145
-0.1838757 -0.5099251 0.16631663
-0.14434789 -0.4247522 0.17290436
-0.15345058 -0.39228305 0.17044987
-0.1672812 -0.42376786 0.1677212
-0.18392897 -0.5138395 0.16587093
-0.14462292 -0.41909808 0.17234585
-0.15364063 -0.39147004 0.16998813
-0.16736947 -0.4255628 0.16729729
-0.18398714 -0.51773846 0.16543272
-0.14487253 -0.41346726 0.17179483
-0.15382522 -0.39062312 0.16952966
-0.1674618 -0.42734262 0.16687961
-0.18405019 -0.5216195 0.16500172
-0.14509757 -0.40787944 0.17125231
-0.15400377 -0.38974687 0.16907537
-0.1675578 -0.4291041 0.16646816
-0.18411803 -0.5254802 0.16457774
-0.1452989 -0.40235382 0.17071922
-0.15417582 -0.3888463 0.1686261
-0.16765718 -0.43084407 0.16606292
-0.18419062 -0.529318 0.16416062
-0.14547746 -0.39690903 0.17019643
-0.15434101 -0.38792685 0.1681827
-0.16775958 -0.43255967 0.16566399
-0.18426785 -0.53313035 0.16375028
-0.1456342 -0.391563 0.16968471
-0.15449911 -0.38699412 0.16774593
-0.16786465 -0.43424827 0.16527148
-0.18434963 -0.5369147 0.1633466
-0.14577018 -0.3863332 0.1691848
-0.15464997 -0.38605392 0.16731657
-0.16797204 -0.43590733 0.16488548
-0.18443581 -0.5406686 0.16294953
-0.14588639 -0.38123634 0.16869739
-0.15479352 -0.3851122 0.1668953
-0.16808143 -0.43753463 0.16450618
-0.1845263 -0.5443895 0.16255903
-0.14598393 -0.37628874 0.16822311
-0.15492974 -0.38417494 0.16648278
-0.16819249 -0.43912807 0.16413376
-0.18462092 -0.5480749 0.16217506
-0.14606392 -0.37150592 0.16776253
-0.15505873 -0.38324818 0.16607964
-0.16830489 -0.44068584 0.1637684
-0.1847195 -0.5517224 0.16179758
-0.14612749 -0.36690292 0.16731617
-0.15518057 -0.3823379 0.16568646
-0.16841832 -0.44220623 0.1634103
-0.18482189 -0.5553297 0.1614266
-0.14617577 -0.3624941 0.16688454
-0.15529546 -0.38145 0.16530378
-0.16853249 -0.44368777 0.1630597
-0.18492787 -0.5588943 0.16106212
-0.14620996 -0.35829332 0.16646807
-0.1554036 -0.38059035 0.16493213
-0.1686471 -0.44512916 0.16271676
-0.18503723 -0.5624141 0.16070412
-0.1462312 -0.35431376 0.16606718
-0.15550524 -0.37976465 0.16457199
-0.16876186 -0.4465292 0.16238174
-0.18514977 -0.5658869 0.16035262
-0.14624073 -0.35056806 0.16568227
-0.15560067 -0.37897846 0.16422378
-0.16887653 -0.44788697 0.16205485
-0.18526526 -0.5693106 0.16000761
-0.14623974 -0.34706825 0.16531366
-0.15569018 -0.37823725 0.16388793
-0.16899085 -0.44920158 0.1617363
-0.18538347 -0.5726832 0.15966912
-0.14622945 -0.3438259 0.1649617
-0.15577412 -0.37754625 0.16356483
-0.16910456 -0.45047235 0.16142629
-0.18550415 -0.5760028 0.15933715
-0.14621107 -0.3408519 0.16462666
-0.15585284 -0.3769105 0.16325483
-0.16921745 -0.4516987 0.16112503
-0.18562707 -0.5792676 0.15901172
-0.14618585 -0.33815658 0.16430883
-0.15592672 -0.37633488 0.16295826
-0.1693293 -0.4528801 0.16083273
-0.18575196 -0.58247596 0.15869287
-0.14615497 -0.33574986 0.16400844
-0.15599616 -0.37582397 0.16267543
-0.16943987 -0.45401627 0.16054957
-0.18587855 -0.58562624 0.15838061
-0.14611971 -0.333641 0.16372573
-0.15606153 -0.37538227 0.1624066
-0.16954896 -0.45510694 0.1602757
-0.18600659 -0.58871704 0.15807498
-0.14608128 -0.3318387 0.16346091
-0.1561233 -0.37501395 0.16215202
-0.1696564 -0.45615196 0.16001132
-0.18613581 -0.5917469 0.15777598
-0.14604092 -0.33035126 0.16321413
-0.15618184 -0.3747229 0.1619119
-0.16976194 -0.4571513 0.15975656
-0.18626595 -0.59471476 0.1574837
-0.14599985 -0.32918632 0.1629856
-0.15623762 -0.37451288 0.16168645
-0.16986543 -0.458105 0.15951157
-0.1863967 -0.59761935 0.15719815
-0.14595932 -0.3283511 0.16277541
-0.15629104 -0.37438732 0.16147582
-0.16996664 -0.45901322 0.15927647
-0.18652783 -0.60045975 0.15691938
-0.14592056 -0.32785225 0.16258371
-0.15634257 -0.37434942 0.16128016
-0.1700654 -0.4598762 0.15905137
-0.18665902 -0.6032352 0.15664741
-0.14588481 -0.32769585 0.1624106
-0.15639263 -0.3744021 0.16109954
-0.1701615 -0.46069437 0.15883638
-0.18679 -0.6059448 0.15638235
-0.1458533 -0.32788754 0.16225617
-0.15644166 -0.3745481 0.16093405
-0.17025472 -0.46146813 0.15863156
-0.18692051 -0.6085881 0.1561242
-0.14582726 -0.32843238 0.16212046
-0.1564901 -0.3747898 0.16078372
-0.17034487 -0.46219814 0.158437
-0.18705025 -0.6111646 0.15587308
-0.14580792 -0.3293349 0.16200352
-0.15653835 -0.37512937 0.16064858
-0.17043173 -0.4628851 0.15825273
-0.18717894 -0.613674 0.15562901
-0.14579652 -0.33059916 0.16190535
-0.15658687 -0.37556872 0.16052859
-0.17051506 -0.46352994 0.15807877
-0.18730631 -0.616116 0.1553921
-0.14579429 -0.33222854 0.16182594
-0.15663603 -0.3761095 0.16042365
-0.17059462 -0.46413374 0.15791516
-0.18743208 -0.6184906 0.1551624
-0.14580245 -0.33422598 0.16176526
-0.15668626 -0.37675312 0.16033368
-0.17067014 -0.46469766 0.15776189
-0.18755597 -0.6207979 0.15494004
-0.14582223 -0.3365938 0.16172326
-0.15673792 -0.37750065 0.1602585
-0.17074138 -0.46522322 0.1576189
-0.1876777 -0.623038 0.15472509
-0.14585483 -0.3393338 0.1616998
-0.1567914 -0.37835303 0.16019793
-0.17080803 -0.46571204 0.15748619
-0.187797 -0.62521124 0.15451765
-0.1459015 -0.3424471 0.16169478
-0.15684706 -0.3793109 0.16015169
-0.17086981 -0.4661661 0.15736367
-0.18791361 -0.627318 0.15431787
-0.14596345 -0.3459343 0.16170804
-0.1569052 -0.38037464 0.1601195
-0.17092639 -0.46658757 0.15725127
-0.18802723 -0.629359 0.15412585
-0.14604186 -0.34979528 0.16173936
-0.15696616 -0.38154444 0.16010098
-0.17097744 -0.466979 0.15714888
-0.18813764 -0.6313348 0.15394175
-0.14613794 -0.35402936 0.1617885
-0.15703024 -0.38282022 0.16009572
-0.17102261 -0.4673432 0.15705638
-0.18824454 -0.6332462 0.15376572
-0.14625289 -0.35863516 0.16185516
-0.15709768 -0.38420177 0.1601032
-0.17106153 -0.46768343 0.15697359
-0.18834768 -0.635094 0.1535979
-0.14638788 -0.3636106 0.16193901
-0.15716872 -0.3856886 0.16012287
-0.17109382 -0.46800333 0.15690036
-0.18844679 -0.6368793 0.15343851
-0.14654408 -0.36895293 0.16203962
-0.15724356 -0.38728008 0.16015407
-0.1711191 -0.46830693 0.15683648
-0.1885416 -0.6386032 0.15328774
-0.14672264 -0.3746586 0.16215655
-0.15732238 -0.38897538 0.16019611
-0.17113693 -0.4685988 0.15678173
-0.18863186 -0.6402669 0.1531458
-0.1469247 -0.3807234 0.16228926
-0.15740529 -0.39077353 0.16024816
-0.17114691 -0.46888396 0.15673585
-0.18871729 -0.64187163 0.15301296
-0.14715138 -0.38714218 0.16243713
-0.15749237 -0.39267346 0.1603093
-0.17114866 -0.46916804 0.15669855
-0.1887976 -0.64341885 0.15288948
-0.14740376 -0.39390913 0.16259944
-0.15758368 -0.394674 0.16037856
-0.17114171 -0.4694571 0.15666953
-0.18887249 -0.64491 0.15277565
-0.14768288 -0.4010175 0.16277544
-0.1576792 -0.39677384 0.1604548
-0.17112568 -0.4697579 0.15664841
-0.18894166 -0.6463467 0.15267181
-0.14798976 -0.40845963 0.16296418
-0.15777884 -0.39897177 0.1605368
-0.17110017 -0.47007778 0.15663482
-0.18900476 -0.64773065 0.15257835
-0.14832538 -0.4162271 0.16316465
-0.15788248 -0.40126643 0.16062322
-0.17106482 -0.47042465 0.15662834
-0.18906146 -0.64906365 0.15249567
-0.14869067 -0.42431048 0.16337568
-0.15798992 -0.40365666 0.1607126
-0.17101929 -0.4708071 0.1566285
-0.18911134 -0.6503478 0.15242425
-0.14908649 -0.43269932 0.16359597
-0.15810086 -0.4061413 0.16080332
-0.17096326 -0.47123432 0.15663482
-0.18915392 -0.6515852 0.15236457
-0.14951362 -0.44138235 0.16382405
-0.15821494 -0.40871948 0.16089362
-0.17089649 -0.47171608 0.15664674
-0.18918875 -0.6527784 0.15231726
-0.14997277 -0.45034727 0.16405822
-0.15833172 -0.41139048 0.16098163
-0.17081879 -0.4722627 0.15666369
-0.18921518 -0.65392995 0.15228294
-0.15046455 -0.45958084 0.16429666
-0.15845062 -0.41415396 0.16106525
-0.17073004 -0.4728851 0.15668502
-0.1892326 -0.655043 0.15226236
-0.15098949 -0.4690687 0.16453722
-0.15857098 -0.41701004 0.16114232
-0.17063019 -0.47359464 0.1567101
-0.1892402 -0.65612113 0.15225635
-0.15154795 -0.47879568 0.16477756
-0.15869199 -0.4199594 0.1612104
-0.17051928 -0.47440305 0.15673819
-0.18923712 -0.65716845 0.15226585
-0.15214019 -0.4887456 0.16501507
-0.15881276 -0.4230033 0.16126698
-0.17039746 -0.47532248 0.15676858
-0.1892223 -0.6581898 0.1522919
-0.15276629 -0.49890134 0.16524678
-0.15893224 -0.42614385 0.16130932
-0.17026496 -0.47636515 0.15680046
-0.18919462 -0.65919095 0.15233563
-0.15342622 -0.50924504 0.16546947
-0.15904923 -0.42938426 0.16133453
-0.17012209 -0.47754353 0.1568331
-0.18915272 -0.6601787 0.15239838
-0.15411967 -0.5197578 0.16567945
-0.1591624 -0.4327287 0.16133957
-0.16996929 -0.47886997 0.15686566
-0.1890951 -0.66116124 0.15248154
-0.15484625 -0.53042024 0.16587275
-0.1592703 -0.43618277 0.1613213
-0.16980706 -0.48035678 0.15689738
-0.1890201 -0.6621484 0.15258667
-0.15560532 -0.54121214 0.16604492
-0.15937138 -0.43975338 0.16127641
-0.16963601 -0.4820159 0.1569275
-0.1889259 -0.6631517 0.15271547
-0.15639603 -0.5521126 0.16619106
-0.15946396 -0.44344923 0.1612016
-0.16945677 -0.48385888 0.15695532
-0.1888106 -0.66418487 0.15286972
-0.15721738 -0.5631004 0.16630584
-0.15954635 -0.4472807 0.16109353
-0.16927001 -0.48589677 0.1569802
-0.18867218 -0.665264 0.15305127
-0.15806818 -0.57415366 0.16638339
-0.15961684 -0.45125997 0.16094896
-0.16907649 -0.48813987 0.15700164
-0.18850867 -0.66640794 0.15326206
-0.15894704 -0.58525014 0.16641729
-0.15967385 -0.45540112 0.16076481
-0.16887687 -0.49059775 0.15701929
-0.18831824 -0.66763806 0.15350398
-0.1598525 -0.59636706 0.16640058
-0.1597159 -0.45971987 0.16053832
-0.16867188 -0.49327907 0.15703295
-0.1880993 -0.6689786 0.1537789
-0.160783 -0.6074811 0.16632566
-0.15974183 -0.46423352 0.16026716
-0.16846211 -0.49619153 0.15704267
-0.18785068 -0.67045635 0.15408848
-0.16173683 -0.61856824 0.16618423
-0.15975074 -0.46896031 0.1599497
-0.16824819 -0.4993417 0.15704873
-0.18757184 -0.67210025 0.15443422
-0.16271234 -0.6296037 0.16596718
-0.15974216 -0.47391912 0.15958521
-0.1680306 -0.50273514 0.1570517
-0.18726291 -0.6739407 0.15481724
-0.16370781 -0.640561 0.16566445
-0.15971602 -0.4791285 0.15917423
-0.16780989 -0.5063762 0.15705235
-0.18692486 -0.6760085 0.1552382
-0.16472124 -0.6514123 0.16526419
-0.15967251 -0.48460618 0.15871917
-0.16758655 -0.51026815 0.15705171
-0.18655936 -0.67833376 0.15569697
-0.16575041 -0.66212547 0.16475272
-0.15961212 -0.49036777 0.15822522
-0.16736126 -0.514413 0.15705092
-0.18616867 -0.6809445 0.15619202
-0.16679 -0.6726655 0.16410938
-0.1595352 -0.4964264 0.15770216
-0.16713488 -0.51881164 0.15705115
-0.18575507 -0.6838652 0.156719
-0.16783157 -0.6829818 0.16330676
-0.15944222 -0.5027927 0.15716663
-0.16690889 -0.5234642 0.15705304
-0.18532073 -0.6871169 0.15726721
-0.16884317 -0.69301665 0.1622766
-0.15933323 -0.50947094 0.15664823
-0.16668506 -0.5283666 0.15705834
-0.18486688 -0.69071114 0.15781689
-0.16976258 -0.7026321 0.1609225
-0.15920925 -0.5164739 0.15618727
-0.1664656 -0.5335233 0.15706368
-0.18439412 -0.6946672 0.15832256
-0.17034836 -0.71153796 0.1586991
-0.15907447 -0.52376467 0.15584221
-0.16625434 -0.53889763 0.15707068
-0.18390705 -0.6989401 0.15872833
-0.13354957 -0.5401562 0.178002
-0.12819895 -0.6032013 0.1814004
-0.13311304 -0.56592685 0.18051532
-0.13666423 -0.52808017 0.1798941
-0.13427414 -0.5808147 0.1800035
-0.13700649 -0.5408086 0.17882124
-0.13932429 -0.50404453 0.17754331
-0.1413017 -0.47177327 0.17614457
-0.14006123 -0.503853 0.17610364
-0.14139737 -0.4705027 0.17472094
-0.14275777 -0.44222385 0.17334127
-0.14193507 -0.45912278 0.17315781
-0.14262983 -0.43111053 0.17187145
-0.14351135 -0.4081476 0.1706255
-0.14455085 -0.39004403 0.16942273
-0.14298914 -0.39009187 0.16922
-0.14356509 -0.3733313 0.16815378
-0.14437161 -0.36095583 0.16713953
-0.14259988 -0.35162252 0.16689067
-0.14302209 -0.34155026 0.16602555
-0.14371237 -0.33523792 0.16521527
-0.14464962 -0.33231023 0.16445903
-0.1420444 -0.3163819 0.1643007
-0.14272119 -0.3162014 0.16370443
-0.14367068 -0.31862468 0.16316095
-0.14082517 -0.30116904 0.16301613
-0.14157799 -0.30697668 0.16264117
-0.1426214 -0.31450757 0.1623158
-0.14392027 -0.3233188 0.16203558
-0.1404839 -0.31051654 0.16204545
-0.14169624 -0.32272837 0.16194111
-0.14317136 -0.3352058 0.1618742
-0.13965695 -0.32962036 0.1619245
-0.14110534 -0.34590942 0.16204062
-0.14282788 -0.36132672 0.16218263
-0.14474411 -0.37538642 0.16233593
-0.14106654 -0.38654757 0.16260116
-0.14311484 -0.40396324 0.16294053
-0.145335 -0.41868663 0.1632658
-0.14180185 -0.44704348 0.16358374
-0.14426637 -0.46525952 0.16409679
-0.14688052 -0.4792283 0.16455562
-0.14945711 -0.48851913 0.16491264
-0.1465272 -0.54719794 0.16554411
-0.14967102 -0.5585968 0.16606338
-0.15258789 -0.56349885 0.1663896
-0.1501893 -0.6513788 0.1670555
-0.1540922 -0.6578867 0.1674789
-0.15735658 -0.65588444 0.16756894
-0.15983339 -0.64574033 0.16723888
-0.16086416 -0.7765839 0.16802341
-0.16437478 -0.76519567 0.16741954
-0.16608922 -0.7444301 0.16637304
-0.17169876 -0.9079267 0.1656633
-0.17550786 -0.8858411 0.16304787
-0.17571561 -0.856459 0.1600321
-0.20640221 -0.5840652 0.1742253
-0.20316862 -0.5547404 0.1740702
-0.20433149 -0.586636 0.17270327
-0.20563012 -0.62115234 0.171461
-0.20283177 -0.58679146 0.17119765
-0.20395559 -0.6196608 0.16992326
-0.2051885 -0.6552756 0.16873565
-0.20658402 -0.6932468 0.16762201
-0.20374286 -0.6488904 0.16718021
-0.20497873 -0.68601924 0.16609195
-0.20627132 -0.7254948 0.16504484
-0.20354895 -0.6744814 0.16462971
-0.20490043 -0.71329635 0.16361754
-0.2062021 -0.75444466 0.16264647
-0.20764667 -0.79787874 0.16171363
-0.20491573 -0.7372874 0.16135234
-0.20628144 -0.78019565 0.16043
-0.20765291 -0.82546484 0.15955801
-0.20499545 -0.7581501 0.15930463
-0.20648196 -0.8028551 0.1584096
-0.20787932 -0.8501053 0.1575806
-0.2094204 -0.89980733 0.15680814
-0.20678873 -0.82244825 0.15657161
-0.20825548 -0.8717954 0.15575577
-0.20972054 -0.9238533 0.15501721
-0.20716447 -0.8389037 0.15493144
-0.20876576 -0.89043576 0.15411597
-0.21026328 -0.94504225 0.1533964
-0.2119428 -1.0025643 0.15275759
-0.20938517 -0.9058343 0.15264563
-0.2109728 -0.9631364 0.15191483
-0.2125704 -1.0237905 0.15129578
-0.21005891 -0.9177303 0.15139887
-0.21182448 -0.97781056 0.15066001
-0.21348554 -1.041783 0.15005997
-0.21539211 -1.1093826 0.14957796
-0.21276876 -0.98868114 0.1496155
-0.21457534 -1.0560637 0.1490136
-0.2164456 -1.1276363 0.1485839
-0.21371765 -0.9953592 0.14890173
-0.21576184 -1.0661285 0.14834471
-0.21780899 -1.1417309 0.14801948
-0.22019376 -1.2215054 0.14787331
-0.21694541 -1.0715245 0.14800878
-0.21926516 -1.1511176 0.14784294
-0.22190258 -1.2350929 0.14797565
-0.21795687 -1.0718786 0.148207
-0.22054045 -1.1555046 0.14836194
-0.22373144 -1.2434738 0.1490045
-0.22732545 -1.3337462 0.14982103
-0.22149369 -1.1548448 0.14932393
-0.22539757 -1.2470301 0.15082076
-0.22995405 -1.3390732 0.15243919
-0.2216941 -1.148917 0.1510266
-0.2265139 -1.2466658 0.15378624
-0.2322179 -1.3395087 0.15581915
-0.2045216 -0.4983604 0.17903857
-0.2087269 -0.5197132 0.1798516
-0.20807579 -0.49351826 0.18239212
-0.20718731 -0.47134355 0.18504272
-0.21397254 -0.48596478 0.18645003
-0.21233535 -0.46531054 0.18895556
-0.21066274 -0.44801864 0.1915382
-0.20868896 -0.43377393 0.1941715
-0.21719395 -0.4411777 0.19569431
-0.21479021 -0.42879406 0.19828574
-0.21232893 -0.4191008 0.20093203
-0.22234364 -0.42201602 0.20256327
-0.2192965 -0.41444433 0.20519266
-0.21633576 -0.40936634 0.20786898
-0.21334493 -0.40672982 0.21058609
-0.22395606 -0.40548748 0.21222079
-0.22051473 -0.4050508 0.2149328
-0.21713139 -0.40699643 0.21767919
-0.22861195 -0.40222237 0.21935019
-0.22471169 -0.4064629 0.22209962
-0.22091842 -0.41307417 0.22487733
-0.21717626 -0.4220595 0.22767928
-0.2288066 -0.4137885 0.22935565
-0.22459312 -0.42515263 0.23216647
-0.22046445 -0.43892553 0.23499729
-0.23270676 -0.42712915 0.2366916
-0.2280582 -0.44334057 0.23953669
-0.22351733 -0.46202505 0.24239808
-0.21905297 -0.48319831 0.24527
-0.23123035 -0.4676902 0.24697895
-0.22625099 -0.49142045 0.24987125
-0.22136901 -0.5177419 0.2527702
-0.23403935 -0.49821737 0.25448266
-0.22858872 -0.52714646 0.25740364
-0.2232579 -0.55880016 0.26032662
-0.21801512 -0.5931952 0.26324144
-0.23045762 -0.5692309 0.26497552
-0.22464815 -0.6064345 0.26791435
-0.21894206 -0.6465602 0.27083576
-0.23178428 -0.61771286 0.27255368
-0.22546886 -0.660735 0.27549094
-0.21927474 -0.70690566 0.27839524
-0.21313393 -0.75621444 0.28124756
-0.22564365 -0.7218508 0.2829793
-0.21896417 -0.7744631 0.2858194
-0.21227482 -0.83049285 0.2885741
-0.22508088 -0.7900738 0.29023233
-0.21798609 -0.8496319 0.29291454
-0.21073529 -0.9129091 0.29545268
-0.2032097 -0.97975963 0.29783607
-0.21636242 -0.9332747 0.29928732
-0.20865521 -1.0043046 0.3013665
-0.20011032 -1.0790896 0.30322635
-0.21419017 -1.0276583 0.30414566
-0.20638059 -1.1067255 0.30524203
-0.1969941 -1.1890992 0.30594766
-0.1326938 -0.5065024 0.18650968
-0.15008852 -0.40195113 0.18294893
-0.16683272 -0.3888418 0.18110204
-0.18404618 -0.4299451 0.17974663
-0.13192062 -0.5069637 0.18782726
-0.14999898 -0.40235496 0.18407519
-0.16687788 -0.3878933 0.18214436
-0.18414146 -0.42668998 0.18084392
-0.13115908 -0.5070073 0.18903545
-0.14989905 -0.40277874 0.18525128
-0.1669245 -0.38703594 0.18322966
-0.18424948 -0.4235467 0.18197757
-0.13043304 -0.506696 0.19019684
-0.14979029 -0.40322816 0.18645918
-0.16697323 -0.38627535 0.1843529
-0.1843705 -0.42052346 0.18314166
-0.12974682 -0.50607574 0.19134201
-0.14967348 -0.40370554 0.1876869
-0.16702348 -0.385618 0.18550827
-0.18450361 -0.41763207 0.18433073
-0.1291005 -0.50518316 0.19248019
-0.14954992 -0.4042125 0.18892647
-0.16707526 -0.38506916 0.18669091
-0.18464829 -0.4148832 0.18554147
-0.12849165 -0.5040509 0.19361278
-0.14942066 -0.4047504 0.1901725
-0.16712849 -0.38463435 0.18789639
-0.18480378 -0.41228804 0.186771
-0.1279178 -0.5027084 0.19473992
-0.14928678 -0.40532023 0.19142148
-0.16718318 -0.38431877 0.18912101
-0.1849693 -0.40985748 0.18801697
-0.12737656 -0.50118285 0.1958615
-0.14914928 -0.40592298 0.19267105
-0.16723935 -0.3841278 0.1903616
-0.18514398 -0.40760225 0.18927729
-0.12686597 -0.4994997 0.19697782
-0.14900926 -0.40656 0.19391966
-0.16729704 -0.38406667 0.19161563
-0.18532681 -0.4055325 0.19055022
-0.12638445 -0.4976827 0.19808947
-0.1488678 -0.40723306 0.19516632
-0.16735624 -0.3841408 0.19288093
-0.18551679 -0.40365773 0.19183426
-0.1259307 -0.49575442 0.19919723
-0.14872602 -0.4079446 0.19641048
-0.16741696 -0.38435552 0.19415574
-0.18571284 -0.40198678 0.19312818
-0.1255036 -0.4937364 0.20030202
-0.14858499 -0.40869784 0.19765186
-0.16747919 -0.3847163 0.1954386
-0.18591389 -0.40052772 0.19443098
-0.12510227 -0.49164927 0.20140474
-0.14844579 -0.40949693 0.19889049
-0.16754286 -0.38522863 0.1967283
-0.18611895 -0.39928782 0.19574182
-0.12472587 -0.48951304 0.20250629
-0.1483094 -0.41034678 0.2001265
-0.16760792 -0.38589805 0.19802386
-0.18632703 -0.3982738 0.19706002
-0.12437363 -0.48734704 0.20360753
-0.14817667 -0.41125324 0.20136014
-0.16767426 -0.3867301 0.19932438
-0.18653725 -0.39749172 0.19838502
-0.12404482 -0.48516995 0.20470928
-0.14804839 -0.41222292 0.20259176
-0.16774175 -0.38773048 0.20062922
-0.18674877 -0.39694715 0.19971636
-0.1237387 -0.483 0.20581223
-0.1479252 -0.41326314 0.20382173
-0.16781023 -0.38890484 0.20193776
-0.18696085 -0.39664525 0.20105363
-0.12345451 -0.48085484 0.20691706
-0.1478076 -0.41438177 0.20505047
-0.16787957 -0.39025894 0.20324951
-0.18717277 -0.3965908 0.2023965
-0.123191476 -0.47875157 0.20802434
-0.14769597 -0.41558734 0.20627834
-0.16794951 -0.39179853 0.20456406
-0.1873839 -0.39678836 0.20374465
-0.122948766 -0.47670674 0.20913455
-0.14759058 -0.4168887 0.20750573
-0.16801989 -0.3935295 0.20588107
-0.18759365 -0.39724225 0.20509782
-0.12272553 -0.47473642 0.21024813
-0.14749157 -0.41829515 0.20873299
-0.16809043 -0.39545774 0.20720026
-0.18780147 -0.39795664 0.20645575
-0.12252088 -0.47285604 0.21136543
-0.14739898 -0.41981614 0.20996045
-0.16816089 -0.39758924 0.2085214
-0.18800679 -0.39893556 0.20781824
-0.12233389 -0.47108048 0.21248673
-0.14731273 -0.4214615 0.21118838
-0.16823097 -0.39992994 0.20984429
-0.1882091 -0.40018296 0.20918508
-0.1221636 -0.46942404 0.21361226
-0.14723268 -0.42324105 0.21241705
-0.16830036 -0.40248594 0.21116883
-0.18840793 -0.40170273 0.21055607
-0.122009024 -0.46790045 0.2147422
-0.14715858 -0.4251648 0.2136467
-0.16836874 -0.40526336 0.21249487
-0.18860275 -0.40349874 0.21193108
-0.12186916 -0.46652287 0.21587664
-0.14709012 -0.42724273 0.2148775
-0.16843577 -0.40826833 0.21382235
-0.18879306 -0.40557474 0.2133099
-0.121742986 -0.46530378 0.21701565
-0.14702694 -0.4294849 0.21610962
-0.16850106 -0.41150713 0.2151512
-0.1889784 -0.40793452 0.21469244
-0.12162947 -0.4642552 0.21815927
-0.14696857 -0.43190128 0.21734321
-0.16856423 -0.41498595 0.2164814
-0.18915825 -0.4105819 0.21607855
-0.12152755 -0.46338847 0.21930747
-0.14691453 -0.4345018 0.21857837
-0.16862485 -0.4187111 0.21781293
-0.1893321 -0.41352051 0.21746811
-0.12143619 -0.46271443 0.22046022
-0.14686428 -0.4372963 0.2198152
-0.16868247 -0.42268887 0.21914577
-0.18949944 -0.4167542 0.21886106
-0.12135434 -0.46224332 0.22161742
-0.14681722 -0.44029444 0.22105373
-0.16873664 -0.42692566 0.22047994
-0.18965976 -0.4202866 0.22025727
-0.12128094 -0.4619848 0.22277898
-0.14677273 -0.44350585 0.22229405
-0.16878685 -0.43142778 0.22181547
-0.18981254 -0.42412147 0.22165667
-0.12121494 -0.46194813 0.22394475
-0.14673014 -0.44693992 0.22353615
-0.16883259 -0.43620157 0.22315234
-0.1899572 -0.42826247 0.22305919
-0.12115531 -0.46214187 0.2251146
-0.14668874 -0.45060584 0.22478005
-0.16887332 -0.44125342 0.22449063
-0.19009325 -0.43271327 0.22446477
-0.12110101 -0.46257418 0.22628836
-0.1466478 -0.45451275 0.22602576
-0.16890846 -0.44658962 0.22583033
-0.19022007 -0.43747756 0.22587338
-0.12105102 -0.46325278 0.22746584
-0.14660656 -0.45866942 0.22727324
-0.16893741 -0.45221648 0.22717148
-0.19033712 -0.44255894 0.22728494
-0.12100433 -0.46418476 0.22864684
-0.14656423 -0.46308455 0.22852248
-0.16895956 -0.4581402 0.22851413
-0.19044381 -0.44796103 0.22869942
-0.12095994 -0.4653769 0.22983116
-0.14652002 -0.46776652 0.22977343
-0.16897424 -0.464367 0.2298583
-0.19053957 -0.45368737 0.23011677
-0.12091687 -0.46683553 0.23101859
-0.14647308 -0.47272354 0.23102604
-0.16898078 -0.47090298 0.23120402
-0.19062378 -0.4597415 0.23153698
-0.12087416 -0.46856648 0.2322089
-0.14642258 -0.4779636 0.23228024
-0.16897845 -0.47775418 0.23255132
-0.19069582 -0.46612695 0.23296002
-0.12083085 -0.4705752 0.23340183
-0.14636764 -0.48349434 0.23353599
-0.16896656 -0.48492643 0.23390023
-0.19075507 -0.47284716 0.23438582
-0.12078602 -0.47286683 0.23459719
-0.14630738 -0.4893233 0.2347932
-0.16894431 -0.49242553 0.23525077
-0.1908009 -0.47990552 0.23581438
-0.12073873 -0.47544608 0.23579471
-0.1462409 -0.49545765 0.23605183
-0.16891094 -0.5002572 0.23660296
-0.19083267 -0.48730537 0.23724565
-0.12068811 -0.47831732 0.23699416
-0.14616732 -0.50190437 0.23731177
-0.16886562 -0.5084267 0.23795682
-0.19084974 -0.49505004 0.2386796
-0.12063329 -0.48148462 0.23819532
-0.14608572 -0.5086702 0.23857297
-0.16880752 -0.5169396 0.23931237
-0.19085144 -0.5031427 0.2401162
-0.12057339 -0.48495173 0.2393979
-0.14599515 -0.51576155 0.23983535
-0.16873577 -0.5258007 0.2406696
-0.19083706 -0.5115866 0.24155535
-0.12050758 -0.48872212 0.24060169
-0.14589469 -0.52318466 0.24109885
-0.16864948 -0.535015 0.24202852
-0.19080597 -0.5203847 0.24299705
-0.12043507 -0.49279892 0.24180643
-0.14578341 -0.53094536 0.24236341
-0.16854775 -0.5445871 0.24338914
-0.19075747 -0.5295402 0.24444123
-0.12035504 -0.49718517 0.24301192
-0.14566034 -0.53904945 0.24362896
-0.16842963 -0.5545213 0.24475147
-0.19069086 -0.53905576 0.24588779
-0.120266736 -0.5018835 0.24421789
-0.14552453 -0.54750216 0.24489546
-0.16829416 -0.5648216 0.24611549
-0.19060545 -0.5489344 0.24733664
-0.12016941 -0.5068965 0.24542414
-0.14537501 -0.55630875 0.24616286
-0.16814035 -0.57549185 0.24748117
-0.19050053 -0.55917877 0.2487877
-0.12006234 -0.51222646 0.24663045
-0.14521085 -0.565474 0.24743117
-0.16796722 -0.5865353 0.24884853
-0.19037537 -0.5697916 0.25024083
-0.11994481 -0.5178755 0.24783659
-0.14503103 -0.57500243 0.24870037
-0.16777371 -0.597955 0.2502175
-0.19022928 -0.58077544 0.25169593
-0.119816154 -0.52384573 0.24904239
-0.1448346 -0.5848984 0.24997044
-0.16755877 -0.6097535 0.2515881
-0.19006152 -0.59213257 0.2531528
-0.11967571 -0.530139 0.2502477
-0.14462058 -0.59516597 0.25124145
-0.16732138 -0.6219331 0.25296026
-0.18987139 -0.60386556 0.25461125
-0.11952285 -0.5367572 0.25145224
-0.14438796 -0.6058087 0.25251344
-0.16706043 -0.6344953 0.25433397
-0.18965812 -0.6159764 0.25607115
-0.11935693 -0.543702 0.25265598
-0.14413576 -0.61683017 0.2537865
-0.16677482 -0.6474416 0.25570914
-0.189421 -0.62846744 0.25753218
-0.11917738 -0.55097526 0.25385877
-0.14386298 -0.6282335 0.25506076
-0.16646343 -0.6607726 0.25708577
-0.18915927 -0.64134055 0.25899416
-0.11898363 -0.55857855 0.25506046
-0.1435686 -0.64002144 0.25633633
-0.16612516 -0.6744884 0.25846377
-0.18887225 -0.6545977 0.26045674
-0.1187751 -0.56651366 0.25626102
-0.14325164 -0.65219647 0.25761342
-0.1657589 -0.6885887 0.25984308
-0.18855913 -0.66824055 0.2619196
-0.11855126 -0.57478225 0.25746042
-0.14291102 -0.6647608 0.25889224
-0.16536345 -0.70307237 0.26122358
-0.18821919 -0.6822709 0.26338235
-0.118311584 -0.5833863 0.25865865
-0.14254573 -0.6777163 0.26017308
-0.16493772 -0.7179379 0.26260522
-0.18785167 -0.69669026 0.26484463
-0.11805555 -0.59232754 0.25985575
-0.14215471 -0.6910644 0.26145625
-0.16448058 -0.73318285 0.2639879
-0.18745582 -0.7114999 0.26630592
-0.11778266 -0.6016081 0.2610518
-0.14173688 -0.7048061 0.2627421
-0.16399089 -0.7488042 0.26537144
-0.18703085 -0.7267013 0.26776576
-0.11749239 -0.61123013 0.262247
-0.14129117 -0.7189422 0.26403114
-0.16346753 -0.76479846 0.2667558
-0.186576 -0.7422956 0.2692235
-0.11718425 -0.6211959 0.26344156
-0.14081645 -0.73347276 0.26532382
-0.16290942 -0.78116095 0.2681408
-0.18609045 -0.7582836 0.2706786
-0.11685773 -0.631508 0.2646358
-0.14031155 -0.74839777 0.26662073
-0.1623155 -0.7978868 0.26952624
-0.18557341 -0.7746664 0.27213028
-0.11651231 -0.6421692 0.2658301
-0.13977535 -0.7637163 0.26792252
-0.16168474 -0.8149699 0.270912
-0.18502404 -0.79144466 0.27357778
-0.11614746 -0.6531822 0.26702493
-0.13920659 -0.779427 0.26922992
-0.16101612 -0.83240366 0.27229783
-0.18444148 -0.80861866 0.2750202
-0.115762606 -0.6645504 0.26822096
-0.13860399 -0.7955281 0.2705438
-0.1603087 -0.8501808 0.27368355
-0.1838248 -0.826189 0.27645662
-0.11535717 -0.67627716 0.26941887
-0.13796626 -0.81201684 0.27186507
-0.15956162 -0.8682932 0.27506894
-0.18317309 -0.84415543 0.27788594
-0.11493052 -0.688366 0.27061954
-0.137292 -0.82888985 0.27319473
-0.15877402 -0.88673216 0.2764537
-0.18248536 -0.86251783 0.27930698
-0.11448197 -0.7008209 0.27182403
-0.13657975 -0.8461428 0.274534
-0.15794513 -0.9054883 0.27783757
-0.1817605 -0.8812756 0.28071845
-0.11401081 -0.71364594 0.27303353
-0.13582799 -0.8637706 0.27588403
-0.1570743 -0.92455167 0.27922022
-0.18099745 -0.90042764 0.28211886
-0.11351623 -0.72684544 0.27424946
-0.13503507 -0.8817668 0.2772463
-0.15616089 -0.9439117 0.28060135
-0.18019493 -0.91997254 0.28350663
-0.112997375 -0.7404239 0.2754734
-0.13419926 -0.9001239 0.27862227
-0.15520439 -0.9635576 0.2819806
-0.17935166 -0.9399083 0.28488
-0.112453334 -0.7543859 0.27670714
-0.13331878 -0.9188328 0.28001347
-0.15420435 -0.9834779 0.28335753
-0.17846619 -0.96023196 0.2862371
-0.11188311 -0.7687364 0.27795282
-0.13239172 -0.9378832 0.28142166
-0.15316041 -1.0036612 0.28473172
-0.17753698 -0.98094 0.28757572
-0.11128565 -0.78348017 0.2792127
-0.13141608 -0.95726264 0.2828485
-0.15207227 -1.0240953 0.28610265
-0.17656235 -1.0020276 0.28889364
-0.110659845 -0.79862225 0.2804894
-0.13038982 -0.9769571 0.2842958
-0.15093967 -1.0447686 0.28746986
-0.1755405 -1.0234892 0.2901884
-0.11000456 -0.81416786 0.28178576
-0.12931088 -0.9969505 0.28576532
-0.14976247 -1.0656692 0.2888327
-0.1744695 -1.0453176 0.2914574
-0.10931867 -0.8301222 0.28310493
-0.12817724 -1.0172243 0.28725865
-0.14854051 -1.086785 0.29019046
-0.17334734 -1.067504 0.29269797
-0.108601086 -0.84649074 0.28445035
-0.12698697 -1.0377584 0.2887773
-0.1472737 -1.1081043 0.29154235
-0.17217194 -1.0900381 0.29390723
-0.1078508 -0.8632796 0.28582582
-0.1257383 -1.05853 0.29032245
-0.14596196 -1.1296161 0.29288748
-0.1709412 -1.1129076 0.2950825
-0.10706701 -0.8804949 0.28723544
-0.1244298 -1.0795144 0.2918948
-0.1446052 -1.1513088 0.2942247
-0.16965312 -1.1360986 0.29622105
-0.10624912 -0.8981441 0.28868377
-0.123060316 -1.1006856 0.29349458
-0.1432034 -1.1731716 0.2955527
-0.1683058 -1.1595948 0.29732051
-0.10539695 -0.91623646 0.29017583
-0.12162915 -1.1220168 0.2951212
-0.14175647 -1.1951948 0.2968699
-0.16689764 -1.1833789 0.29837894
-0.1045107 -0.93478245 0.29171756
-0.12013599 -1.1434796 0.29677296
-0.14026445 -1.2173679 0.2981743
-0.16542734 -1.2074314 0.29939494
-0.1035911 -0.9537971 0.29331627
-0.11858093 -1.1650468 0.29844669
-0.13872746 -1.2396818 0.29946354
-0.16389404 -1.2317326 0.30036816
-0.10263886 -0.9732999 0.2949824
-0.11696423 -1.186692 0.30013695
-0.13714576 -1.2621278 0.30073473
-0.16229722 -1.2562618 0.30129957
-0.10165394 -0.9933199 0.29673207
-0.11528629 -1.2083904 0.30183455
-0.13552004 -1.2846977 0.30198452
-0.16063687 -1.2809987 0.30219227
-0.100631274 -1.013899 0.29859778
-0.11354742 -1.2301193 0.3035239
-0.13385138 -1.307384 0.3032088
-0.15891331 -1.305924 0.30305216
-0.09955243 -1.0351058 0.30063677
-0.11174823 -1.2518575 0.3051806
-0.13214155 -1.3301793 0.304404
-0.15712735 -1.3310184 0.303891
-0.098357454 -1.0570574 0.30302808
-0.10989118 -1.2735932 0.30676365
-0.13039356 -1.353082 0.30556387
-0.15528122 -1.3562689 0.30472556
-0.09684901 -1.0800079 0.30606335
-0.10798016 -1.2953 0.30822718
-0.12860987 -1.3760747 0.3066896
-0.15337767 -1.3816471 0.30558935
-0.11517228 -0.63708514 0.18529403
-0.122849226 -0.5666351 0.18738124
-0.11711129 -0.59080213 0.19028619
-0.11026771 -0.6118842 0.19322933
-0.12143721 -0.541433 0.1942017
-0.115309544 -0.5606027 0.19670932
-0.10859965 -0.57598877 0.19913529
-0.1012268 -0.5872313 0.20145689
-0.115196764 -0.5297406 0.20213461
-0.108793326 -0.5401484 0.20443681
-0.1020035 -0.5467563 0.20666039
-0.116032 -0.50249296 0.2074133
-0.109990984 -0.50914925 0.20971029
-0.10368518 -0.5125592 0.21194282
-0.09716155 -0.5127081 0.2141515
-0.11178943 -0.48527032 0.21512134
-0.10586816 -0.48661697 0.217393
-0.09972163 -0.48521045 0.21964702
-0.11394446 -0.46982566 0.22069743
-0.108324595 -0.46997252 0.22301616
-0.10249344 -0.46773285 0.22531146
-0.09646562 -0.4631336 0.2276075
-0.11088516 -0.46326444 0.22878718
-0.10529195 -0.46068355 0.2311146
-0.09947845 -0.4559215 0.23343927
-0.11340936 -0.4669451 0.23466974
-0.10798963 -0.46432975 0.23701984
-0.10235467 -0.4595743 0.23935744
-0.09651892 -0.45262277 0.24169914
-0.11047571 -0.47890282 0.24298893
-0.10496709 -0.47417766 0.24532439
-0.09923581 -0.4671063 0.24765971
-0.112649836 -0.50467616 0.24898586
-0.10722957 -0.49989054 0.25130534
-0.10159255 -0.49247095 0.25361633
-0.095762946 -0.48223364 0.25593305
-0.10906513 -0.5370257 0.25727355
-0.10350549 -0.5289467 0.25954387
-0.09771809 -0.5175366 0.26181898
-0.110394895 -0.58614117 0.26322073
-0.10492348 -0.57706547 0.26543885
-0.09923649 -0.56397563 0.2676606
-0.09333067 -0.5465103 0.2699079
-0.10577295 -0.63778514 0.27134725
-0.100274436 -0.62257844 0.27352387
-0.0945232 -0.6020795 0.27575102
-0.105897725 -0.7125258 0.27741516
-0.10071337 -0.6950069 0.27961767
-0.095494196 -0.6712783 0.28194717
-0.09002168 -0.64142746 0.28447208
-0.10014911 -0.7831826 0.2864033
-0.095842294 -0.75664747 0.2892621
-0.09213197 -0.72511446 0.29269233
-0.09782334 -0.88820404 0.2945762
-0.09467775 -0.8592999 0.29908547
-0.09373536 -0.83074766 0.30454457
-0.08890386 -1.0939456 0.3163264
-0.046243574 -1.6145484 0.33267766
0.0058637056 -2.1400235 0.36199167
-0.076291144 -1.2516537 0.3179725
-0.030080045 -1.7755102 0.34154508
0.025698915 -2.3049996 0.373473
-0.062074523 -1.4102727 0.32453284
-0.012583661 -1.938925 0.35130313
-0.08930388 -1.0426883 0.315866
-0.0468276 -1.5713322 0.33243227
0.0061973003 -2.104155 0.36193112
-0.07724102 -1.2010165 0.31851333
-0.030355254 -1.7349751 0.34135926
0.02619998 -2.2706914 0.37345213
-0.062979326 -1.3629236 0.32453912
-0.012601852 -1.9007232 0.35119593
-0.08932195 -0.99521863 0.31483626
-0.047501817 -1.5271987 0.3322899
0.0063984334 -2.067943 0.36188668
-0.07771431 -1.1520145 0.31896582
-0.03077437 -1.6937952 0.3412317
0.026583062 -2.2361631 0.37342653
-0.063782565 -1.3154458 0.32464048
-0.012767911 -1.8621424 0.35112315
-0.0893569 -0.9485768 0.31395492
-0.048283387 -1.4825777 0.33221418
0.0064647277 -2.0315266 0.3618582
-0.0781002 -1.1039916 0.31910968
-0.03137026 -1.6522541 0.34115192
0.02684921 -2.2014885 0.3734062
-0.06464315 -1.2681315 0.32467166
-0.013109747 -1.823379 0.351083
-0.08942181 -0.9017492 0.3133311
-0.049297642 -1.4378041 0.33215412
0.006390957 -1.9950356 0.3618498
-0.07879475 -1.0561476 0.31895608
-0.032248914 -1.6106137 0.34111318
0.0270271 -2.166756 0.37340474
-0.22526446 -1.3420388 0.16771959
-0.20177466 -1.1163002 0.16580841
-0.17999202 -0.8695659 0.15294078
-0.21996053 -1.2941939 0.16810077
-0.19710983 -1.0637372 0.16353267
-0.23883894 -1.464268 0.1661153
-0.2149039 -1.2457201 0.16775152
-0.19272768 -1.0095695 0.16031808
-0.23333733 -1.417636 0.16744705
-0.21007119 -1.1963323 0.16661714
-0.1881861 -0.9535391 0.15552099
-0.22810526 -1.3707604 0.16812521
-0.20541583 -1.1456194 0.16462402
-0.24694562 -1.5390396 0.16545688
-0.22312726 -1.3235081 0.16808875
-0.2008212 -1.0929953 0.16163163
-0.24144307 -1.49299 0.1670266
-0.218359 -1.2756028 0.16727796
-0.19586001 -1.0369918 0.15735635
-0.23624124 -1.4468989 0.16798736
-0.2137034 -1.2265527 0.1656162
-0.25510922 -1.6136891 0.16471978
-0.2313206 -1.4006728 0.16825879
-0.20895532 -1.1754522 0.16296738
-0.24955583 -1.5680715 0.16647004
-0.226626 -1.3540615 0.1677772
-0.20369999 -1.1203687 0.15911803
-0.24434528 -1.5225836 0.16769442
-0.22203623 -1.3065622 0.16647382
-0.19745271 -1.0575188 0.15465559
-0.23945984 -1.477187 0.16826573
-0.21730693 -1.2571651 0.16423912
-0.257654 -1.6428763 0.16579849
-0.2348438 -1.4316788 0.16811135
-0.21199073 -1.2037882 0.16088393
-0.25237924 -1.5978117 0.16725959
-0.23037529 -1.3856082 0.1671682
-0.20549877 -1.1428154 0.15648727
-0.18678437 -0.95223236 0.16331246
-0.21006724 -1.1900005 0.16749029
-0.23484503 -1.4093503 0.16343935
-0.19216253 -1.0091307 0.16516598
-0.21581528 -1.2402937 0.16712806
-0.17365839 -0.80683243 0.15867615
-0.19770889 -1.0639615 0.16638777
-0.22176208 -1.2897995 0.1660532
-0.17962293 -0.87226456 0.1619331
-0.20337775 -1.1171492 0.16696241
-0.22793317 -1.3386364 0.16406296
-0.18546236 -0.9330793 0.16401692
-0.2091934 -1.1690013 0.16688731
-0.16850455 -0.72914934 0.15514909
-0.19121023 -0.99071753 0.16544604
-0.21518095 -1.2197325 0.16613011
-0.17352083 -0.7956784 0.15971537
-0.19700491 -1.0460408 0.16626368
-0.22135857 -1.2695198 0.16454792
-0.17925952 -0.85941523 0.16246402
-0.20289968 -1.0995468 0.16646592
-0.16482909 -0.66360825 0.15371743
-0.18511252 -0.9197089 0.16425726
-0.20892635 -1.1515626 0.16602395
-0.16887999 -0.7269374 0.15730225
-0.19100046 -0.97715646 0.16536312
-0.21510643 -1.2023252 0.16483733
-0.17400774 -0.7905822 0.16052957
-0.19695607 -1.0323366 0.16584961
-0.22145693 -1.2520338 0.1626196
-0.17963772 -0.85221577 0.16277248
-0.20301084 -1.0856553 0.16571748
-0.1653378 -0.6673234 0.15566926
-0.18547355 -0.911272 0.16423003
-0.20918648 -1.1374108 0.16490547
-0.16981918 -0.72874415 0.15862446
-0.19142264 -0.9679126 0.1650248
-0.21549812 -1.187831 0.16323222
-0.17498975 -0.78988636 0.16111088
-0.19747102 -1.0224494 0.16520233
-0.16251634 -0.61589175 0.15508881
-0.18057357 -0.84946346 0.16289024
-0.2036242 -1.0751638 0.16474384
-0.16651699 -0.6744856 0.1571394
-0.1863938 -0.9070035 0.16399717
-0.20988956 -1.1262903 0.16354142
-0.17119677 -0.7338797 0.15951784
-0.19236699 -0.96247685 0.16448165
-0.21626885 -1.1760113 0.16134617
-0.17640026 -0.79280835 0.16146083
-0.19846013 -1.0160208 0.16435646
-0.16390869 -0.6273691 0.15622027
-0.1819652 -0.850433 0.16281874
-0.20466064 -1.0678023 0.16356863
-0.1681591 -0.68450993 0.15819132
-0.18777138 -0.90635574 0.163582
-0.21095993 -1.1179746 0.16196485
-0.17295586 -0.7419795 0.1600967
-0.19374625 -0.96046114 0.16376226
-0.16188489 -0.5867528 0.15581925
-0.1781878 -0.7989105 0.16158667
-0.19984883 -1.0127734 0.16333969
-0.16576385 -0.64153373 0.15722005
-0.18374419 -0.85469234 0.16256137
-0.20605265 -1.0633602 0.16222645
-0.17017718 -0.69715285 0.15891685
-0.18953474 -0.90897924 0.1630001
-0.2123321 -1.1122917 0.16024275
-0.17505473 -0.75284296 0.16040698
-0.19549482 -0.96160907 0.16289063
-0.16392452 -0.6045269 0.15660995
-0.18031116 -0.80795586 0.16149928
-0.20157795 -1.0125244 0.16218548
-0.16798966 -0.658165 0.15798347
-0.18586214 -0.8620088 0.16212808
-0.20774473 -1.0617083 0.16077732
-0.1725217 -0.71232206 0.15936124
-0.1916337 -0.91468513 0.16227008
-0.16256762 -0.5730458 0.15631057
-0.17746158 -0.7663913 0.16047472
-0.19756477 -0.96578795 0.16189685
-0.16632529 -0.6247086 0.15731463
-0.1827397 -0.81985384 0.1612138
-0.20360239 -1.0151955 0.16094463
-0.17053445 -0.6772155 0.15849815
-0.188286 -0.8722981 0.16153656
-0.16165808 -0.54669684 0.15624082
-0.17516136 -0.7300307 0.15955001
-0.19403435 -0.9234175 0.16141951
-0.16512792 -0.5964365 0.15689677
-0.18015449 -0.78265035 0.16032144
-0.19992287 -0.9729834 0.160826
-0.16903919 -0.6472807 0.15783942
-0.18545361 -0.83463126 0.16075134
-0.20589039 -1.0208274 0.1596926
-0.17336808 -0.6987509 0.15876666
-0.1909956 -0.88559693 0.16081469
-0.16435759 -0.57302004 0.15669334
-0.17807811 -0.75038433 0.15950307
-0.19671613 -0.93523717 0.16049074
-0.16799079 -0.6222329 0.15738638
-0.1831219 -0.80174047 0.15997088
-0.20254885 -0.9832987 0.15974537
-0.17203827 -0.6723451 0.1581482
-0.18844377 -0.8524156 0.16014168
-0.163966 -0.55415237 0.15665498
-0.17647545 -0.72293085 0.15879653
-0.19398214 -0.90204483 0.16000454
-0.16735022 -0.60179126 0.15712409
-0.18126562 -0.773574 0.1592421
-0.19966993 -0.9503098 0.15954708
-0.17113392 -0.65056926 0.15770392
-0.18636268 -0.8238668 0.15945375
-0.2054342 -0.9969486 0.1587476
-0.17531036 -0.7001026 0.15822706
-0.19171116 -0.8734191 0.15942764
-0.16708134 -0.585688 0.15702482
-0.17985448 -0.7500001 0.15860142
-0.19724663 -0.92186517 0.15916815
-0.17061986 -0.6331773 0.15743099
-0.18472892 -0.79986715 0.15879582
-0.2028962 -0.9688861 0.15867859
-0.17454988 -0.68168247 0.15780927
-0.1898857 -0.849303 0.15881297
-0.16716608 -0.57368976 0.15705225
-0.17885748 -0.7308426 0.15807569
-0.19526537 -0.89791423 0.1586711
-0.17046744 -0.6199326 0.1573158
-0.18351553 -0.7802775 0.15820414
-0.20079717 -0.9453349 0.15839383
-0.17416331 -0.66745025 0.15754873
-0.18848357 -0.8295883 0.15820532
-0.20640157 -0.9912686 0.15799809
-0.17824551 -0.715903 0.15768379
-0.19370784 -0.87836057 0.15811005
-0.17065485 -0.61062574 0.15733504
-0.18269525 -0.76492953 0.1577073
-0.1991209 -0.9261928 0.15795971
-0.17412633 -0.65719426 0.15744251
-0.18748046 -0.81413156 0.15764163
-0.20464407 -0.9727378 0.15780136
-0.17799193 -0.70498216 0.15743764
-0.19255315 -0.8630795 0.15753084
-0.17115644 -0.6050702 0.1574565
-0.18224221 -0.7536409 0.1573274
-0.19784907 -0.9113354 0.15743233
-0.17441745 -0.650725 0.15747926
-0.1868522 -0.8027741 0.15715203
-0.20329042 -0.9585067 0.15741284
-0.178075 -0.69788885 0.15734297
-0.19177964 -0.85192984 0.15697163
-0.1719733 -0.6031227 0.15763958
-0.18213299 -0.74623185 0.15708119
-0.19696279 -0.90063167 0.1568594
-0.17501998 -0.64787596 0.15763833
-0.18657589 -0.7953519 0.15676099
-0.2023234 -0.9484342 0.15689898
-0.17847556 -0.6944514 0.15739939
-0.19136639 -0.8447696 0.15646392
-0.20777549 -0.99500114 0.15718396
-0.18234786 -0.742531 0.1569809
-0.19644384 -0.8939527 0.1562809
-0.17592913 -0.6485207 0.15788749
-0.18663087 -0.7917087 0.15648845
-0.20172736 -0.9423942 0.15631042
-0.17918153 -0.6945202 0.15759976
-0.19129382 -0.84146106 0.15603378
-0.20712714 -0.9896999 0.1566625
-0.18287003 -0.74238497 0.15703478
-0.19627541 -0.8911832 0.15573011
-0.1771286 -0.6525678 0.15817809
-0.18699934 -0.7916973 0.15635072
-0.2014886 -0.94028056 0.1556905
-0.1801863 -0.6979819 0.15792815
-0.19154444 -0.8418803 0.15570289
-0.20683624 -0.988292 0.15603493
-0.18368927 -0.7456598 0.15724733
-0.19644247 -0.8922226 0.15523466
-0.21222953 -1.0349644 0.156904
-0.1876664 -0.7951886 0.15636112
-0.20159578 -0.94201386 0.15507588
-0.18148668 -0.70476025 0.15835428
-0.19210306 -0.84591633 0.15548928
-0.20689464 -0.99070185 0.15535077
-0.18479915 -0.7522547 0.15761925
-0.19693226 -0.8969919 0.15481757
-0.21224336 -1.0379939 0.15620686
-0.1886223 -0.80207103 0.15653045
-0.20204 -0.94753855 0.15449747
-0.183104 -0.71484876 0.15882027
-0.19295737 -0.8534797 0.15540764
-0.20729719 -0.99689066 0.15465364
-0.18620294 -0.7621038 0.15814655
-0.19773453 -0.90543103 0.15449786
-0.2125973 -1.0447083 0.15542467
-0.18986078 -0.81226355 0.1568679
-0.20281507 -0.9568265 0.15398164
-0.21787184 -1.090951 0.157007
-0.1940989 -0.86450106 0.15546916
-0.20804144 -1.0068458 0.15398146
-0.18791819 -0.77520823 0.1588161
-0.19884263 -0.9175089 0.15429062
-0.21329182 -1.0551084 0.15461455
-0.19138527 -0.82571757 0.15738276
-0.20391814 -0.96987057 0.15355118
-0.21849832 -1.1015924 0.1560732
-0.19552301 -0.8789492 0.15568092
-0.20912758 -1.02058 0.15336762
-0.18996857 -0.7916474 0.1595872
-0.20025475 -0.9332245 0.1542063
-0.21432948 -1.069216 0.15382679
-0.1932073 -0.84244645 0.15808919
-0.20535132 -0.9866948 0.15322646
-0.2194573 -1.1158074 0.15508513
-0.19723241 -0.89683574 0.15604496
-0.21055862 -1.0381166 0.152843
-0.19243912 -0.8116701 0.1603172
-0.20197625 -0.95263493 0.15424883
-0.21571389 -1.0870658 0.15310511
-0.1953544 -0.8625342 0.15901813
-0.20712411 -1.0073528 0.15302588
-0.22075452 -1.1336443 0.15412268
-0.1992343 -0.91825527 0.15655771
-0.21234177 -1.0594943 0.15243848
-0.22567765 -1.1781707 0.15617478
-0.20402421 -0.9758729 0.15441282
-0.21744893 -1.1086807 0.15248919
-0.19789779 -0.88621926 0.16024366
-0.20925805 -1.0319577 0.15296662
-0.2223948 -1.1551479 0.15324531
-0.20154764 -0.9434049 0.15721132
-0.21449013 -1.0847516 0.15218705
-0.22719173 -1.1993076 0.15491456
-0.20643239 -1.0032169 0.15468058
-0.21953858 -1.1340698 0.15201858
-0.20097291 -0.9139825 0.16189955
-0.21179141 -1.060688 0.15306768
-0.2243795 -1.1803234 0.15250039
-0.20420314 -0.9726951 0.15800133
-0.21702485 -1.1139506 0.15212531
-0.2290422 -1.2240429 0.15377806
-0.20926656 -1.0351471 0.15502124
-0.22198796 -1.1632007 0.15173468
-0.23357318 -1.265668 0.15623635
-0.21478772 -1.0938307 0.15335998
-0.22670478 -1.2091279 0.15193072
-0.20726989 -1.0069101 0.15896715
-0.21997239 -1.1471568 0.15229729
-0.2312294 -1.2523593 0.15282479
-0.21269654 -1.0725231 0.15540604
-0.22479771 -1.1960303 0.15167955
-0.23561345 -1.2933847 0.15464371
-0.21831031 -1.1317184 0.15391162
-0.22935939 -1.2414353 0.15157592
-0.2107932 -1.0479728 0.16049974
-0.22333612 -1.1844581 0.15276566
-0.23374371 -1.2841444 0.15209217
-0.2169967 -1.1167395 0.15592061
-0.22794162 -1.2324915 0.15189666
-0.23801553 -1.3246394 0.15335783
-0.060309436 -1.5144186 0.32546908
-0.01320128 -2.02443 0.3516918
-0.086062916 -1.2039802 0.31762955
-0.04594072 -1.6951494 0.33348805
0.004753281 -2.208982 0.3621473
-0.073375195 -1.3788608 0.3197564
-0.030450441 -1.8767978 0.34232062
0.023782354 -2.3935072 0.37345928
-0.060464855 -1.5546472 0.3261803
-0.013813928 -2.059286 0.35189766
-0.08733168 -1.2426097 0.3171489
-0.046379402 -1.7325118 0.33398804
0.0039617866 -2.2424037 0.36223
-0.07419678 -1.417489 0.3208564
-0.031091439 -1.912104 0.34267098
0.022852935 -2.4258316 0.3734159
-0.061136656 -1.5915837 0.32694605
-0.014611598 -2.0930853 0.35211313
-0.08868202 -1.2754511 0.3163991
-0.047130894 -1.7676512 0.3345182
0.0030427633 -2.2750936 0.36230975
-0.07552348 -1.450987 0.32157353
-0.031949487 -1.9458097 0.34303623
0.021842916 -2.4577153 0.3733494
-0.062241133 -1.6250184 0.32765517
-0.01556195 -2.1257238 0.35233462
-0.09020084 -1.3042934 0.31575513
-0.04817322 -1.8003801 0.3350493
0.0020220852 -2.3069751 0.36238566
-0.077127606 -1.4804335 0.3219422
-0.033006135 -1.9777848 0.34340727
0.020776294 -2.4891047 0.3732618
-0.0636763 -1.6551443 0.32822782
-0.016647505 -2.1571074 0.35255876
-0.09190713 -1.3299626 0.31523594
-0.049478166 -1.8306565 0.33554244
0.00091613806 -2.337976 0.36245736
-0.07891834 -1.5066783 0.3220795
-0.034248978 -2.0079565 0.34376892
0.019668413 -2.5199425 0.37315607
-0.06535027 -1.6823565 0.32864475
-0.017858416 -2.1871674 0.35277963
-0.0937857 -1.352966 0.31480637
-0.05100352 -1.8585795 0.33596703
-0.00026601923 -2.3680356 0.36252356
-0.0808549 -1.530302 0.32207796
-0.0356607 -2.0363197 0.34410378
0.018527195 -2.5501716 0.37303525
-0.06719805 -1.7070652 0.32892314
-0.019185888 -2.2158687 0.35298917
-0.0958139 -1.3736647 0.31443676
-0.052704398 -1.8843353 0.3363092
-0.0015188117 -2.3971076 0.36258164
-0.082912594 -1.5517066 0.32199493
-0.037218563 -2.0629308 0.34439763
0.017356003 -2.5797362 0.37290186
-0.069176845 -1.7296232 0.32909086
-0.020619215 -2.2432086 0.35317886
-0.09796998 -1.3923345 0.3141079
-0.054541763 -1.9081403 0.33656904
-0.0028373823 -2.4251616 0.36262834
-0.08507273 -1.5711842 0.32186362
-0.038897928 -2.0878892 0.34464228
0.016156074 -2.6085851 0.3727578
-0.0712579 -1.7503135 0.3291742
-0.022145547 -2.2692158 0.3533418
-0.100235134 -1.4091924 0.3138077
-0.056484878 -1.9302044 0.33675453
-0.0042162184 -2.452184 0.36266032
-0.08732005 -1.5889572 0.32170334
-0.040675543 -2.111316 0.3448356
0.014928097 -2.6366742 0.37260422
-0.07342094 -1.7693603 0.32919416
-0.023751011 -2.293942 0.3534738
-0.10259369 -1.4244138 0.3135286
-0.058510464 -1.9507146 0.33687657
-0.005648869 -2.4781778 0.3626751
-0.08964189 -1.6051999 0.32152557
-0.04253133 -2.1333365 0.34497997
0.0136730485 -2.6639686 0.372442
-0.07565099 -1.7869413 0.3291668
-0.025422016 -2.3174524 0.35357356
-0.10503284 -1.4381407 0.31326565
-0.06060107 -1.9698305 0.33694625
-0.0071282913 -2.5031588 0.3626714
-0.092027836 -1.6200522 0.32133728
-0.044448826 -2.1540704 0.34508023
0.012392432 -2.690443 0.37227184
-0.07793663 -1.8031989 0.32910416
-0.027146224 -2.3398175 0.35364223
-0.1075423 -1.4504899 0.3130156
-0.06274357 -1.987685 0.33697358
-0.008647408 -2.527152 0.36264932
-0.09446947 -1.6336272 0.32114285
-0.046414956 -2.1736236 0.34514254
0.011088194 -2.7160819 0.37209466
-0.08026906 -1.8182477 0.32901523
-0.028913036 -2.3611069 0.35368273
-0.11011397 -1.4615563 0.31277627
-0.06492803 -2.0043879 0.33696735
-0.01019962 -2.5501876 0.36261028
-0.09696009 -1.6460168 0.32094517
-0.048419546 -2.1920888 0.3451733
0.009762484 -2.7408779 0.37191173
-0.08264152 -1.8321804 0.32890695
-0.030713735 -2.3813848 0.35369903
-0.11274165 -1.4714173 0.312546
-0.06714696 -2.0200288 0.33693495
-0.01177916 -2.5722966 0.3625568
-0.09949456 -1.6572958 0.32074615
-0.050454795 -2.209544 0.34517878
0.008417389 -2.7648299 0.37172493
-0.08504886 -1.8450718 0.3287846
-0.03254143 -2.4007084 0.35369575
-0.11542082 -1.4801346 0.31232378
-0.06939475 -2.0346806 0.33688274
-0.013381287 -2.59351 0.362492
-0.1020691 -1.667524 0.32054707
-0.05251487 -2.2260528 0.3451649
0.007054715 -2.7879415 0.3715366
-0.08748735 -1.8569819 0.32865247
-0.03439088 -2.4191258 0.35367772
-0.11814843 -1.4877564 0.31210867
-0.071667336 -2.0484009 0.33681622
-0.015002367 -2.6138551 0.36241972
-0.104681164 -1.6767484 0.3203488
-0.05459555 -2.2416666 0.34513718
0.0056758225 -2.810219 0.37134954
-0.0899544 -1.8679574 0.328514
-0.03625834 -2.4366755 0.35364985
-0.12092281 -1.4943181 0.31189996
-0.0739619 -2.061235 0.33674026
-0.016639873 -2.6333551 0.36234397
-0.10732933 -1.6850044 0.32015195
-0.05669397 -2.256425 0.34510082
0.004281528 -2.83167 0.37116694
-0.09244848 -1.878034 0.32837206
-0.038141396 -2.4533877 0.35361707
-0.123743564 -1.4998441 0.31169704
-0.07627672 -2.073217 0.33665916
-0.018292371 -2.6520283 0.36226907
-0.11001322 -1.692317 0.3199569
-0.05880846 -2.2703562 0.34506074
0.002872033 -2.8523018 0.3709923
-0.094969 -1.8872371 0.32822928
-0.040038865 -2.4692829 0.35358423
-0.1266115 -1.5043473 0.3114993
-0.07861102 -2.0843694 0.3365771
-0.019959511 -2.6698866 0.36219934
-0.11273345 -1.6987016 0.31976393
-0.060938444 -2.2834785 0.3450218
0.0014468896 -2.8721204 0.37082925
-0.09751622 -1.8955826 0.32808802
-0.041950773 -2.4843721 0.35355613
-0.1295287 -1.50783 0.3113061
-0.080964945 -2.0947056 0.33649814
-0.021642022 -2.6869364 0.36213905
-0.11549163 -1.7041639 0.31957316
-0.06308441 -2.2957985 0.3449889
4.9847285e-06 -2.891131 0.37068146
-0.10009121 -1.9030765 0.32795084
-0.043878373 -2.4986572 0.35353762
-0.13249847 -1.5102838 0.31111664
-0.0833395 -2.1042278 0.33642665
-0.023341734 -2.7031777 0.36209238
-0.11829029 -1.7087 0.3193849
-0.065248005 -2.3073127 0.34496713
-0.0014554476 -2.9093366 0.3705525
-0.1026959 -1.9097154 0.32782063
-0.045824237 -2.51213 0.3535334
-0.13552544 -1.5116882 0.31093004
-0.08573666 -2.1129267 0.33636743
-0.025061604 -2.718605 0.36206305
-0.12113296 -1.7122957 0.31919953
-0.06743222 -2.3180044 0.34496182
-0.00293678 -2.9267404 0.37044567
-0.105332986 -1.9154845 0.327701
-0.047792446 -2.5247734 0.35354784
-0.13861565 -1.5120106 0.31074512
-0.088159576 -2.1207802 0.33632627
-0.026805716 -2.7332084 0.3620541
-0.124024145 -1.7149259 0.31901795
-0.06964176 -2.3278446 0.34497875
-0.0044419165 -2.9433448 0.37036392
-0.10800611 -1.9203559 0.32759705
-0.049788788 -2.5365608 0.35358486
-0.14177668 -1.511204 0.31056023
-0.090612955 -2.1277492 0.33631036
-0.028579216 -2.7469752 0.36206767
-0.12696922 -1.7165515 0.31884196
-0.071883604 -2.3367898 0.34502384
-0.0059742318 -2.9591541 0.37030977
-0.11071995 -1.9242839 0.32751614
-0.05182096 -2.54746 0.35364717
-0.14501758 -1.5092049 0.31037316
-0.09310382 -2.1337745 0.33632866
-0.030388227 -2.7598925 0.3621045
-0.12997426 -1.7171171 0.31867534
-0.074167706 -2.344782 0.34510273
-0.007537644 -2.974174 0.37028524
-0.11348052 -1.927198 0.32746932
-0.053898662 -2.5574362 0.35373583
-0.14834881 -1.5059295 0.31018046
-0.09564273 -2.1387703 0.3363923
-0.032239784 -2.7719526 0.36216387
-0.13304546 -1.7165427 0.31852537
-0.076507844 -2.3517525 0.3452198
-0.009137073 -2.9884133 0.37029186
-0.116295904 -1.9289922 0.32747346
-0.056033574 -2.5664587 0.35384953
-0.15178144 -1.5012685 0.30997682
-0.09824565 -2.1426206 0.33651397
-0.034142137 -2.7831554 0.3622437
-0.13618784 -1.7147138 0.31840655
-0.07892214 -2.3576276 0.3453767
-0.010779734 -3.0018852 0.3703306
-0.11917783 -1.9295056 0.32755345
-0.058239345 -2.5745099 0.35398465
-0.15532519 -1.4950799 0.30975375
-0.10093624 -2.1451778 0.33670557
-0.036106035 -2.7935135 0.36234093
-0.13940282 -1.7114575 0.31834754
-0.08143299 -2.3623433 0.3455712
-0.012477933 -3.014605 0.37040183
-0.12214548 -1.9285015 0.3277431
-0.06053245 -2.5815947 0.35413593
-0.15898286 -1.4871745 0.30949858
-0.10374764 -2.146277 0.33697405
-0.038148027 -2.8030553 0.36245236
-0.14268483 -1.7064955 0.31840461
-0.08406701 -2.3658636 0.34579718
-0.014254111 -3.0265934 0.37050495
-0.12523277 -1.9256485 0.32808
-0.06293609 -2.587748 0.3542986
-0.16273433 -1.4772892 0.30920008
-0.10672271 -2.1457703 0.337317
-0.040297158 -2.8118277 0.3625755
-0.14602134 -1.6993511 0.3186807
-0.08685966 -2.3682005 0.3460481
-0.016147966 -3.0378764 0.37063766
-0.12849966 -1.9205478 0.3285889
-0.06549132 -2.5930402 0.35447052
-0.16648924 -1.4650011 0.30889958
-0.10992146 -2.1435823 0.33772412
-0.042605132 -2.8198996 0.36270824
-0.14941984 -1.6892 0.31932804
-0.08987901 -2.3694296 0.34632075
-0.018221121 -3.0484896 0.3707944
-0.13206257 -1.9128668 0.32926556
-0.06827828 -2.5975778 0.3546514
-0.169912 -1.4494001 0.3089958
-0.11348826 -2.1397717 0.33818552
-0.045151442 -2.8273656 0.3628451
-0.15314266 -1.6748878 0.32047176
-0.09327886 -2.369693 0.34660956
-0.020543596 -3.058478 0.37096176
-0.18258348 -1.4132186 0.3122006
-0.20087615 -1.3625652 0.31370616
-0.18880802 -1.459396 0.31662932
-0.17561448 -1.5541302 0.31923297
-0.16241519 -1.6437554 0.32141468
-0.18131705 -1.6100681 0.32300112
-0.16768827 -1.700619 0.32516515
-0.15459058 -1.7855624 0.3271975
-0.17205922 -1.7680612 0.3284912
-0.15837537 -1.8532522 0.33055252
-0.14538619 -1.9331354 0.33255658
-0.1330944 -2.0079284 0.33452126
-0.14761937 -2.0105658 0.33569995
-0.13485357 -2.0853033 0.33771217
-0.12272059 -2.15555 0.3396952
-0.1355982 -2.1708946 0.34075734
-0.12313698 -2.240718 0.34278458
-0.11122802 -2.3066256 0.34478778
-0.09983065 -2.36886 0.34677345
-0.11039152 -2.3982763 0.34782735
-0.09873284 -2.4601774 0.34984794
-0.08751599 -2.518898 0.35185167
-0.09674128 -2.5571778 0.35286236
-0.085341595 -2.6154535 0.3548965
-0.07431269 -2.670986 0.3569138
-0.06362414 -2.7239475 0.35891768
-0.071141474 -2.7719085 0.35994202
-0.06029808 -2.8245947 0.3619694
-0.049733333 -2.8750732 0.3639827
-0.05619979 -2.9291677 0.36499158
-0.04553971 -2.979356 0.3670291
-0.035090737 -3.027669 0.36905318
-0.024841229 -3.0742035 0.37106094
-0.030097304 -3.1350377 0.3721218
-0.019753717 -3.1815453 0.37417033
-0.009542887 -3.2265496 0.3761957
-0.014029724 -3.291504 0.37733674
-0.24472222 -1.3968079 0.1525984
-0.23544998 -1.3153768 0.15216823
-0.22764407 -1.222838 0.1583794
-0.24365985 -1.3897681 0.15155666
-0.2348728 -1.3085527 0.15356252
-0.22873844 -1.2195859 0.16189006
-0.24283303 -1.383297 0.15127383
-0.23454112 -1.3027083 0.15554208
-0.25072256 -1.4527593 0.15311362
-0.24225718 -1.3778448 0.15173313
-0.23446022 -1.29798 0.15802598
-0.24986592 -1.4470826 0.15180835
-0.24190407 -1.3737113 0.15290684
-0.23437168 -1.2941134 0.16108079
-0.24925274 -1.4421179 0.15124016
-0.24168614 -1.3709939 0.15474397
-0.25670046 -1.5082804 0.15370597
-0.24890444 -1.4384507 0.15140927
-0.24141161 -1.3694015 0.15717699
-0.25596124 -1.5035905 0.15220076
-0.24878429 -1.4364935 0.1523006
-0.24050753 -1.3673885 0.16000642
-0.25551715 -1.4997339 0.1513585
-0.24877277 -1.4364129 0.15387453
-0.23674934 -1.358567 0.16096844
-0.25537848 -1.497432 0.1512299
-0.2485877 -1.4378859 0.15605286
-0.26195738 -1.5594816 0.15272433
-0.25550848 -1.497215 0.1518119
-0.24751174 -1.4392341 0.1585885
-0.26161593 -1.5563194 0.1516406
-0.25578308 -1.4993688 0.15306585
-0.24371397 -1.434732 0.16020593
-0.26163995 -1.5549635 0.15122713
-0.25591144 -1.5037383 0.15489343
-0.26785412 -1.6149135 0.15336168
-0.26197335 -1.5560685 0.15149967
-0.25520086 -1.5090574 0.15701874
