0.021648878 -0.8370905 0.25986335
-0.047311846 0.40821347 0.29131305
-0.04328456 0.66183734 0.30120736
-0.02220581 0.12933011 0.3007918
0.020441458 -0.8431876 0.25483817
-0.047457203 0.40267473 0.29129502
-0.043462478 0.6574752 0.30119303
-0.022429867 0.1273846 0.30080026
0.02074293 -0.93817425 0.254949
-0.006761742 -1.1231954 0.25164127
-0.03295605 -1.201299 0.25480762
-0.06004444 -1.2047771 0.2580928
-0.10246969 -0.9887823 0.25502095
-0.13022439 -0.29816452 0.2740452
-0.12785192 -0.05217499 0.29119202
-0.1126625 -0.26564077 0.2989961
-0.10291683 -0.9827557 0.25506425
-0.13049977 -0.29702398 0.27400962
-0.12811497 -0.05251557 0.2911778
-0.112942696 -0.26618877 0.2990097
-0.10320136 -0.9769429 0.25492182
-0.13076632 -0.2962128 0.27398068
-0.12836878 -0.053258397 0.29118186
-0.11321419 -0.26715943 0.29905587
-0.10338296 -0.97088337 0.25486103
-0.13104305 -0.29500926 0.2739125
-0.12862974 -0.053530987 0.29108202
-0.1134862 -0.26763186 0.29890385
-0.10358328 -0.96509427 0.25467616
-0.13130759 -0.29421064 0.2739453
-0.12887882 -0.05431513 0.29123682
-0.1137473 -0.26867417 0.29923877
-0.10393398 -0.9585475 0.2544145
-0.13158427 -0.29294255 0.27379125
-0.12913771 -0.054519493 0.2909259
-0.11401062 -0.2690732 0.29868037
-0.10386564 -0.9524146 0.2544703
-0.13184701 -0.29214957 0.273923
-0.12938353 -0.05531948 0.2913117
-0.1142618 -0.270134 0.2994579
-0.10383239 -0.9453186 0.25427082
-0.13212429 -0.29084337 0.2737043
-0.12963964 -0.055526145 0.29086095
-0.11451315 -0.27059817 0.29863036
-0.1038008 -0.9390137 0.25470707
-0.13239771 -0.29000622 0.27378988
-0.12989199 -0.056210484 0.29109383
-0.11475582 -0.2714203 0.29911283
-0.10694852 -0.94502175 0.2586651
-0.11056565 -0.57212454 0.3036703
-0.12212993 -0.11619187 0.29601377
-0.13382618 -0.10989085 0.28464332
-0.12523912 -0.53429735 0.26221552
-0.13755009 -0.4431591 0.2578241
-0.14280306 -0.12478328 0.2816535
-0.13135476 -0.110677466 0.29447508
-0.11208615 -0.541632 0.30283576
-0.0726367 -1.4170918 0.23213232
0.006744958 -2.325926 0.18974452
0.10421716 -3.2529924 0.15961225
-0.046957094 -1.723475 0.21662664
0.038078565 -2.6393852 0.17828186
-0.13953263 -1.2312633 0.38204363
-0.13719088 -1.2356765 0.38176832
-0.12935531 -1.243792 0.38106447
-0.13640454 -1.2494107 0.38097298
-0.12924416 -1.257714 0.3803031
-0.13738474 -1.2633108 0.38020036
-0.107252605 -0.95681256 0.25901616
-0.1259637 -0.83710384 0.25640056
-0.101903155 -0.99312764 0.26202518
-0.12408487 -0.87150425 0.25529778
-0.104141474 -1.029406 0.25992784
-0.116160706 -1.136116 0.23319833
-0.039101716 -2.05196 0.18900876
0.059376076 -2.9784305 0.15998158
-0.12870926 -0.8687682 0.25234854
-0.11444165 -0.95520824 0.25561664
-0.06972581 -0.592553 0.42144248
-0.1013938 -0.91660035 0.4013561
-0.1383618 -1.2035422 0.38370156
-0.110754885 -0.87175244 0.40391445
-0.07774962 -0.54414684 0.42399308
-0.045507845 -0.33243728 0.4374788
-0.06656411 -0.56574386 0.4231148
-0.09869749 -0.8896855 0.40301344
-0.12631461 -1.2156312 0.38282436
-0.06629895 -0.56593424 0.4231086
-0.0984324 -0.88980824 0.40300006
-0.12659858 -1.2157853 0.38278592
-0.045971673 -1.7293233 0.21669354
0.03898399 -2.6451523 0.17829414
-0.09294448 -1.1391268 0.25448963
-0.018717067 -2.0376544 0.2026697
0.07242047 -2.9604871 0.16815342
-0.054074146 -0.45817685 0.42982796
-0.088072605 -0.7819935 0.40968302
-0.11556357 -1.1060559 0.38961774
-0.053813796 -0.45837796 0.42982215
-0.08780847 -0.7821511 0.4096726
-0.11521935 -1.1061237 0.3895927
-0.06963304 -1.4419628 0.23243505
0.010379708 -2.3487246 0.18987711
0.10791833 -3.2769978 0.15952021
-0.04309632 -1.7466758 0.21692103
0.04167839 -2.6623542 0.17833115
-0.040960345 -0.35062334 0.4365362
-0.076840445 -0.6744018 0.41637218
-0.10691396 -0.99807405 0.39626378
-0.040702533 -0.35082874 0.4365257
-0.07657947 -0.67456424 0.41636443
-0.10663986 -0.9981229 0.39624608
-0.08613061 -1.1624846 0.25536653
-0.016012238 -2.0544646 0.20284095
0.07513248 -2.97801 0.16812757
-0.065765984 -1.4601672 0.23284152
0.013040523 -2.3655279 0.18998271
0.110671125 -3.2949853 0.15944275
-0.064995594 -0.5668652 0.42307854
-0.09708683 -0.89039576 0.40293276
-0.124733984 -1.2149 0.3824654
-0.06473749 -0.56705374 0.42307276
-0.09681515 -0.8905239 0.4029196
-0.12402316 -1.2147117 0.38242382
-0.040384006 -1.763652 0.2171829
0.04433862 -2.679464 0.1783681
-0.08459226 -1.1816369 0.25624448
-0.013423507 -2.0712206 0.20302391
0.07782183 -2.9955788 0.1680982
-0.052523464 -0.45936733 0.42979404
-0.08649333 -0.782887 0.40962175
-0.11472717 -1.1062615 0.3894579
0.020447016 -0.55667144 0.42932
-0.013687056 -0.88342714 0.4082001
-0.041093886 -1.2074354 0.38868517
-0.026429124 -0.34970227 0.43719402
-0.0084408745 -0.36790678 0.43773496
0.0101779075 -0.38567072 0.43828884
0.028565053 -0.4156297 0.43812317
-0.063251354 -1.2983848 0.38285053
-0.08111745 -1.2714916 0.38269615
-0.09927107 -1.2508059 0.38224784
-0.117454335 -1.2321057 0.3817016
-0.05864028 -1.3148466 0.38253254
-0.07615752 -1.2825572 0.38250208
-0.09428917 -1.2611045 0.38212216
-0.11244891 -1.2414486 0.3816068
-0.058952343 -1.319518 0.38222486
-0.07647167 -1.2869923 0.38222167
-0.094598785 -1.265491 0.38184917
-0.11276968 -1.2459219 0.38134283
-0.059330907 -1.3241867 0.38191426
-0.076784104 -1.2914193 0.38194126
-0.09490694 -1.2698699 0.38157633
-0.1130886 -1.2503895 0.38107958
-0.059644975 -1.328864 0.3816009
-0.07709785 -1.2958493 0.38166088
-0.095214725 -1.2742509 0.3813037
-0.11341046 -1.2548604 0.38081706
-0.060001407 -1.3335292 0.38128492
-0.07740336 -1.3002694 0.3813806
-0.0955185 -1.278623 0.3810313
-0.11372024 -1.2593234 0.38055536
-0.060343083 -1.3382112 0.38096672
-0.07772014 -1.3046942 0.38110042
-0.09582591 -1.2829981 0.3807592
-0.11404841 -1.2637917 0.38029468
-0.060657606 -1.3428761 0.38064653
-0.07801649 -1.3091079 0.38082042
-0.09612423 -1.2873634 0.38048753
-0.1143458 -1.2682512 0.3800352
-0.061026793 -1.3475523 0.38032386
-0.07833441 -1.3135256 0.38054028
-0.09643078 -1.291732 0.380216
-0.11467692 -1.2727135 0.3797769
-0.0800279 -1.1488302 0.26015356
-0.048375323 -1.2295688 0.2563156
-0.021999048 -1.1966145 0.25296435
0.004388989 -1.095935 0.24989623
0.013317413 -1.0709652 0.248438
-0.012924328 -1.1927558 0.25135463
-0.039416656 -1.2430156 0.25476843
-0.06821244 -1.2048953 0.25832585
0.014726993 -1.0942471 0.2475187
-0.011790174 -1.2110085 0.25070018
-0.038548715 -1.2582728 0.25419044
-0.067711376 -1.2181606 0.2578333
0.016671006 -1.1176548 0.24660638
-0.010360509 -1.2292823 0.25004688
-0.03726314 -1.2735687 0.2536117
-0.06626903 -1.2315683 0.257338
0.018176463 -1.1409138 0.24570593
-0.009176007 -1.2475401 0.2493954
-0.03633195 -1.2888149 0.25303274
-0.065637134 -1.2447685 0.256838
0.02000049 -1.1643307 0.2448183
-0.007812778 -1.2658461 0.24874498
-0.03514834 -1.3041363 0.25245294
-0.06443887 -1.2581811 0.25633156
0.021662714 -1.18761 0.24394363
-0.0065410896 -1.2841371 0.24809475
-0.034099866 -1.3194116 0.2518717
-0.063555464 -1.2714057 0.25581744
0.0949728 -1.8497049 0.22951622
0.24405833 -3.564704 0.1831744
0.418978 -5.2132263 0.14039041
0.41636312 -5.3883963 0.12485094
0.32320452 -4.8180847 0.13208626
0.24172996 -4.2661285 0.14293425
0.17133613 -3.7704215 0.1514578
-0.060134776 -1.303028 0.25455615
-0.03073105 -1.3500137 0.25054342
-0.0027041133 -1.3184503 0.24662133
0.026385732 -1.2286984 0.2419627
-0.061134446 -1.2897032 0.2550913
-0.031842757 -1.3346024 0.25113183
-0.004031971 -1.2999698 0.24727836
0.0246098 -1.2051018 0.2428319
0.018675214 -0.73587066 0.24859683
0.021859499 -0.8733871 0.23725033
0.023091557 -0.8181952 0.24709205
0.02673586 -0.95668757 0.23892638
0.027778994 -0.90227866 0.2446918
0.03215315 -1.0394751 0.2450684
0.045578793 -1.1774515 0.2423713
0.23081069 -3.2599392 0.19486779
0.4261588 -5.098417 0.15062848
0.40500724 -5.0606666 0.14551714
0.22924685 -3.3792503 0.18902352
0.07845072 -1.6015943 0.2364763
0.358113 -4.641038 0.15588118
0.188287 -2.944029 0.20076852
0.48259997 -5.7351456 0.12915426
0.29828522 -4.079986 0.17021106
0.13686073 -2.3570418 0.21677579
0.41750577 -5.180657 0.14212583
0.24117374 -3.5132115 0.18517332
0.08987933 -1.7619824 0.23243213
0.3552968 -4.6255603 0.15585698
0.18697412 -2.939217 0.20066018
0.47918737 -5.715496 0.12909247
0.29586875 -4.0673256 0.17022397
0.13622919 -2.3578336 0.21678947
0.41435882 -5.162923 0.1421017
0.23923832 -3.5039785 0.18508424
0.08982255 -1.7689797 0.23173596
0.35247183 -4.6100936 0.1558533
0.18561982 -2.9344265 0.20069535
0.47575614 -5.6957994 0.1290588
0.29343957 -4.0546184 0.17021087
0.13551168 -2.3584545 0.21657003
0.020657195 -0.55747455 0.42929766
-0.013504838 -0.88437843 0.40816224
-0.039933767 -1.2086115 0.38857785
0.020865807 -0.5582874 0.42927516
-0.013324219 -0.8853484 0.40812424
-0.03851957 -1.2096832 0.38846797
0.021072878 -0.5591072 0.42925265
-0.013144798 -0.886339 0.40808642
-0.03731762 -1.2107495 0.38835764
0.02127853 -0.55992645 0.42923012
-0.012966149 -0.88732344 0.40804884
-0.036961965 -1.212058 0.3882484
0.021482825 -0.5607412 0.4292076
-0.012787801 -0.8882793 0.40801153
-0.03708066 -1.2132846 0.3881429
0.021685833 -0.56155616 0.42918506
-0.012609449 -0.8892312 0.40797448
-0.038027015 -1.2147683 0.3880439
0.021887017 -0.5623785 0.42916262
-0.012431844 -0.8902038 0.40793788
-0.039152104 -1.2162336 0.38795257
0.02208678 -0.5632129 0.42914012
-0.012253477 -0.89120007 0.40790138
-0.03997841 -1.2175893 0.38787
0.022268752 -0.56405246 0.42911792
-0.01211747 -0.8921981 0.407866
-0.040697582 -1.2189147 0.38779807
-0.04906313 -1.420465 0.3785339
-0.051540423 -1.3786812 0.37970364
-0.048083715 -1.4068453 0.3794186
-0.052925352 -1.3643488 0.3805274
-0.04722876 -1.3931211 0.38031554
-0.05064049 -1.3498071 0.381102
0.031253364 -0.60374063 0.42901218
-0.004313348 -0.9396612 0.4077998
-0.034755927 -1.2827712 0.38787273
-0.11008724 -1.0373405 0.3106991
-0.077206075 -0.90940017 0.30754218
-0.054471876 -0.86384916 0.30365005
-0.036489625 -0.8904793 0.29922128
-0.11101831 -1.0694642 0.31148043
-0.077624686 -0.93684 0.30828437
-0.054963607 -0.8912088 0.30418944
-0.037352864 -0.9207951 0.2997681
-0.11179498 -1.0998973 0.31214085
-0.07809739 -0.9640368 0.30904186
-0.05549302 -0.91830724 0.30477548
-0.038247082 -0.9505499 0.3004116
-0.112442106 -1.1289265 0.3127808
-0.07862404 -0.9909561 0.30980715
-0.0560611 -0.94513 0.30539957
-0.039170828 -0.9797322 0.30111882
-0.1130069 -1.1567533 0.3134188
-0.07920152 -1.0175581 0.3105777
-0.05666528 -0.97165096 0.30605784
-0.04011985 -1.0083128 0.3018731
-0.11352616 -1.1835111 0.31406742
-0.07982763 -1.0438063 0.31135038
-0.05730442 -0.99784786 0.30674452
-0.04109113 -1.036269 0.30266216
-0.11402698 -1.209296 0.3147289
-0.080499455 -1.0696644 0.3121231
-0.05797691 -1.023697 0.3074552
-0.042080823 -1.0635797 0.30347914
-0.114526995 -1.2341763 0.31540307
-0.08121401 -1.0950979 0.31289375
-0.058681447 -1.049176 0.30818582
-0.04308502 -1.0902289 0.30431885
-0.1150372 -1.2582035 0.31608814
-0.08196792 -1.1200747 0.31366068
-0.05941665 -1.0742625 0.308933
-0.044099595 -1.116205 0.3051773
-0.11556385 -1.2814163 0.316782
-0.08275749 -1.1445655 0.3144226
-0.060181078 -1.0989354 0.30969387
-0.045120448 -1.1415011 0.30605102
-0.11611017 -1.3038452 0.31748253
-0.08357886 -1.1685436 0.31517866
-0.06097323 -1.1231741 0.31046614
-0.04614381 -1.1661149 0.30693668
-0.116677366 -1.3255141 0.31818777
-0.0844281 -1.1919858 0.31592843
-0.061791558 -1.1469593 0.31124783
-0.04716635 -1.1900477 0.30783132
-0.11726542 -1.3464425 0.31889606
-0.08530135 -1.2148726 0.31667185
-0.06263441 -1.1702725 0.31203732
-0.0481853 -1.2133037 0.3087322
-0.117873475 -1.3666463 0.31960592
-0.08619486 -1.2371873 0.3174092
-0.06350006 -1.1930962 0.31283328
-0.04919845 -1.2358896 0.3096369
-0.11850024 -1.386139 0.32031617
-0.08710517 -1.258916 0.31814086
-0.06438673 -1.2154142 0.31363454
-0.05020418 -1.2578136 0.3105433
-0.11914404 -1.4049323 0.3210259
-0.088029 -1.2800481 0.31886753
-0.06529248 -1.2372112 0.31444007
-0.051201288 -1.2790849 0.31144965
-0.119803116 -1.423036 0.32173434
-0.08896345 -1.300575 0.3195898
-0.06621542 -1.2584736 0.3152491
-0.052189093 -1.2997135 0.31235456
-0.120475575 -1.4404591 0.32244092
-0.08990588 -1.3204901 0.3203084
-0.06715353 -1.2791885 0.31606075
-0.053167164 -1.3197088 0.31325695
-0.12115947 -1.45721 0.3231453
-0.090853885 -1.3397888 0.32102397
-0.06810477 -1.2993447 0.31687447
-0.054135326 -1.3390807 0.314156
-0.12185293 -1.473296 0.32384723
-0.09180542 -1.3584676 0.3217372
-0.06906714 -1.3189318 0.31768963
-0.055093642 -1.3578379 0.3150511
-0.122554034 -1.4887246 0.32454655
-0.09275857 -1.3765244 0.32244867
-0.07003858 -1.3379413 0.3185057
-0.056042198 -1.3759892 0.3159419
-0.12326094 -1.5035027 0.32524326
-0.09371166 -1.3939583 0.3231589
-0.07101708 -1.3563653 0.31932226
-0.05698116 -1.3935422 0.3168282
-0.123971865 -1.517637 0.32593742
-0.09466314 -1.4107691 0.32386833
-0.07200063 -1.3741977 0.3201389
-0.0579107 -1.410504 0.3177099
-0.124685094 -1.5311344 0.3266292
-0.09561166 -1.426957 0.32457742
-0.07298731 -1.3914331 0.3209553
-0.058830973 -1.426881 0.318587
-0.12539895 -1.5440013 0.32731876
-0.096555874 -1.4425232 0.32528648
-0.07397519 -1.4080675 0.32177114
-0.059742037 -1.4426789 0.31945962
-0.12611185 -1.5562447 0.32800636
-0.0974946 -1.4574693 0.32599583
-0.07496247 -1.4240978 0.3225862
-0.060643945 -1.457903 0.32032788
-0.12682232 -1.5678711 0.32869223
-0.09842672 -1.4717971 0.32670572
-0.0759474 -1.439522 0.3234003
-0.061536673 -1.472558 0.32119194
-0.12752889 -1.5788872 0.3293767
-0.09935112 -1.4855092 0.32741636
-0.07692827 -1.4543393 0.32421324
-0.06242008 -1.4866482 0.322052
-0.12823021 -1.5893 0.33006003
-0.10026677 -1.4986081 0.32812795
-0.077903524 -1.468549 0.32502493
-0.063294 -1.5001771 0.3229083
-0.12892503 -1.5991162 0.33074254
-0.101172686 -1.5110971 0.3288406
-0.07887164 -1.4821521 0.3258353
-0.064158194 -1.5131485 0.3237611
-0.12961206 -1.6083428 0.33142453
-0.10206784 -1.5229793 0.3295545
-0.07983115 -1.4951496 0.32664424
-0.065012306 -1.5255655 0.32461056
-0.1302902 -1.6169865 0.3321063
-0.102951325 -1.5342584 0.3302697
-0.08078075 -1.5075436 0.3274518
-0.06585599 -1.5374311 0.32545692
-0.13095827 -1.6250544 0.33278817
-0.10382218 -1.5449383 0.3309863
-0.08171913 -1.5193365 0.32825798
-0.06668877 -1.5487483 0.32630038
-0.13161531 -1.6325535 0.33347034
-0.10467951 -1.5550233 0.3317044
-0.0826451 -1.5305313 0.32906276
-0.0675102 -1.5595199 0.32714123
-0.13226026 -1.6394907 0.33415318
-0.1055224 -1.5645179 0.33242407
-0.08355751 -1.5411315 0.3298662
-0.06831973 -1.5697484 0.32797956
-0.1328922 -1.6458732 0.33483687
-0.10635 -1.5734264 0.33314535
-0.0844553 -1.551141 0.3306684
-0.06911679 -1.5794368 0.3288157
-0.13351025 -1.651708 0.33552164
-0.10716146 -1.5817541 0.3338683
-0.08533747 -1.560564 0.33146936
-0.06990081 -1.5885876 0.32964975
-0.1341135 -1.6570021 0.33620775
-0.10795593 -1.589506 0.33459297
-0.086203046 -1.5694053 0.33226925
-0.07067114 -1.5972037 0.33048195
-0.13470118 -1.6617628 0.33689538
-0.10873262 -1.5966877 0.3353194
-0.08705114 -1.5776695 0.3330681
-0.071427144 -1.6052879 0.33131242
-0.13527246 -1.665997 0.33758473
-0.10949074 -1.6033045 0.33604762
-0.087880895 -1.5853618 0.33386606
-0.07216817 -1.612843 0.3321414
-0.13582662 -1.669712 0.3382759
-0.11022953 -1.6093624 0.33677763
-0.088691495 -1.5924876 0.3346632
-0.072893545 -1.6198722 0.332969
-0.13636293 -1.6729146 0.33896914
-0.11094826 -1.6148672 0.3375095
-0.089482166 -1.5990523 0.33545968
-0.07360259 -1.6263784 0.3337954
-0.13688073 -1.6756123 0.33966452
-0.111646205 -1.6198254 0.33824328
-0.090252176 -1.6050619 0.33625558
-0.07429462 -1.632365 0.33462074
-0.1373793 -1.677812 0.34036213
-0.11232269 -1.624243 0.33897892
-0.09100082 -1.6105219 0.337051
-0.07496894 -1.6378351 0.33544517
-0.1378581 -1.679521 0.34106216
-0.11297706 -1.6281269 0.3397165
-0.09172742 -1.6154385 0.3378461
-0.07562488 -1.6427926 0.33626884
-0.13831644 -1.6807462 0.34176463
-0.11360867 -1.6314834 0.340456
-0.09243133 -1.6198179 0.33864096
-0.07626176 -1.6472409 0.33709186
-0.13875379 -1.681495 0.34246963
-0.11421693 -1.6343197 0.3411975
-0.09311194 -1.6236663 0.3394357
-0.0768789 -1.6511838 0.3379144
-0.13916957 -1.6817744 0.3431772
-0.11480125 -1.6366425 0.3419409
-0.09376865 -1.6269901 0.34023044
-0.07747564 -1.6546254 0.3387365
-0.13956328 -1.6815915 0.34388745
-0.11536108 -1.6384588 0.34268633
-0.09440088 -1.6297958 0.3410253
-0.078051314 -1.6575698 0.33955836
-0.13993438 -1.6809537 0.34460035
-0.11589589 -1.639776 0.3434337
-0.09500809 -1.63209 0.34182033
-0.07860529 -1.6600211 0.34038007
-0.14028239 -1.679868 0.34531593
-0.116405174 -1.6406013 0.3441831
-0.09558974 -1.6338793 0.3426157
-0.07913693 -1.6619838 0.3412017
-0.14060685 -1.6783415 0.34603426
-0.11688846 -1.6409421 0.34493446
-0.09614533 -1.6351706 0.34341145
-0.07964562 -1.6634624 0.34202337
-0.1409073 -1.6763815 0.3467553
-0.117345296 -1.6408058 0.3456878
-0.09667435 -1.6359708 0.3442077
-0.08013076 -1.6644617 0.3428452
-0.14118335 -1.6739951 0.34747908
-0.117775254 -1.6402003 0.34644312
-0.09717635 -1.6362869 0.34500456
-0.08059176 -1.6649865 0.34366724
-0.14143455 -1.6711897 0.34820554
-0.11817793 -1.6391326 0.34720036
-0.097650856 -1.6361257 0.3458021
-0.08102806 -1.6650417 0.34448963
-0.14166054 -1.6679721 0.34893465
-0.11855294 -1.6376109 0.34795958
-0.09809743 -1.6354947 0.34660035
-0.08143909 -1.6646324 0.34531242
-0.14186095 -1.6643499 0.34966645
-0.118899934 -1.6356429 0.3487207
-0.09851566 -1.634401 0.34739944
-0.08182434 -1.663764 0.3461357
-0.14203544 -1.66033 0.35040084
-0.11921857 -1.6332362 0.3494837
-0.09890513 -1.6328518 0.34819943
-0.08218328 -1.6624417 0.34695956
-0.14218368 -1.6559199 0.3511378
-0.11950855 -1.6303988 0.35024855
-0.09926547 -1.6308548 0.34900036
-0.08251542 -1.660671 0.34778407
-0.14230534 -1.6511266 0.35187727
-0.11976957 -1.6271385 0.3510152
-0.0995963 -1.6284175 0.34980232
-0.08282028 -1.6584576 0.3486093
-0.14240016 -1.6459575 0.3526192
-0.12000138 -1.6234633 0.3517836
-0.09989727 -1.6255474 0.3506053
-0.083097406 -1.6558071 0.3494353
-0.14246786 -1.6404196 0.35336354
-0.12020372 -1.6193811 0.35255367
-0.10016806 -1.6222523 0.35140944
-0.08334635 -1.6527255 0.35026217
-0.14250816 -1.6345203 0.35411018
-0.12037637 -1.6149001 0.35332537
-0.10040834 -1.61854 0.3522147
-0.0835667 -1.6492184 0.35108995
-0.14252086 -1.6282667 0.35485908
-0.120519124 -1.610028 0.35409865
-0.10061783 -1.6144185 0.35302114
-0.08375806 -1.6452922 0.35191873
-0.14250572 -1.6216662 0.35561013
-0.12063179 -1.6047732 0.35487336
-0.10079626 -1.6098958 0.3538288
-0.08392004 -1.6409526 0.35274854
-0.14246254 -1.6147258 0.35636324
-0.12071421 -1.5991435 0.35564944
-0.100943364 -1.6049801 0.35463765
-0.08405227 -1.6362062 0.35357946
-0.14239112 -1.6074531 0.35711834
-0.12076624 -1.5931472 0.3564268
-0.10105893 -1.5996795 0.35544774
-0.08415441 -1.631059 0.35441157
-0.1422913 -1.599855 0.35787532
-0.12078773 -1.5867921 0.3572053
-0.10114274 -1.5940024 0.35625905
-0.084226124 -1.6255176 0.3552449
-0.14216293 -1.5919389 0.35863405
-0.12077859 -1.5800866 0.35798484
-0.10119463 -1.5879573 0.3570716
-0.0842671 -1.6195884 0.35607952
-0.14200586 -1.583712 0.35939443
-0.1207387 -1.5730386 0.35876527
-0.10121443 -1.5815525 0.35788536
-0.08427703 -1.6132779 0.3569155
-0.14181997 -1.5751815 0.36015633
-0.120668 -1.5656564 0.35954645
-0.101202026 -1.5747969 0.3587003
-0.08425562 -1.6065929 0.35775295
-0.14160512 -1.5663546 0.36091962
-0.12056642 -1.5579482 0.36032826
-0.10115732 -1.567699 0.3595164
-0.084202595 -1.59954 0.35859188
-0.14136125 -1.5572387 0.36168414
-0.1204339 -1.5499221 0.36111045
-0.10108025 -1.5602674 0.36033362
-0.08411768 -1.5921263 0.3594324
-0.14108825 -1.547841 0.36244977
-0.120270394 -1.5415863 0.36189294
-0.10097078 -1.5525111 0.36115187
-0.084000595 -1.5843586 0.3602746
-0.14078604 -1.5381685 0.3632163
-0.12007588 -1.532949 0.36267546
-0.100828916 -1.544439 0.36197114
-0.083851084 -1.576244 0.36111858
-0.14045455 -1.5282289 0.36398363
-0.11985034 -1.5240185 0.36345786
-0.1006547 -1.5360596 0.3627913
-0.083668865 -1.56779 0.36196446
-0.14009371 -1.5180289 0.36475155
-0.119593754 -1.514803 0.36423993
-0.1004482 -1.527382 0.3636123
-0.08345367 -1.5590041 0.36281237
-0.13970351 -1.5075761 0.3655198
-0.11930613 -1.5053113 0.36502144
-0.10020953 -1.518415 0.36443403
-0.08320523 -1.5498939 0.3636624
-0.13928388 -1.4968777 0.36628824
-0.118987486 -1.4955512 0.36580217
-0.099938825 -1.5091672 0.36525643
-0.08292324 -1.5404674 0.36451474
-0.13883477 -1.4859409 0.3670566
-0.11863782 -1.4855316 0.36658192
-0.09963628 -1.4996474 0.36607936
-0.082607396 -1.530733 0.36536953
-0.13835618 -1.4747729 0.3678247
-0.118257195 -1.475261 0.36736047
-0.0993021 -1.4898642 0.36690274
-0.08225741 -1.5206993 0.36622694
-0.13784808 -1.4633812 0.36859223
-0.11784564 -1.4647479 0.3681376
-0.09893653 -1.4798261 0.36772645
-0.08187296 -1.5103753 0.36708716
-0.13731046 -1.4517728 0.36935893
-0.117403224 -1.4540013 0.36891308
-0.098539844 -1.4695413 0.36855042
-0.08145374 -1.4997706 0.36795032
-0.1367433 -1.4399551 0.3701245
-0.11693006 -1.4430298 0.3696868
-0.09811236 -1.4590181 0.3693745
-0.080999486 -1.4888953 0.3688166
-0.13614666 -1.4279352 0.37088862
-0.11642628 -1.4318423 0.37045857
-0.097654365 -1.4482645 0.3701987
-0.080509946 -1.4777601 0.3696861
-0.13552053 -1.4157205 0.37165102
-0.115892045 -1.420448 0.37122834
-0.09716621 -1.4372879 0.3710229
-0.07998495 -1.466376 0.3705589
-0.13486502 -1.403318 0.3724113
-0.11532762 -1.4088556 0.37199602
-0.09664826 -1.4260962 0.3718471
-0.079424456 -1.4547548 0.371435
-0.1341802 -1.3907348 0.3731691
-0.11473327 -1.397074 0.37276167
-0.096100874 -1.4146963 0.37267125
-0.07882854 -1.4429086 0.3723143
-0.1334663 -1.3779777 0.37392402
-0.11410937 -1.3851119 0.3735254
-0.09552441 -1.4030956 0.37349534
-0.078197464 -1.4308501 0.3731967
-0.13272357 -1.365053 0.37467548
-0.11345631 -1.3729781 0.3742875
-0.09491926 -1.3913004 0.37431946
-0.07753167 -1.4185917 0.37408194
-0.13195251 -1.3519672 0.37542304
-0.11277456 -1.3606805 0.37504828
-0.09428579 -1.3793175 0.37514365
-0.07683181 -1.4061463 0.37496972
-0.13115361 -1.3387254 0.37616542
-0.112064615 -1.348227 0.37580848
-0.09362446 -1.3671528 0.37596792
-0.07609868 -1.3935256 0.37585956
-0.13032797 -1.3253314 0.37690178
-0.111326955 -1.3356249 0.37656912
-0.09293562 -1.3548121 0.37679222
-0.07533314 -1.3807415 0.37675074
-0.12947537 -1.3117881 0.37762615
-0.1105622 -1.3228809 0.37733218
-0.092219874 -1.3423007 0.37761688
-0.074536115 -1.3678042 0.37764215
-0.12859696 -1.298089 0.37833726
-0.109770685 -1.3100022 0.37809974
-0.09147745 -1.3296245 0.37844095
-0.07370835 -1.3547235 0.37853038
-0.12767884 -1.2842231 0.37899187
-0.10895377 -1.2969918 0.37887654
-0.090709545 -1.3167859 0.37926668
-0.07285076 -1.3415061 0.37941352
-0.11481994 -1.0684085 0.30910772
-0.113271825 -1.1498951 0.30890197
-0.11522553 -1.1915848 0.31034502
-0.11805354 -1.2265629 0.31254685
-0.12078428 -1.309242 0.31331563
-0.12194636 -1.3377345 0.31499588
-0.122834966 -1.3601567 0.31685144
-0.12223684 -1.3775779 0.31867725
-0.12920226 -1.4611554 0.31952384
-0.1287294 -1.4731597 0.32103062
-0.12745705 -1.4825171 0.32251433
-0.13668956 -1.56211 0.3236211
-0.13517329 -1.5657543 0.32492784
-0.13327625 -1.568317 0.3262335
-0.13083126 -1.5703871 0.3275086
-0.1416264 -1.6382533 0.32858077
-0.1392115 -1.6352842 0.32981145
-0.13653103 -1.632451 0.3310349
-0.14772698 -1.6917224 0.33208779
-0.14491695 -1.6842637 0.3333005
-0.14198935 -1.6772687 0.3345174
-0.13891326 -1.6708279 0.33573046
-0.15017985 -1.7164831 0.33675885
-0.14702392 -1.7059175 0.33799407
-0.14379814 -1.6959584 0.33923417
-0.15487608 -1.7333151 0.34022996
-0.15151225 -1.7196318 0.34149626
-0.14811707 -1.7065364 0.34277228
-0.1446862 -1.6939834 0.34405613
-0.15537496 -1.719684 0.34504387
-0.15179582 -1.7037698 0.34635898
-0.14819914 -1.6883291 0.34768492
-0.1585581 -1.7073213 0.3486466
-0.15478212 -1.688865 0.3500006
-0.15099645 -1.6708146 0.35136658
-0.14719856 -1.6531026 0.35274413
-0.15703818 -1.6630052 0.35369673
-0.15304483 -1.642612 0.35509914
-0.14904174 -1.6225014 0.35651284
-0.15853336 -1.6273546 0.3574418
-0.15432078 -1.6048855 0.35887626
-0.15009868 -1.5826533 0.36032033
-0.14586066 -1.5605961 0.36177304
-0.15480764 -1.5588139 0.36268753
-0.15036298 -1.5347389 0.36415532
-0.14589186 -1.5107971 0.36562765
-0.15449373 -1.5056245 0.366517
-0.14984132 -1.4799906 0.36799982
-0.14513615 -1.4544386 0.36948007
-0.1403782 -1.4289236 0.37095645
-0.14856395 -1.41971 0.37181655
-0.14363807 -1.392842 0.3732838
-0.13858497 -1.3659537 0.3747452
-0.14661613 -1.355157 0.37551403
-0.14150827 -1.3273433 0.37691262
-0.13617693 -1.2995312 0.37830693
-0.017281093 -0.9425624 0.29882976
-0.028370146 -0.96914536 0.30189243
-0.024974594 -1.0297143 0.3032988
-0.021888653 -1.0929818 0.30465326
-0.0344407 -1.1208508 0.30696306
-0.030682016 -1.1730924 0.30831122
-0.0276019 -1.2292141 0.30935794
-0.024996035 -1.2892593 0.31035143
-0.036730986 -1.2962027 0.31210524
-0.033785496 -1.3468696 0.3132539
-0.03128748 -1.4008232 0.3141488
-0.042300172 -1.3996837 0.31561783
-0.03978593 -1.4453318 0.3168916
-0.03751363 -1.4934065 0.31788278
-0.035769783 -1.5444552 0.3188103
-0.045401685 -1.526064 0.3205946
-0.04338398 -1.5681671 0.32168877
-0.041655112 -1.6125269 0.3226479
-0.05060436 -1.5907383 0.3244067
-0.04880146 -1.6266428 0.3255931
-0.04714059 -1.6643513 0.32663575
-0.045804646 -1.7040213 0.32770926
-0.053757276 -1.6702372 0.3296157
-0.052115273 -1.7013136 0.33073178
-0.050659105 -1.7339917 0.33180603
-0.058248766 -1.7001091 0.3337098
-0.056558087 -1.7246089 0.33490175
-0.05497657 -1.7505178 0.33602688
-0.05358131 -1.7777928 0.33722982
-0.06045518 -1.7352444 0.33913496
-0.058696743 -1.7546219 0.34031063
-0.057064574 -1.7752248 0.34149346
-0.06378626 -1.7340853 0.34339485
-0.061798822 -1.7472017 0.34463504
-0.059902422 -1.7615051 0.34585184
-0.058114648 -1.7768364 0.34716588
-0.064258836 -1.7290652 0.34898415
-0.062058374 -1.7374598 0.35024005
-0.059953958 -1.7468693 0.35153136
-0.06604861 -1.7009681 0.35333896
-0.06350977 -1.7038678 0.35465336
-0.061062414 -1.707845 0.35597533
-0.058683038 -1.7126267 0.35740015
-0.06423223 -1.6614845 0.35906497
-0.06142004 -1.6605419 0.36042482
-0.058703087 -1.6604605 0.36184043
-0.06419318 -1.6110518 0.363469
-0.060998518 -1.6057378 0.36488485
-0.05793102 -1.6014069 0.3663353
-0.054905947 -1.5976335 0.36787188
-0.059790686 -1.544187 0.36929068
-0.056385748 -1.5362833 0.3707764
-0.053053178 -1.5290534 0.37228507
-0.05773836 -1.4765528 0.37365007
-0.05402572 -1.4658164 0.37513688
-0.050380178 -1.4560579 0.37657264
-0.0265046 -0.7492637 0.29556513
-0.0121196555 -0.7226755 0.29445618
-0.0142679745 -0.6354144 0.29505727
-0.018496422 -0.5497487 0.29616654
-0.007040303 -0.51304525 0.29557523
-0.00973969 -0.4247977 0.29643387
-0.013631008 -0.34246233 0.2973906
-0.017409263 -0.2669539 0.29836008
-0.007895821 -0.20430757 0.297995
-0.011664811 -0.12961377 0.2987257
-0.015633177 -0.06259557 0.29942086
-0.008395816 0.019148687 0.29942366
-0.0121282935 0.08290476 0.2999607
-0.016197158 0.13843638 0.30044731
-0.020290475 0.18578288 0.30087176
-0.014495148 0.2888024 0.30099458
-0.018573089 0.33050516 0.3013063
-0.02279196 0.36366895 0.3015543
-0.01830894 0.48227453 0.3017825
-0.02228277 0.5082452 0.30192888
-0.026421146 0.52544045 0.30200818
-0.03063985 0.5339985 0.30201116
-0.02689346 0.6667106 0.30226657
-0.030763939 0.66645825 0.30217373
-0.03471427 0.6574753 0.30200353
-0.032002453 0.8013362 0.30227414
-0.035403717 0.78240746 0.30199817
-0.03886594 0.75476336 0.30164412
-0.042366784 0.71863914 0.3012006
-0.03992016 0.8692544 0.3014288
-0.042677145 0.82204837 0.30087462
-0.045446858 0.76651824 0.3002301
-0.043886952 0.92318964 0.30040878
-0.045716457 0.855716 0.2996323
-0.047530867 0.7801906 0.29876333
-0.049328037 0.69696486 0.29778767
-0.047537804 0.85229224 0.29784405
-0.04818571 0.7563629 0.29671735
-0.048761465 0.65316737 0.29547817
-0.04767363 0.8083679 0.29541603
-0.046974797 0.69178826 0.2939814
-0.046114214 0.5685198 0.29242086
-0.045111198 0.4390794 0.2907252
-0.043455165 0.58314663 0.2903903
-0.041018814 0.43988544 0.28841093
-0.03815087 0.29127684 0.28628093
-0.037142277 0.42680645 0.28567415
-0.033181537 0.26384285 0.28310528
-0.028267905 0.09666662 0.2803516
-0.022492392 -0.074260026 0.2775106
-0.02230507 0.036257472 0.27593312
-0.015657537 -0.14847936 0.27221492
-0.006692283 -0.33571395 0.2684141
-0.0076029757 -0.24765609 0.266163
-0.00028753234 -0.44900677 0.26103842
0.010240551 -0.6520251 0.25551182
-0.108099155 -0.8582921 0.3053659
-0.07598746 -0.77000815 0.30444327
-0.05267666 -0.7243906 0.3017081
-0.032935664 -0.73218095 0.2983087
-0.108027786 -0.8249753 0.30516583
-0.07591225 -0.741982 0.3039842
-0.0524594 -0.6961376 0.30147043
-0.032430355 -0.69943446 0.29841942
-0.10787939 -0.79264575 0.3049413
-0.07589021 -0.7140044 0.30356777
-0.052289993 -0.6678359 0.30127218
-0.032000415 -0.66644114 0.29856247
-0.10769684 -0.7611364 0.3046985
-0.07592226 -0.6861112 0.3031878
-0.052170716 -0.6395103 0.30110857
-0.031647723 -0.6332462 0.29872254
-0.10750983 -0.7303523 0.30443075
-0.07600789 -0.6583433 0.30283916
-0.052101176 -0.6111934 0.30097342
-0.031371783 -0.59990585 0.2988898
-0.107342035 -0.70022917 0.30414596
-0.076146714 -0.63074213 0.30251837
-0.05208159 -0.58291614 0.30086234
-0.03117229 -0.5664749 0.29905942
-0.10720793 -0.6707298 0.30384937
-0.07633789 -0.6033493 0.30222252
-0.05211191 -0.5547107 0.30077103
-0.031048417 -0.53301036 0.29922777
-0.10711642 -0.64183134 0.30354604
-0.07658006 -0.5762053 0.30194935
-0.052191995 -0.52660966 0.30069602
-0.030998629 -0.4995691 0.2993923
-0.10707235 -0.61352205 0.30323952
-0.07687146 -0.54934925 0.3016968
-0.052321617 -0.49864593 0.30063426
-0.03102074 -0.4662073 0.299551
-0.107078075 -0.5857974 0.3029325
-0.077209964 -0.5228183 0.30146307
-0.052500457 -0.47085285 0.3005833
-0.031111993 -0.4329795 0.29970244
-0.10713429 -0.5586582 0.30262685
-0.07759321 -0.49664754 0.30124632
-0.05272809 -0.44326398 0.30054095
-0.0312692 -0.39993772 0.29984567
-0.10724068 -0.53210866 0.30232388
-0.078018665 -0.47086996 0.30104482
-0.053003985 -0.41591308 0.30050543
-0.031488948 -0.36713138 0.29998028
-0.10739625 -0.50615597 0.30202457
-0.07848381 -0.4455163 0.30085677
-0.053327512 -0.38883412 0.30047518
-0.03176779 -0.33460683 0.3001062
-0.10759954 -0.48080924 0.3017295
-0.0789861 -0.42061532 0.30068046
-0.05369783 -0.3620611 0.30044883
-0.032102272 -0.30240768 0.30022362
-0.10784874 -0.4560789 0.30143908
-0.079523034 -0.39619386 0.3005142
-0.054113954 -0.3356281 0.30042523
-0.032489114 -0.27057493 0.30033293
-0.108141966 -0.43197626 0.30115342
-0.08009237 -0.37227708 0.30035633
-0.05457487 -0.30956897 0.30040324
-0.032925382 -0.23914725 0.30043453
-0.10847705 -0.40851334 0.3008726
-0.08069189 -0.34888867 0.3002053
-0.055079296 -0.28391752 0.30038196
-0.03340825 -0.20816131 0.30052888
-0.10885177 -0.38570243 0.30059642
-0.08131954 -0.32605103 0.3000596
-0.05562585 -0.25870717 0.30036044
-0.033935186 -0.17765221 0.30061638
-0.10926384 -0.36355597 0.30032462
-0.08197344 -0.30378556 0.29991785
-0.056213025 -0.23397103 0.3003379
-0.03450389 -0.14765364 0.30069736
-0.10971083 -0.34208623 0.3000569
-0.08265173 -0.2821127 0.29977876
-0.056839112 -0.20974171 0.3003136
-0.03511213 -0.11819816 0.30077207
-0.11019035 -0.3213053 0.29979274
-0.0833527 -0.26105213 0.2996411
-0.057502348 -0.18605135 0.30028677
-0.03575793 -0.08931751 0.30084074
-0.110700004 -0.30122495 0.2995316
-0.08407476 -0.240623 0.29950374
-0.058200866 -0.16293143 0.3002568
-0.036439396 -0.061042704 0.30090335
-0.11123728 -0.28185645 0.2992729
-0.08481623 -0.22084384 0.2993656
-0.05893261 -0.14041276 0.30022296
-0.037154607 -0.033404134 0.30095994
-0.11179979 -0.26321054 0.2990159
-0.08557562 -0.20173267 0.29922572
-0.05969555 -0.11852539 0.3001847
-0.0379018 -0.0064316336 0.3010104
-0.11238508 -0.24529754 0.29875997
-0.08635133 -0.18330728 0.29908314
-0.060487494 -0.09729877 0.30014142
-0.03867912 0.01984519 0.3010546
-0.11299071 -0.22812705 0.29850426
-0.08714178 -0.16558489 0.29893702
-0.061306186 -0.07676141 0.30009255
-0.039484687 0.045397323 0.30109233
-0.113614336 -0.21170813 0.298248
-0.08794545 -0.14858249 0.2987865
-0.062149398 -0.056941133 0.3000375
-0.040316686 0.07019599 0.30112332
-0.11425359 -0.19604918 0.29799038
-0.08876071 -0.13231665 0.29863074
-0.063014776 -0.03786485 0.29997578
-0.041173168 0.0942129 0.30114728
-0.11490615 -0.18115804 0.29773057
-0.089585945 -0.11680367 0.29846904
-0.06389995 -0.01955882 0.29990685
-0.04205214 0.11741995 0.30116388
-0.11556973 -0.16704185 0.29746768
-0.090419486 -0.102059424 0.29830062
-0.06480253 -0.0020483418 0.2998302
-0.042951547 0.13978963 0.30117273
-0.11624212 -0.15370718 0.2972009
-0.091259636 -0.088099435 0.2981248
-0.06572009 0.014642028 0.29974532
-0.043869276 0.16129471 0.3011735
-0.11692111 -0.14116001 0.2969293
-0.09210465 -0.07493891 0.29794088
-0.0666502 0.03048848 0.2996517
-0.044803135 0.18190843 0.30116582
-0.11760456 -0.12940572 0.29665208
-0.09295276 -0.062592566 0.29774818
-0.06759038 0.045468062 0.29954892
-0.04575086 0.2016045 0.30114922
-0.118290365 -0.118449196 0.2963684
-0.093802124 -0.05107484 0.2975461
-0.068538174 0.059558466 0.29943642
-0.04671012 0.220357 0.30112332
-0.118976444 -0.108294666 0.29607734
-0.09465088 -0.04039963 0.29733393
-0.06949106 0.07273825 0.29931375
-0.04767848 0.23814067 0.3010877
-0.119660825 -0.09894589 0.29577813
-0.09549716 -0.030580418 0.29711106
-0.07044657 0.08498669 0.29918048
-0.048653528 0.25493076 0.30104196
-0.1203415 -0.09040616 0.2954699
-0.096339025 -0.02163027 0.29687694
-0.07140217 0.09628373 0.2990361
-0.049632702 0.27070296 0.30098563
-0.12101656 -0.08267821 0.2951519
-0.0971745 -0.013561744 0.29663092
-0.07235533 0.106610075 0.29888016
-0.050613414 0.28543365 0.30091834
-0.1216841 -0.07576436 0.29482323
-0.09800161 -0.0063869143 0.2963724
-0.0733035 0.11594718 0.2987122
-0.05159302 0.29909983 0.3008396
-0.122342266 -0.06966644 0.2944832
-0.09881831 -0.000117355085 0.29610085
-0.07424409 0.12427717 0.29853183
-0.0525688 0.3116791 0.30074906
-0.12298927 -0.06438588 0.29413104
-0.099622585 0.005235862 0.2958157
-0.075174555 0.1315829 0.29833856
-0.053538047 0.32314968 0.30064622
-0.12362331 -0.059923723 0.29376596
-0.10041237 0.0096621765 0.2955164
-0.07609228 0.13784793 0.29813197
-0.05449794 0.33349046 0.30053067
-0.124242686 -0.056280583 0.29338723
-0.10118558 0.013151561 0.29520246
-0.07699464 0.14305654 0.29791164
-0.055445656 0.34268102 0.300402
-0.1248457 -0.053456698 0.2929942
-0.10194014 0.015694547 0.2948733
-0.07787902 0.1471938 0.29767713
-0.05637835 0.35070172 0.3002597
-0.12543069 -0.051451996 0.29258612
-0.102673925 0.017282171 0.29452848
-0.07874274 0.15024544 0.29742804
-0.057293106 0.3575335 0.30010346
-0.12599602 -0.05026604 0.29216236
-0.10338484 0.017906036 0.29416752
-0.07958315 0.15219802 0.297164
-0.058187008 0.36315814 0.29993275
-0.12654017 -0.049898103 0.29172227
-0.104070745 0.017558288 0.29378995
-0.08039755 0.15303877 0.29688454
-0.059057113 0.36755797 0.29974717
-0.12706155 -0.050347157 0.2912652
-0.10472953 0.01623162 0.29339537
-0.08118321 0.15275584 0.2965893
-0.059900463 0.3707163 0.29954624
-0.12755868 -0.05161192 0.29079056
-0.10535907 0.013919293 0.29298338
-0.081937425 0.15133809 0.2962779
-0.060714062 0.37261704 0.29932955
-0.12803009 -0.053690847 0.2902978
-0.105957225 0.010615119 0.29255354
-0.082657434 0.14877525 0.29594997
-0.06149493 0.37324482 0.29909658
-0.12847435 -0.056582168 0.28978637
-0.10652187 0.0063135 0.29210562
-0.08334046 0.14505796 0.2956051
-0.06224006 0.37258515 0.29884693
-0.1288901 -0.06028393 0.2892557
-0.107050866 0.0010093617 0.29163918
-0.08398373 0.14017767 0.29524297
-0.06294645 0.37062418 0.29858005
-0.12927598 -0.064794004 0.28870538
-0.107542105 -0.00530179 0.29115406
-0.084584445 0.1341268 0.2948632
-0.0636111 0.3673489 0.2982955
-0.12963066 -0.07011007 0.28813487
-0.107993454 -0.012623835 0.29064995
-0.08513978 0.12689874 0.29446545
-0.06423099 0.3627471 0.29799277
-0.12995288 -0.076229714 0.28754377
-0.1084028 -0.020960102 0.29012668
-0.085646905 0.118487865 0.29404935
-0.06480313 0.35680723 0.2976713
-0.13024141 -0.08315046 0.28693166
-0.108768046 -0.030313395 0.28958413
-0.08610301 0.108889505 0.29361457
-0.06532454 0.34951854 0.29733056
-0.13049504 -0.09086966 0.28629825
-0.10908706 -0.04068578 0.2890222
-0.086505204 0.09810023 0.2931608
-0.06579221 0.34087113 0.29697
-0.13071261 -0.099384755 0.28564316
-0.10935776 -0.05207894 0.28844082
-0.086850666 0.0861175 0.29268768
-0.06620321 0.33085567 0.29658902
-0.13089299 -0.108693086 0.28496614
-0.10957804 -0.06449379 0.28784004
-0.08713653 0.07294008 0.2921949
-0.06655456 0.3194637 0.29618698
-0.13103509 -0.11879205 0.284267
-0.109745845 -0.077930704 0.2872199
-0.08735996 0.058567893 0.29168212
-0.06684336 0.30668756 0.29576328
-0.13113785 -0.12967904 0.28354555
-0.109859064 -0.092389345 0.28658065
-0.08751809 0.043002155 0.29114905
-0.06706669 0.29252025 0.29531717
-0.13120021 -0.14135163 0.28280166
-0.10991562 -0.10786888 0.28592244
-0.087608084 0.026245235 0.29059532
-0.06722165 0.27695552 0.294848
-0.13122119 -0.15380746 0.28203535
-0.10991345 -0.12436776 0.28524563
-0.08762714 0.008300887 0.29002064
-0.067305386 0.25998774 0.29435492
-0.13119979 -0.16704427 0.28124663
-0.10985048 -0.14188369 0.28455058
-0.08757248 -0.0108256815 0.28942472
-0.067315064 0.24161223 0.29383713
-0.13113502 -0.18106003 0.28043562
-0.10972461 -0.16041371 0.2838378
-0.0874413 -0.03112793 0.2888072
-0.06724782 0.2218249 0.29329377
-0.13102596 -0.195853 0.27960253
-0.10953377 -0.1799543 0.2831079
-0.08723092 -0.052598026 0.28816777
-0.06710088 0.20062222 0.29272386
-0.13087162 -0.21142142 0.2787477
-0.10927585 -0.20050082 0.28236157
-0.08693866 -0.07522632 0.28750616
-0.06687144 0.17800175 0.2921264
-0.13067108 -0.22776414 0.2778716
-0.10894874 -0.22204825 0.28159964
-0.086561926 -0.099002145 0.286822
-0.06655671 0.15396132 0.29150018
-0.13042337 -0.24488005 0.27697477
-0.10855029 -0.2445904 0.28082308
-0.0860982 -0.123913035 0.28611496
-0.066153884 0.12849979 0.2908441
-0.13012753 -0.26276836 0.27605796
-0.108078346 -0.26812017 0.28003293
-0.085545056 -0.14994498 0.28538477
-0.0656602 0.101616845 0.29015678
-0.12978256 -0.28142875 0.27512202
-0.10753067 -0.29262975 0.27923042
-0.08490013 -0.17708294 0.28463107
-0.0650728 0.073312536 0.28943676
-0.12938742 -0.300861 0.27416804
-0.10690501 -0.31810987 0.27841696
-0.08416127 -0.20530988 0.2838536
-0.064388834 0.043588303 0.28868243
-0.12894103 -0.3210653 0.27319732
-0.106199026 -0.3445502 0.27759403
-0.08332635 -0.23460767 0.28305197
-0.06360537 0.0124462405 0.28789204
-0.12844226 -0.3420423 0.27221137
-0.10541031 -0.37193927 0.27676335
-0.082393445 -0.26495698 0.2822259
-0.062719405 -0.020110715 0.28706363
-0.1278899 -0.36379263 0.2712119
-0.10453638 -0.40026397 0.27592677
-0.081360824 -0.296337 0.2813751
-0.061727848 -0.054078177 0.28619498
-0.12728268 -0.38631743 0.27020094
-0.103574626 -0.42950952 0.2750863
-0.080226846 -0.32872596 0.28049922
-0.060627423 -0.089450605 0.28528377
-0.12661922 -0.4096181 0.2691808
-0.10252236 -0.4596597 0.2742442
-0.078990094 -0.36210114 0.27959794
-0.059414715 -0.12622117 0.2843273
-0.12589808 -0.43369588 0.26815414
-0.101376794 -0.49069563 0.2734027
-0.07764933 -0.3964386 0.27867094
-0.058086123 -0.16438065 0.28332266
-0.12511775 -0.45855263 0.26712388
-0.10013502 -0.5225969 0.2725643
-0.0762035 -0.43171427 0.27771783
-0.056637827 -0.20391864 0.2822667
-0.12427657 -0.4841899 0.26609334
-0.09879404 -0.55534005 0.2717315
-0.07465169 -0.4679029 0.27673823
-0.055065706 -0.2448214 0.2811559
-0.12337289 -0.51060957 0.26506624
-0.09735084 -0.5888993 0.27090696
-0.07299318 -0.5049794 0.27573168
-0.053365454 -0.28707302 0.27998656
-0.12240497 -0.5378137 0.26404664
-0.095802344 -0.62324595 0.2700931
-0.07122739 -0.54291826 0.27469766
-0.05153247 -0.33065408 0.27875474
-0.12137111 -0.5658041 0.26303902
-0.09414562 -0.65834814 0.2692924
-0.06935387 -0.5816938 0.27363557
-0.049562003 -0.3755412 0.2774563
-0.120269656 -0.59458315 0.2620484
-0.09237784 -0.6941709 0.26850697
-0.06737231 -0.6212807 0.27254456
-0.04744916 -0.42170694 0.27608714
-0.11909906 -0.62415373 0.26108006
-0.09049648 -0.730677 0.26773852
-0.06528243 -0.6616543 0.27142364
-0.04518904 -0.46911976 0.27464318
-0.117858045 -0.65451884 0.2601399
-0.088499434 -0.7678253 0.26698816
-0.0630841 -0.70278937 0.2702716
-0.042776994 -0.51774204 0.2731207
-0.11654564 -0.68568295 0.2592345
-0.086385034 -0.80557317 0.26625627
-0.06077717 -0.7446618 0.26908678
-0.04020866 -0.5675319 0.27151644
-0.11516144 -0.71765304 0.25837097
-0.084152296 -0.84387714 0.26554206
-0.058361653 -0.78724915 0.26786712
-0.037480485 -0.6184437 0.269828
-0.11370552 -0.7504374 0.25755784
-0.08180073 -0.8826911 0.26484334
-0.05583755 -0.8305273 0.26660997
-0.03458965 -0.67042536 0.2680541
-0.11217873 -0.7840504 0.25680548
-0.07933046 -0.9219713 0.2641559
-0.053205118 -0.8744753 0.26531202
-0.031534605 -0.7234239 0.26619488
-0.110581845 -0.8185125 0.25612882
-0.07674183 -0.9616743 0.26347226
-0.050464783 -0.9190717 0.2639691
-0.028314877 -0.77738315 0.2642524
-0.108914696 -0.8538567 0.25555038
-0.07403539 -1.0017594 0.26278007
-0.047617476 -0.9642966 0.26257643
-0.024931315 -0.83224696 0.26223138
-0.10717011 -0.8901333 0.25511602
-0.0712116 -1.0421892 0.2620581
-0.044664785 -1.010131 0.26112792
-0.02138586 -0.8879601 0.2601397
-0.10532292 -0.92742985 0.2549038
-0.068271115 -1.0829273 0.2612735
-0.04160883 -1.0565554 0.25961876
-0.017681226 -0.9444667 0.257993
-0.10328967 -0.9658996 0.25516704
-0.06521756 -1.1239533 0.26036972
-0.038454182 -1.1035614 0.25803903
-0.0138229085 -1.0017233 0.2558111
-0.100802064 -1.0058855 0.25628904
-0.0620552 -1.1652216 0.259286
-0.035202235 -1.1511143 0.25639266
-0.009814412 -1.0596653 0.25363934
-0.10885386 -0.9642586 0.30811602
-0.10853296 -0.86977965 0.3085854
-0.107863046 -0.82557714 0.3077637
-0.10795102 -0.78040093 0.30683455
-0.11038095 -0.6959614 0.30592805
-0.10983831 -0.6543611 0.30534348
-0.11019361 -0.611663 0.30439296
-0.11117871 -0.56729615 0.3032875
-0.111740485 -0.5057619 0.30283785
-0.11307606 -0.46652737 0.3020669
-0.11475758 -0.42710003 0.30116153
-0.113349706 -0.3787107 0.3008356
-0.1157956 -0.34468454 0.30018958
-0.11822576 -0.311623 0.2994233
-0.12065718 -0.279705 0.2986206
-0.11831203 -0.24468866 0.29862526
-0.12138466 -0.21893984 0.29791287
-0.12425362 -0.19493622 0.29715148
-0.1206589 -0.16554895 0.2971841
-0.12420537 -0.14765483 0.29645836
-0.12742007 -0.13172479 0.29566422
-0.13029733 -0.11773258 0.29483095
-0.12665164 -0.096968 0.29491034
-0.1300866 -0.089026265 0.294026
-0.1331279 -0.08281272 0.29308918
-0.12865092 -0.06656647 0.293142
-0.1321811 -0.066320896 0.2921228
-0.13528885 -0.06734783 0.2910344
-0.13799003 -0.06938309 0.28989327
-0.1336131 -0.06352526 0.28985694
-0.13669252 -0.07110591 0.28857747
-0.13935606 -0.07891746 0.28723687
-0.13426962 -0.080948785 0.28714725
-0.13724636 -0.09427215 0.28564432
-0.13981591 -0.10684618 0.2840697
-0.14202958 -0.118184865 0.28243732
-0.13684551 -0.13745697 0.2821815
-0.13928303 -0.15369534 0.28034478
-0.14134607 -0.16739818 0.27844962
-0.13535982 -0.20174286 0.2781695
-0.13767052 -0.22052683 0.27605245
-0.13963786 -0.23524776 0.2738784
-0.1412955 -0.24516067 0.27167356
-0.13484536 -0.30904981 0.2712571
-0.13683227 -0.32354286 0.26881772
-0.13848643 -0.33137715 0.26638374
-0.13054812 -0.42162842 0.26616648
-0.13272911 -0.43497077 0.26356176
-0.13489187 -0.43979678 0.26107013
-0.13679075 -0.43594533 0.25878528
-0.12673016 -0.57256377 0.25875628
-0.12993324 -0.5742752 0.25679445
-0.13404009 -0.56818974 0.25555763
-0.11773642 -0.73819405 0.25538188
-0.12235362 -0.7366877 0.2554883
-0.13008365 -0.73400754 0.25684825
-0.09867488 -1.0931067 0.2547594
-0.024460413 -2.0026987 0.20237136
0.06685733 -2.9248528 0.16819695
-0.0790872 -1.3778819 0.23218796
0.0010517678 -2.2904992 0.18956394
0.09847869 -3.2162445 0.15972988
-0.05703878 -1.662172 0.21621652
0.028642511 -2.5801075 0.1781677
-0.10662018 -1.0372245 0.2540531
-0.03334129 -1.9482661 0.2020393
0.058233257 -2.8706126 0.16824068
-0.08798277 -1.3197248 0.23286305
-0.0077312677 -2.2364047 0.18934496
0.08972316 -3.1612353 0.159857
-0.06612254 -1.605333 0.21618988
0.019864956 -2.5259805 0.1780806
-0.114025675 -0.9864414 0.25259563
-0.04239686 -1.8925598 0.20183775
0.049400136 -2.816174 0.16826184
-0.09626462 -1.2636906 0.23344463
-0.016754184 -2.181473 0.18918452
0.08079089 -3.1063359 0.1599319
-0.0751189 -1.5482339 0.21630122
0.010850764 -2.4714303 0.17800963
-0.12149822 -0.9367284 0.25135034
-0.051647972 -1.836154 0.201722
0.04035726 -2.7616103 0.16826361
-0.10447847 -1.2089484 0.2336171
-0.026060034 -2.1260505 0.18907465
0.0716827 -3.0515053 0.15996481
-0.08425093 -1.4913119 0.21632501
0.0015673498 -2.4166577 0.17796023
-0.12909521 -0.88671637 0.25046283
-0.06127429 -1.7795069 0.20162784
0.03110782 -2.7069924 0.1682601
-0.113183506 -1.1544396 0.23339021
-0.0357849 -2.0704734 0.18901496
0.062461596 -2.9966996 0.15997544
-0.06765296 -0.5650151 0.4231252
-0.09983127 -0.88927305 0.403035
-0.12673001 -1.2158631 0.38284135
-0.078447945 -0.6590576 0.41726035
-0.10906769 -0.98384655 0.39720157
-0.054211956 -0.42881167 0.43154225
-0.08879175 -0.75326157 0.4114069
-0.11792898 -1.0789709 0.3913686
-0.065699294 -0.52285385 0.42565632
-0.09869824 -0.84771293 0.40556288
-0.12644126 -1.175064 0.38545397
-0.07672727 -0.6170132 0.41978693
-0.10818623 -0.94253284 0.3997251
-0.051941708 -0.38651758 0.43408516
-0.087307304 -0.71135706 0.41393
-0.11727907 -1.0378971 0.3938814
-0.06365027 -0.48063293 0.42818677
-0.09745246 -0.80597425 0.40808246
-0.12597556 -1.1340215 0.3879838
-0.074902855 -0.5748793 0.42231
-0.10717693 -0.90098137 0.40224043
-0.04957993 -0.34419304 0.4366376
-0.08571086 -0.66932636 0.4164477
-0.11649175 -0.99652267 0.39639258
-0.061501924 -0.43835896 0.43071836
-0.09608647 -0.7640643 0.4105954
-0.1253865 -1.0927227 0.39050478
-0.07297133 -0.5326625 0.42483127
-0.10604114 -0.85920644 0.40474916
-0.13380131 -1.1895001 0.38454515
-0.0839991 -0.6271781 0.41896206
-0.115579955 -0.9548822 0.398901
-0.0592522 -0.3960404 0.43325365
-0.094595924 -0.7219944 0.41310433
-0.12468756 -1.0511839 0.3930279
-0.070928164 -0.49037167 0.4273531
-0.10476996 -0.81722325 0.40725434
-0.13330965 -1.1480314 0.38709164
-0.1051764 -0.9987794 0.3961431
-0.07503351 -0.6756494 0.41632017
-0.039170053 -0.35211793 0.4364689
-0.0962254 -0.90504545 0.4019918
-0.06440167 -0.5819425 0.42219323
-0.11469609 -1.1341381 0.38754004
-0.08677364 -0.81142884 0.407856
-0.05329109 -0.48825982 0.42806962
-0.10633905 -1.0404582 0.39347094
-0.07684507 -0.71786344 0.41373417
-0.041701652 -0.39460176 0.43391922
-0.097558975 -0.94701344 0.39936277
-0.06643745 -0.6243024 0.41962245
-0.11565289 -1.1762434 0.3848948
-0.08832436 -0.8536281 0.40525314
-0.055547006 -0.530729 0.4255123
-0.10745469 -1.082595 0.39082414
-0.07861195 -0.76023066 0.41115043
-0.0441744 -0.43715072 0.43138298
-0.098860644 -0.9892884 0.39674398
-0.068418086 -0.6667915 0.41705433
-0.116465986 -1.2186332 0.38248834
-0.089823425 -0.89605355 0.40265727
-0.05774008 -0.5733021 0.42295912
-0.10849821 -1.1251419 0.3882673
-0.08031831 -0.8027808 0.40857187
-0.046577584 -0.4797795 0.42885077
-0.10010159 -1.0318993 0.39416242
-0.07033271 -0.70942897 0.41449016
-0.034933224 -0.38625234 0.43469426
-0.09126149 -0.93873817 0.40007922
-0.059861783 -0.61599666 0.4204093
-0.10941276 -1.1678051 0.38582066
-0.08195746 -0.8455332 0.40600362
-0.048904467 -0.52250135 0.42632
-0.10125157 -1.07474 0.39164436
-0.07217527 -0.7522318 0.41193268
-0.03746254 -0.42897657 0.43220055
-0.09262264 -0.981651 0.39753622
-0.06190744 -0.6588236 0.4178638
-0.110179596 -1.2103238 0.38346136
-0.08352215 -0.8884858 0.40345514
-0.051151615 -0.5653296 0.42379057
-0.10228122 -1.117612 0.38919246
-0.07394154 -0.79520047 0.409387
-0.03990883 -0.4717812 0.4296988
-0.09388534 -1.0246902 0.3950391
-0.0638742 -0.7017896 0.41532528
-0.028181614 -0.37821603 0.43556207
-0.08499971 -0.9315878 0.4009363
-0.05331724 -0.6082696 0.421264
-0.10317728 -1.1603442 0.38679472
-0.07562479 -0.8383163 0.40685987
-0.042271193 -0.51467615 0.42719284
-0.095031455 -1.0677131 0.39258686
-0.065758444 -0.7448846 0.412798
-0.030738493 -0.42104498 0.43309405
-0.08637522 -0.9747532 0.39845178
-0.055399492 -0.6513215 0.41874292
-0.10393705 -1.2028142 0.38443476
-0.07721504 -0.88152593 0.40435696
-0.04454885 -0.5576621 0.42468593
-0.09605135 -1.110601 0.39017192
-0.06755426 -0.7880836 0.41028655
-0.033209216 -0.46394947 0.43061373
-0.087636545 -1.0178767 0.3959997
-0.05739507 -0.69446975 0.41623083
-0.021383602 -0.3702169 0.4365106
-0.07870173 -0.92476016 0.4018801
-0.046740185 -0.60073584 0.42218116
-0.09694144 -1.1532596 0.38778505
-0.06925393 -0.83133787 0.40779412
-0.03559327 -0.50692755 0.42812672
-0.08877662 -1.060872 0.393575
-0.059298974 -0.7376892 0.41373083
-0.023958301 -0.41308835 0.4340543
-0.08007635 -0.9679392 0.3994276
-0.048842207 -0.64387995 0.4196816
-0.097701214 -1.1956376 0.38541642
-0.07084975 -0.874593 0.40532148
-0.037889108 -0.549974 0.425637
-0.08979229 -1.1036679 0.39117154
-0.06110519 -0.7809385 0.41124493
-0.026445048 -0.45602 0.43158552
-0.08133372 -1.0110004 0.39699587
-0.050850738 -0.6870725 0.41718972
-0.098332964 -1.237698 0.38305604
-0.0723356 -0.91778874 0.40286732
-0.040094063 -0.5930727 0.42314762
-0.090683214 -1.1462258 0.38878298
-0.06280802 -0.8241759 0.4087736
-0.028842408 -0.49900708 0.42910883
-0.082471386 -1.0538901 0.39458066
-0.05276106 -0.73027945 0.414707
-0.017101996 -0.40491956 0.43506274
-0.07370766 -0.96087956 0.40042916
-0.042204626 -0.63620555 0.42066082
-0.091451004 -1.1885178 0.3864026
-0.06440295 -0.8673557 0.40631592
-0.031148033 -0.5420355 0.42662704
-0.083489284 -1.0965819 0.39217746
-0.054568835 -0.7734696 0.412234
-0.019599393 -0.44783264 0.43259588
-0.074964225 -1.0038264 0.39800403
-0.04421705 -0.67934585 0.4181781
-0.092098184 -1.2305444 0.38402376
-0.06588721 -0.91044617 0.40387043
-0.03335898 -0.58509207 0.4241423
-0.084388845 -1.1390562 0.38978153
-0.056270707 -0.81660926 0.40977043
-0.022004753 -0.49078438 0.43011865
-0.07610548 -1.0466127 0.39558873
-0.046127956 -0.7224715 0.4157003
-0.01016244 -0.3964745 0.4360969
-0.0672597 -0.95341974 0.40143517
-0.03547218 -0.6281569 0.42165616
-0.08517283 -1.18132 0.38738775
-0.057864673 -0.85967755 0.40731555
-0.024315579 -0.5337666 0.42763263
-0.07713301 -1.0892273 0.39317992
-0.047934778 -0.7655583 0.41322768
-0.012668101 -0.4393631 0.43362144
-0.068520896 -0.99626845 0.39900813
-0.037484936 -0.67121583 0.41916984
-0.08584523 -1.2233822 0.38499075
-0.059350103 -0.902656 0.40486842
-0.026529284 -0.5767659 0.42513934
-0.078049704 -1.1316836 0.3907737
-0.04963608 -0.808594 0.41076028
-0.015079787 -0.4822933 0.43113104
-0.069672555 -1.0389893 0.396587
-0.039395217 -0.7142523 0.41668427
-0.0031448512 -0.38783884 0.4371334
-0.060727756 -0.94554436 0.40242794
-0.028643606 -0.61977476 0.4226403
-0.078859515 -1.1739967 0.38836575
-0.051231593 -0.85156775 0.40829805
-0.01739523 -0.52525806 0.42862678
-0.070717774 -1.0816004 0.39416918
-0.041201968 -0.757261 0.41420016
-0.0056601893 -0.4307617 0.4346373
-0.061999597 -0.9883457 0.39999294
-0.030656895 -0.6627833 0.42013696
-0.07956721 -1.2162073 0.38595086
-0.052722268 -0.8944852 0.40584075
-0.019612467 -0.56825584 0.4261104
-0.07166065 -1.1241238 0.3917514
-0.042905148 -0.8002377 0.41171813
-0.008080576 -0.47374544 0.4321194
-0.06316888 -1.0310837 0.397562
-0.032568336 -0.70579267 0.41763067
-0.08017902 -1.258357 0.38352314
-0.054110233 -0.9373553 0.40338814
-0.021730112 -0.61128336 0.42358378
-0.07250646 -1.1666054 0.3893295
-0.044505846 -0.84319323 0.4092387
-0.010404259 -0.51679474 0.42958152
-0.06423997 -1.0737855 0.3951331
-0.03437804 -0.7488044 0.4151226
0.0014019384 -0.4223557 0.43562144
-0.055398863 -0.98020554 0.40093985
-0.023747573 -0.6543474 0.4210488
-0.07326176 -1.209094 0.3868978
-0.04600622 -0.88614106 0.4067624
-0.012630139 -0.55991244 0.42702615
-0.065218635 -1.1165022 0.39270356
-0.036087144 -0.79183406 0.41261378
-0.0010340576 -0.4655379 0.4330603
-0.05659276 -1.023068 0.3984953
-0.025665147 -0.6974563 0.41850704
-0.07393349 -1.251668 0.38444868
-0.0474097 -0.92911214 0.40428972
-0.01475798 -0.60311234 0.4244558
-0.06611199 -1.1592892 0.39026928
-0.037697792 -0.83490026 0.41010514
-0.0033746972 -0.5088359 0.43047217
-0.057698127 -1.0659968 0.3960534
-0.027484098 -0.7406319 0.41595984
0.008484293 -0.41462448 0.43656126
-0.04872094 -0.9721419 0.40182114
-0.016788522 -0.64641106 0.4218725
-0.06692856 -1.202233 0.38782373
-0.039213266 -0.87803787 0.4075976
-0.0056204065 -0.55227154 0.4278609
-0.058722723 -1.1090533 0.3936123
-0.029206635 -0.78389984 0.413408
0.006020726 -0.45819727 0.4339394
-0.04994629 -1.0152868 0.3993569
-0.018723555 -0.68983984 0.4192777
-0.06767948 -1.2454295 0.38535616
-0.04063806 -0.9212861 0.40509197
-0.0077728527 -0.59587175 0.42522973
-0.059676565 -1.1523298 0.39116842
-0.030836035 -0.8273021 0.41085216
0.0036479996 -0.5019686 0.43128365
-0.051093876 -1.0586118 0.39689708
-0.020565908 -0.73343533 0.41667202
0.015547697 -0.40809518 0.43745804
-0.04197821 -0.96470416 0.40258887
-0.009835037 -0.63968015 0.42258075
-0.06057242 -1.1959338 0.38871518
-0.03237671 -0.8708858 0.40829235
0.0013629812 -0.5459778 0.42860046
-0.052174497 -1.1022111 0.39444107
-0.02231962 -0.77725184 0.4140552
0.013039553 -0.45228252 0.4347544
-0.043241415 -1.00836 0.40008864
-0.011811353 -0.68374807 0.4199148
-0.06142517 -1.2400194 0.3862393
-0.033834416 -0.91471905 0.4057278
-0.0008392862 -0.5902816 0.42589432
-0.053201854 -1.1461986 0.39198747
-0.023990117 -0.8213524 0.41142595
0.01061252 -0.4967806 0.43201408
-0.044437584 -1.0523508 0.39759108
-0.01370784 -0.72814596 0.4172314
-0.062256403 -1.2847787 0.38371146
-0.035216246 -0.9588831 0.40315628
-0.0029656687 -0.6349462 0.4231674
-0.05419358 -1.1907368 0.38953316
-0.025584618 -0.86582476 0.40878126
0.00825875 -0.54165953 0.42924753
-0.045578174 -1.0967937 0.3950953
-0.015532625 -0.7729555 0.41452876
0.019979654 -0.44825408 0.4355045
-0.036530685 -1.0034928 0.40057293
-0.0050252457 -0.6800557 0.4204201
-0.05517575 -1.2360373 0.38707134
-0.027112225 -0.9107782 0.40611526
0.0059675523 -0.58699715 0.4264601
-0.046676792 -1.1418531 0.39259955
-0.017296575 -0.8182851 0.41180313
0.017463055 -0.49374637 0.4326651
-0.037783846 -1.0486962 0.39796832
-0.0070302538 -0.72570336 0.41765127
-0.056167465 -1.2824181 0.38457936
-0.028585197 -0.95636964 0.4034178
0.003724805 -0.6328848 0.42365333
-0.047747575 -1.1877426 0.39010155
-0.019014975 -0.86426914 0.40904778
0.014988594 -0.53978807 0.4298114
-0.038989097 -1.0947093 0.39532447
-0.008997285 -0.7720045 0.41485754
0.026768921 -0.44643903 0.4361628
-0.03000885 -1.0028095 0.40067226
0.0015107307 -0.67941546 0.42082664
-0.048758667 -1.2347572 0.38759804
-0.020707732 -0.9110936 0.40625167
0.012532255 -0.5864713 0.42694512
-0.04007606 -1.1418431 0.3926045
-0.01095897 -0.81909597 0.412032
0.0240779 -0.49319252 0.4332241
-0.031457216 -1.0504172 0.39785218
-0.000707144 -0.72669303 0.41797727
-0.050135348 -1.2835449 0.3850802
-0.022431685 -0.9589884 0.40339833
0.010062837 -0.6338759 0.4240667
-0.041343752 -1.1905835 0.38972005
-0.012958203 -0.86715084 0.40916502
0.021362154 -0.54066885 0.43029448
-0.036853597 -1.7859732 0.21757284
0.047826078 -2.7022166 0.17841734
-0.08081932 -1.2144234 0.25689444
-0.008388129 -2.1038513 0.2034096
0.08311107 -3.030577 0.16802658
-0.05572168 -1.5215472 0.23487432
0.022358779 -2.4261644 0.1903867
0.12061204 -3.3613448 0.15909155
-0.029661648 -1.8329791 0.21853189
0.05544907 -2.7526534 0.17850907
-0.07571088 -1.2522261 0.25626078
-0.0012626 -2.1505816 0.20400728
0.09087967 -3.082793 0.1678806
-0.049763832 -1.5627303 0.23638064
0.02956145 -2.4738412 0.19070661
0.12860999 -3.4158814 0.15871994
-0.023201257 -1.8755164 0.21952403
0.06282066 -2.802123 0.1785699
-0.07070175 -1.2820804 0.2552271
0.005423263 -2.1944745 0.20460695
0.09849779 -3.134691 0.16768502
-0.04449698 -1.5969226 0.23731634
0.03646969 -2.51971 0.19100542
0.1365469 -3.4707136 0.15827097
-0.017337201 -1.9133989 0.22039653
0.07000364 -2.8505807 0.17859508
-0.06592728 -1.3064936 0.25431782
0.011714997 -2.2353635 0.20516756
0.106018715 -3.1862662 0.1674391
-0.039604254 -1.6257036 0.23774035
0.04312397 -2.5636857 0.19127057
0.14447302 -3.5258682 0.1577467
-0.011916479 -1.9469944 0.2210429
0.07703758 -2.8979933 0.17858066
-0.061412424 -1.3266482 0.2535617
0.017664853 -2.273287 0.20563614
0.11348067 -3.2375188 0.16714294
-0.034956396 -1.6503139 0.23781957
0.049555104 -2.6057646 0.19148174
0.15242499 -3.5813658 0.157151
-0.0068027955 -1.9769374 0.22144061
0.08395018 -2.944365 0.17851938
-0.057131093 -1.3432858 0.25291166
0.023343287 -2.3084764 0.20597227
0.12091052 -3.288463 0.16679542
-0.030491482 -1.6716132 0.23768415
0.055800058 -2.6460347 0.1916161
0.16042802 -3.637225 0.15648827
-0.0018978586 -2.003873 0.22161664
0.09076703 -2.9897418 0.17840126
-0.053045914 -1.3569456 0.25232783
0.028823467 -2.341278 0.20615917
0.1283295 -3.33913 0.16639407
-0.02616878 -1.6902108 0.23741451
0.061902683 -2.6846664 0.19165576
0.16850019 -3.6934628 0.15576279
0.002865801 -2.0283594 0.2216119
0.09751587 -3.0342133 0.17821614
-0.04912045 -1.3680481 0.2517844
0.034169767 -2.3720732 0.20619944
0.13575734 -3.3895683 0.16593577
-0.021955421 -1.7065624 0.2370575
0.06790888 -2.721884 0.19159155
0.17665605 -3.7500987 0.15497848
0.00753626 -2.050853 0.22146437
0.104226895 -3.0779068 0.17795643
-0.045322172 -1.3769318 0.25126535
0.03943471 -2.401228 0.20610623
0.14321423 -3.4398468 0.16541791
-0.017822957 -1.721025 0.23664047
0.073862106 -2.7579374 0.19142276
0.18490893 -3.8071554 0.15413906
0.012150027 -2.0717254 0.2212045
0.11093127 -3.1209762 0.17761862
-0.04162277 -1.3838768 0.25076064
0.044660296 -2.4290729 0.20589656
0.15072116 -3.4900496 0.16483949
-0.013746341 -1.7338884 0.23617978
0.07980113 -2.7930763 0.19115484
0.19327198 -3.8646607 0.15324832
0.016736453 -2.091282 0.22085552
0.117659435 -3.1635892 0.17720348
-0.037997782 -1.3891175 0.25026384
0.049880467 -2.4558952 0.20558733
0.1582996 -3.5402722 0.16420172
-0.009703445 -1.7453939 0.23568557
0.085759506 -2.8275363 0.1907968
0.20175856 -3.922647 0.15231079
0.021320134 -2.1097765 0.22043487
0.124439806 -3.2059133 0.17671536
-0.034426108 -1.3928521 0.24977075
0.055123292 -2.4819434 0.20519389
0.16597064 -3.590614 0.16350828
-0.0056746644 -1.7557455 0.2351643
0.09176611 -2.8615322 0.19035919
0.21038198 -3.9811487 0.15133196
0.025922304 -2.1274238 0.21995571
0.13129826 -3.2481086 0.17616129
-0.030889517 -1.3952491 0.24927856
0.06041262 -2.5074306 0.20472951
0.17375436 -3.6411722 0.16276515
-0.0016425676 -1.7651179 0.23462017
0.097845934 -2.8952532 0.18985297
0.21915519 -4.0401983 0.15031879
0.030561697 -2.1444075 0.21942803
0.13825797 -3.2903209 0.17554995
-0.027372267 -1.3964522 0.24878533
0.06576925 -2.5325406 0.20420557
0.18166932 -3.6920352 0.16198026
0.0024084088 -1.773662 0.23405592
0.10402088 -2.928865 0.1892888
0.22809027 -4.099823 0.14927971
0.03525514 -2.1608868 0.21885954
0.14533964 -3.3326778 0.17489108
-0.023860775 -1.3965836 0.24828966
0.07121178 -2.5574322 0.20363173
0.18973237 -3.7432787 0.16116317
0.0064922282 -1.7815086 0.23347333
0.11031051 -2.9625106 0.18867683
0.23719807 -4.1600385 0.1482248
0.040018003 -2.1770008 0.21825619
0.1525618 -3.3752882 0.17419505
-0.020343387 -1.3957464 0.24779049
0.07675721 -2.5822434 0.20301633
0.19795848 -3.7949612 0.16032475
0.010621472 -1.7887722 0.23287341
0.11673261 -2.9963117 0.18802679
0.2464879 -4.2208467 0.14716563
0.044864547 -2.1928716 0.21762261
0.15994112 -3.4182386 0.17347261
-0.016810246 -1.3940264 0.24728693
0.08242146 -2.6070948 0.20236664
0.20636074 -3.8471208 0.159477
0.014807516 -1.795553 0.2322566
0.12330366 -3.0303698 0.18734798
0.25596726 -4.2822285 0.14611518
0.049808204 -2.208608 0.21696249
0.16749257 -3.4615946 0.17273504
-0.01325319 -1.3914939 0.24677825
0.0882197 -2.6320903 0.20168926
0.21495026 -3.899773 0.15863287
0.019060662 -1.8019387 0.23162289
0.13003914 -3.064767 0.18664968
0.26564163 -4.344144 0.14508767
0.054861832 -2.2243073 0.21627878
0.17522958 -3.5053976 0.1719941
-0.009665796 -1.3882036 0.24626371
0.09416671 -2.6573207 0.20099045
0.22373608 -3.9529068 0.15780626
0.023390234 -1.8080063 0.23097177
0.13695377 -3.0995653 0.18594152
0.27551416 -4.4065275 0.1440982
0.060037956 -2.2400572 0.21557407
0.18316402 -3.5496633 0.17126244
-0.006043446 -1.3841953 0.24574253
0.10027708 -2.6828625 0.20027661
0.23272482 -4.006484 0.15701179
0.027804643 -1.8138232 0.23030242
0.14406149 -3.1348057 0.18523392
0.2855855 -4.4692874 0.14316253
0.06534897 -2.255936 0.21485089
0.19130577 -3.5943792 0.17055371
-0.0023835232 -1.3794935 0.24521382
0.10656542 -2.708777 0.19955492
0.24192029 -4.060435 0.1562647
0.032311443 -1.819448 0.22961374
0.15137526 -3.1705031 0.18453886
0.29585344 -4.532305 0.1422965
0.07080737 -2.2720127 0.21411224
0.19966225 -3.6394997 0.16988277
0.0013143604 -1.374106 0.24467653
0.11304637 -2.7351067 0.19883427
0.25132304 -4.114659 0.15558033
0.036917433 -1.8249304 0.22890449
0.15890653 -3.2066414 0.18387055
0.3063129 -4.595438 0.14151555
0.07642609 -2.2883458 0.21336253
0.2082374 -3.6849425 0.1692657
0.005048036 -1.368023 0.24412921
0.119734384 -2.7618701 0.19812672
0.26092952 -4.1690235 0.15497339
0.04162886 -1.8303111 0.22817373
0.16666396 -3.2431655 0.18324643
0.31695575 -4.658522 0.14083414
0.08221882 -2.3049786 0.212609
0.21703029 -3.7305841 0.16871928
0.008812524 -1.3612145 0.24356985
0.1266431 -2.7890491 0.19744948
0.27073166 -4.223366 0.15445694
0.046451997 -1.8356199 0.22742146
0.17465149 -3.2799687 0.18268766
0.3277707 -4.721378 0.14026503
0.08820058 -2.3219287 0.21186435
0.2260334 -3.7762592 0.16825983
0.0125999255 -1.3536264 0.2429953
0.13378371 -2.8165715 0.19682764
0.28071615 -4.277501 0.15404104
0.051394463 -1.8408723 0.22665018
0.1828651 -3.3168836 0.18221903
0.33874306 -4.7838154 0.13981876
0.094388396 -2.339171 0.21115138
0.23523079 -3.8217633 0.16790135
0.016399978 -1.3451772 0.24240041
0.1411617 -2.844283 0.1962974
0.29086384 -4.3312316 0.15373145
0.056468245 -1.8460603 0.22586828
0.19128856 -3.3536718 0.1818672
0.34985328 -4.845645 0.13950308
0.10080184 -2.3566022 0.21051067
0.24459617 -3.8668659 0.16765295
0.020202229 -1.3357517 0.24177618
0.14877069 -2.8719144 0.19590805
0.30114827 -4.38436 0.15352905
0.061696276 -1.8511342 0.2250979
0.19988844 -3.390027 0.18165658
0.36107346 -4.9066825 0.1393226
0.10746205 -2.3739786 0.21001272
0.25409135 -3.911332 0.16751704
0.024002438 -1.3251947 0.24110693
0.15658262 -2.8990443 0.1957196
0.3115315 -4.4367085 0.1534303
0.06712604 -1.8559567 0.2243936
0.2086101 -3.4256 0.18160361
0.37235868 -4.9667573 0.13927834
0.114385016 -2.3908155 0.20977217
0.26366234 -3.954953 0.16748984
0.027820198 -1.313301 0.24036673
0.16453466 -2.9250941 0.19579148
0.321954 -4.4881344 0.1534292
0.07285563 -1.86019 0.2238857
0.2173738 -3.4600503 0.18171296
0.38363138 -5.0257235 0.13936692
0.121559255 -2.4062486 0.20995197
0.27322707 -3.9975796 0.16756569
0.03175049 -1.2997949 0.23952653
0.17251502 -2.94939 0.19616255
0.33231306 -4.5385466 0.15351954
0.07907383 -1.8630135 0.22387157
0.22605807 -3.493119 0.18198192
0.394758 -5.0834684 0.13957885
0.12888843 -2.4189556 0.21072741
0.2826393 -4.03915 0.16774304
0.036129735 -1.2842422 0.23864776
0.18032424 -2.971339 0.19684045
0.34242943 -4.5879264 0.15369365
0.086065635 -1.8624706 0.22495067
0.23441921 -3.5247023 0.18241082
0.40553406 -5.139932 0.13989353
0.13601756 -2.4274187 0.21220335
0.29161674 -4.079712 0.16801952
0.04228188 -1.2657259 0.23856646
0.18743424 -2.990684 0.19781426
0.3520326 -4.636346 0.15392962
0.09346564 -1.8545675 0.22800042
0.24190494 -3.5549045 0.18297815
0.41573095 -5.1951137 0.14026648
0.04926141 -1.2491384 0.24383764
0.046196055 -1.202711 0.24226454
0.06165237 -1.4242836 0.23945367
0.07909488 -1.6332252 0.23566602
0.094972536 -1.8238283 0.23099482
0.09552167 -1.8345261 0.23007631
0.11150791 -2.025531 0.22580329
0.12550595 -2.1994722 0.22130123
0.13302095 -2.2549736 0.21955952
0.14728005 -2.427449 0.21539477
0.15970923 -2.585087 0.21113844
0.17004044 -2.7289429 0.20684761
0.18609516 -2.83565 0.20503215
0.1970213 -2.9779966 0.20099327
0.2063061 -3.1086073 0.1969267
0.22732764 -3.2469518 0.19492954
0.23686862 -3.3755066 0.1910662
0.24510363 -3.4940658 0.18718198
0.25202677 -3.6033313 0.18329702
0.27881306 -3.7757156 0.18141112
0.28608632 -3.88353 0.17767665
0.29229358 -3.9833705 0.17393911
0.32258037 -4.1774397 0.17202973
0.3289933 -4.275777 0.16842182
0.33454263 -4.3672585 0.1648097
0.3392576 -4.4523206 0.1612023
0.37364617 -4.6700163 0.15941395
0.37860692 -4.754154 0.1559139
0.38289806 -4.832759 0.1524159
0.4199304 -5.0657597 0.15065616
0.42435575 -5.1435194 0.14726749
0.42827535 -5.216551 0.14388189
0.43169954 -5.2850866 0.14049055
0.47168034 -5.535036 0.13893613
0.47527772 -5.603452 0.1356972
0.4785426 -5.6680455 0.13243274
0.52046996 -5.9285097 0.13113648
0.022880914 -0.56662816 0.42909983
-0.011578352 -0.89529186 0.40784192
-0.04033222 -1.2232193 0.3877755
0.0128139155 -0.665333 0.42277893
-0.02003337 -0.9943017 0.4018244
-0.047903165 -1.3255277 0.3825475
0.0031981212 -0.76419276 0.41654214
-0.028098427 -1.0939236 0.39592096
0.029428769 -0.5331372 0.43177974
-0.005984912 -0.8633749 0.41039038
-0.03584636 -1.1944878 0.39017677
0.01910073 -0.63217115 0.4254323
-0.014756518 -0.96306664 0.40433362
-0.043385006 -1.2965472 0.38478434
0.009214978 -0.73141134 0.4191661
-0.023143433 -1.0634824 0.39839426
0.03607874 -0.49957046 0.43447638
-0.0002488887 -0.83104557 0.41298303
-0.031178627 -1.1648636 0.39261937
0.025507404 -0.59883857 0.42811215
-0.009312649 -0.9312746 0.4068926
-0.03885207 -1.2673628 0.3871009
0.0153680025 -0.6983525 0.42182222
-0.017998688 -1.0323141 0.4009158
-0.04568868 -1.3700577 0.3816971
0.005641752 -0.7983186 0.41561303
-0.026320037 -1.1343743 0.39509192
0.032034323 -0.5653644 0.43081516
-0.003692211 -0.8989476 0.4094933
-0.03422692 -1.2375251 0.38947213
0.021659406 -0.6650437 0.424506
-0.012653478 -1.0004587 0.40348038
-0.041405257 -1.3410897 0.3839667
0.011693917 -0.76522297 0.41827413
-0.021248847 -1.1030626 0.3976025
0.038680136 -0.5317802 0.4335375
0.0021240185 -0.866123 0.41212764
-0.029427752 -1.2068636 0.39188802
