0.052533995 , -0.9422255 , 0.16397949
0.04689883 , -0.91993827 , 0.20658445
0.065849304 , -0.7686471 , 0.26502421
0.07641016 , -0.6806326 , 0.30800134
0.0457136 , -0.87789416 , 0.22152051
0.037100926 , -0.98018086 , 0.17307642
0.1017992 , -0.70766646 , 0.35099947
0.09951875 , -0.6961492 , 0.35081694
0.14987932 , -3.3906384 , 0.3313971
0.1794637 , -4.079827 , 0.29456204
0.13329136 , -0.75254667 , 0.32464287
0.15645544 , -2.3888745 , 0.30823126
0.14416717 , -1.6198237 , 0.32131353
0.12438628 , -1.0797002 , 0.3285381
0.1253712 , -0.7714284 , 0.3522942
0.13073844 , -1.1345686 , 0.3652034
0.09212011 , -0.7046075 , 0.33170676
0.09422243 , -0.7109494 , 0.33183202
0.10931131 , -0.7317005 , 0.3382929
0.15483737 , -2.770068 , 0.30165127
0.13894647 , -1.2924399 , 0.36870173
0.16844709 , -1.9224836 , 0.3769382
0.19447818 , -2.811467 , 0.38393816
0.19820106 , -3.5469704 , 0.38496634
0.12285756 , -1.0435134 , 0.33023143
0.12198888 , -0.7861652 , 0.35406482
0.13264765 , -1.1711166 , 0.36724767
0.16129398 , -1.748173 , 0.37556207
0.08237854 , -0.6545643 , 0.33583862
0.14213161 , -0.7336298 , 0.21899386
0.15599185 , -2.5216162 , 0.3079261
0.14665303 , -1.7189823 , 0.32202876
0.17584532 , -2.102065 , 0.380018
0.19752292 , -3.0524862 , 0.38427836
0.22481397 , -3.7837124 , 0.3825276
0.112804376 , -0.7227562 , 0.3449108
0.11957875 , -0.8580288 , 0.3596149
0.13894455 , -1.2896683 , 0.37068364
0.16879201 , -1.9135433 , 0.37872246
0.19539386 , -2.7906253 , 0.38512683
0.12771408 , -0.73765355 , 0.34556884
0.15515068 , -2.2944539 , 0.31375802
0.14244539 , -1.5605372 , 0.32605147
0.12306306 , -1.0419413 , 0.33240128
0.16039625 , -3.2568717 , 0.34155232
0.24250512 , -4.018402 , 0.3856645
0.13822657 , -0.72349757 , 0.3291653
0.15532146 , -2.5047278 , 0.31076527
0.16408382 , -1.79337 , 0.3787303
0.19264428 , -2.6182506 , 0.38576454
0.14697033 , -3.388854 , 0.36525512
0.16374226 , -3.7890303 , 0.29961023
0.089722835 , -0.65064836 , 0.35462075
0.087227285 , -0.64137524 , 0.3555441
0.13836104 , -3.1459315 , 0.29972014
0.15406679 , -2.1842277 , 0.31744036
0.14020239 , -1.485151 , 0.328785
0.15121372 , -1.9602963 , 0.32218537
0.13496874 , -1.3277538 , 0.33172098
0.11595824 , -0.88237774 , 0.3359346
0.1801626 , -2.1795764 , 0.3840794
0.19715497 , -3.135293 , 0.38879192
0.23709725 , -3.8530886 , 0.38881096
0.12941498 , -0.7269874 , 0.34982586
0.15458488 , -2.3095765 , 0.31707573
0.137942 , -1.4136833 , 0.33146486
0.11611169 , -0.8817161 , 0.3368525
0.12287366 , -0.97378755 , 0.36839038
0.1531312 , -1.55329 , 0.37797645
0.18829998 , -2.4144335 , 0.38670453
0.1470151 , -3.3359194 , 0.34187257
0.15273358 , -3.6253967 , 0.3036455
0.15440251 , -2.3044195 , 0.31813136
0.1489584 , -1.8380146 , 0.32598808
0.12882137 , -1.165725 , 0.33530858
0.12596196 , -0.7408431 , 0.36036384
0.13350807 , -1.1848631 , 0.3734635
0.16818956 , -1.8661565 , 0.38240647
0.19894652 , -2.8655083 , 0.38978934
0.23298262 , -3.7431345 , 0.39139557
0.09039469 , -0.67448616 , 0.34442544
0.09282496 , -0.6789304 , 0.34617987
0.12654248 , -1.1096295 , 0.33676583
0.117996044 , -0.7393364 , 0.34185895
0.12275449 , -0.97291726 , 0.37023124
0.14830302 , -1.4559765 , 0.37821946
0.17943448 , -2.1339197 , 0.38589892
0.19913876 , -3.0625226 , 0.3916573
0.15804671 , -3.6751866 , 0.30809247
0.17209995 , -3.9036143 , 0.30665037
0.25038412 , -3.9904497 , 0.3937448
0.099147364 , -0.6886156 , 0.34815776
0.23160183 , -3.239187 , 0.8072239
0.18971838 , -3.3339221 , 0.71432364
0.12709516 , -3.553657 , 0.5477173
0.14196937 , -2.5845034 , 0.5499066
0.09663007 , -1.6035942 , 0.5023958
0.09103484 , -0.8494843 , 0.43937498
0.1132641 , -0.6891162 , 0.362771
0.21609977 , -2.6591804 , 0.6063302
0.1221746 , -0.88031226 , 0.43085748
0.15560079 , -1.4740956 , 0.52193147
0.21831362 , -2.410648 , 0.65715003
0.12921996 , -1.0090697 , 0.45415306
0.16976938 , -1.6988136 , 0.55272764
0.24033558 , -2.6944985 , 0.7211139
0.094289236 , -0.81336105 , 0.43145192
0.110893436 , -0.6873528 , 0.3567682
0.12324133 , -0.8848557 , 0.43083575
0.16725937 , -1.6574225 , 0.5480559
0.23506264 , -2.624469 , 0.7098844
0.14029393 , -2.4729326 , 0.54676694
0.1175378 , -0.75047475 , 0.39662972
0.13814068 , -1.164441 , 0.47896096
0.18490393 , -1.9285882 , 0.58733267
0.12159238 , -0.8317817 , 0.41804093
0.14843504 , -1.3428749 , 0.5055916
0.20186847 , -2.1759653 , 0.6280567
0.092001654 , -0.9946446 , 0.4589205
0.11023045 , -0.70380133 , 0.39060986
0.11901878 , -0.7565256 , 0.3964928
0.14688678 , -1.3133423 , 0.50164306
0.1981901 , -2.122189 , 0.6214625
0.16583487 , -2.8657796 , 0.6279414
0.11831549 , -0.69794595 , 0.3643486
0.12740847 , -0.9424656 , 0.44063145
0.16019994 , -1.5367758 , 0.53449845
0.11953485 , -0.7311839 , 0.3844074
0.13426436 , -1.075675 , 0.46457317
0.17347087 , -1.7492038 , 0.5665057
0.09472712 , -1.2319918 , 0.4821104
0.10058395 , -0.7953875 , 0.42335457
0.12045792 , -0.7036382 , 0.36390293
0.13346292 , -1.0560478 , 0.46105838
0.1709187 , -1.7083145 , 0.56159127
0.23470776 , -2.592385 , 0.7425386
0.12012063 , -0.7067547 , 0.3814944
0.1223383 , -0.7983301 , 0.40538082
0.14280082 , -1.2306634 , 0.49007198
0.12232135 , -0.70872146 , 0.35184827
0.12607695 , -0.88855594 , 0.42746204
0.1526641 , -1.4047518 , 0.5175071
0.103213474 , -1.5091815 , 0.50143117
0.09664325 , -0.9518558 , 0.4518493
0.12030386 , -0.71282387 , 0.38178116
0.12319308 , -0.8043571 , 0.40526822
0.14286241 , -1.2280184 , 0.49004474
0.1853741 , -1.9317394 , 0.60234714
0.21341452 , -2.7863693 , 0.8169155
0.12148999 , -1.9184556 , 0.5232381
0.097329214 , -1.2267028 , 0.48215544
0.10274547 , -0.8074424 , 0.42346784
0.12247955 , -0.71578217 , 0.36296085
0.12306257 , -0.78151345 , 0.39587557
0.13942981 , -1.1598754 , 0.4788877
0.1775589 , -1.8138831 , 0.5857574
0.24268116 , -2.6350977 , 0.8246256
0.124515735 , -0.82412136 , 0.40822333
0.14403486 , -1.2465051 , 0.4937781
0.1846177 , -1.9226922 , 0.6073144
0.17385814 , -2.6325307 , 0.66027564
0.12646241 , -0.87424165 , 0.42087755
0.14897554 , -1.3373966 , 0.50928146
0.19181857 , -2.0292177 , 0.6313026
0.07974067 , -0.030388359 , 0.5706334
0.113560274 , -1.2380929 , 0.65581757
0.12921222 , -0.8894199 , 0.6016746
0.141533 , -0.4495684 , 0.5225663
0.14067446 , 0.008289981 , 0.51507175
0.12914033 , -1.861326 , 0.44108453
0.10918753 , -0.8676834 , 0.5380422
0.082835026 , -0.02187738 , 0.6230038
0.14761995 , -0.09606649 , 0.52399915
0.1265865 , -1.7017274 , 0.45623598
0.10451642 , -0.71323526 , 0.5542686
0.07657049 , 0.11417423 , 0.6232607
0.15476067 , -0.2106686 , 0.5272591
0.12362476 , -1.5401028 , 0.47148773
0.09949252 , -0.55940086 , 0.5705197
0.06932085 , 0.25038236 , 0.6106946
0.16202095 , -0.33508807 , 0.5269947
0.12022828 , -1.3770369 , 0.4868834
0.094099455 , -0.40610448 , 0.58646625
0.12471406 , 0.35868338 , 0.4395466
0.16929094 , -0.4690677 , 0.52451706
0.11541887 , -1.1720735 , 0.5064124
0.08707996 , -0.21850939 , 0.60494626
0.13270353 , 0.23038867 , 0.49133742
0.17811656 , -0.65028816 , 0.51945996
0.20974071 , -1.6734796 , 0.47942328
0.21029902 , -2.706133 , 0.4294901
0.13278693 , -2.7827888 , 0.35685468
0.12667117 , -1.75825 , 0.45243162
0.10724384 , -0.88284063 , 0.5344302
0.07523649 , 0.052132256 , 0.6239752
0.14525919 , 0.035768475 , 0.5193976
0.18993363 , -0.9198807 , 0.5100436
0.101941034 , -0.7169807 , 0.5508122
0.06769893 , 0.20673066 , 0.6269111
0.15295607 , -0.091712624 , 0.52469176
0.19610804 , -1.0836595 , 0.50383407
0.096136004 , -0.55072653 , 0.5672383
0.059348267 , 0.36422217 , 0.6189145
0.16081983 , -0.22824667 , 0.5258245
0.20180449 , -1.2527709 , 0.49728265
0.08980434 , -0.38380924 , 0.5835746
0.08421618 , 0.5549359 , 0.4988298
0.1686959 , -0.37391803 , 0.52436364
0.20696346 , -1.4266526 , 0.49049127
0.08290761 , -0.21629807 , 0.5992674
0.12625869 , 0.44015208 , 0.46953344
0.17641456 , -0.52739257 , 0.52085704
0.21151356 , -1.6043434 , 0.4830374
0.07535151 , -0.04755123 , 0.6131086
0.13356319 , 0.31367528 , 0.49870864
0.18388467 , -0.68844736 , 0.5169222
0.13341898 , -2.4992778 , 0.39049843
0.11816593 , -1.3855709 , 0.48664135
0.08429568 , -0.30240768 , 0.58784825
0.11758848 , 0.63839823 , 0.42636988
0.17155658 , -0.37602687 , 0.52317727
0.2106019 , -1.4763349 , 0.48874056
0.22012922 , -2.5939662 , 0.44122234
0.13058776 , -3.0845058 , 0.33602542
0.07213084 , 1.645393 , 0.41492
0.22129266 , -2.4729667 , 0.4474725
0.20738254 , -1.3416983 , 0.49403659
0.16548868 , -0.23833448 , 0.52443165
0.1774598 , 0.30281636 , 0.5214851
0.2559495 , -1.6730694 , 0.4859016
0.042683363 , 0.500664 , 0.62453735
0.10024596 , -0.7594163 , 0.543251
0.13471021 , -2.8166358 , 0.36400527
0.16473368 , -3.1724863 , 0.37429455
0.0761064 , -0.3302311 , 0.55673647
-0.06485741 , 1.8503015 , 0.5999231
0.06364412 , 0.8355534 , 0.41152132
0.036011614 , 1.6105667 , 0.5543635
-0.05130975 , 2.4774404 , 0.6482565
-0.18184868 , 3.043198 , 0.8541657
-0.09179017 , 2.2079773 , 0.761271
-0.013086461 , 1.3107591 , 0.6685863
0.04808415 , 1.4736401 , 0.53836715
0.4044275 , -0.17323382 , 0.20174697
0.40360793 , -0.1894337 , 0.20290832
0.4199016 , -0.13515109 , 0.20415364
0.4528317 , -0.03885579 , 0.20852245
0.33060527 , -0.11431089 , 0.17273982
0.3154628 , -0.2028647 , 0.17605777
0.39132977 , -0.33743867 , 0.2190626
0.40777287 , -0.28842917 , 0.21565562
0.42431593 , -0.23951091 , 0.2143122
0.32019058 , -0.24489734 , 0.18189561
-0.017516889 , 1.3360907 , 0.5730631
0.09402869 , 1.1025931 , 0.39795455
-0.004232365 , 1.1347435 , 0.55728287
-0.02464881 , 1.4854171 , 0.5590289
-0.045300268 , 1.8333464 , 0.5618485
0.06299687 , 1.6324897 , 0.38398674
0.07696251 , 1.311076 , 0.3601231
0.09711906 , 0.97087216 , 0.31694233
-0.021946216 , 1.5247182 , 0.5603916
-0.03130925 , 2.79999 , 0.5480583
-0.09979359 , 3.523355 , 0.64797336
-0.059546422 , 2.470671 , 0.6368246
-0.017191608 , 1.4676532 , 0.56732273
0.0410328 , 1.9772667 , 0.3986914
0.5617982 , 2.2276046 , 0.047153782
0.5948955 , 2.6586373 , 0.021168983
0.4680939 , 0.7394028 , 0.14664818
0.5503578 , 1.2706245 , 0.1373879
0.464715 , 0.12705085 , 0.20242748
0.4243488 , 0.20290065 , 0.17593034
0.38911876 , 0.81784827 , 0.10171577
0.39998326 , -0.12749867 , 0.19512008
0.48785236 , 0.97991604 , 0.13320869
0.37987092 , 0.72580373 , 0.10665038
0.3406284 , -0.30088827 , 0.1927622
0.09354389 , 0.9433545 , 0.42027092
-0.067190506 , 1.9198678 , 0.73951215
0.013808863 , 0.9831901 , 0.6132326
0.04494348 , 0.71990794 , 0.41548416
-0.15172122 , 2.7400124 , 0.82411647
-0.066235706 , 1.8960974 , 0.7394257
0.015147222 , 0.95268106 , 0.6133326
0.43575472 , 1.3042518 , 0.07437074
0.33529356 , 0.23549968 , 0.13556097
0.4417194 , 0.45230454 , 0.1607219
0.42617148 , 1.2150103 , 0.07867531
0.32658622 , 0.13809413 , 0.1410908
0.070063695 , 0.6378495 , 0.4635187
-0.10452765 , 2.2840147 , 0.7771656
-0.024830023 , 1.3967248 , 0.69314283
0.3339016 , -0.38310218 , 0.20363446
0.0684612 , 1.2149513 , 0.5145892
-0.035552334 , 2.2608533 , 0.6385774
-0.17207341 , 2.8904932 , 0.84965956
-0.070693366 , 1.9189496 , 0.7454743
0.02511294 , 0.80916506 , 0.5864887
0.48779583 , 1.0010769 , 0.13102901
0.61007226 , 2.1811206 , 0.0789412
0.47119933 , 1.656209 , 0.0561852
0.35268605 , 0.44573104 , 0.122021295
0.5049664 , 1.9716859 , 0.04146431
0.399201 , 0.9523969 , 0.092201434
0.30260286 , -0.15219812 , 0.158448
0.14510305 , 0.6483175 , 0.40153587
0.33248502 , -0.3413059 , 0.19071813
0.11673496 , 0.6160653 , 0.41562572
0.020709505 , 1.6363643 , 0.5919494
-0.06922225 , 2.4857233 , 0.67530495
-0.13896109 , 2.5183394 , 0.8202742
-0.055624366 , 1.6725361 , 0.7354551
0.019818109 , 0.6613389 , 0.5990713
0.46152514 , 0.7505912 , 0.14171322
0.56093997 , 1.7730714 , 0.09347177
0.52073836 , 2.134785 , 0.032664638
0.41320056 , 1.1248854 , 0.080868825
0.31510687 , 0.048251398 , 0.14378874
0.44244707 , 0.53078306 , 0.15306512
0.53822696 , 1.5644841 , 0.102039546
0.54269874 , 2.328333 , 0.024388144
0.43243027 , 1.3218751 , 0.070140585
0.33299172 , 0.2679829 , 0.12994738
0.31711647 , -0.50947636 , 0.20901835
0.078192405 , 1.0309733 , 0.5191947
-0.014290007 , 1.9641674 , 0.6260953
-0.10551628 , 2.7873082 , 0.71381795
-0.10301395 , 2.1660762 , 0.7837015
-0.024085319 , 1.2734658 , 0.6999722
0.32558 , -0.40269652 , 0.19744916
0.108212754 , 0.6977264 , 0.46009728
0.011905116 , 1.6976204 , 0.6030589
-0.07818783 , 2.5361333 , 0.6859875
-0.12598987 , 2.3734136 , 0.80874264
-0.04453744 , 1.516174 , 0.7253824
0.38472012 , -0.24329239 , 0.19748989
0.46994284 , 0.86300534 , 0.13508059
0.5712764 , 1.8784012 , 0.08865601
0.5043457 , 1.9987468 , 0.03771329
0.39857605 , 0.9874589 , 0.087593436
0.30144376 , -0.102447845 , 0.15249483
0.45048696 , 0.6459743 , 0.14604194
0.5481208 , 1.6703116 , 0.09690898
0.52582914 , 2.1916828 , 0.02916842
0.41753998 , 1.1856409 , 0.07649934
0.3190902 , 0.12077819 , 0.13817467
0.09237837 , 0.33398566 , 0.48257744
0.0690023 , 1.10445 , 0.53911114
-0.023030082 , 2.0197363 , 0.6358216
-0.14762086 , 2.8359473 , 0.8008508
-0.09097436 , 2.0197015 , 0.7735723
-0.013344945 , 1.1042862 , 0.6863894
0.3193769 , -0.46338448 , 0.20658407
0.098626204 , 0.78060174 , 0.49151656
0.0030966632 , 1.7572889 , 0.6134581
-0.08720053 , 2.5855083 , 0.69718033
-0.113344386 , 2.2286246 , 0.79769427
-0.033582594 , 1.3563722 , 0.71464413
0.39180034 , -0.114692196 , 0.18793985
0.47853827 , 0.9737367 , 0.12870818
0.58184814 , 1.9832987 , 0.08404989
0.48824498 , 1.8631462 , 0.042955328
0.38412538 , 0.8494208 , 0.09454234
0.28745055 , -0.255659 , 0.1623554
0.112544134 , -0.5483679 , 0.12245172
0.14748052 , -0.23330101 , 0.08516667
0.13213913 , -0.14410892 , 0.043031413
0.097113706 , -0.4628856 , 0.08693212
0.07262913 , -0.740101 , 0.12758645
0.466346 , 1.8961413 , 0.01687805
0.35388148 , 1.179059 , 0.016121252
0.24446434 , 0.50218624 , 0.019731708
0.08218843 , -0.8069973 , 0.11163831
0.13620241 , -0.67502147 , 0.15559518
0.18443686 , -0.6234657 , 0.16561437
0.23427828 , -0.5222006 , 0.17016114
0.19837521 , 0.09932038 , 0.06424793
0.317175 , 0.680971 , 0.070030935
0.4471087 , 1.3808942 , 0.07295286
0.5732574 , 2.0886009 , 0.07118031
0.33045125 , -0.47384876 , 0.18909414
0.25277954 , -0.6087299 , 0.17280734
0.18426287 , -0.66027665 , 0.16317584
0.11450697 , -0.7593932 , 0.15340205
0.11843603 , -0.70631784 , 0.1512177
0.16892622 , -0.6465232 , 0.16408467
0.21671616 , -0.57977015 , 0.17024112
0.27544662 , -0.35389757 , 0.16909409
0.2936088 , -0.5649415 , 0.18144207
0.22139765 , -0.6413413 , 0.16869327
0.15425959 , -0.69537264 , 0.16029376
0.08078926 , -0.7905297 , 0.13040796
0.14166397 , -0.6784888 , 0.15907992
0.18894255 , -0.6345781 , 0.16831517
0.23913053 , -0.52617776 , 0.17269336
0.33884016 , -0.47265998 , 0.19373983
0.25990513 , -0.6196859 , 0.17559537
0.19128534 , -0.66669995 , 0.16549468
0.1228853 , -0.748801 , 0.15660597
0.11077429 , -0.72772706 , 0.15067248
0.16242564 , -0.66550726 , 0.16487052
0.20930023 , -0.6139917 , 0.17172262
0.2646247 , -0.4291057 , 0.17359759
0.30117592 , -0.5723631 , 0.1849814
0.22834133 , -0.6523534 , 0.17116915
0.16159499 , -0.6961202 , 0.16279234
0.069441885 , -0.83115864 , 0.13106167
0.13496399 , -0.6961985 , 0.15937188
0.18225306 , -0.65756965 , 0.1694008
0.23088278 , -0.5728178 , 0.17459212
0.3475042 , -0.4689698 , 0.19920029
0.2670469 , -0.63113976 , 0.1785061
0.19821864 , -0.6750342 , 0.16782689
0.13100016 , -0.74124736 , 0.15989175
0.10263133 , -0.75050074 , 0.15007615
0.15600218 , -0.68298 , 0.16557568
0.20215754 , -0.64434713 , 0.17305791
0.2549565 , -0.49501017 , 0.17701167
0.30884156 , -0.5791237 , 0.18881679
0.23525703 , -0.66456413 , 0.17370744
0.16875581 , -0.69925565 , 0.16521984
0.092550516 , -0.82303977 , 0.15712701
0.12816195 , -0.71380204 , 0.15961403
0.17573719 , -0.6780386 , 0.17039788
0.22301736 , -0.6143089 , 0.17618364
0.35652903 , -0.46163127 , 0.2060399
0.27422252 , -0.64289874 , 0.18154755
0.20508167 , -0.68516964 , 0.17016996
0.13879655 , -0.73660165 , 0.16291481
0.09376236 , -0.77548057 , 0.14972265
0.14961796 , -0.6992611 , 0.16621904
0.1952571 , -0.67115057 , 0.174281
0.24592507 , -0.5531164 , 0.17927535
0.3166258 , -0.5848937 , 0.19304241
0.24215095 , -0.67781955 , 0.17631017
0.17576608 , -0.7047058 , 0.16757438
0.105682135 , -0.8035819 , 0.16145658
0.12119188 , -0.73170185 , 0.15985586
0.16936986 , -0.6962904 , 0.1713216
0.21549842 , -0.6510661 , 0.17757566
0.36608696 , -0.44836172 , 0.21568426
0.2814501 , -0.6547504 , 0.18473317
0.2118902 , -0.6969827 , 0.17252749
0.14631768 , -0.73477757 , 0.16564462
0.08377973 , -0.8039925 , 0.15000413
0.14324415 , -0.7146772 , 0.16682091
0.18858425 , -0.6947052 , 0.17541574
0.2373897 , -0.6045207 , 0.1808261
0.32457837 , -0.5892709 , 0.19782299
0.24904275 , -0.6919609 , 0.17898174
0.18265651 , -0.712388 , 0.16986825
0.11471029 , -0.7899761 , 0.16495687
0.11393961 , -0.7503675 , 0.1601608
0.16309367 , -0.71264315 , 0.17218465
0.20825411 , -0.6834683 , 0.1788402
0.26309323 , -0.509936 , 0.1844253
0.2887059 , -0.6664502 , 0.18807745
0.21862814 , -0.7103317 , 0.17490593
0.15358667 , -0.73568636 , 0.1681352
0.07157332 , -0.8380099 , 0.15134567
0.13689443 , -0.7295658 , 0.16740327
0.1821755 , -0.7153085 , 0.1764777
0.22938855 , -0.6499622 , 0.18205537
0.3328919 , -0.5917215 , 0.20349656
0.25601092 , -0.70682484 , 0.18172738
0.18950146 , -0.7222114 , 0.17211932
0.12307677 , -0.7804904 , 0.1678125
0.10623325 , -0.7703606 , 0.16058913
0.1568076 , -0.72741395 , 0.17299588
0.20117068 , -0.71185595 , 0.18001735
0.25304124 , -0.57675964 , 0.18608187
0.29588217 , -0.677731 , 0.19159053
0.22522938 , -0.72507185 , 0.17731424
0.16056949 , -0.7392431 , 0.17045249
0.06549532 , -0.8793107 , 0.1633208
0.1305521 , -0.74432194 , 0.16798237
0.17603499 , -0.73329866 , 0.17747185
0.22190484 , -0.69004285 , 0.18315774
0.3418232 , -0.5913284 , 0.2103481
0.26312387 , -0.72219384 , 0.18455476
0.19635528 , -0.7340382 , 0.17435001
0.13109978 , -0.7746316 , 0.1702655
0.098050825 , -0.792341 , 0.16115654
0.15060818 , -0.74084884 , 0.17374747
0.19439328 , -0.7364595 , 0.1811148
0.24383128 , -0.63458306 , 0.18647991
0.3031636 , -0.6884216 , 0.19526312
0.23182426 , -0.7411339 , 0.17976743
0.16740976 , -0.7454338 , 0.17265965
0.09447735 , -0.8496809 , 0.1741462
0.14064446 , -0.5709345 , 0.5406481
0.124875695 , -0.9472637 , 0.61317086
0.113136984 , -1.3591149 , 0.66567135
0.15347071 , -2.4617505 , 0.7255151
0.111124985 , -1.2925246 , 0.66031796
0.12574546 , -0.9119686 , 0.6063675
0.13925725 , -0.49254474 , 0.5280664
0.19032614 , -2.0041153 , 0.82653517
0.13316724 , -1.1698269 , 0.68417424
0.1156401 , -0.84154946 , 0.6177512
0.091563836 , -0.31964183 , 0.5735408
0.091701925 , -0.37702525 , 0.57510394
0.11506183 , -0.86314434 , 0.6223466
0.13393518 , -1.2084781 , 0.6920589
0.19745293 , -2.1394753 , 0.86503434
0.11795646 , -1.5215302 , 0.6774536
0.12268355 , -1.0096365 , 0.6252414
0.14029075 , -0.6637408 , 0.5578774
0.12942088 , 0.23900773 , 0.41844836
0.10760167 , -0.64463174 , 0.594309
0.12508741 , -0.99669755 , 0.6492988
0.15699404 , -1.4883806 , 0.741428
0.13832228 , -2.23216 , 0.71174526
0.11234616 , -1.2357213 , 0.6550802
0.12830819 , -0.8710223 , 0.5991739
0.13927343 , -0.39187542 , 0.5123684
0.08540199 , -0.25726533 , 0.56739104
0.113165945 , -0.81890845 , 0.61670095
0.13206239 , -1.1605768 , 0.68294805
0.18776724 , -1.972844 , 0.8262982
0.11837057 , -1.6463422 , 0.68458784
0.119087085 , -1.0521822 , 0.63231605
0.13686454 , -0.707478 , 0.56749994
0.13321596 , 0.074261524 , 0.4330468
0.10178374 , -0.56985325 , 0.58860695
0.121653505 , -0.95853883 , 0.6427545
0.15020482 , -1.4106312 , 0.7277785
0.15067936 , -2.513998 , 0.7073161
0.11291908 , -1.311677 , 0.6615798
0.12652886 , -0.90625787 , 0.6070191
0.13985512 , -0.46347812 , 0.5251645
0.077889666 , -0.11604215 , 0.55858827
0.11103401 , -0.76838386 , 0.61126053
0.13046043 , -1.1151543 , 0.67442715
0.18020903 , -1.8325341 , 0.79608357
0.12092031 , -1.7933668 , 0.69028807
0.11654078 , -1.1009532 , 0.6390605
0.13404699 , -0.74832773 , 0.5768805
0.13552034 , -0.05908437 , 0.4548557
0.09589713 , -0.48341238 , 0.5828011
0.11881472 , -0.91840637 , 0.6365473
0.14528504 , -1.3419458 , 0.71530944
0.24940076 , -2.6313963 , 0.92408943
0.113207355 , -1.4005908 , 0.66747564
0.12403242 , -0.94383425 , 0.61457497
0.13886099 , -0.5264092 , 0.5377305
0.06725612 , 0.050865337 , 0.5496848
0.10759074 , -0.7110388 , 0.60599726
0.1280012 , -1.0716643 , 0.6664602
0.17226645 , -1.7131729 , 0.7733049
0.12562637 , -1.968046 , 0.69256043
0.11488921 , -1.1574943 , 0.6453982
0.13160394 , -0.7878165 , 0.585947
0.13702051 , -0.17062236 , 0.47757882
0.08950929 , -0.38311154 , 0.5770304
0.11617639 , -0.8750254 , 0.6306694
0.14146374 , -1.280066 , 0.7039685
0.22634986 , -2.3775337 , 0.868133
0.11400271 , -1.5046202 , 0.67237324
0.121474504 , -0.984889 , 0.6217824
0.13720793 , -0.5827226 , 0.54976696
0.053721305 , 0.2514116 , 0.5443183
0.10332909 , -0.6456041 , 0.6009705
0.12530872 , -1.0288807 , 0.65903574
0.16511908 , -1.6100527 , 0.75454986
0.1321755 , -2.1779532 , 0.6882978
0.11372092 , -1.2231432 , 0.6511842
0.12911987 , -0.8270719 , 0.59462297
0.13754427 , -0.26593283 , 0.4979736
0.08187559 , -0.26661557 , 0.5718024
0.11320172 , -0.8274065 , 0.62514824
0.13796614 , -1.2234186 , 0.6936644
0.21023403 , -2.1785018 , 0.82980955
0.11576099 , -1.6264826 , 0.6756427
0.11916593 , -1.0306517 , 0.62855846
0.135291 , -0.63421106 , 0.5611338
0.12735288 , 0.27791473 , 0.3998617
0.09837879 , -0.5706142 , 0.5963236
0.12255627 , -0.9855876 , 0.6521521
0.15896416 , -1.5196719 , 0.7385888
0.14247788 , -2.4354112 , 0.67619604
0.113040976 , -1.2994249 , 0.6562121
0.12659022 , -0.8672123 , 0.6028403
0.1372578 , -0.34881252 , 0.5156853
0.07259303 , -0.13082497 , 0.56821305
0.109746546 , -0.7744891 , 0.62004054
0.13460855 , -1.1705573 , 0.6843088
0.19746463 , -2.0145624 , 0.8012557
0.22401486 , -3.4218996 , 0.6043826
0.30096835 , -4.208964 , 0.6407075
0.43315557 , -4.8711457 , 0.86396134
0.35458827 , -4.149981 , 0.78277737
0.2887839 , -3.352153 , 0.7746955
-0.119977854 , 1.8305644 , 0.87444943
0.05107224 , -0.22818258 , 0.8757877
0.24902439 , -2.381657 , 0.8737395
0.40339643 , -4.3771124 , 0.86909866
0.16673222 , -1.6145548 , 0.74680096
0.12456523 , -1.0180144 , 0.6591045
0.098732516 , -0.5963444 , 0.603376
0.03938049 , 0.38679805 , 0.5640302
0.25542688 , -2.9628391 , 0.7100645
0.10978131 , -0.83387655 , 0.7045465
-0.03044331 , 1.2768003 , 0.7151685
0.13162887 , 0.08047236 , 0.45552298
0.13235019 , -0.69639504 , 0.57526916
0.1165592 , -1.1018695 , 0.6366859
0.119965956 , -1.8261662 , 0.67526484
0.19415799 , -1.9696201 , 0.79257923
0.13359678 , -1.15456 , 0.6815116
0.10832198 , -0.7542311 , 0.6187225
0.06857556 , -0.076968536 , 0.56852424
0.13687663 , -0.3713892 , 0.5213572
0.12567857 , -0.88044757 , 0.6055144
0.11294595 , -1.3293163 , 0.65749335
0.14817871 , -2.5402021 , 0.6697168
0.31249893 , -3.9729729 , 0.8828227
0.30892077 , -3.9026437 , 0.888219
0.22545794 , -3.0499873 , 0.85165566
0.29108328 , -3.5580304 , 0.9039667
0.28659615 , -3.475729 , 0.9101063
0.2367871 , -3.2681096 , 0.83672667
0.22283426 , -2.8657813 , 0.86894417
0.21029194 , -3.590941 , 0.7268941
0.21545953 , -3.6915448 , 0.7206002
0.23137398 , -3.0847096 , 0.8170354
0.23048455 , -4.0669026 , 0.7111026
0.23612705 , -4.172259 , 0.70724845
0.23983842 , -3.276986 , 0.7990513
0.30455297 , -4.552925 , 0.7913551
0.34244877 , -4.476041 , 0.8785088
0.2252873 , -2.9159057 , 0.79121256
0.31966633 , -4.1222 , 0.87560546
0.31481427 , -4.0429378 , 0.87225336
0.23406453 , -3.1235805 , 0.78078455
0.29360515 , -3.6784284 , 0.8722925
0.28844208 , -3.5901015 , 0.87031025
0.2430123 , -3.3183596 , 0.77211624
0.22815779 , -2.9774954 , 0.76599246
0.2279636 , -3.697861 , 0.6739499
0.44179848 , -5.940231 , 0.721554
0.3562744 , -5.1619806 , 0.6016161
0.4069514 , -5.7545276 , 0.66031903
0.37006912 , -5.008456 , 0.6865012
0.29390046 , -4.2894945 , 0.61654824
0.22705942 , -3.5412014 , 0.6264698
0.45047727 , -5.6454825 , 0.7956412
0.38968217 , -5.088808 , 0.772667
0.29570365 , -3.6330726 , 0.8007599
0.36076123 , -4.376117 , 0.7741999
0.43827286 , -5.0948033 , 0.8435522
0.33678132 , -4.6964903 , 0.6543295
0.26398328 , -3.9692595 , 0.60222906
0.2896104 , -3.540321 , 0.81274015
0.35381734 , -4.2930326 , 0.7712455
0.4301556 , -5.0128746 , 0.836225
0.34154207 , -4.729598 , 0.6603261
0.2678252 , -4.0019417 , 0.6041396
0.28365344 , -3.4464889 , 0.82774454
0.34697783 , -4.20918 , 0.76882327
0.4221286 , -4.930977 , 0.8291782
0.3463932 , -4.762768 , 0.6665231
0.2717909 , -4.035204 , 0.6066655
0.27798465 , -3.352384 , 0.846654
0.3402456 , -4.1245637 , 0.7669775
0.41419452 , -4.849082 , 0.82240397
0.35132784 , -4.7959423 , 0.67292464
0.2758573 , -4.068673 , 0.6097012
0.2106732 , -3.2870433 , 0.653582
0.33360434 , -4.0388074 , 0.7657704
0.40635782 , -4.767181 , 0.81590027
0.35634094 , -4.8290925 , 0.6795383
0.28002906 , -4.102537 , 0.613177
0.21294096 , -3.3161623 , 0.63796616
0.3270583 , -3.9520128 , 0.7652588
0.15944941 , -2.3455153 , 0.2911542
0.15023482 , -1.7555178 , 0.28779608
0.13110082 , -1.2792827 , 0.2818312
0.10527805 , -0.95489883 , 0.27521378
0.1587679 , -2.1710112 , 0.28809768
0.14647025 , -1.6162963 , 0.28428558
0.12530874 , -1.1838702 , 0.2781976
0.09758377 , -0.9021002 , 0.2714507
0.15720852 , -2.007581 , 0.2849911
0.14207953 , -1.4892915 , 0.28072104
0.11911889 , -1.1001673 , 0.27459437
0.16305636 , -2.4119158 , 0.28369442
0.15479606 , -1.8550723 , 0.28183216
0.13713962 , -1.3744403 , 0.2771197
0.11248775 , -1.0278312 , 0.27098703
0.16261289 , -2.2417977 , 0.28082323
0.15160355 , -1.7133894 , 0.27860567
0.1317181 , -1.2716064 , 0.27350262
0.10527425 , -0.96670526 , 0.2673264
0.16159417 , -2.0820436 , 0.27794024
0.14771304 , -1.5825533 , 0.2752934
0.12586151 , -1.1805754 , 0.26988652
0.0973233 , -0.91681284 , 0.263569
0.1597513 , -1.9321965 , 0.27504605
0.14320512 , -1.4627031 , 0.27188575
0.119574994 , -1.1010852 , 0.26627526
0.16801642 , -2.2774076 , 0.27291718
0.15707889 , -1.7918589 , 0.2721207
0.13815294 , -1.3540382 , 0.2683876
0.112790614 , -1.032883 , 0.2626543
0.16699769 , -2.1241634 , 0.27018923
0.1536457 , -1.6608201 , 0.26912543
0.13261583 , -1.2567378 , 0.26481703
0.1053367 , -0.97578114 , 0.25899136
0.16550331 , -1.9803075 , 0.26750413
0.14953707 , -1.5391424 , 0.2660177
0.12662947 , -1.1708943 , 0.2611985
0.09705247 , -0.9296785 , 0.2552482
0.16324715 , -1.8450384 , 0.26484683
0.14483306 , -1.4271494 , 0.26276833
0.12018682 , -1.0964788 , 0.25755432
0.17435549 , -2.1285713 , 0.26187506
0.16019751 , -1.7177141 , 0.26217565
0.13959798 , -1.3253254 , 0.25937018
0.113205045 , -1.0333382 , 0.25389597
0.17264964 , -1.9934112 , 0.25931615
0.15642127 , -1.5980339 , 0.25942466
0.13387653 , -1.2341858 , 0.25583655
0.10548719 , -0.9812253 , 0.25021574
0.1705408 , -1.8665109 , 0.25685975
0.15200855 , -1.4861429 , 0.25652695
0.12768926 , -1.1541629 , 0.25219616
0.09681662 , -0.93984807 , 0.24648668
0.16773865 , -1.7466955 , 0.25447106
0.12629002 , -0.98561424 , 0.2153464
0.08418114 , -0.9296434 , 0.20888278
0.18473189 , -1.2586108 , 0.21735197
0.15268321 , -1.0881915 , 0.21727425
0.1174603 , -0.9518623 , 0.210989
0.2135891 , -1.2676468 , 0.21047932
0.17828788 , -1.1946142 , 0.21571542
0.14548418 , -1.0300295 , 0.2138946
0.10766974 , -0.93084425 , 0.20650277
0.20694228 , -1.2268522 , 0.20975694
0.171646 , -1.1314094 , 0.21361426
0.13772604 , -0.9803759 , 0.21013178
0.09663183 , -0.9220525 , 0.2021869
0.19993287 , -1.1825554 , 0.20918357
0.16476579 , -1.0708901 , 0.21106315
0.12926307 , -0.9407551 , 0.20597933
0.08375675 , -0.92283595 , 0.19839191
0.1927633 , -1.1338582 , 0.20826238
0.15756966 , -1.0147911 , 0.20808181
0.119909845 , -0.9127037 , 0.20144232
0.22630356 , -1.0835807 , 0.2007654
0.18556273 , -1.0824139 , 0.20675847
0.14995828 , -0.9647093 , 0.20467944
0.10944499 , -0.8976354 , 0.19659115
0.21819481 , -1.0633308 , 0.20071451
0.17829742 , -1.0305845 , 0.20468058
0.14180468 , -0.92217255 , 0.200858
0.09759543 , -0.8961977 , 0.19170952
0.20985955 , -1.0356963 , 0.20068614
0.17087212 , -0.9804539 , 0.20207724
0.13294049 , -0.8886975 , 0.1966145
0.08375448 , -0.90653926 , 0.18745223
0.2016818 , -1.0008798 , 0.19994572
0.16318442 , -0.9337925 , 0.19897793
0.12313748 , -0.86584944 , 0.19193979
0.24020927 , -0.89287984 , 0.19229989
0.19370206 , -0.9619442 , 0.19838208
0.15512365 , -0.89218926 , 0.19540165
0.112085745 , -0.85532635 , 0.18682195
0.23037858 , -0.89328456 , 0.19316642
0.18577245 , -0.9217052 , 0.19610515
0.14655629 , -0.85713327 , 0.19136438
0.099373035 , -0.858953 , 0.18132558
0.22062548 , -0.88127005 , 0.19358018
0.17775217 , -0.8822865 , 0.19319142
0.13730872 , -0.83005846 , 0.18687928
0.0843324 , -0.87757206 , 0.17605117
0.21146193 , -0.85982096 , 0.19260892
0.16952379 , -0.84543806 , 0.1896972
0.12714304 , -0.8123787 , 0.18194713
0.25512555 , -0.6965671 , 0.18622999
0.20268594 , -0.8334628 , 0.19049025
0.16097163 , -0.81272215 , 0.1856791
0.115716286 , -0.8055709 , 0.17654644
0.15160991 , -1.7127256 , 0.27966353
0.12435236 , -1.1567861 , 0.28923103
0.19149815 , -3.2861922 , 0.2644135
0.17190161 , -2.306429 , 0.2706786
0.14537807 , -1.5552292 , 0.2806752
0.11826595 , -1.0622861 , 0.28978148
0.18953037 , -3.0234594 , 0.2642641
0.1664533 , -2.097488 , 0.27178934
0.138909 , -1.4140832 , 0.2816007
0.11258053 , -0.9804605 , 0.2899965
0.18624237 , -2.771857 , 0.264412
0.16056003 , -1.9061475 , 0.27288222
0.13232 , -1.2887977 , 0.28242856
0.10723637 , -0.90946573 , 0.28988865
0.1816762 , -2.5338435 , 0.26489058
0.15430878 , -1.7321087 , 0.2739056
0.12574852 , -1.1786201 , 0.28310356
0.100810945 , -0.84818417 , 0.28954786
0.17628098 , -2.3113043 , 0.26561964
0.14777511 , -1.5748895 , 0.2748422
0.11932321 , -1.0823437 , 0.28354886
0.19602522 , -2.9934833 , 0.26004824
0.17033991 , -2.1053438 , 0.2664838
0.14104 , -1.4339312 , 0.27568245
0.11312004 , -0.99845177 , 0.28372788
0.19208637 , -2.7494605 , 0.26006243
0.16400772 , -1.9163564 , 0.267384
0.13419616 , -1.3085519 , 0.27640155
0.10705767 , -0.9256269 , 0.28367877
0.1869988 , -2.5185158 , 0.26030794
0.15737575 , -1.744242 , 0.26825503
0.12733822 , -1.1978256 , 0.2769538
0.10017366 , -0.86319584 , 0.28347516
0.18109411 , -2.3021557 , 0.2607621
0.15051162 , -1.5886066 , 0.26905918
0.120537296 , -1.1005534 , 0.27729705
0.20313706 , -2.94374 , 0.25588053
0.17466137 , -2.1013978 , 0.26135743
0.14347914 , -1.4488716 , 0.26976866
0.11381631 , -1.0154781 , 0.27743003
0.19843021 , -2.7090044 , 0.25578013
0.167877 , -1.9167266 , 0.26201862
0.13634285 , -1.3242761 , 0.27035093
0.107086405 , -0.9416572 , 0.27739838
0.19278102 , -2.4869754 , 0.25582653
0.16084285 , -1.748179 , 0.26268327
0.12915786 , -1.2138534 , 0.27077022
0.09970131 , -0.87870187 , 0.27726182
0.18635964 , -2.2787528 , 0.25602585
0.15362239 , -1.5954665 , 0.2633049
0.12195165 , -1.1164995 , 0.2710071
0.21095471 , -2.874855 , 0.2517529
0.1794327 , -2.0851378 , 0.25634626
0.14626218 , -1.4580613 , 0.26384526
0.20751919 , -1.5389549 , 0.22227862
0.16039053 , -1.2149692 , 0.22388956
0.112172425 , -0.9885382 , 0.2279631
0.2500289 , -1.7530972 , 0.22270632
0.19713767 , -1.4367466 , 0.22079104
0.1500435 , -1.1396976 , 0.22323175
0.099424444 , -0.95146835 , 0.22702926
0.23820423 , -1.6493841 , 0.22081643
0.18684389 , -1.3412752 , 0.2194754
0.13921644 , -1.0756745 , 0.22260848
0.08616313 , -0.9243244 , 0.22587106
0.22674902 , -1.5499716 , 0.21882582
0.1765319 , -1.2535882 , 0.2183457
0.1277087 , -1.0232238 , 0.22193034
0.27441344 , -1.7043947 , 0.2205057
0.21562026 , -1.4544148 , 0.21687654
0.16607656 , -1.1748357 , 0.21738951
0.115293436 , -0.98218334 , 0.22108789
0.26102442 , -1.6142459 , 0.21852674
0.20472594 , -1.3631381 , 0.2150807
0.15532567 , -1.1061466 , 0.21657649
0.10173542 , -0.951824 , 0.21997845
0.2482752 , -1.5276864 , 0.21627071
0.1939516 , -1.2771816 , 0.21349001
0.14408827 , -1.0485233 , 0.21585245
0.087261535 , -0.9309467 , 0.21852715
0.23610333 , -1.4432433 , 0.2139039
0.18318106 , -1.1978616 , 0.2121102
0.13212554 , -1.002669 , 0.2151219
0.28736615 , -1.5359946 , 0.21693924
0.22438163 , -1.3605962 , 0.21161486
0.1722912 , -1.1265564 , 0.21092725
0.11914922 , -0.9687005 , 0.21423477
0.27275038 , -1.4657301 , 0.2146313
0.21294859 , -1.2805294 , 0.20952335
0.16113508 , -1.0646304 , 0.20991996
0.104837574 , -0.945836 , 0.21300747
0.2590552 , -1.3967794 , 0.21197498
0.20165914 , -1.2044318 , 0.20766215
0.14952147 , -1.0133893 , 0.20905396
0.089111395 , -0.9323099 , 0.21128203
0.2461665 , -1.327473 , 0.20921834
0.19039355 , -1.1338532 , 0.20601948
0.13719064 , -0.9739614 , 0.2082566
0.30109274 , -1.3581706 , 0.21384661
0.23383883 , -1.257833 , 0.20660128
0.17903633 , -1.0703248 , 0.20457566
0.12379007 , -0.9469798 , 0.2073737
0.2851993 , -1.30848 , 0.21117385
0.22183442 , -1.1891724 , 0.20422646
0.16745345 , -1.0153446 , 0.2033155
0.10886935 , -0.9320002 , 0.20613903
0.270567 , -1.2573642 , 0.20806602
0.20998825 , -1.1232485 , 0.20208828
0.1554701 , -0.9703998 , 0.20222598
0.09199651 , -0.9268956 , 0.20423238
0.25697803 , -1.2031 , 0.20490718
0.19818471 , -1.0617864 , 0.2001528
0.14283852 , -0.9369494 , 0.20127948
0.31557786 , -1.1719836 , 0.21148406
0.24402523 , -1.1464128 , 0.20197503
0.18631846 , -1.0063964 , 0.19839357
0.12918255 , -0.916247 , 0.20038322
0.2983653 , -1.1434485 , 0.20838183
0.231406 , -1.0893084 , 0.19930837
0.17426993 , -0.9586201 , 0.19679746
0.11392224 , -0.9087313 , 0.19927171
0.2828488 , -1.1100675 , 0.20473854
0.21895501 , -1.0338619 , 0.19684783
0.161888 , -0.9199869 , 0.19536422
0.09622419 , -0.9127274 , 0.19742005
0.2685821 , -1.0704455 , 0.20116578
0.20656703 , -0.9818944 , 0.19454102
0.14896381 , -0.8920671 , 0.19410542
0.33082676 , -0.978479 , 0.21027696
0.25496396 , -1.026567 , 0.19790408
0.19414626 , -0.9350354 , 0.1923587
0.13517062 , -0.8764994 , 0.19302993
0.31226382 , -0.9715765 , 0.20661376
0.24167243 , -0.9811705 , 0.19486246
0.18158537 , -0.89481115 , 0.19029047
0.11991761 , -0.87481356 , 0.19205078
0.29596925 , -0.955318 , 0.2022983
0.22856356 , -0.93650633 , 0.19193454
0.16875367 , -0.86270237 , 0.18834192
0.10203731 , -0.88721883 , 0.19066156
0.28101346 , -0.92965674 , 0.19827789
0.21554336 , -0.8944087 , 0.18906803
0.15548234 , -0.84019274 , 0.18653685
0.07928378 , -0.90913683 , 0.18760851
0.2666505 , -0.89848375 , 0.19452392
0.20252286 , -0.8564875 , 0.18624598
0.14153023 , -0.8288528 , 0.18493025
0.3269961 , -0.79370844 , 0.20656398
0.25261685 , -0.864996 , 0.19080375
0.18940276 , -0.824225 , 0.18346955
0.12647395 , -0.8305395 , 0.18364024
0.31002507 , -0.7930304 , 0.20134377
0.23879755 , -0.8314244 , 0.18704681
0.17606637 , -0.7990125 , 0.18073435
0.10928453 , -0.8476722 , 0.18278106
0.29423404 , -0.78070253 , 0.19642562
0.2250979 , -0.79957664 , 0.18329985
0.16236581 , -0.7821872 , 0.17803693
0.086179644 , -0.88110495 , 0.1811931
0.27903068 , -0.7623232 , 0.19121961
0.211445 , -0.7709661 , 0.17954051
0.14812703 , -0.77498114 , 0.17526509
0.16550876 , -3.3962603 , 0.33474776
0.17750198 , -3.2488596 , 0.29994294
0.2083653 , -2.421363 , 0.25697246
0.2681431 , -1.2623205 , 0.21140662
0.16718727 , -3.4619265 , 0.32748106
0.18271816 , -3.1104872 , 0.29030517
0.2205996 , -2.1661696 , 0.24573344
0.2871952 , -0.9687472 , 0.20315614
0.16989715 , -3.4663775 , 0.31930396
0.1894592 , -2.9355457 , 0.28022826
0.23474036 , -1.8928292 , 0.23441881
0.30773652 , -0.67450255 , 0.19929056
0.17324333 , -3.418611 , 0.31060025
0.19791847 , -2.7282236 , 0.26971495
0.2507219 , -1.6057882 , 0.22334489
0.16112432 , -3.4461362 , 0.3356216
0.17740361 , -3.3241253 , 0.301467
0.2082351 , -2.4928055 , 0.25880873
0.26842147 , -1.3094767 , 0.21303302
0.16518003 , -3.5214546 , 0.32864207
0.18269953 , -3.1873653 , 0.29190966
0.22048593 , -2.233667 , 0.24760908
0.287672 , -1.0081562 , 0.20441039
0.16924505 , -3.5331275 , 0.32061613
0.18943606 , -3.0125654 , 0.2819128
0.23468168 , -1.9552709 , 0.23629539
0.308343 , -0.7054244 , 0.19954824
0.17317759 , -3.490732 , 0.31201616
0.19785734 , -2.8040056 , 0.27147582
0.25076446 , -1.6621487 , 0.22516267
0.15473391 , -3.4934797 , 0.33656088
0.1775447 , -3.399895 , 0.30297065
0.20813662 , -2.5660548 , 0.2606346
0.2686051 , -1.3588415 , 0.21469297
0.16381106 , -3.5794086 , 0.32969883
0.18286625 , -3.2651498 , 0.29349688
0.22037488 , -2.3031626 , 0.2494789
0.287994 , -1.0497497 , 0.20573424
0.16926698 , -3.5990906 , 0.32188335
0.18954627 , -3.0908298 , 0.28358227
0.23460005 , -2.0198588 , 0.23817381
0.3085933 , -0.7386681 , 0.20007694
0.17360768 , -3.5627081 , 0.3134063
0.19788377 , -2.8813202 , 0.2732235
0.2507643 , -1.7207533 , 0.22699326
0.15385617 , -3.5374265 , 0.3370788
0.1780357 , -3.476047 , 0.30445573
0.20808615 , -2.641084 , 0.26245007
0.2687385 , -1.4104946 , 0.21638389
0.16478594 , -3.6353273 , 0.33066782
0.18327719 , -3.3437505 , 0.29506862
0.22027832 , -2.3746479 , 0.25134292
0.28829756 , -1.0936424 , 0.20712309
0.17047048 , -3.663989 , 0.32311454
0.18982302 , -3.1702719 , 0.28523752
0.23450619 , -2.0866067 , 0.24005271
0.30908704 , -0.7743072 , 0.20078914
0.17472143 , -3.6343534 , 0.3147765
0.19801721 , -2.960118 , 0.27495855
0.25073576 , -1.7816405 , 0.22883478
0.33443514 , -0.437667 , 0.2039126
0.2022163 , -4.3680363 , 0.32569447
0.20577161 , -3.7972307 , 0.28856453
0.25417376 , -2.4187467 , 0.24379618
0.3478198 , -0.72214234 , 0.20285188
0.20412529 , -3.7612073 , 0.37921926
0.18571788 , -3.6655827 , 0.38002524
0.21920565 , -4.166944 , 0.37766016
0.20679668 , -4.0625563 , 0.37582022
0.1938455 , -3.9462922 , 0.37416968
0.18084195 , -3.8184938 , 0.37251335
0.20289831 , -4.3216863 , 0.37177557
0.19349499 , -4.1819806 , 0.3688013
0.18380791 , -4.0346065 , 0.36579072
0.17442839 , -3.8811607 , 0.3626706
0.16613191 , -3.723554 , 0.3593651
0.1808363 , -4.2026033 , 0.35864896
0.17453276 , -4.0313263 , 0.35467297
0.16827388 , -3.8585353 , 0.35061926
0.16255292 , -3.6855903 , 0.34646368
0.15810078 , -3.513783 , 0.34218812
0.16729458 , -3.9384255 , 0.3411817
0.16387126 , -3.7525716 , 0.33652082
0.16054231 , -3.5695646 , 0.33179888
0.1577564 , -3.390279 , 0.3270057
0.16345172 , -3.759901 , 0.32576054
0.16251516 , -3.5666687 , 0.32066083
0.16139142 , -3.3785775 , 0.3155198
0.16034243 , -3.19625 , 0.310332
0.15970379 , -3.0202649 , 0.30509567
0.16518715 , -3.305791 , 0.3033108
0.16606438 , -3.1170533 , 0.29783157
0.16668577 , -2.9357822 , 0.29232475
0.16729051 , -2.7624173 , 0.28679606
0.16810763 , -2.597341 , 0.28125107
0.17526695 , -2.7901516 , 0.2789484
0.17744948 , -2.6137094 , 0.27319148
0.17927052 , -2.4465988 , 0.26744422
0.18092558 , -2.289099 , 0.26172403
0.18959428 , -2.4033632 , 0.2591338
0.19315918 , -2.235335 , 0.25322276
0.19612771 , -2.077999 , 0.24736647
0.19854066 , -1.9315375 , 0.24159852
0.20061691 , -1.7959714 , 0.23596397
0.21424948 , -1.8067065 , 0.23290512
0.21832605 , -1.6626714 , 0.2271412
0.22136395 , -1.5306549 , 0.22155556
0.22360386 , -1.4104953 , 0.21620278
0.22539227 , -1.301833 , 0.21113639
0.24639328 , -1.2091031 , 0.20796147
0.24994037 , -1.0947003 , 0.20306435
0.25202093 , -0.99257326 , 0.19851416
0.25311366 , -0.9022879 , 0.19435512
0.28078616 , -0.7326332 , 0.19243613
0.28503585 , -0.638721 , 0.18947636
0.28679383 , -0.556362 , 0.1872157
0.28705448 , -0.48467037 , 0.18603554
0.14975755 , -3.6513171 , 0.29231995
0.1829649 , -4.149988 , 0.29225415
0.18023115 , -4.061487 , 0.29068688
0.17711811 , -3.96177 , 0.28830242
0.17286493 , -3.8489716 , 0.28517795
0.16730541 , -3.72367 , 0.28197262
0.19558361 , -4.227582 , 0.28118825
0.19396105 , -4.092762 , 0.2786087
0.19108292 , -3.9495382 , 0.27597815
0.18736172 , -3.7996979 , 0.2734852
0.21006548 , -4.2912354 , 0.27148005
0.20954277 , -4.1278486 , 0.26936135
0.2076296 , -3.9610097 , 0.26728055
0.2048854 , -3.7922213 , 0.26529276
0.20212817 , -3.622979 , 0.26343745
0.22514603 , -4.068876 , 0.26128817
0.22412789 , -3.8853743 , 0.2595199
0.22220163 , -3.7034316 , 0.25778612
0.21991004 , -3.5240555 , 0.2561035
0.21789692 , -3.3481824 , 0.25447044
0.24156585 , -3.7256987 , 0.252454
0.24045101 , -3.5360913 , 0.25080878
0.23872563 , -3.3513696 , 0.2491686
0.23681547 , -3.1721935 , 0.24753293
0.26073113 , -3.4869702 , 0.24573809
0.260471 , -3.2945387 , 0.24410224
0.25934938 , -3.1088605 , 0.24244611
0.25771672 , -2.9304297 , 0.24076983
0.25587848 , -2.7596955 , 0.23906694
0.2829687 , -2.9840305 , 0.237515
0.28242818 , -2.8013577 , 0.23584116
0.2811067 , -2.627438 , 0.2341393
0.2792376 , -2.4626186 , 0.23240003
0.27706873 , -2.3071609 , 0.230602
0.30845973 , -2.4341474 , 0.22941333
0.30741233 , -2.2683158 , 0.22775045
0.30548885 , -2.1129189 , 0.22605258
0.30293334 , -1.9681008 , 0.22428952
0.33758536 , -2.0130084 , 0.2233969
0.33684173 , -1.858809 , 0.2218838
0.33481032 , -1.7163101 , 0.22036217
0.33177102 , -1.5855092 , 0.21879311
0.32808375 , -1.4661989 , 0.21714948
0.3690423 , -1.40641 , 0.2169901
0.3669677 , -1.2802609 , 0.21583629
0.36340535 , -1.1665525 , 0.21473664
0.35883978 , -1.0649014 , 0.21369942
0.35375834 , -0.9748268 , 0.21272093
0.40074396 , -0.81746405 , 0.2133314
0.39663357 , -0.7232113 , 0.21321985
0.39114305 , -0.6405076 , 0.21355267
0.38490984 , -0.568651 , 0.21457689
0.43449482 , -0.3509744 , 0.21565962
0.103603765 , -0.72344464 , 0.34931153
0.10477685 , -0.74174947 , 0.34568757
0.08207673 , -0.6503238 , 0.33896005
0.08362351 , -0.6647385 , 0.33545667
0.08507542 , -0.6784364 , 0.33208072
0.0860521 , -0.6915105 , 0.3291521
0.08696754 , -0.7040628 , 0.32631382
0.08766863 , -0.71619666 , 0.32368147
0.08836766 , -0.7280117 , 0.3210662
0.08900694 , -0.7395937 , 0.3185123
0.08965749 , -0.75101715 , 0.31594494
0.090316065 , -0.762346 , 0.31337363
0.09099877 , -0.77363634 , 0.3107607
0.09171754 , -0.7849397 , 0.30810976
0.076203056 , -0.6997741 , 0.30066466
0.07694125 , -0.71307194 , 0.29775873
0.07767194 , -0.7265208 , 0.29480726
0.07840594 , -0.74007136 , 0.2917854
0.07915118 , -0.75367504 , 0.2886964
0.07991405 , -0.7672828 , 0.28552824
0.080700696 , -0.78084475 , 0.2822845
0.08151708 , -0.7943099 , 0.27895933
0.08236997 , -0.80762583 , 0.2755548
0.0832658 , -0.8207391 , 0.27206862
0.08421359 , -0.83359593 , 0.2684994
0.08521974 , -0.8461437 , 0.2648466
0.06485465 , -0.8017833 , 0.25487202
0.06558722 , -0.8178133 , 0.25086617
0.06629827 , -0.83312017 , 0.24681984
0.06701099 , -0.84761214 , 0.24270937
0.06774017 , -0.8612042 , 0.2385467
0.068510726 , -0.8738154 , 0.2343049
0.069328986 , -0.88536704 , 0.23001036
0.070220776 , -0.895783 , 0.22563122
0.07118559 , -0.9049872 , 0.22120799
0.07223546 , -0.912903 , 0.21671733
0.07338226 , -0.91944987 , 0.21219946
0.07463509 , -0.9245404 , 0.20762815
0.045460816 , -0.94316787 , 0.19377682
0.046777837 , -0.94827676 , 0.189167
0.047785595 , -0.9514165 , 0.1843987
0.049233768 , -0.9527157 , 0.18004109
0.050484095 , -0.95219415 , 0.1754342
0.05210883 , -0.9497561 , 0.17130789
0.053425867 , -0.9449518 , 0.16737014
0.0886182 , -0.69488275 , 0.3311711
0.09054782 , -0.7125265 , 0.3275855
0.09258437 , -0.7290782 , 0.32400075
0.09395467 , -0.744283 , 0.32108223
0.09511968 , -0.7582353 , 0.31830972
0.07723994 , -0.6657706 , 0.31210378
0.078791656 , -0.6781552 , 0.30899462
0.0801331 , -0.69024277 , 0.30600926
0.081102155 , -0.70211506 , 0.3033442
0.08190757 , -0.7138395 , 0.3007516
0.08255563 , -0.72546923 , 0.29828733
0.08310596 , -0.73704755 , 0.29583842
0.08359336 , -0.74861 , 0.29342097
0.08402916 , -0.76018506 , 0.29097414
0.0844409 , -0.77179587 , 0.28850046
0.08481893 , -0.78346044 , 0.28595927
0.08516477 , -0.7951941 , 0.28334358
0.06913282 , -0.71647686 , 0.27524585
0.06923978 , -0.73090583 , 0.2726177
0.069403104 , -0.7453793 , 0.2699856
0.06962781 , -0.7598305 , 0.26731923
0.069918714 , -0.7741938 , 0.26460427
0.070281215 , -0.7884051 , 0.26182574
0.070718326 , -0.80240035 , 0.25897402
0.07123283 , -0.8161154 , 0.256042
0.0718254 , -0.8294858 , 0.25301945
0.07249257 , -0.8424465 , 0.24990308
0.0732305 , -0.8549326 , 0.24667694
0.07402279 , -0.86687815 , 0.24333636
0.052328825 , -0.8371046 , 0.23453586
0.0527115 , -0.8521877 , 0.23130679
0.05332602 , -0.866222 , 0.22803177
0.05415569 , -0.8791212 , 0.22465415
0.055204608 , -0.8908028 , 0.22119133
0.056460503 , -0.9011907 , 0.21759002
0.057930358 , -0.9102149 , 0.21389675
0.05957337 , -0.91781145 , 0.21007593
0.061393764 , -0.9239196 , 0.20621029
0.06332416 , -0.92847323 , 0.20227924
0.06540475 , -0.93139815 , 0.19837782
0.06766859 , -0.9325893 , 0.19439718
0.03997388 , -0.96324 , 0.18678223
0.042320736 , -0.9633871 , 0.18298025
0.044813983 , -0.9619573 , 0.17912754
0.047844928 , -0.95879704 , 0.17517303
0.0771974 , -0.6386332 , 0.33283466
0.17700723 , -1.2925036 , 0.49429423
0.15014201 , -1.2051758 , 0.49500766
0.12494451 , -1.1705406 , 0.49016032
0.19623005 , -1.2935184 , 0.49546963
0.16978006 , -1.2575727 , 0.49698138
0.14360455 , -1.1798408 , 0.49678335
0.11971574 , -1.1911827 , 0.49085778
0.18856142 , -1.2579962 , 0.49736813
0.16275223 , -1.2264638 , 0.49981472
0.13743769 , -1.1648033 , 0.4980947
0.114811935 , -1.2295666 , 0.4915418
0.18141682 , -1.2313873 , 0.49973357
0.15600048 , -1.19846 , 0.50257206
0.13169074 , -1.1632046 , 0.4989405
0.109483555 , -1.2863041 , 0.4923164
0.17442606 , -1.2106518 , 0.5025731
0.14956053 , -1.174363 , 0.50501233
0.12642209 , -1.1781865 , 0.49940252
0.1927243 , -1.1404892 , 0.50233203
0.16760783 , -1.1927949 , 0.5057834
0.14345868 , -1.1565305 , 0.50693274
0.12166033 , -1.2124434 , 0.4996178
0.18504812 , -1.1304955 , 0.50449836
0.16103244 , -1.1756378 , 0.5091532
0.13773805 , -1.1485599 , 0.50821453
0.11728635 , -1.267959 , 0.4997404
0.17811394 , -1.1277268 , 0.50727296
0.15473351 , -1.1585228 , 0.5123962
0.13246413 , -1.1547397 , 0.5088439
0.11270296 , -1.345938 , 0.4999107
0.17151289 , -1.1282463 , 0.5106511
0.14872111 , -1.1427188 , 0.5152137
0.12770948 , -1.179428 , 0.50890833
0.1062331 , -1.4468391 , 0.5002485
0.16518201 , -1.128338 , 0.51448387
0.14302328 , -1.1313896 , 0.5173603
0.12351798 , -1.2264993 , 0.5085706
0.1810778 , -0.9993937 , 0.51119596
0.15911707 , -1.1254638 , 0.5184908
0.13771151 , -1.1291837 , 0.51868665
0.11981692 , -1.2989686 , 0.5080284
0.1744492 , -1.0224437 , 0.51445436
0.15329006 , -1.1190863 , 0.5223128
0.13289338 , -1.1416243 , 0.51915526
0.11615705 , -1.3988299 , 0.50747174
0.1683358 , -1.04571 , 0.5184719
0.14767826 , -1.1110402 , 0.52559716
0.12868026 , -1.1744491 , 0.51884115
0.11107939 , -1.5270495 , 0.50706625
0.16258748 , -1.0646436 , 0.5230383
0.14231902 , -1.1053575 , 0.5280672
0.12514429 , -1.232977 , 0.51791924
0.17666428 , -0.86452794 , 0.51731783
0.15709972 , -1.0763708 , 0.52778566
0.12061122 , -1.4638089 , 0.64584893
0.13940969 , -0.23639543 , 0.50808257
0.13804483 , -0.819154 , 0.5830026
0.11909011 , -1.0827452 , 0.6321339
0.12878977 , -1.713464 , 0.65520096
0.14289348 , -0.43273145 , 0.52521414
0.13265894 , -0.87896556 , 0.5966341
0.11564933 , -1.1793137 , 0.64568794
0.14514458 , -2.0746334 , 0.6609706
0.14234866 , -0.5720582 , 0.54190505
0.12691884 , -0.9384225 , 0.6107681
0.11422292 , -1.313244 , 0.660305
0.1371816 , -3.0636125 , 0.3130536
0.15279071 , -2.1475768 , 0.32576922
0.13984928 , -1.4724692 , 0.33611456
0.12160063 , -0.987631 , 0.3416106
0.14749108 , -2.795662 , 0.32032034
0.15039042 , -1.9526538 , 0.33190292
0.13555822 , -1.3378856 , 0.3407471
0.118078075 , -0.89270043 , 0.34539202
0.15116753 , -2.5491328 , 0.3268434
0.14730817 , -1.776424 , 0.33765748
0.13127053 , -1.2157245 , 0.34514737
0.11651462 , -0.8060819 , 0.3496096
0.152016 , -2.3228505 , 0.33314484
0.14376985 , -1.6173344 , 0.34305677
0.12713078 , -1.1044048 , 0.34935513
0.12063285 , -0.7330805 , 0.3554994
0.15119046 , -2.1165092 , 0.33924374
0.13994806 , -1.4737293 , 0.3481324
0.12335575 , -1.0024261 , 0.3534055
0.14459127 , -2.7183068 , 0.3361443
0.14926542 , -1.9293942 , 0.34510186
0.13599291 , -1.343898 , 0.35291174
0.120384745 , -0.90869725 , 0.3574224
0.14866386 , -2.484862 , 0.3420355
0.1238998 , -1.00308 , 0.3596151
0.1438465 , -2.6578214 , 0.3439576
0.14853081 , -1.9012649 , 0.35213906
0.13585025 , -1.3362752 , 0.35939327
0.121269174 , -0.9116189 , 0.36370027
0.14775068 , -2.4321961 , 0.34968913
0.14599217 , -1.7376972 , 0.3576008
0.13208504 , -1.2220327 , 0.363872
0.12029175 , -0.8297852 , 0.36822405
0.14904873 , -2.2254043 , 0.3552306
0.14294867 , -1.5904835 , 0.36281058
0.12854742 , -1.1179842 , 0.36811313
0.12199243 , -0.7610556 , 0.37347654
0.14875059 , -2.036789 , 0.36069676
0.1395973 , -1.4580803 , 0.36775038
0.12550241 , -1.0228987 , 0.37220117
0.14143965 , -2.5639198 , 0.35894558
0.14735128 , -1.8658501 , 0.36606893
0.13611753 , -1.3388338 , 0.37241673
0.123326235 , -0.93649596 , 0.37633875
0.14555162 , -2.3514802 , 0.3644874
0.1451731 , -1.7117858 , 0.37129188
0.13269493 , -1.2311035 , 0.37682375
0.12246837 , -0.86004007 , 0.38078633
0.1471415 , -2.1577413 , 0.36980346
0.14246012 , -1.5734473 , 0.37631577
0.12954539 , -1.1334344 , 0.38101506
0.123188734 , -0.7954292 , 0.38557565
0.14717422 , -1.9815651 , 0.37500465
0.13941965 , -1.4494286 , 0.38110822
0.12693483 , -1.0448649 , 0.3850925
0.13912813 , -2.4592402 , 0.37379265
0.1461183 , -1.8222308 , 0.3801159
0.13624899 , -1.3381987 , 0.38565794
0.12515938 , -0.9653474 , 0.38922247
0.14335491 , -2.260727 , 0.37912023
0.14427204 , -1.6789443 , 0.38510728
0.12823495 , -1.5384618 , 0.46760386
0.13798237 , -1.3611681 , 0.46767756
0.13217565 , -1.2075474 , 0.46962336
0.13353084 , -1.1380787 , 0.4739069
0.13202909 , -1.4641463 , 0.47129455
0.13705307 , -1.3072004 , 0.4711599
0.13085279 , -1.179098 , 0.47395623
0.13681509 , -1.149426 , 0.47820866
0.13490961 , -1.4010098 , 0.47482204
0.13543272 , -1.2605455 , 0.47471118
0.13051985 , -1.1629907 , 0.478508
0.14016782 , -1.1736164 , 0.48236516
0.13657027 , -1.3470869 , 0.47814405
0.13346078 , -1.2215096 , 0.47847328
0.13156825 , -1.1606715 , 0.4832084
0.124917135 , -1.4001179 , 0.48277074
0.13700919 , -1.3003823 , 0.48130238
0.1315684 , -1.1913699 , 0.48256058
0.13426128 , -1.1732286 , 0.48795635
0.12928112 , -1.3477774 , 0.4861779
0.13635282 , -1.2593931 , 0.4844195
0.13024929 , -1.17215 , 0.48702645
0.13852291 , -1.201266 , 0.4926499
0.13286138 , -1.3051046 , 0.48934332
0.13484824 , -1.2235895 , 0.48767397
0.13001733 , -1.1662176 , 0.49184862
0.14343025 , -1.2449381 , 0.4972088
0.13516434 , -1.2695817 , 0.4922406
0.1328688 , -1.1937088 , 0.49125624
0.13135366 , -1.1758394 , 0.49693832
0.1212496 , -1.2564864 , 0.49816963
0.13608843 , -1.2387636 , 0.49494407
0.13089922 , -1.1717501 , 0.49531817
0.134623 , -1.2028365 , 0.50216806
0.12634818 , -1.2278496 , 0.50127774
0.1357249 , -1.2109311 , 0.4976257
0.12950249 , -1.1606684 , 0.49993372
0.13988374 , -1.2484198 , 0.50740397
0.13073918 , -1.2071967 , 0.5040364
0.13433075 , -1.1856751 , 0.50052226
0.1292777 , -1.1638693 , 0.50508267
0.14643183 , -1.31319 , 0.51252645
0.1337654 , -1.1912792 , 0.50644356
0.13231803 , -1.1642205 , 0.5038791
0.13080831 , -1.1846625 , 0.5106609
0.11713941 , -1.1076058 , 0.51384294
0.13522315 , -1.1770777 , 0.50861776
0.13022539 , -1.1493752 , 0.50789046
0.13458028 , -1.2258253 , 0.51651084
0.123194605 , -1.1046555 , 0.51661986
0.13517258 , -1.1626122 , 0.51079375
0.12868063 , -1.1451392 , 0.5126586
0.14081049 , -1.2893629 , 0.52245796
0.12853095 , -1.1077584 , 0.51891273
0.13389158 , -1.1476263 , 0.51327556
0.12836495 , -1.1561129 , 0.5181766
0.14903933 , -1.3764579 , 0.5283341
0.13236542 , -1.1127539 , 0.5207535
0.13183936 , -1.1339029 , 0.51636505
0.12997077 , -1.1868651 , 0.52433574
0.1124809 , -0.95323247 , 0.52981895
0.13439955 , -1.115939 , 0.5223207
0.12960602 , -1.1251234 , 0.5202979
0.13412626 , -1.2413874 , 0.5309506
0.11977136 , -0.9782716 , 0.53221005
0.13467693 , -1.1150701 , 0.5239279
0.12787044 , -1.1263826 , 0.52520794
0.14123686 , -1.32273 , 0.5377982
0.12621175 , -1.0070734 , 0.53395617
0.13351789 , -1.1101305 , 0.52595484
0.12737891 , -1.1435548 , 0.5311166
0.15112348 , -1.4328581 , 0.544651
0.13093942 , -1.0343796 , 0.53513813
0.13144284 , -1.1035688 , 0.5287549
0.1289264 , -1.1826376 , 0.53793234
0.16228451 , -1.5726426 , 0.5512846
0.13357967 , -1.0557238 , 0.5360164
0.12908983 , -1.0999839 , 0.5325928
0.13329977 , -1.2491201 , 0.5454585
0.11601653 , -0.84860677 , 0.54800975
0.1341886 , -1.0686657 , 0.537006
0.12716718 , -1.1055287 , 0.5376295
0.14113154 , -1.3474411 , 0.5534221
0.123742044 , -0.90526575 , 0.549097
0.1331635 , -1.0736115 , 0.5385693
0.126454 , -1.1273 , 0.54392856
0.15257233 , -1.4806534 , 0.56151974
0.12944081 , -0.9563348 , 0.5495044
0.13110608 , -1.0738431 , 0.5410968
0.12781975 , -1.172777 , 0.55144984
0.16649738 , -1.6503305 , 0.5694442
0.13269427 , -0.99654317 , 0.54960734
0.12869875 , -1.0749134 , 0.54485846
0.13220836 , -1.2492056 , 0.56002593
0.111851156 , -0.7152805 , 0.56390345
0.13362052 , -1.0234327 , 0.5499537
0.1266547 , -1.0839095 , 0.5500256
0.1405199 , -1.362868 , 0.5693526
0.12106179 , -0.802192 , 0.5641768
0.1327427 , -1.0381465 , 0.5510921
0.12574388 , -1.1089386 , 0.55670816
0.15330648 , -1.5183942 , 0.5790302
0.12779172 , -0.87849426 , 0.56365967
0.13076606 , -1.0450481 , 0.55342495
0.12685736 , -1.1588104 , 0.5649544
0.16997805 , -1.7183967 , 0.5886315
0.13163097 , -0.93812567 , 0.5628955
0.12841226 , -1.0506805 , 0.55719393
0.13105555 , -1.242639 , 0.57469535
0.107179545 , -0.57776237 , 0.57963616
0.13283867 , -0.97895616 , 0.5626081
0.12637796 , -1.0628822 , 0.5625547
0.13952126 , -1.3690635 , 0.58566207
0.118087105 , -0.6975471 , 0.5788788
0.13212541 , -1.0033529 , 0.56342596
0.12538636 , -1.090426 , 0.56965196
0.1533029 , -1.5450771 , 0.59736115
0.12587239 , -0.80048287 , 0.57723755
0.13031493 , -1.017075 , 0.5657236
0.12628463 , -1.1430492 , 0.57864004
0.17256029 , -1.7749656 , 0.60916996
0.13022095 , -0.8798201 , 0.5755122
0.12815635 , -1.02768 , 0.5696792
0.13015833 , -1.2315083 , 0.5896259
0.10187829 , -0.43512505 , 0.5947254
0.13165483 , -0.934366 , 0.5746553
0.12631547 , -1.0435581 , 0.5754104
0.13840948 , -1.3671347 , 0.6025139
0.11469598 , -0.59066707 , 0.59262943
0.1311365 , -0.9683955 , 0.57534266
0.1254511 , -1.0737703 , 0.58307266
0.15265025 , -1.5603839 , 0.61681575
0.12349587 , -0.7214729 , 0.5895893
0.12960128 , -0.98938 , 0.57786465
0.12631953 , -1.1284093 , 0.59290516
0.17407422 , -1.818544 , 0.6316313
0.12821521 , -0.82038724 , 0.5868158
0.12780167 , -1.0058578 , 0.58231163
0.12991616 , -1.2191865 , 0.6052205
0.095796905 , -0.28631654 , 0.6083045
0.12981601 , -0.88819224 , 0.5855368
0.12636478 , -1.0265818 , 0.58875954
0.13767838 , -1.3598145 , 0.6202689
0.11071588 , -0.4807508 , 0.6044157
0.12955375 , -0.9319252 , 0.58638835
0.12589186 , -1.0606159 , 0.5973605
0.15167898 , -1.5651894 , 0.637869
0.12037512 , -0.64026535 , 0.59959054
0.12842947 , -0.96096015 , 0.5895097
0.12704894 , -1.1179004 , 0.60839087
0.17441818 , -1.8480701 , 0.65694547
0.12526236 , -0.75800806 , 0.59572273
0.12716366 , -0.98466206 , 0.5949044
0.13067858 , -1.2101524 , 0.6223006
0.08874074 , -0.12966481 , 0.6189049
0.1270032 , -0.8384456 , 0.59429306
0.12634183 , -1.0119754 , 0.6026305
0.13801952 , -1.3521308 , 0.6397334
0.10587252 , -0.36649045 , 0.6125205
0.12711005 , -0.8922282 , 0.5957207
0.12652841 , -1.0518308 , 0.6128512
0.15117864 , -1.5627445 , 0.6612736
0.11604831 , -0.5548094 , 0.60537934
0.12655815 , -0.9305036 , 0.59994173
0.12834017 , -1.1137954 , 0.6258616
0.17382075 , -1.8632925 , 0.6864165
0.12087913 , -0.6898921 , 0.6005092
0.12600166 , -0.96316993 , 0.6069058
0.13251324 , -1.2089558 , 0.6421487
0.20994355 , -2.2679772 , 0.7120676
0.12283133 , -0.78249055 , 0.5993805
0.12598766 , -0.9992164 , 0.61668915
0.14002514 , -1.3513663 , 0.6625413
0.09969156 , -0.2464222 , 0.6140591
0.12348806 , -0.8472172 , 0.6019281
0.1270639 , -1.0474199 , 0.62949693
0.15248962 , -1.5608001 , 0.68846697
0.10977543 , -0.46204874 , 0.60401666
0.12368992 , -0.89640075 , 0.60788155
0.12983967 , -1.1170288 , 0.6456813
0.17355056 , -1.866731 , 0.7216075
0.114454396 , -0.61235374 , 0.5986934
0.124012195 , -0.9401141 , 0.6171448
0.13503842 , -1.2185254 , 0.6658101
0.21226501 , -2.3038092 , 0.75979185
0.11686111 , -0.71739084 , 0.59870416
0.12497282 , -0.98729527 , 0.62976384
0.14356722 , -1.3647314 , 0.6908342
0.09113708 , -0.118151 , 0.6040934
0.118314505 , -0.79470927 , 0.6032854
0.12711212 , -1.0466174 , 0.645912
0.15667869 , -1.5729672 , 0.72252876
0.10035969 , -0.35653546 , 0.5913858
0.11947443 , -0.8569046 , 0.61187893
0.13104174 , -1.1271787 , 0.6659382
0.17675261 , -1.8709507 , 0.76484704
0.10522726 , -0.52073485 , 0.5878792
0.120860144 , -0.91396457 , 0.62405086
0.13750128 , -1.2392317 , 0.6905111
0.21304773 , -2.315571 , 0.82584286
0.10851712 , -0.6399872 , 0.59178454
0.122960724 , -0.9747266 , 0.6393599
0.14742775 , -1.3951019 , 0.7207638
0.1672419 , -3.0062425 , 0.3650969
0.17191501 , -2.0646465 , 0.44108897
0.15264983 , -1.0587419 , 0.5118251
0.11970584 , -0.17439225 , 0.5699076
0.17012008 , -2.810255 , 0.38460493
0.16937862 , -1.824931 , 0.45828933
0.14538626 , -0.82562256 , 0.52837217
0.11037904 , 0.02546801 , 0.569318
0.17252584 , -2.597577 , 0.4030026
0.16547768 , -1.5812454 , 0.47533372
0.13725218 , -0.5960129 , 0.5442447
0.10040342 , 0.22177906 , 0.5471012
0.17353475 , -2.3702254 , 0.4208338
0.16028354 , -1.3359408 , 0.49227643
0.12835595 , -0.37073103 , 0.55844533
0.16276833 , -3.0938053 , 0.36169645
0.17292707 , -2.1316733 , 0.438297
0.15388109 , -1.0907122 , 0.5091027
0.11878494 , -0.14982818 , 0.56870073
0.16831343 , -2.8943868 , 0.38157427
0.17071438 , -1.8852701 , 0.45551315
0.14635834 , -0.8467615 , 0.5256973
0.10859815 , 0.06729845 , 0.5700969
0.17237638 , -2.6778364 , 0.4001464
0.16697639 , -1.634094 , 0.47259688
0.13779959 , -0.60480726 , 0.5417277
0.09783538 , 0.2835226 , 0.55216587
0.17429352 , -2.4456024 , 0.417965
0.16180624 , -1.3804328 , 0.48950803
0.128291 , -0.36553404 , 0.5562453
0.1563859 , -3.1843762 , 0.35847405
0.17420845 , -2.20129 , 0.43554246
0.15529215 , -1.1258404 , 0.50640035
0.117890276 , -0.12884061 , 0.5673464
0.167175 , -2.9810705 , 0.37858713
0.17229521 , -1.9482646 , 0.45275354
0.14751169 , -0.87131476 , 0.52302176
0.10660983 , 0.10573988 , 0.57051677
0.1728904 , -2.7606332 , 0.39707187
0.16870116 , -1.6897099 , 0.46973756
0.13852622 , -0.61726457 , 0.53909564
0.09429822 , 0.34190935 , 0.5565089
0.17554794 , -2.5235279 , 0.4155698
0.16354392 , -1.4278538 , 0.48701882
0.12839092 , -0.3641957 , 0.55418515
0.1558872 , -3.278437 , 0.35424325
0.17586967 , -2.2735076 , 0.43213212
0.17874947 , -0.01844234 , 0.06484765
0.12355516 , -0.65495586 , 0.14406838
0.15323777 , -0.26860407 , 0.09309819
0.19538961 , 0.15318513 , 0.043605093
0.13247883 , -0.49815086 , 0.12149814
0.16698672 , -0.10111048 , 0.07100908
0.21314658 , 0.31829587 , 0.023175139
0.14325444 , -0.33969614 , 0.09898521
0.18244807 , 0.064675406 , 0.04972573
0.12406549 , -0.5569975 , 0.12687878
0.15571828 , -0.17957774 , 0.0770756
0.1991474 , 0.22503647 , 0.029388102
0.13370445 , -0.40664917 , 0.10467592
0.17001852 , -0.019655947 , 0.055818476
0.11590625 , -0.61231095 , 0.13187642
0.14490268 , -0.25405395 , 0.08301324
0.18569344 , 0.13602898 , 0.035471085
0.12452937 , -0.4697011 , 0.110148214
0.15806068 , -0.10001088 , 0.061860416
0.10784799 , -0.66476095 , 0.13621512
0.13449411 , -0.3247339 , 0.08878743
0.1727579 , 0.051088516 , 0.04148935
0.11563977 , -0.52907085 , 0.1153822
0.14653176 , -0.17663547 , 0.067825094
0.099834904 , -0.7152186 , 0.13922623
0.12443245 , -0.3918506 , 0.09436359
0.16030885 , -0.029991135 , 0.0474655
0.1069331 , -0.58511436 , 0.12035104
0.13538785 , -0.24976975 , 0.07368583
0.17510326 , 0.1110023 , 0.027892135
0.11463314 , -0.45561317 , 0.09970901
0.14831302 , -0.10747733 , 0.053393785
0.09820042 , -0.6381689 , 0.12498804
0.12457638 , -0.31967488 , 0.07941624
0.16240403 , 0.030141126 , 0.03391384
0.10502729 , -0.51627725 , 0.1047962
0.13674551 , -0.18167253 , 0.05925878
0.08849396 , -0.6893233 , 0.12909776
0.11406044 , -0.3865843 , 0.08498967
0.15027143 , -0.04714473 , 0.039808042
0.095107466 , -0.5742177 , 0.10960885
0.12561005 , -0.25287604 , 0.06504671
0.081396 , -0.73885316 , 0.13191065
0.10374202 , -0.45072857 , 0.090380676
0.13870616 , -0.12120276 , 0.04562936
0.086173646 , -0.62941635 , 0.11415336
0.1149526 , -0.32146117 , 0.070746705
0.044093627 , -0.79712766 , 0.12858175
0.09395552 , -0.51255465 , 0.09556819
0.1277338 , -0.19231547 , 0.05137895
0.41428974 , 0.23026918 , 0.16685383
0.5055143 , 1.2789897 , 0.11295598
0.61459666 , 2.2799506 , 0.07271656
0.44857657 , 0.68406594 , 0.14119066
0.5468517 , 1.6976454 , 0.09376793
0.3966932 , 0.06011794 , 0.1734189
0.48561582 , 1.1152344 , 0.1185725
0.59161425 , 2.1115537 , 0.07721935
0.43013817 , 0.5190013 , 0.14736904
0.5256973 , 1.5331167 , 0.09886123
0.379327 , -0.109220065 , 0.17976277
0.46610564 , 0.95229214 , 0.124244094
0.5690733 , 1.9443306 , 0.08179817
0.41204628 , 0.35454124 , 0.15347448
0.5049657 , 1.3697138 , 0.10401478
0.36191174 , -0.27488995 , 0.18596299
0.44699353 , 0.7902755 , 0.12994619
0.5469754 , 1.7784606 , 0.08644877
0.3942938 , 0.19121827 , 0.15942538
0.48466155 , 1.2075872 , 0.10922313
0.59219265 , 2.1826274 , 0.071625315
0.42828223 , 0.62940437 , 0.13563882
0.5253279 , 1.6141052 , 0.09116558
0.37682018 , 0.03018484 , 0.16513884
0.46479136 , 1.0468785 , 0.114474155
0.56909776 , 2.0146098 , 0.07572766
0.409967 , 0.4700183 , 0.14126879
0.5041397 , 1.4514307 , 0.095942
0.35958457 , -0.1267259 , 0.17061695
0.4453587 , 0.88777715 , 0.11974761
0.5464737 , 1.8483844 , 0.079951614
0.3920329 , 0.31273142 , 0.1467762
0.48341867 , 1.2905923 , 0.10076938
0.34268105 , -0.27732763 , 0.17603979
0.42636436 , 0.73052716 , 0.12501419
0.5243329 , 1.6841466 , 0.08427413
0.37446466 , 0.15847883 , 0.15211332
0.4631707 , 1.1317672 , 0.10563564
0.32633114 , -0.41993815 , 0.18167852
0.40780583 , 0.5755092 , 0.1302368
0.5026875 , 1.5220798 , 0.08867293
0.35727343 , 0.008558511 , 0.15727875
0.4433999 , 0.9751536 , 0.110524245
0.5450262 , 1.9052967 , 0.07429693
0.3896808 , 0.42326307 , 0.13537651
0.4815477 , 1.3623675 , 0.09313181
0.34052747 , -0.13563606 , 0.16234227
0.4241087 , 0.821018 , 0.11541369
0.52238965 , 1.7411851 , 0.07814673
0.3719932 , 0.27454916 , 0.14040452
0.4609215 , 1.2051963 , 0.097636156
0.32433978 , -0.27286768 , 0.16742948
0.40529922 , 0.6697065 , 0.1202789
0.500291 , 1.579708 , 0.08213629
0.3547663 , 0.13028838 , 0.14531745
0.44081473 , 1.0507783 , 0.10217078
0.30882925 , -0.40229574 , 0.17265
0.3869756 , 0.5216894 , 0.12509505
0.47874168 , 1.4210578 , 0.08622051
0.33804926 , -0.008525219 , 0.15014645
0.42123222 , 0.8993633 , 0.10671897
0.2940807 , -0.5234267 , 0.17793556
0.36914885 , 0.3775547 , 0.12984402
0.45775086 , 1.26543 , 0.090371944
0.32191223 , -0.1409965 , 0.15495232
0.40217867 , 0.7512649 , 0.11126305
0.49666867 , 1.6226591 , 0.07632758
0.35184157 , 0.23799306 , 0.13452162
0.43732566 , 1.1130292 , 0.09457094
0.3064277 , -0.2664159 , 0.15980762
0.38366106 , 0.60686827 , 0.11578651
0.47473225 , 1.4650742 , 0.07998337
0.33509007 , 0.10372186 , 0.13914151
0.41747183 , 0.96408725 , 0.09880133
0.29165417 , -0.38430744 , 0.16476741
0.365691 , 0.46663445 , 0.120277345
0.45340356 , 1.3109561 , 0.08376089
0.31894052 , -0.024585228 , 0.14373341
0.3981947 , 0.8188703 , 0.103048995
0.27762657 , -0.49438488 , 0.16981821
0.34828717 , 0.33107892 , 0.1247313
0.43269 , 1.1604965 , 0.087622106
0.30344054 , -0.14636943 , 0.14833662
0.3795008 , 0.6776898 , 0.10730191
0.46926427 , 1.4930562 , 0.07437454
0.3314755 , 0.20073344 , 0.12915371
0.41259667 , 1.0138952 , 0.09154267
0.28862995 , -0.26121783 , 0.15299208
0.36139953 , 0.5409013 , 0.11155132
0.4476442 , 1.3405119 , 0.07774795
0.31528684 , 0.076101385 , 0.13355859
0.39312756 , 0.8713714 , 0.09550618
0.27453518 , -0.3688525 , 0.15773387
0.34390417 , 0.40888897 , 0.11579303
0.42668924 , 1.1920207 , 0.08124078
0.2997523 , -0.042390257 , 0.13796584
0.3742867 , 0.73316795 , 0.09950129
0.26116785 , -0.46912193 , 0.16257665
0.32703176 , 0.28204525 , 0.12002806
0.406403 , 1.0477458 , 0.08484016
0.28489795 , -0.15440357 , 0.14239766
0.35607937 , 0.5995498 , 0.10352033
0.24852501 , -0.56194836 , 0.16749778
0.31080183 , 0.16073729 , 0.1242621
0.38678685 , 0.9078579 , 0.08851817
0.27074176 , -0.25971255 , 0.14687584
0.33851257 , 0.470798 , 0.10755891
0.4191273 , 1.2067229 , 0.07533629
0.29523313 , 0.0452882 , 0.12850411
0.3678407 , 0.7725327 , 0.092258215
0.25729105 , -0.35817176 , 0.15142092
0.32159546 , 0.34719148 , 0.11161557
0.39871407 , 1.064897 , 0.07858774
0.2803413 , -0.0640551 , 0.13276456
0.34956443 , 0.6419588 , 0.09605072
0.24454421 , -0.44973293 , 0.1560536
0.30533773 , 0.22899486 , 0.11569119
0.3790127 , 0.9277252 , 0.081968494
0.26613554 , -0.16711016 , 0.13705389
0.33195847 , 0.5163262 , 0.09989029
0.23248978 , -0.53438634 , 0.16080189
0.28974864 , 0.11642966 , 0.11978814
0.3600181 , 0.79532284 , 0.0854495
0.25261855 , -0.26378444 , 0.1413816
0.31502384 , 0.3958258 , 0.103773944
0.22110787 , -0.61220604 , 0.16571663
0.27483445 , 0.009676509 , 0.12390933
0.34172395 , 0.6678023 , 0.089013994
0.23978479 , -0.3540339 , 0.14575641
0.29876193 , 0.28062764 , 0.107699834
0.36968288 , 0.9307661 , 0.075708896
0.2605975 , -0.091153905 , 0.12805758
0.3241233 , 0.5452796 , 0.0926537
0.2276233 , -0.43789795 , 0.15018983
0.28317317 , 0.17088118 , 0.11166637
0.3507141 , 0.80148166 , 0.078930825
0.24703409 , -0.1859968 , 0.13223523
0.3072095 , 0.42786136 , 0.09636439
0.21611613 , -0.5154334 , 0.15471071
0.2682562 , 0.06668804 , 0.11567149
0.3324687 , 0.67717695 , 0.08227061
0.23413566 , -0.27486363 , 0.13644361
0.29097536 , 0.31564686 , 0.100143194
0.20524117 , -0.58677983 , 0.15940484
0.25400603 , -0.031883813 , 0.11971227
0.31493238 , 0.5578907 , 0.085711114
0.22188711 , -0.35779518 , 0.14068258
0.27541345 , 0.20870714 , 0.10398704
0.33987063 , 0.79145235 , 0.07246537
0.24041434 , -0.12482965 , 0.12378493
0.29809028 , 0.44366106 , 0.08924633
0.21026988 , -0.43490997 , 0.14495084
0.26051444 , 0.10709364 , 0.107891515
0.32175502 , 0.67067903 , 0.075637646
0.2274676 , -0.21217576 , 0.1278852
0.28192735 , 0.33451146 , 0.09287413
0.19926006 , -0.50633156 , 0.14925277
0.2462672 , 0.010811452 , 0.11185043
0.3043548 , 0.5549159 , 0.07890383
0.21514878 , -0.29401833 , 0.13200843
0.26642784 , 0.23045616 , 0.09659256
0.1888327 , -0.57226974 , 0.15363179
0.23265694 , -0.08016017 , 0.11585559
0.2876475 , 0.444126 , 0.08227496
0.20343567 , -0.37047035 , 0.13614886
0.2515752 , 0.13147977 , 0.10039809
0.17895745 , -0.63291335 , 0.1582796
0.21966635 , -0.16589701 , 0.119896986
0.27161047 , 0.3382741 , 0.08575055
0.1923039 , -0.441722 , 0.1402973
0.23735066 , 0.037548456 , 0.104284905
0.2924041 , 0.537617 , 0.07199248
0.20727389 , -0.24649434 , 0.12396371
0.25622088 , 0.2373061 , 0.08933418
0.18172428 , -0.5079659 , 0.1444382
0.22373332 , -0.05141327 , 0.10824415
0.27590027 , 0.4306682 , 0.075275265
0.19545618 , -0.32210928 , 0.12804484
0.24145515 , 0.14115912 , 0.09302741
0.17166758 , -0.569493 , 0.14855233
0.21069847 , -0.13549814 , 0.112263784
0.26004928 , 0.3284893 , 0.078636274
0.1841861 , -0.39290717 , 0.13212965
0.22728834 , 0.04973701 , 0.096828595
0.16210164 , -0.62658477 , 0.15266481
0.19821891 , -0.21484491 , 0.11632868
0.24482308 , 0.23097937 , 0.082092285
0.17343599 , -0.45913288 , 0.13620576
0.2136924 , -0.03707296 , 0.10073247
0.1529973 , -0.6796659 , 0.1571499
0.18626364 , -0.2895953 , 0.120421626
0.23019366 , 0.13801669 , 0.08566132
0.16317397 , -0.521039 , 0.14025308
0.20063584 , -0.11942488 , 0.10472954
0.2473125 , 0.30707678 , 0.0713299
0.1748004 , -0.35994065 , 0.124525174
0.14906429 , -0.44903517 , 0.12556942
0.1857524 , -0.08715902 , 0.08967253
0.1302629 , -0.6395672 , 0.14468586
0.16046134 , -0.3074968 , 0.109695785
0.19969445 , 0.058105674 , 0.074565955
0.13829604 , -0.50963014 , 0.12972826
0.17309487 , -0.16335844 , 0.093640596
0.120876394 , -0.6906998 , 0.14816879
0.14883919 , -0.3752063 , 0.11394017
0.18638438 , -0.02193795 , 0.07814177
0.12760493 , -0.56696403 , 0.13387437
0.16085564 , -0.23625249 , 0.097744286
0.11277353 , -0.74143326 , 0.1504839
0.13743421 , -0.43981156 , 0.11821021
0.17363442 , -0.09848449 , 0.081863806
0.11714612 , -0.6213617 , 0.13800535
0.14899218 , -0.30610713 , 0.10196633
0.18673822 , 0.033634398 , 0.06679379
0.12618311 , -0.50153947 , 0.12248972
0.1614475 , -0.17185201 , 0.085762575
0.10578324 , -0.67354673 , 0.14211206
0.13750508 , -0.37312493 , 0.1062844
0.17417859 , -0.042334408 , 0.070297696
0.11501612 , -0.5606973 , 0.1267817
0.14984302 , -0.24248342 , 0.0898442
0.09158327 , -0.7211889 , 0.14620446
0.12652351 , -0.43775982 , 0.11067479
0.16238731 , -0.11500751 , 0.073907256
0.2750696 , -0.5151312 , 0.17758644
0.21247599 , -0.62132066 , 0.16816631
0.15457197 , -0.67236817 , 0.1588388
0.07078679 , -0.7987604 , 0.13744143
0.48387173 , 1.7835238 , 0.044510443
0.36266616 , 1.0649787 , 0.044293664
0.245285 , 0.40509766 , 0.04409653
0.31257683 , -0.39865857 , 0.18407463
0.015087449 , 0.46195215 , 0.6813157
-0.058403857 , 1.3480211 , 0.77548903
0.06443708 , -0.08634496 , 0.5910877
-0.017168725 , 0.85293704 , 0.72969115
-0.09068565 , 1.6391379 , 0.82101977
0.024962774 , 0.3113422 , 0.6743507
-0.047622703 , 1.1832837 , 0.77154404
0.07332317 , -0.19872028 , 0.5851192
-0.00723848 , 0.6956946 , 0.7249046
-0.078428574 , 1.4670473 , 0.8170567
0.03475717 , 0.17072377 , 0.66738534
-0.03672482 , 1.0210371 , 0.767502
-0.111230284 , 1.7251922 , 0.8701739
0.0027538452 , 0.5435399 , 0.7199401
-0.066008344 , 1.296465 , 0.8130729
0.044267904 , 0.04065955 , 0.66062593
-0.02574758 , 0.86172205 , 0.7633593
-0.09690724 , 1.5428566 , 0.8656954
0.012742964 , 0.39731967 , 0.71484244
-0.053461637 , 1.1276861 , 0.8090565
0.053326976 , -0.07884932 , 0.654252
-0.014732164 , 0.70583963 , 0.7591178
-0.082367405 , 1.3613605 , 0.8612893
0.02264528 , 0.25774148 , 0.70967686
-0.04082887 , 0.9610449 , 0.8049989
0.061819635 , -0.18805969 , 0.6484062
-0.0037249746 , 0.5538826 , 0.7547866
-0.067658976 , 1.1810038 , 0.85695386
0.032369386 , 0.12540166 , 0.70452285
-0.028153475 , 0.7968789 , 0.8008948
0.06968151 , -0.2875235 , 0.6431966
0.007223971 , 0.40636456 , 0.7503832
-0.052833457 , 1.0020937 , 0.8526541
0.041821804 , 0.0006680639 , 0.6994652
-0.015480353 , 0.6355503 , 0.7967433
0.076888695 , -0.3778362 , 0.63870496
0.018059911 , 0.2637508 , 0.745934
