0.5612751 , -7.677667 , 0.051483884
0.6405399 , -6.621798 , -0.0031364283
0.65501827 , -5.808591 , -0.07245333
0.6195758 , -6.194362 , -0.13917843
0.5665426 , -6.2743382 , 0.043203138
0.40433446 , -7.8995037 , 0.12375877
0.5801678 , -6.9058943 , -0.1864369
0.5787836 , -7.0138774 , -0.18636271
0.63014305 , 2.404321 , -0.116401136
0.48542318 , 3.7056198 , -0.032681733
0.67094636 , -6.29703 , -0.10586122
0.6680016 , 0.93349075 , -0.04326751
0.7096765 , -1.2094234 , -0.022891544
0.70648706 , -3.7125828 , -0.009524988
0.6104355 , -5.992183 , -0.20753154
0.68737197 , -3.4014335 , -0.2174277
0.712075 , -6.9495964 , -0.020286841
0.71228546 , -6.8838806 , -0.019071806
0.6558651 , -6.6723022 , -0.10589659
0.62010086 , 1.6876469 , -0.050847117
0.7166673 , -2.581734 , -0.21767703
0.80679905 , -0.18994631 , -0.20680195
0.87208784 , 1.7549369 , -0.18612225
0.79471225 , 2.7926638 , -0.20394829
0.70594454 , -3.9329858 , -0.008720122
0.6133548 , -5.8214984 , -0.21253324
0.6943142 , -3.1999578 , -0.21937028
0.78565854 , -0.7174199 , -0.2116576
0.7140011 , -7.438231 , -0.027707096
0.66523045 , -6.4882965 , -0.110445715
0.6536664 , 1.3338369 , -0.044679128
0.7084966 , -0.798768 , -0.02483729
0.8264135 , 0.36997864 , -0.205106
0.8707888 , 2.248914 , -0.18490234
0.89986175 , 3.4627924 , -0.21236862
0.65890986 , -6.6999307 , -0.10848493
0.6285038 , -5.2215414 , -0.21821587
0.71596515 , -2.579206 , -0.22069365
0.8061506 , -0.1367739 , -0.21045698
0.8730532 , 1.8851899 , -0.19182345
0.6665246 , -6.3235865 , -0.11093052
0.6768421 , 0.92310023 , -0.038649537
0.7122406 , -1.3586777 , -0.020286612
0.70641434 , -3.951878 , -0.008676638
0.660618 , 2.6942313 , -0.11963064
0.9304109 , 4.1401696 , -0.20768999
0.66677165 , -6.544239 , -0.11142875
0.65507364 , 1.4383179 , -0.042569373
0.7917111 , -0.47523198 , -0.21516173
0.86736923 , 1.6701357 , -0.19831397
0.552193 , 3.0064623 , -0.13358144
0.48269275 , 3.793407 , -0.030432003
0.57119656 , -7.5110626 , -0.19211964
0.56900465 , -7.6199684 , -0.1930683
0.51717395 , 2.684929 , -0.049004845
0.6861282 , 0.7217678 , -0.035250854
0.7135159 , -1.6457707 , -0.018030329
0.7006435 , 0.11804521 , -0.029484225
0.7132701 , -2.3664799 , -0.014233281
0.70354414 , -5.0561123 , -0.00693954
0.83511907 , 0.7470876 , -0.20966397
0.8630451 , 2.7451584 , -0.19819468
0.92196345 , 4.110116 , -0.21048129
0.66717863 , -6.428762 , -0.11403728
0.6756499 , 1.1201054 , -0.037037056
0.71421057 , -1.94528 , -0.016022855
0.70359504 , -5.0677423 , -0.0070346603
0.6539932 , -4.4133835 , -0.22593546
0.7585917 , -1.3274056 , -0.22250935
0.8555735 , 1.3752862 , -0.20656413
0.5804565 , 3.1718853 , -0.12222497
0.4654136 , 3.7191978 , -0.029328527
0.67615014 , 1.1489903 , -0.036388863
0.7068598 , -0.2258271 , -0.025864078
0.710788 , -3.2222042 , -0.010745511
0.61246186 , -6.270741 , -0.22081926
0.6963569 , -3.1137025 , -0.22729227
0.801132 , -0.12969239 , -0.21819422
0.8761307 , 2.387152 , -0.20291054
0.9124143 , 4.0677905 , -0.21108535
0.7100265 , -7.25341 , -0.024762483
0.7094664 , -7.1824594 , -0.023485404
0.7094796 , -3.5525372 , -0.009728474
0.7126408 , -6.2875743 , -0.009588543
0.65383136 , -4.4306664 , -0.22800688
0.7434848 , -1.727634 , -0.22587873
0.8312688 , 0.73115504 , -0.2143293
0.8687806 , 2.8420024 , -0.20646554
0.48089513 , 4.1259336 , -0.021051593
0.49057126 , 4.506722 , -0.025879731
0.9357948 , 4.690924 , -0.20942189
0.7103715 , -7.0125523 , -0.020424383
0.57998115 , -7.9206896 , 0.28846323
0.61629975 , -7.9404197 , 0.2692503
0.618981 , -9.165202 , 0.1297516
0.64927304 , -8.398073 , 0.12879996
0.65890664 , -8.794852 , -0.11273806
0.6197652 , -8.180176 , -0.24620643
0.59865105 , -6.970607 , -0.21488796
0.55990225 , -9.87664 , 0.1812548
0.69505304 , -8.255151 , 0.016602531
0.665428 , -8.785765 , 0.09856675
0.60300934 , -8.509242 , 0.22291854
0.6894705 , -8.438872 , 0.03473224
0.6530785 , -8.751021 , 0.1298464
0.58106863 , -8.287512 , 0.2612077
0.6171287 , -7.9750776 , -0.24883322
0.7119576 , -7.013055 , -0.018169966
0.6954736 , -8.16844 , 0.016588824
0.65636647 , -8.717085 , 0.12516186
0.5873471 , -8.301474 , 0.25590798
0.65212935 , -8.366334 , 0.117124036
0.7024964 , -7.6726594 , -0.0047666654
0.683235 , -8.521495 , 0.05654396
0.6401663 , -8.6291485 , 0.16427381
0.6985091 , -7.930278 , 0.007851044
0.67516035 , -8.589859 , 0.082171366
0.62378544 , -8.496782 , 0.20125604
0.63288605 , -8.234917 , -0.23071182
0.60924774 , -7.213528 , -0.23866765
0.7026963 , -7.5912733 , -0.0046314145
0.67729235 , -8.535987 , 0.078260966
0.62852836 , -8.48671 , 0.1958886
0.634612 , -7.9967327 , 0.24364664
0.7112489 , -7.0277743 , -0.01589789
0.6943381 , -8.097598 , 0.02387645
0.666451 , -8.562835 , 0.11148967
0.70522296 , -7.32822 , -0.009876674
0.6892381 , -8.257106 , 0.04353602
0.6550875 , -8.524965 , 0.1442488
0.64821017 , -8.363755 , -0.18793002
0.61790586 , -7.5977554 , -0.2501129
0.7117797 , -6.9553533 , -0.015289548
0.6905285 , -8.187621 , 0.040484555
0.6584379 , -8.4928665 , 0.13937987
0.5923456 , -8.121618 , 0.27241775
0.6129292 , -6.9190273 , -0.23366635
0.7013666 , -7.5559344 , 0.0004720254
0.683732 , -8.321202 , 0.06698418
0.7189545 , -6.6853776 , -0.014574796
0.6978212 , -7.7857504 , 0.014327603
0.67643815 , -8.376934 , 0.09424654
0.65996176 , -8.36971 , -0.1204908
0.6313075 , -7.879244 , -0.23833051
0.6142165 , -6.8458962 , -0.23447661
0.70148826 , -7.4723287 , 0.000574091
0.68513274 , -8.23622 , 0.06696739
0.64741874 , -8.350298 , 0.18006998
0.59765434 , -7.8616257 , 0.29322708
0.6647287 , -8.320281 , -0.00069158373
0.64914113 , -8.193786 , -0.18805954
0.62034607 , -7.4305377 , -0.2504987
0.7105656 , -6.809114 , -0.014083161
0.7028973 , -7.2644205 , -0.004001267
0.6891195 , -8.090597 , 0.056427848
0.6570779 , -8.306826 , 0.16446525
0.581099 , -7.934301 , 0.29739997
0.701176 , -7.3866878 , 0.002458843
0.68641067 , -8.127082 , 0.07062074
0.65130174 , -8.253185 , 0.18551192
0.6339974 , -7.8701043 , 0.264808
0.6996348 , -7.4970365 , 0.010131133
0.68348056 , -8.149109 , 0.086063914
0.6451945 , -8.19144 , 0.20729221
1.8647926 , -5.1239557 , 0.3492761
0.810755 , -7.0540347 , 0.2756636
0.93985945 , -6.2030296 , 0.281886
1.0924531 , -5.419358 , 0.29285264
1.0320307 , -1.3971825 , 0.12984805
0.7415225 , 6.619408 , 0.07961015
1.0674613 , 4.860447 , 0.18568107
1.6490986 , -1.0784801 , 0.30413824
0.9690551 , -0.12177092 , 0.07733338
0.78037965 , 6.679429 , 0.09583963
1.1426946 , 4.238877 , 0.2039235
1.7813375 , -2.3672845 , 0.3262074
0.9125369 , 1.0651401 , 0.027210928
0.8239902 , 6.636444 , 0.112543166
1.2262754 , 3.502111 , 0.2222983
1.9279536 , -3.7842948 , 0.35229895
0.8635926 , 2.1628885 , -0.02016361
0.87288874 , 6.48744 , 0.12965754
1.3188534 , 2.6523507 , 0.2407888
1.2340224 , -4.55069 , 0.26610965
0.82290435 , 3.1657708 , -0.06418598
0.942312 , 6.128168 , 0.15145011
1.4474273 , 1.4199414 , 0.26415145
1.1338689 , -2.6160011 , 0.18693899
0.7836793 , 4.268306 , -0.114092864
0.75027984 , 6.9087453 , -0.2665909
0.81883675 , 5.451708 , -0.26263124
0.5519537 , 5.1891603 , 0.0024951359
0.7666549 , 6.931862 , 0.09286539
1.0575998 , 5.3601637 , 0.18268567
1.6603545 , -0.5716317 , 0.29768234
1.0071583 , -0.2218631 , 0.093349904
0.74984545 , 5.5689363 , -0.17340323
1.133971 , 4.751868 , 0.20114082
1.800953 , -1.8668107 , 0.31905776
0.9412371 , 1.0195936 , 0.041145667
0.7403037 , 6.152964 , -0.2019994
1.2189636 , 4.023041 , 0.21881998
1.9608892 , -3.2793794 , 0.34047666
0.88429606 , 2.1718192 , -0.007390712
0.7368805 , 6.626795 , -0.2258211
1.3132812 , 3.1778479 , 0.23721392
1.7400512 , -4.925873 , 0.3359123
0.83729 , 3.2255297 , -0.051860135
0.73881125 , 6.9835663 , -0.24468638
1.4179521 , 2.2139838 , 0.25642982
1.2327431 , -3.2134018 , 0.21027713
0.7999498 , 4.182644 , -0.096759975
0.74501705 , 7.2298174 , -0.26264974
1.5343063 , 1.1350816 , 0.270794
1.1392032 , -1.7391241 , 0.17521289
0.77215004 , 5.0291076 , -0.1287753
0.60471475 , 6.628085 , 0.028891472
0.87059635 , 7.108366 , 0.12909478
1.3468615 , 3.1261642 , 0.23811862
1.3056625 , -4.490745 , 0.2914282
0.8281936 , 3.6619382 , -0.06321844
0.7401248 , 7.290731 , -0.24976929
0.8076563 , 6.472312 , -0.27178565
0.4652216 , 4.7904396 , -0.013617287
1.2899089 , -4.406698 , 0.28278697
0.79843867 , 6.8291616 , -0.27627185
0.73484784 , 7.1623106 , -0.23601909
0.8587764 , 2.9664516 , -0.029017279
0.7912856 , 5.069901 , -0.030220238
0.72722197 , 10.311641 , -0.2622109
2.0024223 , -2.7727883 , 0.3318199
1.1066564 , 5.553649 , 0.19488898
0.5436547 , 5.897104 , 0.009827161
0.5541679 , 8.431765 , 0.025442163
1.1778989 , 7.5472093 , 0.22103664
2.1391962 , -3.3274927 , 0.35198236
1.8861543 , -6.056547 , 0.35117972
2.025869 , -13.509309 , 0.66036856
2.8499072 , -22.161514 , 1.0261974
4.166906 , -27.888254 , 0.7960708
3.2647533 , -19.433828 , 0.6324722
2.5273712 , -10.636594 , 0.45001775
1.9330049 , -12.420923 , 0.6129273
0.3393258 , -7.077119 , -0.03728488
0.34465265 , -7.060564 , -0.03422596
0.31744468 , -7.1551704 , -0.01249292
0.28015688 , -7.3186646 , -0.0042952527
0.41018716 , -7.2161546 , 0.05207485
0.43420967 , -7.087087 , 0.05259196
0.3581737 , -6.8722844 , -0.006542987
0.33300072 , -6.9721694 , -0.00276986
0.31213608 , -7.064983 , -0.00017746417
0.41862872 , -7.0886555 , 0.05949399
2.1652844 , -4.7216477 , 0.36761376
1.3143741 , -4.9939113 , 0.28556705
2.196632 , -5.2822027 , 0.37515476
2.213167 , -5.2633104 , 0.378138
2.2559156 , -5.2638054 , 0.3805947
1.3821478 , -5.811349 , 0.31991014
1.3981073 , -6.0970473 , 0.32231745
1.4701884 , -6.4003263 , 0.3351038
2.2921598 , -6.4598684 , 0.3974416
2.1719105 , -14.622006 , 0.6565423
3.1953912 , -24.691978 , 1.026784
2.6123328 , -9.29975 , 0.4383465
2.3062043 , -6.7763653 , 0.40143824
1.4572208 , -6.6145363 , 0.35087356
0.1475512 , -10.040583 , 0.18814912
0.08670837 , -10.704184 , 0.21206018
0.2573635 , -8.1905985 , 0.07498082
0.15434264 , -8.823288 , 0.091974795
0.26290697 , -7.4957604 , -0.00058452465
0.31577548 , -7.4977818 , 0.027792143
0.36008972 , -8.295798 , 0.12862912
0.38342586 , -7.0961375 , -0.019730538
0.22607855 , -8.515587 , 0.095851086
0.37183824 , -8.174494 , 0.12282114
0.42143032 , -6.894424 , 0.017729482
1.5856231 , -7.7033315 , 0.40451425
3.0227804 , -16.939617 , 0.5807112
2.3511128 , -8.06522 , 0.40299544
1.8470238 , -5.9343724 , 0.35111338
3.862718 , -25.337309 , 0.7553446
3.0135212 , -16.900684 , 0.5807913
2.3411925 , -8.062361 , 0.4021534
0.29533875 , -8.960857 , 0.15831773
0.42723218 , -7.534667 , 0.08787832
0.2919924 , -7.815921 , 0.053634316
0.30819285 , -8.841204 , 0.15376376
0.44356725 , -7.407367 , 0.08091431
1.7910311 , -5.507462 , 0.34103775
3.39088 , -20.930048 , 0.6688721
2.627 , -12.352865 , 0.48453787
0.4301127 , -6.7773438 , 0.027418653
1.797796 , -10.926753 , 0.55139124
2.7030594 , -20.878084 , 0.9860608
4.065815 , -27.191761 , 0.7903328
3.056328 , -17.504091 , 0.59588766
2.2751014 , -7.321662 , 0.3863294
0.22391763 , -8.550647 , 0.09972524
0.054062605 , -10.174616 , 0.16807
0.24457881 , -9.455127 , 0.17553295
0.40770403 , -7.8062606 , 0.10455304
0.19624719 , -9.895319 , 0.18869394
0.34441763 , -8.486308 , 0.13906096
0.47736964 , -7.0397396 , 0.05326948
1.8190812 , -6.3062086 , 0.3625106
0.42878547 , -6.7965546 , 0.0172139
1.4591032 , -7.2906814 , 0.40385684
2.1972117 , -15.922014 , 0.785965
3.0351932 , -24.156393 , 1.1287584
3.73021 , -24.481663 , 0.749022
2.9037461 , -16.255554 , 0.5737931
2.2253082 , -7.6563067 , 0.38700035
0.25665796 , -8.221018 , 0.085052066
0.11490221 , -9.647761 , 0.15156801
0.17003034 , -10.147581 , 0.19486678
0.3226013 , -8.7388935 , 0.15044467
0.45368704 , -7.282378 , 0.07787555
0.28313008 , -7.9231935 , 0.06769247
0.14569993 , -9.360669 , 0.14084703
0.13857386 , -10.416661 , 0.20116046
0.29492077 , -9.019065 , 0.1609223
0.43035638 , -7.5707088 , 0.095307365
0.4419125 , -6.6033597 , 0.035563607
1.7455505 , -10.810954 , 0.5556473
2.5086226 , -19.196566 , 0.9309968
3.3962505 , -27.333763 , 1.2474931
3.3703408 , -21.162096 , 0.6833464
2.60329 , -12.858148 , 0.4983295
0.434752 , -6.720163 , 0.025691863
1.5347171 , -8.359255 , 0.44989285
2.274966 , -16.843771 , 0.8305702
3.123651 , -24.998085 , 1.1653987
3.599079 , -23.380062 , 0.7301508
2.7936914 , -15.18215 , 0.55118287
0.3654488 , -6.907327 , -0.011205912
0.24267495 , -8.380456 , 0.09543489
0.09864843 , -9.806295 , 0.15821129
0.1915054 , -9.973387 , 0.18997404
0.34179357 , -8.553611 , 0.1431833
0.46972197 , -7.083048 , 0.06512789
0.26981807 , -8.083063 , 0.07906116
0.12976094 , -9.520349 , 0.147924
0.16022633 , -10.2453985 , 0.19673666
0.31463873 , -8.835406 , 0.154354
0.44771692 , -7.3742585 , 0.08528691
1.660905 , -5.3801003 , 0.33744282
1.8163321 , -11.796532 , 0.6029494
2.5903509 , -20.07798 , 0.97252625
3.8148756 , -28.150747 , 1.0518346
3.248447 , -20.07746 , 0.6623644
2.5000079 , -11.795694 , 0.47534016
0.4407517 , -6.6448913 , 0.03132042
1.6072286 , -9.387889 , 0.49613953
2.3534245 , -17.746666 , 0.87423515
3.2126231 , -25.826761 , 1.2012086
3.4710863 , -22.289288 , 0.7106097
2.6857436 , -14.118836 , 0.5283454
0.35214 , -7.0641484 , 0.009644292
0.22833021 , -8.540955 , 0.10516365
0.082053214 , -9.964964 , 0.16468765
0.21272075 , -9.797283 , 0.1849061
0.36063224 , -8.366819 , 0.1355404
0.48244053 , -6.8870635 , 0.051845785
0.23059294 , -9.5075655 , 0.19176736
0.04688089 , -11.416904 , 0.21220309
0.13857608 , -11.940359 , 0.13869451
0.33679754 , -10.051176 , 0.105842665
0.50841147 , -8.04722 , 0.09176137
0.15541054 , -10.548918 , 0.18697888
0.15464702 , -10.92485 , 0.17204219
0.118293054 , -11.654201 , 0.16327302
0.55316246 , -7.4649005 , 0.10341027
0.5964256 , -6.640818 , 0.08327693
0.5892259 , -6.3515754 , 0.07600812
0.5452562 , -6.4658256 , 0.06502805
-0.072415315 , -12.324077 , 0.23890771
-0.017487636 , -11.42231 , 0.2283757
0.022368422 , -10.778648 , 0.21236005
0.02904864 , -10.521448 , 0.19404414
0.40944692 , -6.5499163 , 0.027971663
0.45348248 , -6.3447824 , 0.07282376
0.45593917 , -6.530086 , 0.11406526
0.41012612 , -7.200588 , 0.17991059
0.59212446 , -6.8093586 , 0.08578136
0.5968983 , -6.373947 , 0.07770226
0.56506705 , -6.367969 , 0.06913459
0.49335366 , -6.7556677 , 0.050616484
0.4357461 , -6.392766 , 0.04935711
0.46118265 , -6.352533 , 0.08950942
0.44547117 , -6.7307434 , 0.1348981
0.56785214 , -7.2693043 , 0.09416256
0.6005798 , -6.5339575 , 0.08077019
0.5888983 , -6.302013 , 0.07402079
0.5399115 , -6.4648337 , 0.06251401
0.40422773 , -6.56173 , 0.020049587
0.4536427 , -6.3071837 , 0.06682645
0.4613746 , -6.438371 , 0.106921844
0.42403322 , -7.0349455 , 0.1628192
0.59173715 , -6.8450975 , 0.085196845
0.60128886 , -6.355958 , 0.07719652
0.57372355 , -6.3069506 , 0.0696868
0.50628906 , -6.644236 , 0.05384011
0.43280464 , -6.382213 , 0.04317937
0.4635937 , -6.2929144 , 0.08327421
0.45360866 , -6.6108294 , 0.12633735
0.55913204 , -7.351082 , 0.09091294
0.60257965 , -6.5438824 , 0.07995827
0.5950797 , -6.26413 , 0.07382776
0.5506645 , -6.3851666 , 0.06412046
0.39851037 , -6.581441 , 0.012152054
0.45309612 , -6.2759094 , 0.06097396
0.4660526 , -6.354613 , 0.100063264
0.43606052 , -6.8817854 , 0.15020648
0.5903931 , -6.8881927 , 0.08387632
0.6051763 , -6.3432827 , 0.076508515
0.581831 , -6.250533 , 0.070030496
0.51905084 , -6.5414553 , 0.05722965
0.4291529 , -6.3779283 , 0.037120204
0.46531644 , -6.2401543 , 0.07723727
0.4608265 , -6.500044 , 0.11828826
0.4002483 , -7.2764874 , 0.18439536
0.60395837 , -6.559979 , 0.07882806
0.6007401 , -6.2311087 , 0.07345442
0.56086177 , -6.310431 , 0.06536939
0.39247257 , -6.6105967 , 0.005244264
0.4518302 , -6.250842 , 0.05528705
0.46999282 , -6.278493 , 0.093483955
0.44662315 , -6.739778 , 0.1394486
0.58783025 , -6.939353 , 0.08116798
0.60855937 , -6.3360853 , 0.07559981
0.5894037 , -6.1987257 , 0.07015346
0.5314098 , -6.445672 , 0.059935983
0.42482853 , -6.3801193 , 0.031280115
0.46636546 , -6.1940384 , 0.07140468
0.46720415 , -6.397951 , 0.11071002
0.4188708 , -7.0925865 , 0.1660271
0.6046504 , -6.5825114 , 0.07723182
0.6058778 , -6.203058 , 0.07288308
0.57047784 , -6.2404366 , 0.06626547
0.38628381 , -6.6519732 , 0.00014422683
0.44983712 , -6.2319136 , 0.0497985
0.47321248 , -6.2097235 , 0.08717641
0.45596257 , -6.6080575 , 0.12991075
0.58358926 , -6.999719 , 0.07634772
0.6113976 , -6.334558 , 0.0744226
0.5964261 , -6.1515837 , 0.070051596
0.54325783 , -6.355946 , 0.06195712
0.41985837 , -6.3891797 , 0.025795348
0.46672148 , -6.154369 , 0.06578524
0.4727739 , -6.3041515 , 0.10355741
0.43354377 , -6.924061 , 0.15219437
0.604638 , -6.611798 , 0.074977934
0.6105647 , -6.180088 , 0.07209899
0.5795774 , -6.175059 , 0.066832624
0.5069534 , -6.5603333 , 0.060721774
0.44718838 , -6.219132 , 0.04455173
0.47579697 , -6.1480584 , 0.08112964
0.46430397 , -6.4860044 , 0.12126868
0.57686967 , -7.07094 , 0.069143504
0.61351943 , -6.3389297 , 0.07292821
0.6027645 , -6.109203 , 0.06973193
0.55439854 , -6.2717075 , 0.063415386
0.41417485 , -6.405814 , 0.020786177
0.46624398 , -6.1209636 , 0.060387004
0.47743714 , -6.2182703 , 0.09677911
0.44584277 , -6.7682242 , 0.14079463
0.6039526 , -6.6483 , 0.07187928
0.6149781 , -6.1623435 , 0.07110489
0.5883393 , -6.1142516 , 0.06711097
0.5207258 , -6.4499927 , 0.062216815
0.4440771 , -6.212566 , 0.039595455
0.4779352 , -6.093259 , 0.075321116
0.47194153 , -6.373109 , 0.11330064
0.48665157 , -7.1535387 , 0.10821183
0.6147992 , -6.349365 , 0.07110506
0.6083442 , -6.071611 , 0.069234714
0.5647153 , -6.192509 , 0.064424194
0.40776938 , -6.431314 , 0.016286284
0.46483535 , -6.093765 , 0.055205267
0.48113662 , -6.1400504 , 0.09029823
0.4563009 , -6.623705 , 0.13086145
0.6020767 , -6.692865 , 0.0679136
0.618793 , -6.150189 , 0.06997356
0.5964423 , -6.058218 , 0.06718622
0.5339396 , -6.348045 , 0.063293725
0.44021532 , -6.212191 , 0.034973595
0.47934413 , -6.044915 , 0.06968168
0.47865725 , -6.268731 , 0.105775505
0.42712113 , -6.993375 , 0.14846249
1.0633876 , -5.6447926 , 0.29582092
0.9163589 , -6.4208355 , 0.28525278
0.7860829 , -7.232934 , 0.27940437
0.65498406 , -7.797664 , 0.27963838
0.8034747 , -7.16183 , 0.28463262
0.9357468 , -6.372642 , 0.29110426
1.0901346 , -5.6504345 , 0.30282086
0.7002659 , -7.6737456 , 0.32216734
1.0017205 , -6.9490433 , 0.34572563
1.3162551 , -6.12674 , 0.35219675
1.7203078 , -5.4080453 , 0.35006663
1.6891036 , -5.5537696 , 0.35195735
1.2936496 , -6.2474885 , 0.35436818
0.98024935 , -7.0397544 , 0.34706533
0.67426693 , -7.718968 , 0.31945795
0.7606188 , -7.4067917 , 0.28750357
0.89498657 , -6.6686163 , 0.29347557
1.0401652 , -5.9365945 , 0.30370876
1.254136 , -5.399095 , 0.3206345
1.5038346 , -5.9109325 , 0.35572237
1.1537094 , -6.6378818 , 0.35518163
0.8494199 , -7.379878 , 0.3415519
0.6776447 , -7.7345347 , 0.2910913
0.82241315 , -7.120389 , 0.29476348
0.95933425 , -6.387969 , 0.30221295
1.1249989 , -5.7630672 , 0.3157771
1.7640984 , -5.6859756 , 0.35506728
1.3444943 , -6.275378 , 0.3590663
1.0207794 , -7.0049977 , 0.3536773
0.71355385 , -7.6549993 , 0.3301277
0.7454103 , -7.5043445 , 0.2961516
0.88389915 , -6.8363395 , 0.30235943
1.0303149 , -6.1575093 , 0.31257126
1.2343712 , -5.6822557 , 0.33027065
1.5659219 , -5.9971013 , 0.35941234
1.1994886 , -6.6375613 , 0.3607267
0.8886185 , -7.3316903 , 0.34921965
0.6539258 , -7.769969 , 0.29785633
0.8088455 , -7.248335 , 0.30366677
0.9487601 , -6.5767713 , 0.31103316
1.113615 , -6.002033 , 0.3248247
1.8452806 , -5.8469553 , 0.35764617
1.397918 , -6.3225155 , 0.36351436
1.062698 , -6.9831457 , 0.36010137
0.75249195 , -7.599397 , 0.3400056
0.7288465 , -7.5849986 , 0.30497852
0.8719962 , -6.9901247 , 0.31127462
1.0199413 , -6.3643665 , 0.32132164
1.2182626 , -5.94288 , 0.33944675
1.6318141 , -6.10734 , 0.36278608
1.2471942 , -6.653385 , 0.36602774
0.92860687 , -7.2943716 , 0.35667735
0.59294176 , -7.7747827 , 0.31851092
0.79447234 , -7.361127 , 0.31266764
0.9376605 , -6.7521076 , 0.3198537
1.1021669 , -6.2250476 , 0.3336035
1.9343934 , -6.039428 , 0.3595583
1.4542768 , -6.390083 , 0.3676701
1.1062758 , -6.974903 , 0.3662983
0.79193425 , -7.552691 , 0.3493455
0.7107497 , -7.6476927 , 0.31432706
0.85924864 , -7.1297765 , 0.32025364
1.0090464 , -6.557635 , 0.33001402
1.2033284 , -6.1832695 , 0.34827757
1.7019325 , -6.2432785 , 0.3657853
1.2970302 , -6.6864395 , 0.3710572
0.96961474 , -7.268603 , 0.36388612
0.6427043 , -7.7299957 , 0.33472973
0.77913433 , -7.458321 , 0.3218418
0.9259425 , -6.914011 , 0.32870734
1.0904914 , -6.433346 , 0.3422115
2.0334897 , -6.2674 , 0.36133778
1.5137643 , -6.4794035 , 0.37150532
1.15156 , -6.98114 , 0.37224182
0.83195996 , -7.5155644 , 0.3580808
0.69083834 , -7.6909676 , 0.32478234
0.8456688 , -7.2550683 , 0.329334
0.99765515 , -6.737658 , 0.3386938
1.1889293 , -6.4058733 , 0.3568446
1.7768396 , -6.4066296 , 0.36834082
1.3492316 , -6.737841 , 0.37578914
1.0118679 , -7.2550597 , 0.3708235
0.68594086 , -7.69072 , 0.34712884
0.7626953 , -7.5393496 , 0.33130968
0.9135392 , -7.062419 , 0.33762765
1.0785131 , -6.6278114 , 0.3507271
1.3254834 , -6.508484 , 0.37367192
1.5766273 , -6.591873 , 0.37498486
1.1986656 , -7.002797 , 0.37790406
0.8727169 , -7.488666 , 0.36632535
0.6680179 , -7.712492 , 0.3366398
0.8312152 , -7.3657055 , 0.3385685
0.985742 , -6.9046373 , 0.34740713
1.1747515 , -6.6126013 , 0.36523628
1.8571486 , -6.5992756 , 0.37039107
1.4040036 , -6.808773 , 0.38018772
1.0555084 , -7.254486 , 0.37746397
0.7278611 , -7.6583495 , 0.35775825
0.60297215 , -7.419225 , 0.58104277
0.57034665 , -7.1208887 , 0.9412335
0.5362585 , -6.954949 , 0.827791
0.5545052 , -7.1382775 , 0.68684626
0.5721229 , -7.4523706 , 0.48109418
3.579514 , -25.029202 , 0.8209798
2.579331 , -19.158281 , 0.81019396
1.6435028 , -13.516826 , 0.81554234
0.76926506 , -8.321471 , 0.8304864
0.8500332 , -7.5617995 , 0.3730479
1.1820159 , -7.168909 , 0.38518047
1.56098 , -6.8443446 , 0.38224837
2.1051662 , -6.883754 , 0.37008116
1.2393605 , -12.0134535 , 1.236325
1.9735038 , -17.543043 , 1.2605114
2.7728071 , -23.379671 , 1.2813425
1.2964205 , -6.829579 , 0.38721192
1.0635996 , -6.8895755 , 0.36386263
0.8966769 , -7.251095 , 0.35141733
0.73901063 , -7.6234326 , 0.34649238
0.74187213 , -7.6506577 , 0.36205593
1.0712774 , -7.268221 , 0.38047627
1.4246185 , -6.858552 , 0.38234672
1.8879503 , -6.705726 , 0.3715414
1.1722198 , -6.7086744 , 0.3698706
0.982863 , -6.9753604 , 0.3520465
0.8267202 , -7.4070683 , 0.3433789
0.6590187 , -7.7121577 , 0.3426377
0.45316198 , -8.069218 , 0.3136491
0.462847 , -8.028883 , 0.31512702
0.5916294 , -7.8527775 , 0.2923436
0.505516 , -7.933623 , 0.31429517
0.5147486 , -7.898104 , 0.31532538
0.5771907 , -7.8557005 , 0.29424793
0.59155524 , -7.800961 , 0.37868065
0.59916365 , -7.89978 , 0.28600883
0.5922575 , -7.898601 , 0.29169926
0.58621436 , -7.793787 , 0.31075165
0.5676291 , -7.94293 , 0.29853642
0.55960876 , -7.9367723 , 0.30388442
0.57409304 , -7.790239 , 0.3198525
0.45228067 , -7.9675417 , 0.32265317
0.38626572 , -7.929297 , 0.33869964
0.5908701 , -7.75279 , 0.3270716
0.43554285 , -7.859484 , 0.34170923
0.44629356 , -7.8283787 , 0.34515885
0.58241695 , -7.7435365 , 0.3349013
0.49330044 , -7.7722044 , 0.34804597
0.50394446 , -7.7491503 , 0.35128602
0.569349 , -7.7315626 , 0.34430704
0.590505 , -7.7081704 , 0.34906936
0.58428407 , -7.7412724 , 0.3424516
0.17128685 , -4.2503896 , 1.2115271
0.356491 , -6.1624913 , 0.686747
0.17709555 , -4.480441 , 1.0303437
0.44001877 , -6.182605 , 1.1241332
0.50812733 , -6.7764597 , 0.8028756
0.5840624 , -7.5454683 , 0.42519215
0.08254645 , -4.732946 , 0.72235155
0.24404928 , -6.4516044 , 0.5259923
0.5062646 , -7.4430566 , 0.43448436
0.4464816 , -6.6969376 , 0.64991045
0.38843158 , -6.1177883 , 0.8092981
0.47255847 , -6.4491096 , 1.0057161
0.5416568 , -7.080101 , 0.656416
0.51549363 , -7.5152 , 0.41517887
0.45831022 , -6.7800674 , 0.6343628
0.40333265 , -6.216928 , 0.7993977
0.4743185 , -6.4527316 , 1.0307202
0.5398552 , -7.043745 , 0.68624794
0.52415776 , -7.584712 , 0.39540148
0.46970263 , -6.86021 , 0.618497
0.41767433 , -6.3122544 , 0.78892255
0.4766332 , -6.4611087 , 1.0551463
0.5385344 , -7.0127926 , 0.715825
0.53222907 , -7.6518173 , 0.37495312
0.48066753 , -6.937293 , 0.6023209
0.43148324 , -6.403962 , 0.77788484
0.47948977 , -6.474037 , 1.0789744
0.53770167 , -6.987369 , 0.7451437
0.60390884 , -7.6846647 , 0.3612202
0.49121597 , -7.011432 , 0.5858501
0.44477352 , -6.492037 , 0.7663191
0.48287952 , -6.491409 , 1.1021824
0.5373574 , -6.967358 , 0.7741809
0.59982896 , -7.622187 , 0.39378875
0.5013441 , -7.0825195 , 0.56909704
0.71034914 , -3.4122927 , -0.019484298
0.7419542 , -3.3449173 , -0.034951665
0.72283167 , -3.7090614 , -0.0543161
0.67718434 , -4.529954 , -0.07303604
0.7207318 , -3.4357975 , -0.019464811
0.7388836 , -3.4442785 , -0.03644619
0.71315134 , -3.8997593 , -0.055600543
0.6643865 , -4.811339 , -0.07497577
0.72738504 , -3.469537 , -0.01997208
0.73408186 , -3.5613878 , -0.03795802
0.70284116 , -4.1078243 , -0.056907512
0.6785553 , -3.7207687 , -0.00843876
0.73083943 , -3.5164077 , -0.02088302
0.7278752 , -3.6965735 , -0.039423734
0.6919306 , -4.3344097 , -0.058359504
0.6931144 , -3.7199907 , -0.007590855
0.7316696 , -3.5787363 , -0.022073705
0.7205204 , -3.85002 , -0.04083464
0.68028855 , -4.5813622 , -0.060090777
0.70469517 , -3.7260098 , -0.00739723
0.7303498 , -3.658205 , -0.023423903
0.7122051 , -4.0220857 , -0.042231422
0.667664 , -4.851158 , -0.062231522
0.71284336 , -3.7421956 , -0.007745307
0.727247 , -3.7558877 , -0.024835624
0.7030348 , -4.2135377 , -0.043690074
0.66058815 , -4.0381775 , 0.0030771066
0.71791005 , -3.7715633 , -0.008514239
0.7226439 , -3.8724394 , -0.026252864
0.6930003 , -4.4256797 , -0.045308135
0.6755155 , -4.0218964 , 0.004068785
0.7203883 , -3.8165987 , -0.0095783
0.7167558 , -4.008382 , -0.02766936
0.68192434 , -4.6603847 , -0.047196865
0.6881011 , -4.012362 , 0.004397362
0.7207032 , -3.8791497 , -0.010815753
0.7097327 , -4.164393 , -0.029121272
0.6694944 , -4.920071 , -0.049474344
0.69759727 , -4.0130854 , 0.004158866
0.7191806 , -3.9604552 , -0.012131377
0.701647 , -4.3415093 , -0.030671742
0.64246863 , -4.3481503 , 0.014358189
0.70415634 , -4.027283 , 0.003476499
0.7160654 , -4.0613523 , -0.013476323
0.6924597 , -4.5412216 , -0.03239751
0.6576154 , -4.3179526 , 0.015445719
0.70816725 , -4.0576224 , 0.0024903032
0.7115373 , -4.182576 , -0.0148519585
0.6819576 , -4.7654805 , -0.03438432
0.6710183 , -4.294573 , 0.015857423
0.70999384 , -4.106056 , 0.0013361895
0.70571274 , -4.325048 , -0.016298424
0.6697456 , -5.0166726 , -0.036729787
0.6817116 , -4.2817426 , 0.015670177
0.6749185 , -5.1570663 , 0.024148328
0.64045006 , -5.837635 , 0.00450726
0.63497835 , -5.1644726 , 0.049428035
0.67077774 , -5.040049 , 0.037110943
0.66848224 , -5.3262897 , 0.022863988
0.5759264 , -5.5701504 , 0.059749737
0.64407825 , -5.1592607 , 0.04829743
0.6705502 , -5.1280394 , 0.036472086
0.65972036 , -5.5266857 , 0.021228317
0.5911817 , -5.4996114 , 0.05931716
0.6507157 , -5.176442 , 0.04738871
0.66851157 , -5.240333 , 0.035855297
0.6480185 , -5.762079 , 0.019193107
0.60558295 , -5.446278 , 0.05806232
0.6550695 , -5.216094 , 0.046723217
0.6645977 , -5.378647 , 0.035180233
0.6322504 , -6.036189 , 0.01690234
0.61798394 , -5.4150877 , 0.05662539
0.65734243 , -5.2785463 , 0.046263855
0.65860206 , -5.54532 , 0.034331378
0.55687803 , -5.836732 , 0.06651746
0.62783366 , -5.4074073 , 0.05548884
0.6576781 , -5.3645763 , 0.045962706
0.65012336 , -5.743522 , 0.0331402
0.57240444 , -5.7569017 , 0.06541297
0.63511074 , -5.422891 , 0.054763556
0.65612745 , -5.4754157 , 0.045765862
0.6384652 , -5.9775095 , 0.031404946
0.5875384 , -5.6981554 , 0.06349259
0.64001834 , -5.4612784 , 0.05441147
0.6526293 , -5.6127524 , 0.04560399
0.6223463 , -6.252444 , 0.029080372
0.60063446 , -5.6648602 , 0.061838493
0.64277005 , -5.522883 , 0.05438139
0.6469816 , -5.778786 , 0.045372564
0.53759456 , -6.0990043 , 0.070910454
0.6110299 , -5.656468 , 0.060873613
0.6435092 , -5.608554 , 0.054629028
0.6387784 , -5.976408 , 0.0448941
0.5535489 , -6.009785 , 0.06868678
0.61876273 , -5.671695 , 0.060555957
0.6422855 , -5.719594 , 0.055111244
0.6272741 , -6.209635 , 0.043854278
0.5694394 , -5.947737 , 0.06600549
0.624065 , -5.7101326 , 0.060798828
0.6390428 , -5.857711 , 0.055778313
0.61100614 , -6.4843674 , 0.041756287
0.58301127 , -5.91442 , 0.06445856
0.6271479 , -5.772178 , 0.061545394
0.63359684 , -6.0250225 , 0.056570116
0.5180196 , -6.356741 , 0.071629256
0.59373516 , -5.9066644 , 0.06407923
0.6281441 , -5.858792 , 0.06274236
0.6255805 , -6.224144 , 0.057382107
0.67830896 , -2.1733296 , -0.039662637
0.6866296 , -3.4867566 , -0.023273854
0.5473992 , -1.2911868 , -0.07078934
0.64903116 , -1.6189265 , -0.05814903
0.6813718 , -2.4843454 , -0.03442488
0.6844463 , -3.8505065 , -0.020979619
0.582275 , -1.4431053 , -0.06905378
0.6590578 , -1.8366687 , -0.051949583
0.6828657 , -2.805699 , -0.029843472
0.68157595 , -4.2107368 , -0.018865654
0.60832655 , -1.5905153 , -0.06613941
0.6664684 , -2.0734727 , -0.045703754
0.6829877 , -3.1336727 , -0.025911136
0.6783011 , -4.568608 , -0.016644282
0.6271315 , -1.7424458 , -0.061920535
0.6717433 , -2.3281949 , -0.039729152
0.68188095 , -3.4650328 , -0.022531565
0.6739345 , -4.927069 , -0.014146353
0.64096874 , -1.9060653 , -0.05666031
0.6751983 , -2.5983756 , -0.034215894
0.6796709 , -3.7976434 , -0.019513223
0.5721522 , -1.8245986 , -0.066026114
0.6513211 , -2.0859005 , -0.050773345
0.6770516 , -2.880912 , -0.029252551
0.67652875 , -4.130998 , -0.016602589
0.59841746 , -1.9418083 , -0.06293878
0.659053 , -2.2838676 , -0.044665452
0.67745286 , -3.1726294 , -0.024836008
0.6726598 , -4.466383 , -0.013562719
0.61783487 , -2.0633185 , -0.058880933
0.6646653 , -2.4997923 , -0.038655996
0.6765045 , -3.4708521 , -0.020871166
0.66764635 , -4.8065553 , -0.010249368
0.6322115 , -2.1950874 , -0.053933237
0.66845864 , -2.7320802 , -0.03295789
0.67429596 , -3.7739537 , -0.0171818
0.5615559 , -2.1977694 , -0.062204957
0.6429893 , -2.3414266 , -0.048347685
0.67061955 , -2.9783719 , -0.027680604
0.6709487 , -4.0817513 , -0.013550051
0.587709 , -2.287215 , -0.058921825
0.6510786 , -2.5047252 , -0.042431857
0.6712624 , -3.2361553 , -0.022835474
0.6665976 , -4.3955784 , -0.009778314
0.60769475 , -2.381162 , -0.05491311
0.6570156 , -2.6856005 , -0.036467288
0.67045784 , -3.5033412 , -0.018343039
0.66098374 , -4.7180123 , -0.005741722
0.62268394 , -2.4845233 , -0.050169248
0.66110855 , -2.8833165 , -0.030664755
0.66826326 , -3.7787614 , -0.014052651
0.55061585 , -2.5624616 , -0.057591196
0.63397026 , -2.6011958 , -0.044828843
0.6635316 , -3.0963237 , -0.025145993
0.57352924 , -4.3068075 , 0.0026047523
0.60109615 , -4.360126 , 0.019644316
0.59534425 , -4.864349 , 0.03967264
0.52000374 , -4.5886617 , -0.0054869275
0.58051115 , -4.340246 , 0.008557807
0.5996424 , -4.487458 , 0.026341798
0.5843203 , -5.103754 , 0.04738828
0.5365085 , -4.5615153 , -0.0007080073
0.58505815 , -4.393638 , 0.014727979
0.59615636 , -4.6382437 , 0.03335438
0.56994003 , -5.3742313 , 0.055450335
0.5496615 , -4.5487633 , 0.0046375482
0.5874364 , -4.467836 , 0.021092864
0.5904177 , -4.8143964 , 0.040745683
0.48587134 , -4.912563 , -0.0023716826
0.5595685 , -4.553575 , 0.0104183955
0.5877925 , -4.563654 , 0.027685946
0.582036 , -5.0182395 , 0.04855085
0.50509083 , -4.863677 , 0.0018525003
0.56658554 , -4.577998 , 0.01648873
0.5861552 , -4.6821837 , 0.034576938
0.57038724 , -5.252324 , 0.05676449
0.5216911 , -4.826102 , 0.0067563397
0.57108575 , -4.6231456 , 0.022768416
0.5824361 , -4.824994 , 0.041854065
0.5548176 , -5.5192475 , 0.06534347
0.53494835 , -4.804188 , 0.012276021
0.57334584 , -4.68971 , 0.029257169
0.5764089 , -4.994216 , 0.049604464
0.4706934 , -5.193381 , 0.0044682138
0.54488546 , -4.8012056 , 0.018222416
0.5735172 , -4.7784452 , 0.03600854
0.5676516 , -5.192499 , 0.057883903
0.48977408 , -5.13406 , 0.008758343
0.55186117 , -4.818939 , 0.02442788
0.571634 , -4.8904495 , 0.043105494
0.5554482 , -5.422769 , 0.06667835
0.50638276 , -5.0873156 , 0.013848947
0.5562595 , -4.858165 , 0.030835174
0.56761783 , -5.027338 , 0.050649542
0.5387928 , -5.687811 , 0.07588378
0.5196186 , -5.058033 , 0.019601595
0.558354 , -4.9193745 , 0.03747659
0.5612559 , -5.191354 , 0.058753442
0.45513692 , -5.469125 , 0.010461931
0.5294773 , -5.0493717 , 0.025739405
0.5582895 , -5.0032535 , 0.044425584
0.55212986 , -5.3854265 , 0.067518406
0.47408423 , -5.3998656 , 0.014843941
0.53634197 , -5.0625753 , 0.032093253
0.5560977 , -5.110893 , 0.051771536
0.53946984 , -5.613026 , 0.076971956
0.4905941 , -5.3450713 , 0.020212356
0.5405936 , -5.097963 , 0.038657606
0.5517075 , -5.2438912 , 0.059616234
0.5219554 , -5.877569 , 0.08696956
0.5036574 , -5.310227 , 0.026262926
0.54248524 , -5.155837 , 0.045507308
0.5449292 , -5.404468 , 0.06808051
0.4392334 , -5.740237 , 0.015053724
0.5133327 , -5.2979403 , 0.032610077
0.542143 , -5.2368555 , 0.05273382
0.5353872 , -5.595623 , 0.077307336
0.45805383 , -5.661154 , 0.019580701
0.5200339 , -5.3085604 , 0.03914011
0.53958815 , -5.3421216 , 0.060426574
0.52234364 , -5.8212786 , 0.08742378
0.47430655 , -5.59942 , 0.025375083
0.5241098 , -5.3419147 , 0.045934472
0.53474814 , -5.4732122 , 0.068674624
0.50430286 , -6.0859747 , 0.098372065
0.48702517 , -5.5609593 , 0.031789087
0.5257731 , -5.3981857 , 0.05311384
0.52744806 , -5.632235 , 0.077577904
0.4230603 , -6.0071864 , 0.01740238
0.49643844 , -5.546998 , 0.03837325
0.5251232 , -5.478067 , 0.060784258
0.51736313 , -5.822007 , 0.08726877
0.44170892 , -5.9179244 , 0.02222514
0.5029534 , -5.556698 , 0.045175437
0.522165 , -5.58272 , 0.06903302
0.5038697 , -6.046407 , 0.0979367
0.4574445 , -5.8506727 , 0.02868824
0.5068435 , -5.5895042 , 0.052384086
0.51681554 , -5.7137303 , 0.07793454
0.48557386 , -6.3108454 , 0.109770246
0.46966404 , -5.8107862 , 0.035520732
0.5082669 , -5.645602 , 0.060156077
0.50889623 , -5.8731213 , 0.08755985
0.4586468 , -6.6216116 , 0.1223441
0.47879943 , -5.7968507 , 0.04246136
0.50729287 , -5.725782 , 0.06860731
0.4981008 , -6.0634475 , 0.097996056
0.42501917 , -6.170034 , 0.021709766
0.48514462 , -5.806914 , 0.049818344
0.50390977 , -5.831298 , 0.07782628
0.48389578 , -6.28809 , 0.10937929
0.4398453 , -6.099776 , 0.029178422
0.48885858 , -5.840325 , 0.057853024
0.49801797 , -5.963812 , 0.087914124
0.46515396 , -6.55196 , 0.1219517
0.45155406 , -6.0606856 , 0.036567684
0.49005517 , -5.897349 , 0.06665832
0.4894356 , -6.125313 , 0.09895288
0.43816894 , -6.8627834 , 0.13600932
0.46046048 , -6.0480423 , 0.04453934
0.48873293 , -5.9790463 , 0.07646659
0.47779652 , -6.318369 , 0.11131705
0.66945875 , 1.3545431 , -0.110617325
0.6424157 , -1.7048894 , -0.071754076
0.5809712 , -3.9324813 , -0.01718169
0.500565 , -5.665071 , 0.03634324
0.66276604 , 0.5219804 , -0.103112146
0.6288943 , -2.3010411 , -0.059731964
0.5617696 , -4.3894114 , -0.0031476123
0.47832993 , -6.0420084 , 0.043221146
0.6564548 , -0.23644292 , -0.094459385
0.61371505 , -2.8590991 , -0.04689662
0.54169554 , -4.8234644 , 0.0106222695
0.45558372 , -6.405094 , 0.04263207
0.64855987 , -0.9397316 , -0.084666826
0.597068 , -3.3824246 , -0.033435203
0.52086407 , -5.237609 , 0.023540799
0.6518491 , 1.5674543 , -0.111877695
0.6383624 , -1.5953995 , -0.07377129
0.5791506 , -3.8746588 , -0.019558694
0.49939373 , -5.634555 , 0.03464409
0.65005463 , 0.7037968 , -0.10468413
0.625868 , -2.2072868 , -0.061879918
0.5601396 , -4.3394914 , -0.0055230474
0.47741935 , -6.016771 , 0.042256083
0.6481458 , -0.0804685 , -0.096208535
0.6113462 , -2.7786994 , -0.049150348
0.5401902 , -4.7804317 , 0.008315733
0.45509106 , -6.386215 , 0.04311511
0.6431485 , -0.8063042 , -0.086559996
0.59511137 , -3.313306 , -0.035767347
0.5194493 , -5.20069 , 0.021410301
0.6273372 , 1.7936047 , -0.113255866
0.6346961 , -1.4815158 , -0.07579841
0.5774438 , -3.8150973 , -0.021936884
0.49807903 , -5.603181 , 0.03286838
0.63592035 , 0.8958503 , -0.10640327
0.6232294 , -2.1100779 , -0.06402837
0.55857265 , -4.288106 , -0.007905327
0.47630674 , -5.9906545 , 0.041150168
0.6404133 , 0.08346677 , -0.09803686
0.6093064 , -2.6955507 , -0.051401
0.5386859 , -4.7361507 , 0.0059916447
0.4545652 , -6.3658657 , 0.043309223
0.638655 , -0.666713 , -0.08848576
0.59341115 , -3.2419622 , -0.03809597
0.51795185 , -5.1627 , 0.019243808
0.59400755 , 2.0359786 , -0.115191415
0.6318486 , -1.3628634 , -0.07783384
0.57592064 , -3.7536979 , -0.024313832
0.4965519 , -5.5708733 , 0.03102448
0.62404525 , 1.0997009 , -0.108342886
0.6212366 , -2.0091558 , -0.06617429
0.55711764 , -4.235171 , -0.010291709
0.4747434 , -5.963619 , 0.03991686
0.6352451 , 0.25630632 , -0.09994906
0.60775393 , -2.6094708 , -0.053644978
0.5372165 , -4.6905413 , 0.0036540842
0.45305046 , -6.3441377 , 0.04324825
0.6360163 , -0.52034396 , -0.090435736
0.59206855 , -3.16826 , -0.040417872
0.51639193 , -5.1235614 , 0.01704725
0.42607668 , -6.7514257 , 0.034179255
0.6735162 , 1.1743234 , -0.10361056
0.5882357 , -2.5038517 , -0.05806401
0.49432144 , -4.849463 , -0.0010096706
0.39029807 , -6.6603646 , 0.042143233
0.84666926 , 2.391297 , -0.19625878
0.78730565 , 1.8233626 , -0.17698343
0.8975477 , 2.4029326 , -0.18447231
0.86927176 , 1.8069059 , -0.17425095
0.83444357 , 1.275899 , -0.1617329
0.79751945 , 0.81113994 , -0.14822593
0.8619668 , 1.1313603 , -0.14707993
0.8382061 , 0.65282434 , -0.1378164
0.812261 , 0.22799312 , -0.12828991
0.78649586 , -0.14835612 , -0.11881659
0.76584774 , -0.482813 , -0.10973187
0.79894316 , -0.4209416 , -0.10607504
0.78072023 , -0.75626844 , -0.0989311
0.76268274 , -1.0576252 , -0.09184101
0.74696356 , -1.3294817 , -0.08489091
0.7368285 , -1.5760474 , -0.07817143
0.74308634 , -1.6651673 , -0.07373252
0.7309848 , -1.9064631 , -0.06779055
0.719849 , -2.126779 , -0.061859876
0.71137 , -2.3287063 , -0.055980258
0.7025427 , -2.4968467 , -0.051297337
0.6949852 , -2.6915402 , -0.045852985
0.68762964 , -2.870956 , -0.04036118
0.6815378 , -3.036685 , -0.034852114
0.6777031 , -3.1901984 , -0.029367663
0.6568683 , -3.4173849 , -0.025150236
0.65243614 , -3.5646696 , -0.01983874
0.648579 , -3.7014492 , -0.014489508
0.64599574 , -3.8286366 , -0.009134196
0.64508456 , -3.9471047 , -0.0038146325
0.61551446 , -4.21454 , 7.882958e-05
0.6134317 , -4.328083 , 0.0053327493
0.612166 , -4.4337816 , 0.0105826715
0.6120639 , -4.5321903 , 0.015791805
0.5775511 , -4.8288817 , 0.019471215
0.57667416 , -4.9234877 , 0.024590446
0.57641226 , -5.0113187 , 0.029651353
0.5772355 , -5.092725 , 0.034611482
0.57908386 , -5.16817 , 0.039416302
0.5386838 , -5.495058 , 0.042852316
0.5387911 , -5.5675464 , 0.047482338
0.54027987 , -5.63406 , 0.05187269
0.5432084 , -5.69505 , 0.055964675
0.54696953 , -5.751118 , 0.059710182
0.49919316 , -6.1077557 , 0.06252843
0.5007367 , -6.1609344 , 0.065622196
0.5046162 , -6.209201 , 0.0681897
0.51035225 , -6.253029 , 0.07023663
0.45745245 , -6.631471 , 0.07092175
0.45763683 , -6.6732326 , 0.070790984
0.46211195 , -6.7124248 , 0.06969791
0.46932137 , -6.74911 , 0.06775899
0.4383771 , 2.4234884 , -0.042039078
0.48431763 , 3.1173303 , -0.0367648
0.48944655 , 2.462132 , -0.040568493
0.49118525 , 1.8637551 , -0.04701014
0.4865216 , 1.3351027 , -0.055590995
0.48088562 , 0.876179 , -0.06337292
0.4925367 , 1.2267865 , -0.057833277
0.50017697 , 0.74398285 , -0.062387552
0.5023934 , 0.31727767 , -0.06670109
0.5021785 , -0.05932944 , -0.06997986
0.49077737 , 0.07329728 , -0.07014943
0.49973428 , -0.30662665 , -0.07148155
0.504425 , -0.6463496 , -0.07236346
0.50665325 , -0.95089203 , -0.07256247
0.5103855 , -1.2252598 , -0.07193675
0.49268234 , -1.2750899 , -0.07299028
0.49820974 , -1.5449353 , -0.07171295
0.50161916 , -1.7900941 , -0.07002055
0.5049792 , -2.0136735 , -0.067844264
0.51068705 , -2.218525 , -0.0651901
0.48550335 , -2.3728569 , -0.065872595
0.48961422 , -2.5711422 , -0.06304847
0.49319094 , -2.753666 , -0.059935436
0.4976662 , -2.9221935 , -0.05651749
0.4673683 , -3.13404 , -0.056407686
0.47192097 , -3.295833 , -0.052895006
0.4758748 , -3.4457796 , -0.04922271
0.48011282 , -3.5849626 , -0.045364108
0.48539734 , -3.7144058 , -0.04131742
0.44949824 , -3.970935 , -0.040698048
0.45378906 , -4.095021 , -0.036725897
0.4581575 , -4.2105184 , -0.032661475
0.46319187 , -4.3180594 , -0.028485276
0.46910504 , -4.4182897 , -0.024187159
0.42760822 , -4.7086625 , -0.023375481
0.43210652 , -4.804789 , -0.019335365
0.43724963 , -4.8940797 , -0.0152632715
0.44323322 , -4.9769764 , -0.011128425
0.39805132 , -5.2947288 , -0.010148693
0.402364 , -5.3745933 , -0.006426446
0.4075386 , -5.4482183 , -0.0027827162
0.4138822 , -5.5159574 , 0.0008307186
0.42109942 , -5.578338 , 0.0044402927
0.36972538 , -5.926257 , 0.0046985443
0.37431595 , -5.985931 , 0.0074207974
0.3807316 , -6.040143 , 0.009907901
0.38874036 , -6.0894766 , 0.012134652
0.39771873 , -6.134408 , 0.014041245
0.338761 , -6.5091057 , 0.013095177
0.34430555 , -6.552097 , 0.013358827
0.35219535 , -6.5917625 , 0.012532832
0.3622098 , -6.6276727 , 0.010161032
0.30333343 , -7.006862 , 0.009252637
0.58171976 , -6.7301693 , -0.18737178
0.584761 , -6.5108247 , -0.18979558
0.5807587 , -7.1811457 , -0.1728237
0.58406997 , -6.982464 , -0.17249411
0.5875692 , -6.790487 , -0.17185295
0.5911192 , -6.6054854 , -0.17073657
0.594515 , -6.4277716 , -0.16905522
0.5977925 , -6.257606 , -0.16685049
0.600928 , -6.09519 , -0.16420235
0.60395163 , -5.9406705 , -0.161165
0.6068439 , -5.7941527 , -0.1578114
0.60957843 , -5.655719 , -0.15415694
0.61209947 , -5.5254507 , -0.15023711
0.61431646 , -5.403451 , -0.1460345
0.6269617 , -5.975538 , -0.12741788
0.62911856 , -5.87146 , -0.12310074
0.6313969 , -5.7760153 , -0.11876047
0.63369274 , -5.689075 , -0.11437357
0.63592565 , -5.6105204 , -0.10992274
0.63803744 , -5.540243 , -0.10540765
0.6399752 , -5.4781413 , -0.10082249
0.64169025 , -5.4241166 , -0.0961672
0.64312935 , -5.3780746 , -0.09143039
0.64423156 , -5.33993 , -0.086600654
0.64491427 , -5.3096137 , -0.0816463
0.6450639 , -5.2870884 , -0.07652532
0.65592057 , -5.8377604 , -0.059538577
0.6550171 , -5.8408475 , -0.054873638
0.65391266 , -5.8512278 , -0.05022832
0.6524982 , -5.8686185 , -0.045527294
0.6506963 , -5.892764 , -0.04074923
0.64844465 , -5.923428 , -0.035833832
0.6456974 , -5.9603844 , -0.030782014
0.6424182 , -6.0034127 , -0.025539443
0.6385801 , -6.052297 , -0.020129314
0.63418585 , -6.1068254 , -0.0145225525
0.6292237 , -6.166793 , -0.008775624
0.62370807 , -6.2320094 , -0.002872101
0.626185 , -6.8874855 , 0.011422241
0.61850226 , -6.9819164 , 0.017031701
0.61050576 , -7.0806837 , 0.022829559
0.6018436 , -7.1835055 , 0.028443085
0.5926287 , -7.290187 , 0.034264103
0.5827866 , -7.400498 , 0.03995178
0.57243824 , -7.5140977 , 0.045652263
0.7112535 , -6.9836845 , -0.023391362
0.7090476 , -6.7682285 , -0.023028428
0.7073631 , -6.558471 , -0.023600828
0.7052138 , -6.3557525 , -0.023807667
0.7025195 , -6.161189 , -0.02353488
0.6979405 , -6.810743 , -0.036694404
0.6962839 , -6.6318436 , -0.036249228
0.6941511 , -6.460576 , -0.035220835
0.69155085 , -6.297095 , -0.03360046
0.68855256 , -6.1415296 , -0.03149826
0.68524295 , -5.9939785 , -0.028972492
0.6816753 , -5.854511 , -0.026097415
0.6778956 , -5.7231765 , -0.02290985
0.6739325 , -5.6000156 , -0.019466633
0.6697994 , -5.4850674 , -0.01580711
0.66548675 , -5.3783817 , -0.0119904615
0.6609449 , -5.280035 , -0.008077104
0.6651672 , -5.836398 , -0.020192236
0.6602277 , -5.758116 , -0.015748367
0.654981 , -5.688357 , -0.011037256
0.6494405 , -5.626936 , -0.0061095115
0.6436204 , -5.5736976 , -0.0009964475
0.63753027 , -5.528497 , 0.0042705797
0.63117355 , -5.4911985 , 0.009675676
0.62454337 , -5.4616704 , 0.015198257
0.6176186 , -5.4397864 , 0.020831246
0.6103606 , -5.4254293 , 0.02655294
0.6026956 , -5.4185 , 0.0323486
0.5945076 , -5.41893 , 0.03816605
0.594492 , -5.9832273 , 0.026645642
0.5850779 , -6.010605 , 0.033307884
0.5753611 , -6.044638 , 0.040226426
0.5653105 , -6.085024 , 0.04740493
0.55487424 , -6.131493 , 0.0547822
0.54405177 , -6.1837974 , 0.062404916
0.5327946 , -6.241697 , 0.0702117
0.5211487 , -6.304952 , 0.07824198
0.5090747 , -6.3733172 , 0.08639047
0.49666014 , -6.4465423 , 0.094669245
0.4838364 , -6.5243597 , 0.10292543
0.4707026 , -6.606456 , 0.11112542
0.46028173 , -7.30377 , 0.10346867
0.44401684 , -7.41554 , 0.11221854
0.42756557 , -7.5310082 , 0.12110413
0.41153008 , -7.6498103 , 0.12953106
0.64098054 , -7.3180637 , -0.105060264
0.73701847 , 2.488981 , -0.2253921
0.7166059 , -1.5231433 , -0.20315993
0.6830413 , -5.022731 , -0.18500623
0.7391902 , 5.789327 , -0.23011132
0.73276836 , 1.4110667 , -0.21540709
0.70987296 , -2.454742 , -0.19257925
0.67512304 , -5.8399644 , -0.17680416
0.73889786 , 4.6218314 , -0.22277136
0.7282588 , 0.36656678 , -0.20457877
0.7029328 , -3.3506463 , -0.18218902
0.66769874 , -6.6341157 , -0.16901013
0.7371183 , 3.4765694 , -0.21410881
0.72356874 , -0.6403783 , -0.19317414
0.6957423 , -4.2122545 , -0.17213678
0.6612062 , -7.4076333 , -0.16156107
0.734703 , 2.358807 , -0.204228
0.71863496 , -1.6071497 , -0.18150061
0.6883347 , -5.0417323 , -0.16250639
0.7399098 , 5.6009116 , -0.20756997
0.7320036 , 1.2741296 , -0.19325809
0.71332824 , -2.5328727 , -0.16984907
0.6808359 , -5.8416414 , -0.15332292
0.73923916 , 4.421636 , -0.19940186
0.72913665 , 0.22787137 , -0.18139848
0.7075279 , -3.418247 , -0.15844329
0.6734597 , -6.6146064 , -0.14455706
0.73763996 , 3.26925 , -0.18992978
0.72604245 , -0.77570206 , -0.16895017
0.70117486 , -4.2651153 , -0.14742273
0.6665483 , -7.363054 , -0.13613646
0.7360578 , 2.1487563 , -0.1791961
0.72254044 , -1.7341133 , -0.15626648
0.6942958 , -5.075967 , -0.13685007
0.6609546 , -8.089099 , -0.12798265
0.7345479 , 1.0659034 , -0.16729811
0.7184176 , -2.6468942 , -0.14366536
0.6869985 , -5.8535066 , -0.12672716
0.74531025 , 4.1165094 , -0.17189218
0.73300666 , 0.026346283 , -0.15445723
0.71350926 , -3.5152545 , -0.13136892
0.6794441 , -6.600334 , -0.11700998
0.7431994 , 2.967019 , -0.16175433
0.731203 , -0.9655544 , -0.14103843
0.7077413 , -4.3414636 , -0.11949335
0.67186505 , -7.318752 , -0.107622325
0.7419007 , 1.8532089 , -0.1502703
0.7288203 , -1.9076457 , -0.12745346
0.7011332 , -5.1282434 , -0.10807077
0.66503054 , -8.010721 , -0.09848233
0.7411455 , 0.78128725 , -0.13750401
0.7255607 , -2.8000672 , -0.11403738
0.6937737 , -5.8783154 , -0.09707661
0.75817007 , 3.7022202 , -0.14028732
0.7405496 , -0.24256079 , -0.123734236
0.7437718 , -7.2606792 , 0.22331227
1.090602 , -4.2469087 , 0.24176349
0.9482215 , -5.368905 , 0.23999894
0.8335279 , -6.49745 , 0.23618038
0.71617335 , -7.523483 , 0.23584998
1.069196 , -4.7996955 , 0.2598983
0.9297219 , -5.804346 , 0.25317687
0.81123185 , -6.8346677 , 0.24885122
0.68337536 , -7.731245 , 0.24860272
1.0478818 , -5.2830253 , 0.274634
0.9095095 , -6.196391 , 0.26609626
0.786334 , -7.1259274 , 0.26133525
0.5225331 , 3.162578 , -0.03360429
0.69009966 , 0.91886365 , -0.030618528
0.71629256 , -1.6025993 , -0.016225822
0.7063938 , -4.3538227 , -0.008081095
0.59755886 , 2.7684007 , -0.033445626
0.7037825 , 0.39884803 , -0.0253307
0.7165169 , -2.2450776 , -0.013006773
0.7041898 , -5.059344 , -0.0075347265
0.6430145 , 2.3302233 , -0.030840917
0.71283865 , -0.1711829 , -0.020650126
0.71495104 , -2.9185653 , -0.010512021
0.70383114 , -5.777999 , -0.008241777
0.6733076 , 1.8418472 , -0.026953124
0.7182434 , -0.785117 , -0.01661431
0.7121108 , -3.6178665 , -0.008695171
0.7087882 , -6.4949317 , -0.012211798
0.69411963 , 1.3031931 , -0.022742867
0.72068906 , -1.436977 , -0.013234628
0.70860773 , -4.338176 , -0.007518496
0.60075 , 3.4304183 , -0.016882835
0.7083555 , 0.7173981 , -0.018661628
0.72071844 , -2.1211016 , -0.010485623
0.70519686 , -5.0745997 , -0.0070813936
0.64673847 , 2.8838644 , -0.017002007
0.70946926 , -4.387935 , -0.006722532
0.6086654 , 3.696648 , -0.010142341
0.7117433 , 0.8178847 , -0.014598912
0.7228012 , -2.1197193 , -0.008619997
0.70554805 , -5.138527 , -0.006430103
0.65264267 , 3.0991178 , -0.010282304
0.72083783 , 0.15809546 , -0.011397814
0.7205897 , -2.8501155 , -0.00665262
0.7028762 , -5.8951116 , -0.0075236056
0.6826732 , 2.472068 , -0.009450771
0.7260836 , -0.5351758 , -0.008553011
0.7168799 , -3.6002772 , -0.0051754657
0.70430887 , -6.6467924 , -0.0101673845
0.7034731 , 1.8134015 , -0.0077449055
0.7282006 , -1.2570548 , -0.006113353
0.7121916 , -4.3656263 , -0.0042273593
0.61891556 , 4.3151574 , 0.0023829376
0.7176664 , 1.1232945 , -0.0056411037
0.7277352 , -2.002775 , -0.004080806
0.7072233 , -5.140801 , -0.004027711
0.66136867 , 3.626548 , 0.0030365607
0.7268589 , 0.40407422 , -0.0034799126
0.72515076 , -2.7678251 , -0.0024378744
0.70328456 , -5.918726 , -0.0048599425
0.69051325 , 2.9122007 , 0.003217881
0.73208857 , -0.34074816 , -0.0014514502
0.72089106 , -3.5479207 , -0.0011823262
0.70272344 , -6.6924205 , -0.0064114155
0.7109198 , 2.175182 , 0.0037715975
0.73407084 , -1.1071751 , 0.0003543578
0.71545184 , -4.338695 , -0.00038124772
0.63224804 , 4.8891015 , 0.014488947
0.7249413 , 1.4165968 , 0.0047335434
0.73334247 , -1.8911334 , 0.0019056032
0.7095504 , -5.135151 , -0.00018563311
0.67322844 , 4.1198726 , 0.015800634
0.7340156 , 0.63818043 , 0.005912149
0.8201787 , 5.635292 , 0.10410921
0.81957287 , 1.2870531 , 0.085492864
0.78237814 , -2.5749059 , 0.06634465
0.72326607 , -6.0193214 , 0.054930218
0.83338016 , 4.515521 , 0.103899755
0.8182386 , 0.27124512 , 0.084388226
0.7717426 , -3.4695394 , 0.06619411
0.70940226 , -6.836002 , 0.05707284
0.8409568 , 3.4095535 , 0.10358334
0.813888 , -0.71622896 , 0.08325965
0.7590711 , -4.3387313 , 0.06655129
0.69580334 , -7.639186 , 0.0599202
0.8442605 , 2.3232832 , 0.102989115
0.8066862 , -1.6730591 , 0.08228548
0.74475425 , -5.1839323 , 0.067508176
0.86149675 , 5.6300383 , 0.1214226
0.8440674 , 1.262302 , 0.10208951
0.7968251 , -2.598225 , 0.08163651
0.72922134 , -6.007217 , 0.06913318
0.87047863 , 4.482394 , 0.12114393
0.8407333 , 0.23148961 , 0.10096847
0.784549 , -3.4919083 , 0.081458695
0.7129395 , -6.8109813 , 0.07146233
0.874739 , 3.3539333 , 0.120855264
0.8344289 , -0.7653867 , 0.09979307
0.77014655 , -4.3553066 , 0.08186439
0.6964525 , -7.5976086 , 0.07450018
0.87527245 , 2.2502332 , 0.12033108
0.82529384 , -1.7259933 , 0.09877411
0.75393087 , -5.1903796 , 0.08293102
0.90970427 , 5.524502 , 0.13926078
0.8725787 , 1.1768492 , 0.119493514
0.8135052 , -2.6495419 , 0.09811744
0.7362235 , -5.999546 , 0.08470037
0.9137226 , 4.358137 , 0.13899738
0.86685705 , 0.13881437 , 0.11840533
0.79928386 , -3.53664 , 0.09798734
0.71735805 , -6.7853575 , 0.087182745
0.91399515 , 3.215959 , 0.13880704
0.8582088 , -0.859974 , 0.11724914
0.7828723 , -4.3889585 , 0.09849316
0.6977809 , -7.5502157 , 0.09037098
0.9112269 , 2.1032917 , 0.1384025
0.8467559 , -1.8172657 , 0.11626881
0.7645095 , -5.2088375 , 0.099692605
0.96555716 , 5.310578 , 0.15746461
0.9055658 , 1.02576 , 0.1376581
0.8326744 , -2.7325988 , 0.115695745
0.74441415 , -5.9989076 , 0.10160266
0.96383613 , 4.135634 , 0.15732288
0.8970054 , -0.011393425 , 0.1366336
0.81617016 , -3.6070347 , 0.115697786
0.7227855 , -6.7617674 , 0.104214124
0.95937276 , 2.9892683 , 0.15733102
0.885567 , -1.0042045 , 0.13554673
0.79744375 , -4.442664 , 0.11636773
0.6999189 , -7.4997663 , 0.107513376
0.95269704 , 1.8766761 , 0.15710926
0.87136674 , -1.9506603 , 0.1346812
0.7766627 , -5.242094 , 0.11773702
1.0297939 , 4.9833217 , 0.17598237
0.94352394 , 0.80376214 , 0.15648653
0.85459095 , -2.8507802 , 0.13428314
0.7539465 , -6.0080347 , 0.11979709
1.0215217 , 3.8101616 , 0.176076
0.93159604 , -0.22388794 , 0.15554865
0.8354367 , -3.7061486 , 0.13450658
0.72936165 , -6.743009 , 0.12252248
1.0115088 , 2.669298 , 0.17638
0.9168557 , -1.2023079 , 0.1545783
0.8140637 , -4.5192466 , 0.13541307
0.70301545 , -7.449204 , 0.12589607
1.0002538 , 1.5659771 , 0.17638952
0.8994294 , -2.129928 , 0.15390626
0.7905704 , -5.2928534 , 0.13699974
0.6757645 , -8.128482 , 0.12992747
0.9869442 , 0.5066959 , 0.17589453
0.8795233 , -3.0074375 , 0.15377921
0.7649808 , -6.0296307 , 0.13922986
1.0875438 , 3.3755965 , 0.19512324
0.9710366 , -0.5024709 , 0.17505075
0.8573238 , -3.837026 , 0.15431751
0.73723286 , -6.7318935 , 0.1420612
1.0710858 , 2.250494 , 0.19584562
0.9524155 , -1.4577003 , 0.17424332
0.83294696 , -4.6215363 , 0.1555386
0.7072284 , -7.4015346 , 0.14547315
1.0545015 , 1.1661204 , 0.19612564
0.9312411 , -2.3581612 , 0.173849
0.80642223 , -5.363833 , 0.15739834
0.67552406 , -8.040109 , 0.14949366
1.0363303 , 0.13004684 , 0.19574276
0.90774053 , -3.2054307 , 0.17409131
0.77768415 , -6.0664177 , 0.15982802
1.1626539 , 2.828532 , 0.21444732
1.0157332 , -0.85102767 , 0.19499813
0.8820783 , -4.002362 , 0.17503583
0.74654984 , -6.731262 , 0.16276522
1.1387668 , 1.7292994 , 0.21569848
0.9925843 , -1.7737232 , 0.19441752
0.8543166 , -4.752117 , 0.17664626
0.7127173 , -7.3598166 , 0.16618277
1.1160182 , 0.67355704 , 0.2162358
0.96710163 , -2.6383364 , 0.19440384
0.82441545 , -5.457565 , 0.17883553
0.6762909 , -7.9531627 , 0.1701226
1.0921425 , -0.32939592 , 0.21590334
0.9395208 , -3.4475265 , 0.19511999
0.7922271 , -6.1209607 , 0.18149981
1.2477101 , 2.1640368 , 0.23394766
1.0660443 , -1.2722701 , 0.21526253
0.90996015 , -4.204799 , 0.19655643
0.7574619 , -6.7438254 , 0.18454878
1.2152734 , 1.101044 , 0.23584805
1.0376669 , -2.152719 , 0.2150013
0.87841207 , -4.913542 , 0.198621
0.71963245 , -7.327011 , 0.18793961
1.1853926 , 0.084046505 , 0.2365672
1.0072954 , -2.9726555 , 0.215491
0.84476227 , -5.5765405 , 0.20118827
0.6783118 , -7.8709373 , 0.19172028
1.154806 , -0.8750445 , 0.23618646
0.97513837 , -3.7359326 , 0.21678516
0.8087892 , -6.1957493 , 0.20412149
1.3436166 , 1.379951 , 0.2536681
1.1222905 , -1.7687746 , 0.23569362
0.941234 , -4.446595 , 0.21878469
0.7701175 , -6.772182 , 0.20729382
1.3013129 , 0.36301264 , 0.2562918
1.0879494 , -2.5968058 , 0.23590131
0.9054842 , -5.108102 , 0.22134572
0.72811013 , -7.3059664 , 0.21062754
1.2631313 , -0.6050026 , 0.25697526
1.0521033 , -3.3631341 , 0.23704395
0.8676918 , -5.723051 , 0.22431535
0.68183005 , -7.7966323 , 0.21415807
1.2246264 , -1.508639 , 0.2564179
1.0148715 , -4.0727286 , 0.23901877
0.827565 , -6.293062 , 0.22753447
1.4515176 , 0.4723291 , 0.2736064
1.1847047 , -2.341602 , 0.25620586
0.97617304 , -4.729934 , 0.24163553
0.7846665 , -6.818669 , 0.23083849
1.3976636 , -0.4889285 , 0.27694234
1.1436746 , -3.1069453 , 0.25710195
0.9357994 , -5.3380666 , 0.24470754
0.7382649 , -7.299251 , 0.2340853
1.3496425 , -1.396691 , 0.2771814
1.1017851 , -3.8109608 , 0.2590629
0.8934586 , -5.8993926 , 0.24806464
0.68703425 , -7.7332144 , 0.2372482
1.3017775 , -2.2315478 , 0.27640405
1.058987 , -4.4594007 , 0.26181135
0.8487821 , -6.415145 , 0.2515411
1.5728488 , -0.5605373 , 0.29394186
1.2534584 , -2.9913092 , 0.27679554
1.0150458 , -5.056576 , 0.26507932
0.801282 , -6.8854523 , 0.25495213
1.5050582 , -1.4575273 , 0.29771653
1.205066 , -3.683772 , 0.27868065
0.96962756 , -5.6054235 , 0.268646
0.7501949 , -7.3091087 , 0.25807723
1.445023 , -2.2919123 , 0.29681435
1.1565924 , -4.3171105 , 0.28164113
0.92233545 , -6.1077137 , 0.27232638
0.69400746 , -7.6833334 , 0.26073036
1.386215 , -3.0426037 , 0.29612893
1.1077471 , -4.897266 , 0.28525633
0.8727114 , -6.5641813 , 0.27595165
0.6296903 , -8.004256 , 0.26312816
1.3286461 , -3.716694 , 0.297706
1.0581192 , -5.4281416 , 0.289204
0.8202007 , -6.974553 , 0.2793394
1.624045 , -2.5478814 , 0.31805715
1.272309 , -4.326787 , 0.30093747
1.0072414 , -5.9120703 , 0.29323545
0.7640282 , -7.3373184 , 0.2822318
1.5488397 , -3.2902274 , 0.3153746
1.2167488 , -4.8817286 , 0.30509937
0.95460784 , -6.3501606 , 0.2971441
0.7027149 , -7.648977 , 0.28420815
1.4777424 , -3.9392614 , 0.31601858
1.1613936 , -5.3869834 , 0.30969778
0.8996635 , -6.742508 , 0.30073676
0.6315136 , -7.902953 , 0.2849943
1.4103327 , -4.516169 , 0.31954008
1.1056468 , -5.8457093 , 0.3143905
0.841763 , -7.088282 , 0.30380312
1.7539041 , -3.7643845 , 0.33583033
1.3455666 , -5.035394 , 0.32447538
1.0489064 , -6.2594404 , 0.3189215
0.78006124 , -7.385635 , 0.30606633
1.6599509 , -4.3840714 , 0.33365285
1.2824622 , -5.50496 , 0.33004284
0.99056077 , -6.6284995 , 0.32307467
0.7131363 , -7.6311455 , 0.30700085
1.5760945 , -4.915492 , 0.33741271
1.2201585 , -5.9292617 , 0.3357932
0.9299642 , -6.9522247 , 0.3266285
0.63636726 , -7.816901 , 0.30477527
1.49851 , -5.38585 , 0.3432346
1.1578771 , -6.310442 , 0.34146294
0.8663909 , -7.2290506 , 0.32932046
0.6858932 , 3.783013 , -0.12659001
0.7387583 , 6.4818325 , -0.11082744
0.86378264 , 5.5533757 , -0.015642978
1.2214708 , 0.42653722 , 0.16506082
0.6943696 , 4.7438445 , -0.12796974
0.7558438 , 6.689136 , -0.09591827
0.9235496 , 4.7587943 , 0.020454928
1.3610859 , -1.3666201 , 0.2198276
0.705425 , 5.5535154 , -0.12668334
0.7794568 , 6.6734085 , -0.07600868
1.0005172 , 3.7111397 , 0.061376758
1.5234 , -3.4072003 , 0.2785927
0.71783584 , 6.1996512 , -0.12165597
0.8121467 , 6.4175 , -0.050916094
1.0972887 , 2.410862 , 0.1069771
0.6643647 , 3.7512848 , -0.12583853
0.73203224 , 6.662422 , -0.11234264
0.8565815 , 5.9121447 , -0.020706067
1.2163435 , 0.86523837 , 0.15691978
0.67757094 , 4.7629957 , -0.12744702
0.74972665 , 6.9178877 , -0.09832101
0.9155996 , 5.1478076 , 0.014529655
1.3601344 , -0.92210877 , 0.21089359
0.6936812 , 5.6221232 , -0.12635991
0.7732558 , 6.9484444 , -0.079084925
0.99197686 , 4.124729 , 0.05490188
1.5295268 , -2.9508488 , 0.26939967
0.70947003 , 6.3186545 , -0.12245767
0.8053663 , 6.734652 , -0.055185717
1.0887167 , 2.8415892 , 0.099397585
0.6334866 , 3.7036493 , -0.12454692
0.7254442 , 6.832579 , -0.11344939
0.8488638 , 6.2676506 , -0.02540081
1.2089914 , 1.3072481 , 0.14929216
0.657678 , 4.7684035 , -0.12644826
0.743763 , 7.137519 , -0.10043421
0.906772 , 5.535333 , 0.008885722
1.3571905 , -0.47475502 , 0.20261577
0.6818738 , 5.6776304 , -0.1271571
0.76708794 , 7.21612 , -0.08290343
0.9819968 , 4.5389075 , 0.047545332
1.539889 , -2.497165 , 0.2571292
0.7017706 , 6.425415 , -0.12022991
0.7984217 , 7.0460052 , -0.05702265
1.0778041 , 3.2743762 , 0.09484472
0.584326 , 3.6329794 , -0.13123307
0.71952975 , 6.991865 , -0.118483424
0.30431464 , -10.090752 , 0.12282886
0.5766649 , -7.0376644 , 0.0910918
0.4115718 , -9.037073 , 0.10633658
0.21108972 , -10.963696 , 0.13917464
0.51004255 , -7.9472103 , 0.09630881
0.323999 , -9.932618 , 0.118039794
0.112668194 , -11.828149 , 0.15943792
0.42982584 , -8.871786 , 0.10305758
0.23194875 , -10.810004 , 0.13350488
0.5264283 , -7.771912 , 0.09461162
0.34312257 , -9.775222 , 0.1136131
0.13494429 , -11.676885 , 0.1527535
0.44755712 , -8.7066555 , 0.100213155
0.2522205 , -10.657319 , 0.1280821
0.5420007 , -7.596694 , 0.093487486
0.36166272 , -9.6186 , 0.10960565
0.15662101 , -11.5266905 , 0.14636432
0.4647494 , -8.541634 , 0.09778223
0.27189076 , -10.505696 , 0.12295994
0.5565039 , -7.4220905 , 0.093303435
0.3795889 , -9.462782 , 0.10607086
0.17768449 , -11.377699 , 0.14025208
0.48138058 , -8.37664 , 0.09572291
0.29094175 , -10.355165 , 0.11820056
0.56941915 , -7.249283 , 0.094851755
0.39685747 , -9.307812 , 0.103054464
0.19813208 , -11.229996 , 0.13441697
0.497415 , -8.211574 , 0.093986675
0.3093477 , -10.205733 , 0.11387183
0.10024727 , -12.095424 , 0.15514238
0.41340667 , -9.153732 , 0.10058507
0.21797052 , -11.08361 , 0.12889212
0.5127569 , -8.046313 , 0.092566244
0.3270736 , -10.057415 , 0.1100474
0.12170858 , -11.950361 , 0.14830746
0.42912567 , -9.000602 , 0.09866562
0.23721218 , -10.938513 , 0.12373272
0.5273055 , -7.8807926 , 0.091643505
0.3440763 , -9.910216 , 0.106807746
0.14261395 , -11.806835 , 0.14189982
0.4438637 , -8.848493 , 0.09727515
0.25587985 , -10.794652 , 0.119005404
0.54007584 , -7.715305 , 0.0926005
0.36032858 , -9.76414 , 0.104246266
0.16303383 , -11.664841 , 0.135868
0.4571845 , -8.697544 , 0.09639233
0.27404547 , -10.651972 , 0.11478531
0.55066365 , -7.5517454 , 0.09807821
0.3759256 , -9.619119 , 0.102464214
0.18307106 , -11.524266 , 0.13022539
0.31763592 , -7.520063 , 0.04715519
0.18623848 , -8.985664 , 0.12774602
0.034106795 , -10.396658 , 0.18081136
0.26584724 , -8.151561 , 0.08794805
0.123717904 , -9.602012 , 0.15373096
0.3376206 , -7.2896013 , 0.0383717
0.20853192 , -8.779476 , 0.12131966
0.05730143 , -10.212347 , 0.17665891
0.28669932 , -7.9334836 , 0.079865694
0.14648949 , -9.4052515 , 0.1485278
0.35824338 , -7.0606265 , 0.029962685
0.23036884 , -8.571512 , 0.11461859
0.08015778 , -10.026303 , 0.17225619
0.30733845 , -7.712917 , 0.071936846
0.16887939 , -9.206874 , 0.14306918
0.37881917 , -6.8371444 , 0.021864234
0.2518574 , -8.361542 , 0.10770745
0.10274825 , -9.838491 , 0.16761509
0.3279685 , -7.4909716 , 0.06436432
0.19096762 , -9.006757 , 0.13737579
0.031626143 , -10.467061 , 0.18929234
0.27307597 , -8.149544 , 0.1006986
0.12512174 , -9.648827 , 0.16275606
0.34861907 , -7.269854 , 0.05716459
0.21279898 , -8.8047695 , 0.13147542
0.054188494 , -10.288248 , 0.18550767
0.29409388 , -7.9357934 , 0.09373687
0.14730658 , -9.45725 , 0.15770173
0.3690445 , -7.0515165 , 0.050193936
0.23439893 , -8.6008835 , 0.12541342
0.07660607 , -10.107484 , 0.18122633
0.31495798 , -7.7211566 , 0.08694848
0.16931424 , -9.263692 , 0.15247597
0.38890633 , -6.8369575 , 0.043567203
0.25578278 , -8.395175 , 0.119257085
0.09888877 , -9.9247 , 0.1766597
0.33563346 , -7.5068297 , 0.080381185
0.19114558 , -9.068144 , 0.14710683
0.4079677 , -6.6259675 , 0.038530994
0.2769607 , -8.187994 , 0.11308963
0.12103718 , -9.739836 , 0.17188904
0.3559932 , -7.294043 , 0.073998235
0.21279456 , -8.870639 , 0.14162977
0.045390975 , -10.411354 , 0.19405083
0.29792234 , -7.979928 , 0.1069879
0.1430459 , -9.55287 , 0.16696703
0.3758626 , -7.0835276 , 0.06776396
0.23425168 , -8.671346 , 0.1360889
0.06767679 , -10.2351465 , 0.19002062
0.31862196 , -7.771791 , 0.10099792
0.16490412 , -9.363811 , 0.16193588
0.39509878 , -6.87556 , 0.061814286
0.255501 , -8.47056 , 0.13053302
0.08985292 , -10.056774 , 0.18560356
0.33897212 , -7.564351 , 0.09512855
0.18659785 , -9.172747 , 0.1568343
0.41362292 , -6.6699467 , 0.056689236
0.276515 , -8.268754 , 0.12500769
0.1119059 , -9.87623 , 0.18095706
0.35886824 , -7.3582335 , 0.08937219
0.20810907 , -8.979833 , 0.15170021
0.43144214 , -6.4664407 , 0.05335914
0.2972463 , -8.066476 , 0.119546615
0.13382088 , -9.693556 , 0.17617479
0.37821385 , -7.153732 , 0.083746575
0.22941491 , -8.785344 , 0.14656988
0.053722993 , -10.408571 , 0.1986962
0.31763056 , -7.864309 , 0.11416922
0.15558045 , -9.508836 , 0.17132142
0.39694625 , -6.950967 , 0.07835201
0.25048336 , -8.589631 , 0.14147535
0.075856596 , -10.234292 , 0.19443177
0.3375935 , -7.6627073 , 0.10888641
0.17716432 , -9.322231 , 0.16644645
0.41503575 , -6.749854 , 0.07343591
0.27127275 , -8.393124 , 0.13644205
0.09786525 , -10.057866 , 0.18990757
0.35706797 , -7.4620175 , 0.10371271
0.1985474 , -9.133959 , 0.16158973
0.43249163 , -6.5503645 , 0.069389485
0.2917312 , -8.196236 , 0.13148928
0.11972879 , -9.879398 , 0.18525049
0.37600118 , -7.2623973 , 0.09868059
0.21969925 , -8.944309 , 0.15678352
0.034974176 , -10.626381 , 0.20730111
0.311804 , -7.9993587 , 0.12663312
0.14142454 , -9.69903 , 0.18054602
0.39436316 , -7.063958 , 0.09385612
0.2405823 , -8.753598 , 0.1520536
0.057143 , -10.455989 , 0.20315114
0.33143827 , -7.802774 , 0.12189115
0.16292645 , -9.516961 , 0.17585424
0.41214037 , -6.8667207 , 0.08935125
0.2611546 , -8.562163 , 0.14742088
0.07917816 , -10.283596 , 0.19870175
0.35059252 , -7.6067057 , 0.11728656
0.18420404 , -9.33342 , 0.17121927
0.4293394 , -6.670794 , 0.08530579
0.28137162 , -8.3702965 , 0.14290418
0.10105392 , -10.10935 , 0.19412646
0.36923596 , -7.4112773 , 0.11285177
0.205223 , -9.148673 , 0.16667485
0.4459777 , -6.476278 , 0.08178475
0.30119193 , -8.178262 , 0.1385229
0.12274121 , -9.933433 , 0.18952563
0.387352 , -7.216626 , 0.10863039
0.22594589 , -8.962974 , 0.16224821
0.034160845 , -10.71952 , 0.21175694
0.32057923 , -7.986244 , 0.13429885
0.14420837 , -9.756058 , 0.18496877
0.404932 , -7.022849 , 0.1046736
0.24633484 , -8.776573 , 0.1579634
0.056319617 , -10.551077 , 0.20729055
0.3395068 , -7.7944098 , 0.13025685
0.16542058 , -9.577445 , 0.18050578
0.42197824 , -6.830149 , 0.10101494
0.26635364 , -8.589669 , 0.15384367
0.078292914 , -10.381082 , 0.2027221
0.3579551 , -7.602872 , 0.12642445
0.18634175 , -9.397822 , 0.17617506
0.43849653 , -6.6387396 , 0.09759891
0.28597128 , -8.402439 , 0.14991303
0.100045085 , -10.209737 , 0.19816059
0.37591356 , -7.4117846 , 0.1228311
0.20693548 , -9.217388 , 0.17200886
0.45450497 , -6.4490075 , 0.094178274
0.305162 , -8.215004 , 0.14619607
0.12153857 , -10.037265 , 0.19368045
0.39337552 , -7.221296 , 0.119503215
0.22716781 , -9.036323 , 0.16803707
0.0299428 , -10.856608 , 0.21563168
0.3239077 , -8.027488 , 0.14271669
0.14273472 , -9.8638735 , 0.18933555
0.41033995 , -7.0316586 , 0.116444014
0.24700806 , -8.854756 , 0.16428915
0.05210538 , -10.690834 , 0.21096101
0.34219563 , -7.839983 , 0.13949643
0.16359557 , -9.689762 , 0.18516864
0.42680582 , -6.843162 , 0.11357349
0.2664312 , -8.672801 , 0.16079453
0.073999085 , -10.524139 , 0.20635055
0.36001924 , -7.652637 , 0.13655342
0.18408495 , -9.515092 , 0.18121739
0.4427782 , -6.656261 , 0.11060579
0.28541735 , -8.490522 , 0.15758133
0.09558074 , -10.356754 , 0.20187102
0.3773745 , -7.465606 , 0.13390096
0.20417039 , -9.339995 , 0.17751816
0.00079926825 , -11.195202 , 0.22371702
0.30395302 , -8.30799 , 0.15467378
0.116808414 , -10.188883 , 0.19757366
0.39426142 , -7.2791543 , 0.13153996
0.22382294 , -9.164559 , 0.17410766
0.023220604 , -11.033546 , 0.21881185
0.3220293 , -8.125257 , 0.15208906
0.13764247 , -10.020708 , 0.19350117
0.41067845 , -7.0936007 , 0.12942852
0.24301887 , -8.988847 , 0.17102279
0.045309644 , -10.87149 , 0.21403897
0.33964348 , -7.942416 , 0.14983518
0.15804636 , -9.852374 , 0.18969384
0.42662516 , -6.909433 , 0.12738137
0.2617387 , -8.812878 , 0.1682989
0.0670192 , -10.709261 , 0.20946372
0.35679612 , -7.7595816 , 0.14791131
0.1779871 , -9.683996 , 0.18619296
0.44209692 , -6.727249 , 0.1248123
0.27996802 , -8.636669 , 0.16596618
0.088305175 , -10.547065 , 0.20512296
0.373493 , -7.57696 , 0.14631037
0.19743523 , -9.515642 , 0.18304205
-0.0076880623 , -11.40338 , 0.22632997
0.29769638 , -8.460211 , 0.16404484
0.1091279 , -10.385076 , 0.2010504
0.3897418 , -7.3948293 , 0.14502095
0.21636465 , -9.3473625 , 0.18028685
0.014593357 , -11.245873 , 0.22126053
0.3149186 , -8.283511 , 0.16254021
0.12945127 , -10.223431 , 0.19728222
0.40555274 , -7.213644 , 0.14400986
0.234752 , -9.179166 , 0.17797378
0.036415707 , -11.08874 , 0.21648067
0.331634 , -8.10658 , 0.16144043
0.14924306 , -10.062242 , 0.19385919
0.42092797 , -7.0340304 , 0.14308228
0.25257587 , -9.011047 , 0.17614667
0.057735775 , -10.932167 , 0.21199685
0.34784994 , -7.9294763 , 0.16071998
0.16847415 , -9.90158 , 0.19082706
0.43586037 , -6.8569446 , 0.14112784
0.2698147 , -8.842979 , 0.17484125
0.07851565 , -10.776313 , 0.20782122
0.36358312 , -7.7523084 , 0.16035378
0.18711829 , -9.7415 , 0.18823643
-0.017744645 , -11.641524 , 0.22814971
0.28644592 , -8.674927 , 0.17407778
0.27595314 , -8.866822 , 0.18156806
0.09042161 , -10.812316 , 0.20551336
0.36618695 , -7.748958 , 0.17371081
0.19550015 , -9.778466 , 0.18991631
-0.0036214518 , -11.681364 , 0.22368184
0.2906742 , -8.707763 , 0.18235302
0.10928998 , -10.664298 , 0.2022414
0.37953663 , -7.577427 , 0.17617607
0.21193683 , -9.627332 , 0.18890983
0.017060095 , -11.535446 , 0.21907076
0.3044776 , -8.549261 , 0.18372357
0.12748998 , -10.517461 , 0.19941036
0.39257717 , -7.407219 , 0.18258117
0.22757795 , -9.477236 , 0.18856154
0.037120994 , -11.390945 , 0.21482287
0.31719178 , -8.391413 , 0.1856472
0.14501794 , -10.371777 , 0.19707878
-0.059407063 , -12.255057 , 0.23504864
0.24234533 , -9.328178 , 0.18888418
0.056591943 , -11.247813 , 0.21093197
0.3283451 , -8.23445 , 0.18819997
0.16189957 , -10.227229 , 0.19531187
-0.037905853 , -12.11302 , 0.22963287
0.2560427 , -9.180102 , 0.18983589
0.0755644 , -11.105946 , 0.20742624
0.33795142 , -8.079564 , 0.1916893
0.17823505 , -10.083763 , 0.19417351
-0.016897574 , -11.972656 , 0.22474986
0.48220226 , -6.4781694 , 0.051556975
0.52268016 , -6.3487754 , 0.07818898
0.5241364 , -6.6201625 , 0.103191696
0.47364542 , -7.415154 , 0.14717546
0.09486224 , -10.580617 , 0.19314213
0.07917932 , -11.021201 , 0.19509013
0.03499913 , -11.794521 , 0.1979538
0.44609472 , -6.682462 , 0.028717685
2.237961 , -11.406093 , 0.4792068
2.9274995 , -18.776722 , 0.67069083
1.8982273 , -7.412001 , 0.38635117
2.5245984 , -14.860283 , 0.574481
3.2642758 , -22.065277 , 0.7482913
2.16213 , -10.97002 , 0.47190535
2.831637 , -18.1793 , 0.66399175
1.830669 , -7.0923915 , 0.38180262
2.4404483 , -14.351018 , 0.5670814
3.158468 , -21.39363 , 0.7423494
2.0885034 , -10.550756 , 0.46518806
2.7382061 , -17.59594 , 0.6573015
3.5046744 , -24.51761 , 0.81079334
2.3587458 , -13.856325 , 0.5598282
3.0550535 , -20.73549 , 0.73643637
2.0170474 , -10.150005 , 0.4589748
2.6472075 , -17.026913 , 0.65063334
3.3904603 , -23.7836 , 0.80388296
2.2793946 , -13.376745 , 0.5527753
2.95405 , -20.09119 , 0.7305512
1.947792 , -9.769387 , 0.4531321
2.5586123 , -16.472466 , 0.64400405
3.2786796 , -23.06288 , 0.79778683
2.2023015 , -12.913122 , 0.54595554
2.8554494 , -19.461002 , 0.724693
1.8808104 , -9.40985 , 0.44751257
2.4723709 , -15.932949 , 0.6374317
3.1693215 , -22.355751 , 0.7920544
2.1274037 , -12.466247 , 0.53937393
2.7592244 , -18.845242 , 0.7188616
1.816158 , -9.072205 , 0.4419812
2.3884294 , -15.408702 , 0.63093424
3.062363 , -21.66255 , 0.7865873
2.0546591 , -12.037062 , 0.53300864
2.6653411 , -18.244177 , 0.713058
1.7538831 , -8.75661 , 0.43642852
2.3067305 , -14.900191 , 0.62452525
