5.4186156e-11 , 6.73e-43 , 5.4186156e-11
6.73e-43 , 0.0 , 0.0
0.0 , 0.0 , -1.2734466e-19
4.5914e-41 , 2.5e-44 , -0.25189543
0.39543676 , 0.46423766 , -0.25107744
0.32097536 , -0.499291 , -0.22545445
0.35869813 , -0.9217196 , -0.26278225
0.35701525 , -0.96133024 , -0.26138398
0.15795957 , 2.3540194 , -0.27374026
0.12735511 , 2.8869326 , -0.24171776
0.50954807 , -0.85825145 , -0.24713606
0.22750442 , 1.4547911 , -0.22459584
0.30597526 , 0.5510195 , -0.22510889
0.39041448 , -0.21884187 , -0.22692296
0.3735713 , -0.7871445 , -0.27616498
0.30851266 , -0.13349709 , -0.2841701
0.51415706 , -0.97460085 , -0.23617977
0.51611954 , -0.9877278 , -0.23549443
0.44813925 , -0.95335233 , -0.24884084
0.1927117 , 1.8514754 , -0.22569865
0.29679334 , 0.094160624 , -0.2873514
0.26171896 , 0.9317354 , -0.29650128
0.22514711 , 1.8915064 , -0.3058632
0.18223746 , 2.5062723 , -0.2615129
0.39842635 , -0.30224058 , -0.22624329
0.3596385 , -0.7867861 , -0.27861455
0.3052596 , -0.09792408 , -0.28555107
0.26992425 , 0.71491885 , -0.29445416
0.5096119 , -1.1086195 , -0.24085745
0.4851921 , -0.9678126 , -0.24924776
0.21494359 , 1.6205376 , -0.22362462
0.29409975 , 0.67572504 , -0.22374773
0.2526835 , 1.1522858 , -0.2991194
0.21305923 , 2.1485205 , -0.30834335
0.20554197 , 2.7348387 , -0.29921216
0.45188925 , -1.0291401 , -0.24935023
0.3383429 , -0.6694095 , -0.28079146
0.29631105 , 0.06660731 , -0.2881685
0.26097745 , 0.9261522 , -0.29702845
0.22382452 , 1.9094849 , -0.30634043
0.48129043 , -0.9761119 , -0.25190517
0.23541771 , 1.3860704 , -0.22231679
0.3130506 , 0.4568164 , -0.22339398
0.3986918 , -0.34400436 , -0.22502378
0.16694035 , 2.3712335 , -0.2679365
0.21362132 , 2.97558 , -0.30429828
0.48114142 , -1.0459377 , -0.25004974
0.21589242 , 1.6302701 , -0.22203757
0.26620284 , 0.7734162 , -0.29586464
0.22945175 , 1.7541627 , -0.30507094
0.14117177 , 2.4986546 , -0.26859832
0.12813613 , 2.8102674 , -0.23233747
0.34779957 , -1.1908464 , -0.2588901
0.34541914 , -1.2283083 , -0.2588131
0.1512132 , 2.3070815 , -0.22437243
0.24550952 , 1.2686514 , -0.22138213
0.32278606 , 0.34093425 , -0.22283249
0.26748595 , 0.9940838 , -0.22120297
0.34545332 , 0.09550261 , -0.22293063
0.44364563 , -0.6888292 , -0.22380446
0.24688792 , 1.2691766 , -0.3008464
0.20197503 , 2.3160114 , -0.30799425
0.20821734 , 2.9078388 , -0.30177778
0.48060146 , -1.0831063 , -0.25181934
0.23332421 , 1.4316264 , -0.22031799
0.33261868 , 0.22315207 , -0.22225268
0.4436338 , -0.7074641 , -0.22328891
0.32176107 , -0.5241058 , -0.2850029
0.27843562 , 0.43388942 , -0.29319242
0.2360692 , 1.555804 , -0.3034418
0.14686899 , 2.5162678 , -0.26550913
0.12574744 , 2.7443113 , -0.22949693
0.23361444 , 1.4328223 , -0.21978803
0.28015152 , 0.8358255 , -0.2205821
0.3729743 , -0.18906271 , -0.22259803
0.38488868 , -1.0621083 , -0.28052393
0.30276993 , -0.15612702 , -0.2882494
0.26097003 , 0.87439275 , -0.29741818
0.2154774 , 2.0716355 , -0.30728787
0.20363708 , 2.861884 , -0.30054414
0.51196086 , -1.2531998 , -0.23694675
0.51280475 , -1.2658601 , -0.23605855
0.38393587 , -0.29904708 , -0.22231045
0.52477306 , -1.0853478 , -0.22445238
0.3216698 , -0.555683 , -0.2858201
0.2838298 , 0.2785302 , -0.29223886
0.24748352 , 1.2286528 , -0.30068794
0.20307617 , 2.2969434 , -0.3076502
0.13093768 , 2.851998 , -0.22601168
0.13331702 , 3.0194888 , -0.22707874
0.21228133 , 3.0932643 , -0.30078524
0.5164452 , -1.2612143 , -0.23405536
0.4258851 , -3.9510343 , 0.006943073
0.44052038 , -4.0017643 , -0.043640476
0.45646665 , -4.6895537 , -0.12364123
0.44302234 , -4.023706 , -0.1227869
0.42971504 , -3.8748257 , -0.21550314
0.38847166 , -2.856104 , -0.27710757
0.37252304 , -1.3182479 , -0.26838893
0.45460352 , -4.7301335 , -0.06353208
0.48587543 , -2.9532778 , -0.17557377
0.46618116 , -3.8005855 , -0.11430158
0.44208193 , -4.0313 , -0.038807046
0.47955605 , -3.241715 , -0.15935448
0.4601906 , -3.9017024 , -0.09503843
0.43189862 , -3.9955795 , -0.0126719875
0.3858647 , -2.671546 , -0.27919057
0.5194431 , -1.4478549 , -0.22790797
0.48520228 , -2.92 , -0.17561024
0.46070096 , -3.8688636 , -0.09791604
0.43317664 , -3.9839575 , -0.017171912
0.44167593 , -3.9771595 , -0.12700781
0.4968416 , -2.3272326 , -0.20015848
0.47333616 , -3.4559767 , -0.14260134
0.4532744 , -3.9406872 , -0.074563
0.48840398 , -2.691816 , -0.1846732
0.46773455 , -3.6349976 , -0.12499918
0.44576928 , -3.95931 , -0.052569237
0.3982835 , -3.130552 , -0.2682931
0.38304737 , -1.8198333 , -0.2787984
0.49646917 , -2.3002396 , -0.20001937
0.46805742 , -3.5910747 , -0.12761974
0.44661096 , -3.9390326 , -0.05589146
0.4360077 , -3.8747993 , -0.0825341
0.51795596 , -1.6171191 , -0.22151916
0.4807847 , -2.9876447 , -0.16882141
0.46165642 , -3.7454991 , -0.10643938
0.5023458 , -2.0420961 , -0.20816328
0.47454095 , -3.246612 , -0.15244974
0.4556053 , -3.8294272 , -0.08668225
0.41168004 , -3.4535775 , -0.24759862
0.38504925 , -2.423216 , -0.28112075
0.519662 , -1.5983144 , -0.22089152
0.4747933 , -3.1921275 , -0.1548677
0.4560934 , -3.7991183 , -0.08963791
0.42814845 , -3.8748655 , -0.0056515946
0.38950568 , -1.5890137 , -0.27857593
0.4907631 , -2.4084148 , -0.19336034
0.4683647 , -3.4347718 , -0.13539888
0.542882 , -1.3162032 , -0.2258078
0.48226196 , -2.7407517 , -0.17796884
0.46291167 , -3.5916264 , -0.117400914
0.42346543 , -3.6523438 , -0.21844882
0.39339647 , -2.9014564 , -0.27258274
0.39050424 , -1.5694045 , -0.27966857
0.4894595 , -2.3790548 , -0.19327484
0.4673101 , -3.397387 , -0.13547984
0.44802684 , -3.819861 , -0.065809995
0.42542255 , -3.747342 , -0.003499954
0.4347624 , -3.8023922 , -0.17107299
0.40987328 , -3.3788075 , -0.24762295
0.38478875 , -2.3644977 , -0.28168765
0.51911324 , -1.559071 , -0.21968883
0.49202403 , -2.1906002 , -0.19941679
0.46823263 , -3.2704263 , -0.14299296
0.45009446 , -3.761829 , -0.075134
0.4226842 , -3.766288 , 0.016805284
0.48571658 , -2.3858783 , -0.19102237
0.46492508 , -3.3692455 , -0.13308485
0.4462356 , -3.7735543 , -0.06288713
0.43237033 , -3.718285 , -0.05410353
0.48040637 , -2.5658116 , -0.1823821
0.46171346 , -3.4525478 , -0.122870624
0.4421969 , -3.7744741 , -0.050149743
0.42482495 , -1.2695038 , -0.0095678
0.39306062 , -2.7914379 , -0.057077922
0.3566894 , -2.1201348 , -0.059060007
0.32483694 , -1.5211995 , -0.056945935
0.26155537 , -0.5346584 , -0.09861436
0.22416247 , 2.1510017 , -0.16155049
0.29344025 , 1.0361099 , -0.108100936
0.3826295 , -0.47192958 , -0.039433286
0.2457068 , -0.27243623 , -0.11510219
0.23327324 , 2.0328834 , -0.15395981
0.3062996 , 0.82564676 , -0.09802015
0.3975008 , -0.7124411 , -0.027731521
0.23098288 , -0.009374191 , -0.131489
0.24300727 , 1.8958787 , -0.14603822
0.31978858 , 0.6051124 , -0.08751472
0.41174215 , -0.9513936 , -0.015970403
0.21739705 , 0.25270385 , -0.14762595
0.25338498 , 1.7413614 , -0.13774881
0.33384913 , 0.376211 , -0.07660333
0.29773623 , -1.0564991 , -0.06236488
0.20500693 , 0.51191694 , -0.16337435
0.26738575 , 1.5208883 , -0.1268428
0.35212517 , 0.07762302 , -0.062475078
0.27530274 , -0.7362061 , -0.08285508
0.19142988 , 0.8257475 , -0.18234314
0.15829988 , 2.0676577 , -0.25952452
0.16900596 , 2.6016371 , -0.2977686
0.16966484 , 2.6041036 , -0.19933344
0.22848745 , 2.140963 , -0.15575519
0.28853813 , 1.1841538 , -0.11045439
0.3784144 , -0.34430206 , -0.0420144
0.24677591 , -0.26927596 , -0.111378126
0.17557487 , 1.2550962 , -0.20723003
0.30158612 , 0.97214055 , -0.10047917
0.3933679 , -0.589433 , -0.030160887
0.23174267 , -0.001314925 , -0.1276651
0.16848645 , 1.4851109 , -0.22043553
0.3152692 , 0.7493481 , -0.090081
0.4075734 , -0.8332953 , -0.018128613
0.21775164 , 0.26612893 , -0.14379288
0.16278063 , 1.7034848 , -0.23279314
0.3295352 , 0.5177259 , -0.07924771
0.36167434 , -1.0650511 , -0.032017723
0.2049191 , 0.5310457 , -0.15958683
0.15845598 , 1.9077002 , -0.2441956
0.34432694 , 0.27870494 , -0.068033695
0.2829948 , -0.8046432 , -0.07565015
0.19332768 , 0.7918824 , -0.1749547
0.15546004 , 2.0966606 , -0.2548621
0.3595508 , 0.034345698 , -0.05643909
0.26550817 , -0.53828084 , -0.09172916
0.18305793 , 1.0464234 , -0.1896667
0.18418019 , 2.684756 , -0.18476668
0.24973705 , 1.9145508 , -0.13767044
0.33313376 , 0.50816286 , -0.076386325
0.29779956 , -0.9646058 , -0.06464157
0.2000917 , 0.6476656 , -0.16354032
0.15541652 , 2.0223284 , -0.2469939
0.15941738 , 2.7253153 , -0.29288387
0.14366058 , 2.718423 , -0.20925051
0.30163795 , -0.7124325 , -0.059938267
0.1567799 , 2.7065911 , -0.28962323
0.15736781 , 1.9020954 , -0.2386817
0.20888744 , 0.4706135 , -0.15187363
0.20567524 , 1.063512 , -0.15252481
0.1479749 , 2.9358609 , -0.25339338
0.40712243 , -0.70140266 , -0.020458242
0.29389152 , 1.2089335 , -0.10535642
0.1656099 , 2.7692595 , -0.19623674
0.17156467 , 3.5334978 , -0.18995264
0.31296533 , 1.6990196 , -0.0970229
0.43594718 , -0.4605931 , -0.011293538
0.37504435 , -1.1767291 , -0.02087759
0.41425526 , -2.3657112 , 0.0006844635
0.55324715 , -3.7773569 , 0.059743937
0.7706155 , -4.718969 , 0.08147217
0.62015855 , -3.330543 , 0.04739886
0.4912359 , -1.9027025 , 0.0150545845
0.39853695 , -2.1974316 , -0.006599935
-0.02829432 , -2.1179168 , -0.25847277
-0.027187316 , -2.1034403 , -0.26079693
-0.042296644 , -2.191697 , -0.26075488
-0.06989297 , -2.3458555 , -0.26163682
0.030499252 , -2.2564547 , -0.2133531
0.04681656 , -2.1436293 , -0.21553382
-0.012439165 , -1.9580957 , -0.29723185
-0.031126421 , -2.0493495 , -0.27221152
-0.04546901 , -2.1334782 , -0.266285
0.037313335 , -2.1611216 , -0.21512625
0.43573928 , -0.8433297 , -0.0040624496
0.30614555 , -0.9464767 , -0.05704738
0.43635204 , -0.9888738 , -0.00036483197
0.44294652 , -0.9048882 , -0.0007681554
0.4496862 , -0.8236055 , -0.000732463
0.3167343 , -0.96808124 , -0.04881111
0.3187316 , -1.0903004 , -0.047216486
0.32044646 , -1.2111435 , -0.04537082
0.45363948 , -1.1053563 , 0.0037588032
0.42543164 , -2.1848195 , 0.0008087338
0.5809169 , -3.788086 , 0.059800833
0.49645534 , -1.3755096 , 0.0103739705
0.45523506 , -1.1725047 , 0.0045284177
0.32676476 , -1.0301962 , -0.043181147
-0.1811168 , -4.463407 , -0.114692986
-0.2176282 , -4.8926973 , -0.09438653
-0.08944456 , -2.9582777 , -0.20999567
-0.16970094 , -3.5228512 , -0.19961172
-0.08238286 , -2.4870636 , -0.2536523
-0.046766274 , -2.4408615 , -0.23627463
-0.011944168 , -3.034656 , -0.15887167
-0.02388052 , -2.1302333 , -0.2532678
-0.11040897 , -3.1951978 , -0.1976294
-0.0032623913 , -2.9425085 , -0.16272852
0.029868728 , -1.9688472 , -0.24603525
0.33489427 , -1.4477528 , -0.037951756
0.5805654 , -2.940639 , 0.037955593
0.45722157 , -1.506385 , 0.0071882843
0.37897477 , -1.1832813 , -0.024438718
0.7229297 , -4.3268437 , 0.07190777
0.5798502 , -2.942888 , 0.03795318
0.45650828 , -1.5135227 , 0.0071684537
-0.05773265 , -3.5228915 , -0.13741866
0.037605856 , -2.46708 , -0.18467844
-0.063880526 , -2.6723928 , -0.22254528
-0.048281122 , -3.4316223 , -0.14085436
0.045650873 , -2.3728542 , -0.18869725
0.36332506 , -1.1339297 , -0.025705438
0.6449461 , -3.611265 , 0.054216694
0.51293737 , -2.2114782 , 0.021094624
0.037052948 , -1.8806474 , -0.2513942
0.37763906 , -1.987862 , -0.016402867
0.5328775 , -3.611458 , 0.052797027
0.7584076 , -4.6506844 , 0.07996386
0.58907074 , -3.0587318 , 0.040628172
0.44529688 , -1.4120972 , 0.0053012413
-0.11100449 , -3.2141402 , -0.19546433
-0.23611476 , -4.421904 , -0.14751743
-0.09400643 , -3.8836422 , -0.12317197
0.022259226 , -2.6643631 , -0.1745509
-0.12903218 , -4.2084603 , -0.11167313
-0.021806672 , -3.1643846 , -0.15154627
0.06897721 , -2.0937154 , -0.20129511
0.36421743 , -1.267182 , -0.0196811
0.041467283 , -1.9007658 , -0.24038967
0.3304671 , -1.4579049 , -0.040598366
0.45355925 , -2.8511763 , 0.019754112
0.5939822 , -4.205439 , 0.07790924
0.70870477 , -4.259257 , 0.07048298
0.5694406 , -2.9059188 , 0.036589835
0.4487341 , -1.5151567 , 0.005821837
-0.085160725 , -2.9570673 , -0.205005
-0.18818536 , -4.006765 , -0.16029122
-0.14672644 , -4.379661 , -0.10533041
-0.03601572 , -3.3371098 , -0.1428867
0.05789621 , -2.2707582 , -0.19049789
-0.065681554 , -2.736749 , -0.21533723
-0.16506042 , -3.7911098 , -0.16819975
-0.16969284 , -4.578577 , -0.099348225
-0.055596564 , -3.5398493 , -0.13455021
0.04135632 , -2.4795823 , -0.18045847
0.051769756 , -1.7471983 , -0.23997565
0.37793678 , -2.0260022 , -0.016523376
0.5071167 , -3.3972197 , 0.043415397
0.6548568 , -4.739222 , 0.10019627
0.6496077 , -3.72094 , 0.056931563
0.5189303 , -2.3591971 , 0.023500029
0.046777043 , -1.8398134 , -0.24433689
0.34548572 , -1.6415528 , -0.03366279
0.46893203 , -3.0193644 , 0.026876012
0.61071926 , -4.362792 , 0.08463961
0.6889867 , -4.0956883 , 0.06643407
0.55306685 , -2.747364 , 0.032596875
-0.008123899 , -1.9877558 , -0.2542908
-0.0943144 , -3.068885 , -0.19883506
-0.19945636 , -4.117297 , -0.15559499
-0.1302417 , -4.2417107 , -0.1093686
-0.021568058 , -3.195721 , -0.14821891
0.070994236 , -2.1215804 , -0.19686012
-0.074348114 , -2.8490808 , -0.2088743
-0.1759429 , -3.9020627 , -0.16324112
-0.15286283 , -4.441409 , -0.103010625
-0.040727206 , -3.3990877 , -0.13962348
0.05454318 , -2.333329 , -0.18643524
0.36848554 , -1.2012757 , -0.027556714
0.3927362 , -2.2025743 , -0.009216946
0.52294374 , -3.5600016 , 0.050412867
0.72614753 , -4.892876 , 0.09673906
0.63134784 , -3.5600767 , 0.05283171
0.50393474 , -2.202795 , 0.019663405
0.051960524 , -1.7800295 , -0.24308708
0.3599974 , -1.821502 , -0.026343621
0.484369 , -3.1851301 , 0.033966362
0.6275746 , -4.5181527 , 0.09132686
0.6698221 , -3.9338214 , 0.062365424
0.5372566 , -2.5901897 , 0.028641976
-0.015373064 , -2.104784 , -0.24610397
-0.10374527 , -3.1807756 , -0.19286275
-0.21098307 , -4.227788 , -0.15103735
-0.11399028 , -4.1032586 , -0.11357667
-0.00735353 , -3.0538127 , -0.15368961
0.08344721 , -1.9710377 , -0.20459165
0.19087541 , -1.8621429 , -0.18007135
0.09081126 , -2.8674235 , -0.14279337
0.1397127 , -3.1473734 , -0.12117428
0.24519274 , -2.1446247 , -0.16027996
0.3351936 , -1.1255025 , -0.19911258
-0.11493681 , -4.3197474 , -0.09861919
-0.034559157 , -3.9625542 , -0.10028771
0.03904651 , -3.6958587 , -0.10327525
0.3554935 , -0.87187093 , -0.20828466
0.3012092 , -0.9637329 , -0.20624283
0.22964177 , -1.1805929 , -0.20435973
0.14966688 , -1.5401763 , -0.20591883
0.002728426 , -3.5521712 , -0.120410524
-0.065080665 , -3.7622373 , -0.121957816
-0.14300796 , -4.052838 , -0.12660974
-0.22238249 , -4.4380865 , -0.13331367
0.045270268 , -1.6486793 , -0.24500416
0.12993258 , -1.2540002 , -0.23029466
0.20306104 , -1.002688 , -0.22008972
0.2593412 , -0.8872458 , -0.21384841
0.3222631 , -0.9098723 , -0.20750913
0.2546269 , -1.081971 , -0.20509169
0.17677201 , -1.3959315 , -0.20541036
0.09422627 , -1.8637625 , -0.2095175
0.084752046 , -1.4430629 , -0.23800601
0.16479006 , -1.1121906 , -0.22589976
0.23155542 , -0.92344743 , -0.2169758
0.35296175 , -0.8504774 , -0.20893773
0.2951418 , -0.95476335 , -0.20666915
0.22219068 , -1.1893226 , -0.20516823
0.14160891 , -1.5653056 , -0.20755519
0.036636688 , -1.6784146 , -0.24878307
0.122383066 , -1.2667025 , -0.23255906
0.19712095 , -0.99801135 , -0.22201633
0.2560259 , -0.8672538 , -0.21499409
0.33130854 , -0.8698988 , -0.2085238
0.2652201 , -1.0268112 , -0.20606863
0.18827574 , -1.3237244 , -0.20603828
0.10606701 , -1.7673668 , -0.21110025
0.07651729 , -1.4647576 , -0.24073428
0.15787579 , -1.1175592 , -0.22798043
0.22653301 , -0.9111313 , -0.21869326
0.36017612 , -0.8135773 , -0.20951593
0.30499816 , -0.908701 , -0.20771931
0.23322941 , -1.1267958 , -0.20599134
0.1533303 , -1.4848598 , -0.20796467
0.027916813 , -1.7106761 , -0.25328782
0.11465681 , -1.2813624 , -0.23485528
0.19093838 , -0.9956788 , -0.22396092
0.25226092 , -0.8486874 , -0.21629798
0.34008795 , -0.83103245 , -0.20945072
0.27566093 , -0.9736709 , -0.20704548
0.19966853 , -1.2538044 , -0.20665245
0.117834084 , -1.6758937 , -0.2115026
0.068153374 , -1.4883474 , -0.24360763
0.15075763 , -1.1250768 , -0.23006898
0.22121638 , -0.90107405 , -0.22046229
0.2722738 , -0.8018157 , -0.21581094
0.3146644 , -0.86435956 , -0.20874006
0.24413037 , -1.0663725 , -0.2068225
0.16496888 , -1.4071015 , -0.20829223
0.019125901 , -1.7459737 , -0.25927997
0.10675997 , -1.2979136 , -0.23718497
0.18452036 , -0.9956591 , -0.22591655
0.24808656 , -0.8318472 , -0.21773331
0.34857488 , -0.79294246 , -0.21024655
0.28594783 , -0.92249495 , -0.20802023
0.2109485 , -1.1860977 , -0.2072739
0.12958767 , -1.5884162 , -0.21139877
0.059681416 , -1.5138786 , -0.24665688
0.14344674 , -1.1346661 , -0.23216179
0.21562384 , -0.89333135 , -0.2222695
0.27005973 , -0.78118867 , -0.21650067
0.32412952 , -0.8215935 , -0.2097177
0.2548905 , -1.0080116 , -0.2076656
0.17651346 , -1.33185 , -0.20861003
0.010282936 , -1.785282 , -0.27031684
0.098700225 , -1.3163023 , -0.23954716
0.1778738 , -0.9979032 , -0.22787611
0.24353722 , -0.8169573 , -0.21927412
0.35673517 , -0.7551914 , -0.21084264
0.29607332 , -0.87321764 , -0.20898901
0.22210409 , -1.1205481 , -0.20791534
0.14130244 , -1.5043415 , -0.21117236
0.051108316 , -1.5414537 , -0.24990031
0.13594638 , -1.1462431 , -0.23425438
0.20976692 , -0.8879218 , -0.22410204
0.2671204 , -0.7614627 , -0.21745889
0.33338583 , -0.7802164 , -0.21063477
0.26552293 , -0.9516677 , -0.2085221
0.18798497 , -1.2589629 , -0.20895664
0.105466805 , -1.7106259 , -0.21539055
0.0905194 , -1.3365006 , -0.2419352
0.1710225 , -1.0023518 , -0.22983254
0.23865063 , -0.8041801 , -0.22089466
0.36451268 , -0.7171655 , -0.21113873
0.3060135 , -0.8257582 , -0.20994735
0.23309393 , -1.057111 , -0.20858362
0.15288082 , -1.4232849 , -0.21100436
0.04235808 , -1.5712675 , -0.25327688
0.1282191 , -1.1597184 , -0.23634095
0.20363319 , -0.88483226 , -0.2259477
0.26362148 , -0.7430043 , -0.21862991
0.34242642 , -0.7399927 , -0.21147415
0.2760572 , -0.897296 , -0.20939259
0.19943549 , -1.1883377 , -0.20934936
0.11747124 , -1.6177872 , -0.21421252
0.082327746 , -1.3585016 , -0.24433137
0.1640233 , -1.008931 , -0.23177902
0.23347801 , -0.79362345 , -0.22256987
0.32733515 , -0.6779959 , -0.21479504
0.31575704 , -0.7800018 , -0.21089543
0.24390282 , -0.99572337 , -0.20928195
0.16428633 , -1.344935 , -0.21095033
0.03336693 , -1.6037563 , -0.25651792
0.12022959 , -1.1750365 , -0.2384147
0.19720876 , -0.8840404 , -0.22779463
0.25963044 , -0.7261403 , -0.21994992
0.3512004 , -0.700631 , -0.21224195
0.28642625 , -0.8448795 , -0.21028191
0.21073389 , -1.1199601 , -0.20979176
0.1293517 , -1.5294231 , -0.21334913
0.074018165 , -1.3822302 , -0.24669823
0.15682068 , -1.0175073 , -0.23371004
0.22801228 , -0.7853242 , -0.22427285
0.2804864 , -0.67376757 , -0.21878003
0.3318731 , -1.6519171 , -0.056436587
0.364463 , -2.2590106 , -0.058022913
0.40070146 , -2.940366 , -0.055035435
0.42750213 , -3.635991 , -0.04535177
0.39649448 , -2.8601012 , -0.05465239
0.36101666 , -2.19361 , -0.057027843
0.32966912 , -1.5994687 , -0.055061832
0.42735448 , -3.4310377 , 0.016871113
0.4299074 , -2.6862 , -0.0012251488
0.42706734 , -2.0323231 , -0.008488607
0.4261654 , -1.4473267 , -0.010143921
0.4273807 , -1.5095357 , -0.0094883675
0.4280618 , -2.09388 , -0.0074262368
0.43031716 , -2.7481906 , 0.00019889351
0.42566296 , -3.497562 , 0.020101242
0.40866625 , -3.094833 , -0.051661167
0.37305766 , -2.4082694 , -0.055785764
0.34007043 , -1.7973261 , -0.054992896
0.31204498 , -1.2328705 , -0.052623805
0.4282578 , -1.7743396 , -0.008777243
0.43004707 , -2.3824017 , -0.0041109934
0.431052 , -3.0654643 , 0.0066193785
0.42499095 , -3.5314353 , -0.0459749
0.39312902 , -2.7886903 , -0.05314173
0.35868984 , -2.1423562 , -0.0549062
0.32887918 , -1.5655847 , -0.052546635
0.42975646 , -1.4773769 , -0.0073564253
0.42959732 , -2.0457265 , -0.006691538
0.43123117 , -2.680325 , 0.00013120858
0.42775387 , -3.4012477 , 0.01666306
0.41271102 , -3.1896906 , -0.04883084
0.37844414 , -2.504176 , -0.053508107
0.34581986 , -1.895102 , -0.053208455
0.31892282 , -1.3399881 , -0.05010542
0.4303819 , -1.73684 , -0.007562656
0.43112186 , -2.3263628 , -0.0036938053
0.4316695 , -2.988295 , 0.005798213
0.42723358 , -3.6332996 , -0.045034323
0.39820772 , -2.8827217 , -0.050565258
0.36433297 , -2.2385137 , -0.052885007
0.33452523 , -1.6643952 , -0.050869055
0.43213028 , -1.4470116 , -0.004745815
0.4313349 , -2.0010204 , -0.0059061893
0.43229195 , -2.6162286 , 0.00016796446
0.4295509 , -3.3113878 , 0.014128605
0.41646627 , -3.2836227 , -0.04622403
0.3837051 , -2.598462 , -0.05120246
0.35145688 , -1.9913924 , -0.05140251
0.32497105 , -1.4432213 , -0.048174344
0.43269566 , -1.7022864 , -0.0062284614
0.4324559 , -2.273921 , -0.0032205477
0.4325436 , -2.9155145 , 0.0052069426
0.4234344 , -3.6677508 , 0.028456245
0.40290776 , -2.9751902 , -0.048028834
0.36982125 , -2.333162 , -0.050834797
0.34012127 , -1.7613888 , -0.049230374
0.43442297 , -1.417582 , -0.0014004249
0.43325976 , -1.9596925 , -0.0050556646
0.43341672 , -2.5558817 , 0.00029739202
0.43092766 , -3.2274122 , 0.012259243
0.41984588 , -3.3771129 , -0.044044264
0.38881916 , -2.6911204 , -0.04888809
0.35699594 , -2.0862174 , -0.049580168
0.33060357 , -1.5433255 , -0.046659354
0.43516377 , -1.6704124 , -0.004746045
0.434018 , -2.225009 , -0.0026887932
0.4336002 , -2.846842 , 0.004809631
0.4257805 , -3.5650537 , 0.023256062
0.40726227 , -3.0661852 , -0.04558712
0.37515846 , -2.4262612 , -0.048762705
0.34563452 , -1.856707 , -0.047603406
0.4361842 , -1.3877367 , 0.0018526578
0.43538728 , -1.9216257 , -0.0041312426
0.43469352 , -2.4991996 , 0.00051113067
0.43221128 , -3.1486793 , 0.01088065
0.42262095 , -3.470816 , -0.042549122
0.39372373 , -2.78213 , -0.046584953
0.36242983 , -2.179575 , -0.047738258
0.33605534 , -1.6408435 , -0.04519957
0.43775642 , -1.6408482 , -0.0031067135
0.43578202 , -2.1795726 , -0.002098373
0.4347733 , -2.7821074 , 0.004575558
0.4279069 , -3.4707258 , 0.01975448
0.41126812 , -3.1558757 , -0.04331048
0.38034284 , -2.5177736 , -0.046674713
0.3510585 , -1.9504415 , -0.045968063
0.32772553 , -1.4248285 , -0.04371591
0.43771145 , -1.8866693 , -0.0031286562
0.43615356 , -2.4461086 , 0.00080053945
0.43351758 , -3.074698 , 0.009873417
0.42456943 , -3.5658643 , -0.042005483
0.39838353 , -2.8714933 , -0.044316944
0.3677472 , -2.271446 , -0.04587335
0.34140065 , -1.7361472 , -0.0437435
0.44041026 , -1.6130795 , -0.0013302822
0.4377464 , -2.137543 , -0.0014514
0.43607157 , -2.7211742 , 0.0044772127
0.42981517 , -3.383467 , 0.017255066
0.4240585 , -3.6852975 , -0.011263374
0.42366108 , -3.6860423 , 0.052556682
0.42805776 , -3.708638 , 0.08692871
0.42477754 , -3.6848028 , 0.05364999
0.42283428 , -3.6866133 , 0.029916046
0.7355888 , -4.750483 , 0.08459124
0.6537671 , -4.4585814 , 0.08314566
0.56535393 , -4.140039 , 0.08465552
0.46062353 , -3.8030035 , 0.08844721
0.43387672 , -3.140106 , 0.0119069815
0.4381175 , -2.522254 , 0.0028515423
0.4406345 , -1.9728079 , -0.0013257123
0.44181797 , -1.4577161 , 0.0031700612
0.5047051 , -4.04656 , 0.11122268
0.5679557 , -4.371969 , 0.107233904
0.62479603 , -4.671693 , 0.105676144
0.3357546 , -1.5656148 , -0.04139901
0.35849562 , -2.0775905 , -0.04342953
0.38719293 , -2.6400676 , -0.043561086
0.4160098 , -3.2747855 , -0.04043661
0.4304773 , -3.3564107 , 0.016633803
0.4367217 , -2.7042615 , 0.004627155
0.43875772 , -2.1286006 , -0.001039513
0.44169402 , -1.6099203 , -0.0005534887
0.343587 , -1.7728542 , -0.04294794
0.3697754 , -2.3055203 , -0.044923484
0.40001023 , -2.902892 , -0.04327578
0.42492697 , -3.5982282 , -0.0419217
0.42616493 , -4.2941866 , 0.038906638
0.42554212 , -4.2471175 , 0.0321546
0.4222593 , -3.8177755 , -0.003061952
0.42201293 , -4.065345 , 0.039691668
0.42021167 , -4.0174856 , 0.03714861
0.42208105 , -3.9068923 , -0.015412515
0.42452353 , -3.7441294 , -0.007182626
0.44543928 , -4.0577335 , -0.049308892
0.44751617 , -4.096341 , -0.049950436
0.42192373 , -3.810724 , -0.00764022
0.45444527 , -4.2642126 , -0.048155528
0.4557138 , -4.3012757 , -0.04821631
0.42137486 , -3.8771145 , -0.0068905964
0.44299665 , -4.4639444 , -0.006871451
0.42228156 , -4.4154954 , 0.03397381
0.4240049 , -3.7396567 , -0.0079949815
0.42129192 , -4.242135 , 0.03390484
0.42066213 , -4.194699 , 0.03385613
0.42183426 , -3.8023546 , -0.007659541
0.41854972 , -4.0209303 , 0.034143213
0.41751027 , -3.9747908 , 0.033616852
0.42179248 , -3.8645284 , -0.0074314666
0.4236492 , -3.735466 , -0.0074729114
0.44168568 , -4.0125628 , -0.04764088
0.38088667 , -3.5310698 , 0.113557905
0.42546654 , -3.9715314 , 0.005619944
0.38801906 , -3.6408017 , 0.07039463
0.41159827 , -3.6619754 , 0.09062463
0.41911414 , -3.7264569 , 0.026829721
0.42931452 , -3.8530905 , -0.036780257
0.3719906 , -3.6837268 , 0.05961466
0.3973763 , -4.0427556 , 0.03461992
0.41537094 , -3.834243 , 0.02960771
0.411106 , -3.7159057 , 0.048023272
0.40711442 , -3.6564014 , 0.079731606
0.41469285 , -3.682941 , 0.065276176
0.4231545 , -3.76311 , 0.00075986853
0.41560563 , -3.8361182 , 0.029360391
0.41224813 , -3.7200973 , 0.045861628
0.40881318 , -3.6628408 , 0.07685505
0.4148877 , -3.6798198 , 0.070340775
0.42240995 , -3.7491128 , 0.0060115773
0.41538304 , -3.8370168 , 0.029491363
0.4133251 , -3.7236965 , 0.043773096
0.410403 , -3.6685448 , 0.07406356
0.41521025 , -3.6777387 , 0.07540113
0.42179886 , -3.7367153 , 0.011252729
0.4142069 , -3.8371835 , 0.030128656
0.4143401 , -3.7266593 , 0.04176161
0.41189018 , -3.6735425 , 0.07134101
0.41565505 , -3.676644 , 0.08046695
0.42131597 , -3.725848 , 0.016481098
0.4282756 , -3.8304274 , -0.044371963
0.41529527 , -3.7289445 , 0.039835095
0.41328046 , -3.6778533 , 0.068678215
0.41621628 , -3.676477 , 0.08554849
0.42095944 , -3.7164652 , 0.021693625
0.4271517 , -3.807916 , -0.04021505
0.4161915 , -3.7305052 , 0.037999187
0.2196335 , 0.2676661 , -0.24014363
0.27995753 , 0.38244602 , -0.23934765
0.34249982 , 0.5244955 , -0.23822072
0.410943 , 0.6744364 , -0.24048097
0.23311935 , 0.26006165 , -0.23889285
0.29432458 , 0.39187914 , -0.23814991
0.35882413 , 0.54921675 , -0.2374757
0.42625383 , 0.68932074 , -0.24145587
0.24690644 , 0.25947568 , -0.23772562
0.30921036 , 0.40728953 , -0.23701921
0.37566742 , 0.57504565 , -0.23710057
0.19926476 , 0.11570897 , -0.23718423
0.26100653 , 0.26527348 , -0.23662974
0.32464355 , 0.42769372 , -0.23601179
0.3928093 , 0.5994941 , -0.23713751
0.2123956 , 0.113013156 , -0.23593873
0.2754748 , 0.27679837 , -0.23559539
0.3406101 , 0.45173055 , -0.2351956
0.40969014 , 0.620131 , -0.23760541
0.22625928 , 0.11702776 , -0.23481351
0.29035977 , 0.2933556 , -0.23462397
0.35705033 , 0.47768596 , -0.23463507
0.4249658 , 0.634772 , -0.2384864
0.24052727 , 0.12697007 , -0.23380361
0.30568865 , 0.31414306 , -0.23373559
0.3738512 , 0.5036032 , -0.23438095
0.19115685 , -0.056719013 , -0.2330043
0.2551454 , 0.14199106 , -0.2328954
0.3214604 , 0.33816162 , -0.23296829
0.39079562 , 0.5274286 , -0.2344682
0.20443526 , -0.04743767 , -0.2318808
0.27012295 , 0.16124663 , -0.23207323
0.33764082 , 0.36416516 , -0.2323687
0.4073887 , 0.54715806 , -0.23491587
0.21864866 , -0.032433294 , -0.23090768
0.28546947 , 0.1839121 , -0.23132986
0.3541592 , 0.39068174 , -0.2319811
0.4225455 , 0.56098175 , -0.23571491
0.23336716 , -0.012714805 , -0.23008129
0.30117944 , 0.20913038 , -0.23067467
0.37089783 , 0.41609463 , -0.23184133
0.1823296 , -0.2338746 , -0.22896038
0.24846606 , 0.010666937 , -0.2293809
0.317228 , 0.23593257 , -0.23013242
0.38764566 , 0.43874326 , -0.23197624
0.19575572 , -0.21307819 , -0.2279832
0.2639048 , 0.03673082 , -0.22877969
0.33356678 , 0.26319483 , -0.22973403
0.4039603 , 0.4570223 , -0.23240338
0.21029463 , -0.18765563 , -0.22718823
0.27965438 , 0.064596325 , -0.22826017
0.3501192 , 0.28966108 , -0.22950742
0.41893995 , 0.46948653 , -0.2331205
0.22543484 , -0.1588577 , -0.22656931
0.34437314 , -0.13145609 , -0.22213979
0.4096241 , 0.033110425 , -0.22521889
0.21023515 , -0.65345037 , -0.2167446
0.28688574 , -0.34321222 , -0.21947718
0.3599205 , -0.12028638 , -0.22235718
0.14941444 , -0.9995635 , -0.21327083
0.22712578 , -0.6067225 , -0.21699259
0.3032279 , -0.31618166 , -0.21964543
0.37476054 , -0.11518676 , -0.22252013
0.16545764 , -0.93325955 , -0.21375409
0.24394847 , -0.564424 , -0.21716416
0.31930017 , -0.29490644 , -0.21984597
0.38840523 , -0.115803085 , -0.22258353
0.18230666 , -0.8720619 , -0.21438342
0.26063654 , -0.52679956 , -0.21729921
0.33499512 , -0.28002813 , -0.2200534
0.40010348 , -0.12142604 , -0.22254325
0.19940013 , -0.8168297 , -0.21488217
0.2771283 , -0.49436644 , -0.21742722
0.35016507 , -0.27193803 , -0.22022144
0.13694094 , -1.1841575 , -0.21112508
0.21644853 , -0.7672384 , -0.2151799
0.29334873 , -0.46780413 , -0.21755947
0.36457816 , -0.2706069 , -0.22027807
0.15339999 , -1.1098598 , -0.21208283
0.23334767 , -0.7229906 , -0.21533103
0.30920586 , -0.447818 , -0.21769069
0.37783948 , -0.27538908 , -0.22012842
0.17059653 , -1.0434786 , -0.21300955
0.25004193 , -0.68423176 , -0.21539205
0.32458702 , -0.43501094 , -0.21779965
0.38929617 , -0.28493652 , -0.21970683
0.18788198 , -0.9848345 , -0.21354955
0.2664677 , -0.6514438 , -0.21539687
0.33934554 , -0.42974877 , -0.21784607
0.12384451 , -1.3711091 , -0.20991534
0.20502006 , -0.9327666 , -0.2137398
0.28254336 , -0.6252692 , -0.21536316
0.35327163 , -0.43199447 , -0.21776095
0.1408346 , -1.2893753 , -0.21147957
0.2219478 , -0.8867594 , -0.21368907
0.29816946 , -0.6063716 , -0.21529657
0.36604685 , -0.44107118 , -0.21742368
0.15832795 , -1.2188566 , -0.21252044
0.2386144 , -0.8469326 , -0.21347223
0.31322613 , -0.59531206 , -0.21519049
0.37718213 , -0.45526525 , -0.21663342
0.17571034 , -1.157333 , -0.21277598
0.2549494 , -0.8137487 , -0.21314554
0.32756224 , -0.5924296 , -0.21502076
0.11027871 , -1.5599823 , -0.21047622
0.19287662 , -1.1029776 , -0.2124795
0.27086267 , -0.7878097 , -0.212761
0.34097257 , -0.59769857 , -0.21473888
0.28746614 , 0.7242654 , -0.24565588
0.37131244 , 0.5532054 , -0.25308022
0.1349659 , 1.227432 , -0.24349594
0.2232824 , 0.92803425 , -0.24377069
0.30657944 , 0.6681446 , -0.24763927
0.39127338 , 0.5569296 , -0.25472486
0.15632464 , 1.1184711 , -0.24402587
0.24268308 , 0.84289783 , -0.2446157
0.32573688 , 0.6302654 , -0.24980105
0.41188502 , 0.56985825 , -0.25536558
0.17691681 , 1.0199184 , -0.24449107
0.2619137 , 0.7705928 , -0.24578413
0.3449321 , 0.61058795 , -0.25195143
0.4335058 , 0.5844703 , -0.25498375
0.1968982 , 0.9311325 , -0.24493705
0.28103414 , 0.7127222 , -0.24725612
0.3641598 , 0.60743284 , -0.2537962
0.4527259 , 0.5940436 , -0.25391394
0.21653269 , 0.8522266 , -0.24547951
0.30008233 , 0.6705615 , -0.2489673
0.38352937 , 0.6170101 , -0.2550003
0.14946271 , 0.98177487 , -0.24530229
0.23594469 , 0.7839897 , -0.24621859
0.3190654 , 0.6447434 , -0.2507968
0.40335935 , 0.6337161 , -0.25534183
0.1699272 , 0.8992633 , -0.24577707
0.25518832 , 0.7275958 , -0.24720488
0.33796763 , 0.6348287 , -0.2525491
0.42381483 , 0.65129966 , -0.25483733
0.18988858 , 0.826658 , -0.2462477
0.27428827 , 0.6842656 , -0.24843442
0.35679793 , 0.63885635 , -0.2539648
0.44242164 , 0.66415167 , -0.25372025
0.20951773 , 0.7638858 , -0.24676937
0.29324925 , 0.65493363 , -0.24984802
0.375672 , 0.6531845 , -0.25479057
0.14229545 , 0.8365155 , -0.24634461
0.22892617 , 0.711325 , -0.24741344
0.31205702 , 0.63989127 , -0.2513256
0.39483854 , 0.67292273 , -0.25488278
0.16257966 , 0.76939267 , -0.24677059
0.2481543 , 0.6696788 , -0.24822788
0.3306932 , 0.63840383 , -0.25268567
0.41434404 , 0.6928243 , -0.25426647
0.18253274 , 0.71200854 , -0.24721463
0.26720443 , 0.63972515 , -0.24921678
0.34917715 , 0.6484206 , -0.25371197
0.43235126 , 0.70813537 , -0.25310907
0.20217305 , 0.6642095 , -0.24768937
0.2860584 , 0.6220048 , -0.25033027
0.36761838 , 0.6665907 , -0.25421524
0.1348068 , 0.68339056 , -0.24717328
0.22157808 , 0.62608474 , -0.24823408
0.30468836 , 0.61647797 , -0.25146097
0.19058691 , -0.106536195 , -0.24701789
0.2707799 , 0.14111447 , -0.24547216
0.34365952 , 0.34446052 , -0.24353099
0.12241944 , -0.36039582 , -0.24846566
0.2087125 , -0.07409322 , -0.2463369
0.2868451 , 0.16738364 , -0.24464315
0.35713053 , 0.35590726 , -0.24235797
0.1419808 , -0.32304373 , -0.2478124
0.22627972 , -0.042124722 , -0.24559489
0.30233556 , 0.19068043 , -0.24370037
0.36862698 , 0.36091605 , -0.24112017
0.16109793 , -0.28503907 , -0.24703582
0.24327077 , -0.011426208 , -0.24477345
0.31721652 , 0.2100084 , -0.24265826
0.091579504 , -0.571852 , -0.24904563
0.17965904 , -0.24748479 , -0.24618535
0.25966176 , 0.017121153 , -0.24385418
0.33134237 , 0.22450215 , -0.24153912
0.11120662 , -0.52690005 , -0.24833952
0.19764544 , -0.21115397 , -0.24528758
0.2754285 , 0.0425853 , -0.24283127
0.34430817 , 0.23345573 , -0.24036849
0.13071221 , -0.4814896 , -0.24743918
0.21505073 , -0.17668408 , -0.24433428
0.2905457 , 0.064073674 , -0.24171638
0.35544994 , 0.23634966 , -0.2391725
0.14972942 , -0.43717048 , -0.2464121
0.23185357 , -0.14476237 , -0.24330018
0.30496612 , 0.08083557 , -0.24053691
0.07987288 , -0.7516197 , -0.24925315
0.16816089 , -0.3949399 , -0.24533151
0.24801996 , -0.116181925 , -0.2421647
0.31855962 , 0.09233418 , -0.23932819
0.09948506 , -0.6973504 , -0.24830624
0.18600452 , -0.3553529 , -0.24422058
0.26351097 , -0.09178103 , -0.24092421
0.33100075 , 0.09826725 , -0.23812121
0.1189062 , -0.6444647 , -0.24712496
0.20325574 , -0.31886616 , -0.24305534
0.278283 , -0.072332986 , -0.23959671
0.34172782 , 0.0985312 , -0.23693404
0.13778834 , -0.5945549 , -0.24583216
0.21988536 , -0.2860586 , -0.2417992
0.2922721 , -0.058418293 , -0.23822197
0.06762842 , -0.93457633 , -0.24970092
0.15607359 , -0.54833496 , -0.24452223
0.23584846 , -0.25765243 , -0.24042739
0.3053518 , -0.05031027 , -0.23685561
0.087243795 , -0.87128735 , -0.2484694
0.1737765 , -0.50602883 , -0.24319695
0.25109294 , -0.23442285 , -0.23893611
0.31725553 , -0.047915246 , -0.2355506
0.10653914 , -0.81153756 , -0.24696274
0.19088581 , -0.46789423 , -0.24180658
0.26555902 , -0.21707126 , -0.2373458
0.32752326 , -0.050834652 , -0.23432907
0.12524906 , -0.7567858 , -0.24539122
0.20736016 , -0.43442032 , -0.24030225
0.2791653 , -0.20608568 , -0.23570381
0.054834697 , -1.1203808 , -0.25057867
0.14338093 , -0.7072053 , -0.24384929
0.22314377 , -0.406277 , -0.23865601
0.29177645 , -0.2015844 , -0.23408589
0.07446294 , -1.0483171 , -0.24898876
0.16095403 , -0.662605 , -0.24228896
0.23817419 , -0.3841935 , -0.23686431
0.3031537 , -0.20316374 , -0.2325858
0.09357294 , -0.9824155 , -0.24709515
0.17793848 , -0.6230753 , -0.24063002
0.25237995 , -0.36882687 , -0.23494875
0.31292316 , -0.20986001 , -0.23126797
0.11208367 , -0.92360276 , -0.24523005
0.19427793 , -0.5890463 , -0.23881634
0.26566663 , -0.3606239 , -0.23295891
0.041481882 , -1.3087422 , -0.25221258
0.13007401 , -0.8711884 , -0.24342263
0.20990717 , -0.56115025 , -0.23682237
0.2778874 , -0.35966173 , -0.23097874
0.061098147 , -1.2281436 , -0.25011432
0.14753902 , -0.8245874 , -0.24154723
0.2247567 , -0.5400766 , -0.23465016
0.2888023 , -0.3654285 , -0.22913654
0.07995071 , -1.1570253 , -0.24774581
0.16441995 , -0.7838011 , -0.23950496
0.23874843 , -0.5264414 , -0.23232767
0.29806456 , -0.3765358 , -0.22759378
0.09827387 , -1.0949018 , -0.24552701
0.18064599 , -0.74923384 , -0.23724906
0.25178236 , -0.5206645 , -0.22990885
0.30519563 , -0.3907076 , -0.22640243
0.11616189 , -1.0400025 , -0.24329022
0.19614516 , -0.7214855 , -0.23477341
0.26370993 , -0.52282774 , -0.22747658
0.04704172 , -1.4107091 , -0.25226814
0.1335498 , -0.9915418 , -0.24085352
0.21084456 , -0.70120037 , -0.23210415
0.27429414 , -0.5324844 , -0.225152
0.06561655 , -1.3356692 , -0.24925408
0.15034863 , -0.9495274 , -0.23815112
0.22466406 , -0.6889489 , -0.22928908
0.28316936 , -0.5483387 , -0.22312409
0.08385035 , -1.2707105 , -0.24628389
0.16648136 , -0.9143427 , -0.23521312
0.23750693 , -0.68510425 , -0.22640626
0.2897419 , -0.56749374 , -0.22175282
0.10168328 , -1.2134494 , -0.24291265
0.18186206 , -0.8865886 , -0.2320487
0.24922884 , -0.68974805 , -0.22353312
0.17308538 , 2.0566776 , -0.2644593
0.17038961 , 1.0746127 , -0.25428468
0.14420448 , 0.006073946 , -0.24205388
0.095041774 , -1.0738721 , -0.23166521
0.17245424 , 1.8394305 , -0.26147196
0.16554385 , 0.8243186 , -0.25159943
0.1334307 , -0.2573843 , -0.23908408
0.07917125 , -1.3369384 , -0.23123477
0.17178248 , 1.6135345 , -0.2592724
0.15924747 , 0.56763494 , -0.24869
0.12130461 , -0.5226858 , -0.23629159
0.062266752 , -1.5990617 , -0.2338468
0.17026743 , 1.3766941 , -0.25713524
0.15147753 , 0.30611607 , -0.24565494
0.10786738 , -0.7890625 , -0.23381875
0.16593394 , 2.1333365 , -0.2653359
0.1674188 , 1.1297848 , -0.2547733
0.1422447 , 0.04102585 , -0.2425955
0.093169294 , -1.0558565 , -0.23194109
0.16641647 , 1.9105862 , -0.26203048
0.16303542 , 0.8746566 , -0.25212348
0.1315769 , -0.22661683 , -0.23960316
0.07726876 , -1.3225528 , -0.23125538
0.16716127 , 1.68022 , -0.25974426
0.15706642 , 0.6132096 , -0.24923678
0.11951289 , -0.49595943 , -0.23677208
0.060258422 , -1.5886129 , -0.23324902
0.1667467 , 1.4387116 , -0.257603
0.14952429 , 0.34706587 , -0.24620892
0.10610075 , -0.7662588 , -0.23423485
0.15653074 , 2.2122073 , -0.26600927
0.16464134 , 1.1869359 , -0.25526825
0.14044538 , 0.07751764 , -0.24314152
0.091396764 , -1.0368752 , -0.23223959
0.1595108 , 1.9838617 , -0.26267454
0.16074781 , 0.9268819 , -0.25265017
0.12987441 , -0.19441931 , -0.24012777
0.07546142 , -1.3073462 , -0.23131944
0.16259475 , 1.7490509 , -0.26026374
0.1551034 , 0.6605696 , -0.2497857
0.117860645 , -0.46791783 , -0.23726024
0.058351286 , -1.5774423 , -0.23277229
0.16354392 , 1.502828 , -0.2580907
0.14777638 , 0.3896955 , -0.24676558
0.10445922 , -0.74226546 , -0.23466265
0.14183348 , 2.293665 , -0.27029026
0.16220975 , 1.2461041 , -0.2557701
0.13883613 , 0.11558384 , -0.24369119
0.089733645 , -1.016843 , -0.23255898
0.15237771 , 2.0594463 , -0.26335046
0.158776 , 0.9810265 , -0.25317886
0.12834626 , -0.1607515 , -0.24065739
0.0737568 , -1.2912102 , -0.23142502
0.15879835 , 1.820125 , -0.26084313
0.15341878 , 0.7097445 , -0.2503355
0.116366334 , -0.438511 , -0.237755
0.056615934 , -1.5653228 , -0.23239669
0.16103335 , 1.5691022 , -0.25859895
0.14627422 , 0.43403447 , -0.24732381
0.10295687 , -0.7170196 , -0.23510092
0.03511947 , -1.868716 , -0.24049716
0.16702978 , 2.300516 , -0.26255837
0.14266905 , 0.8745205 , -0.251697
0.0928714 , -0.5110222 , -0.23883848
0.016104693 , -1.8341036 , -0.23206149
0.20039506 , 2.4550755 , -0.30776417
0.18902977 , 2.2723737 , -0.29603133
0.21896683 , 2.5833263 , -0.29946345
0.21509816 , 2.3888555 , -0.29620785
0.20913725 , 2.2037444 , -0.2927456
0.20205025 , 2.0306635 , -0.28874162
0.22180031 , 2.2738585 , -0.28918087
0.21792221 , 2.0893316 , -0.28615376
0.21297966 , 1.9163407 , -0.2830595
0.20796987 , 1.7549541 , -0.27991056
0.20475988 , 1.6047633 , -0.27675965
0.21652901 , 1.7524681 , -0.27663004
0.21222828 , 1.5934833 , -0.27391326
0.20810075 , 1.4450834 , -0.27117148
0.20503256 , 1.3068571 , -0.26840156
0.2042915 , 1.1783848 , -0.26561946
0.20731886 , 1.242337 , -0.26510546
0.20357178 , 1.1072837 , -0.2625555
0.20063397 , 0.9815423 , -0.2599777
0.19915244 , 0.8648122 , -0.25737154
0.1988437 , 0.8696804 , -0.2565258
0.19516979 , 0.7477498 , -0.25408846
0.19222966 , 0.63441443 , -0.2516382
0.19042896 , 0.52943337 , -0.24917
0.19010103 , 0.43258038 , -0.24669348
0.1834642 , 0.3711579 , -0.24582317
0.18034494 , 0.26988015 , -0.24349333
0.17830077 , 0.17637944 , -0.24116223
0.17752409 , 0.09046396 , -0.23883362
0.1780964 , 0.011933161 , -0.23652108
0.16536885 , -0.10897664 , -0.23562983
0.16300392 , -0.19137722 , -0.2334413
0.16190238 , -0.26663953 , -0.23127006
0.16207443 , -0.33493963 , -0.22912836
0.14756194 , -0.5002789 , -0.22810799
0.14472476 , -0.5719665 , -0.2260661
0.14325948 , -0.6368148 , -0.22406301
0.14317016 , -0.6949794 , -0.22211643
0.14427672 , -0.746717 , -0.22026177
0.123575054 , -0.9644196 , -0.21912828
0.12154471 , -1.0189309 , -0.21733981
0.12122667 , -1.0668755 , -0.21566294
0.12232227 , -1.1085863 , -0.21414346
0.12441901 , -1.1445755 , -0.21282788
0.0964953 , -1.411797 , -0.2115977
0.09588939 , -1.4493519 , -0.2104584
0.09724875 , -1.4810181 , -0.20956756
0.099886626 , -1.5073345 , -0.2089464
0.06746076 , -1.8105923 , -0.20865002
0.0662121 , -1.8380581 , -0.20908596
0.0681351 , -1.8613399 , -0.2099306
0.071783245 , -1.8807256 , -0.21112947
0.104459934 , 2.433371 , -0.24843116
0.12363297 , 2.7637472 , -0.23603888
0.121092826 , 2.5665648 , -0.2345598
0.118237324 , 2.3737683 , -0.23402506
0.11435269 , 2.1913652 , -0.23537181
0.111787215 , 2.0215743 , -0.23650846
0.114868134 , 2.273703 , -0.23550215
0.11466255 , 2.0910208 , -0.23670886
0.11392852 , 1.9200696 , -0.23807052
0.11369269 , 1.7608839 , -0.23936073
0.107573666 , 1.9392369 , -0.23933949
0.1084549 , 1.7704566 , -0.24047776
0.10895928 , 1.6127511 , -0.24156903
0.109746344 , 1.4657332 , -0.24255747
0.11218009 , 1.3289346 , -0.2434073
0.10023546 , 1.4191519 , -0.24375834
0.101096526 , 1.2752799 , -0.24451043
0.10223236 , 1.1411277 , -0.24518028
0.104335144 , 1.0163544 , -0.24575883
0.10818882 , 0.90063757 , -0.24625488
0.09080777 , 0.9145116 , -0.24659802
0.09188904 , 0.7932011 , -0.24701385
0.09373833 , 0.680553 , -0.24737245
0.09679884 , 0.5763184 , -0.24767639
0.07828204 , 0.53572756 , -0.24794517
0.07896584 , 0.42691335 , -0.2481817
0.08047675 , 0.32614082 , -0.248388
0.08301998 , 0.2332024 , -0.24856256
0.08677644 , 0.14789398 , -0.24870834
0.06356617 , 0.045788337 , -0.24889885
0.064588256 , -0.043513093 , -0.24902193
0.06667528 , -0.12547496 , -0.24913244
0.06991221 , -0.20026924 , -0.24922368
0.074264206 , -0.26810083 , -0.24928519
0.046074286 , -0.42623013 , -0.24950066
0.047646686 , -0.4975487 , -0.24962077
0.05049563 , -0.5620291 , -0.24972919
0.054506335 , -0.6198707 , -0.2498014
0.025001386 , -0.8208756 , -0.25007626
0.025847273 , -0.8817816 , -0.25030228
0.028319031 , -0.9360004 , -0.25053132
0.032184344 , -0.98375636 , -0.2507207
0.037074283 , -1.0254397 , -0.25083944
0.0014003982 , -1.2773001 , -0.25155228
0.0032936598 , -1.321099 , -0.2520651
0.007057518 , -1.3586003 , -0.2525807
0.012100016 , -1.3903301 , -0.25308946
0.017847613 , -1.4168715 , -0.2536012
-0.024078986 , -1.71424 , -0.25496498
-0.020652985 , -1.7420217 , -0.2562564
-0.015612135 , -1.7651186 , -0.2580071
-0.009598201 , -1.7834597 , -0.26051652
-0.05236254 , -2.1025047 , -0.26115295
0.3618725 , -0.8009563 , -0.2660662
0.36724183 , -0.6281945 , -0.2707901
0.36186656 , -0.5101591 , -0.25414008
0.36733493 , -0.37406713 , -0.25673175
0.3731625 , -0.24618505 , -0.25934732
0.3787799 , -0.12654075 , -0.26150697
0.38410568 , -0.01510563 , -0.26318035
0.38895437 , 0.08819484 , -0.26424715
0.39342067 , 0.18345264 , -0.26485786
0.39748603 , 0.27078956 , -0.2650371
0.40120146 , 0.35035422 , -0.2648962
0.40456527 , 0.42230883 , -0.26446468
0.4075687 , 0.4868093 , -0.26380306
0.41017497 , 0.5439857 , -0.26291472
0.42306915 , 0.64113945 , -0.24973762
0.42571157 , 0.67467004 , -0.24934442
0.42823082 , 0.701894 , -0.24888669
0.43057168 , 0.723015 , -0.24836637
0.43270153 , 0.73821163 , -0.24777858
0.4346025 , 0.7476452 , -0.24714027
0.4362605 , 0.7514662 , -0.24645627
0.43766248 , 0.749817 , -0.245739
0.43879187 , 0.7428325 , -0.24498978
0.43962514 , 0.730638 , -0.24420927
0.44012773 , 0.71334517 , -0.24338743
0.4402444 , 0.69104457 , -0.2425039
0.45243943 , 0.7339054 , -0.23351268
0.45170328 , 0.6913713 , -0.2330941
0.45074764 , 0.6449024 , -0.23269169
0.44952622 , 0.5946853 , -0.23228501
0.44800463 , 0.54088235 , -0.23184697
0.44616356 , 0.48363984 , -0.23137261
0.44397518 , 0.42309442 , -0.23083237
0.4414243 , 0.3593747 , -0.23022364
0.4384779 , 0.29260406 , -0.22950773
0.43511033 , 0.22289988 , -0.22867514
0.43129134 , 0.15037307 , -0.227689
0.42698222 , 0.07512644 , -0.2265383
0.43560994 , 0.043697722 , -0.22153814
0.43072212 , -0.04454552 , -0.22054344
0.42529473 , -0.13420409 , -0.21946687
0.41959968 , -0.2251531 , -0.21803874
0.41331726 , -0.31727865 , -0.21648695
0.40666184 , -0.41049692 , -0.21454935
0.3993816 , -0.50467324 , -0.21238482
0.5100353 , -0.84244376 , -0.24000621
0.508459 , -0.6783585 , -0.24112894
0.5063336 , -0.5205326 , -0.24236907
0.50295854 , -0.37131464 , -0.24314165
0.49920005 , -0.23239402 , -0.24408568
0.4895454 , -0.123414785 , -0.26339066
0.48734736 , -0.014165665 , -0.2639242
0.48490688 , 0.08701612 , -0.26406935
0.48208418 , 0.18034388 , -0.26368615
0.47902355 , 0.26597786 , -0.2630245
0.47573644 , 0.34406272 , -0.26204145
0.47226655 , 0.41474593 , -0.26086095
0.4686576 , 0.47817963 , -0.25948754
0.46492338 , 0.53451794 , -0.25800413
0.4610891 , 0.58390826 , -0.25643426
0.45713553 , 0.6264827 , -0.2548485
0.45303276 , 0.66234654 , -0.25329232
0.45828348 , 0.7502038 , -0.2669665
0.45410895 , 0.76298803 , -0.26494944
0.4498473 , 0.77002716 , -0.2628315
0.44548556 , 0.77152383 , -0.26067257
0.44101942 , 0.7676517 , -0.25850645
0.4364488 , 0.7585674 , -0.25636247
0.43177173 , 0.7444172 , -0.2542581
0.4269836 , 0.7253394 , -0.25220776
0.422074 , 0.7014653 , -0.25022343
0.41702318 , 0.6729173 , -0.24831414
0.41180003 , 0.63980514 , -0.24649693
0.40634894 , 0.60222054 , -0.24478884
0.41122523 , 0.62766755 , -0.25463286
0.4050308 , 0.57116956 , -0.2525026
0.3987934 , 0.5113339 , -0.25035626
0.39246765 , 0.44833976 , -0.24823515
0.3860235 , 0.38234237 , -0.24613231
0.37943292 , 0.31348094 , -0.2440685
0.37266946 , 0.24188462 , -0.24200664
0.3656958 , 0.16767582 , -0.23995385
0.3584935 , 0.09097335 , -0.23786438
0.35101983 , 0.011896116 , -0.2357522
0.34328225 , -0.06943863 , -0.23359513
0.33524978 , -0.15290532 , -0.23145185
0.34163722 , -0.20012847 , -0.23442562
0.33353975 , -0.29416078 , -0.2315742
0.32526413 , -0.38899735 , -0.22873317
0.3171006 , -0.48446372 , -0.2258562
0.42636 , -0.5802713 , -0.25460607
0.21964337 , 0.5706576 , -0.2383592
0.28433046 , -0.7143445 , -0.23961194
0.35019317 , -2.0474613 , -0.24204163
0.17187402 , 1.4961045 , -0.23562142
0.23613268 , 0.2277217 , -0.2356361
0.30096513 , -1.0584401 , -0.23743093
0.36777705 , -2.4021835 , -0.2399105
0.18753392 , 1.1467987 , -0.23258017
0.25263968 , -0.112660095 , -0.23299953
0.31786212 , -1.4032667 , -0.23530047
0.3853726 , -2.758573 , -0.23766345
0.20411772 , 0.8022004 , -0.2295467
0.26922232 , -0.45118076 , -0.23046467
0.33503786 , -1.7492796 , -0.23318885
0.4019948 , -3.116525 , -0.2352497
0.22087018 , 0.46194178 , -0.22655097
0.28593606 , -0.7885964 , -0.22803377
0.3524855 , -2.0968206 , -0.23106119
0.17427072 , 1.3553808 , -0.22352523
0.23761903 , 0.12554792 , -0.22362302
0.3028256 , -1.1256597 , -0.2256965
0.3701368 , -2.4461024 , -0.22887318
0.18969546 , 1.0121231 , -0.22027521
0.25436708 , -0.20759393 , -0.22078903
0.3199212 , -1.4630686 , -0.22343351
0.3877111 , -2.797148 , -0.22656511
0.20630969 , 0.6742855 , -0.21703334
0.271156 , -0.53822565 , -0.21806599
0.33723614 , -1.8014414 , -0.2212191
0.40435582 , -3.149735 , -0.22407225
0.22318761 , 0.3415276 , -0.21382649
0.2880308 , -0.867167 , -0.21545807
0.3547576 , -2.1412923 , -0.21901746
0.41838583 , -3.503431 , -0.22136635
0.24007276 , 0.013382245 , -0.21068917
0.30503118 , -1.1952502 , -0.21295813
0.37240514 , -2.4829664 , -0.21677488
0.19327524 , 0.86283857 , -0.20710447
0.2569307 , -0.3107962 , -0.20765355
0.32218757 , -1.5232759 , -0.21055233
0.3899007 , -2.8265405 , -0.21441776
0.209792 , 0.5333514 , -0.20365465
0.273785 , -0.6318143 , -0.20473959
0.33951548 , -1.851992 , -0.20822124
0.4064856 , -3.171754 , -0.21186751
0.22666845 , 0.20967846 , -0.200236
0.29067278 , -0.95056874 , -0.20195115
0.3570003 , -2.182064 , -0.20593327
0.42071342 , -3.518055 , -0.20907894
0.24356139 , -0.108633384 , -0.19688971
0.30763325 , -1.2679621 , -0.1992802
0.37455297 , -2.5139942 , -0.20363404
0.19832882 , 0.69982046 , -0.19314253
0.26039428 , -0.42227757 , -0.19365536
0.40773278 , -3.0732598 , -0.072003454
0.3031576 , -1.1734561 , -0.06801847
0.33734047 , -1.8010416 , -0.06931134
0.37652835 , -2.4966762 , -0.06924501
0.41793194 , -3.2837546 , -0.06657969
0.31480926 , -1.3727045 , -0.06413165
0.34883606 , -1.9971325 , -0.06590717
0.38766283 , -2.6954365 , -0.064685196
0.42674026 , -3.4965634 , -0.060589883
0.3259568 , -1.5652478 , -0.0609373
0.36004955 , -2.1900184 , -0.062439755
0.3981443 , -2.890852 , -0.05980673
0.15675662 , 2.3691685 , -0.21782562
0.2476478 , 1.2680372 , -0.21737914
0.32404974 , 0.2860308 , -0.2195202
0.41156662 , -0.5857369 , -0.22057386
0.18478307 , 2.1129632 , -0.21443829
0.26678035 , 1.0140843 , -0.21641469
0.34356225 , 0.041791964 , -0.21862112
0.43825722 , -0.83976954 , -0.21867903
0.20774342 , 1.846107 , -0.21276177
0.2855269 , 0.7578617 , -0.21558791
0.3637978 , -0.20796442 , -0.21754943
0.46938565 , -1.1079228 , -0.2173242
0.22849937 , 1.5745438 , -0.21167803
0.30416915 , 0.49929693 , -0.2147787
0.38510954 , -0.4652926 , -0.21619792
0.5117264 , -1.3718947 , -0.2203675
0.24802722 , 1.3005744 , -0.21086614
0.32295367 , 0.2377094 , -0.21389145
0.40792382 , -0.7328213 , -0.21446311
0.1876157 , 2.2016394 , -0.20729554
0.26684356 , 1.025177 , -0.21016884
0.34211662 , -0.028115353 , -0.2128392
0.4326996 , -1.012682 , -0.21257712
0.20968284 , 1.9121697 , -0.20572938
0.40803373 , -0.8225903 , -0.2112562
0.19102018 , 2.2125342 , -0.20407851
0.2684761 , 1.0053666 , -0.20703736
0.3430373 , -0.08337061 , -0.20977086
0.43213204 , -1.1135006 , -0.20953697
0.21247022 , 1.9136486 , -0.2025139
0.28674966 , 0.7194866 , -0.20637092
0.3626497 , -0.36540127 , -0.20835534
0.4590062 , -1.4097614 , -0.20931283
0.23214722 , 1.611116 , -0.20167482
0.3049396 , 0.43208537 , -0.2055667
0.3830579 , -0.6556001 , -0.20663351
0.49171484 , -1.6972984 , -0.21118003
0.25088674 , 1.3078547 , -0.20109639
0.3232552 , 0.14200391 , -0.20455448
0.40443078 , -0.9554806 , -0.20475052
0.19442588 , 2.265906 , -0.19808003
0.2690819 , 1.0047293 , -0.20053817
0.34188384 , -0.15230386 , -0.20327681
0.42701864 , -1.2639343 , -0.20328514
0.2151688 , 1.9516685 , -0.19633093
0.28699544 , 0.7015219 , -0.19986862
0.36099058 , -0.45262396 , -0.20170201
0.45186248 , -1.5746931 , -0.20305319
0.23420036 , 1.6333693 , -0.19530474
0.30483678 , 0.39735976 , -0.19900317
0.380704 , -0.76061624 , -0.19987601
0.48076805 , -1.8786343 , -0.20389707
0.25239447 , 1.314372 , -0.19460487
0.322784 , 0.09092212 , -0.19788173
0.40112615 , -1.0768691 , -0.19804057
0.19812 , 2.2968166 , -0.19209038
0.2701321 , 0.99589163 , -0.19395508
0.3409888 , -0.21939941 , -0.19646777
0.4225301 , -1.3993188 , -0.19668807
0.21825366 , 1.970285 , -0.19030973
0.2876406 , 0.6778235 , -0.19318871
0.25083753 , 1.6350516 , -0.14844175
0.30419335 , 0.31638727 , -0.14897047
0.36063755 , -1.0111241 , -0.14793132
0.42648903 , -2.3737583 , -0.14655307
0.26557618 , 1.2800789 , -0.14670375
0.31862086 , -0.031882007 , -0.14677802
0.37596083 , -1.3641632 , -0.14532602
0.44399187 , -2.7345285 , -0.14385563
0.28022507 , 0.92832017 , -0.1448157
0.33298078 , -0.37950322 , -0.14440894
0.39158237 , -1.7188194 , -0.14265633
0.45979625 , -3.0970683 , -0.14092788
0.29453737 , 0.57946724 , -0.14278421
0.3473465 , -0.72718376 , -0.14186661
0.40761226 , -2.0750556 , -0.13992473
0.2586863 , 1.5256221 , -0.14018562
0.30855337 , 0.23308718 , -0.14059941
0.36178842 , -1.0755411 , -0.1391734
0.42405277 , -2.4328587 , -0.13710645
0.27251247 , 1.1735961 , -0.1383435
0.32236722 , -0.11139013 , -0.13824552
0.37638858 , -1.4250216 , -0.1363594
0.4404918 , -2.792265 , -0.1341629
0.28649732 , 0.8255992 , -0.13634327
0.3360685 , -0.45464674 , -0.13571158
0.39124236 , -1.7759066 , -0.133448
0.45544297 , -3.1532953 , -0.13105598
0.30020717 , 0.48125586 , -0.13418913
0.3497351 , -0.797405 , -0.13299878
0.4064288 , -2.1283689 , -0.1304487
0.26752076 , 1.3992581 , -0.1315355
0.3136075 , 0.14008117 , -0.1318715
0.36344102 , -1.1403437 , -0.13012059
0.42191443 , -2.4825065 , -0.1273604
0.2803624 , 1.052021 , -0.12957934
0.32676774 , -0.19853638 , -0.1293761
0.3772651 , -1.4840425 , -0.1270963
0.43730697 , -2.8383105 , -0.12417622
0.29361323 , 0.7095711 , -0.12746942
0.33977288 , -0.5353157 , -0.12669246
0.39128974 , -1.8289686 , -0.123944215
0.4513701 , -3.1956146 , -0.12088446
0.3066602 , 0.37152538 , -0.12520452
0.35270214 , -0.87102944 , -0.12381944
0.40557247 , -2.175475 , -0.12068106
0.27735183 , 1.2563801 , -0.12248567
0.3193925 , 0.03738197 , -0.122770615
0.36562854 , -1.206439 , -0.12076442
0.4200625 , -2.523762 , -0.11732501
0.2891589 , 0.9156864 , -0.12041103
0.3318538 , -0.29350734 , -0.12015008
0.37862352 , -1.5422516 , -0.117539085
0.43439886 , -2.8738072 , -0.11389463
0.30161187 , 0.5804851 , -0.11819571
0.34412315 , -0.62191767 , -0.11733069
0.3917554 , -1.8790976 , -0.11415743
0.4475371 , -3.2253203 , -0.11040085
0.31393299 , 0.25042745 , -0.11583017
0.3562779 , -0.9486906 , -0.11430989
0.40506664 , -2.217495 , -0.11063937
0.28816617 , 1.0979214 , -0.11301606
0.32593954 , -0.07498609 , -0.113291994
0.368385 , -1.2746706 , -0.11109237
0.41850328 , -2.557771 , -0.10701588
0.29891255 , 0.7653042 , -0.11082868
0.33765227 , -0.3964449 , -0.11055712
0.38050288 , -1.6006656 , -0.10768482
0.43174714 , -2.8999538 , -0.1033257
0.31051478 , 0.43887514 , -0.10851981
0.3491447 , -0.71479684 , -0.10761133
0.39268255 , -1.9274317 , -0.10409547
0.44391313 , -3.2437174 , -0.09960193
0.32204783 , 0.1183395 , -0.10606664
0.36048973 , -1.0309603 , -0.10445345
0.40495265 , -2.2556374 , -0.10034048
0.45347396 , -3.5884588 , -0.095863394
0.3332684 , -0.19680439 , -0.10343444
0.37174335 , -1.3458431 , -0.10108956
0.41726452 , -2.5857732 , -0.096453376
0.3096196 , 0.60152745 , -0.1008363
0.34418097 , -0.5073138 , -0.100591406
0.3829455 , -1.6603074 , -0.09752432
0.42935303 , -2.918015 , -0.09248592
0.32033092 , 0.2852581 , -0.09845159
0.3548557 , -0.8141345 , -0.0975233
0.39412433 , -1.9751755 , -0.09375866
0.44048035 , -3.2521229 , -0.088494115
0.33101556 , -0.024341816 , -0.09592642
0.3653589 , -1.1182657 , -0.09423499
0.40529045 , -2.2912292 , -0.08979693
0.44931826 , -3.5874753 , -0.08451815
0.34138876 , -0.32780483 , -0.09320842
0.3757317 , -1.420649 , -0.0907386
0.4164002 , -2.6091475 , -0.085660785
0.32125175 , 0.42537123 , -0.09043523
0.3514496 , -0.6260041 , -0.09025781
0.38599113 , -1.7221409 , -0.08704035
0.42724648 , -2.9293642 , -0.081400946
0.33104876 , 0.120437466 , -0.08800364
0.3612678 , -0.9200198 , -0.087065175
0.39613715 , -2.023553 , -0.08313473
0.43724024 , -3.2518957 , -0.07709364
0.34082896 , -0.17698099 , -0.08542797
0.37090087 , -1.210931 , -0.08364692
0.4061545 , -2.3257058 , -0.079008706
0.44523582 , -3.576258 , -0.072814144
0.35029525 , -0.46751097 , -0.08263192
0.3803717 , -1.4996785 , -0.08002564
0.41599327 , -2.6294427 , -0.07465646
0.33376122 , 0.23783939 , -0.07964726
0.35945666 , -0.7522213 , -0.07957011
0.38967213 , -1.787052 , -0.076212354
0.4254961 , -2.935539 , -0.07010336
0.34263983 , -0.05474954 , -0.077208154
0.36838466 , -1.0323728 , -0.07624563
0.398772 , -2.0737698 , -0.072198324
0.4342256 , -3.2444813 , -0.06542822
0.3514648 , -0.33887392 , -0.07460878
0.377124 , -1.309119 , -0.07269283
0.40762296 , -2.3605888 , -0.06795461
0.44124508 , -3.556186 , -0.06075334
0.35996935 , -0.61535686 , -0.071740866
0.38567656 , -1.5833613 , -0.06894686
0.41615123 , -2.6484141 , -0.06343933
0.34706703 , 0.040264852 , -0.06850314
0.3681916 , -0.8855752 , -0.06856008
0.39400956 , -1.8557731 , -0.06502465
0.42422014 , -2.938342 , -0.058622498
0.35504934 , -0.23918958 , -0.06611378
0.37620357 , -1.151014 , -0.06509401
0.40206468 , -2.1269152 , -0.060917854
0.43152368 , -3.2315185 , -0.053538885
0.36287686 , -0.50906974 , -0.063526146
0.38403115 , -1.4128785 , -0.061399784
0.40976033 , -2.397382 , -0.056589186
0.4373806 , -3.5286748 , -0.048341136
0.370376 , -0.77056503 , -0.06059214
0.39165264 , -1.6719892 , -0.057523746
0.41698578 , -2.6679802 , -0.051968332
0.36105102 , -0.16596238 , -0.057063445
0.37763393 , -1.0255061 , -0.05728533
0.39901313 , -1.9288698 , -0.053486228
0.42358345 , -2.9399366 , -0.04695604
0.36819547 , -0.43167377 , -0.054804135
0.38471538 , -1.2756221 , -0.053673774
0.40603185 , -2.1838918 , -0.049279265
0.42931044 , -3.2150319 , -0.041473113
0.37499613 , -0.6864886 , -0.052273195
0.3916191 , -1.5221201 , -0.049838297
0.4126011 , -2.4374313 , -0.04486362
0.43373716 , -3.4952865 , -0.035601106
0.3814673 , -0.9322387 , -0.049280547
0.39829946 , -1.7656993 , -0.045830235
0.4185764 , -2.6900632 , -0.040158592
0.37552693 , -0.37912506 , -0.04540648
0.38775757 , -1.1713654 , -0.045853913
0.40468296 , -2.0067172 , -0.04166739
0.4237561 , -2.9428425 , -0.035021957
0.38195527 , -0.63069725 , -0.04339755
0.3939069 , -1.4057968 , -0.042118087
0.41067293 , -2.2453568 , -0.03733687
0.42786455 , -3.1977463 , -0.02923467
0.3877257 , -0.8697764 , -0.040981844
0.3998805 , -1.6366638 , -0.03817034
0.41614577 , -2.4817789 , -0.03279356
0.43057337 , -3.4580889 , -0.022603555
0.39318624 , -1.0992898 , -0.037952647
0.40561113 , -1.8645103 , -0.034057938
0.42093915 , -2.7162921 , -0.027950823
0.43135992 , -3.7276561 , -0.015413431
0.39853433 , -1.3223878 , -0.034460377
0.4110115 , -2.0895317 , -0.029788295
0.42482606 , -2.949602 , -0.022658883
0.39615127 , -0.834514 , -0.0320447
0.40376323 , -1.5410463 , -0.030690165
0.4159746 , -2.3117456 , -0.02533405
0.4274743 , -3.1832519 , -0.016650228
0.40094793 , -1.0573409 , -0.029810451
0.408806 , -1.756231 , -0.02674176
0.42036906 , -2.5311341 , -0.020629935
0.42843315 , -3.4206007 , -0.009407725
0.40548164 , -1.2705295 , -0.026820472
0.41357943 , -1.9683225 , -0.022652846
0.4240287 , -2.747794 , -0.015560767
0.42725903 , -3.668531 , -0.00027979515
0.40994382 , -1.4777685 , -0.023437418
0.4179871 , -2.1773748 , -0.018418835
0.4267317 , -2.9621413 , -0.0099362405
0.4105167 , -1.0408692 , -0.020853065
0.4142763 , -1.6808317 , -0.019873442
0.42191592 , -2.3832753 , -0.013999214
0.42816538 , -3.1752205 , -0.0034379875
0.41455367 , -1.2472631 , -0.018837996
0.4183934 , -1.8804826 , -0.016216768
0.4252307 , -2.5858748 , -0.009317204
0.42785916 , -3.389224 , 0.0045002303
0.41833192 , -1.4447135 , -0.016170131
0.42220452 , -2.0769627 , -0.012494672
0.42776573 , -2.7851326 , -0.004250826
0.4249748 , -3.6088285 , 0.01530162
0.42198822 , -1.6366643 , -0.013350689
0.42560887 , -2.2702153 , -0.008709886
0.42930892 , -2.981293 , 0.0013609024
0.17317389 , 2.4673958 , -0.25859553
0.1874185 , 2.2938821 , -0.22520776
0.22642037 , 1.3031919 , -0.16861133
0.30138624 , -0.1582673 , -0.08860724
0.1739548 , 2.5346339 , -0.25166386
0.19314143 , 2.13695 , -0.21404327
0.24066779 , 0.99594194 , -0.15120076
0.32365462 , -0.524399 , -0.06757804
0.17600845 , 2.540826 , -0.24446622
0.2007025 , 1.9364094 , -0.20134357
0.2571934 , 0.66467214 , -0.13250473
0.34690085 , -0.8898721 , -0.04664298
0.17916833 , 2.4918334 , -0.23630789
0.21031897 , 1.6957892 , -0.18709901
0.27589113 , 0.31457695 , -0.112711154
0.1664924 , 2.5124748 , -0.25981894
0.18352295 , 2.3914018 , -0.22686405
0.22214334 , 1.4198033 , -0.17135227
0.29653242 , -0.048620954 , -0.09210826
0.16835643 , 2.5954368 , -0.2527669
0.18932393 , 2.2419345 , -0.21596445
0.23626643 , 1.1130245 , -0.1541778
0.31870985 , -0.41900435 , -0.07111339
0.17140713 , 2.6151679 , -0.2456099
0.19685152 , 2.0471764 , -0.20351575
0.25268427 , 0.78096515 , -0.13568978
0.34154987 , -0.78969455 , -0.050175544
0.17520018 , 2.5778508 , -0.23770688
0.20637047 , 1.8104846 , -0.18955515
0.27131265 , 0.42885882 , -0.11607309
0.15825216 , 2.5522058 , -0.26097828
0.17986737 , 2.4874449 , -0.22844236
0.2180653 , 1.5368917 , -0.17404234
0.29194823 , 0.06265965 , -0.09559811
0.1623833 , 2.6522255 , -0.25379208
0.18576516 , 2.345983 , -0.21782382
0.23205929 , 1.2308847 , -0.15711215
0.31425482 , -0.31169003 , -0.07465079
0.16699022 , 2.6864028 , -0.24691512
0.19325377 , 2.1575406 , -0.20570908
0.24836878 , 0.89832973 , -0.13885292
0.3376994 , -0.68720233 , -0.053680878
0.17157744 , 2.6615071 , -0.23865955
0.20266229 , 1.9251837 , -0.19183174
0.26693994 , 0.5444447 , -0.119407736
0.14777127 , 2.58488 , -0.2638375
0.1765756 , 2.5818608 , -0.23045528
0.15942208 , -2.7002401 , -0.14134601
0.30967626 , -1.0544949 , -0.20345639
0.21977946 , -2.1105757 , -0.16460125
0.112547606 , -3.1491053 , -0.12373439
0.27483702 , -1.5168053 , -0.187631
0.17698082 , -2.5631216 , -0.14648122
0.062475972 , -3.594429 , -0.10612298
0.23595257 , -1.9753174 , -0.16976734
0.13111682 , -3.0111463 , -0.12877741
0.28980753 , -1.3822716 , -0.19245555
0.19408157 , -2.4272964 , -0.15161063
0.082085274 , -3.4556122 , -0.11132851
0.2517091 , -1.8411973 , -0.17486864
0.14920859 , -2.8744793 , -0.13381612
0.30443943 , -1.2483468 , -0.19709082
0.21072593 , -2.292703 , -0.15671864
0.10119564 , -3.3180785 , -0.11639525
0.26706082 , -1.7080824 , -0.17988238
0.16682339 , -2.7390573 , -0.13885032
0.31875288 , -1.1147323 , -0.20149583
0.22691637 , -2.1592584 , -0.16178691
0.119809166 , -3.181794 , -0.12140198
0.28202277 , -1.5758001 , -0.18478365
0.18396272 , -2.6048143 , -0.14387281
0.33276424 , -0.9810631 , -0.20558886
0.24265616 , -2.0268545 , -0.16679445
0.13792951 , -3.046711 , -0.12637612
0.29661447 , -1.4441172 , -0.18954697
0.20062841 , -2.4716632 , -0.14887157
0.08872363 , -3.4855444 , -0.10923102
0.25794882 , -1.8953508 , -0.17171736
0.1555631 , -2.9127579 , -0.13132696
0.31086034 , -1.3127306 , -0.1941506
0.21682258 , -2.3394961 , -0.15383019
0.107340045 , -3.350857 , -0.11416386
0.2727969 , -1.7645587 , -0.17652786
0.17271827 , -2.7798395 , -0.1362539
0.324792 , -1.1812272 , -0.198584
0.23254804 , -2.20818 , -0.15872797
0.12546383 , -3.2172728 , -0.119077876
0.2871976 , -1.634236 , -0.18119183
0.18940458 , -2.6478357 , -0.14115028
0.33845285 , -1.0490605 , -0.20285898
0.24780984 , -2.0775387 , -0.16353923
0.14312047 , -3.0847006 , -0.12395744
0.3011342 , -1.5040499 , -0.1856652
0.2056361 , -2.516614 , -0.14600454
0.35191658 , -0.91536885 , -0.2069736
0.26262054 , -1.9473525 , -0.16823252
0.16034125 , -2.9530046 , -0.1287975
-0.037944883 , -2.4315937 , -0.22765386
-0.13280989 , -3.4962323 , -0.17801596
-0.2455777 , -4.53807 , -0.13980502
-0.073871024 , -2.8811874 , -0.20421515
-0.17704806 , -3.936427 , -0.15966107
-0.020920958 , -2.2531447 , -0.2332858
-0.113677114 , -3.326505 , -0.18297587
-0.2246823 , -4.3740325 , -0.14330792
-0.05587593 , -2.707819 , -0.2097808
-0.1570808 , -3.769321 , -0.1640303
-0.0037081472 , -2.0745819 , -0.23849104
-0.09474852 , -3.1563761 , -0.18806112
-0.20396431 , -4.2096515 , -0.14707409
-0.038053904 , -2.533655 , -0.21529241
-0.13730769 , -3.6019137 , -0.16855332
0.013679372 , -1.8985149 , -0.2434251
-0.07601208 , -2.9857895 , -0.19324194
-0.18341388 , -4.044949 , -0.15104194
-0.020333199 , -2.3590097 , -0.22061984
-0.117718235 , -3.4341898 , -0.1732137
-0.2331612 , -4.4862146 , -0.13573113
-0.05745742 , -2.8147418 , -0.19847247
-0.1630279 , -3.879937 , -0.15517811
-0.0026433533 , -2.1848447 , -0.22566192
-0.09830896 , -3.2661362 , -0.17799258
-0.21198595 , -4.323758 , -0.1390086
-0.03906733 , -2.6433399 , -0.20368655
-0.14280786 , -3.7146292 , -0.15945987
0.0149863055 , -2.0125005 , -0.2304201
-0.07907903 , -3.0977666 , -0.1828652
-0.19096328 , -4.161009 , -0.14269413
-0.020816592 , -2.4719415 , -0.20880684
-0.12275811 , -3.5490396 , -0.163869
0.032419402 , -1.8431826 , -0.23497544
-0.060027666 , -2.9291413 , -0.18779787
-0.17010048 , -3.997991 , -0.14660811
-0.0026951456 , -2.3011894 , -0.21377067
-0.10288457 , -3.3831978 , -0.16838768
0.04949196 , -1.6775726 , -0.23930362
-0.041151967 , -2.7604253 , -0.19274738
-0.14940618 , -3.8347332 , -0.15068175
0.015265811 , -2.1319172 , -0.21855432
-0.08319354 , -3.2171533 , -0.17299591
-0.19963084 , -4.2846684 , -0.13469839
-0.022450596 , -2.5919259 , -0.19766699
-0.12888967 , -3.6712716 , -0.15488032
0.032992024 , -1.9649113 , -0.22316845
-0.06369115 , -3.0510051 , -0.17766945
-0.17828307 , -4.1235037 , -0.13832591
-0.0039330306 , -2.424109 , -0.20251721
-0.10856071 , -3.5076547 , -0.15918139
0.050394457 , -1.8007542 , -0.22761863
-0.04438355 , -2.8849204 , -0.18238038
-0.15711191 , -3.962184 , -0.14219391
0.014371202 , -2.2575333 , -0.20727442
-0.08842904 , -3.3439553 , -0.16356647
0.06739854 , -1.639771 , -0.23183295
-0.025279604 , -2.719159 , -0.18710001
-0.13613191 , -3.800764 , -0.14621109
0.03241364 , -2.0927534 , -0.2119293
-0.06850439 , -3.1802804 , -0.16801748
0.083961174 , -1.4821099 , -0.23554626
-0.0063953088 , -2.5540662 , -0.19180341
-0.1153563 , -3.6393094 , -0.1503325
0.05013778 , -1.9302227 , -0.21647424
-0.04879721 , -3.016787 , -0.1725158
-0.16587809 , -4.0964103 , -0.133896
0.012243199 , -2.3900445 , -0.19647267
-0.094797514 , -3.4779027 , -0.15453337
0.067493096 , -1.7702621 , -0.22088343
-0.029320305 , -2.8536887 , -0.17704347
-0.14444274 , -3.9369152 , -0.13778058
0.030600607 , -2.227495 , -0.20109585
-0.07446775 , -3.3166533 , -0.15879706
0.084443405 , -1.6130698 , -0.22508661
-0.010090757 , -2.6912498 , -0.18158492
-0.12322847 , -3.7775185 , -0.14177495
0.048637636 , -2.0667713 , -0.20566168
-0.05437955 , -3.1557004 , -0.16311024
0.1009694 , -1.4587653 , -0.2289363
0.008868871 , -2.5297675 , -0.18612795
-0.102251336 , -3.6183124 , -0.14584208
0.0663179 , -1.9081491 , -0.21015184
-0.034546852 , -2.9952192 , -0.16746157
-0.15374357 , -4.078771 , -0.12932244
0.027531402 , -2.3695405 , -0.19066294
-0.08152582 , -3.459403 , -0.14996275
0.08361313 , -1.7518249 , -0.21453245
-0.014986185 , -2.835416 , -0.17184149
-0.13209616 , -3.9212866 , -0.13333598
0.04586779 , -2.2108412 , -0.19518016
-0.06106601 , -3.3009164 , -0.15412663
0.10050495 , -1.5979353 , -0.21874414
0.004283133 , -2.6765149 , -0.17624237
-0.110704415 , -3.7641437 , -0.13737372
0.063850984 , -2.0538926 , -0.19966611
-0.040886313 , -3.1429985 , -0.15832731
0.11698459 , -1.4465775 , -0.22269134
0.023239551 , -2.5187392 , -0.18065774
-0.08958611 , -3.6074467 , -0.14142963
0.0814588 , -1.8988684 , -0.2040996
-0.021002289 , -2.9858122 , -0.16256021
0.1330514 , -1.2978375 , -0.22624306
0.04186077 , -2.3622966 , -0.18508075
-0.068757236 , -3.4513116 , -0.14550339
0.09867556 , -1.7458932 , -0.20844828
-0.0014306138 , -2.8295288 , -0.16682181
-0.12004873 , -3.9141471 , -0.12883079
0.06012603 , -2.2073631 , -0.18950209
-0.048232675 , -3.2958617 , -0.14959754
0.115492344 , -1.5950602 , -0.2126645
0.017810872 , -2.6743193 , -0.1711088
-0.09853826 , -3.75949 , -0.13300495
0.07801787 , -2.0540767 , -0.19390804
-0.028027207 , -3.1412296 , -0.15371503
0.13190609 , -1.4464409 , -0.21668112
0.03670458 , -2.52034 , -0.17541723
-0.0773398 , -3.605541 , -0.13711092
0.095523424 , -1.9025416 , -0.19827874
-0.008155754 , -2.9875495 , -0.15785822
0.14791863 , -1.3001049 , -0.220412
0.055234063 , -2.367724 , -0.17974131
-0.05646935 , -3.4524071 , -0.141182
0.11263463 , -1.75283 , -0.20258683
0.011366701 , -2.8349526 , -0.16202831
0.16353647 , -1.1561192 , -0.2237698
0.07338537 , -2.216578 , -0.1840723
-0.035941448 , -3.3001971 , -0.14524265
0.1293482 , -1.6049957 , -0.20679554
0.03052555 , -2.6835575 , -0.16622484
-0.08670325 , -3.7622244 , -0.12866588
0.09114777 , -2.0669785 , -0.1883977
-0.015769739 , -3.1490185 , -0.14930953
0.14566478 , -1.459077 , -0.21085691
0.04930731 , -2.5334666 , -0.1704453
-0.06548919 , -3.6112099 , -0.13289489
0.10851437 , -1.918976 , -0.19270067
0.0040326435 , -2.9989736 , -0.15339342
0.16158865 , -1.3151114 , -0.21471114
0.067700356 , -2.384757 , -0.1746847
-0.04464131 , -3.4612308 , -0.13701339
0.12548181 , -1.7725972 , -0.19695948
0.023453338 , -2.8501544 , -0.1575005
0.1771273 , -1.1731337 , -0.21829233
0.08569547 , -2.237484 , -0.17893516
-0.024172686 , -3.3123724 , -0.14107941
0.1420503 , -1.6278541 , -0.20114705
0.042481 , -2.702637 , -0.16163322
-0.07520878 , -3.770998 , -0.12435309
0.10328613 , -2.091676 , -0.18318583
-0.0040949048 , -3.1647131 , -0.14512974
0.15822312 , -1.4847431 , -0.20523028
0.061105542 , -2.5564806 , -0.1657906
-0.054054342 , -3.623044 , -0.12878741
0.120468654 , -1.9473408 , -0.18742295
0.015581333 , -3.0183225 , -0.14918652
0.17400663 , -1.3432556 , -0.20916931
0.079318605 , -2.4117239 , -0.16996863
-0.03330388 , -3.4762928 , -0.1330001
0.13724221 , -1.804462 , -0.19162995
0.03484638 , -2.8732572 , -0.15326247
0.18941005 , -1.2033753 , -0.21291776
0.09711375 , -2.2683823 , -0.17416051
-0.012968144 , -3.330799 , -0.13710612
0.15360855 , -1.6630064 , -0.19578762
0.053691514 , -2.7295601 , -0.15736383
0.20444533 , -1.0650883 , -0.21642472
0.11448639 , -2.1264508 , -0.17835689
0.0069435346 , -3.186612 , -0.14117064
0.169572 , -1.5229207 , -0.19987454
0.07210936 , -2.5872567 , -0.16149215
-0.043149423 , -3.639815 , -0.12480675
0.13143386 , -1.9859011 , -0.18254651
0.02642305 , -3.0437667 , -0.14523071
0.18513966 , -1.3841356 , -0.20386739
0.09009357 , -2.4463553 , -0.16564523
-0.022591818 , -3.4962904 , -0.12914285
0.14795516 , -1.8466818 , -0.18671654
0.045463014 , -2.9022892 , -0.1493073
0.20032166 , -1.246563 , -0.20774092
0.10763931 , -2.306844 , -0.16981786
-0.0024855374 , -3.35409 , -0.13330719
0.16405085 , -1.7087171 , -0.1908533
0.06405693 , -2.7621894 , -0.15341188
0.21513152 , -1.1101015 , -0.21146373
0.124742754 , -2.1686904 , -0.1740027
0.01716311 , -3.2132285 , -0.13740535
0.17972288 , -1.5719016 , -0.19494314
0.08219926 , -2.6234617 , -0.15754971
0.22958681 , -0.97463536 , -0.21498401
0.14140086 , -2.0318425 , -0.17819083
0.036348317 , -3.0737092 , -0.14149092
0.19497502 , -1.436097 , -0.19897434
0.099885486 , -2.4860833 , -0.16172172
-0.012787013 , -3.5202785 , -0.12546517
0.15761077 , -1.8962231 , -0.18237261
0.17714223 , -1.8250731 , -0.18308364
0.07651023 , -2.8495572 , -0.14639822
0.22789042 , -1.2366364 , -0.20312497
0.13722168 , -2.272736 , -0.16683869
0.029078566 , -3.2901306 , -0.13048375
0.19219853 , -1.6935133 , -0.18734029
0.09399021 , -2.7157636 , -0.1506167
0.24152602 , -1.1039708 , -0.20713091
0.15324898 , -2.1407452 , -0.17117335
0.04753015 , -3.1555507 , -0.13462022
0.20676541 , -1.562584 , -0.19160494
0.11097705 , -2.5830016 , -0.15489428
0.25469053 , -0.97069746 , -0.21114694
0.16878262 , -2.0095868 , -0.17554921
0.06547721 , -3.0220616 , -0.13878874
0.22082171 , -1.432006 , -0.19588639
0.12747175 , -2.4511535 , -0.15923306
0.01679753 , -3.4582624 , -0.12304537
0.18380795 , -1.8790652 , -0.17997026
0.08292883 , -2.8895543 , -0.14301091
0.23432799 , -1.3014379 , -0.20020555
0.14347419 , -2.3200758 , -0.16363253
0.035219684 , -3.3251982 , -0.12708567
0.19830114 , -1.7489091 , -0.1844461
0.09990317 , -2.7578967 , -0.14729968
0.24719769 , -1.1704465 , -0.20460139
0.15898883 , -2.1895943 , -0.16809186
0.05316269 , -3.193116 , -0.1312205
0.10465512 , -1.5574989 , -0.22370148
0.18607906 , -1.1921613 , -0.21618861
0.25726315 , -0.96959794 , -0.21226326
0.31056488 , -0.87449044 , -0.21106835
-0.14466637 , -4.2559066 , -0.114551775
-0.06523718 , -3.9141746 , -0.1124233
0.008369203 , -3.6606343 , -0.1124453
0.060778853 , -1.7961264 , -0.2311644
0.5008305 , -2.3993492 , 0.020444546
0.6154042 , -3.621117 , 0.054139983
0.44988486 , -1.7696098 , 0.0023499338
0.55192286 , -2.9953787 , 0.036512922
0.6752826 , -4.1976094 , 0.07010989
0.49534267 , -2.3777757 , 0.018976286
0.606622 , -3.5749161 , 0.05277019
0.44598547 , -1.7583978 , 0.00059576915
0.5449263 , -2.9624999 , 0.0351408
0.66490716 , -4.1402297 , 0.06875997
0.4901059 , -2.3577857 , 0.017493512
0.5981102 , -3.530652 , 0.051398575
0.726759 , -4.692935 , 0.08302212
0.5381888 , -2.9315574 , 0.03375873
0.65480596 , -4.084685 , 0.06741242
0.48509595 , -2.3393567 , 0.016017063
0.58986044 , -3.4883215 , 0.050024264
0.71496254 , -4.6260858 , 0.08177858
0.53170377 , -2.9025202 , 0.03236841
0.6449708 , -4.0309916 , 0.06606527
0.48029056 , -2.322483 , 0.014565255
0.5818658 , -3.4479327 , 0.048646856
0.7034386 , -4.561007 , 0.08058371
0.52546364 , -2.875333 , 0.030974368
0.6353951 , -3.9791725 , 0.06471705
0.4756704 , -2.3072681 , 0.013150459
0.57412064 , -3.4094734 , 0.047266476
0.6921812 , -4.4977274 , 0.079390116
0.5194577 , -2.8499818 , 0.029583456
0.6260735 , -3.929238 , 0.06336674
0.47122496 , -2.2937977 , 0.011778125
0.5666191 , -3.3729455 , 0.045884065
0.68118566 , -4.436266 , 0.0781945
0.5136751 , -2.826442 , 0.028203791
0.61700106 , -3.8812058 , 0.062013824
0.46694767 , -2.2822304 , 0.010447702
0.5593557 , -3.3383338 , 0.04450145
