1.1277232 , 3.2496512 , 0.7325725
1.2014414 , 4.2158313 , 0.65158087
1.1732686 , 4.1347814 , 0.50481325
1.084279 , 2.8246417 , 0.32089785
1.1895202 , 4.2853136 , 0.4668034
1.1344671 , 3.7647123 , 0.5938511
0.8915091 , -1.1781671 , 0.14161515
0.8900185 , -1.2230052 , 0.14332236
0.23645519 , 1.5203767 , 0.111903496
0.17531104 , 2.140204 , 0.14667197
1.0149065 , -1.4370524 , 0.10918493
0.40982038 , 0.55807614 , 0.15196025
0.5827108 , -0.44562355 , 0.14717051
0.79149276 , -1.188767 , 0.13244972
0.788549 , -1.4417528 , 0.10939902
0.6131606 , -1.1208612 , 0.08708709
1.2546031 , -1.3138711 , 0.08826588
1.2567704 , -1.4022723 , 0.09290173
1.1243589 , -1.4591705 , 0.12646376
0.33987653 , 0.9914675 , 0.14938618
0.5751626 , -0.9273551 , 0.079699315
0.46421838 , -0.030800631 , 0.068525285
0.35466027 , 1.0348773 , 0.062383804
0.27553314 , 1.6816727 , 0.059617016
0.8111871 , -1.2883633 , 0.12978892
0.7638652 , -1.5398624 , 0.10162348
0.6033033 , -1.118798 , 0.08144734
0.49030286 , -0.2778922 , 0.0687776
1.2616041 , -1.3444779 , 0.079053625
1.0627978 , -1.613351 , 0.10680485
0.3829147 , 0.7318202 , 0.14853922
0.55399 , -0.3269391 , 0.14577423
0.43799236 , 0.20798501 , 0.06303183
0.32418212 , 1.3059961 , 0.05707422
0.27008218 , 1.947297 , 0.059054933
1.1246861 , -1.6558404 , 0.1079926
0.7107766 , -1.5710716 , 0.091465995
0.57504636 , -0.9857472 , 0.073729806
0.46397802 , -0.05127828 , 0.063079745
0.35393938 , 1.0457288 , 0.056331053
0.9927426 , -1.727551 , 0.10419616
0.42419627 , 0.4633971 , 0.14690337
0.5973723 , -0.5812736 , 0.1419901
0.81026256 , -1.3752788 , 0.12834759
0.25868946 , 1.5394863 , 0.08769731
0.2536215 , 2.218118 , 0.056870025
1.0575696 , -1.7895275 , 0.1037613
0.38350692 , 0.7330695 , 0.14568053
0.4813143 , -0.23339121 , 0.06086936
0.371773 , 0.86990905 , 0.05370055
0.23323226 , 1.6669747 , 0.08168709
0.19813557 , 2.0251548 , 0.13721156
0.877657 , -1.5409397 , 0.14483558
0.87543434 , -1.572749 , 0.1439714
0.25782907 , 1.4702178 , 0.13874045
0.44471788 , 0.3235254 , 0.14493884
0.6196932 , -0.72186047 , 0.13921753
0.49205157 , 0.008062849 , 0.14329101
0.674207 , -0.99378616 , 0.13544057
0.9251132 , -1.6964278 , 0.1204097
0.42436057 , 0.32039136 , 0.05350882
0.30262196 , 1.4783487 , 0.048008513
0.2619913 , 2.1314733 , 0.05298349
0.99835867 , -1.948847 , 0.099906094
0.4181297 , 0.5007089 , 0.14332066
0.64250034 , -0.86507607 , 0.13648985
0.92451376 , -1.7349465 , 0.1203214
0.6597599 , -1.5961862 , 0.073896185
0.5208958 , -0.6323376 , 0.058858786
0.39346886 , 0.6404307 , 0.04999526
0.23090866 , 1.6863288 , 0.09854644
0.20846057 , 1.936517 , 0.13396443
0.41831082 , 0.49884307 , 0.14249583
0.5195302 , -0.18127894 , 0.1408582
0.7418761 , -1.3057876 , 0.13014741
0.80707145 , -1.9816314 , 0.08495557
0.59844404 , -1.273193 , 0.06473208
0.46792948 , -0.13735579 , 0.053070918
0.337562 , 1.2095256 , 0.045468505
0.2666579 , 2.0715718 , 0.05123549
1.2400259 , -1.9177433 , 0.0798788
1.2357304 , -2.0030515 , 0.08160984
0.7691961 , -1.4260461 , 0.12802543
1.1094449 , -2.0323205 , 0.11188199
0.6598571 , -1.6605436 , 0.06954494
0.5387542 , -0.81865925 , 0.056892544
0.42837763 , 0.26372465 , 0.048878398
0.30831644 , 1.4532136 , 0.044038635
0.20390429 , 2.052566 , 0.13322598
0.1847471 , 2.2513554 , 0.1345402
0.25023416 , 2.3363743 , 0.04974734
1.2366636 , -2.0989563 , 0.08735722
0.56636614 , -3.0686178 , 0.11738578
0.6110767 , -3.0850422 , 0.10202305
0.7922423 , -4.1819873 , 0.057053596
0.73106337 , -3.842501 , 0.057668395
0.88414365 , -5.5294876 , -0.031114556
0.88506716 , -5.2476234 , -0.034083266
0.89867234 , -2.27676 , 0.10288624
0.7113227 , -5.2994843 , 0.09870592
1.0140342 , -5.382006 , 0.1029604
0.82625425 , -5.6898627 , 0.09544888
0.616563 , -4.142239 , 0.0981533
0.9618363 , -5.6962357 , 0.10183164
0.7665716 , -5.3595867 , 0.09325422
0.5643838 , -3.6199505 , 0.10629248
0.8779427 , -4.9715724 , -0.024619186
1.2183644 , -2.5913215 , 0.094069615
1.00836 , -5.334541 , 0.10265479
0.77352804 , -5.391787 , 0.09332137
0.5684772 , -3.683647 , 0.104309075
0.7315498 , -3.8933191 , 0.054196212
1.0815167 , -4.3873186 , 0.100434266
0.90619385 , -5.78041 , 0.09922796
0.7042469 , -4.9035225 , 0.09251791
1.0295889 , -5.008189 , 0.10221794
0.8510875 , -5.7041745 , 0.09631535
0.6431955 , -4.3997445 , 0.09438338
0.8842171 , -5.5594425 , -0.05102657
0.8747216 , -3.4211884 , 0.042938523
1.0740113 , -4.3538094 , 0.1005632
0.8568855 , -5.69777 , 0.09654152
0.6503408 , -4.4604855 , 0.0936981
0.60285044 , -3.1731198 , 0.097366095
1.1585053 , -3.011252 , 0.09762961
0.9761132 , -5.404503 , 0.10177675
0.7921566 , -5.4457283 , 0.09352248
1.0939679 , -3.8867474 , 0.09958607
0.9254609 , -5.623998 , 0.099913746
0.7330176 , -5.083436 , 0.09193426
0.8820854 , -5.6552896 , -0.05291037
0.8621614 , -4.5901856 , -0.014603763
1.1447581 , -2.9981875 , 0.09909126
0.92977685 , -5.5752068 , 0.10005368
0.7400688 , -5.1208687 , 0.09190045
0.5330382 , -3.4501803 , 0.10497176
0.8648582 , -2.9920185 , 0.056592114
1.0377138 , -4.5701313 , 0.101433635
0.8710524 , -5.6296906 , 0.09704919
1.1644589 , -2.419744 , 0.10256465
0.98944676 , -5.083638 , 0.10167029
0.8170006 , -5.492684 , 0.09423662
0.8595918 , -5.340169 , -0.034450445
0.865786 , -5.2816887 , -0.046999432
0.8543484 , -2.9769444 , 0.0543623
1.0293465 , -4.5312743 , 0.10147647
0.8667107 , -5.5797496 , 0.09672184
0.6694171 , -4.590457 , 0.09159252
0.4897527 , -3.0305765 , 0.11428822
0.7965154 , -4.5775714 , 0.0105600655
0.871815 , -5.5553923 , -0.053104173
0.8508315 , -4.512423 , -0.015752105
1.1153729 , -2.9682577 , 0.10208321
1.0385944 , -4.2165885 , 0.10139975
0.8830115 , -5.525511 , 0.09753052
0.6929217 , -4.750293 , 0.09090798
0.48690796 , -3.158824 , 0.106661804
1.0104629 , -4.5570545 , 0.10159997
0.8531894 , -5.499801 , 0.0958621
0.6587445 , -4.486005 , 0.09120703
0.5229848 , -3.0754101 , 0.1144406
0.9831397 , -4.83772 , 0.10141771
0.8228561 , -5.422979 , 0.09420406
0.62469995 , -4.2107325 , 0.09210336
0.5428486 , -1.8050717 , 0.1556748
0.6464384 , -3.260138 , 0.09837991
0.5811019 , -2.8842602 , 0.08166636
0.48299548 , -2.1870873 , 0.07899349
0.37166792 , -1.0151929 , 0.035399586
0.32777342 , 1.394458 , 0.09076251
0.39610708 , 0.4299716 , 0.09373883
0.4861151 , -0.9557582 , 0.13126594
0.35538998 , -0.7612089 , 0.021735791
0.33568442 , 1.3036866 , 0.08887694
0.40775853 , 0.24854603 , 0.09755267
0.50091946 , -1.1778871 , 0.14097378
0.3403026 , -0.5086584 , 0.009270519
0.3441924 , 1.1956095 , 0.087895535
0.42010075 , 0.056235384 , 0.10224764
0.5157153 , -1.4016713 , 0.15288188
0.3264011 , -0.259079 , -0.0020886944
0.35332587 , 1.0710983 , 0.08783215
0.4331038 , -0.14556031 , 0.10781321
0.40395308 , -1.492235 , 0.07278403
0.3137166 , -0.0142397685 , -0.012326115
0.36603066 , 0.8876299 , 0.089039385
0.45051092 , -0.41395235 , 0.11597077
0.38002574 , -1.1750062 , 0.04958284
0.30001023 , 0.27783513 , -0.02346948
0.26882526 , 1.3626785 , -0.046289325
0.27179757 , 1.7749748 , -0.0030549662
0.26693904 , 1.772793 , 0.11565189
0.32662433 , 1.4234967 , 0.089400984
0.38473502 , 0.6060407 , 0.09316799
0.47547793 , -0.7951244 , 0.12992148
0.3499016 , -0.7175582 , 0.024404267
0.28324306 , 0.6764221 , -0.03572891
0.39657494 , 0.42419058 , 0.09680663
0.49026406 , -1.0212157 , 0.13957156
0.334495 , -0.4594858 , 0.011804788
0.27567634 , 0.88632226 , -0.040850222
0.4091012 , 0.23065001 , 0.101296164
0.5047523 , -1.2491528 , 0.15134229
0.32023898 , -0.20413758 , 0.0002989971
0.26939136 , 1.0836167 , -0.044431116
0.42228281 , 0.02710016 , 0.106713794
0.45671034 , -1.4638788 , 0.125378
0.3071953 , 0.0464783 , -0.010086695
0.26436952 , 1.2659436 , -0.046343572
0.4360883 , -0.18544392 , 0.11303541
0.37983945 , -1.202036 , 0.056765266
0.29539937 , 0.2911953 , -0.019519702
0.2605381 , 1.432562 , -0.046969622
0.4504456 , -0.40520543 , 0.1201797
0.3620277 , -0.9392139 , 0.041089445
0.28491303 , 0.5277041 , -0.027308011
0.27501047 , 1.9053388 , 0.10204337
0.3388202 , 1.2947199 , 0.087843224
0.42147347 , 0.04729967 , 0.108284526
0.39015952 , -1.3383583 , 0.0705963
0.29849505 , 0.18213801 , -0.012685093
0.25773862 , 1.3935347 , -0.04666637
0.25893754 , 1.9392885 , -0.016231416
0.2368457 , 1.8938541 , 0.122375965
0.35552564 , -0.88235056 , 0.07695873
0.25616455 , 1.9383221 , -0.023517571
0.25837755 , 1.2995441 , -0.045616906
0.3054397 , 0.027341625 , -0.005274921
0.25987247 , 0.90419745 , -0.0062963315
0.20748359 , 2.5117354 , -0.047619667
0.4951031 , -1.0758306 , 0.1495354
0.38031283 , 0.69503254 , 0.09525666
0.25591266 , 1.9649277 , 0.11203527
0.20763466 , 2.8458061 , 0.108436935
0.35384327 , 1.4739938 , 0.099594854
0.48408648 , -0.55578023 , 0.16010419
0.46552643 , -1.5413045 , 0.13220477
0.50606066 , -2.7571673 , 0.09982981
0.6487949 , -4.2035737 , 0.1271636
0.8698956 , -5.16112 , 0.09860397
0.7171729 , -3.7471533 , 0.12107878
0.5847622 , -2.2827568 , 0.14700095
0.49109328 , -2.587264 , 0.09640086
0.36077437 , 1.4939414 , 1.0174774
0.33828726 , 1.4897372 , 0.9926385
0.3502872 , 1.7005615 , 0.947294
0.35064054 , 2.121678 , 0.92122597
0.28182885 , 1.9361669 , 0.8009425
0.2829238 , 1.7036759 , 0.79722863
0.33481163 , 1.3472837 , 0.89719504
0.34351262 , 1.5622457 , 0.891338
0.34652436 , 1.7690457 , 0.88498473
0.26701218 , 1.8927226 , 0.7581809
0.5044887 , -1.0829325 , 0.16900292
0.38263053 , -1.2382298 , 0.0810581
0.51407075 , -1.2812583 , 0.17953315
0.5099757 , -1.1296788 , 0.17062803
0.5065085 , -0.98195744 , 0.1684272
0.37578484 , -1.1796532 , 0.084994234
0.39054924 , -1.3687866 , 0.08601043
0.40574667 , -1.5587564 , 0.08602745
0.52519757 , -1.3538326 , 0.16660587
0.47238028 , -2.4670944 , 0.09926652
0.6519577 , -4.2996745 , 0.12709075
0.5528123 , -1.5413475 , 0.15392941
0.52996665 , -1.4392934 , 0.1652241
0.37606496 , -1.2011553 , 0.08557409
0.3764149 , 2.886332 , 1.0216876
0.38678512 , 2.4440644 , 1.1194719
0.35593188 , 1.778459 , 1.0065113
0.38525185 , 2.709529 , 1.0272872
0.35666218 , 2.2764184 , 0.9521734
0.3456972 , 1.5386811 , 0.9723558
0.33106494 , 1.7889463 , 0.90357417
0.33412263 , 1.3545814 , 0.9920531
0.36466792 , 1.8253214 , 1.0260639
0.3277844 , 1.7413541 , 0.89654857
0.30594903 , 1.2754198 , 0.8681413
0.4270549 , -1.828469 , 0.084590636
0.6777816 , -3.3482308 , 0.12733449
0.55149823 , -1.8885849 , 0.15807235
0.4599282 , -1.5671573 , 0.13467497
0.8218414 , -4.752848 , 0.105089925
0.67755145 , -3.350886 , 0.12730592
0.55181545 , -1.901141 , 0.15792798
0.35291633 , 1.8990746 , 0.95316774
0.3035566 , 1.5203485 , 0.86105937
0.35330886 , 1.6035696 , 0.98627394
0.35000762 , 1.860137 , 0.9442773
0.2987675 , 1.4550632 , 0.85547405
0.5870492 , -1.5170352 , 0.12399718
0.743607 , -4.0280566 , 0.11666004
0.6102961 , -2.6097207 , 0.140456
0.3069238 , 1.1850356 , 0.8369041
0.47478837 , -2.387121 , 0.09212752
0.63098305 , -4.026742 , 0.12432301
0.8576424 , -5.071271 , 0.09933262
0.68780166 , -3.4687715 , 0.12542357
0.5433445 , -1.8103198 , 0.16189207
0.36710253 , 1.7842507 , 1.0287532
0.3928567 , 2.0477006 , 1.1743178
0.36548674 , 1.9491047 , 0.99839586
0.316333 , 1.5845007 , 0.87632376
0.3745912 , 1.9954051 , 1.0427876
0.3406751 , 1.7534735 , 0.9193841
0.28865138 , 1.267307 , 0.8453287
0.47242817 , -1.6699862 , 0.12861179
0.31251884 , 1.1051879 , 0.86964667
0.43765658 , -1.888939 , 0.08489947
0.55584705 , -3.2630663 , 0.109381944
0.69499826 , -4.6057506 , 0.13422447
0.8084622 , -4.6589046 , 0.10585625
0.6709304 , -3.3175993 , 0.12795714
0.552575 , -1.9439247 , 0.15825069
0.3650697 , 1.6108389 , 1.0080554
0.3872588 , 1.8801953 , 1.1218108
0.3803678 , 1.9461755 , 1.0731238
0.35063967 , 1.7276999 , 0.9412673
0.2989819 , 1.2968146 , 0.85302013
0.36089367 , 1.5128566 , 0.9906439
0.38354173 , 1.8215042 , 1.0949711
0.3849727 , 1.962267 , 1.1043472
0.3582031 , 1.7646357 , 0.9645209
0.3119869 , 1.395583 , 0.86676747
0.31089896 , 1.0373836 , 0.8041694
0.4829383 , -2.4486847 , 0.0925016
0.6095604 , -3.8043265 , 0.120354205
0.7554124 , -5.12914 , 0.14154112
0.7503554 , -4.1243114 , 0.11479265
0.62161344 , -2.7771206 , 0.13767284
0.31301495 , 1.0559703 , 0.84585917
0.4533276 , -2.0768554 , 0.08629547
0.57257056 , -3.4306316 , 0.11281115
0.7122297 , -4.7542486 , 0.13657774
0.78925884 , -4.491472 , 0.10858377
0.65572035 , -3.1620412 , 0.13065769
0.33610854 , 1.1178133 , 0.94424564
0.36893803 , 1.6189486 , 1.0181226
0.3901609 , 1.8699433 , 1.138161
0.3780637 , 1.8918706 , 1.055684
0.34675962 , 1.6578417 , 0.928776
0.29505682 , 1.1859536 , 0.8480774
0.3648229 , 1.5282761 , 0.99958193
0.38665634 , 1.8137445 , 1.1103914
0.38296267 , 1.9096231 , 1.0858538
0.35478094 , 1.6994258 , 0.9508775
0.3055908 , 1.2917728 , 0.8581872
0.4753749 , -1.6523223 , 0.12962773
0.49911427 , -2.6280806 , 0.09585963
0.6263789 , -3.9625487 , 0.123449095
0.8258268 , -5.2709174 , 0.119041674
0.73292136 , -3.9626093 , 0.1173399
0.60805285 , -2.6282096 , 0.14076634
0.31359184 , 1.0108078 , 0.82573485
0.4688907 , -2.2602236 , 0.088832654
0.5891585 , -3.5935822 , 0.116157204
0.7293774 , -4.8991814 , 0.13879296
0.77077556 , -4.3272676 , 0.11123684
0.64119315 , -3.0100932 , 0.13342354
0.34527764 , 1.1527742 , 0.94773316
0.37272683 , 1.624324 , 1.0291408
0.39302707 , 1.8587242 , 1.1550535
0.37574586 , 1.8366379 , 1.0387931
0.34266585 , 1.5848066 , 0.9169187
0.29631108 , 1.0847453 , 0.83944553
0.8552966 , 1.5470687 , 0.871068
0.77487284 , 0.7406838 , 1.0426174
0.8167872 , 0.50259215 , 1.144218
0.8986297 , 1.3249665 , 1.0045024
0.96169394 , 2.1068056 , 0.83572066
0.42647752 , 1.0308495 , 1.1348442
0.50200105 , 0.21258943 , 1.145773
0.6156642 , -0.10783098 , 1.1618834
0.96072274 , 2.207613 , 0.78287834
0.73009396 , 1.0990322 , 0.7752239
0.53868276 , 0.5846516 , 0.7919604
0.3811073 , 0.56974953 , 0.81201804
0.66349876 , 0.035119034 , 1.1421691
0.545144 , -0.07587863 , 1.171244
0.47262448 , 0.39835086 , 1.1995184
0.42167598 , 1.3260251 , 1.2191697
0.36937523 , 0.6630911 , 0.8591571
0.48795915 , 0.5309054 , 0.7837151
0.6473967 , 0.9335172 , 0.72872245
0.8521949 , 1.8476262 , 0.66688716
0.79996127 , 1.3735644 , 0.76777405
0.5966225 , 0.703224 , 0.7838008
0.4275411 , 0.5104461 , 0.8021139
0.30385652 , 0.9732698 , 0.8277916
0.41512585 , 0.5241989 , 0.81763846
0.55392545 , 0.65430295 , 0.7558575
0.73091316 , 1.2664957 , 0.70072556
0.93174815 , 2.0315452 , 0.76725364
0.7063075 , 1.02478 , 0.7715225
0.51844794 , 0.5584276 , 0.78888416
0.36522007 , 0.60542345 , 0.8091461
0.35838974 , 0.7204667 , 0.8651613
0.47148728 , 0.51711917 , 0.78501844
0.6271162 , 0.8712026 , 0.72919863
0.8250867 , 1.7153782 , 0.6673123
0.82862186 , 1.5053594 , 0.7596002
0.61989003 , 0.7676082 , 0.7764769
0.4463759 , 0.5061194 , 0.7942447
0.3148941 , 0.8547201 , 0.81712866
0.4011078 , 0.54424965 , 0.8203196
0.53583044 , 0.6178581 , 0.7565682
0.7083194 , 1.1809121 , 0.7013938
0.96403813 , 2.243581 , 0.761813
0.7324192 , 1.1248485 , 0.7638063
0.53982764 , 0.5952062 , 0.78149813
0.3815216 , 0.56227547 , 0.8001571
0.34825474 , 0.78993833 , 0.8713116
0.45539004 , 0.5089773 , 0.7863695
0.607307 , 0.813689 , 0.7297536
0.7992231 , 1.5969603 , 0.6684036
0.8581619 , 1.6487329 , 0.750731
0.6437645 , 0.8403704 , 0.769084
0.46583024 , 0.5123356 , 0.78648293
0.3272415 , 0.7583535 , 0.80615455
0.38765413 , 0.5721339 , 0.82300097
0.51807845 , 0.5862632 , 0.7573086
0.68639433 , 1.1012915 , 0.70223373
0.9011881 , 2.1842422 , 0.6219849
0.75934577 , 1.2338891 , 0.7558306
0.5617847 , 0.64084345 , 0.77413154
0.3986598 , 0.5321888 , 0.7915063
0.3390346 , 0.87423724 , 0.8764292
0.4397037 , 0.5068205 , 0.787706
0.5879394 , 0.7608493 , 0.7303401
0.7745043 , 1.4889152 , 0.6701499
0.8885729 , 1.8054373 , 0.74083924
0.6682579 , 0.9214918 , 0.7616238
0.48585507 , 0.5285639 , 0.7788455
0.3408474 , 0.6806917 , 0.79591835
0.37480456 , 0.60867345 , 0.82551086
0.5006426 , 0.5596783 , 0.7580382
0.665032 , 1.0270754 , 0.70315266
0.8733335 , 2.0167112 , 0.6218807
0.78717077 , 1.3523343 , 0.7475427
0.5843328 , 0.69510293 , 0.7667917
0.41657147 , 0.5142002 , 0.7831916
0.33093998 , 0.9777644 , 0.87935346
0.4244653 , 0.51106715 , 0.78895265
0.56898373 , 0.71265066 , 0.7309171
0.7507239 , 1.3891228 , 0.6722864
0.91995174 , 1.9786493 , 0.72981805
0.6934544 , 1.0110576 , 0.7540968
0.5064687 , 0.5543803 , 0.7713333
0.35561103 , 0.6194399 , 0.7864677
0.36265853 , 0.6549447 , 0.8276328
0.48355836 , 0.5382971 , 0.7587143
0.64420885 , 0.95786655 , 0.7040692
0.8460182 , 1.873371 , 0.6266681
0.81577927 , 1.4807738 , 0.73890775
0.6073539 , 0.7577792 , 0.7594797
0.4350654 , 0.5074819 , 0.7751825
0.30865 , 0.8911124 , 0.7830731
0.40958428 , 0.5222497 , 0.7900179
0.55028576 , 0.66916186 , 0.73145086
0.72754735 , 1.2962992 , 0.6745002
0.9531156 , 2.1755004 , 0.72103304
0.71971256 , 1.1092756 , 0.7465014
0.52791023 , 0.5894564 , 0.7639347
0.37166044 , 0.5729476 , 0.7776638
0.35153076 , 0.7124538 , 0.82915854
0.4670794 , 0.52234584 , 0.7592923
0.6241342 , 0.8933837 , 0.7049303
0.820614 , 1.7456043 , 0.6339518
0.8446123 , 1.6201444 , 0.72993124
0.63053006 , 0.8287651 , 0.75218046
0.45377398 , 0.51137143 , 0.7674322
0.3193132 , 0.7866514 , 0.7747914
0.394774 , 0.540978 , 0.7907933
0.53151 , 0.63048136 , 0.73192036
0.70449716 , 1.2095722 , 0.6765978
0.95579535 , 2.4103541 , 0.6621115
0.7473359 , 1.216274 , 0.73880017
0.55031806 , 0.6333704 , 0.7566102
0.38903528 , 0.53978825 , 0.7693775
0.3416801 , 0.7835597 , 0.8299457
0.45138386 , 0.5122643 , 0.75973135
0.6049041 , 0.83361906 , 0.7057288
0.79674417 , 1.6290505 , 0.64094365
0.8746285 , 1.7726815 , 0.7204332
0.6544827 , 0.90840626 , 0.7448152
0.47324678 , 0.5256702 , 0.75986105
0.3316315 , 0.70300287 , 0.7670155
0.3806243 , 0.5676556 , 0.79113925
0.5131762 , 0.59641755 , 0.73234326
0.682228 , 1.1279389 , 0.67856956
0.88991386 , 2.2059839 , 0.55673796
0.50461876 , -2.3574553 , 0.07953342
0.59861004 , -2.9967017 , 0.084620945
0.64961416 , -3.2750964 , 0.10431625
0.54089266 , -3.054012 , 0.12604812
0.64756376 , -3.2671905 , 0.102085225
0.5891134 , -2.9409473 , 0.08404104
0.49381232 , -2.2783468 , 0.080432005
0.583358 , -3.163845 , 0.094381236
0.6411061 , -3.2306085 , 0.11316898
0.6149476 , -2.797157 , 0.12982109
0.5610852 , -2.069479 , 0.14764002
0.5672086 , -2.1511934 , 0.14620693
0.6190638 , -2.852403 , 0.12881823
0.64067197 , -3.2463057 , 0.11198551
0.5683781 , -3.1279387 , 0.09494826
0.6467341 , -3.2611797 , 0.11194136
0.6145275 , -3.095416 , 0.08893841
0.52628684 , -2.5275412 , 0.08091661
0.42398462 , -1.7060729 , 0.084536545
0.5920756 , -2.4993865 , 0.1378427
0.6347298 , -3.0788457 , 0.12202723
0.62901837 , -3.2643511 , 0.10434356
0.5816749 , -3.1036236 , 0.12839393
0.64412713 , -3.251644 , 0.100827925
0.57976586 , -2.8892741 , 0.08443587
0.48386577 , -2.2127547 , 0.082299836
0.56210506 , -2.083261 , 0.15008104
0.6148026 , -2.7974763 , 0.13103089
0.64117426 , -3.2230403 , 0.11469089
0.5902382 , -3.1658638 , 0.09862149
0.6401518 , -3.236765 , 0.117401324
0.62300026 , -3.1462007 , 0.09250499
0.53985935 , -2.630838 , 0.082640104
0.44035107 , -1.8568577 , 0.08581982
0.5874278 , -2.4376297 , 0.1402989
0.6318986 , -3.0353127 , 0.124332055
0.63390607 , -3.265419 , 0.107293144
0.52801764 , -3.0417373 , 0.12860294
0.64642256 , -3.26139 , 0.10550074
0.5909085 , -2.965077 , 0.087131664
0.49791706 , -2.3331494 , 0.08330246
0.556925 , -2.0148964 , 0.15439343
0.61041135 , -2.7423189 , 0.13316007
0.6408492 , -3.196226 , 0.117225125
0.6051208 , -3.1956232 , 0.10171534
0.6297603 , -3.20313 , 0.12288776
0.63024384 , -3.1871986 , 0.096281216
0.5528022 , -2.7270203 , 0.08453536
0.45558652 , -1.9973948 , 0.08613777
0.58276695 , -2.3762116 , 0.1427979
0.6287508 , -2.9902647 , 0.12651107
0.63748217 , -3.2612147 , 0.11000999
0.494438 , -3.0173838 , 0.1095203
0.64654434 , -3.2606034 , 0.110322006
0.6012915 , -3.0324037 , 0.090024464
0.5117996 , -2.4467633 , 0.084421724
0.5519097 , -1.9449451 , 0.15889792
0.60603744 , -2.6870975 , 0.1352325
0.63980496 , -3.1663516 , 0.11960118
0.6158815 , -3.2182057 , 0.10437878
0.6143172 , -3.1622598 , 0.12831002
0.63613427 , -3.2182128 , 0.10024655
0.56513035 , -2.815838 , 0.08659918
0.47012237 , -2.1294236 , 0.08634102
0.5781142 , -2.3150527 , 0.14535165
0.6253416 , -2.9440618 , 0.12857878
0.6399104 , -3.2522154 , 0.11253402
0.5555536 , -3.0737283 , 0.1068548
0.6442224 , -3.2497466 , 0.115233615
0.61077183 , -3.090941 , 0.09310969
0.52532166 , -2.5536067 , 0.08568962
0.54670775 , -1.8716383 , 0.16273578
0.6016825 , -2.6319706 , 0.13725919
0.6381997 , -3.1338463 , 0.121832445
0.6240135 , -3.234384 , 0.10671527
0.5913556 , -3.1173635 , 0.13351369
0.6404985 , -3.23915 , 0.10437536
0.5768398 , -2.8970447 , 0.088841304
0.48429683 , -2.2538562 , 0.086742096
0.5735392 , -2.2538786 , 0.14792593
0.6217469 , -2.8970246 , 0.1305446
0.6413217 , -3.2389185 , 0.11489732
0.5811231 , -3.1164892 , 0.10661307
0.63909936 , -3.2296767 , 0.120139524
0.6192319 , -3.1404054 , 0.09638241
0.5384013 , -2.6535952 , 0.08713025
0.4432431 , -1.9070175 , 0.0870882
0.5973544 , -2.5770428 , 0.13923952
0.6361398 , -3.0991223 , 0.12392887
0.6302356 , -3.244769 , 0.10885558
0.55521846 , -3.074264 , 0.1394546
0.64314246 , -3.2500656 , 0.108628295
0.587864 , -2.970368 , 0.0912708
0.49815252 , -2.3711638 , 0.08739075
0.5690247 , -2.1922066 , 0.15045163
0.61802924 , -2.849434 , 0.13241197
0.64187133 , -3.2217965 , 0.11711915
0.597545 , -3.1513574 , 0.10741025
0.53019685 , -3.0084083 , 0.13328096
0.5425112 , -2.8628585 , 0.14119433
0.5306546 , -2.7800324 , 0.09867315
0.5336423 , -2.8722568 , 0.100882575
0.5098352 , -3.0286767 , 0.10400087
0.8312339 , -4.931928 , 0.09193822
0.7545344 , -4.2738414 , 0.08999969
0.6802477 , -3.6067696 , 0.09533305
0.5623573 , -2.9524744 , 0.10265705
0.6261802 , -3.2281833 , 0.10906398
0.6386276 , -3.1377685 , 0.12289924
0.6035351 , -2.6616015 , 0.13780501
0.5501745 , -1.9233403 , 0.15992673
0.6462449 , -3.4201643 , 0.15049422
0.70040965 , -4.0876093 , 0.14265482
0.737474 , -4.749457 , 0.14152071
0.46302176 , -2.0967183 , 0.087742515
0.55534494 , -2.779173 , 0.08955104
0.6287455 , -3.192522 , 0.10124586
0.62674135 , -3.1902 , 0.12652317
0.6019514 , -3.1609523 , 0.107906416
0.6419221 , -3.2157915 , 0.11786737
0.6169695 , -2.836387 , 0.13301104
0.56788445 , -2.1766922 , 0.1511546
0.5030787 , -2.4132822 , 0.0878093
0.59153783 , -2.9951067 , 0.09234305
0.64352006 , -3.2513466 , 0.11027867
0.53690076 , -3.0627444 , 0.14233263
0.573549 , -3.179248 , 0.13339466
0.5719691 , -3.1515887 , 0.13413034
0.5251698 , -3.0197723 , 0.119032346
0.55918777 , -3.083678 , 0.13592628
0.5535256 , -3.0596738 , 0.13663451
0.5562309 , -3.026737 , 0.122494675
0.46654862 , -2.9887364 , 0.11851997
0.61755466 , -3.0649664 , 0.11141597
0.6240277 , -3.0680149 , 0.11403276
0.51701665 , -2.9878633 , 0.12612218
0.6477158 , -3.0975358 , 0.11791939
0.6497273 , -3.093302 , 0.1199476
0.5461343 , -2.9976642 , 0.13002872
0.6097624 , -3.1038034 , 0.12814867
0.5638677 , -3.082431 , 0.1335614
0.4472398 , -2.980931 , 0.10075735
0.5686212 , -3.047944 , 0.1340782
0.56837565 , -3.035107 , 0.13368425
0.5128159 , -2.9800034 , 0.13424268
0.5612877 , -3.0106819 , 0.13386591
0.5573832 , -2.999641 , 0.1319436
0.5438851 , -3.002219 , 0.13115142
0.45065117 , -3.0398793 , 0.10174295
0.5954544 , -3.0021405 , 0.1286611
0.51620334 , -2.427478 , 0.14497742
0.55282444 , -2.602581 , 0.1389794
0.52247894 , -2.4423165 , 0.14341208
0.5326551 , -2.6926126 , 0.14581431
0.5424043 , -2.8161433 , 0.13820721
0.55261546 , -3.0092227 , 0.13770637
0.5132962 , -2.4692404 , 0.10051791
0.54330766 , -2.6300201 , 0.096593514
0.53763103 , -2.989244 , 0.10056069
0.52979916 , -2.7986226 , 0.10006436
0.52230555 , -2.6793528 , 0.09959809
0.5369604 , -2.7448 , 0.14269143
0.5456496 , -2.8919024 , 0.13595408
0.5376987 , -3.0097115 , 0.10159961
0.5297897 , -2.8165698 , 0.09995568
0.52373356 , -2.6959078 , 0.099814706
0.5364656 , -2.7428346 , 0.14334394
0.54397374 , -2.8826494 , 0.13625902
0.53788245 , -3.0247562 , 0.1029609
0.5295374 , -2.8350134 , 0.099858604
0.5250656 , -2.7122288 , 0.09997667
0.53604496 , -2.7412455 , 0.14399253
0.5426781 , -2.8741953 , 0.13662168
0.537539 , -3.0307987 , 0.10583518
0.5290115 , -2.8539252 , 0.09977775
0.52629066 , -2.7283435 , 0.10011051
0.53568393 , -2.7400248 , 0.14463873
0.5417219 , -2.866721 , 0.13705833
0.5330064 , -3.019429 , 0.1397211
0.528187 , -2.8735135 , 0.099744685
0.52739835 , -2.744282 , 0.10022954
0.53536814 , -2.7391417 , 0.14527826
0.54104596 , -2.860033 , 0.13755758
0.5289439 , -3.0454836 , 0.1407806
0.52701414 , -2.8936255 , 0.09980054
0.34598428 , 0.5470354 , 0.42300472
0.49378198 , 0.65342385 , 0.43833995
0.6676206 , 1.279834 , 0.46311256
0.89749104 , 2.4656208 , 0.48068672
0.38024148 , 0.53957355 , 0.43237388
0.53288084 , 0.7539255 , 0.4509165
0.71855927 , 1.5358205 , 0.47573307
0.964964 , 2.8161902 , 0.48898754
0.41536286 , 0.55129963 , 0.44259202
0.5744128 , 0.8920219 , 0.46388137
0.77353865 , 1.82377 , 0.4874918
0.3056153 , 0.5668007 , 0.44122696
0.45161527 , 0.5876085 , 0.45365033
0.6188081 , 1.0687798 , 0.47693816
0.83274466 , 2.137719 , 0.49820462
0.3392234 , 0.5457578 , 0.44972163
0.48938006 , 0.6534567 , 0.46543843
0.6664245 , 1.2833471 , 0.48977673
0.89605224 , 2.4713597 , 0.50778246
0.37389648 , 0.53768384 , 0.45902544
0.5290864 , 0.7527495 , 0.47776252
0.71753657 , 1.5331104 , 0.5021088
0.96242005 , 2.8186946 , 0.51622534
0.40948093 , 0.5481238 , 0.46919194
0.57116395 , 0.8879064 , 0.49037957
0.77235174 , 1.8140587 , 0.5136922
0.2988859 , 0.5739854 , 0.46727392
0.44619343 , 0.58260345 , 0.48016626
0.61599624 , 1.0596998 , 0.5030342
0.8309964 , 2.1212432 , 0.5243437
0.33264598 , 0.5497753 , 0.47568855
0.4843958 , 0.64592594 , 0.4917892
0.66388905 , 1.2673532 , 0.51548475
0.89334285 , 2.449262 , 0.53394574
0.36757037 , 0.53776246 , 0.4849699
0.52450114 , 0.7415906 , 0.50383544
0.71506613 , 1.5087982 , 0.5275129
0.95859236 , 2.7927544 , 0.54245824
0.40343183 , 0.54392445 , 0.4951294
0.5669124 , 0.8715239 , 0.5160658
0.7696815 , 1.7809604 , 0.5389183
0.2925799 , 0.59142655 , 0.49257818
0.4404048 , 0.5739543 , 0.5060544
0.6119774 , 1.0361599 , 0.5282679
0.82780445 , 2.0799825 , 0.54951227
0.32635167 , 0.56022483 , 0.50098217
0.47883856 , 0.63246936 , 0.51752687
0.6599678 , 1.2347574 , 0.54027206
0.889281 , 2.4014096 , 0.5591288
0.3613335 , 0.5408373 , 0.51032484
0.51913536 , 0.7224813 , 0.52928555
0.71108055 , 1.4657729 , 0.5519382
0.9534347 , 2.7404642 , 0.567661
0.39725772 , 0.53978723 , 0.5205625
0.74196017 , 1.4437568 , 0.64147013
0.9912771 , 2.746815 , 0.6555071
0.41355932 , 0.52539194 , 0.62303305
0.58410716 , 0.8372103 , 0.63768345
0.79752433 , 1.6809995 , 0.6506639
0.30692583 , 0.70261925 , 0.6147232
0.4507628 , 0.545435 , 0.6343791
0.6303863 , 0.98050267 , 0.646611
0.85616386 , 1.9490027 , 0.6600192
0.33889246 , 0.60855347 , 0.62694275
0.48999262 , 0.59646124 , 0.644887
0.6790691 , 1.1479576 , 0.6550258
0.917153 , 2.2518032 , 0.66926295
0.37173203 , 0.5460088 , 0.63982904
0.5312955 , 0.6757448 , 0.6545184
0.7303815 , 1.3394425 , 0.6630839
0.9784868 , 2.5905967 , 0.677174
0.40615493 , 0.5195354 , 0.6522611
0.57465845 , 0.78079957 , 0.6633014
0.7846287 , 1.5563483 , 0.6710625
0.30386946 , 0.76150745 , 0.6437309
0.4426466 , 0.5277711 , 0.6635966
0.6200991 , 0.9096917 , 0.67128104
0.8420833 , 1.8025069 , 0.6794166
0.33407938 , 0.641276 , 0.65763295
0.48128477 , 0.56704783 , 0.6737201
0.6677074 , 1.0611786 , 0.6785247
0.90253574 , 2.085189 , 0.6885994
0.36526617 , 0.55991876 , 0.671807
0.5219651 , 0.6338627 , 0.6826826
0.7176651 , 1.2349087 , 0.6851456
0.96402645 , 2.413211 , 0.6979075
0.39854085 , 0.51941514 , 0.6846855
0.5645836 , 0.72546476 , 0.6905348
0.7702534 , 1.4317985 , 0.6913501
0.30165106 , 0.8311004 , 0.6769025
0.43424937 , 0.5150648 , 0.69582194
0.6091013 , 0.83983815 , 0.6973139
0.8258429 , 1.6548479 , 0.69756687
0.32945892 , 0.68201834 , 0.69319814
0.4722099 , 0.54161304 , 0.7053323
0.6555597 , 0.9756933 , 0.7030546
0.88478523 , 1.9112012 , 0.7047932
0.35866943 , 0.58192503 , 0.708708
0.5121678 , 0.59510887 , 0.7133581
0.70408237 , 1.132567 , 0.7077892
0.9464572 , 2.2165 , 0.71469283
0.39075577 , 0.5271268 , 0.7215804
0.55394566 , 0.67271703 , 0.7199983
0.7548626 , 1.311061 , 0.7115182
0.3002232 , 0.9112333 , 0.71692795
0.42562887 , 0.5090952 , 0.7319794
0.5974609 , 0.77241814 , 0.7253702
0.80814314 , 1.5132755 , 0.7141891
0.57442516 , 0.38630855 , 0.25380802
0.78731817 , 0.7452133 , 0.22241037
0.27035692 , 0.8128334 , 0.2778603
0.43789735 , 0.4977924 , 0.2720186
0.62118375 , 0.44054383 , 0.2529299
0.84638035 , 1.0109007 , 0.2203018
0.31096408 , 0.71489835 , 0.28291938
0.47927076 , 0.45776406 , 0.27462834
0.67030436 , 0.5469889 , 0.25114402
0.90994614 , 1.3237478 , 0.22049375
0.35106853 , 0.6316226 , 0.28761092
0.5219582 , 0.44877353 , 0.27620658
0.72200143 , 0.7102114 , 0.24885498
0.9799143 , 1.6660855 , 0.22364525
0.39080074 , 0.56498194 , 0.29184565
0.5663157 , 0.4776744 , 0.27671194
0.77647775 , 0.93099266 , 0.2467806
1.0556762 , 2.0192165 , 0.22945237
0.43087974 , 0.51833874 , 0.29543114
0.6126422 , 0.55118495 , 0.27622452
0.83417016 , 1.2044547 , 0.245888
0.3055983 , 0.68222344 , 0.30694318
0.47185868 , 0.49649715 , 0.2981712
0.6611672 , 0.6749461 , 0.27498573
0.89611125 , 1.519656 , 0.24705672
0.34509194 , 0.6146752 , 0.3118364
0.51415026 , 0.50537103 , 0.29993442
0.7120644 , 0.85224795 , 0.2734533
0.96384335 , 1.8617607 , 0.25066027
0.3843641 , 0.5633987 , 0.31618357
0.55807805 , 0.55137384 , 0.30069566
0.7655504 , 1.0825444 , 0.2723129
1.0368996 , 2.2156663 , 0.25643048
0.42398456 , 0.53197944 , 0.31984556
0.60389376 , 0.64060175 , 0.30056664
0.8221038 , 1.3604084 , 0.27235195
0.30070868 , 0.65159833 , 0.3317523
0.46449453 , 0.52516955 , 0.32267207
0.65178406 , 0.7778142 , 0.29982817
0.8826871 , 1.6758896 , 0.27419078
0.3394033 , 0.59764355 , 0.33684778
0.50630367 , 0.5486134 , 0.32456493
0.7019081 , 0.965246 , 0.29894966
0.9485497 , 2.0165112 , 0.27804452
0.3781071 , 0.5591701 , 0.34131303
0.5497153 , 0.60827047 , 0.32552722
0.75450575 , 1.201509 , 0.29855
1.019373 , 2.3698509 , 0.2836872
0.4171925 , 0.5400405 , 0.34504023
0.5949492 , 0.7095928 , 0.32569927
0.8100713 , 1.481138 , 0.2992588
0.29636067 , 0.6246004 , 0.35721117
0.45716074 , 0.5450659 , 0.34792027
0.6421674 , 0.8565326 , 0.32538098
0.4625758 , 0.603738 , 0.5208379
0.6387938 , 1.1546686 , 0.49607384
0.8600015 , 2.27485 , 0.47351724
0.3528061 , 0.5521401 , 0.54374194
0.5013033 , 0.6811219 , 0.5216244
0.6853592 , 1.3678876 , 0.49650738
0.92122585 , 2.605506 , 0.47567046
0.3845775 , 0.53706133 , 0.5462275
0.5416696 , 0.790048 , 0.522214
0.73442745 , 1.6109809 , 0.49689624
0.98547727 , 2.9527996 , 0.47837415
0.41852587 , 0.54646 , 0.5477534
0.58359325 , 0.9300876 , 0.5227055
0.786635 , 1.8828179 , 0.49727663
0.32116318 , 0.61454964 , 0.5702688
0.45456773 , 0.58463967 , 0.5486728
0.6271253 , 1.1002406 , 0.5231008
0.84257555 , 2.1818702 , 0.4977867
0.3487292 , 0.5665029 , 0.5736249
0.4924769 , 0.65348 , 0.5492961
0.6724899 , 1.2995317 , 0.523328
0.902369 , 2.5055208 , 0.49865612
0.37890348 , 0.5382719 , 0.5756659
0.53201604 , 0.75293124 , 0.5497996
0.72010684 , 1.527446 , 0.5232737
0.9654153 , 2.8496075 , 0.5000801
0.41167495 , 0.53645706 , 0.5767645
0.5730461 , 0.8818991 , 0.5502248
0.77058893 , 1.7840995 , 0.5228483
0.31986716 , 0.6537145 , 0.602154
0.44678468 , 0.56477594 , 0.5773715
0.6155726 , 1.0390278 , 0.5505158
0.82463974 , 2.0698822 , 0.5221051
0.3451255 , 0.58705306 , 0.6050719
0.483843 , 0.6240197 , 0.57780623
0.6597582 , 1.2232765 , 0.5505424
0.88270086 , 2.384319 , 0.52135456
0.37360373 , 0.543034 , 0.6065581
0.52251905 , 0.7131118 , 0.5781858
0.7059324 , 1.4343884 , 0.5501083
0.9444122 , 2.7244637 , 0.52110267
0.40516976 , 0.52838457 , 0.6071595
0.5626324 , 0.83028096 , 0.57848394
0.75460875 , 1.6732936 , 0.5489764
0.31929213 , 0.70357245 , 0.6363926
0.43931517 , 0.5457865 , 0.60743326
0.6041588 , 0.97381365 , 0.5785972
0.8064889 , 1.9422113 , 0.54698354
0.34204373 , 0.61449957 , 0.6387603
0.47546515 , 0.59456795 , 0.6076594
0.64721406 , 1.142497 , 0.57836634
0.8623249 , 2.2437286 , 0.54431605
0.3687767 , 0.55237514 , 0.6395617
0.513215 , 0.6725409 , 0.607854
0.6920412 , 1.3360063 , 0.57756376
0.92235154 , 2.5780034 , 0.5417921
0.39913222 , 0.5237125 , 0.63961315
0.55236524 , 0.7773329 , 0.6079128
0.7390096 , 1.5554152 , 0.5758639
0.3194594 , 0.7647318 , 0.67398244
0.4322582 , 0.5294071 , 0.63955265
0.59287906 , 0.90694904 , 0.6076908
0.7886486 , 1.803885 , 0.5728432
0.33954644 , 0.6494808 , 0.67564243
0.46740422 , 0.56693196 , 0.6395279
0.6348458 , 1.0600129 , 0.6070151
0.84174603 , 2.087049 , 0.5682089
0.36456597 , 0.567464 , 0.67559373
0.5041322 , 0.6330381 , 0.63941145
0.67845553 , 1.2360036 , 0.6056651
0.899284 , 2.4108644 , 0.5626092
0.39371163 , 0.52414125 , 0.67507243
0.5422462 , 0.72491384 , 0.639019
0.72396904 , 1.435653 , 0.60332805
0.32036045 , 0.83768845 , 0.7164013
0.4257086 , 0.51747686 , 0.6746684
0.5817083 , 0.8404021 , 0.63816816
0.7716892 , 1.6617378 , 0.5994976
0.33773527 , 0.6926006 , 0.71706384
0.4597041 , 0.5428739 , 0.67426497
0.6225971 , 0.97804177 , 0.6366675
0.8220346 , 1.9207368 , 0.59332675
0.36118677 , 0.5898305 , 0.7159404
0.4952798 , 0.59627867 , 0.67358345
0.66508305 , 1.1371789 , 0.63428867
0.8760418 , 2.2248979 , 0.58407104
0.38906473 , 0.53171843 , 0.7148358
0.5322562 , 0.67465144 , 0.67239094
0.70939577 , 1.3182061 , 0.6307218
0.93523335 , 2.586045 , 0.57447606
0.41972822 , 0.5119221 , 0.7139317
0.5705969 , 0.77579373 , 0.6704937
0.7557652 , 1.5230495 , 0.62547636
0.33682314 , 0.7445561 , 0.76492065
0.45237038 , 0.5240885 , 0.71278006
0.610372 , 0.89824885 , 0.6677053
0.8043287 , 1.756328 , 0.61762524
0.3589294 , 0.62182933 , 0.762359
0.48663685 , 0.5638047 , 0.71104705
0.6517504 , 1.0413803 , 0.66375655
0.85525066 , 2.0292318 , 0.60480183
0.3852613 , 0.5488375 , 0.76035
0.5223372 , 0.6279251 , 0.70868987
0.69493574 , 1.2054349 , 0.65835184
0.91035825 , 2.371625 , 0.58290327
0.41432378 , 0.5148002 , 0.75776935
0.55951715 , 0.7145478 , 0.70538193
0.7402962 , 1.3923924 , 0.65042746
0.27312225 , 1.2773004 , 0.13827927
0.28121293 , 0.7634462 , 0.28945428
0.2843139 , 0.58629245 , 0.45882708
0.29919297 , 0.78611606 , 0.6345189
0.27394792 , 1.1410443 , 0.17130949
0.27979097 , 0.6871164 , 0.32985744
0.2848695 , 0.60720587 , 0.49907726
0.3033889 , 0.87674344 , 0.6877079
0.27469537 , 1.0143216 , 0.20639768
0.27843958 , 0.6315069 , 0.3707134
0.2864989 , 0.6515703 , 0.5396084
0.3080513 , 0.975307 , 0.7549798
0.2746245 , 0.89808875 , 0.24367097
0.27746654 , 0.5993043 , 0.4115369
0.2892775 , 0.71760726 , 0.5814902
0.2597083 , 1.3471944 , 0.1326951
0.27382132 , 0.7957869 , 0.28275132
0.27717614 , 0.5923556 , 0.4520701
0.29316315 , 0.8024486 , 0.6266474
0.26396665 , 1.2023146 , 0.16551967
0.27260095 , 0.7113702 , 0.32302234
0.2778408 , 0.6115205 , 0.4923509
0.29797775 , 0.9024452 , 0.6784286
0.2664643 , 1.0669218 , 0.2002859
0.27133197 , 0.64853287 , 0.36384404
0.27967167 , 0.6565425 , 0.5328057
0.30339697 , 1.0135179 , 0.74301255
0.26718953 , 0.9417977 , 0.2372398
0.270388 , 0.6103324 , 0.40470216
0.282785 , 0.72593915 , 0.5744013
0.24580738 , 1.420455 , 0.12682492
0.2667398 , 0.83065975 , 0.27607208
0.27012664 , 0.5989931 , 0.4452981
0.28716382 , 0.81701314 , 0.6189044
0.25522766 , 1.2667767 , 0.15970701
0.2656536 , 0.7378152 , 0.3161969
0.2708698 , 0.6157624 , 0.48561728
0.292613 , 0.9261409 , 0.6693966
0.25912935 , 1.122569 , 0.19420266
0.2644081 , 0.6673253 , 0.35697114
0.27287877 , 0.66077113 , 0.5260161
0.29868734 , 1.0494943 , 0.731517
0.26036108 , 0.9883655 , 0.2308466
0.2634427 , 0.622619 , 0.3978551
0.27632087 , 0.7328914 , 0.56736314
0.23976329 , 1.4975656 , 0.12076163
0.26007426 , 0.8681347 , 0.26942208
0.26316604 , 0.6063012 , 0.4385114
0.2812257 , 0.829675 , 0.6112772
0.24929489 , 1.3346218 , 0.15389131
0.25899696 , 0.76652855 , 0.30938575
0.263949 , 0.6200177 , 0.4788751
0.28742322 , 0.9475734 , 0.6605934
0.25317267 , 1.1813622 , 0.1881638
0.25768703 , 0.6879716 , 0.35009834
0.26610616 , 0.66431236 , 0.51923555
0.2944009 , 1.0828121 , 0.72045714
0.25430235 , 1.0378672 , 0.22450146
0.2566331 , 0.6362613 , 0.390998
0.26986626 , 0.7384604 , 0.5603684
0.30165547 , 1.2889148 , 0.80316186
0.19557321 , 1.6737195 , 0.1763326
0.17747974 , 0.8416714 , 0.3360768
0.18539543 , 0.77794665 , 0.50517917
0.25067228 , 1.65776 , 0.699631
0.2752923 , 1.6862509 , 0.08203941
0.27573815 , 1.5087192 , 0.09576705
0.2555672 , 1.87148 , 0.10087083
0.26343498 , 1.6868496 , 0.1137454
0.26930842 , 1.5150497 , 0.12719306
0.27361274 , 1.3581365 , 0.14121807
0.24222143 , 1.6448278 , 0.14734563
0.25142765 , 1.4814082 , 0.16102347
0.25898176 , 1.3326133 , 0.17503683
0.2656094 , 1.1984755 , 0.18936126
0.2723274 , 1.0786124 , 0.20393872
0.23446363 , 1.27076 , 0.21082132
0.24417226 , 1.1478473 , 0.2251712
0.2528848 , 1.0383271 , 0.23971716
0.2613222 , 0.94157314 , 0.25443518
0.27051428 , 0.8569166 , 0.26929978
0.22533497 , 0.9760074 , 0.27657467
0.2363086 , 0.8918965 , 0.29113153
0.24663071 , 0.81877726 , 0.30576256
0.25701007 , 0.75589335 , 0.3204516
0.20343737 , 0.8337136 , 0.3280477
0.21695273 , 0.77486926 , 0.3423245
0.22943977 , 0.72492445 , 0.3565808
0.24149059 , 0.6829745 , 0.3708104
0.25369686 , 0.648116 , 0.3850048
0.19606143 , 0.70320255 , 0.3921648
0.21099733 , 0.67511886 , 0.40579575
0.2251239 , 0.65231735 , 0.4193449
0.23885068 , 0.6337051 , 0.43282032
0.25267583 , 0.61822206 , 0.44623652
0.19263637 , 0.6847859 , 0.45268777
0.20923729 , 0.678369 , 0.4654519
0.22493185 , 0.6726256 , 0.47815806
0.24005632 , 0.66631466 , 0.49084672
0.17578569 , 0.76984 , 0.49704605
0.19524504 , 0.7759254 , 0.50908756
0.21343404 , 0.7784151 , 0.52116954
0.23022023 , 0.77589166 , 0.5333765
0.24608205 , 0.76725453 , 0.5458319
0.18453357 , 0.9600228 , 0.5510323
0.20602731 , 0.9645591 , 0.5629401
0.22497578 , 0.958757 , 0.5752827
0.24164185 , 0.9416744 , 0.5882742
0.25691193 , 0.9131954 , 0.6021494
0.20464936 , 1.2429923 , 0.6062953
0.22656134 , 1.2250438 , 0.6201289
0.24399494 , 1.190355 , 0.6352925
0.2580409 , 1.1395949 , 0.65211415
0.21189506 , 1.6162088 , 0.658255
0.238753 , 1.5762235 , 0.6771284
0.25643995 , 1.5166005 , 0.69839597
0.2680573 , 1.4387416 , 0.72230834
0.21106626 , 1.6430252 , 0.15376905
0.1723214 , 2.0322094 , 0.15889578
0.18486671 , 1.8386295 , 0.1682534
0.19696364 , 1.6548076 , 0.17740661
0.20819217 , 1.4840857 , 0.18613559
0.21851361 , 1.3288304 , 0.19474596
0.17172563 , 1.6267387 , 0.20055863
0.1872111 , 1.4635402 , 0.20990972
0.20156913 , 1.3150939 , 0.21942456
0.21518603 , 1.1814903 , 0.22921664
0.15811512 , 1.4026726 , 0.23456316
0.17642392 , 1.2649938 , 0.24502558
0.1932411 , 1.1413696 , 0.25578555
0.20902853 , 1.031278 , 0.26684266
0.22468317 , 0.93409103 , 0.27819687
0.16548505 , 1.0740939 , 0.28362334
0.18458116 , 0.97659516 , 0.29550797
0.20225613 , 0.8909852 , 0.30762228
0.21916337 , 0.8165418 , 0.31993547
0.23610908 , 0.7525369 , 0.3324096
0.17661297 , 0.8367849 , 0.3380538
0.19613546 , 0.7756136 , 0.35096237
0.21435374 , 0.72355217 , 0.3639922
0.23184529 , 0.67974037 , 0.37710688
0.17048584 , 0.73825455 , 0.38268575
0.19181947 , 0.70065534 , 0.39620462
0.21140651 , 0.6696921 , 0.40979937
0.22961862 , 0.6443225 , 0.42343962
0.24691924 , 0.6235179 , 0.43708548
0.19058841 , 0.6818833 , 0.44300148
0.21155368 , 0.66983163 , 0.4571545
0.23057316 , 0.6601508 , 0.47135952
0.24789417 , 0.65161145 , 0.48557773
0.2639918 , 0.64307773 , 0.4997537
0.21609427 , 0.7392311 , 0.50642604
0.23599853 , 0.7413572 , 0.5214414
0.25333765 , 0.7404836 , 0.53653514
0.26845184 , 0.73535043 , 0.5516284
0.2261124 , 0.893587 , 0.5587777
0.24713847 , 0.90227324 , 0.57513344
0.26458374 , 0.9029399 , 0.5917275
0.2784761 , 0.89428216 , 0.60842913
0.2896518 , 0.87561953 , 0.6251017
0.26455316 , 1.1565747 , 0.635113
0.28267086 , 1.1508039 , 0.65429986
0.29535845 , 1.1299572 , 0.67386466
0.30369928 , 1.0939428 , 0.6936351
0.3090797 , 1.0437042 , 0.7134927
0.30690598 , 1.4900279 , 0.7292316
0.31914675 , 1.447856 , 0.7539058
0.3253418 , 1.3867396 , 0.77987987
0.32728997 , 1.3078793 , 0.80745625
0.33154875 , 1.8991265 , 0.82539314
0.8975653 , -0.9491694 , 0.14179903
0.90204215 , -0.60307264 , 0.14329731
0.947814 , 0.29633096 , 0.19719489
0.9573033 , 0.5596925 , 0.2000476
0.9682171 , 0.80473554 , 0.20261241
0.9745548 , 1.0314602 , 0.20984359
0.9803842 , 1.2404099 , 0.21817136
0.98290396 , 1.4325478 , 0.22973636
0.9850119 , 1.6087104 , 0.24186774
0.985628 , 1.7696661 , 0.25536504
0.9857669 , 1.9160972 , 0.2691666
0.985132 , 2.0486279 , 0.28358015
0.9838877 , 2.1678078 , 0.29816607
0.9820493 , 2.2741024 , 0.31308773
1.0963528 , 3.143761 , 0.3572615
1.0946242 , 3.2086127 , 0.37074858
1.0926806 , 3.2635767 , 0.3843914
1.0904772 , 3.3090246 , 0.39792302
1.0879933 , 3.3452778 , 0.41151607
1.085209 , 3.372628 , 0.4249862
1.0821207 , 3.391346 , 0.4384392
1.0787151 , 3.4016886 , 0.45175004
1.0749823 , 3.4038982 , 0.46498638
1.0708988 , 3.3982024 , 0.47807258
1.0664432 , 3.3848073 , 0.49104735
1.0615543 , 3.3638926 , 0.50388664
1.1739782 , 4.154983 , 0.5372569
1.1677244 , 4.106089 , 0.54923767
1.1613042 , 4.051401 , 0.5609781
1.1546807 , 3.991129 , 0.5724526
1.147826 , 3.9254541 , 0.5836968
1.1407737 , 3.854538 , 0.59461784
1.1334919 , 3.778531 , 0.6052793
1.1260284 , 3.6975665 , 0.6155607
1.1183196 , 3.6117616 , 0.62557834
1.1102973 , 3.5212061 , 0.63529927
1.101839 , 3.4259496 , 0.64492327
1.0926661 , 3.325972 , 0.65457153
1.1907445 , 4.053926 , 0.67286074
1.1812551 , 3.9375372 , 0.6807693
1.1708438 , 3.8182402 , 0.68809766
1.1610051 , 3.695993 , 0.6961983
1.15015 , 3.5710428 , 0.7039065
1.1395701 , 3.443761 , 0.7128358
1.1279238 , 3.3149023 , 0.7218684
1.2568113 , -0.88142586 , 0.08973653
1.2481978 , -0.5517555 , 0.09463464
1.2438475 , -0.24073125 , 0.09457865
1.2249392 , 0.045678128 , 0.10719566
1.2075583 , 0.30674246 , 0.11723626
1.2620914 , 1.2084279 , 0.09392561
1.2510372 , 1.4122319 , 0.10703102
1.2413906 , 1.5995219 , 0.11898716
1.2285439 , 1.7714176 , 0.13484551
1.2160592 , 1.9287157 , 0.14981511
1.2030901 , 2.0720642 , 0.16606428
1.1900421 , 2.202033 , 0.18190257
1.1770949 , 2.3191369 , 0.19823803
1.1640689 , 2.4238582 , 0.21425132
1.1512866 , 2.5166323 , 0.23037378
1.1384851 , 2.5978606 , 0.24612269
1.125838 , 2.667889 , 0.26172584
1.2270521 , 3.5191987 , 0.2604986
1.2144674 , 3.5512753 , 0.2766361
1.2020221 , 3.5746827 , 0.2927174
1.1896534 , 3.589741 , 0.30853447
1.1773398 , 3.5967221 , 0.3241467
1.165062 , 3.595872 , 0.3394489
1.1528087 , 3.5874193 , 0.35448122
1.1405747 , 3.571581 , 0.36918697
1.1283596 , 3.5485618 , 0.3835683
1.1161541 , 3.518554 , 0.3975954
1.1039665 , 3.4817302 , 0.41122392
1.0917597 , 3.4382372 , 0.42443755
1.192778 , 4.2122717 , 0.4278637
1.1792606 , 4.143644 , 0.44102466
1.1658459 , 4.069942 , 0.4538991
1.1524907 , 3.991365 , 0.4663065
1.1392058 , 3.9080908 , 0.47834364
1.1259888 , 3.8202796 , 0.48977348
1.1128664 , 3.7280743 , 0.5007796
1.0996943 , 3.631586 , 0.5111789
1.086462 , 3.5308826 , 0.521297
1.0727469 , 3.4260018 , 0.53110564
1.0586891 , 3.3169086 , 0.5409104
1.043923 , 3.2035012 , 0.55045533
1.138312 , 3.9151618 , 0.5548168
1.1244481 , 3.7862234 , 0.5656968
1.1093584 , 3.6537566 , 0.57646626
1.0947142 , 3.5182345 , 0.58763015
1.1026341 , 0.18899924 , 0.1381514
0.39918354 , -0.42587596 , -0.045562483
0.54518354 , -2.067947 , -0.046747927
0.69849175 , -3.7536418 , -0.050671123
0.29311273 , 0.7921413 , -0.04503309
0.43477747 , -0.85328436 , -0.044908598
0.5822955 , -2.4862106 , -0.046473388
0.7375773 , -4.175822 , -0.05033355
0.32682362 , 0.35542628 , -0.04429429
0.47069415 , -1.2755581 , -0.04412966
0.61984086 , -2.8994663 , -0.046114914
0.77703565 , -4.5926347 , -0.049463198
0.36192414 , -0.07697359 , -0.043376494
0.50696975 , -1.6917377 , -0.043235864
0.6576766 , -3.3070364 , -0.04563959
0.81725454 , -5.002291 , -0.047840003
0.39750347 , -0.5040785 , -0.042272788
0.5436005 , -2.100866 , -0.042234067
0.69559795 , -3.708219 , -0.044987623
0.29237747 , 0.69086725 , -0.041801985
0.4333433 , -0.92472214 , -0.040985174
0.5805309 , -2.501999 , -0.041128475
0.7333398 , -4.1021748 , -0.044042423
0.32585922 , 0.25685936 , -0.040576465
0.4694134 , -1.3376386 , -0.039519727
0.6176462 , -2.8942425 , -0.039923795
0.77058744 , -4.4876785 , -0.0426063
0.36099815 , -0.1711778 , -0.03913282
0.5056946 , -1.7415246 , -0.037883293
0.65476274 , -3.2768219 , -0.038621727
0.80730325 , -4.862921 , -0.040422685
0.39671847 , -0.5919679 , -0.037452985
0.5421322 , -2.1350636 , -0.036080576
0.69160837 , -3.6491036 , -0.037198164
0.8452613 , -5.2256866 , -0.037334256
0.43267277 , -1.0040286 , -0.035538204
0.5786257 , -2.5169444 , -0.034117922
0.72777456 , -4.01047 , -0.035564113
0.32613885 , 0.1449185 , -0.035374094
0.46874815 , -1.4057907 , -0.033397127
0.61502403 , -2.8859246 , -0.032012492
0.76265126 , -4.360027 , -0.03353363
0.36118576 , -0.27698272 , -0.03341768
0.50486153 , -1.7956609 , -0.031035563
0.6511115 , -3.2409527 , -0.029794233
0.79567593 , -4.6963234 , -0.030833153
0.39691493 , -0.6897156 , -0.03117443
0.5409025 , -2.1720176 , -0.028450714
0.68656856 , -3.5812838 , -0.027486838
0.8285107 , -5.017413 , -0.027223313
0.43285087 , -1.0914835 , -0.028650396
0.5767221 , -2.533187 , -0.025637567
0.72088325 , -3.9064655 , -0.025063783
0.32773435 , 0.020007167 , -0.028778084
0.46878836 , -1.480464 , -0.025862688
0.6594523 , -3.320583 , 0.09782801
0.43694422 , -1.7620094 , 0.067164876
0.5447365 , -2.603599 , 0.070627175
0.6324563 , -3.176424 , 0.082518674
0.6473328 , -3.2708561 , 0.108625054
0.46722528 , -2.0307918 , 0.07214492
0.570441 , -2.793481 , 0.07540037
0.6453059 , -3.2505324 , 0.090660356
0.61504 , -3.1760066 , 0.11803373
0.496191 , -2.274065 , 0.075634025
0.59370416 , -2.9548643 , 0.08063331
0.651461 , -3.282497 , 0.09964561
0.26291728 , 1.52585 , 0.13595024
0.4459878 , 0.2954001 , 0.13837096
0.61941105 , -0.83601314 , 0.133305
0.8380529 , -1.7571802 , 0.12289244
0.3153554 , 1.2405022 , 0.13663979
0.48649693 , -0.007449563 , 0.13542111
0.6651655 , -1.1328746 , 0.12937374
0.9057043 , -2.0445273 , 0.11977735
0.3597159 , 0.93703693 , 0.13505314
0.52731895 , -0.317375 , 0.13226533
0.71354467 , -1.4369947 , 0.12568055
0.98478746 , -2.3497167 , 0.11683944
0.40127504 , 0.6225341 , 0.13276933
0.568922 , -0.6340956 , 0.12904742
0.7654244 , -1.7507671 , 0.12242279
1.0848238 , -2.6526315 , 0.108050786
0.44164065 , 0.29950997 , 0.13015613
0.6117469 , -0.95804024 , 0.12589215
0.8219954 , -2.07777 , 0.11982775
0.31369448 , 1.3240134 , 0.12909088
0.4816466 , -0.030864567 , 0.12738727
0.65626264 , -1.2903434 , 0.1229286
0.88482547 , -2.4217117 , 0.117775485
0.35721058 , 0.9935223 , 0.12768282
0.81894976 , -2.2467172 , 0.11813429
0.3168006 , 1.3316388 , 0.12525028
0.4826898 , -0.0687076 , 0.12365102
0.65572304 , -1.3876994 , 0.119898416
0.8800563 , -2.614579 , 0.11626513
0.35962647 , 0.98925996 , 0.123949945
0.5226039 , -0.4188365 , 0.12101196
0.70187014 , -1.7477555 , 0.11772457
0.9494015 , -2.9928775 , 0.11259997
0.4000556 , 0.636251 , 0.12176728
0.56310314 , -0.7765749 , 0.11853086
0.7506946 , -2.1219585 , 0.11603214
1.034279 , -3.3598278 , 0.10525708
0.4394991 , 0.2760449 , 0.11929591
0.6045494 , -1.1431971 , 0.11630473
0.802903 , -2.5126417 , 0.11471656
0.3160202 , 1.3894238 , 0.11756026
0.4786139 , -0.09043908 , 0.11682287
0.6473004 , -1.5205173 , 0.11442791
0.85954654 , -2.9189372 , 0.11305167
0.358175 , 1.0277672 , 0.11661749
0.5178319 , -0.4635058 , 0.11449925
0.6917311 , -1.9107722 , 0.11297667
0.9231486 , -3.3321297 , 0.1096789
0.3979209 , 0.65482605 , 0.11485375
0.5574934 , -0.8441976 , 0.11242869
0.73824745 , -2.3162017 , 0.1119405
0.9994629 , -3.7369337 , 0.104358524
0.4366972 , 0.27451625 , 0.11272509
0.59789467 , -1.2341033 , 0.11069637
0.78735065 , -2.7377894 , 0.11104647
0.31574064 , 1.4312649 , 0.11056521
0.47513923 , -0.111796536 , 0.11056493
0.63931054 , -1.6352144 , 0.10936886
0.8399995 , -3.1727922 , 0.1095975
0.35722202 , 1.0532146 , 0.10975274
0.51361763 , -0.5043079 , 0.108575515
0.37079158 , 0.84836376 , 0.087576576
0.50669533 , -0.8299817 , 0.08657674
0.63987315 , -2.5357862 , 0.08809373
0.7799635 , -4.337407 , 0.09263998
0.40560108 , 0.41194087 , 0.086989544
0.5397602 , -1.2635341 , 0.08625497
0.671239 , -2.9789226 , 0.08850537
0.8144746 , -4.7964926 , 0.09379074
0.44009972 , -0.023266505 , 0.0864951
0.57205844 , -1.6960642 , 0.086087056
0.70182 , -3.4223917 , 0.08905388
0.85030216 , -5.253677 , 0.095528014
0.4738626 , -0.4566239 , 0.08605782
0.60346746 , -2.1273134 , 0.08609386
0.73171395 , -3.8650582 , 0.089757375
0.37509856 , 0.7744032 , 0.08728159
0.50681186 , -0.8874377 , 0.085673876
0.6338431 , -2.5569148 , 0.086279236
0.76110053 , -4.3056808 , 0.09067889
0.40883338 , 0.33747348 , 0.0868172
0.53889006 , -1.3150173 , 0.08536024
0.66305715 , -2.984315 , 0.08664119
0.79026425 , -4.742884 , 0.09192017
0.44254246 , -0.09639164 , 0.086418234
0.56998855 , -1.7387022 , 0.08514229
0.69102293 , -3.4087808 , 0.087186515
0.8196732 , -5.175067 , 0.093624026
0.47554985 , -0.5263724 , 0.08604344
0.599946 , -2.1578412 , 0.08504548
0.71769303 , -3.82944 , 0.08793566
0.38042614 , 0.68552357 , 0.087942556
0.50765234 , -0.9515143 , 0.08567908
0.6285687 , -2.5717626 , 0.08509454
0.74302596 , -4.2452264 , 0.088916786
0.41301197 , 0.2500693 , 0.08761296
0.5387304 , -1.3708004 , 0.08533172
0.65565753 , -2.979773 , 0.08531942
0.76700145 , -4.6547027 , 0.09017492
0.4458455 , -0.1805458 , 0.08730418
0.56863666 , -1.7831972 , 0.08502001
0.68102676 , -3.3811903 , 0.08575756
0.7900134 , -5.0559554 , 0.091810904
0.4780299 , -0.6052401 , 0.0869737
0.59717184 , -2.1876733 , 0.084769696
0.70449626 , -3.7753258 , 0.086443
0.3867822 , 0.5816115 , 0.08953967
0.50923777 , -1.0227572 , 0.08660409
0.624089 , -2.5832183 , 0.08461662
0.72584623 , -4.1613274 , 0.087392166
0.41817358 , 0.14956751 , 0.089350864
0.5392897 , -1.4317563 , 0.08619764
0.64910936 , -2.9688973 , 0.084613115
0.744794 , -4.537902 , 0.088616215
0.45005023 , -0.27594456 , 0.08912664
0.5680048 , -1.8308662 , 0.08576737
0.67193896 , -3.3439295 , 0.08482691
0.761476 , -4.9031568 , 0.09018118
0.48133525 , -0.6935303 , 0.08882729
0.5951504 , -2.2187006 , 0.08533332
0.6922672 , -3.7077005 , 0.08532309
0.39415658 , 0.46309444 , 0.09206842
0.51158637 , -1.1016182 , 0.088438205
0.6204271 , -2.593879 , 0.08492883
0.70972335 , -4.059611 , 0.08613865
0.42433655 , 0.03620568 , 0.092014484
0.54057187 , -1.4985752 , 0.08796329
0.6434721 , -2.955102 , 0.08461407
0.7238104 , -4.398763 , 0.08728312
0.45518497 , -0.38249654 , 0.09186081
0.5680862 , -1.882756 , 0.08741097
0.66387343 , -3.301295 , 0.08448167
0.73429656 , -4.723701 , 0.08879846
0.4854889 , -0.79128146 , 0.091576904
0.593872 , -2.2524745 , 0.08678835
0.68118066 , -3.6317356 , 0.08464305
0.74410456 , -5.0325713 , 0.090808846
0.51470894 , -1.1882807 , 0.0911585
0.61758435 , -2.6059732 , 0.08611135
0.69487715 , -3.9460382 , 0.08519487
0.43151098 , -0.089850865 , 0.095575504
0.54257375 , -1.5716407 , 0.09061712
0.63878036 , -2.9414825 , 0.08542816
0.704291 , -4.243922 , 0.08619331
0.46127105 , -0.5001386 , 0.09547043
0.56886536 , -1.9395443 , 0.08995745
0.65692747 , -3.257419 , 0.08484091
0.7087939 , -4.5248556 , 0.08768479
0.49050787 , -0.89850855 , 0.09518178
0.59331286 , -2.2900999 , 0.08916682
0.6714201 , -3.5526774 , 0.08450922
0.7109133 , -4.7879295 , 0.089790784
0.5186112 , -1.282842 , 0.09472568
0.6155377 , -2.6212149 , 0.088230334
0.68157667 , -3.826888 , 0.08462412
0.43968856 , -0.22804645 , 0.10001827
0.5452885 , -1.6511734 , 0.09412823
0.6350314 , -2.930602 , 0.08716398
0.68655956 , -4.080455 , 0.08535521
0.46831453 , -0.62850344 , 0.09992526
0.5703238 , -2.0016534 , 0.093389645
0.6511528 , -3.2159953 , 0.08605278
0.6853778 , -4.314249 , 0.08681922
0.496396 , -1.0149674 , 0.09960136
0.5934429 , -2.3323095 , 0.092471935
0.66313756 , -3.475586 , 0.085082896
0.67950314 , -4.529127 , 0.0891497
0.5232881 , -1.3851511 , 0.099096246
0.6142466 , -2.6408038 , 0.091321036
0.670107 , -3.7086186 , 0.08454796
0.44885084 , -0.37787655 , 0.105321854
0.5487033 , -1.7371339 , 0.09845673
0.6321831 , -2.92437 , 0.08990721
0.67102146 , -3.9159362 , 0.08479966
0.47631162 , -0.7672294 , 0.10519077
0.5724418 , -2.0692084 , 0.09767446
0.646534 , -3.1800065 , 0.088270985
0.6645648 , -4.1000776 , 0.086142525
0.5031461 , -1.1403722 , 0.104789816
0.5942322 , -2.3794596 , 0.09667955
0.65640247 , -3.4049566 , 0.08657859
0.6507594 , -4.264628 , 0.0887997
0.5287254 , -1.4949691 , 0.10422131
0.61366427 , -2.6654167 , 0.09537764
0.6607017 , -3.5975537 , 0.085182756
0.45895585 , -0.53846717 , 0.1114891
0.552802 , -1.8293614 , 0.10355604
0.6301664 , -2.923956 , 0.09369312
0.65812224 , -3.758393 , 0.08464073
0.48523787 , -0.9156587 , 0.11124799
0.57520306 , -2.142177 , 0.10276472
0.6429869 , -3.1514547 , 0.09160908
0.6469929 , -3.8913772 , 0.08559864
0.5107302 , -1.2741686 , 0.11071088
0.59565896 , -2.4316776 , 0.10173787
0.6511588 , -3.3442016 , 0.08922413
0.6258236 , -4.003628 , 0.08857328
0.5348935 , -1.6118089 , 0.11006042
0.6137524 , -2.6953604 , 0.1003459
0.6534407 , -3.4992354 , 0.08685297
0.4699412 , -0.7089592 , 0.11854286
0.5575631 , -1.9274838 , 0.109383516
0.62891024 , -2.929904 , 0.09848071
0.64822936 , -3.615908 , 0.085165195
0.49504992 , -1.0731068 , 0.11809136
0.5785948 , -2.220346 , 0.10860489
0.6403885 , -3.1313157 , 0.09608
0.6333885 , -3.6982088 , 0.08523283
0.5190978 , -1.4157072 , 0.117338225
0.59771144 , -2.4888992 , 0.107567705
0.6472284 , -3.2952309 , 0.09316291
0.6060273 , -3.7566662 , 0.088237256
0.5417494 , -1.7350613 , 0.116584286
0.61448854 , -2.730677 , 0.10611834
0.64816076 , -3.41751 , 0.089916736
0.48169965 , -0.8881102 , 0.12657939
0.56296515 , -2.0310369 , 0.11589664
0.6283635 , -2.9423113 , 0.104136825
0.6414167 , -3.495579 , 0.08690098
0.5056663 , -1.2385652 , 0.12576321
0.58261186 , -2.3034384 , 0.11511457
0.63862604 , -3.1197276 , 0.10154563
0.62437564 , -3.5313895 , 0.08540428
0.5281619 , -1.5639936 , 0.12468129
0.60038984 , -2.5509958 , 0.114034556
0.64438355 , -3.2583916 , 0.098323494
0.5927989 , -3.536443 , 0.08761385
0.5492376 , -1.8638343 , 0.12378896
0.6158686 , -2.7713056 , 0.112497106
0.64447355 , -3.3536816 , 0.094543956
0.54477954 , -3.5351725 , 0.09586991
0.56899136 , -2.1393933 , 0.12303362
0.6285038 , -2.9610798 , 0.11039429
0.6372435 , -3.4016178 , 0.09049488
0.51694894 , -1.4108785 , 0.1343894
0.58725864 , -2.3910863 , 0.122130275
0.6376316 , -3.1164038 , 0.10766872
0.61997867 , -3.4008183 , 0.08709329
0.537799 , -1.717749 , 0.13281834
0.6037062 , -2.61777 , 0.12085259
0.64244735 , -3.233012 , 0.104319915
0.58738583 , -3.3584962 , 0.08700571
0.5573124 , -1.9970707 , 0.131676
0.6179031 , -2.817124 , 0.11906611
0.64195544 , -3.3066359 , 0.10041901
0.52732337 , -3.303633 , 0.09556185
0.57564825 , -2.2518926 , 0.13058686
0.6293307 , -2.9860415 , 0.11670936
0.634831 , -3.3334868 , 0.0961352
0.5286328 , -1.5882944 , 0.14434882
0.5925603 , -2.4829223 , 0.12917231
0.63737696 , -3.120943 , 0.11378654
0.6189584 , -3.3110049 , 0.09181697
0.5478755 , -1.8750374 , 0.14200716
0.6076887 , -2.6890378 , 0.1272708
0.64132684 , -3.2181184 , 0.110372126
0.58960646 , -3.2398343 , 0.08860209
0.56599176 , -2.1334832 , 0.13995513
0.62061375 , -2.8680403 , 0.12485067
0.6403437 , -3.2741816 , 0.10663105
0.52980787 , -3.1361642 , 0.09313395
0.582996 , -2.3678145 , 0.13749555
0.63085103 , -3.017089 , 0.12195446
0.6334217 , -3.286738 , 0.10284897
0.27357048 , 1.6228905 , 0.07984288
0.29603735 , 1.510904 , 0.028475638
0.3353369 , 0.6670022 , 0.025328023
0.40832892 , -0.6611698 , 0.068270594
0.2761957 , 1.692208 , 0.064172305
0.30129662 , 1.3902793 , 0.023069475
0.34807372 , 0.40139684 , 0.03187275
0.42954397 , -0.9989681 , 0.08447469
0.27979508 , 1.7122363 , 0.050184898
0.308027 , 1.2299738 , 0.020642126
0.36300644 , 0.11029841 , 0.04092087
0.4524874 , -1.3423214 , 0.10399772
0.2836937 , 1.6869638 , 0.038607713
0.31651542 , 1.0318699 , 0.021171432
0.38012242 , -0.20220135 , 0.052291077
0.2595813 , 1.6736931 , 0.082611695
0.28810954 , 1.6181408 , 0.029771345
0.32698053 , 0.79923314 , 0.024555653
0.399318 , -0.5313972 , 0.065846086
0.26583695 , 1.7593564 , 0.066856615
0.29346243 , 1.5062675 , 0.02384975
0.3395796 , 0.5353625 , 0.030652622
0.42039418 , -0.8725701 , 0.08165972
0.27124858 , 1.7935958 , 0.052550353
0.3001523 , 1.3531339 , 0.020936886
0.3543797 , 0.24467202 , 0.039300293
0.44300303 , -1.2200689 , 0.10055572
0.27589887 , 1.7808871 , 0.04044498
0.30852905 , 1.1603897 , 0.02093208
0.37138185 , -0.06873501 , 0.05027434
0.2446536 , 1.7179296 , 0.08537315
0.28058752 , 1.7232019 , 0.031192733
0.31884658 , 0.9315591 , 0.02387844
0.3904836 , -0.39988837 , 0.06348147
0.2569049 , 1.8215866 , 0.06968113
0.28598097 , 1.6206751 , 0.02473473
0.33129275 , 0.66981536 , 0.029512899
0.4114773 , -0.7440542 , 0.07890387
0.2637149 , 1.8710703 , 0.054780807
0.29258686 , 1.4753097 , 0.02120599
0.34594873 , 0.3799278 , 0.03769227
0.43387148 , -1.0952464 , 0.097211234
0.26881194 , 1.8717082 , 0.0428448
0.30081907 , 1.2884092 , 0.021015376
0.3628353 , 0.065948844 , 0.048418045
0.23946813 , 1.7544771 , 0.08777413
0.2735933 , 1.8259146 , 0.03205709
0.70265186 , 0.43744886 , 1.0523536
0.7841635 , 1.265152 , 0.79960394
0.73918205 , 0.7636414 , 0.97501445
0.6832415 , 0.19726525 , 1.1098843
0.77234346 , 1.0783509 , 0.88591474
0.7244831 , 0.5443728 , 1.0379423
0.659017 , -0.06621317 , 1.1628422
0.76151687 , 0.8838031 , 0.95812446
0.7050331 , 0.29846257 , 1.0966555
0.795082 , 1.2089484 , 0.8650668
0.74699116 , 0.6606452 , 1.0229949
0.6806461 , 0.028531507 , 1.1513615
0.784423 , 1.0125424 , 0.9404275
0.72759014 , 0.4096377 , 1.0830891
0.81842303 , 1.3476744 , 0.8429988
0.7701421 , 0.7859877 , 1.0074235
0.70315444 , 0.13370101 , 1.139233
0.80787903 , 1.149853 , 0.921906
0.7508446 , 0.5304131 , 1.0691087
0.84247285 , 1.4950405 , 0.81932056
0.7939151 , 0.9201899 , 0.99115205
0.72649413 , 0.24912585 , 1.1266128
0.8318605 , 1.295815 , 0.9025789
0.7747409 , 0.6603848 , 1.0546296
0.86748195 , 1.652018 , 0.7926336
0.8183014 , 1.063228 , 0.9741198
0.750592 , 0.3744955 , 1.1135739
0.85634094 , 1.4507691 , 0.8825086
0.7992449 , 0.7991683 , 1.039571
0.7210608 , 0.06413214 , 1.1673237
0.8432944 , 1.2152162 , 0.9562876
0.77536434 , 0.5093531 , 1.1000956
0.8812799 , 1.6152219 , 0.8618138
0.8243445 , 0.9465419 , 1.0238624
0.74615425 , 0.19422996 , 1.155904
0.8688877 , 1.376533 , 0.9376477
0.8007473 , 0.65309316 , 1.0861192
0.9066278 , 1.790209 , 0.84064716
0.8500395 , 1.1024384 , 1.0074378
0.77209836 , 0.33434466 , 1.1436831
0.8950657 , 1.5477139 , 0.9182338
0.8267302 , 0.80516535 , 1.0715913
0.9323535 , 1.9774002 , 0.81894934
0.87634593 , 1.2670519 , 0.99023706
0.7987928 , 0.4838978 , 1.1308566
0.92183626 , 1.7297537 , 0.89812976
0.85335535 , 0.96518964 , 1.0564753
0.9585978 , 2.1811519 , 0.79483366
0.90332466 , 1.4406586 , 0.97221226
0.8261665 , 0.641964 , 1.1174426
0.3586115 , 1.2913786 , 0.9665341
0.38106614 , 1.6650016 , 1.0636979
0.39984292 , 1.8635111 , 1.2032243
0.37068897 , 1.442238 , 1.0031432
0.3910587 , 1.7152128 , 1.1199087
0.35812753 , 1.1283336 , 0.94977015
0.38174528 , 1.5362345 , 1.0478815
0.4003279 , 1.7467325 , 1.1835501
0.37173316 , 1.2986082 , 0.98836905
0.39185283 , 1.5948616 , 1.1023057
0.35649574 , 0.97949374 , 0.9307694
0.3829055 , 1.4080362 , 1.0321941
0.40125507 , 1.6312428 , 1.1643081
0.3728133 , 1.1562065 , 0.97241116
0.39311168 , 1.4758819 , 1.0849602
0.3552917 , 0.8538063 , 0.90867317
0.38445672 , 1.280733 , 1.0164351
0.40257022 , 1.5174778 , 1.145427
0.37366182 , 1.0193737 , 0.9548328
0.39477476 , 1.3585843 , 1.0678083
0.41197345 , 1.5444334 , 1.2142081
0.38629895 , 1.1552862 , 1.0002931
0.4042485 , 1.4057952 , 1.1268427
0.3744016 , 0.89422154 , 0.935575
0.39680868 , 1.2433192 , 1.0507598
0.4134616 , 1.4350007 , 1.1930251
0.38832512 , 1.0335454 , 0.9834123
0.40628138 , 1.2965771 , 1.1084925
0.3756474 , 0.78584063 , 0.9147758
0.39918575 , 1.1307107 , 1.033678
0.41528428 , 1.3282498 , 1.1728245
0.390493 , 0.9186013 , 0.96550727
0.4086707 , 1.1902044 , 1.090309
0.3781149 , 0.69690824 , 0.89192045
0.4018795 , 1.0217435 , 1.0163802
0.41745654 , 1.2246169 , 1.1531818
0.39294118 , 0.814089 , 0.94646204
0.4114212 , 1.0871807 , 1.0722129
0.38225284 , 0.62740624 , 0.864717
0.40487394 , 0.91803783 , 0.9986594
0.41999912 , 1.1245111 , 1.133892
0.3959873 , 0.7233781 , 0.92629695
0.41453952 , 0.98815954 , 1.0541071
0.42813364 , 1.1444452 , 1.2028904
0.40820542 , 0.82173496 , 0.98033404
0.42293313 , 1.0283886 , 1.1148254
0.40001568 , 0.64853877 , 0.90496576
0.4180343 , 0.89410686 , 1.035878
0.4306339 , 1.0483764 , 1.1815343
0.41199312 , 0.7353237 , 0.96128947
0.4262794 , 0.9367569 , 1.0958812
0.4053211 , 0.59036887 , 0.88204235
0.42193034 , 0.80629677 , 1.0174059
0.43356347 , 0.95688194 , 1.1610415
0.4164394 , 0.66102844 , 0.94147307
0.43005815 , 0.8502744 , 1.0769688
0.41204548 , 0.54843575 , 0.8564435
0.42628324 , 0.7263469 , 0.99858266
0.43695575 , 0.87041897 , 1.1410309
0.42177275 , 0.6005254 , 0.9208337
0.43429455 , 0.7697561 , 1.0580014
0.4201513 , 0.52182776 , 0.82673305
0.43119442 , 0.65596366 , 0.97932386
0.44083947 , 0.78950137 , 1.121288
0.42819065 , 0.5545868 , 0.899226
0.43902433 , 0.69624573 , 1.0388987
0.44622916 , 0.79030263 , 1.1900989
0.4368013 , 0.59678036 , 0.9595662
0.44524187 , 0.7147029 , 1.1016737
0.43580958 , 0.5233403 , 0.876305
0.4443044 , 0.6309211 , 1.0195909
0.4500768 , 0.7132169 , 1.1688001
0.44325677 , 0.55000603 , 0.9392449
0.45019197 , 0.64672446 , 1.0820886
0.4446656 , 0.5062463 , 0.8514592
0.45021415 , 0.575054 , 1.0000198
0.45450652 , 0.64262366 , 1.1481248
0.4506918 , 0.5164172 , 0.91825956
0.45572665 , 0.5863604 , 1.0624559
0.4547089 , 0.5025778 , 0.8239438
0.4568533 , 0.52978855 , 0.9801341
0.45954934 , 0.57903504 , 1.1277914
0.4591981 , 0.4962019 , 0.89643574
0.46189362 , 0.53451604 , 1.0427158
0.46162745 , 0.55343 , 1.1979749
0.4643249 , 0.49608454 , 0.9598761
0.46523455 , 0.5230011 , 1.1076268
0.46881184 , 0.48921943 , 0.8734896
0.46875444 , 0.49209037 , 1.0228207
0.46667334 , 0.4931006 , 1.1761545
0.4727217 , 0.4745243 , 0.93916595
0.47159383 , 0.47514904 , 1.0875194
0.47952604 , 0.49492085 , 0.84901506
0.47637865 , 0.45994657 , 1.0027282
0.47242495 , 0.4405767 , 1.1549815
0.4821074 , 0.46540368 , 0.91788524
0.47866523 , 0.43612722 , 1.0673939
0.49128786 , 0.5127031 , 0.82255393
0.48483852 , 0.4387559 , 0.9823907
0.47891152 , 0.39630252 , 1.1342064
0.49251512 , 0.46863133 , 0.8958632
0.48649257 , 0.4066065 , 1.0471961
0.5040218 , 0.5417214 , 0.7938497
0.4941954 , 0.42901272 , 0.96174586
0.48615974 , 0.36073005 , 1.11364
0.5039415 , 0.48395544 , 0.87286294
0.49512482 , 0.3871769 , 1.0268817
0.48333782 , 0.2965588 , 1.1827469
0.50449497 , 0.4309183 , 0.9407068
0.4941972 , 0.33434358 , 1.0931611
0.51635975 , 0.5108573 , 0.8485791
0.50460887 , 0.37834537 , 1.0064067
0.49073142 , 0.26411247 , 1.161371
0.5157574 , 0.44449857 , 0.91915584
0.50305444 , 0.31759754 , 1.0726907
0.5297166 , 0.5488386 , 0.8226723
0.5149859 , 0.3804301 , 0.9857186
0.49896583 , 0.24089034 , 1.1403769
0.52798176 , 0.46952003 , 0.89693874
0.5127629 , 0.3109209 , 1.0521711
0.54395175 , 0.5972255 , 0.79489183
0.52628285 , 0.3936103 , 0.96474975
0.5080611 , 0.22721313 , 1.1195925
0.54114294 , 0.50568664 , 0.87385887
0.52335316 , 0.31463438 , 1.031553
0.55899066 , 0.65550745 , 0.76531506
0.53851146 , 0.4178455 , 0.94341254
0.51803654 , 0.22340554 , 1.0989007
0.5552031 , 0.55252707 , 0.8496739
0.53484905 , 0.3289692 , 1.0107857
0.5096167 , 0.11342502 , 1.1670477
0.55166364 , 0.4529948 , 0.92159706
0.5289116 , 0.22973754 , 1.0782225
0.5701086 , 0.6096421 , 0.8241051
0.5472662 , 0.35399097 , 0.9898097
0.5198813 , 0.11266084 , 1.14613
0.56571686 , 0.49874192 , 0.8991695
0.5407034 , 0.2464348 , 1.0574981
0.58580637 , 0.6765182 , 0.79688257
0.56060624 , 0.3896627 , 0.96855265
0.53107744 , 0.122012205 , 1.1253532
0.5806315 , 0.55476916 , 0.87596947
0.55342525 , 0.27361304 , 1.0366731
0.60223836 , 0.7528324 , 0.7678654
0.5748584 , 0.43578097 , 0.94692725
0.54321474 , 0.14166251 , 1.1046259
0.5963612 , 0.6206513 , 0.85180634
0.5670828 , 0.31130794 , 1.01569
0.5293786 , -0.010945587 , 1.1717191
0.58999616 , 0.49208874 , 0.9248313
0.5563013 , 0.17173366 , 1.0838842
0.61284924 , 0.69607794 , 0.82645506
0.5816732 , 0.3594151 , 0.9944828
0.5419119 , 0.011785546 , 1.151278
0.6059826 , 0.5582077 , 0.9021482
0.57034093 , 0.21230142 , 1.0630763
0.6300425 , 0.7806881 , 0.79965466
0.5971816 , 0.41775563 , 0.9729741
0.5554153 , 0.04497289 , 1.1307744
0.622768 , 0.6337962 , 0.8787473
0.58533275 , 0.26334146 , 1.0421497
0.6478864 , 0.8743516 , 0.7711179
0.61358356 , 0.4860231 , 0.9510738
0.569889 , 0.0886889 , 1.1102103
0.6402983 , 0.71845466 , 0.8544827
0.6012681 , 0.3247625 , 1.0210458
0.6663507 , 0.97692573 , 0.7406104
0.63084215 , 0.5638877 , 0.9286806
0.58533067 , 0.14294522 , 1.0895604
0.65851074 , 0.81192845 , 0.82918763
0.61813045 , 0.3963589 , 0.9996952
0.56535286 , -0.061097104 , 1.1556089
0.6489141 , 0.6509387 , 0.9056839
0.6017325 , 0.20771216 , 1.0687999
0.67734414 , 0.9139704 , 0.8026595
0.6358924 , 0.47787452 , 0.9780162
0.58131784 , -0.0035470596 , 1.1356816
0.6677475 , 0.7468254 , 0.88196695
0.61908126 , 0.28286886 , 1.0478934
0.6967314 , 1.0246075 , 0.77461433
0.65451854 , 0.56896514 , 0.95591307
0.59825087 , 0.06459681 , 1.1154939
0.68728906 , 0.8511724 , 0.8574102
0.637355 , 0.3682368 , 1.0267917
0.7166174 , 1.1439598 , 0.7445755
0.6739647 , 0.66930187 , 0.9332767
0.6161419 , 0.14326563 , 1.0950894
0.70747876 , 0.96375537 , 0.8318909
0.65652215 , 0.46354133 , 1.0054306
0.73696357 , 1.2726228 , 0.7117527
0.69418466 , 0.77852994 , 0.909988
0.6349748 , 0.23234634 , 1.0745014
0.72825456 , 1.0843785 , 0.80527705
0.67653793 , 0.5684821 , 0.9837294
0.6090284 , -0.022362592 , 1.1398813
0.7151311 , 0.8963994 , 0.8859228
0.7714125 , 1.1532047 , 0.8688001
0.7019962 , 0.49478537 , 1.0406396
0.81156456 , 1.5187322 , 0.7541813
0.75036144 , 0.90519613 , 0.94747925
0.6716861 , 0.19802798 , 1.107045
0.794876 , 1.3050733 , 0.8427765
0.7251142 , 0.62955827 , 1.0196623
0.83527946 , 1.6807387 , 0.7229941
0.7738366 , 1.0528187 , 0.9243104
0.6948873 , 0.32843286 , 1.0870291
0.8188237 , 1.4664019 , 0.8156179
0.7489204 , 0.77303755 , 0.99839556
0.85900867 , 1.8533206 , 0.68826616
0.7977796 , 1.209323 , 0.9003362
0.7190339 , 0.46840727 , 1.0667809
0.84314495 , 1.6380033 , 0.78724813
0.7733128 , 0.9248844 , 0.9767309
0.683765 , 0.13832438 , 1.1301738
0.822105 , 1.3749928 , 0.87544435
0.74407554 , 0.6172716 , 1.04639
0.8676316 , 1.821007 , 0.75764245
0.7982161 , 1.0850279 , 0.9545386
0.70911515 , 0.28379345 , 1.1111164
0.8467293 , 1.5504336 , 0.84956735
0.76990485 , 0.7742561 , 1.025845
0.89183855 , 2.0176861 , 0.7268862
0.82361513 , 1.2535423 , 0.93169004
0.7357146 , 0.4389834 , 1.0914692
0.38218847 , 0.58196115 , 0.8264876
0.52433705 , 0.57369757 , 0.78234804
0.7028725 , 1.0694499 , 0.7467775
0.92470276 , 2.1400547 , 0.71654385
0.4397787 , 0.8733743 , 1.1742537
0.50874996 , 0.12405055 , 1.1677536
0.6143746 , -0.10469658 , 1.1615868
0.3295614 , 0.86391526 , 0.8604482
0.622443 , -2.8890243 , 0.1361885
0.7248691 , -3.9702396 , 0.11552187
0.57960033 , -2.343796 , 0.14708172
0.66918516 , -3.4154108 , 0.12587962
0.77867615 , -4.473919 , 0.10489813
0.62103134 , -2.8831358 , 0.13619582
0.7183121 , -3.918726 , 0.1160741
0.58061934 , -2.356707 , 0.14637743
0.6654212 , -3.3881311 , 0.12619449
0.76969516 , -4.4019723 , 0.10566575
0.6200122 , -2.87903 , 0.13611437
0.7122197 , -3.8701866 , 0.116572864
0.8230674 , -4.8660555 , 0.09231672
0.66208416 , -3.3634627 , 0.12643038
0.7612093 , -4.3330584 , 0.10639868
0.6193346 , -2.8765006 , 0.13596982
0.7065754 , -3.8245122 , 0.11701454
0.81206167 , -4.777462 , 0.09333409
0.65915126 , -3.3411927 , 0.12658927
0.7532042 , -4.267119 , 0.10709097
0.61894846 , -2.8754416 , 0.1357829
0.7013614 , -3.7815795 , 0.11739631
0.80158645 , -4.6919928 , 0.094443426
0.65659535 , -3.321118 , 0.12667695
0.7456645 , -4.2040834 , 0.10773765
0.61881226 , -2.8758135 , 0.1355652
0.69655824 , -3.7412536 , 0.117716484
0.7916273 , -4.6096063 , 0.0955469
0.6543859 , -3.3030481 , 0.12670207
0.73857325 , -4.14387 , 0.108334735
0.6188927 , -2.8776374 , 0.13531843
0.69214517 , -3.7033887 , 0.11797476
0.7821682 , -4.530251 , 0.09662656
0.65249014 , -3.2868264 , 0.12667459
0.7319126 , -4.0863843 , 0.10887918
0.61916625 , -2.8809457 , 0.13503554
0.6880992 , -3.6678383 , 0.11817238
