-0.09613085 , -8.465369 , 0.13545714
-0.012190119 , -7.224889 , 0.11768835
0.06869141 , -5.186868 , 0.12772043
0.087290786 , -3.6602583 , 0.15668927
-0.13952549 , -6.6190434 , 0.20784332
-0.2905947 , -8.858277 , 0.2568372
0.06598914 , -2.8613622 , 0.19279663
0.0634201 , -2.8745272 , 0.19431353
0.23648797 , -2.550722 , 0.19404553
0.28904632 , -2.2335262 , 0.20495424
0.11033811 , -2.7743206 , 0.20668304
0.19690277 , -2.7828438 , 0.20296423
0.14713953 , -2.8587668 , 0.20373465
0.10747476 , -2.826716 , 0.20309879
0.09734558 , -2.7634914 , 0.20689419
0.094985686 , -2.8351135 , 0.2083919
0.061518036 , -2.8604476 , 0.2208085
0.06559072 , -2.847365 , 0.22097819
0.073584326 , -2.8158379 , 0.2076323
0.21944535 , -2.720742 , 0.2026953
0.10512741 , -2.855275 , 0.20716265
0.1398995 , -2.8442686 , 0.19909793
0.17981017 , -2.7116957 , 0.18513025
0.21777189 , -2.4804826 , 0.15679528
0.10559713 , -2.8262649 , 0.20437537
0.08449901 , -2.7722812 , 0.20942579
0.09693663 , -2.846094 , 0.20926996
0.13124862 , -2.8609397 , 0.2021097
0.04926349 , -2.9180367 , 0.21921518
0.092972316 , -2.79406 , 0.20843616
0.20571135 , -2.7778487 , 0.20485339
0.15488963 , -2.8670046 , 0.20565782
0.14851177 , -2.8357506 , 0.1983167
0.19301085 , -2.6656065 , 0.18165863
0.21850078 , -2.382259 , 0.1733702
0.07594973 , -2.8184288 , 0.20868766
0.07746301 , -2.7952337 , 0.21204622
0.10442804 , -2.8651333 , 0.20925781
0.13963825 , -2.8585315 , 0.20158903
0.17998084 , -2.7325428 , 0.18852344
0.12897722 , -2.7863302 , 0.19351654
0.19282568 , -2.8227913 , 0.20671824
0.14416794 , -2.87902 , 0.20689687
0.10631325 , -2.83464 , 0.2062204
0.23032343 , -2.608311 , 0.19483912
0.22609082 , -2.296727 , 0.1761647
0.09297597 , -2.8035872 , 0.20973523
0.20576692 , -2.797002 , 0.20746401
0.1336708 , -2.8754907 , 0.20473479
0.17259054 , -2.7771177 , 0.19358192
0.24050383 , -2.5592496 , 0.19728251
0.27950084 , -2.3941686 , 0.21194677
0.050591335 , -2.9176767 , 0.20220834
0.04807584 , -2.925136 , 0.20352212
0.24540302 , -2.653815 , 0.21310267
0.18668734 , -2.847182 , 0.20838302
0.13917097 , -2.8851962 , 0.20814292
0.17266823 , -2.873868 , 0.20918654
0.127675 , -2.88266 , 0.20865245
0.10026453 , -2.8138452 , 0.21049497
0.1528484 , -2.8524597 , 0.20170856
0.20153753 , -2.6602945 , 0.18471518
0.22183765 , -2.3802464 , 0.18058677
0.12023029 , -2.820603 , 0.22354972
0.19512966 , -2.8421035 , 0.21008556
0.13435918 , -2.891346 , 0.20950285
0.10057081 , -2.8196235 , 0.21072115
0.08129821 , -2.8362563 , 0.2154211
0.12037573 , -2.8947601 , 0.21001704
0.16403854 , -2.826879 , 0.19961852
0.24209319 , -2.58959 , 0.1997405
0.2744603 , -2.4759316 , 0.21644837
0.19518267 , -2.8480852 , 0.21097371
0.16508761 , -2.891621 , 0.21069643
0.116090305 , -2.8729439 , 0.2098411
0.09142904 , -2.8229501 , 0.21708375
0.09615673 , -2.874416 , 0.21466279
0.13770385 , -2.8899674 , 0.20730242
0.18669713 , -2.746784 , 0.19354986
0.21939248 , -2.4346545 , 0.18364975
0.064365394 , -2.8841476 , 0.2226818
0.06853487 , -2.877486 , 0.22293144
0.11233102 , -2.8679981 , 0.21047956
0.13026801 , -2.8301084 , 0.21818218
0.08059323 , -2.8451948 , 0.21650216
0.11433276 , -2.9005935 , 0.21273787
0.151223 , -2.8727717 , 0.20511779
0.1988427 , -2.6954482 , 0.18999761
0.27876502 , -2.4718156 , 0.21958652
0.28997812 , -2.3788254 , 0.21828243
0.22867528 , -2.3455632 , 0.18520078
0.07777343 , -2.8660438 , 0.22237338
-0.04919016 , -2.691638 , 0.49772692
-0.00970013 , -2.6590188 , 0.52950907
-0.010241559 , -2.8570693 , 0.49185854
0.020125626 , -3.1432073 , 0.49097544
0.041429535 , -3.5579867 , 0.39600345
0.040916648 , -3.3175428 , 0.29095498
0.058791295 , -2.875228 , 0.21410713
-0.046741646 , -3.2618256 , 0.42319387
0.072461866 , -3.3506255 , 0.2973122
0.03941246 , -3.5691662 , 0.37480664
-0.022853054 , -3.2488055 , 0.44072536
0.066156104 , -3.4534264 , 0.31941542
0.026663959 , -3.5415473 , 0.39497176
-0.047066 , -3.0620346 , 0.45447832
0.044031426 , -3.2654247 , 0.2815795
0.090623416 , -2.905899 , 0.2258355
0.074404165 , -3.3505802 , 0.29727882
0.029791018 , -3.5503373 , 0.39211053
-0.04222432 , -3.0998337 , 0.452784
0.023351034 , -3.191075 , 0.48700988
0.08509701 , -3.1561115 , 0.2632869
0.0593326 , -3.5285735 , 0.3412842
0.012467106 , -3.4730127 , 0.413981
0.08014677 , -3.2828577 , 0.28470778
0.04999428 , -3.5688407 , 0.36269787
-0.005716847 , -3.3592196 , 0.43157288
0.044317614 , -3.440429 , 0.3161781
0.058848463 , -3.0096304 , 0.23944412
0.08755271 , -3.156076 , 0.26329625
0.052493423 , -3.5661685 , 0.35963354
-0.0015894411 , -3.3832788 , 0.42915452
-0.0015352122 , -2.8730206 , 0.5235879
0.09883882 , -2.955927 , 0.23256785
0.07506372 , -3.3974051 , 0.30666193
0.03974605 , -3.5709043 , 0.38335326
0.09396216 , -3.0820458 , 0.25159746
0.06798408 , -3.489962 , 0.32866877
0.026352227 , -3.5302734 , 0.4031011
0.047164407 , -3.5525517 , 0.3529932
0.052062355 , -3.211246 , 0.2719935
0.10361891 , -2.9552538 , 0.23255464
0.070045896 , -3.4784985 , 0.32550225
0.029634068 , -3.5413883 , 0.40030944
-0.049313884 , -3.0572743 , 0.4581721
0.07035715 , -2.9551058 , 0.23044176
0.08907113 , -3.2110074 , 0.27234435
0.06054228 , -3.5528533 , 0.3503293
0.11561936 , -2.8827517 , 0.22302426
0.082733765 , -3.333767 , 0.2940048
0.050714377 , -3.5798612 , 0.3714536
0.049576342 , -3.5784967 , 0.39214635
0.049623493 , -3.3973615 , 0.30626035
0.07429428 , -2.9543738 , 0.23015662
0.09096964 , -3.2108388 , 0.27233246
0.06229068 , -3.5537448 , 0.35025707
0.014008238 , -3.4588351 , 0.4215875
-0.044844653 , -2.8218143 , 0.4951679
0.04448477 , -3.4628427 , 0.44471556
0.050127193 , -3.554334 , 0.3529156
0.0557925 , -3.210919 , 0.27168253
0.114189304 , -2.953665 , 0.23257536
0.09619211 , -3.1553771 , 0.26328585
0.06800847 , -3.531241 , 0.34093705
0.023930999 , -3.5056677 , 0.41373435
-0.06366701 , -2.9405186 , 0.46452495
0.092311636 , -3.228689 , 0.2753574
0.06348098 , -3.56153 , 0.35321167
0.015265914 , -3.4558313 , 0.4240927
0.007469163 , -2.890021 , 0.5261518
0.08868694 , -3.2994342 , 0.28768656
0.058530573 , -3.5805297 , 0.36529443
0.0057883663 , -3.3938134 , 0.43394753
0.32775038 , -5.2249737 , 0.506485
0.11687524 , -3.7051635 , 0.5315491
0.18735735 , -4.3731813 , 0.53551054
0.25559163 , -4.9896054 , 0.541929
0.27495888 , -5.0599174 , 0.4992287
0.2684994 , -3.579803 , 0.31407383
0.2937841 , -4.321491 , 0.38830334
0.3270074 , -5.0328403 , 0.46790418
0.268668 , -4.955516 , 0.4840774
0.27284938 , -3.698502 , 0.32559085
0.299571 , -4.442202 , 0.40061375
0.33346134 , -5.144361 , 0.4825438
0.26278552 , -4.8484826 , 0.46957552
0.2774502 , -3.818953 , 0.33725694
0.3055372 , -4.5623827 , 0.41304377
0.3395393 , -5.2527437 , 0.49926624
0.2572285 , -4.7391496 , 0.4553882
0.28229836 , -3.940691 , 0.34906542
0.31165978 , -4.681762 , 0.42562178
0.2958201 , -5.313274 , 0.5400919
0.25195578 , -4.6277227 , 0.4413222
0.28845674 , -4.0934334 , 0.3640123
0.3192593 , -4.8284183 , 0.44162935
0.28579858 , -5.1896625 , 0.51480204
0.24554367 , -4.484868 , 0.42375654
0.2172295 , -3.7322528 , 0.3345283
0.20628342 , -3.0046608 , 0.24373795
0.2599839 , -2.9504113 , 0.2538948
0.2757692 , -3.6719167 , 0.3227227
0.2982229 , -4.3093247 , 0.3852676
0.33051887 , -5.032207 , 0.4651831
0.27479026 , -5.0089836 , 0.48720643
0.23776755 , -4.282112 , 0.39901456
0.30393964 , -4.432043 , 0.3975718
0.33665988 , -5.145234 , 0.4798314
0.2690429 , -4.9012594 , 0.47275853
0.23362292 , -4.1635156 , 0.38479036
0.30982566 , -4.5540757 , 0.41003346
0.34233686 , -5.2553754 , 0.49655223
0.26356375 , -4.7911663 , 0.45862806
0.22980814 , -4.0435147 , 0.370483
0.31585264 , -4.67515 , 0.42263713
0.32442895 , -5.3651876 , 0.5353706
0.25830337 , -4.678838 , 0.44461158
0.22634596 , -3.9222856 , 0.35610536
0.32198077 , -4.7949896 , 0.4354277
0.2930856 , -5.268787 , 0.52305937
0.2532557 , -4.5644555 , 0.43073225
0.22325982 , -3.8001156 , 0.3417358
0.32814282 , -4.913237 , 0.44871897
0.28669026 , -5.16681 , 0.50530654
0.24842404 , -4.4479337 , 0.41653654
0.27196774 , -3.1886172 , 0.27827838
0.29188567 , -3.9584568 , 0.34913054
0.32097033 , -4.7191367 , 0.4260703
0.2990748 , -5.3582854 , 0.5384045
0.26013735 , -4.6639953 , 0.44104823
0.22827005 , -3.8977141 , 0.35249838
0.21241103 , -3.1275332 , 0.26169285
0.26813695 , -2.7827563 , 0.24091119
0.33629936 , -5.5196066 , 0.54429
0.21396415 , -3.2158308 , 0.27263358
0.23221533 , -3.993405 , 0.3632755
0.26568088 , -4.7559114 , 0.4514052
0.31493586 , -4.91685 , 0.4508378
0.26571673 , -3.896055 , 0.34525985
0.34579316 , -5.258494 , 0.49359033
0.30924526 , -4.3964667 , 0.39141592
0.27049863 , -2.978041 , 0.25953123
0.31368333 , -2.9596055 , 0.26826113
0.36408824 , -4.632004 , 0.4006522
0.4064804 , -5.5134783 , 0.5084471
0.3315372 , -5.4391932 , 0.5401953
0.35053846 , -5.9570117 , 0.57792264
0.414654 , -6.6069613 , 0.6129719
0.51531816 , -7.0425215 , 0.5172031
0.4455096 , -6.400035 , 0.5252742
0.38400826 , -5.7505937 , 0.51999986
0.34264088 , -5.8705626 , 0.5729278
0.27305683 , -0.41180518 , 0.26909864
0.27349314 , -0.41369382 , 0.26641414
0.29410252 , -0.04870487 , 0.26709387
0.34013447 , 0.69187206 , 0.2668824
0.3003262 , 0.4048294 , 0.07681409
0.28279933 , 0.030447142 , 0.074930795
0.26973763 , -0.5199616 , 0.25312456
0.29026434 , -0.16089295 , 0.25566202
0.3122424 , 0.2003472 , 0.25828338
0.29891354 , 0.46210128 , 0.075356014
0.37951204 , -5.474189 , 0.5212644
0.32142735 , -5.4426 , 0.54827005
0.37524927 , -5.460243 , 0.5332754
0.38631934 , -5.525062 , 0.52381474
0.4025332 , -5.592707 , 0.5218454
0.3353309 , -5.578016 , 0.5528874
0.3239022 , -5.527359 , 0.5534886
0.31133956 , -5.478562 , 0.55275077
0.38913247 , -5.5857167 , 0.5225711
0.39860392 , -6.3695426 , 0.577545
0.48542446 , -7.2668777 , 0.6128539
0.43607995 , -5.9365335 , 0.5206075
0.3867453 , -5.5890417 , 0.52216125
0.3471089 , -5.6854777 , 0.5542128
0.3336084 , 0.6836864 , 0.24391736
0.25761312 , -0.44247445 , 0.3281949
0.25352633 , -0.6044787 , 0.32794738
0.33198264 , 0.83094287 , 0.34851912
0.34251988 , 0.82127285 , 0.2806319
0.25805897 , -0.6070957 , 0.2902823
0.25984436 , -0.64616746 , 0.14419022
0.2568034 , -0.64693314 , 0.27186558
0.2436685 , -0.70188266 , 0.34944975
0.25821483 , -0.6678749 , 0.13820827
0.24917607 , -0.66183025 , 0.16246343
0.31407067 , -5.537242 , 0.55343217
0.42427328 , -6.194698 , 0.52443993
0.36541793 , -5.562024 , 0.5199402
0.3299075 , -5.424386 , 0.5408913
0.48825872 , -6.813723 , 0.5212995
0.4226273 , -6.1831326 , 0.52441394
0.36451516 , -5.556425 , 0.5198121
0.2503068 , -0.79293156 , 0.18492216
0.2540297 , -0.66897094 , 0.10856661
0.24861154 , -0.7081058 , 0.30833828
0.24983324 , -0.8095763 , 0.1776482
0.25063333 , -0.699453 , 0.10403116
0.32218403 , -5.399007 , 0.54575735
0.45113426 , -6.47319 , 0.5250668
0.39034072 , -5.844869 , 0.52092046
0.19059677 , -0.7613381 , 0.15121469
0.33070034 , -5.7376223 , 0.56636333
0.39905143 , -6.4590335 , 0.6098086
0.5009592 , -6.9281774 , 0.51771706
0.4242167 , -6.2099433 , 0.52470404
0.3582954 , -5.498968 , 0.5203743
0.23685431 , -0.8048203 , 0.35333005
0.20803386 , -1.0565892 , 0.48640308
0.23937908 , -0.9372188 , 0.22049397
0.25207958 , -0.73938656 , 0.12163533
0.22946781 , -1.0450222 , 0.2564422
0.24930316 , -0.8301943 , 0.15722875
0.24127403 , -0.76717836 , 0.09082453
0.3303601 , -5.4349093 , 0.5377119
0.23673858 , -0.9328735 , 0.16588888
0.31020272 , -5.4680753 , 0.55288804
0.3573887 , -6.042919 , 0.59100384
0.41836685 , -6.6333685 , 0.6200188
0.46855822 , -6.6568875 , 0.5216141
0.4074655 , -6.066653 , 0.5239777
0.35507458 , -5.4895062 , 0.5186132
0.22953269 , -0.96390903 , 0.33532408
0.20491248 , -1.1762787 , 0.43999624
0.21429676 , -1.2625722 , 0.28038847
0.2379842 , -1.0290928 , 0.17420386
0.23813184 , -0.9132556 , 0.10346659
0.23140492 , -0.96871024 , 0.31828684
0.20824343 , -1.1615005 , 0.41624862
0.20657188 , -1.3433505 , 0.30661204
0.23272716 , -1.1052079 , 0.19225045
0.23908252 , -0.9487397 , 0.11526634
0.23220846 , -0.9761861 , 0.1639734
0.32576475 , -5.683267 , 0.56655264
0.37926483 , -6.2664104 , 0.6051182
0.44344515 , -6.8501053 , 0.6254083
0.4411367 , -6.4069686 , 0.52468693
0.38415483 , -5.821539 , 0.52105755
0.22897501 , -0.996612 , 0.15814173
0.3135236 , -5.520707 , 0.55616355
0.3618173 , -6.0902696 , 0.59555656
0.42279837 , -6.670078 , 0.62203497
0.45666453 , -6.5545015 , 0.52284086
0.39773187 , -5.974122 , 0.52316546
0.23726217 , -0.9832102 , 0.26756057
0.22327557 , -1.0474033 , 0.3462001
0.19762036 , -1.2734706 , 0.4552925
0.21389481 , -1.3027908 , 0.2651088
0.23615314 , -1.0697823 , 0.16409978
0.23333693 , -0.97593385 , 0.097366594
0.22559734 , -1.0469488 , 0.32843873
0.20097594 , -1.2579318 , 0.4305171
0.20610775 , -1.3853984 , 0.29015106
0.23140077 , -1.1439364 , 0.18126069
0.23500712 , -1.0051583 , 0.10867739
0.3213293 , -5.3445764 , 0.53426236
0.3297786 , -5.7349796 , 0.57156223
0.383668 , -6.3088226 , 0.6087814
0.47108373 , -6.8824596 , 0.5700702
0.43019572 , -6.3088555 , 0.52497
0.3753781 , -5.735024 , 0.5199435
0.23054422 , -1.0570055 , 0.15820733
0.3169006 , -5.5722127 , 0.5604403
0.36613208 , -6.135055 , 0.5998731
0.4271044 , -6.7044444 , 0.62372935
0.44518104 , -6.454366 , 0.5237762
0.3884079 , -5.884329 , 0.52219313
0.23364311 , -1.036146 , 0.27640527
0.21675663 , -1.1342663 , 0.35752955
0.19023046 , -1.3715636 , 0.47129086
0.21347882 , -1.3417323 , 0.2505714
0.23409711 , -1.1113567 , 0.1545667
0.2285613 , -1.0429101 , 0.09075166
-0.37070268 , -9.734933 , 0.35054627
-0.5317805 , -11.382055 , 0.43881845
-0.45196393 , -11.838542 , 0.27443433
-0.28002903 , -10.20451 , 0.1872567
-0.12276369 , -8.456672 , 0.1510473
0.06100787 , -3.7147498 , 0.3112605
-0.13743468 , -6.7049794 , 0.3028701
-0.3396863 , -9.690071 , 0.3055906
-0.08653275 , -7.9330683 , 0.14876907
0.0030409656 , -6.097676 , 0.13564572
0.08649603 , -4.3342295 , 0.1251602
0.16778454 , -2.5471885 , 0.10994327
-0.59994966 , -11.699164 , 0.52552325
-0.3822767 , -8.8695545 , 0.53895396
-0.14110847 , -5.857169 , 0.5441473
0.08235973 , -2.909793 , 0.54103637
0.17013063 , -2.0973299 , 0.25757775
0.048574463 , -3.9121706 , 0.26360255
-0.074259445 , -5.671111 , 0.27509284
-0.2001372 , -7.4801726 , 0.29617125
-0.023004819 , -6.652896 , 0.13877073
0.060989592 , -4.882479 , 0.12830922
0.14241049 , -3.1231332 , 0.11553815
0.2220314 , -1.2193391 , 0.08863181
0.11696323 , -2.907398 , 0.25838748
-0.0042799436 , -4.6727285 , 0.2671241
-0.12759817 , -6.4370785 , 0.28116542
-0.07177425 , -7.65795 , 0.14627649
0.015583811 , -5.849842 , 0.13354816
0.097780526 , -4.1025977 , 0.12306127
0.17800218 , -2.316578 , 0.10638275
0.18515968 , -1.8623194 , 0.25520653
0.06448206 , -3.6826494 , 0.26076436
-0.057128858 , -5.4280624 , 0.27154922
-0.18142007 , -7.213705 , 0.2898751
-0.030544994 , -6.8287263 , 0.13911621
0.05301988 , -5.0642815 , 0.12879711
0.13376755 , -3.3223906 , 0.116776444
0.21295571 , -1.4667554 , 0.09123479
0.132178 , -2.6793914 , 0.25583372
0.012111227 , -4.4395504 , 0.264048
-0.10998287 , -6.185689 , 0.27707145
-0.08035184 , -7.836402 , 0.14575313
0.008003344 , -6.0263658 , 0.1338347
0.08956616 , -4.289508 , 0.123792954
0.169088 , -2.5291903 , 0.1084015
0.19999652 , -1.625409 , 0.25277102
0.08011464 , -3.4554584 , 0.2580442
-0.040268246 , -5.1888585 , 0.26815385
-0.16312757 , -6.952227 , 0.2844041
-0.03806834 , -7.003051 , 0.13920411
0.045225296 , -5.243307 , 0.12920773
0.12530419 , -3.5171149 , 0.117921576
0.2038784 , -1.702012 , 0.09483351
0.14715362 , -2.4521074 , 0.253361
0.028227651 , -4.2095 , 0.26109642
-0.0926526 , -5.938582 , 0.27318868
-0.2176802 , -7.7371583 , 0.296788
0.00056124706 , -6.2007775 , 0.13399717
0.08152067 , -4.473026 , 0.124447376
0.16034827 , -2.735716 , 0.110294566
0.2145403 , -1.3851866 , 0.25037017
0.09547167 , -3.2303174 , 0.2554415
-0.023681795 , -4.9533706 , 0.26490065
-0.14520708 , -6.695511 , 0.27952507
-0.045656834 , -7.1761947 , 0.13880593
0.037608754 , -5.4197083 , 0.12952998
0.117023386 , -3.7076137 , 0.118969046
0.19491562 , -1.9275258 , 0.09861854
0.16190386 , -2.2250273 , 0.25097805
0.044074986 , -3.9823794 , 0.25827
-0.07559182 , -5.6956553 , 0.26950622
-0.19863841 , -7.467661 , 0.2883352
-0.006765832 , -6.373229 , 0.13398117
0.07364163 , -4.6533375 , 0.12501954
0.15178058 , -2.9367132 , 0.11202891
0.22834222 , -1.1392903 , 0.24626817
0.11055524 , -3.0069144 , 0.2529677
-0.007372426 , -4.7214575 , 0.26178798
-0.12762654 , -6.4434156 , 0.27508798
-0.053433377 , -7.3486786 , 0.13761017
0.030155165 , -5.5936384 , 0.1297463
0.10891142 , -3.8941612 , 0.11991602
0.18609487 , -2.1448538 , 0.10202547
0.17641313 , -1.9975036 , 0.24875346
0.059644006 , -3.757965 , 0.25557446
-0.058804702 , -5.4567947 , 0.26601148
-0.18021046 , -7.2040043 , 0.28205946
-0.013973949 , -6.543886 , 0.13371138
0.06596532 , -4.830606 , 0.12550464
0.14342578 , -3.132622 , 0.11359653
0.21955565 , -1.3034415 , 0.08138105
0.12541336 , -2.7849085 , 0.2506461
0.008694329 , -4.492972 , 0.25881392
-0.11032672 , -6.1958385 , 0.27099955
-0.06153506 , -7.521298 , 0.135399
0.022786159 , -5.7652545 , 0.12983869
0.10089416 , -4.077006 , 0.12076649
0.17733458 , -2.355076 , 0.104933485
0.19054165 , -1.768687 , 0.24689128
0.07486172 , -3.5360007 , 0.2530156
-0.042357784 , -5.2218695 , 0.26268762
-0.1622784 , -6.945611 , 0.27683252
-0.021026084 , -6.712973 , 0.13310757
0.058581535 , -5.004992 , 0.1259072
0.13537815 , -3.32382 , 0.11501368
0.21130939 , -1.5384161 , 0.090583086
0.14017555 , -2.5638967 , 0.24851252
0.024610259 , -4.267741 , 0.2559698
-0.09319834 , -5.9526772 , 0.26718473
-0.14221498 , -7.694772 , 0.20637187
0.015449719 , -5.9346714 , 0.12980613
0.09293199 , -4.2563257 , 0.12154461
0.16860951 , -2.5589225 , 0.10744034
0.20413142 , -1.5374888 , 0.24580415
0.08967424 , -3.3162506 , 0.25058737
-0.026295222 , -4.990782 , 0.25950193
-0.14484069 , -6.692225 , 0.2722182
-0.028143968 , -6.8808856 , 0.13214174
0.05132831 , -5.17675 , 0.12626617
0.12745155 , -3.5107365 , 0.11633693
0.2027953 , -1.762947 , 0.09632075
0.15467347 , -2.3432682 , 0.24659264
0.04022859 , -4.045474 , 0.25321472
-0.076376304 , -5.713731 , 0.26354742
-0.19706556 , -7.4509387 , 0.2772627
0.2425828 , -4.8776307 , 0.5415161
0.17383908 , -4.2445254 , 0.53554356
0.10149619 , -3.5608923 , 0.53208303
0.017790526 , -2.8908908 , 0.5300296
0.11069663 , -3.6424983 , 0.53332764
0.18253274 , -4.3248806 , 0.5369861
0.25160637 , -4.9542594 , 0.54320514
-0.0077107046 , -3.0878613 , 0.46915403
0.11690471 , -3.813192 , 0.4777438
0.21611325 , -4.4783697 , 0.48587674
0.30569133 , -5.085383 , 0.49979767
0.29968202 , -5.047089 , 0.49898493
0.20889701 , -4.4295073 , 0.48578295
0.10813819 , -3.7553983 , 0.47765353
-0.02118259 , -3.0167124 , 0.46843123
0.08475049 , -3.405584 , 0.5336177
0.15999447 , -4.1125007 , 0.5364597
0.22944444 , -4.764926 , 0.54178137
0.295188 , -5.3219175 , 0.5505219
0.26045036 , -4.7898445 , 0.49251288
0.16587348 , -4.1395464 , 0.4826326
0.056529444 , -3.435093 , 0.47452706
0.031462498 , -2.9653575 , 0.5331094
0.11950986 , -3.7220116 , 0.53558815
0.19130664 , -4.4081974 , 0.5393915
0.26076907 , -5.0363536 , 0.54581416
0.31040347 , -5.127138 , 0.5031501
0.22038496 , -4.513167 , 0.48814565
0.120570004 , -3.8354683 , 0.47967705
-0.0037444173 , -3.0924513 , 0.47059053
0.07387141 , -3.302978 , 0.53547037
0.15176407 , -4.0302305 , 0.5378796
0.22216351 , -4.6977625 , 0.5427561
0.29012027 , -5.2810473 , 0.55041933
0.2720437 , -4.873861 , 0.49542606
0.1778464 , -4.222333 , 0.4847505
0.07032322 , -3.5142827 , 0.47654596
0.01457036 , -2.844667 , 0.5353919
0.109920435 , -3.6286805 , 0.53728807
0.18326408 , -4.332058 , 0.5406147
0.25336617 , -4.9768095 , 0.5465329
0.3207576 , -5.205819 , 0.5075739
0.23186119 , -4.597977 , 0.4905263
0.13287364 , -3.9172359 , 0.48169914
0.012484947 , -3.1708803 , 0.4728245
0.062160354 , -3.1953025 , 0.5374382
0.14316544 , -3.9445925 , 0.53937113
0.21458519 , -4.6276913 , 0.543776
0.28393853 , -5.2339125 , 0.55067694
0.28348088 , -4.9579754 , 0.4984221
0.18973729 , -4.306517 , 0.48687452
0.083770745 , -3.5952897 , 0.47857258
-0.06532794 , -2.798349 , 0.46696594
0.0999188 , -3.5311353 , 0.5390739
0.17512491 , -4.252924 , 0.54189026
0.24597144 , -4.913881 , 0.5472921
0.33090007 , -5.2820196 , 0.5121058
0.24346288 , -4.6836777 , 0.49294457
0.14516322 , -4.000559 , 0.4837199
0.02796327 , -3.251546 , 0.47501338
0.04945273 , -3.082122 , 0.539597
0.13419656 , -3.855371 , 0.540932
0.20677024 , -4.5546813 , 0.5448337
0.2771262 , -5.1816883 , 0.55096215
0.29475302 , -5.0418496 , 0.5014999
0.20158023 , -4.3920126 , 0.48901138
0.09695059 , -3.677992 , 0.48059356
-0.041325025 , -2.8794572 , 0.47039014
0.08938115 , -3.4290926 , 0.5409617
0.1667852 , -4.1706696 , 0.5432206
0.23844363 , -4.847721 , 0.54809856
0.34043622 , -5.3542256 , 0.516323
0.25510433 , -4.770059 , 0.49540216
0.15741128 , -4.0853543 , 0.4857377
0.04285645 , -3.33416 , 0.47715202
0.03544923 , -2.9629188 , 0.54205626
0.12485978 , -3.7623606 , 0.54257095
0.19878437 , -4.478717 , 0.5459367
0.27000964 , -5.1250515 , 0.55140114
0.30588946 , -5.1249976 , 0.50462633
0.21343155 , -4.4786882 , 0.49116078
0.10994331 , -3.7622757 , 0.48260054
-0.021809172 , -2.962674 , 0.47304043
0.07820045 , -3.3222377 , 0.54297966
0.15818876 , -4.0851417 , 0.5446147
0.23074228 , -4.7784214 , 0.54896104
0.29995447 , -5.3681693 , 0.5529122
0.26673505 , -4.8568873 , 0.4978907
0.16961527 , -4.171545 , 0.48774922
0.057286616 , -3.4185147 , 0.47924548
0.019416226 , -2.8369968 , 0.5448081
0.11511032 , -3.6653311 , 0.54430234
0.19062217 , -4.399744 , 0.5470955
0.2626673 , -5.064428 , 0.5519795
0.3168258 , -5.2068033 , 0.5077514
0.22530228 , -4.566397 , 0.49331826
0.12279274 , -3.8480487 , 0.48458633
-0.0041636606 , -3.0478873 , 0.4754025
-0.047052708 , -2.2060554 , 0.5859809
-0.10783447 , -1.5464467 , 0.6246848
-0.22092466 , -0.97689945 , 0.50559914
-0.15387082 , -1.5970616 , 0.5103489
-0.10012477 , -2.2632334 , 0.49351448
0.40019184 , -6.120544 , 0.5117926
0.22118999 , -4.6329308 , 0.50735545
0.035918135 , -3.0555377 , 0.5048257
-0.16553251 , -1.4149206 , 0.5057074
0.045452297 , -3.3369298 , 0.47993606
0.16112185 , -4.1140018 , 0.48853162
0.2600209 , -4.817422 , 0.49818227
0.3453856 , -5.4070635 , 0.5169265
0.011005445 , -2.6001267 , 0.6346635
0.1755744 , -4.2002172 , 0.62991863
0.32790732 , -5.7124667 , 0.6268594
0.29156163 , -5.3080606 , 0.5539409
0.22033457 , -4.6823926 , 0.5504699
0.1462777 , -3.9653745 , 0.5469015
0.061916113 , -3.1692605 , 0.5463119
0.0012262285 , -3.0739448 , 0.47631794
0.12697956 , -3.8763864 , 0.48540205
0.22931322 , -4.5968285 , 0.49419266
0.32053667 , -5.2357335 , 0.5088564
0.26034793 , -5.0451865 , 0.5524052
0.18793276 , -4.3732805 , 0.5477779
0.111697145 , -3.6308703 , 0.5452289
0.013009426 , -2.7896576 , 0.5461302
-0.11521655 , -2.4233022 , 0.4680896
-0.112192705 , -2.4398365 , 0.46822384
-0.059980962 , -2.7389905 , 0.51512384
-0.09897093 , -2.5514853 , 0.46755782
-0.09731461 , -2.5700984 , 0.46787104
-0.053982668 , -2.644024 , 0.49733883
-0.050824266 , -2.7537577 , 0.49128583
-0.01887141 , -2.5227757 , 0.53045
-0.022365035 , -2.4774995 , 0.53181773
-0.06523212 , -2.667889 , 0.51082224
-0.035484314 , -2.3354802 , 0.5333297
-0.0401096 , -2.2887704 , 0.5343184
-0.059582766 , -2.5865397 , 0.5034946
-0.10249909 , -2.144347 , 0.5039682
-0.1446238 , -2.161445 , 0.47302407
-0.054325726 , -2.6884687 , 0.50419223
-0.12676372 , -2.276976 , 0.47368392
-0.12347024 , -2.2953753 , 0.47440347
-0.06642952 , -2.6039417 , 0.5069183
-0.10911981 , -2.4125974 , 0.47497362
-0.10694548 , -2.432299 , 0.47545698
-0.06418429 , -2.5221505 , 0.50811404
-0.056534044 , -2.627149 , 0.5095639
-0.031148972 , -2.3856924 , 0.5415982
-0.27536514 , -0.017215183 , 0.63596666
-0.15259211 , -1.1218594 , 0.599515
-0.243498 , -0.27464676 , 0.630802
-0.18229234 , -0.8604738 , 0.6348916
-0.11076738 , -1.5385166 , 0.6126592
-0.04296713 , -2.3077543 , 0.5587589
-0.29351425 , -0.40199158 , 0.5108529
-0.21483178 , -1.2748072 , 0.49906448
-0.11893659 , -2.2064607 , 0.48810342
-0.17557655 , -1.4541608 , 0.5085369
-0.24492331 , -0.7812244 , 0.50835
-0.1507893 , -1.1460624 , 0.62919337
-0.08219693 , -1.8454549 , 0.5957097
-0.11395794 , -2.2862842 , 0.48529473
-0.16843177 , -1.5279976 , 0.50766426
-0.23635824 , -0.855064 , 0.5091542
-0.15440491 , -1.1127222 , 0.63065773
-0.08591455 , -1.8024663 , 0.5995436
-0.10954293 , -2.3669453 , 0.48218632
-0.1614297 , -1.6017605 , 0.50666595
-0.2279396 , -0.928484 , 0.50982475
-0.15799914 , -1.0800707 , 0.6319557
-0.08951972 , -1.7608969 , 0.60314286
-0.105876975 , -2.4488864 , 0.47867668
-0.15457448 , -1.6754211 , 0.5055392
-0.21966574 , -1.0015031 , 0.5103599
-0.1615784 , -1.0480782 , 0.6330922
-0.09303383 , -1.7206957 , 0.606525
-0.030435603 , -2.4963708 , 0.5469422
-0.14786826 , -1.7490321 , 0.5042836
-0.21153384 , -1.074153 , 0.5107595
-0.16515028 , -1.0166845 , 0.63407063
-0.09647656 , -1.6817322 , 0.60969865
-0.0353061 , -2.4380913 , 0.5535378
-0.14131968 , -1.8225507 , 0.5028981
0.19624484 , -1.813553 , 0.12291786
0.15956481 , -2.6968415 , 0.12835744
0.12902784 , -3.4540746 , 0.13175277
0.104125045 , -4.2035007 , 0.12886448
0.18750906 , -2.0350282 , 0.123106934
0.1515479 , -2.9035234 , 0.12871848
0.121927865 , -3.6659005 , 0.13070671
0.095253594 , -4.457259 , 0.12640545
0.17875324 , -2.258715 , 0.12355662
0.14356267 , -3.1136506 , 0.1288319
0.11472847 , -3.8905082 , 0.12933956
0.20906554 , -1.5051246 , 0.11936017
0.16996513 , -2.4837515 , 0.12415142
0.1355765 , -3.3293622 , 0.12862672
0.10729164 , -4.129789 , 0.12769988
0.20009564 , -1.7439504 , 0.11929838
0.16114514 , -2.7100434 , 0.12474916
0.1275427 , -3.5530665 , 0.1280814
0.099212274 , -4.385208 , 0.12582816
0.1909098 , -1.9866675 , 0.11959654
0.15229633 , -2.9383767 , 0.12521036
0.11940999 , -3.7871246 , 0.12721772
0.089533 , -4.6578555 , 0.12376471
0.18153691 , -2.2317142 , 0.12017818
0.1434083 , -3.1703284 , 0.12542658
0.111119226 , -4.0336075 , 0.12608354
0.2131613 , -1.4151374 , 0.11592443
0.17200594 , -2.4780982 , 0.12091242
0.13444999 , -3.408014 , 0.12533738
0.10254893 , -4.294176 , 0.12473095
0.2038553 , -1.6758188 , 0.115995415
0.1623501 , -2.725703 , 0.12164331
0.12537663 , -3.6537635 , 0.12493244
0.09335652 , -4.5700803 , 0.1232004
0.19414243 , -1.940391 , 0.11646367
0.1525931 , -2.9753728 , 0.12222741
0.11614178 , -3.9098153 , 0.12424243
0.08275432 , -4.8622255 , 0.1215241
0.1840702 , -2.207061 , 0.11723564
0.1427328 , -3.2287524 , 0.12256332
0.10669481 , -4.178092 , 0.123322934
0.21724887 , -1.3253343 , 0.112732716
0.17371616 , -2.4747453 , 0.11815679
0.13273881 , -3.4879804 , 0.12260244
0.09693273 , -4.460085 , 0.122235075
0.20750557 , -1.6088681 , 0.11299522
0.16315326 , -2.7433908 , 0.11905435
0.12256509 , -3.755353 , 0.122344375
0.086568534 , -4.7568445 , 0.12102872
0.19717847 , -1.895908 , 0.11370128
0.15242778 , -3.013991 , 0.11978397
0.11216614 , -4.033044 , 0.12182557
0.07494613 , -5.0690536 , 0.119737625
0.18631954 , -2.1844099 , 0.11472716
0.0770643 , -4.846415 , 0.11820939
0.021340555 , -6.22102 , 0.11782037
0.17551044 , -2.50246 , 0.1113458
0.11739743 , -3.874122 , 0.11714634
0.06111476 , -5.222833 , 0.11819749
0.22100993 , -1.3451395 , 0.10209145
0.16034059 , -2.860182 , 0.113213636
0.101873666 , -4.233212 , 0.11782379
0.044425875 , -5.6145043 , 0.11815498
0.2065581 , -1.7383649 , 0.10500156
0.14490984 , -3.219145 , 0.11475359
0.085805245 , -4.6028285 , 0.118374646
0.026806487 , -6.022156 , 0.11824656
0.1910217 , -2.123461 , 0.10796251
0.129133 , -3.5822437 , 0.11605411
0.069117 , -4.984668 , 0.11882518
0.007929594 , -6.445226 , 0.11878363
0.17504914 , -2.5022743 , 0.11051638
0.11291013 , -3.951928 , 0.117191784
0.051714208 , -5.3802876 , 0.119187325
0.22362939 , -1.279228 , 0.09940286
0.15885134 , -2.8786714 , 0.112626165
0.09615386 , -4.330275 , 0.11822293
0.03345587 , -5.791168 , 0.11946665
0.20800205 , -1.6964906 , 0.10315203
0.1423687 , -3.2563813 , 0.11443595
0.07878938 , -4.7190776 , 0.119186684
0.014147997 , -6.2186546 , 0.11971766
0.19129153 , -2.1017528 , 0.10666559
0.12547898 , -3.6383936 , 0.11607655
0.060741626 , -5.1199107 , 0.12010503
-0.006410611 , -6.663346 , 0.12021786
0.17430003 , -2.499206 , 0.10953776
0.108073555 , -4.0271034 , 0.117635265
0.041911133 , -5.5342097 , 0.12097753
0.22587827 , -1.210818 , 0.09592351
0.15711361 , -2.8941216 , 0.111973025
0.09006701 , -4.4244943 , 0.119169116
0.022137491 , -5.963374 , 0.12176963
0.209067 , -1.6515747 , 0.10073214
0.13958564 , -3.2905364 , 0.114218146
0.07138948 , -4.8322525 , 0.12071503
0.001167836 , -6.408967 , 0.122399285
0.19129194 , -2.0760405 , 0.10478438
0.12157156 , -3.6914062 , 0.11641628
0.051972102 , -5.2518353 , 0.122295104
-0.021302918 , -6.872866 , 0.12281178
0.17339654 , -2.491951 , 0.108098514
0.10296431 , -4.099042 , 0.118643016
0.031724226 , -5.684529 , 0.123921335
0.22746968 , -1.1384126 , 0.09068991
0.15525949 , -2.9055371 , 0.1111879
0.08368475 , -4.515335 , 0.120932095
0.010495697 , -6.13152 , 0.12558383
0.1359529 , -2.7217498 , 0.18425247
0.08195754 , -2.9597285 , 0.18095762
0.24636869 , -1.9114558 , 0.19614705
0.18039323 , -2.4394567 , 0.18921442
0.12170321 , -2.7949073 , 0.18273218
0.068585716 , -3.0375907 , 0.18189652
0.22971445 , -2.0324585 , 0.1945
0.165248 , -2.5348153 , 0.1874446
0.10741063 , -2.8690162 , 0.18153448
0.05602414 , -3.135011 , 0.18382587
0.2133301 , -2.1518233 , 0.19280036
0.15025827 , -2.628519 , 0.18574739
0.09303308 , -2.946948 , 0.18087512
0.044445578 , -3.2572148 , 0.18644659
0.19726506 , -2.2694106 , 0.1910803
0.13534497 , -2.7211452 , 0.18416707
0.07864152 , -3.0329506 , 0.18097216
0.030856676 , -3.4072568 , 0.18936121
0.18142408 , -2.3852677 , 0.18937227
0.12042415 , -2.8137405 , 0.18280044
0.064498 , -3.132251 , 0.18194184
0.23183878 , -1.9266785 , 0.1943621
0.16574045 , -2.4995673 , 0.18770398
0.10542174 , -2.9081612 , 0.18179661
0.051010083 , -3.2500591 , 0.18371549
0.21515286 , -2.0625658 , 0.19297227
0.1501541 , -2.6126382 , 0.18611315
0.09031238 , -3.0073185 , 0.18133402
0.03822782 , -3.3905015 , 0.186059
0.1986766 , -2.198119 , 0.19149716
0.13459565 , -2.7251205 , 0.1846658
0.07517843 , -3.1151462 , 0.18156445
0.024033273 , -3.556138 , 0.1886893
0.18234631 , -2.3329475 , 0.18997565
0.11898826 , -2.8381994 , 0.18346594
0.060248945 , -3.2361312 , 0.18254139
0.2339857 , -1.8218274 , 0.19463982
0.16610613 , -2.4669027 , 0.1884579
0.10326767 , -2.9538393 , 0.18265004
0.04582737 , -3.374536 , 0.18418506
0.21695043 , -1.9746889 , 0.1935512
0.14990683 , -2.600154 , 0.18700884
0.087420605 , -3.074888 , 0.18235984
0.03189457 , -3.5337224 , 0.18631445
0.2000131 , -2.128608 , 0.19233607
0.1336886 , -2.7333238 , 0.18571545
0.07152885 , -3.20492 , 0.18269575
0.016906867 , -3.7159052 , 0.18872209
0.18315436 , -2.2828557 , 0.19102953
0.11738314 , -2.867657 , 0.18468872
0.05578364 , -3.347784 , 0.18367352
0.23618227 , -1.7179481 , 0.19540887
0.16633053 , -2.4369903 , 0.18969263
0.10093505 , -3.0051455 , 0.18405245
0.13438581 , -2.7169423 , 0.20837723
0.050399408 , -3.8142824 , 0.20606793
-0.033471573 , -4.899758 , 0.20835201
0.19921754 , -1.8013934 , 0.21436064
0.112732865 , -3.0084252 , 0.20844279
0.02786983 , -4.1122036 , 0.20763634
-0.057273235 , -5.231004 , 0.21056896
0.17697115 , -2.1127915 , 0.21381865
0.09071819 , -3.3032887 , 0.20894116
0.004851822 , -4.422066 , 0.20955524
-0.082577445 , -5.5772505 , 0.21287133
0.15481238 , -2.4235308 , 0.21334276
0.06824136 , -3.6038043 , 0.20989755
-0.018692944 , -4.745352 , 0.21174625
0.22303617 , -1.4210652 , 0.2200625
0.13260107 , -2.7338727 , 0.21315354
0.04524963 , -3.9122717 , 0.2113023
-0.04289169 , -5.083011 , 0.21411073
0.19979194 , -1.7557281 , 0.21952526
0.11013734 , -3.0453467 , 0.21339253
0.021720296 , -4.230836 , 0.21312688
-0.06804722 , -5.4353805 , 0.21655115
0.17671952 , -2.0893464 , 0.21885605
0.08725551 , -3.3601673 , 0.21411368
-0.0023662408 , -4.56139 , 0.21532771
-0.094660155 , -5.8022456 , 0.21901579
0.15379053 , -2.4208438 , 0.2183528
0.06385349 , -3.680724 , 0.21531756
-0.027065087 , -4.9054856 , 0.21783921
0.22457138 , -1.3514098 , 0.22583452
0.13079406 , -2.7510402 , 0.21825944
0.039881725 , -4.0093083 , 0.2169833
-0.05252224 , -5.264195 , 0.22056009
0.2003891 , -1.7105033 , 0.22502281
0.10748636 , -3.0820355 , 0.2186892
0.015320144 , -4.3480096 , 0.21908396
-0.07903337 , -5.637882 , 0.2233521
0.176517 , -2.0662582 , 0.22414464
0.08369318 , -3.416383 , 0.21965477
-0.009849936 , -4.698692 , 0.22158924
-0.10703919 , -6.026037 , 0.22608933
0.15283196 , -2.4180663 , 0.22359231
0.05931885 , -3.7565746 , 0.22112963
-0.035685718 , -5.062979 , 0.22445789
0.22616683 , -1.2811223 , 0.23192254
0.12902963 , -2.7676184 , 0.22361407
0.034321122 , -4.1048656 , 0.22308181
-0.062342927 , -5.442167 , 0.227614
0.20108183 , -1.6650959 , 0.23068602
0.10483312 , -3.1177208 , 0.2242656
0.008685366 , -4.463261 , 0.22548355
-0.090140104 , -5.836946 , 0.23090719
0.17646188 , -2.042689 , 0.2295178
0.08007618 , -3.47125 , 0.22550854
-0.01760013 , -4.833548 , 0.2283124
-0.119545706 , -6.246889 , 0.23410289
0.15203117 , -2.4142337 , 0.22892493
0.05467759 , -3.8307538 , 0.22729191
-0.044579174 , -5.2173457 , 0.2315485
0.22787371 , -1.2095621 , 0.23811004
0.12738314 , -2.7826777 , 0.22911164
0.028603924 , -4.198425 , 0.22957508
-0.07238781 , -5.6161275 , 0.23516093
0.20199022 , -1.618699 , 0.2362557
0.1022379 , -3.151584 , 0.23003978
0.0018456667 , -4.5761633 , 0.23232691
-0.10134214 , -6.031104 , 0.23905636
0.17669576 , -2.0175545 , 0.23473744
0.076457195 , -3.5240612 , 0.23162067
-0.025601933 , -4.9656444 , 0.2355229
-0.13199095 , -6.4626412 , 0.24296375
0.15150328 , -2.4081979 , 0.23417422
0.049978536 , -3.9026484 , 0.23378792
-0.053764805 , -5.3683867 , 0.23914585
0.22977877 , -1.1358713 , 0.24403913
0.12593856 , -2.7952123 , 0.23462625
0.02277647 , -4.2894545 , 0.23649554
-0.08273587 , -5.78585 , 0.24318884
0.20331877 , -1.5702026 , 0.24131294
0.09976969 , -3.182788 , 0.2359375
-0.0051553687 , -4.686273 , 0.23970695
-0.11275752 , -6.219556 , 0.24764602
0.17741519 , -1.9894172 , 0.23946695
0.07289945 , -3.5741081 , 0.23798734
-0.033818364 , -5.094659 , 0.2433899
-0.1443493 , -6.671024 , 0.252409
0.15137911 , -2.3986475 , 0.23912182
0.04528211 , -3.971647 , 0.24070111
-0.06322739 , -5.5159903 , 0.24751662
-0.17842971 , -7.140429 , 0.25683677
0.124791026 , -2.8041961 , 0.24004538
0.016897375 , -4.377423 , 0.24402444
-0.09343975 , -5.9515533 , 0.2520713
0.20543593 , -1.5179282 , 0.24509613
0.09751361 , -3.2105074 , 0.2419864
-0.012259487 , -4.7931323 , 0.24791132
-0.12459918 , -6.4027042 , 0.2570671
0.17887351 , -1.9563856 , 0.24323075
0.06948363 , -3.6206949 , 0.24479425
-0.042189874 , -5.2202315 , 0.25233454
-0.1570106 , -6.871216 , 0.26257363
0.15181336 , -2.3842225 , 0.24361491
0.040668704 , -4.0371323 , 0.248329
-0.07289956 , -5.6599584 , 0.2572694
-0.19136319 , -7.3595414 , 0.26846823
0.12405978 , -2.8086758 , 0.24569523
0.011035743 , -4.461816 , 0.25255448
-0.10445066 , -6.113483 , 0.26283455
0.22624744 , -2.4395938 , 0.18597206
0.22514217 , -1.7910618 , 0.16919217
0.23129845 , -1.3084487 , 0.16083214
0.23389006 , -1.0770441 , 0.16814038
0.22611222 , -2.2714791 , 0.18305178
0.2269848 , -1.645764 , 0.16577235
0.23361245 , -1.2117112 , 0.16134572
0.233734 , -1.0371549 , 0.17027155
0.22613588 , -2.1031532 , 0.17867102
0.22918509 , -1.5094732 , 0.16319366
0.23569548 , -1.1265404 , 0.16281013
0.23280883 , -1.0052445 , 0.16977273
0.22669116 , -1.9385356 , 0.17409177
0.23163748 , -1.3828149 , 0.16154549
0.23739122 , -1.0531117 , 0.16505373
0.23117314 , -2.4427423 , 0.1854731
0.22785698 , -1.779923 , 0.16988346
0.23422343 , -1.2662917 , 0.16088453
0.2385184 , -0.99132246 , 0.16770244
0.2302186 , -2.2731416 , 0.18370329
0.22958055 , -1.6286618 , 0.1663353
0.23681566 , -1.1603124 , 0.1612293
0.23882894 , -0.94039124 , 0.16997938
0.2294988 , -2.1019697 , 0.17947796
0.23176451 , -1.485612 , 0.1636074
0.23927873 , -1.0651991 , 0.16253819
0.23774652 , -0.8978873 , 0.17010519
0.22959162 , -1.9334754 , 0.17489138
0.23429622 , -1.351415 , 0.16179755
0.24146672 , -0.98117274 , 0.16466333
0.23744696 , -2.4441159 , 0.18694526
0.23049478 , -1.7700881 , 0.1705974
0.23705631 , -1.2265915 , 0.16096723
0.24321818 , -0.90825164 , 0.16726989
0.23446941 , -2.2744036 , 0.18412006
0.23209116 , -1.613197 , 0.16692415
0.23992208 , -1.1115621 , 0.16114232
0.24434654 , -0.8459152 , 0.16966368
0.23272112 , -2.1010838 , 0.18029043
0.23425356 , -1.4636816 , 0.16404918
0.2427687 , -1.0066538 , 0.16229294
0.24464214 , -0.7921711 , 0.17030634
0.23234017 , -1.9292154 , 0.17570499
0.2368584 , -1.3222066 , 0.16207877
0.24547108 , -0.912103 , 0.16429192
0.23960026 , -2.4426956 , 0.21027853
0.23300265 , -1.7614654 , 0.17133239
0.2397853 , -1.1893176 , 0.16107966
0.24791375 , -0.82799846 , 0.16684052
0.23793 , -2.2749543 , 0.18432729
0.23448749 , -1.599297 , 0.16753784
0.24291688 , -1.0654484 , 0.16108474
0.25004387 , -0.7540149 , 0.16931686
0.23550262 , -2.1003144 , 0.18109304
0.23663446 , -1.4436228 , 0.16451792
0.24614023 , -0.9509226 , 0.16207372
0.25213906 , -0.688579 , 0.17035723
0.23482512 , -1.925627 , 0.17652828
0.23931123 , -1.295142 , 0.16238843
0.24935144 , -0.84596807 , 0.16393948
0.26175725 , -0.5339718 , 0.16477367
0.25474507 , -1.8045905 , 0.18286455
0.26089105 , -1.0132109 , 0.16593064
0.28339463 , -0.20304714 , 0.16201626
0.32032472 , 0.5426262 , 0.17008078
0.21655811 , -2.3310928 , 0.1628507
0.21518156 , -2.3482947 , 0.16213563
0.22334795 , -2.0796943 , 0.16367473
0.21964103 , -2.0884304 , 0.16272521
0.21571168 , -2.1003547 , 0.16160138
0.21210575 , -2.1117146 , 0.16091582
0.22400258 , -1.8280531 , 0.15933122
0.22049849 , -1.8398803 , 0.15767707
0.21663018 , -1.8522856 , 0.15609634
0.21308103 , -1.8650519 , 0.1545775
0.20981441 , -1.8786972 , 0.15300758
0.22196455 , -1.580965 , 0.15139991
0.21892244 , -1.594944 , 0.14936244
0.21599504 , -1.6116233 , 0.14735265
0.21321604 , -1.631803 , 0.14534588
0.21029745 , -1.6563562 , 0.14332592
0.22234537 , -1.3266858 , 0.14203894
0.22021173 , -1.3499328 , 0.13984394
0.21802376 , -1.3789138 , 0.13769343
0.21567616 , -1.4143227 , 0.13558388
0.22720185 , -1.0445201 , 0.13456433
0.22575368 , -1.077199 , 0.13238397
0.22411132 , -1.1174334 , 0.13027112
0.22218207 , -1.1657923 , 0.1282248
0.21989574 , -1.2228174 , 0.12625237
0.23276894 , -0.7910034 , 0.12526052
0.23154737 , -0.8447829 , 0.12327745
0.22988214 , -0.9081476 , 0.12137344
0.227756 , -0.9815814 , 0.119556494
0.2251441 , -1.065526 , 0.11784083
0.24042432 , -0.5582093 , 0.11683216
0.2388629 , -0.638462 , 0.115089
0.23670875 , -0.73014385 , 0.11343797
0.23395543 , -0.83367354 , 0.11190122
0.25095037 , -0.25411677 , 0.11091681
0.24926223 , -0.35299432 , 0.109290324
0.24688967 , -0.46476853 , 0.10774699
0.24382253 , -0.58985645 , 0.106329665
0.2399621 , -0.728458 , 0.10510437
0.26142707 , -0.046766665 , 0.103679135
0.258558 , -0.18063293 , 0.10209344
0.2549545 , -0.3295279 , 0.100632325
0.2504858 , -0.4934711 , 0.0994061
0.24479428 , -0.6719568 , 0.09852035
0.27242222 , 0.1275387 , 0.095817335
0.2678159 , -0.047653228 , 0.0940106
0.26239735 , -0.23935488 , 0.09238665
0.25574595 , -0.44659063 , 0.091074966
0.290389 , 0.46057376 , 0.08803715
0.28379044 , 0.25674656 , 0.08546615
0.27688935 , 0.036447145 , 0.08271216
0.26872233 , -0.19848503 , 0.07977003
0.26715308 , -2.4023705 , 0.20813943
0.28678298 , -2.1498623 , 0.20502682
0.2793499 , -2.1515434 , 0.20605803
0.27330488 , -2.1612504 , 0.20786479
0.26919144 , -2.1736646 , 0.20736
0.2662736 , -2.1838775 , 0.20531978
0.2810528 , -1.9044203 , 0.20673797
0.27640736 , -1.9164504 , 0.20552786
0.27207226 , -1.9286525 , 0.20390347
0.26777083 , -1.9406993 , 0.20205902
0.28404436 , -1.648367 , 0.20276089
0.2801838 , -1.6608889 , 0.20146704
0.2757887 , -1.6750966 , 0.2001662
0.27096447 , -1.6916705 , 0.19890702
0.26547855 , -1.7114807 , 0.19774082
0.28533617 , -1.3939561 , 0.19837493
0.28083128 , -1.4126887 , 0.19768171
0.27570334 , -1.4361868 , 0.197091
0.26991838 , -1.4651963 , 0.19661795
0.26332635 , -1.5004429 , 0.19627224
0.2873844 , -1.1385622 , 0.19709845
0.2819851 , -1.1716444 , 0.19714645
0.275868 , -1.212099 , 0.19732206
0.26898637 , -1.2605101 , 0.1976269
0.29549623 , -0.8502608 , 0.19857311
0.28987697 , -0.8954572 , 0.1992409
0.28338152 , -0.9495803 , 0.20004272
0.27605417 , -1.0131367 , 0.200977
0.26788014 , -1.0866041 , 0.20204
0.29957983 , -0.6051165 , 0.20343015
0.29264838 , -0.6749056 , 0.20486386
0.2847365 , -0.75549626 , 0.2064308
0.27587175 , -0.8473441 , 0.2081194
0.2660664 , -0.9508286 , 0.20990273
0.30403495 , -0.3846838 , 0.21184342
0.29535958 , -0.48410276 , 0.21405594
0.28558525 , -0.59620494 , 0.21636638
0.27472314 , -0.7213306 , 0.21872438
0.31803837 , -0.07430112 , 0.22098486
0.30839437 , -0.19437014 , 0.22383556
0.2974016 , -0.32877654 , 0.22672704
0.28524694 , -0.47779465 , 0.22957045
0.27184957 , -0.64130133 , 0.2322572
0.3243511 , 0.11922515 , 0.235457
0.31163192 , -0.039854422 , 0.2387438
0.29789576 , -0.21526901 , 0.24182211
0.28307366 , -0.40652463 , 0.24453124
0.266815 , -0.6124316 , 0.24667075
0.32773334 , 0.27353415 , 0.25056893
0.31208035 , 0.06975201 , 0.25302404
0.2960248 , -0.15023656 , 0.25485414
0.27957246 , -0.3846665 , 0.25581163
0.34253 , 0.60046357 , 0.25732863
0.07050387 , -2.851704 , 0.18963839
0.075644284 , -2.846851 , 0.18426616
0.06220394 , -3.0231001 , 0.18981516
0.067371085 , -3.048336 , 0.18467338
0.072542176 , -3.078569 , 0.17950384
0.077364795 , -3.1134832 , 0.17458063
0.081779815 , -3.1527178 , 0.16996244
0.08567831 , -3.1959193 , 0.16572218
0.089132644 , -3.2427766 , 0.16179156
0.09213984 , -3.293008 , 0.15816496
0.09475304 , -3.3463504 , 0.15479265
0.09698989 , -3.4025567 , 0.15166378
0.098873645 , -3.4613993 , 0.14875394
0.10041253 , -3.5226798 , 0.14606324
0.08967334 , -3.893582 , 0.14910209
0.09064618 , -3.9824145 , 0.14587077
0.09119302 , -4.072466 , 0.14283122
0.09132613 , -4.1635146 , 0.13997398
0.09106853 , -4.255371 , 0.13730025
0.09044662 , -4.3478603 , 0.13479906
0.0894879 , -4.44082 , 0.1324714
0.08821951 , -4.5340953 , 0.13031137
0.08666694 , -4.6275377 , 0.12832369
0.08485522 , -4.7210064 , 0.1265083
0.08280698 , -4.814372 , 0.12487352
0.08054404 , -4.9075165 , 0.12342291
0.059308346 , -5.527709 , 0.12335941
0.05584901 , -5.6443434 , 0.121732354
0.051948026 , -5.7598333 , 0.12034371
0.047640216 , -5.8740444 , 0.11919894
0.042958483 , -5.9868646 , 0.11829487
0.03793436 , -6.0981903 , 0.11764544
0.032596476 , -6.2079234 , 0.11725012
0.026982013 , -6.315969 , 0.11712144
0.021124361 , -6.4222317 , 0.117251836
0.015083637 , -6.5266156 , 0.11763778
0.008921146 , -6.6290226 , 0.11824294
0.0027324117 , -6.729351 , 0.119036965
-0.033451118 , -7.610869 , 0.119398616
-0.041192975 , -7.729393 , 0.12066224
-0.04936459 , -7.84574 , 0.122133166
-0.057573926 , -7.9601564 , 0.123857535
-0.0661086 , -8.072734 , 0.1256648
-0.07477359 , -8.183179 , 0.12797672
-0.0839955 , -8.290431 , 0.13100775
0.05286893 , -2.8957436 , 0.21762589
0.05266797 , -2.8963377 , 0.21407965
0.051621154 , -2.901228 , 0.21143211
0.04947555 , -2.911071 , 0.2095254
0.04703204 , -2.9261808 , 0.2075182
0.026149843 , -3.1420243 , 0.19277926
0.02438051 , -3.1865509 , 0.19144385
0.022497624 , -3.235105 , 0.190427
0.02034906 , -3.287273 , 0.18984316
0.01804422 , -3.3427215 , 0.18947412
0.015547179 , -3.4011662 , 0.18937504
0.0128599135 , -3.4623508 , 0.1894561
0.0099846255 , -3.526036 , 0.18972795
0.0068999203 , -3.591996 , 0.1901369
0.0035946479 , -3.6600192 , 0.19067632
1.7719225e-05 , -3.729912 , 0.19130144
-0.0038928352 , -3.8015034 , 0.19198479
-0.022587283 , -4.229124 , 0.1819483
-0.027316187 , -4.3273177 , 0.1832032
-0.032004327 , -4.426075 , 0.18467076
-0.036713574 , -4.525211 , 0.18629566
-0.04148574 , -4.6245565 , 0.18805425
-0.046353884 , -4.7239575 , 0.18992817
-0.05134696 , -4.8232703 , 0.19191569
-0.05649448 , -4.922358 , 0.1940132
-0.061829988 , -5.0210905 , 0.1962266
-0.06739327 , -5.119343 , 0.19855459
-0.07323775 , -5.217 , 0.2009994
-0.07943188 , -5.313954 , 0.20354572
-0.10750923 , -5.997254 , 0.19854562
-0.115041785 , -6.116424 , 0.20162965
-0.122481905 , -6.234014 , 0.20495948
-0.12990452 , -6.349917 , 0.20852143
-0.13737382 , -6.464034 , 0.21228465
-0.14492421 , -6.5762773 , 0.21627015
-0.15260096 , -6.6865654 , 0.22045761
-0.16041301 , -6.7948217 , 0.22487685
-0.16841199 , -6.900967 , 0.22951722
-0.1765833 , -7.004915 , 0.23441689
-0.18497768 , -7.106555 , 0.23957162
-0.19336806 , -7.2056923 , 0.24487485
-0.23611997 , -8.145681 , 0.2443887
-0.24736208 , -8.263667 , 0.24957174
-0.25879386 , -8.380951 , 0.25518802
-0.2694332 , -8.497103 , 0.2603773
0.044296842 , -3.0150876 , 0.19879894
0.17850193 , -3.846114 , 0.363188
0.13427714 , -3.7128217 , 0.3619356
0.09319752 , -3.6198845 , 0.35978583
0.21762787 , -3.983067 , 0.36693323
0.16831411 , -3.8343544 , 0.36658558
0.12493674 , -3.7012575 , 0.3649259
0.08422 , -3.6141257 , 0.36303118
0.20592275 , -3.974708 , 0.37051287
0.1583945 , -3.81997 , 0.3698947
0.11571762 , -3.6894586 , 0.36789283
0.0749369 , -3.606595 , 0.3664772
0.1947641 , -3.9628098 , 0.37403902
0.14868706 , -3.8035 , 0.3731017
0.106564745 , -3.6773493 , 0.37090415
0.06469378 , -3.5965183 , 0.37013924
0.18407069 , -3.9475133 , 0.37751707
0.13914944 , -3.7855132 , 0.37620983
0.09739013 , -3.6644928 , 0.3740239
0.2241452 , -4.107003 , 0.3812465
0.17374994 , -3.9290006 , 0.38093793
0.1297403 , -3.766482 , 0.37924662
0.08804789 , -3.6501791 , 0.37730333
0.21228042 , -4.092042 , 0.38483796
0.16371901 , -3.9075608 , 0.38428175
0.12040625 , -3.7466476 , 0.38226116
0.07824538 , -3.6335561 , 0.38077924
0.20095614 , -4.0735216 , 0.3883962
0.15390816 , -3.8836098 , 0.38753164
0.11107062 , -3.725934 , 0.3853145
0.067375734 , -3.6137679 , 0.38447326
0.19008945 , -4.0513835 , 0.39192352
0.14425717 , -3.8576257 , 0.3906877
0.101622485 , -3.7039306 , 0.38846895
0.054820977 , -3.5901103 , 0.38836643
0.17960194 , -4.025635 , 0.3954043
0.134707 , -3.830026 , 0.3937731
0.09189004 , -3.6799355 , 0.39178005
0.2190886 , -4.2116117 , 0.39913675
0.1694088 , -3.9964426 , 0.39881152
0.12518793 , -3.801035 , 0.39683154
0.08155848 , -3.6530428 , 0.39529246
0.20760408 , -4.1865635 , 0.40276566
0.1594285 , -3.964153 , 0.4021231
0.115607075 , -3.7705944 , 0.39991957
0.07002939 , -3.622265 , 0.39903495
0.19655405 , -4.1574225 , 0.40638226
0.14958706 , -3.9292116 , 0.40533677
0.10583453 , -3.7383254 , 0.4030994
0.056734834 , -3.5866997 , 0.40300345
0.18586954 , -4.1240273 , 0.4099581
0.13981365 , -3.892023 , 0.40847412
0.09567477 , -3.7035313 , 0.40643355
0.22632651 , -4.332977 , 0.4133875
0.17546329 , -4.086465 , 0.41345385
0.08637731 , -3.4596329 , 0.5182802
0.2705644 , -5.100815 , 0.5314042
0.20577802 , -4.5437565 , 0.52778125
0.13975859 , -3.9322803 , 0.523394
0.06606583 , -3.2842238 , 0.5208819
0.25730142 , -4.9968524 , 0.53521615
0.19097659 , -4.4085016 , 0.52984154
0.12319443 , -3.7741852 , 0.5257243
0.042146757 , -3.0951536 , 0.5232732
0.24314731 , -4.879586 , 0.5375151
0.17569196 , -4.264632 , 0.5317308
0.10536122 , -3.6046782 , 0.52809846
0.24610357 , -2.710251 , 0.2225942
0.1872399 , -2.89267 , 0.21526398
0.14027216 , -2.9178538 , 0.21417956
0.10565628 , -2.8649688 , 0.21389069
0.2292085 , -2.8019772 , 0.22240724
0.17553245 , -2.9242914 , 0.217567
0.13081172 , -2.9225874 , 0.21638015
0.10294251 , -2.8662925 , 0.21765423
0.21525002 , -2.8700361 , 0.22319928
0.16434683 , -2.9473124 , 0.21985039
0.1221998 , -2.9233885 , 0.21876766
0.10549053 , -2.8825624 , 0.22320904
0.20242424 , -2.921408 , 0.22472444
0.15368424 , -2.9630408 , 0.22214821
0.11469946 , -2.9227989 , 0.22152445
0.1207054 , -2.914008 , 0.22726575
0.19028817 , -2.960272 , 0.22660913
0.14358518 , -2.9728262 , 0.22451441
0.1087549 , -2.9245198 , 0.22492087
0.23322691 , -2.8766944 , 0.23527075
0.17869246 , -2.9891903 , 0.22869332
0.13412988 , -2.9782422 , 0.22702703
0.10505351 , -2.933992 , 0.22929391
0.21867512 , -2.9438498 , 0.23578812
0.1096206 , -2.9567242 , 0.23086017
0.23418337 , -2.9205287 , 0.24104606
0.17935936 , -3.023589 , 0.2344166
0.13495843 , -3.0076313 , 0.23269166
0.10554983 , -2.9701002 , 0.23533987
0.2194791 , -2.9848242 , 0.24172074
0.16830733 , -3.043031 , 0.23663439
0.12628356 , -3.0117345 , 0.23562635
0.104396 , -2.9943666 , 0.23984376
0.20644605 , -3.032935 , 0.2427916
0.15772828 , -3.056452 , 0.2390329
0.118527964 , -3.0170603 , 0.23898894
0.108848274 , -3.0228581 , 0.2430836
0.19431505 , -3.0682483 , 0.24432476
0.14765327 , -3.065541 , 0.24162897
0.11190066 , -3.0270343 , 0.24290612
0.23916163 , -3.0042887 , 0.2525143
0.18277512 , -3.0937338 , 0.24623214
0.13814175 , -3.0721452 , 0.24447086
0.106636904 , -3.0447705 , 0.24722533
0.22385818 , -3.0640013 , 0.2536108
0.17171213 , -3.111763 , 0.24843402
0.12927794 , -3.0784383 , 0.24763429
0.10342612 , -3.0698872 , 0.25122547
0.21042112 , -3.109556 , 0.25482544
0.16109695 , -3.1243436 , 0.25089213
0.1211584 , -3.0870042 , 0.25120232
0.10357416 , -3.0966585 , 0.25440046
0.19807726 , -3.1430466 , 0.25636113
0.1509423 , -3.1333659 , 0.2536058
0.11386584 , -3.100534 , 0.2551716
0.24440435 , -3.0952265 , 0.26366425
0.18642423 , -3.1670008 , 0.2582549
0.14128384 , -3.140794 , 0.25660366
0.10752742 , -3.1205335 , 0.25926834
0.22870362 , -3.148702 , 0.26518342
0.17527838 , -3.1838057 , 0.26047814
0.26076224 , -3.7677402 , 0.33425492
0.19963089 , -3.6690495 , 0.33376643
0.1474962 , -3.5792594 , 0.33468953
0.09987727 , -3.5345337 , 0.33664533
0.24581894 , -3.7709174 , 0.33709535
0.18718009 , -3.6649323 , 0.3368338
0.13581948 , -3.5791655 , 0.33826956
0.08829602 , -3.5399754 , 0.3401156
0.23166585 , -3.770138 , 0.33995867
0.17491944 , -3.65927 , 0.3400565
0.12401511 , -3.5797772 , 0.34184614
0.075307325 , -3.5435119 , 0.34367317
0.2181039 , -3.7658346 , 0.34287208
0.16273935 , -3.652917 , 0.34342733
0.11203004 , -3.5805213 , 0.34537098
0.26738325 , -3.8853931 , 0.34607852
0.20494542 , -3.7585144 , 0.34586552
0.15053943 , -3.646519 , 0.34691033
0.09978546 , -3.5805638 , 0.34883955
0.25234693 , -3.8817227 , 0.34899879
0.19203945 , -3.7487853 , 0.34896806
0.13822635 , -3.6403606 , 0.3504484
0.08699809 , -3.5790365 , 0.3522973
0.2379772 , -3.8744287 , 0.35192573
0.17926371 , -3.7373326 , 0.352198
0.12571469 , -3.6342964 , 0.3539822
0.072805755 , -3.575236 , 0.3558272
0.22409588 , -3.863794 , 0.35488304
0.16651264 , -3.7248256 , 0.3555518
0.11291766 , -3.6277988 , 0.35747105
0.27424482 , -4.0060105 , 0.358006
0.21052969 , -3.850153 , 0.3578991
0.15368822 , -3.7117722 , 0.35900044
0.0996985 , -3.6200984 , 0.3609081
0.2591419 , -3.995599 , 0.36096808
0.19713812 , -3.8339381 , 0.36100325
0.14069507 , -3.6983845 , 0.36249608
0.08572539 , -3.6103518 , 0.3643268
0.24457362 , -3.98168 , 0.3639147
0.18380843 , -3.8156753 , 0.36421546
0.12743591 , -3.684511 , 0.36598706
0.07024755 , -3.5978017 , 0.36779654
0.23037161 , -3.9643598 , 0.3668699
0.17044303 , -3.7959034 , 0.36753592
0.11379571 , -3.6696556 , 0.36943448
0.2813421 , -4.1290555 , 0.37003902
0.21637991 , -3.9438047 , 0.36986542
0.15694839 , -3.7750456 , 0.37094107
0.09959117 , -3.653069 , 0.37282503
0.2661985 , -4.112102 , 0.373005
0.20247348 , -3.920305 , 0.37293482
0.14322786 , -3.75328 , 0.3743897
0.084445305 , -3.6338742 , 0.37617934
0.25145078 , -4.091536 , 0.37592626
0.1885537 , -3.8942802 , 0.3761017
0.12917426 , -3.7304664 , 0.37783438
0.06763628 , -3.6112063 , 0.37955523
0.23692608 , -4.0672603 , 0.3788321
0.17453375 , -3.8661973 , 0.37936893
0.11465072 , -3.7061348 , 0.38123396
0.28866485 , -4.254006 , 0.38218093
0.22248991 , -4.039278 , 0.38176313
0.160325 , -3.83644 , 0.3827165
0.09943938 , -3.6795325 , 0.38456511
0.2735093 , -4.2307982 , 0.3851115
0.20803967 , -4.0077763 , 0.38476107
0.14582898 , -3.8051832 , 0.3861072
0.08312621 , -3.649707 , 0.38783312
0.2586025 , -4.203644 , 0.38796037
0.19349626 , -3.9731264 , 0.3878539
0.13092948 , -3.7723107 , 0.3894961
0.064970575 , -3.615636 , 0.39108235
0.24375162 , -4.172212 , 0.39076847
0.1787856 , -3.9357781 , 0.39104518
0.11547376 , -3.7373855 , 0.39283866
0.044489745 , -3.5764146 , 0.39439318
0.22885013 , -4.1363573 , 0.39359137
0.16382308 , -3.8961124 , 0.39431512
0.0992219 , -3.6996508 , 0.3960995
0.28106314 , -4.351249 , 0.3972936
0.21382718 , -4.0962167 , 0.3964826
0.14850597 , -3.8543136 , 0.3976284
0.08173605 , -3.6580675 , 0.39926437
0.26601917 , -4.3176384 , 0.40001968
0.19862945 , -4.0521784 , 0.39947334
0.13270824 , -3.810296 , 0.40094241
0.062239993 , -3.6114185 , 0.4023577
0.25083634 , -4.2789054 , 0.40268
0.18319708 , -4.0047255 , 0.402564
0.11626473 , -3.7636645 , 0.40421158
0.04007865 , -3.5585072 , 0.40546012
0.23544618 , -4.234789 , 0.4053524
0.1674473 , -3.9542582 , 0.4057304
0.09892461 , -3.7136827 , 0.40738982
0.28884462 , -4.4730396 , 0.40956455
0.21982208 , -4.1854496 , 0.4081044
0.15126982 , -3.9009671 , 0.40893656
0.0802439 , -3.6592543 , 0.41044006
0.27368727 , -4.433163 , 0.41211283
0.20394316 , -4.1313677 , 0.4109668
0.13452567 , -3.8447838 , 0.41214317
0.059421062 , -3.598965 , 0.4133565
0.25816295 , -4.3870177 , 0.41457337
0.18776411 , -4.0731063 , 0.41393027
0.11703692 , -3.785354 , 0.41530797
0.035535097 , -3.531262 , 0.416202
0.24225816 , -4.334287 , 0.41705504
0.17120123 , -4.0110893 , 0.41696116
0.09854798 , -3.721998 , 0.41838142
0.29683092 , -4.59574 , 0.42195404
0.22600627 , -4.275259 , 0.41963917
0.15413323 , -3.9454956 , 0.42001975
0.0786266 , -3.653635 , 0.4213062
0.28158695 , -4.549841 , 0.4242627
0.20942469 , -4.2105927 , 0.42234826
0.13640444 , -3.8762393 , 0.42306957
0.056477543 , -3.5787199 , 0.42403513
0.26570642 , -4.4961863 , 0.42646897
0.19248082 , -4.140963 , 0.42515478
0.11781966 , -3.8029826 , 0.42607626
0.030917127 , -3.4953196 , 0.42658487
0.2492595 , -4.434511 , 0.42872307
0.17508684 , -4.0668135 , 0.4280106
0.098116286 , -3.7251177 , 0.42899832
0.3049897 , -4.7189293 , 0.43452013
0.23235822 , -4.365376 , 0.4311145
0.15710832 , -3.988279 , 0.4308693
0.07688284 , -3.6416726 , 0.43177256
0.28968996 , -4.6672845 , 0.43651795
0.21506026 , -4.2897067 , 0.43364334
0.13837054 , -3.905212 , 0.43369475
0.05337066 , -3.5511281 , 0.43431064
0.27343208 , -4.606005 , 0.438413
0.19734086 , -4.2083054 , 0.4362548
0.11865565 , -3.8172357 , 0.43646076
0.026235387 , -3.4512672 , 0.4365467
0.2564174 , -4.5350633 , 0.4404078
0.17910503 , -4.1216116 , 0.43888336
0.09768352 , -3.7237759 , 0.43914315
0.31327236 , -4.842154 , 0.4473741
0.23885526 , -4.4554834 , 0.44258267
0.16020511 , -4.0296874 , 0.44147393
0.075053714 , -3.6240156 , 0.44169813
0.2979545 , -4.785057 , 0.4489752
0.22083782 , -4.36853 , 0.4448942
0.14044806 , -3.9322827 , 0.44398716
0.050087206 , -3.5166736 , 0.44402543
0.28129214 , -4.715987 , 0.4504999
0.20233999 , -4.2751093 , 0.44725353
0.11959155 , -3.828917 , 0.44639993
0.021440174 , -3.3995595 , 0.44595844
0.26369476 , -4.6354694 , 0.4522086
0.18325782 , -4.1756268 , 0.44957846
0.09732715 , -3.7189548 , 0.4487031
0.3216024 , -4.9649057 , 0.46072587
0.245478 , -4.545223 , 0.45413226
0.16343257 , -4.070049 , 0.45180586
0.07323876 , -3.6016498 , 0.4508899
0.30631614 , -4.902635 , 0.46181542
0.22675087 , -4.446857 , 0.45615953
0.14265653 , -3.9580019 , 0.45389134
0.046691667 , -3.4760578 , 0.4529087
0.2892242 , -4.825518 , 0.46290803
0.20747946 , -4.3413243 , 0.4581689
0.12066646 , -3.8388577 , 0.45580888
0.016466381 , -3.3405125 , 0.45455593
0.271057 , -4.7351723 , 0.4642955
0.18755189 , -4.2289624 , 0.460068
0.09712489 , -3.7118192 , 0.45755163
-0.020549892 , -3.191357 , 0.45547575
0.2522176 , -4.634207 , 0.46588364
0.1668023 , -4.109635 , 0.46179113
0.07157988 , -3.5760148 , 0.4591342
0.314671 , -5.01933 , 0.47537148
0.23280384 , -4.5244727 , 0.46748206
0.14501351 , -3.982843 , 0.4632934
0.043376524 , -3.4305925 , 0.46058145
0.29715797 , -4.9337997 , 0.47595257
0.21277025 , -4.406884 , 0.46895608
0.12190861 , -3.8478024 , 0.46454686
0.011382322 , -3.2746048 , 0.46182317
0.2784902 , -4.8335533 , 0.47689387
0.19200185 , -4.2816925 , 0.47022483
0.09713075 , -3.7035127 , 0.46553767
-0.027722223 , -3.1055377 , 0.46229506
0.2590891 , -4.722058 , 0.47787923
0.17033102 , -4.148669 , 0.47124287
0.07020063 , -3.5488274 , 0.4662647
0.32285032 , -5.1340075 , 0.49030757
0.23902081 , -4.6011767 , 0.4786922
0.14753748 , -4.0072064 , 0.47198597
0.04042155 , -3.3825421 , 0.46673903
0.30505842 , -5.039737 , 0.49010155
0.21823697 , -4.4717274 , 0.47926646
0.1233397 , -3.8563852 , 0.47243938
0.006610567 , -3.2035255 , 0.46698025
0.2860455 , -4.929959 , 0.48988342
0.19662832 , -4.333882 , 0.47960716
0.097375356 , -3.6950212 , 0.4725869
-0.034347095 , -3.0106034 , 0.46678928
0.2661554 , -4.8084455 , 0.4893387
0.17403412 , -4.1873393 , 0.47974563
0.069163345 , -3.5216944 , 0.4724022
0.22726166 , -2.765137 , 0.2190214
0.23584029 , -3.4343286 , 0.29920954
0.25835577 , -4.1735535 , 0.3807249
0.29225138 , -4.8959656 , 0.46399248
0.22910261 , -2.9100883 , 0.23874938
0.24082853 , -3.6097 , 0.3185415
0.26644886 , -4.3540144 , 0.40053347
0.3024712 , -5.064653 , 0.48533466
0.2314494 , -3.0664215 , 0.25784332
0.24664164 , -3.7890189 , 0.33804297
0.27513793 , -4.53332 , 0.42038533
0.3131133 , -5.227743 , 0.5095396
0.23455603 , -3.2316616 , 0.2768595
0.25324854 , -3.9708111 , 0.35768276
0.28434092 , -4.7105584 , 0.44032905
0.23160686 , -2.723154 , 0.21546018
0.23852281 , -3.4039834 , 0.29599294
0.26059693 , -4.1536865 , 0.37742236
0.29396638 , -4.884922 , 0.46057522
0.23278263 , -2.870729 , 0.23547319
0.24337094 , -3.581825 , 0.3152991
0.2686172 , -4.3363647 , 0.39722422
0.30391565 , -5.055462 , 0.48171413
0.23463574 , -3.0297337 , 0.25463393
0.24908078 , -3.7635932 , 0.3347726
0.2772263 , -4.5177555 , 0.4170619
0.3141419 , -5.220681 , 0.5053135
0.2374317 , -3.1976147 , 0.27366754
0.25560918 , -3.9478085 , 0.3543985
0.28632548 , -4.696899 , 0.4369967
0.23660818 , -2.679138 , 0.21172065
0.24120168 , -3.3725233 , 0.29277313
0.2628946 , -4.133051 , 0.37411514
0.2957937 , -4.873001 , 0.4571548
0.23649749 , -2.829714 , 0.23213826
0.24592046 , -3.552941 , 0.3120572
0.2708593 , -4.3179917 , 0.39391112
0.30545813 , -5.0451655 , 0.47810847
0.23774454 , -2.9916012 , 0.25144884
0.25154185 , -3.7372437 , 0.33151987
0.27941185 , -4.501497 , 0.41376752
0.31505424 , -5.211977 , 0.5013045
0.24023809 , -3.1622894 , 0.27040806
0.25800803 , -3.9239573 , 0.3510728
0.28844222 , -4.6825347 , 0.43357155
0.24057344 , -2.633066 , 0.20843467
0.24383941 , -3.3399076 , 0.28963092
-0.23288731 , -8.9669895 , 0.21299802
-0.03366461 , -6.7783494 , 0.14241807
-0.15852979 , -8.259977 , 0.17557824
-0.30671462 , -9.69427 , 0.25342792
-0.08915528 , -7.5168824 , 0.1532502
-0.2272486 , -8.994409 , 0.20410816
-0.38645935 , -10.433217 , 0.30273762
-0.15233259 , -8.265772 , 0.16989426
-0.30100933 , -9.732572 , 0.2422238
-0.0826465 , -7.4981184 , 0.1505944
-0.22118637 , -9.013992 , 0.1958707
-0.3805044 , -10.480597 , 0.28931853
-0.14571895 , -8.263315 , 0.16491918
-0.29486096 , -9.763046 , 0.23162681
-0.075874366 , -7.470631 , 0.14854029
-0.21472996 , -9.025944 , 0.18830474
-0.3740432 , -10.519937 , 0.27653337
-0.13870166 , -8.2525425 , 0.1606498
-0.2883252 , -9.7860155 , 0.22163618
-0.06893834 , -7.434516 , 0.14707507
-0.20789844 , -9.0303955 , 0.1814361
-0.36713454 , -10.551529 , 0.26433653
-0.13129319 , -8.23331 , 0.15707241
-0.28144887 , -9.801816 , 0.2122607
-0.062007565 , -7.3900776 , 0.14604206
-0.20070273 , -9.027405 , 0.17529273
-0.35984623 , -10.575716 , 0.25271568
-0.12351345 , -8.205418 , 0.15416652
-0.27426332 , -9.81074 , 0.20352383
-0.44436926 , -11.3601055 , 0.30199492
-0.19314718 , -9.016927 , 0.16989774
-0.35224995 , -10.592912 , 0.2416588
-0.11540508 , -8.168623 , 0.15191522
-0.26678425 , -9.813008 , 0.19546333
-0.43606564 , -11.383777 , 0.28884998
-0.18523169 , -8.998836 , 0.16526175
-0.3444036 , -10.6035795 , 0.23116526
-0.10707871 , -8.122804 , 0.15034653
-0.259014 , -9.808708 , 0.18812709
-0.42743102 , -11.400376 , 0.2762588
-0.17695308 , -8.972901 , 0.16138063
-0.33633322 , -10.608154 , 0.22125965
-0.09880562 , -8.068178 , 0.149639
-0.25094262 , -9.79783 , 0.18156894
-0.41856948 , -11.410394 , 0.2641797
-0.16831732 , -8.938851 , 0.1582469
-0.32802892 , -10.606922 , 0.21199286
-0.0912706 , -8.006173 , 0.15063761
-0.24253298 , -9.780234 , 0.17584676
-0.40957236 , -11.414516 , 0.25258684
0.22497863 , -1.1325592 , 0.2993011
0.20279956 , -1.3029721 , 0.39000708
0.17502166 , -1.5547215 , 0.5175687
0.21125105 , -1.2807359 , 0.33556488
0.18431166 , -1.5157418 , 0.44087234
0.21694683 , -1.3067751 , 0.2899821
0.19434102 , -1.4711957 , 0.37771374
0.16491367 , -1.7367352 , 0.5004825
0.20315915 , -1.4485422 , 0.3251456
0.17531891 , -1.6874529 , 0.4267141
0.20846936 , -1.4772944 , 0.28018236
0.18604451 , -1.6372811 , 0.36580554
0.15500991 , -1.9160191 , 0.48404157
0.19509228 , -1.6140674 , 0.3149313
0.16650426 , -1.8565229 , 0.4130125
0.19926637 , -1.6391352 , 0.26945186
0.17786008 , -1.8008722 , 0.35425508
0.14532393 , -2.0922112 , 0.46817055
0.18694179 , -1.7762073 , 0.3048112
0.15786031 , -2.0226073 , 0.39975354
0.1226772 , -2.3359334 , 0.53325415
0.16974916 , -1.9614638 , 0.34302363
0.13586602 , -2.264969 , 0.45283407
0.17861058 , -1.9329394 , 0.29466286
0.14937966 , -2.1853688 , 0.38691878
0.11217819 , -2.518313 , 0.5151045
0.16169043 , -2.118366 , 0.33205947
0.12664536 , -2.4339514 , 0.43800965
0.17014177 , -2.0815933 , 0.2844528
0.14105928 , -2.3444018 , 0.3744844
0.10195144 , -2.6966999 , 0.4977877
0.15366697 , -2.270507 , 0.32130498
0.11767228 , -2.5988317 , 0.42367813
0.1617878 , -2.2197208 , 0.27425882
0.13290113 , -2.4992194 , 0.36242127
0.09202472 , -2.870702 , 0.48113936
0.14568435 , -2.4164333 , 0.31072578
0.108957425 , -2.7592583 , 0.40982032
0.15386376 , -2.346089 , 0.26424125
0.12490896 , -2.649151 , 0.35069746
0.082424186 , -3.0399609 , 0.46508205
0.13780983 , -2.554404 , 0.30034336
0.100511774 , -2.914849 , 0.3964157
0.053565748 , -3.3337853 , 0.52973133
0.117093064 , -2.7933326 , 0.33928636
0.07317285 , -3.2041233 , 0.4495775
0.13018778 , -2.682884 , 0.29022905
0.09234546 , -3.0651345 , 0.38344324
0.04323463 , -3.5090299 , 0.5115874
0.10947987 , -2.9306662 , 0.32818103
0.06428991 , -3.362844 , 0.4346013
0.12298837 , -2.8008237 , 0.28045887
0.08447017 , -3.209549 , 0.3708837
0.033338733 , -3.678645 , 0.4941832
0.10212801 , -3.059986 , 0.31740552
0.055790696 , -3.5157464 , 0.42013413
0.11634571 , -2.907866 , 0.27110708
0.076901734 , -3.3473847 , 0.35872558
0.023904966 , -3.8422809 , 0.4774193
0.09512609 , -3.1802013 , 0.30700976
0.047688227 , -3.6624181 , 0.40616015
0.11032211 , -3.004098 , 0.26239425
0.06966756 , -3.4778442 , 0.3469718
0.014953582 , -3.9995933 , 0.461247
0.08857543 , -3.2905424 , 0.2970456
0.039994646 , -3.8023734 , 0.3926679
-0.020995706 , -4.353054 , 0.5252455
0.06280985 , -3.6000779 , 0.3356434
0.0064995987 , -4.150241 , 0.44564018
0.082559265 , -3.3905795 , 0.28754297
0.03272498 , -3.9350665 , 0.37965333
-0.030489458 , -4.5161476 , 0.5071422
0.056385368 , -3.713327 , 0.32477537
-0.001445959 , -4.2938566 , 0.43058357
0.07712705 , -3.4802651 , 0.2785142
0.025899604 , -4.059889 , 0.36712304
-0.03938865 , -4.6721244 , 0.4897013
0.050453745 , -3.8169873 , 0.3144046
-0.0088737 , -4.4300494 , 0.4160693
0.07228912 , -3.559755 , 0.27001017
0.019546805 , -4.1762376 , 0.35509512
-0.04768049 , -4.8206778 , 0.47288692
0.045066062 , -3.9107113 , 0.30455443
-0.015774064 , -4.558388 , 0.4020969
-0.09033565 , -5.227785 , 0.53847444
0.013700026 , -4.2835503 , 0.34359634
-0.055357937 , -4.9615088 , 0.45667854
0.040252328 , -3.994358 , 0.29522473
-0.022134967 , -4.678429 , 0.3886742
-0.09902731 , -5.3822236 , 0.51984054
0.008393636 , -4.3813944 , 0.33265507
-0.06241757 , -5.0943055 , 0.4410672
0.036020223 , -4.068007 , 0.28639457
-0.027941575 , -4.789727 , 0.3758173
-0.10700963 , -5.5285683 , 0.5017816
0.0036547217 , -4.469473 , 0.322292
-0.068857186 , -5.2187514 , 0.4260526
0.03235581 , -4.131839 , 0.27804267
-0.033176836 , -4.8918886 , 0.3635484
-0.11428004 , -5.6665826 , 0.4843687
-0.00050153706 , -4.547668 , 0.31251225
-0.07467473 , -5.3345237 , 0.41164207
0.02923322 , -4.1861463 , 0.27017564
-0.037825327 , -4.9845905 , 0.3518914
-0.12084207 , -5.7960463 , 0.46759987
-0.0040760953 , -4.6159854 , 0.3033007
-0.079867154 , -5.4413147 , 0.3978496
-0.17169298 , -6.274621 , 0.53209496
-0.041876264 , -5.0676227 , 0.34086624
-0.1267025 , -5.91674 , 0.45147547
-0.007083675 , -4.674562 , 0.29462174
-0.08443173 , -5.5388494 , 0.38469437
-0.17837973 , -6.409452 , 0.513499
-0.0453279 , -5.140878 , 0.33048305
-0.13186958 , -6.0284553 , 0.4360017
-0.00955133 , -4.7235856 , 0.28642294
-0.088366985 , -5.6269126 , 0.3721978
-0.18427831 , -6.5352993 , 0.49554735
-0.04818841 , -5.204367 , 0.32073775
-0.13635232 , -6.1309958 , 0.42119008
-0.011512165 , -4.763312 , 0.2786387
-0.09167567 , -5.7053556 , 0.36037987
-0.18940511 , -6.652045 , 0.47826836
-0.05047699 , -5.258173 , 0.31160945
-0.14016022 , -6.2241945 , 0.40705702
-0.013001209 , -4.7939854 , 0.27118903
-0.09436621 , -5.7741165 , 0.34925488
-0.19377948 , -6.7595825 , 0.46167573
-0.052221075 , -5.302457 , 0.30305904
-0.14330445 , -6.307921 , 0.39362162
-0.25277537 , -7.3112106 , 0.52469724
-0.09645465 , -5.833204 , 0.33882782
-0.19742207 , -6.8578224 , 0.44578162
-0.053455163 , -5.3374033 , 0.29502702
-0.14579886 , -6.3820996 , 0.38090375
-0.2569767 , -7.423439 , 0.5062698
-0.09796403 , -5.882698 , 0.329091
-0.20035458 , -6.946694 , 0.4306004
-0.05421661 , -5.363234 , 0.28742427
-0.14766152 , -6.4467044 , 0.36892086
-0.26037815 , -7.526313 , 0.48853377
-0.09892437 , -5.922721 , 0.32002243
-0.20259966 , -7.0261545 , 0.41614914
-0.054543167 , -5.38016 , 0.2801091
-0.14891532 , -6.501769 , 0.35768515
-0.2630126 , -7.619842 , 0.47151676
-0.09937021 , -5.9534354 , 0.3115844
-0.20418178 , -7.0961924 , 0.40244675
-0.32933488 , -8.228818 , 0.535196
-0.14958857 , -6.5473676 , 0.34720024
-0.26491326 , -7.7040515 , 0.4552366
-0.09933945 , -5.9750113 , 0.30372187
-0.20512821 , -7.156837 , 0.3895125
-0.33155558 , -8.326181 , 0.5164028
-0.14971405 , -6.5836153 , 0.33745846
-0.26611406 , -7.778983 , 0.43971005
-0.0988709 , -5.9876337 , 0.29635406
-0.20546973 , -7.2081504 , 0.37736398
-0.33298433 , -8.414222 , 0.49825615
-0.1493279 , -6.6106396 , 0.3284383
-0.26664948 , -7.844701 , 0.4249551
-0.098002955 , -5.9914775 , 0.2893452
-0.20524085 , -7.250227 , 0.36601427
-0.33366653 , -8.493054 , 0.4808528
-0.14846785 , -6.6285825 , 0.32010394
-0.26655594 , -7.901295 , 0.4109917
-0.09677121 , -5.9867244 , 0.28243142
-0.20447971 , -7.2831793 , 0.35546917
-0.33364663 , -8.562806 , 0.46421334
-0.1471715 , -6.637577 , 0.3124051
-0.26587218 , -7.9488807 , 0.39784065
-0.4071213 , -9.237457 , 0.52586037
-0.20322661 , -7.3071237 , 0.34572348
-0.33296824 , -8.623616 , 0.4483561
-0.14547484 , -6.637754 , 0.30527684
-0.26464084 , -7.9875946 , 0.3855223
-0.40638772 , -9.309895 , 0.5073368
-0.20152226 , -7.3221664 , 0.33675805
-0.33167535 , -8.675643 , 0.43330088
-0.14341165 , -6.6292415 , 0.2986289
-0.26290783 , -8.017581 , 0.3740537
-0.40495902 , -9.373482 , 0.4895771
-0.19940536 , -7.32839 , 0.32853794
-0.3298138 , -8.719069 , 0.41906995
-0.14101502 , -6.6121793 , 0.2922882
-0.26072195 , -8.038976 , 0.3634456
-0.40288708 , -9.428426 , 0.47259766
-0.19691026 , -7.325852 , 0.32101327
-0.32743296 , -8.754096 , 0.4056876
-0.13831659 , -6.5867476 , 0.2857814
-0.2581327 , -8.0518875 , 0.353699
-0.40022162 , -9.474948 , 0.45641693
-0.19406503 , -7.3145833 , 0.31412333
-0.3245869 , -8.780939 , 0.39317784
-0.47976065 , -10.206641 , 0.5157345
-0.25518757 , -8.056376 , 0.34480125
-0.29320246 , -8.619449 , 0.34373406
-0.44219622 , -10.168201 , 0.43409932
-0.224992 , -7.789565 , 0.31009936
-0.36195332 , -9.404148 , 0.37762743
-0.52478415 , -10.944629 , 0.48853585
-0.28899404 , -8.602341 , 0.33645725
-0.43676472 , -10.183055 , 0.4201223
-0.22057173 , -7.745667 , 0.30524164
-0.35711002 , -9.40209 , 0.367579
-0.5185366 , -10.966749 , 0.47167552
-0.28463864 , -8.576945 , 0.3299789
-0.4310483 , -10.19134 , 0.40705526
-0.21575801 , -7.6934996 , 0.30148903
-0.35210776 , -9.393004 , 0.35847107
-0.51186806 , -10.981992 , 0.45566657
-0.28016204 , -8.542995 , 0.32423577
-0.42512318 , -10.193328 , 0.3949083
-0.60007805 , -11.783287 , 0.5131312
-0.34698284 , -9.37678 , 0.3502981
-0.50485075 , -10.990898 , 0.4405529
-0.275571 , -8.500189 , 0.3191939
-0.41904283 , -10.189158 , 0.38368672
-0.59206843 , -11.797155 , 0.49515647
-0.34175327 , -9.353228 , 0.34303513
-0.49758753 , -10.994016 , 0.42635623
-0.2708662 , -8.448502 , 0.31497788
-0.41282305 , -10.17882 , 0.373398
-0.58362824 , -11.804442 , 0.47801498
0.15834132 , -2.4732141 , 0.18353519
0.05698005 , -4.263977 , 0.19504261
-0.04632181 , -6.0263033 , 0.2066026
-0.1546035 , -7.85636 , 0.22739445
0.009920531 , -4.1831603 , 0.4262795
-0.20902142 , -7.1896424 , 0.42271113
-0.4266803 , -10.150394 , 0.4204253
0.21135634 , -1.4680208 , 0.17530352
0.33634412 , -5.4739995 , 0.5173569
0.3759017 , -5.8889575 , 0.52401024
0.31638715 , -5.2314606 , 0.50880957
0.34959978 , -5.6364326 , 0.52230215
0.39146498 , -6.040161 , 0.52050304
0.32696342 , -5.4004006 , 0.51608026
0.36328775 , -5.7864695 , 0.523827
0.30835727 , -5.1658835 , 0.50672436
0.33872753 , -5.549797 , 0.5215897
0.37723878 , -5.923657 , 0.52075356
0.31775945 , -5.327422 , 0.51470613
0.35090438 , -5.685859 , 0.52357715
0.3913315 , -6.047995 , 0.5120535
0.32806605 , -5.4646816 , 0.52078813
0.36325946 , -5.8090444 , 0.5209523
0.30870005 , -5.254901 , 0.51326007
0.33874714 , -5.5870447 , 0.5232583
0.37565422 , -5.9195056 , 0.51265544
0.31760773 , -5.3809237 , 0.51989985
0.34952343 , -5.696282 , 0.521096
0.29975486 , -5.182743 , 0.511764
0.32681113 , -5.489941 , 0.5228688
0.36024222 , -5.7928724 , 0.51327837
0.30734152 , -5.298357 , 0.51893085
0.33602673 , -5.585325 , 0.52118194
0.29089907 , -5.1109543 , 0.5102326
0.31509072 , -5.394449 , 0.52240777
0.34509218 , -5.66807 , 0.51386464
0.29725242 , -5.2168484 , 0.51789016
0.3227649 , -5.476117 , 0.5212079
0.28211626 , -5.039566 , 0.50867254
0.3035786 , -5.3004727 , 0.52187574
0.3302001 , -5.5450644 , 0.51440907
0.28732413 , -5.1362786 , 0.5167882
0.30973247 , -5.3686023 , 0.5211722
0.27339634 , -4.968677 , 0.5070832
0.29226622 , -5.2079067 , 0.5212745
