0.01972278 , 0.3241572 , 0.18426357
-0.07789991 , -1.5674955 , 0.10467292
-0.21745716 , -4.6629148 , -0.030015752
-0.27281764 , -7.480808 , -0.15825698
0.1035517 , -2.4219432 , 0.0545422
0.25624794 , 0.45872396 , 0.12499147
-0.25811392 , -8.656023 , -0.24464922
-0.25443664 , -8.730315 , -0.24987535
-0.27609208 , -1.1433653 , -0.20022544
-0.32374936 , 0.04488571 , -0.1232392
-0.24092847 , -8.248367 , -0.19286637
-0.27278873 , -2.8680077 , -0.12585548
-0.25385988 , -4.646859 , -0.12485254
-0.23592274 , -6.4495554 , -0.12120241
-0.25431487 , -8.045316 , -0.2626057
-0.2649136 , -6.230658 , -0.26778194
-0.19953659 , -8.66784 , -0.13477889
-0.2051245 , -8.635172 , -0.14046687
-0.2419 , -8.5012455 , -0.18341197
-0.2795219 , -2.1415424 , -0.12622474
-0.26967573 , -5.653275 , -0.26815337
-0.285139 , -3.870777 , -0.26840362
-0.29306045 , -2.0669746 , -0.27425906
-0.2713837 , -0.86059105 , -0.29881763
-0.23553094 , -6.6050997 , -0.1225836
-0.2518192 , -7.915381 , -0.26552925
-0.26528648 , -6.093138 , -0.26929832
-0.2816327 , -4.3000126 , -0.2687305
-0.18681468 , -9.00092 , -0.13717127
-0.24469797 , -8.351417 , -0.19499885
-0.2749447 , -2.5872223 , -0.12786852
-0.25704607 , -4.3750873 , -0.12762445
-0.28842843 , -3.4516616 , -0.27091703
-0.29106674 , -1.6218588 , -0.27848622
-0.30699688 , -0.40272593 , -0.2757939
-0.24533308 , -8.482433 , -0.20128024
-0.2519359 , -7.493307 , -0.2697611
-0.26862594 , -5.6654706 , -0.2705346
-0.28516462 , -3.8823328 , -0.27085626
-0.2941877 , -2.0737655 , -0.27695543
-0.2395211 , -8.2266655 , -0.19724396
-0.27035356 , -3.0288253 , -0.1295619
-0.25309733 , -4.8092823 , -0.1285374
-0.23699722 , -6.6170692 , -0.12496997
-0.2806318 , -1.2421099 , -0.20552067
-0.32720527 , 0.043092024 , -0.27901644
-0.24394327 , -8.361588 , -0.1982671
-0.27412042 , -2.5966215 , -0.1298828
-0.28264546 , -4.1739407 , -0.27203128
-0.29472494 , -2.3758805 , -0.27714372
-0.2624046 , -1.0087152 , -0.19737405
-0.30445758 , -0.3355234 , -0.13190879
-0.2355411 , -9.0241585 , -0.25941187
-0.23196658 , -9.093491 , -0.26083922
-0.27888364 , -1.3990813 , -0.12854351
-0.26798052 , -3.2518075 , -0.13107997
-0.25144106 , -5.03083 , -0.1297081
-0.26323402 , -3.7556982 , -0.13187301
-0.24727608 , -5.5362234 , -0.12946701
-0.23317552 , -7.360634 , -0.12731254
-0.29055145 , -3.2554288 , -0.27539375
-0.2901562 , -1.4002411 , -0.28376696
-0.32106364 , -0.18844327 , -0.28224373
-0.23939893 , -8.258744 , -0.20074162
-0.27021387 , -2.9710019 , -0.13224633
-0.24995524 , -5.252666 , -0.13084196
-0.23382041 , -7.3632236 , -0.12814403
-0.25350413 , -6.923621 , -0.27474418
-0.27604237 , -4.8244677 , -0.27391034
-0.2940692 , -2.7528758 , -0.27783898
-0.2679055 , -1.0376109 , -0.20845795
-0.2917564 , -0.56004673 , -0.13545144
-0.27000266 , -2.974795 , -0.13291217
-0.26059863 , -4.0476356 , -0.13322887
-0.24322267 , -6.1218395 , -0.12983635
-0.2439737 , -8.147422 , -0.26968178
-0.26250336 , -6.0490265 , -0.27526766
-0.28452173 , -3.9765513 , -0.27526215
-0.2961158 , -1.8648624 , -0.28261244
-0.316391 , -0.34093246 , -0.28253874
-0.2091273 , -8.799224 , -0.1408092
-0.21407518 , -8.739391 , -0.1407445
-0.24197179 , -6.343307 , -0.13022654
-0.23283619 , -8.148986 , -0.13429244
-0.25220606 , -6.928712 , -0.2761662
-0.272579 , -5.116695 , -0.27536777
-0.29034987 , -3.3387501 , -0.27734223
-0.29345173 , -1.4839181 , -0.28544968
-0.29606554 , -0.4199299 , -0.13694695
-0.31077942 , -0.046911202 , -0.13483383
-0.3349117 , 0.103000864 , -0.28472802
-0.22366402 , -8.61269 , -0.14002413
-0.4844922 , -2.0330439 , -0.26044238
-0.39026314 , -1.9790909 , -0.20785774
-0.31607684 , -2.9123442 , -0.23349153
-0.30803522 , -3.297371 , -0.23345803
-0.20302887 , -5.6293087 , -0.27390918
-0.17655845 , -7.881163 , -0.30176756
-0.23945802 , -8.5510845 , -0.27117962
-0.47016534 , -4.351115 , -0.2678494
-0.28517023 , -7.7733564 , -0.19052364
-0.36202165 , -5.974277 , -0.23651317
-0.47907513 , -3.6831334 , -0.28329763
-0.30303776 , -7.3310146 , -0.20364796
-0.38994396 , -5.360345 , -0.24927458
-0.51738286 , -3.0182335 , -0.29661885
-0.18202518 , -7.990024 , -0.3014369
-0.23951884 , -8.507563 , -0.14413932
-0.28539652 , -7.7363944 , -0.19057967
-0.38506085 , -5.4450426 , -0.24744673
-0.50991035 , -3.1253994 , -0.29472795
-0.30195677 , -3.4209385 , -0.23521066
-0.26246136 , -8.213553 , -0.16984998
-0.32306316 , -6.8159523 , -0.21658124
-0.41982386 , -4.726713 , -0.26225558
-0.27672142 , -7.9033055 , -0.18308784
-0.34573877 , -6.2699957 , -0.22931366
-0.45300558 , -4.0848765 , -0.27554056
-0.17573832 , -7.3310866 , -0.29885408
-0.21525645 , -8.379217 , -0.28917593
-0.2630432 , -8.170657 , -0.16987373
-0.34195262 , -6.3392787 , -0.22751689
-0.44686496 , -4.1817336 , -0.273615
-0.36130738 , -2.4200354 , -0.21466129
-0.24558361 , -8.398562 , -0.14916377
-0.2927489 , -7.4953065 , -0.19631812
-0.37063095 , -5.683367 , -0.24200553
-0.256505 , -8.247922 , -0.1623171
-0.31076625 , -7.0416317 , -0.20932989
-0.39862868 , -5.081269 , -0.25480935
-0.18410349 , -6.5357084 , -0.28923747
-0.19102292 , -7.9963326 , -0.3001237
-0.24579701 , -8.353669 , -0.14899483
-0.3079144 , -7.0929375 , -0.20751035
-0.39364517 , -5.16592 , -0.25296804
-0.51713085 , -2.9135792 , -0.3000664
-0.22549757 , -8.3310585 , -0.28378817
-0.26939505 , -7.9756722 , -0.17561997
-0.33093044 , -6.5245876 , -0.22214201
-0.2394776 , -8.331812 , -0.1410155
-0.28366172 , -7.64048 , -0.18890889
-0.3538346 , -5.9820123 , -0.23480232
-0.20631601 , -5.6557555 , -0.275035
-0.18101418 , -7.4087915 , -0.29999873
-0.22553074 , -8.28607 , -0.2838564
-0.26959294 , -7.9342165 , -0.1756545
-0.3303396 , -6.5022593 , -0.22217329
-0.4263689 , -4.470718 , -0.26786378
-0.46532616 , -2.2431586 , -0.26031378
-0.251698 , -4.473066 , -0.25346485
-0.18680653 , -6.491053 , -0.2890783
-0.19334632 , -7.913425 , -0.2999123
-0.24566191 , -8.263661 , -0.14866436
-0.26424453 , -7.9994636 , -0.16994123
-0.320854 , -6.6898117 , -0.21676324
-0.41109756 , -4.733213 , -0.26222286
-0.5373189 , -2.5294964 , -0.30826604
-0.27162784 , -7.833282 , -0.17761536
-0.33244407 , -6.3974786 , -0.22402762
-0.42800573 , -4.391956 , -0.2697306
-0.36885765 , -2.3836782 , -0.21064386
-0.27944672 , -7.642024 , -0.18525055
-0.34477717 , -6.0947633 , -0.23125081
-0.44557086 , -4.0507407 , -0.27731818
0.0014855039 , -7.0859723 , -0.34820554
-0.31579238 , -3.7841356 , -0.21302861
-0.24991731 , -5.0670314 , -0.2164761
-0.17566496 , -6.4294176 , -0.22008838
-0.1768425 , -6.603328 , -0.22366528
-0.20736341 , -2.6805415 , -0.20092823
-0.12980612 , -4.482093 , -0.25173348
-0.018659497 , -6.521645 , -0.31101754
-0.19724755 , -6.287793 , -0.2287652
-0.19683363 , -2.9233465 , -0.20903146
-0.11300714 , -4.801738 , -0.26018026
0.0038552135 , -6.8648887 , -0.32393476
-0.21673018 , -5.965395 , -0.23476428
-0.18530424 , -3.1844618 , -0.21710862
-0.09508792 , -5.1311874 , -0.268872
0.027592223 , -7.2102695 , -0.3401668
-0.23516826 , -5.6374936 , -0.24133262
-0.17270905 , -3.462402 , -0.2251739
-0.076050416 , -5.46914 , -0.27789447
-0.122410744 , -7.4156103 , -0.22044086
-0.25244835 , -5.305458 , -0.2482287
-0.15555885 , -3.833664 , -0.2353051
-0.051083844 , -5.899488 , -0.28981772
-0.15129878 , -7.0183973 , -0.21970285
-0.2722009 , -4.8865523 , -0.2570275
-0.3310411 , -2.9348454 , -0.294466
-0.32143885 , -1.5459764 , -0.30156437
-0.24851029 , -1.4723195 , -0.1551273
-0.19779803 , -2.7975142 , -0.20695114
-0.12806188 , -4.38537 , -0.24970308
-0.012333258 , -6.5220804 , -0.3085257
-0.18961793 , -6.4489264 , -0.22712031
-0.29627421 , -4.2994027 , -0.2691275
-0.11081337 , -4.7182913 , -0.25815126
0.011078188 , -6.8823576 , -0.32103536
-0.21037713 , -6.1109414 , -0.23295629
-0.30788946 , -3.96629 , -0.27566263
-0.092368595 , -5.061782 , -0.26681063
0.035464194 , -7.245871 , -0.3361671
-0.23005563 , -5.7672935 , -0.23945971
-0.31787673 , -3.6370287 , -0.28182086
-0.072740234 , -5.414389 , -0.27579966
-0.023202952 , -7.637499 , -0.29463807
-0.24853979 , -5.4193134 , -0.24635842
-0.32616514 , -3.3138685 , -0.28748158
-0.051942475 , -5.774928 , -0.28521082
-0.13492432 , -7.304361 , -0.21880747
-0.26571748 , -5.0684648 , -0.25337356
-0.33270815 , -2.9983528 , -0.29232442
-0.030001344 , -6.142075 , -0.29516044
-0.15888004 , -6.9654827 , -0.22129108
-0.28148663 , -4.716395 , -0.26060605
-0.2320557 , -1.6800768 , -0.1735919
-0.16720451 , -3.3607903 , -0.22488844
-0.06265479 , -5.5248218 , -0.27813014
-0.11396951 , -7.635222 , -0.22247334
-0.2535877 , -5.347822 , -0.24807651
-0.33079955 , -3.1920269 , -0.2888755
-0.333974 , -1.5580735 , -0.30387726
-0.25178936 , -1.0933831 , -0.14579752
-0.07179884 , -8.446282 , -0.22171904
-0.3375743 , -1.6904783 , -0.30443338
-0.325721 , -3.4219189 , -0.2848943
-0.2396916 , -5.628359 , -0.24279177
-0.24732956 , -5.9165325 , -0.2424988
-0.37572876 , -2.456461 , -0.2928809
0.044513162 , -7.2911677 , -0.33224177
-0.11161888 , -4.536156 , -0.25401378
-0.24411738 , -1.309179 , -0.15994135
-0.26656193 , -0.40233395 , -0.16485868
-0.06412562 , -4.817389 , -0.2602971
0.15011045 , -8.470248 , -0.3425337
0.0013107219 , -7.979814 , -0.2858107
0.053480342 , -9.615226 , -0.17405306
0.23508663 , -11.451875 , -0.17925937
0.5108987 , -12.647707 , -0.52036303
0.3214585 , -10.87887 , -0.41350168
0.15877934 , -8.9906845 , -0.3600036
0.030680688 , -9.351992 , -0.17718594
-0.51520497 , -4.759947 , 0.1471665
-0.51590514 , -4.7483487 , 0.1476897
-0.5411676 , -4.9659877 , 0.13849464
-0.6031838 , -5.4194317 , 0.12868914
-0.48918033 , -5.215219 , 0.25193444
-0.46691927 , -4.961085 , 0.2476614
-0.50330216 , -4.607153 , 0.13691595
-0.53015333 , -4.8084416 , 0.13100712
-0.5595292 , -5.0215564 , 0.12625822
-0.48052 , -5.1483727 , 0.23625094
0.119852394 , -8.226641 , -0.3507669
-0.08728949 , -8.066806 , -0.22265828
0.10622595 , -8.129703 , -0.35429877
0.13468657 , -8.425494 , -0.3520107
0.16330408 , -8.726247 , -0.35162193
-0.052733954 , -8.627492 , -0.21540128
-0.06320388 , -8.385284 , -0.21446317
-0.07418812 , -8.135832 , -0.2124412
0.14508846 , -8.620627 , -0.3530167
0.14999224 , -11.105056 , -0.17337275
0.38097748 , -13.418093 , -0.1791518
0.25210562 , -9.901599 , -0.3566501
0.14230716 , -8.613079 , -0.3532757
-0.025358517 , -9.044547 , -0.20899992
-0.64406914 , -6.559999 , 0.30970463
-0.5828992 , -5.9625125 , 0.29846957
-0.52623373 , -5.129594 , 0.16214702
-0.63734096 , -6.2607923 , 0.15734246
-0.61057335 , -5.611468 , 0.1259841
-0.5114743 , -4.882144 , 0.15558209
-0.4963593 , -5.135329 , 0.2979679
-0.50117606 , -4.6767154 , 0.15298009
-0.52341807 , -5.1628113 , 0.16312222
-0.4902754 , -5.0846972 , 0.2953736
-0.46397603 , -4.5655766 , 0.19625884
-0.057729505 , -8.292225 , -0.20117675
0.2667054 , -10.292758 , -0.39346778
0.11231008 , -8.373405 , -0.35460594
-0.0055721845 , -7.8815503 , -0.28698006
0.44117203 , -12.014013 , -0.4843586
0.26327443 , -10.255405 , -0.39344475
0.109941855 , -8.34723 , -0.3545977
-0.5074881 , -5.221646 , 0.30928773
-0.4636372 , -4.8654146 , 0.27636898
-0.5094821 , -4.944426 , 0.15896152
-0.5027734 , -5.1786294 , 0.30804703
-0.4563047 , -4.800126 , 0.2718941
-0.012661977 , -7.7738385 , -0.29175845
0.34120095 , -11.068368 , -0.43024886
0.17794736 , -9.257111 , -0.36652192
-0.45492217 , -4.477086 , 0.18769598
-0.0038309386 , -8.9211035 , -0.18265425
0.19700524 , -11.0259495 , -0.17559476
0.47891864 , -12.327229 , -0.5150835
0.26947328 , -10.323636 , -0.39872038
0.09411255 , -8.134602 , -0.35426104
-0.5158872 , -5.1039615 , 0.16266362
-0.538706 , -5.35058 , 0.14789018
-0.5109484 , -5.2467957 , 0.313021
-0.47157547 , -4.9232078 , 0.2859276
-0.514667 , -5.2826686 , 0.3124793
-0.49035582 , -5.0694532 , 0.30285206
-0.43628743 , -4.6082344 , 0.2602348
-0.0044843666 , -7.893477 , -0.28387645
-0.44920456 , -4.432828 , 0.19955751
-0.07780794 , -7.982088 , -0.20309839
0.08269594 , -9.818254 , -0.16979955
0.2572078 , -11.500267 , -0.19319305
0.39776936 , -11.5661 , -0.47981694
0.22941063 , -9.887601 , -0.3906931
0.08522671 , -8.05992 , -0.35401526
-0.49656668 , -4.9064903 , 0.16086948
-0.5122369 , -5.1201777 , 0.15523964
-0.5045814 , -5.186702 , 0.31161296
-0.48431066 , -4.9998603 , 0.30810907
-0.43644974 , -4.636931 , 0.26841474
-0.49028155 , -4.8210526 , 0.1591364
-0.50568527 , -5.058427 , 0.1582943
-0.50585735 , -5.2002215 , 0.30881783
-0.48667026 , -5.014848 , 0.31172878
-0.44967598 , -4.72517 , 0.27972215
-0.43722478 , -4.320191 , 0.17794086
-0.017056677 , -8.713062 , -0.18271732
0.14762178 , -10.461942 , -0.17211394
0.32854053 , -12.106435 , -0.2202044
0.3230666 , -10.861409 , -0.43757182
0.16594605 , -9.148744 , -0.36942157
-0.44031647 , -4.3766847 , 0.19163835
-0.062824264 , -8.161478 , -0.19570953
0.0975447 , -9.950359 , -0.16958638
0.27189928 , -11.601219 , -0.2000772
0.3673527 , -11.276066 , -0.466179
0.20426434 , -9.607521 , -0.3834363
-0.4665708 , -4.4685254 , 0.15748537
-0.49283525 , -4.894802 , 0.16115953
-0.508737 , -5.0873933 , 0.15220314
-0.4967783 , -5.109096 , 0.31351313
-0.47589153 , -4.9233894 , 0.3055934
-0.43715703 , -4.543565 , 0.26147062
-0.487263 , -4.814596 , 0.15991169
-0.50186723 , -5.0268025 , 0.15606011
-0.49760702 , -5.1189113 , 0.31137207
-0.47877964 , -4.9421763 , 0.31006414
-0.43934873 , -4.626647 , 0.27287322
-0.035620723 , -7.508684 , -0.29334357
-0.0020635137 , -8.870481 , -0.17860627
0.1621554 , -10.578267 , -0.17457505
0.4087073 , -12.197705 , -0.3872202
0.29504415 , -10.578235 , -0.4266654
0.14268796 , -8.87039 , -0.36448255
-0.43405122 , -4.3161674 , 0.18520738
-0.047825802 , -8.331737 , -0.18956593
0.112063974 , -10.075313 , -0.17015295
0.28636912 , -11.69696 , -0.20789015
0.33788198 , -10.990426 , -0.4533828
0.17986508 , -9.33037 , -0.3768555
-0.4717683 , -4.5063334 , 0.15307456
-0.4889435 , -4.8755274 , 0.16113205
-0.5052484 , -5.0540266 , 0.14858142
-0.48913008 , -5.0332737 , 0.31486037
-0.4673792 , -4.847288 , 0.30250975
-0.41748905 , -4.436128 , 0.25643536
0.28496584 , 1.9554472 , 0.16281249
0.43553552 , 3.4811547 , 0.16042279
0.3617077 , 3.904123 , 0.30554298
0.20135735 , 2.3930366 , 0.29578003
0.045154754 , 0.73841226 , 0.23636533
-0.30634597 , -3.2134354 , 0.3210888
-0.045300484 , -0.5231163 , 0.32553735
0.20828636 , 2.1474113 , 0.3175053
0.009046036 , 0.26623425 , 0.21450044
-0.092527285 , -0.91028076 , 0.22458257
-0.20346624 , -2.1559985 , 0.23103806
-0.31967813 , -3.4312901 , 0.24134514
0.48465157 , 3.8641841 , 0.13100569
0.21836363 , 1.4222348 , 0.11227813
-0.082896896 , -1.2899785 , 0.109035075
-0.37808558 , -3.920978 , 0.12144352
-0.37262273 , -3.742687 , 0.14169557
-0.19534808 , -2.4588885 , 0.13175422
-0.026639402 , -1.2065048 , 0.12715021
0.12359571 , -0.0012088651 , 0.12664804
-0.0598104 , -0.5401746 , 0.22099061
-0.16837649 , -1.7658037 , 0.22745757
-0.28168762 , -3.0206602 , 0.23581608
-0.40310422 , -4.302638 , 0.2508741
-0.29386836 , -3.173536 , 0.13526018
-0.120434456 , -1.914946 , 0.12882553
0.041729525 , -0.6846887 , 0.12551486
-0.005183796 , 0.08771657 , 0.21372646
-0.10821358 , -1.0909408 , 0.22271453
-0.21810003 , -2.3214223 , 0.22913878
-0.33343068 , -3.5811234 , 0.24013743
-0.39394587 , -3.8883686 , 0.14275238
-0.2169365 , -2.6204014 , 0.13130677
-0.048092443 , -1.3840566 , 0.126357
0.10470385 , -0.18422316 , 0.12487653
-0.0506608 , -0.438722 , 0.21747948
-0.15703686 , -1.6420048 , 0.22396894
-0.26803678 , -2.8737297 , 0.23160814
-0.38630787 , -4.136389 , 0.24588789
-0.31519645 , -3.3251817 , 0.1350946
-0.14201802 , -2.082546 , 0.12821198
0.020906357 , -0.8664855 , 0.12443251
0.0015475109 , 0.1706598 , 0.20957606
-0.098125055 , -0.98021704 , 0.21934135
-0.20592283 , -2.1891189 , 0.22540359
-0.31858328 , -3.4244401 , 0.23526794
-0.41519028 , -4.02882 , 0.14363892
-0.2383358 , -2.7775657 , 0.13081051
-0.069491506 , -1.5577805 , 0.12558292
0.085232094 , -0.36681712 , 0.123350345
-0.041998655 , -0.34242776 , 0.21392475
-0.14612982 , -1.5231067 , 0.2205179
-0.25491205 , -2.7321413 , 0.22748439
-0.3701237 , -3.9723725 , 0.24005032
-0.33635274 , -3.4724493 , 0.13487151
-0.16344611 , -2.2458076 , 0.12757444
-1.4843434e-06 , -1.045321 , 0.12342951
0.14011517 , 0.10384787 , 0.12304056
-0.088472165 , -0.87432826 , 0.21596694
-0.19420058 , -2.0619426 , 0.22172613
-0.3043331 , -3.272951 , 0.23055257
-0.43641344 , -4.1630507 , 0.1434921
-0.2595415 , -2.9303477 , 0.13025868
-0.09080297 , -1.7274388 , 0.12482198
0.06537382 , -0.5480919 , 0.1220004
-0.033865143 , -0.25136107 , 0.21033852
-0.13565296 , -1.4090585 , 0.21709667
-0.24229707 , -2.5959077 , 0.22344653
-0.3546056 , -3.812098 , 0.23449409
-0.3573605 , -3.6151984 , 0.13452436
-0.18470804 , -2.404643 , 0.12690383
-0.020945165 , -1.2207824 , 0.12248651
0.12383952 , -0.07437217 , 0.12143638
-0.079262316 , -0.77329665 , 0.21258818
-0.18292081 , -1.9398366 , 0.21810438
-0.29065076 , -3.1268342 , 0.2259924
-0.4575512 , -4.289267 , 0.14195783
-0.28055415 , -3.0787125 , 0.12962876
-0.11199864 , -1.8928357 , 0.124060795
0.04525828 , -0.727326 , 0.120772384
-0.026355557 , -0.16552675 , 0.20678334
-0.1255988 , -1.2998139 , 0.21370183
-0.23016705 , -2.4650066 , 0.21949516
-0.33971903 , -3.6563675 , 0.2292657
-0.37824017 , -3.7531803 , 0.13395831
-0.20578828 , -2.5589921 , 0.12618399
-0.0418762 , -1.3925228 , 0.12158407
0.105894595 , -0.2531663 , 0.12001804
-0.07052316 , -0.67716616 , 0.20921092
-0.17209207 , -1.8227402 , 0.21453711
-0.2775371 , -2.9861975 , 0.2215781
-0.38956648 , -4.17733 , 0.23098095
-0.3014046 , -3.222607 , 0.12888849
-0.13307384 , -2.0538094 , 0.12328372
0.02496366 , -0.90392053 , 0.11963157
-0.019749122 , -0.084759615 , 0.20327827
-0.115938604 , -1.1953354 , 0.21033242
-0.21846601 , -2.3393877 , 0.21562871
-0.32538685 , -3.505665 , 0.22429822
-0.39897326 , -3.8859572 , 0.13310201
-0.22663735 , -2.708818 , 0.12539577
-0.06272507 , -1.5602535 , 0.12070394
0.087128185 , -0.43128625 , 0.11856509
-0.062307224 , -0.5859907 , 0.20585568
-0.16174655 , -1.7105848 , 0.21102343
-0.2650271 , -2.8510852 , 0.21729772
-0.3741464 , -4.0203433 , 0.22609523
-0.3221716 , -3.3619556 , 0.12799932
-0.1540598 , -2.2102368 , 0.12247478
0.0045245257 , -1.0773758 , 0.118552834
0.06113258 , -0.00802312 , 0.15941288
-0.10666719 , -1.095621 , 0.20699556
-0.20716365 , -2.2190087 , 0.21184473
-0.31155542 , -3.3603234 , 0.21954437
-0.41952807 , -4.0127654 , 0.13195758
-0.24721794 , -2.8540673 , 0.12451902
-0.0834369 , -1.7237151 , 0.119829625
0.06791029 , -0.6078405 , 0.11717178
-0.054589767 , -0.49979672 , 0.20258698
-0.15179515 , -1.6032578 , 0.20757443
-0.25299087 , -2.7214355 , 0.2131418
-0.359351 , -3.8666105 , 0.22135793
-0.34276828 , -3.4967017 , 0.12691516
-0.17486599 , -2.362079 , 0.121624865
-0.015939916 , -1.2473091 , 0.11751868
0.123925075 , -0.15949005 , 0.11715967
-0.19035272 , -6.159812 , -0.21861802
-0.26377064 , -4.8067126 , -0.21532024
-0.3290422 , -3.5144527 , -0.21162197
-0.37689105 , -2.3424351 , -0.20700121
-0.32270297 , -3.6559176 , -0.21151902
-0.2554767 , -4.965399 , -0.21508567
-0.18010083 , -6.347006 , -0.21851908
-0.5121396 , -2.6849434 , -0.3131983
-0.36501878 , -3.9782603 , -0.316026
-0.2100288 , -5.2821946 , -0.3230657
-0.045593344 , -6.682378 , -0.3393241
-0.058374006 , -6.5818253 , -0.33811352
-0.22264233 , -5.179093 , -0.32295215
-0.3779646 , -3.8642828 , -0.31634125
-0.5251377 , -2.5546422 , -0.31357008
-0.34346882 , -3.2204468 , -0.20949855
-0.27780417 , -4.5396085 , -0.21343991
-0.20390792 , -5.902059 , -0.2165343
-0.1190922 , -7.416829 , -0.22204944
-0.13064113 , -5.958747 , -0.33043656
-0.29180193 , -4.5927134 , -0.31993127
-0.44506636 , -3.2733974 , -0.3154497
-0.37607783 , -2.4487948 , -0.20599355
-0.31669214 , -3.7891665 , -0.2107646
-0.24641961 , -5.1314077 , -0.21419375
-0.16778672 , -6.557662 , -0.21771614
-0.03489595 , -6.801427 , -0.3421853
-0.20264727 , -5.35142 , -0.3253586
-0.3609285 , -4.0022182 , -0.31802025
-0.51151687 , -2.665369 , -0.3148626
-0.3535478 , -3.0221593 , -0.20765087
-0.28698862 , -4.370465 , -0.21181157
-0.2121103 , -5.751935 , -0.21485518
-0.12768255 , -7.2675605 , -0.21946846
-0.108964816 , -6.1572194 , -0.33343047
-0.27318862 , -4.750324 , -0.32193393
-0.4293059 , -3.4007084 , -0.31692535
-0.38495484 , -2.229307 , -0.20348439
-0.3264658 , -3.6029892 , -0.20904975
-0.25500965 , -4.9703817 , -0.21261387
-0.17527409 , -6.4100723 , -0.2156852
-0.0104822675 , -7.0314403 , -0.3461639
-0.18198921 , -5.532042 , -0.32779935
-0.3432943 , -4.1472216 , -0.3197346
-0.49706116 , -2.7829278 , -0.31626153
-0.36388052 , -2.8163419 , -0.20574908
-0.2964989 , -4.1948285 , -0.21018685
-0.22053127 , -5.5966754 , -0.21323228
-0.13548946 , -7.118012 , -0.216667
-0.08650595 , -6.36505 , -0.3364579
-0.2539142 , -4.915675 , -0.32399204
-0.41291246 , -3.5348213 , -0.31844747
-0.56184053 , -2.1447577 , -0.3154245
-0.3366733 , -3.409695 , -0.20731933
-0.26407555 , -4.803424 , -0.21104202
-0.1833118 , -6.258086 , -0.21381645
0.014686844 , -7.272765 , -0.34979233
-0.1607888 , -5.7212195 , -0.33029854
-0.32513103 , -4.2994432 , -0.32150638
-0.48193055 , -2.9072332 , -0.317721
-0.3744372 , -2.6028643 , -0.20376775
-0.30636996 , -4.0125756 , -0.20855296
-0.22924481 , -5.436142 , -0.21164188
-0.14326371 , -6.9656177 , -0.21427467
-0.06326726 , -6.582463 , -0.3394862
-0.23398674 , -5.088905 , -0.32611454
-0.39590353 , -3.6757677 , -0.32001877
-0.54933304 , -2.2598116 , -0.3169062
-0.34726658 , -3.2091599 , -0.2055684
-0.27355495 , -4.630383 , -0.20946908
-0.19173811 , -6.101503 , -0.21206404
0.041087255 , -7.5271506 , -0.35289085
-0.13896818 , -5.9191484 , -0.33284783
-0.3063939 , -4.4590044 , -0.3233398
-0.46615726 , -3.0382276 , -0.31921193
-0.38515082 , -2.3815448 , -0.2016935
-0.31664276 , -3.8235602 , -0.20690684
-0.23833102 , -5.2701535 , -0.21007381
-0.15137084 , -6.809767 , -0.21219352
-0.039305035 , -6.809791 , -0.3424618
-0.21343878 , -5.270186 , -0.3282996
-0.3783063 , -3.8236187 , -0.32164145
-0.5353322 , -2.3816671 , -0.3186449
-0.35822 , -3.001263 , -0.203797
-0.28343102 , -4.4511147 , -0.20789078
-0.20051107 , -5.9401445 , -0.21039718
-0.10761873 , -7.577969 , -0.20981541
-0.116483025 , -6.1260276 , -0.33543038
-0.28705803 , -4.6260333 , -0.325237
-0.4497592 , -3.1758895 , -0.3207291
-0.39582783 , -2.1521072 , -0.19959073
-0.32732305 , -3.627645 , -0.20524526
-0.24780759 , -5.098541 , -0.20851783
-0.15984523 , -6.650083 , -0.21032214
-0.014593761 , -7.047462 , -0.3453542
-0.19226785 , -5.459694 , -0.3305452
-0.36012423 , -3.9784634 , -0.32332197
-0.5204099 , -2.510177 , -0.32027957
-0.51521474 , -0.5983308 , -0.18116854
-0.70469105 , 1.3468847 , -0.17946097
-1.0479019 , 3.0632915 , -0.5385375
-0.84199154 , 1.1957517 , -0.4187217
-0.6649982 , -0.76035273 , -0.34816876
0.2666843 , -10.08628 , -0.5447054
-0.14022508 , -6.0432515 , -0.5472121
-0.5536948 , -1.9666564 , -0.5472766
-0.9502624 , 2.0382 , -0.544866
-0.46628162 , -3.0061114 , -0.3223852
-0.30105132 , -4.499371 , -0.32642516
-0.12810367 , -6.035148 , -0.33571717
0.05720014 , -7.728048 , -0.3530966
-0.59016883 , -0.8344158 , -0.22754572
-0.2574926 , -4.9003286 , -0.22404371
0.07825984 , -8.9636 , -0.22646523
-0.11831524 , -7.3663344 , -0.20760317
-0.21256809 , -5.72 , -0.20801719
-0.29738954 , -4.2000794 , -0.20555176
-0.37388015 , -2.705466 , -0.20120402
-0.5158027 , -2.5469646 , -0.32103485
-0.35412386 , -4.029001 , -0.32409433
-0.18491496 , -5.526865 , -0.33148053
-0.0056805224 , -7.136064 , -0.3463706
-0.16234921 , -6.6013694 , -0.2094513
-0.25101346 , -5.040667 , -0.20778717
-0.33129087 , -3.5565956 , -0.2044896
-0.39999545 , -2.0646045 , -0.19879073
-0.63381714 , -1.5673468 , -0.31264344
-0.63049996 , -1.5845739 , -0.31302842
-0.4750601 , -2.0934114 , -0.26027218
-0.6086613 , -1.7683902 , -0.31370422
-0.6045738 , -1.789994 , -0.31414384
-0.49174693 , -1.9205728 , -0.25949124
-0.47510496 , -2.0921316 , -0.25806648
-0.4085787 , -1.6995853 , -0.20443852
-0.4141092 , -1.6087346 , -0.20388635
-0.48491418 , -1.9365865 , -0.26416686
-0.42781663 , -1.3452598 , -0.20338736
-0.4332405 , -1.2501327 , -0.20269403
-0.5013867 , -1.7752109 , -0.25837487
-0.56542164 , -0.9798077 , -0.25899097
-0.68091846 , -0.99920154 , -0.31643584
-0.48557886 , -1.9412028 , -0.25670832
-0.6591889 , -1.198016 , -0.316772
-0.6555002 , -1.2205338 , -0.31719628
-0.49598432 , -1.7793018 , -0.267611
-0.6319115 , -1.426363 , -0.3174573
-0.62734467 , -1.453871 , -0.31829157
-0.512861 , -1.6162379 , -0.2588968
-0.49707466 , -1.7894061 , -0.25870472
-0.43439338 , -1.3589158 , -0.19883065
-1.0826828 , 5.336664 , -0.23529483
-0.6795957 , 1.7335323 , -0.17573741
-0.94310725 , 4.309867 , -0.18860339
-0.88254434 , 3.1870701 , -0.20555258
-0.6625528 , 1.128489 , -0.17427346
-0.46138048 , -1.0755794 , -0.1923145
-1.099761 , 3.9106061 , -0.43784356
-0.8566687 , 1.3001865 , -0.3594514
-0.66928446 , -0.79987204 , -0.3367663
-0.857623 , 1.3811991 , -0.40137646
-1.0744923 , 3.4298062 , -0.5085347
-0.7887803 , 2.3308342 , -0.18548183
-0.5781927 , 0.23877916 , -0.17719997
-0.65276676 , -1.006803 , -0.33253568
-0.83811694 , 1.1762092 , -0.3949837
-1.0512177 , 3.2197213 , -0.49785066
-0.8032405 , 2.4489095 , -0.18861026
-0.59233814 , 0.3793825 , -0.17605747
-0.63653284 , -1.2133224 , -0.3283344
-0.8189684 , 0.9722578 , -0.38885894
-1.028393 , 3.011274 , -0.48757473
-0.8176377 , 2.5647464 , -0.19215533
-0.60641015 , 0.51685053 , -0.17518523
-0.6205629 , -1.4194459 , -0.3242078
-0.8001696 , 0.7693909 , -0.3829906
-1.0060058 , 2.804382 , -0.47769687
-0.83197993 , 2.6784441 , -0.19612266
-0.62040395 , 0.6511806 , -0.17459337
-0.42443028 , -1.5330003 , -0.19683114
-0.78170866 , 0.5675177 , -0.37736645
-0.9840468 , 2.5990224 , -0.46820036
-0.84627515 , 2.7900937 , -0.20051982
-0.63432205 , 0.7825355 , -0.17429881
-0.4380434 , -1.3712713 , -0.19448626
-0.76358265 , 0.3667084 , -0.37197244
-0.2841256 , -2.744376 , -0.039699852
-0.27670717 , -3.296688 , -0.040247686
-0.27122632 , -3.8417294 , -0.038842656
-0.2671568 , -4.326176 , -0.035570133
-0.28279597 , -2.8900955 , -0.03426488
-0.2744093 , -3.4066627 , -0.03445737
-0.2682415 , -3.9027157 , -0.032485217
-0.26238427 , -4.330931 , -0.029363833
-0.28089735 , -3.0188005 , -0.028784407
-0.27162805 , -3.4968865 , -0.028476454
-0.26461035 , -3.9406345 , -0.026119325
-0.29044044 , -2.6966763 , -0.022271
-0.2784131 , -3.1301742 , -0.023215305
-0.26831022 , -3.5660846 , -0.02231633
-0.26029882 , -3.9559784 , -0.01985358
-0.28822485 , -2.8245327 , -0.016829899
-0.27535614 , -3.2235343 , -0.017508576
-0.2643897 , -3.6132047 , -0.016029608
-0.25526187 , -3.950004 , -0.013783422
-0.28567377 , -2.9351578 , -0.01138079
-0.27172267 , -3.2978716 , -0.011628066
-0.25981003 , -3.6376977 , -0.009707717
-0.2492481 , -3.9246004 , -0.007985209
-0.28252828 , -3.0285957 , -0.005886799
-0.26748103 , -3.3519964 , -0.0055652675
-0.25454503 , -3.6397448 , -0.0034664867
-0.2972004 , -2.8275754 , 0.00089297
-0.27872807 , -3.1045275 , -0.00029421746
-0.26258048 , -3.3847642 , 0.0006522124
-0.24860412 , -3.620355 , 0.0025774434
-0.293498 , -2.919407 , 0.006331188
-0.27426374 , -3.1622272 , 0.005448074
-0.25697154 , -3.3953364 , 0.0069565666
-0.24199837 , -3.5813153 , 0.008327944
-0.2895002 , -2.993951 , 0.0117556285
-0.26911688 , -3.2006574 , 0.011368535
-0.25062895 , -3.383443 , 0.01324182
-0.23459508 , -3.5250316 , 0.013714984
-0.2848944 , -3.051356 , 0.017219758
-0.2632465 , -3.218665 , 0.01746355
-0.24356768 , -3.3496046 , 0.019375643
-0.30539903 , -2.9733148 , 0.024285818
-0.27958226 , -3.0913122 , 0.022790957
-0.25660217 , -3.2152102 , 0.02369523
-0.23584272 , -3.2952464 , 0.025222182
-0.30000767 , -3.0281625 , 0.029686095
-0.27353278 , -3.1130471 , 0.02852197
-0.24914743 , -3.1895993 , 0.02998936
-0.22751977 , -3.2226639 , 0.030668717
-0.29434162 , -3.0658793 , 0.035043817
-0.2667103 , -3.1155016 , 0.034431584
-0.24088332 , -3.1417232 , 0.036233388
-0.21857499 , -3.1348467 , 0.035639886
-0.2880672 , -3.086738 , 0.040435422
-0.18722056 , -2.2137954 , 0.120802045
-0.13801719 , -1.6638404 , 0.11524401
-0.29078123 , -3.1679068 , 0.12641908
-0.22939676 , -2.6031427 , 0.12565167
-0.16950954 , -2.0078316 , 0.12614346
-0.34382862 , -3.6444592 , 0.13472356
-0.27575368 , -3.028126 , 0.13166282
-0.21229362 , -2.4237 , 0.13124289
-0.15130214 , -1.7856296 , 0.13090707
-0.32805228 , -3.5150084 , 0.13924047
-0.25972286 , -2.8710182 , 0.13692921
-0.19407876 , -2.2250373 , 0.1367726
-0.13311896 , -1.5514834 , 0.13465257
-0.3120775 , -3.3722703 , 0.14407097
-0.24260096 , -2.6962864 , 0.14220046
-0.17481878 , -2.007595 , 0.14215904
-0.1157706 , -1.3127606 , 0.13678715
-0.2955837 , -3.214167 , 0.1491036
-0.22434935 , -2.5036848 , 0.14746635
-0.15464881 , -1.7723751 , 0.14729197
-0.35710406 , -3.803132 , 0.15764302
-0.27824008 , -3.0396922 , 0.15412754
-0.2049572 , -2.293063 , 0.15269691
-0.13382255 , -1.5211593 , 0.15200052
-0.33856964 , -3.6390948 , 0.16194601
-0.25986853 , -2.8487337 , 0.15908174
-0.1844411 , -2.064513 , 0.15783985
-0.112844236 , -1.2570832 , 0.15593293
-0.32015795 , -3.462156 , 0.16676697
-0.24040398 , -2.6412706 , 0.16397831
-0.1628533 , -1.8185102 , 0.16282547
-0.09278302 , -0.98627156 , 0.15829778
-0.30127984 , -3.2695515 , 0.17166469
-0.21982199 , -2.4171836 , 0.16881739
-0.14029373 , -1.5560278 , 0.1675713
-0.3714347 , -3.9658017 , 0.18032813
-0.28150818 , -3.0610216 , 0.17636788
-0.19811617 , -2.1764078 , 0.17357178
-0.11693454 , -1.2786331 , 0.17198353
-0.3500837 , -3.769541 , 0.18459354
-0.26070324 , -2.8370392 , 0.18088897
-0.1753018 , -1.9191191 , 0.17819318
-0.09310827 , -0.9885884 , 0.17593369
-0.329262 , -3.55939 , 0.1895331
-0.2388322 , -2.5977707 , 0.18527015
-0.15142478 , -1.6458842 , 0.18261823
-0.069680676 , -0.6894107 , 0.17900522
-0.30789497 , -3.3328571 , 0.19415446
-0.21588081 , -2.3431718 , 0.18951775
-0.12656921 , -1.3577822 , 0.18677106
-0.38663435 , -4.1305385 , 0.20287246
-0.28558075 , -3.091167 , 0.19832873
-0.19184393 , -2.0732567 , 0.1936164
-0.100865826 , -1.0565065 , 0.19056779
-0.24158065 , -4.130331 , -0.059193484
-0.1936391 , -5.534063 , -0.059023164
-0.3216656 , -1.7349288 , -0.057582654
-0.27724966 , -3.0781024 , -0.05803555
-0.22926266 , -4.438022 , -0.0562416
-0.17951256 , -5.804549 , -0.058198452
-0.31287742 , -2.077691 , -0.055510134
-0.26573616 , -3.393118 , -0.055134222
-0.21620244 , -4.7333555 , -0.05351843
-0.16504407 , -6.046177 , -0.058353577
-0.30301884 , -2.406118 , -0.053162422
-0.2535514 , -3.6968925 , -0.052169073
-0.20234962 , -5.013713 , -0.051217724
-0.15070248 , -6.2537217 , -0.059263892
-0.29203844 , -2.7209904 , -0.05059014
-0.2406909 , -3.9890487 , -0.049214326
-0.18772931 , -5.2752767 , -0.04954398
-0.1364011 , -6.424294 , -0.060553644
-0.28014556 , -3.0229251 , -0.04784397
-0.22711259 , -4.26866 , -0.046370886
-0.1725143 , -5.513318 , -0.04862988
-0.31988928 , -2.1112385 , -0.04528851
-0.2674731 , -3.312251 , -0.04498307
-0.21276633 , -4.5340686 , -0.043772124
-0.1570481 , -5.7230806 , -0.048443142
-0.30870068 , -2.4152024 , -0.042890638
-0.25407544 , -3.5889316 , -0.042075116
-0.19763401 , -4.782736 , -0.041573275
-0.1417044 , -5.9009533 , -0.048777897
-0.29650733 , -2.7046652 , -0.04030994
-0.23995087 , -3.8524842 , -0.03920003
-0.18178232 , -5.011285 , -0.03991205
-0.12639007 , -6.0451694 , -0.04935703
-0.28340998 , -2.9800584 , -0.037584294
-0.225067 , -4.1018806 , -0.03645534
-0.16541015 , -5.215902 , -0.038845208
-0.32769328 , -2.164347 , -0.03504085
-0.2695056 , -3.2415988 , -0.0347646
-0.20939237 , -4.3354454 , -0.033955194
-0.1488406 , -5.3930945 , -0.038302064
-0.31502303 , -2.441461 , -0.032582972
-0.2548351 , -3.4891634 , -0.031916827
-0.19293681 , -4.550831 , -0.0318144
-0.13238858 , -5.5404773 , -0.038104855
-0.30149853 , -2.703293 , -0.029976744
-0.23939478 , -3.722189 , -0.029120296
-0.17579648 , -4.7451777 , -0.030113745
-0.115985125 , -5.657127 , -0.0380458
-0.2870991 , -2.9501011 , -0.027257418
-0.22315896 , -3.9395978 , -0.026464492
-0.15818217 , -4.915539 , -0.02885846
-0.33632994 , -2.236927 , -0.024753
-0.27188215 , -3.181968 , -0.0244707
-0.20611115 , -4.13977 , -0.02404123
-0.2609517 , -3.0786364 , 0.04652726
-0.15083133 , -3.0012233 , 0.044787627
-0.04457709 , -2.8812473 , 0.043751147
-0.34742388 , -3.1550775 , 0.048623744
-0.23366164 , -3.046904 , 0.04899079
-0.12214578 , -2.9201734 , 0.046785694
-0.017271379 , -2.7618775 , 0.047160495
-0.32034454 , -3.1402812 , 0.051616114
-0.20556574 , -2.9952254 , 0.051265012
-0.0928902 , -2.817717 , 0.048904978
0.009226815 , -2.632605 , 0.051122013
-0.2927306 , -3.1088881 , 0.054479375
-0.17668217 , -2.922741 , 0.05337728
-0.063265964 , -2.6954257 , 0.05132262
-0.38597772 , -3.2933397 , 0.056075484
-0.26441503 , -3.0600076 , 0.05714565
-0.14705345 , -2.8288875 , 0.05537468
-0.0335912 , -2.5560908 , 0.054239597
-0.357073 , -3.2572143 , 0.059166916
-0.2353326 , -2.992579 , 0.059609596
-0.11674744 , -2.7135355 , 0.05733437
-0.0043530413 , -2.4037955 , 0.05782797
-0.3280557 , -3.2055624 , 0.062226888
-0.20548162 , -2.9056735 , 0.061889432
-0.0858656 , -2.5771844 , 0.05937657
0.023855777 , -2.243653 , 0.06215099
-0.2985529 , -3.1379082 , 0.065105624
-0.17488934 , -2.7985814 , 0.06400793
-0.0545611 , -2.421246 , 0.061679278
-0.39829814 , -3.4433122 , 0.066555224
-0.268364 , -3.0531898 , 0.06776387
-0.14359954 , -2.6708436 , 0.06599974
-0.023084078 , -2.248411 , 0.06448719
-0.36731887 , -3.3696601 , 0.069780946
-0.23743716 , -2.950394 , 0.07022611
-0.111675926 , -2.522346 , 0.06792407
0.0081155 , -2.063037 , 0.06808028
-0.33634952 , -3.2815068 , 0.072896965
-0.20578967 , -2.82878 , 0.072515175
-0.07920823 , -2.3534796 , 0.06987657
0.038249288 , -1.8712211 , 0.072654285
-0.30491203 , -3.1779532 , 0.075757556
-0.17345655 , -2.6878192 , 0.074643455
-0.046318423 , -2.1653807 , 0.07200825
-0.4111296 , -3.6017818 , 0.077158764
-0.27279454 , -3.0577369 , 0.07838572
-0.14048314 , -2.5271676 , 0.07663283
-0.013183856 , -1.9603231 , 0.07456255
-0.3781241 , -3.4911745 , 0.08055065
-0.23997883 , -2.92001 , 0.080838494
-0.10693468 , -2.3467495 , 0.07852814
0.019865025 , -1.7423756 , 0.07791289
-0.34520608 , -3.3672347 , 0.08367941
-0.20650165 , -2.7643013 , 0.0831299
-0.072903946 , -2.1468964 , 0.080402575
0.052054103 , -1.5181842 , 0.0824964
-0.3117852 , -3.2283134 , 0.08646375
-0.1724005 , -2.5902753 , 0.08525602
-0.038512148 , -1.9285133 , 0.0823672
-0.42437294 , -3.7668147 , 0.08804093
-0.27769008 , -3.0730402 , 0.089032635
-0.13772029 , -2.3977017 , 0.08722843
-0.00390646 , -1.6933436 , 0.08460559
-0.38944912 , -3.620437 , 0.09161579
-0.24295546 , -2.900934 , 0.09145704
-0.1025301 , -2.1865678 , 0.089084685
0.03070568 , -1.4445624 , 0.08747003
-0.35458636 , -3.4617817 , 0.09465385
-0.20762779 , -2.7118502 , 0.093720905
-0.06693385 , -1.9572188 , 0.0908876
0.06479327 , -1.188133 , 0.09161841
-0.31912553 , -3.2881088 , 0.09727831
-0.17173848 , -2.505626 , 0.09580147
-0.031073796 , -1.7104863 , 0.092723645
-0.4379347 , -3.936239 , 0.099490106
-0.2830224 , -3.0983126 , 0.099750385
-0.13533017 , -2.2821295 , 0.09770506
0.004873185 , -1.447808 , 0.09470959
-0.40125486 , -3.7561269 , 0.103199124
-0.2463621 , -2.8925285 , 0.10209616
-0.098476805 , -2.041426 , 0.09946944
0.04070311 , -1.1714408 , 0.09704253
-0.36441118 , -3.5640616 , 0.10593653
-0.2091784 , -2.6709151 , 0.104250595
-0.06129488 , -1.7839335 , 0.101158656
0.07610176 , -0.8853102 , 0.10024542
-0.3268579 , -3.3562167 , 0.10830682
-0.17148934 , -2.433426 , 0.10617898
-0.02395119 , -1.5105467 , 0.102858715
0.10957862 , -0.5983651 , 0.10576934
-0.28875947 , -3.1325898 , 0.11060954
-0.13333525 , -2.1800086 , 0.107891664
0.013328008 , -1.222731 , 0.10467173
-0.41348544 , -3.897062 , 0.11564451
-0.250198 , -2.8940396 , 0.11273448
-0.09479632 , -1.9108179 , 0.10943714
0.050234627 , -0.9225784 , 0.10670697
-0.37452433 , -3.6726668 , 0.11774085
-0.21116929 , -2.6408863 , 0.11457776
-0.056000758 , -1.6263751 , 0.11088791
0.0862955 , -0.6127716 , 0.10906544
-0.33489886 , -3.431185 , 0.11976258
-0.17168006 , -2.3731465 , 0.11613525
-0.017139984 , -1.3277185 , 0.112352796
0.12022843 , -0.2970343 , 0.11233965
-0.294883 , -3.1747255 , 0.121576376
-0.13175817 , -2.090798 , 0.117404856
0.021541275 , -1.0164587 , 0.113888085
-0.28393388 , -1.3383611 , -0.18218796
-0.30119187 , -1.7921889 , -0.09699693
-0.33802783 , -2.7122278 , 0.0031154503
-0.39454234 , -3.7497344 , 0.10890674
-0.28639963 , -1.368819 , -0.16310565
-0.30839682 , -1.968203 , -0.07410282
-0.35117853 , -2.9639344 , 0.028410172
-0.41091877 , -3.9830759 , 0.1345735
-0.29025808 , -1.4386845 , -0.1432638
-0.31711283 , -2.1728296 , -0.050377883
-0.36573353 , -3.2238116 , 0.053837553
-0.42737997 , -4.2003446 , 0.16130432
-0.2952644 , -1.548236 , -0.12246361
-0.327423 , -2.4017427 , -0.025966164
-0.3814845 , -3.4861627 , 0.07928093
-0.2812893 , -1.2365111 , -0.18533704
-0.30143607 , -1.6953901 , -0.10067235
-0.33935848 , -2.6502976 , -0.0010412089
-0.3981325 , -3.7447157 , 0.104719356
-0.28474933 , -1.2652365 , -0.16626613
-0.30891988 , -1.8768018 , -0.07793285
-0.35288492 , -2.9135306 , 0.024215361
-0.4152948 , -3.992632 , 0.13034348
-0.28958073 , -1.3347051 , -0.1465614
-0.3178776 , -2.0884466 , -0.05434139
-0.3678924 , -3.1861026 , 0.049633075
-0.43257514 , -4.2230563 , 0.15685512
-0.29523388 , -1.4456779 , -0.12593116
-0.32843238 , -2.3258963 , -0.030036625
-0.38418546 , -3.4621964 , 0.07508382
-0.27696973 , -1.1336834 , -0.18848404
-0.30180323 , -1.5960871 , -0.10431195
-0.3406455 , -2.5844085 , -0.005187139
-0.40147182 , -3.735353 , 0.100529514
-0.28275007 , -1.1604519 , -0.1693683
-0.30954912 , -1.7825015 , -0.08173281
-0.35450512 , -2.8589222 , 0.020025473
-0.41935498 , -3.9983127 , 0.1261199
-0.2890846 , -1.229122 , -0.1498063
-0.31871337 , -2.000794 , -0.05828124
-0.36991814 , -3.1440012 , 0.04542775
-0.43734264 , -4.243102 , 0.15244946
-0.29547235 , -1.3410965 , -0.12935556
-0.32947072 , -2.2464397 , -0.034089457
-0.38670057 , -3.433729 , 0.07088296
-0.26987037 , -1.0295655 , -0.19129655
-0.3024054 , -1.4943502 , -0.107915565
-0.34191674 , -2.5146055 , -0.009321773
-0.40456504 , -3.7215247 , 0.09633607
-0.28130892 , -1.0544325 , -0.17239924
-0.3103553 , -1.6853722 , -0.085503116
-0.356063 , -2.8001392 , 0.015840286
-0.42310292 , -3.9998665 , 0.12189885
-0.28927672 , -1.121973 , -0.15299745
-0.3196676 , -1.9099376 , -0.062196936
-0.37183234 , -3.097515 , 0.04122248
-0.44177556 , -4.2600403 , 0.14807741
-0.29621944 , -1.2345519 , -0.13273858
-0.33057287 , -2.1634316 , -0.03812433
-0.38905102 , -3.4007335 , 0.06667821
-0.46536186 , -4.539585 , 0.17688419
-0.33024496 , -0.01004112 , -0.15903638
-0.35530573 , -1.2003465 , -0.06972411
-0.4225081 , -2.9651592 , 0.03294262
-0.5213739 , -4.7965045 , 0.1395615
-0.28756618 , -0.6507383 , -0.26699436
-0.271376 , -0.89334697 , -0.2592865
-0.30701485 , -0.07672781 , -0.25693244
-0.29647073 , -0.33315966 , -0.24942069
-0.2865948 , -0.58831704 , -0.241305
-0.27712393 , -0.83826727 , -0.2327195
-0.2992631 , -0.08155019 , -0.23040445
-0.291547 , -0.3506387 , -0.2215897
-0.2844111 , -0.61278355 , -0.21255584
-0.27773422 , -0.86673635 , -0.20337044
-0.27240285 , -1.1117711 , -0.19413465
-0.2887864 , -0.4679321 , -0.19063407
-0.28355652 , -0.7312116 , -0.18099171
-0.2787391 , -0.98428 , -0.17124704
-0.2747485 , -1.2265946 , -0.16142991
-0.2723361 , -1.4576638 , -0.15154397
-0.28574362 , -0.9421155 , -0.14705847
-0.28236386 , -1.1898178 , -0.13673624
-0.2795584 , -1.4249064 , -0.12633675
-0.2776974 , -1.6468601 , -0.115863964
-0.29218668 , -1.2416836 , -0.11100495
-0.2898929 , -1.47983 , -0.10013723
-0.28808403 , -1.7034816 , -0.08920156
-0.28687727 , -1.9121329 , -0.07820674
-0.28644678 , -2.1052933 , -0.06715791
-0.3023291 , -1.8496665 , -0.06173518
-0.30127582 , -2.0577056 , -0.05036153
-0.30060676 , -2.248971 , -0.03895238
-0.30041558 , -2.4230378 , -0.027520461
-0.30069053 , -2.5795062 , -0.016067252
-0.31992677 , -2.4815474 , -0.01020252
-0.31953132 , -2.6513455 , 0.0014863897
-0.31942958 , -2.8024125 , 0.013168118
-0.31958854 , -2.934441 , 0.0248337
-0.34480765 , -2.96725 , 0.030852139
-0.34416237 , -3.1114812 , 0.04267985
-0.34383187 , -3.2356524 , 0.054479804
-0.3436737 , -3.3395433 , 0.066234216
-0.34349847 , -3.4230008 , 0.07791145
-0.37484273 , -3.619703 , 0.08425466
-0.37378278 , -3.713037 , 0.096079625
-0.37297258 , -3.784976 , 0.10784413
-0.37217245 , -3.835454 , 0.119487375
-0.37097284 , -3.8646908 , 0.13092358
-0.40915143 , -4.223177 , 0.1379614
-0.4072366 , -4.2588162 , 0.14980522
-0.40554294 , -4.2717166 , 0.16144441
-0.4035017 , -4.262673 , 0.17264819
-0.44963917 , -4.755005 , 0.18103755
-0.4457956 , -4.748502 , 0.19351186
-0.44281867 , -4.7166724 , 0.20561856
-0.43919563 , -4.6617994 , 0.21671851
-0.28819394 , -0.7966852 , -0.117315225
-0.33047977 , 0.0326927 , -0.11490003
-0.326438 , -0.21485262 , -0.10890736
-0.32021448 , -0.466887 , -0.10349092
-0.31153598 , -0.7175901 , -0.099057876
-0.30266684 , -0.9626825 , -0.09531695
-0.3472515 , -0.19764283 , -0.09033396
-0.34046718 , -0.46177834 , -0.08611595
-0.3328381 , -0.71918046 , -0.0820423
-0.32521808 , -0.9685732 , -0.07800856
-0.36847395 , -0.2845303 , -0.073876075
-0.36165375 , -0.5527742 , -0.06965604
-0.35441038 , -0.81169116 , -0.06538301
-0.34719196 , -1.0606458 , -0.06103984
-0.34080017 , -1.299126 , -0.056610227
-0.38425872 , -0.73955417 , -0.05296821
-0.37720233 , -0.99527067 , -0.0484658
-0.37006038 , -1.2391754 , -0.043877076
-0.36322117 , -1.470743 , -0.039204918
-0.35713682 , -1.6894506 , -0.034445226
-0.40212178 , -1.266643 , -0.031113453
-0.3948466 , -1.5012532 , -0.026352972
-0.3875961 , -1.7216448 , -0.021515552
-0.38062274 , -1.9273084 , -0.016603746
-0.42985207 , -1.6214414 , -0.013410319
-0.42230985 , -1.8425667 , -0.008532219
-0.41450867 , -2.0476437 , -0.003585825
-0.40672585 , -2.236214 , 0.0014230111
-0.39905134 , -2.4078405 , 0.006485273
-0.4529671 , -2.2575264 , 0.009434925
-0.44436702 , -2.4431345 , 0.014449359
-0.43563637 , -2.6106093 , 0.01951361
-0.4268436 , -2.759597 , 0.024616787
-0.41793403 , -2.8897827 , 0.029759752
-0.477373 , -2.9008582 , 0.03244322
-0.46739358 , -3.043238 , 0.037536837
-0.45729455 , -3.165787 , 0.042659596
-0.44700295 , -3.2682884 , 0.047814563
-0.5134319 , -3.411678 , 0.050282307
-0.5018427 , -3.5249448 , 0.05539871
-0.49004728 , -3.617216 , 0.060546223
-0.47809854 , -3.688345 , 0.06573413
-0.46579468 , -3.7383268 , 0.070998274
-0.5387148 , -4.0448117 , 0.07305727
-0.52453375 , -4.102723 , 0.07826168
-0.51034695 , -4.138295 , 0.08356743
-0.4959403 , -4.151724 , 0.089107655
-0.4812302 , -4.144023 , 0.095083736
-0.56012297 , -4.6103215 , 0.09579769
-0.54268193 , -4.6045523 , 0.10139926
-0.5252644 , -4.5749164 , 0.10777069
-0.5081279 , -4.524376 , 0.11549575
-0.5954946 , -5.1305437 , 0.113650784
-0.26452804 , -8.558871 , -0.2426607
-0.27128965 , -8.432307 , -0.23524435
-0.25298825 , -8.9315195 , -0.23878512
-0.25972524 , -8.760258 , -0.23019123
-0.26636368 , -8.582033 , -0.2212525
-0.2724794 , -8.397537 , -0.2122903
-0.27806836 , -8.20751 , -0.2033187
-0.28300226 , -8.012663 , -0.19443445
-0.2874203 , -7.8136044 , -0.18551959
-0.29130897 , -7.6108646 , -0.176598
-0.29474118 , -7.4049196 , -0.16761631
-0.29772723 , -7.1962023 , -0.15859641
-0.30029285 , -6.985109 , -0.14952523
-0.30245084 , -6.7719955 , -0.14042787
-0.27252153 , -6.9306273 , -0.13367306
-0.2732283 , -6.6791024 , -0.12324057
-0.27329543 , -6.4282227 , -0.112824626
-0.2727671 , -6.178336 , -0.10240738
-0.27169314 , -5.9297423 , -0.0919988
-0.27012387 , -5.682719 , -0.081589065
-0.2681093 , -5.437526 , -0.07118888
-0.26569888 , -5.1944127 , -0.060795445
-0.26294225 , -4.9536204 , -0.05041953
-0.25989175 , -4.715382 , -0.04006134
-0.2566056 , -4.4799256 , -0.029727014
-0.2531537 , -4.247474 , -0.019408923
-0.20023954 , -4.0319853 , -0.00253866
-0.1950804 , -3.7767568 , 0.008339279
-0.18933225 , -3.5265634 , 0.01903473
-0.18309382 , -3.281546 , 0.029571304
-0.17645177 , -3.0418174 , 0.03996223
-0.16947806 , -2.8074813 , 0.050211534
-0.16224106 , -2.5786388 , 0.060319785
-0.15480536 , -2.355386 , 0.07028843
-0.14723788 , -2.1378217 , 0.0801178
-0.13961688 , -1.9260482 , 0.08982044
-0.1320385 , -1.7201816 , 0.09941635
-0.12464332 , -1.5203606 , 0.10896204
-0.048736118 , -0.9991274 , 0.12947102
-0.040148232 , -0.79468405 , 0.13854004
-0.03112513 , -0.5970372 , 0.14740928
-0.022232505 , -0.40571484 , 0.15595104
-0.013262664 , -0.2204994 , 0.1644803
-0.004331435 , -0.041743167 , 0.17236106
0.0050447565 , 0.12907721 , 0.17918552
-0.18619983 , -8.724419 , -0.13373624
-0.18457583 , -8.591707 , -0.12833942
-0.18212527 , -8.451975 , -0.12417369
-0.17803259 , -8.305126 , -0.121097594
-0.17389275 , -8.151342 , -0.117381856
-0.14081475 , -8.580453 , -0.09158369
-0.13678473 , -8.381333 , -0.08855704
-0.13298266 , -8.177376 , -0.0854803
-0.12910801 , -7.9693413 , -0.082571164
-0.12536111 , -7.7578464 , -0.07940653
-0.12165233 , -7.5434117 , -0.07611872
-0.11795308 , -7.3265 , -0.07256644
-0.11424115 , -7.1075335 , -0.06880929
-0.11045205 , -6.8869057 , -0.064782456
-0.106554896 , -6.664984 , -0.06051448
-0.10245933 , -6.442113 , -0.055962272
-0.09808334 , -6.21861 , -0.051124334
-0.05627 , -6.2857246 , -0.031718887
-0.050303366 , -6.027506 , -0.027453601
-0.044688385 , -5.7711763 , -0.023096532
-0.03930599 , -5.517011 , -0.018578066
-0.03407434 , -5.2652655 , -0.01387823
-0.028931988 , -5.0161734 , -0.008982675
-0.023830011 , -4.769956 , -0.0038996395
-0.018725518 , -4.526824 , 0.0013656328
-0.013578941 , -4.286982 , 0.0067969672
-0.008351525 , -4.0506287 , 0.012383741
-0.0030040415 , -3.8179603 , 0.018109584
0.002499588 , -3.58918 , 0.023966817
0.06172867 , -3.2906132 , 0.035645787
0.06885545 , -3.0433204 , 0.04112476
0.07555526 , -2.8017955 , 0.046643686
0.08193134 , -2.566116 , 0.05222869
0.08805006 , -2.3363574 , 0.057897575
0.0939674 , -2.1125865 , 0.063638024
0.09971744 , -1.894862 , 0.06944959
0.10533872 , -1.6832348 , 0.07529944
0.11087913 , -1.4777527 , 0.08114226
0.116356455 , -1.278473 , 0.08691318
0.121803656 , -1.0854805 , 0.09250886
0.12692729 , -0.89895153 , 0.098017626
0.20306022 , -0.32748747 , 0.10301704
0.21002683 , -0.13879718 , 0.109083675
0.21690956 , 0.045144178 , 0.114809945
0.22290717 , 0.22392555 , 0.121006966
-0.19981706 , -9.048718 , -0.17764242
-0.2918612 , -4.163493 , -0.28415433
-0.26145414 , -4.880029 , -0.28448987
-0.22884245 , -5.6031427 , -0.2849006
-0.31240553 , -3.6927013 , -0.2830113
-0.2839155 , -4.3633122 , -0.2829547
-0.25398275 , -5.043518 , -0.2833702
-0.22133853 , -5.7323146 , -0.28402463
-0.3034841 , -3.9138849 , -0.28142628
-0.2762755 , -4.544922 , -0.28179818
-0.24685907 , -5.189298 , -0.28225607
-0.21380803 , -5.8447886 , -0.28321233
-0.29556832 , -4.114917 , -0.27999806
-0.26900283 , -4.708574 , -0.28065863
-0.2400578 , -5.317404 , -0.28115955
-0.2060459 , -5.9406104 , -0.28245744
-0.28813478 , -4.296554 , -0.27869865
-0.26213905 , -4.854378 , -0.27951568
-0.23352483 , -5.427897 , -0.2800936
-0.30540878 , -3.9582167 , -0.2771239
-0.2810849 , -4.459468 , -0.27749476
-0.25570276 , -4.982332 , -0.27835894
-0.22717175 , -5.520844 , -0.2790674
-0.296862 , -4.1412954 , -0.27550736
-0.27444452 , -4.6041794 , -0.27634948
-0.24969041 , -5.09237 , -0.27718914
-0.22086498 , -5.5962753 , -0.27808458
-0.28967607 , -4.3039455 , -0.2740658
-0.26825747 , -4.7310133 , -0.27522507
-0.24407524 , -5.184411 , -0.27601507
-0.21440814 , -5.654147 , -0.27714583
-0.28319845 , -4.44708 , -0.27277574
-0.26255488 , -4.8400803 , -0.27408972
-0.2388041 , -5.258383 , -0.27484775
-0.20759332 , -5.694326 , -0.27624738
-0.2772518 , -4.5715303 , -0.27160278
-0.25734958 , -4.931314 , -0.27292463
-0.23379157 , -5.314213 , -0.2736963
-0.28853336 , -4.389411 , -0.26914617
-0.27182212 , -4.677947 , -0.27050197
-0.25263634 , -5.0045404 , -0.27172586
-0.22890691 , -5.3518047 , -0.27256763
-0.28227827 , -4.5119205 , -0.26773226
-0.26692933 , -4.7667165 , -0.26942277
-0.24839021 , -5.0595503 , -0.27049977
-0.22395575 , -5.371023 , -0.271469
-0.27695936 , -4.6149774 , -0.26649278
-0.26258948 , -4.8379292 , -0.26832128
-0.24456298 , -5.0961323 , -0.26925635
-0.21875015 , -5.3716908 , -0.27040717
-0.27232325 , -4.6995783 , -0.26539093
-0.2588083 , -4.891431 , -0.26717108
-0.24107593 , -5.114078 , -0.2680052
-0.27839848 , -4.657611 , -0.2624543
-0.2683122 , -4.7664976 , -0.26437056
-0.32660422 , -3.4460359 , -0.21883869
-0.16257477 , -6.706328 , -0.22195731
-0.23132019 , -5.4263177 , -0.2218214
-0.2907696 , -4.258685 , -0.2194059
-0.34133562 , -3.114823 , -0.21627848
-0.17656986 , -6.4364095 , -0.22221151
-0.24564953 , -5.1504946 , -0.21991993
-0.30616438 , -3.9515476 , -0.2169175
-0.35614023 , -2.7609982 , -0.21361539
-0.19116203 , -6.1579795 , -0.22065982
-0.26092514 , -4.8586736 , -0.2176811
-0.32249945 , -3.62369 , -0.21423349
-0.27353945 , -1.4174951 , -0.13173066
-0.2667225 , -3.2832398 , -0.13655852
-0.25281549 , -5.059061 , -0.13581748
-0.24041115 , -6.8635755 , -0.13286316
-0.27372003 , -1.8938378 , -0.1349074
-0.2631107 , -3.7241187 , -0.13892023
-0.2503609 , -5.49554 , -0.13734774
-0.23975076 , -7.303465 , -0.13554431
-0.27109456 , -2.3603988 , -0.13829628
-0.25994936 , -4.160641 , -0.14107594
-0.24847993 , -5.931706 , -0.13887128
-0.24006481 , -7.7324767 , -0.13938917
-0.2679973 , -2.817092 , -0.14145601
-0.2572741 , -4.5935764 , -0.14302213
-0.24721292 , -6.36656 , -0.14054246
-0.24168426 , -8.144275 , -0.1439976
-0.26500872 , -3.2646513 , -0.1443641
-0.25511357 , -5.023557 , -0.14479156
-0.2466147 , -6.7980523 , -0.14256364
-0.26689512 , -1.8821796 , -0.14200076
-0.26233327 , -3.7039938 , -0.1470044
-0.2534973 , -5.450891 , -0.14644945
-0.2467222 , -7.222712 , -0.14520079
-0.26622862 , -2.3525903 , -0.14548692
-0.24938934 , -6.792361 , -0.14728853
-0.26338646 , -1.9249293 , -0.14613353
-0.26159805 , -3.730917 , -0.15102695
-0.2547719 , -5.459713 , -0.1508368
-0.24987084 , -7.2078156 , -0.14992228
-0.26349416 , -2.3932705 , -0.14944427
-0.25980935 , -4.1591144 , -0.1534678
-0.25418663 , -5.877112 , -0.152545
-0.2508357 , -7.611623 , -0.15305184
-0.26245034 , -2.8482373 , -0.15285619
-0.2584728 , -4.57985 , -0.15565345
-0.2542071 , -6.2894254 , -0.15437531
-0.2522723 , -8.002785 , -0.15609854
-0.26117313 , -3.2900045 , -0.15603876
-0.25763625 , -4.9938574 , -0.15763566
-0.2548275 , -6.694814 , -0.15648083
-0.25566697 , -1.9572798 , -0.15469243
-0.26003882 , -3.7196362 , -0.15891805
-0.25733906 , -5.401481 , -0.15948908
-0.25595292 , -7.0907793 , -0.15894428
-0.25742698 , -2.4180532 , -0.15751654
-0.25922325 , -4.1383142 , -0.16149776
-0.25761196 , -5.802534 , -0.16131216
-0.25739983 , -7.475325 , -0.16159761
-0.2578622 , -2.8653781 , -0.16070238
-0.25882408 , -4.547086 , -0.16381158
-0.25846472 , -6.1961794 , -0.16322117
-0.25912744 , -7.8487306 , -0.1640485
-0.25785488 , -3.2982194 , -0.16384073
-0.25890562 , -4.9467254 , -0.165914
-0.25985548 , -6.580953 , -0.16531669
-0.2477292 , -2.0201209 , -0.16340466
-0.2578504 , -3.7170453 , -0.1667557
-0.2595138 , -5.337614 , -0.16787899
-0.26165846 , -6.955194 , -0.167599
-0.25069588 , -2.4678435 , -0.16592105
-0.2580834 , -4.122823 , -0.16940227
-0.19745274 , -3.3318903 , -0.21527009
-0.23935057 , -4.279937 , -0.21570416
-0.2737095 , -5.2182646 , -0.2160342
-0.3032172 , -6.155776 , -0.21574394
-0.20593774 , -3.6125054 , -0.21740973
-0.24762048 , -4.5201664 , -0.21765614
-0.28218308 , -5.421876 , -0.21786758
-0.31181613 , -6.329469 , -0.21727134
-0.21492775 , -3.8739738 , -0.21945462
-0.25623977 , -4.742709 , -0.21955815
-0.29111737 , -5.608746 , -0.21963032
-0.32048002 , -6.4883866 , -0.2187687
-0.22419329 , -4.116747 , -0.22140963
-0.26526737 , -4.9476705 , -0.22141698
-0.30049112 , -5.7791367 , -0.22131355
-0.1850686 , -3.5485706 , -0.22326216
-0.23372076 , -4.341188 , -0.22329004
-0.27474746 , -5.135129 , -0.22323607
-0.31026602 , -5.933345 , -0.22292079
-0.19479235 , -3.7947586 , -0.22532196
-0.24355052 , -4.5475664 , -0.22511323
-0.28470597 , -5.3051653 , -0.2250124
-0.32036343 , -6.07161 , -0.22447439
-0.2052612 , -4.0212626 , -0.22727193
-0.25373697 , -4.73606 , -0.22689617
-0.2951505 , -5.457899 , -0.22673877
-0.33059603 , -6.194019 , -0.22601296
-0.21611008 , -4.2287035 , -0.22911578
-0.26433578 , -4.9067607 , -0.22865257
-0.30607063 , -5.5934944 , -0.22841026
-0.17142662 , -3.7883284 , -0.23127608
-0.22726724 , -4.4176025 , -0.2308723
-0.27539563 , -5.059696 , -0.23038967
-0.31743172 , -5.7121224 , -0.2300318
-0.1824805 , -3.9979575 , -0.23325466
-0.2387476 , -4.588348 , -0.23256761
-0.28695208 , -5.194872 , -0.23210727
-0.32915214 , -5.8138986 , -0.2316217
-0.19452274 , -4.187522 , -0.23510884
-0.25059512 , -4.741174 , -0.23422918
-0.29902387 , -5.312306 , -0.23380074
-0.34106386 , -5.8988266 , -0.23320942
-0.2070536 , -4.357801 , -0.23684229
-0.26286474 , -4.8761644 , -0.23588009
-0.31160933 , -5.412037 , -0.23546726
-0.15642786 , -4.0507946 , -0.2393604
-0.21993741 , -4.5094714 , -0.23847637
-0.27561086 , -4.993285 , -0.2375339
-0.3246775 , -5.494101 , -0.23711093
-0.16892543 , -4.221845 , -0.24125575
-0.23316298 , -4.6430454 , -0.24004482
-0.28887787 , -5.0924425 , -0.23919407
-0.3381455 , -5.5584917 , -0.23874485
-0.18264666 , -4.3726244 , -0.24301031
-0.2467669 , -4.7588143 , -0.24158621
-0.30269343 , -5.1735315 , -0.24085821
-0.3518525 , -5.6051326 , -0.24038965
-0.19696486 , -4.504069 , -0.24462968
-0.2608069 , -4.856845 , -0.24313377
-0.31706265 , -5.236453 , -0.24252425
-0.13998789 , -4.3352666 , -0.24755621
-0.21167664 , -4.617012 , -0.24613841
-0.275345 , -4.9370255 , -0.2447078
-0.33195806 , -5.281105 , -0.24419469
-0.1540589 , -4.4659033 , -0.24937019
-0.22674422 , -4.7120814 , -0.24757904
-0.2904341 , -4.9991474 , -0.24631487
-0.34729746 , -5.3073597 , -0.24587741
-0.16957515 , -4.576227 , -0.25102264
-0.24220045 , -4.789611 , -0.24900243
-0.30610898 , -5.042971 , -0.2479537
-0.3629204 , -5.3150563 , -0.24758485
-0.18579036 , -4.667348 , -0.25252226
-0.25811017 , -4.8496222 , -0.25045192
-0.3223798 , -5.06826 , -0.24962193
-0.37870023 , -5.304001 , -0.24933104
-0.20243226 , -4.740264 , -0.25389948
-0.2745451 , -4.8919015 , -0.2519529
-0.33922192 , -5.074779 , -0.25132033
-0.13781524 , -4.7296634 , -0.25765836
-0.21943796 , -4.79571 , -0.25520957
-0.29156643 , -4.9161096 , -0.2535131
-0.3565551 , -5.062282 , -0.2530532
-0.15525469 , -4.7979894 , -0.25920436
-0.23684163 , -4.834027 , -0.25651777
-0.30921495 , -4.921871 , -0.2551305
-0.3742173 , -5.0305157 , -0.25482702
-0.17348006 , -4.847444 , -0.26057497
-0.25471982 , -4.855151 , -0.25787634
-0.32750434 , -4.9088197 , -0.25680143
-0.39207196 , -4.97923 , -0.25665015
-0.19215249 , -4.879208 , -0.26181036
-0.27315545 , -4.858735 , -0.25931248
-0.34641215 , -4.8765984 , -0.25852498
-0.12013719 , -5.012445 , -0.26618454
-0.21118937 , -4.894106 , -0.2629848
-0.29221752 , -4.8442945 , -0.26083225
-0.36586055 , -4.824853 , -0.26030356
-0.13964067 , -5.0373917 , -0.26762164
-0.23063415 , -4.8924303 , -0.2641806
-0.31195182 , -4.811322 , -0.26243097
-0.38568634 , -4.7532306 , -0.26214078
-0.15999061 , -5.044009 , -0.26885062
-0.25057924 , -4.8739734 , -0.26545542
-0.33237523 , -4.7593327 , -0.2641022
-0.4057097 , -4.6613994 , -0.26404196
-0.18078816 , -5.0336947 , -0.26992947
-0.27111882 , -4.8382196 , -0.26683345
-0.35346717 , -4.687866 , -0.26584285
-0.100972086 , -5.3135805 , -0.27503848
-0.20194386 , -5.007328 , -0.27096197
-0.29232815 , -4.7845345 , -0.268316
-0.3751518 , -4.596477 , -0.26765472
-0.12269497 , -5.2938833 , -0.2763616
-0.22352158 , -4.965071 , -0.2720483
-0.3142575 , -4.71228 , -0.26989442
-0.3972663 , -4.484718 , -0.26954278
-0.14528273 , -5.256646 , -0.2774284
-0.24563229 , -4.906503 , -0.2732445
-0.33692753 , -4.6208615 , -0.27155843
-0.41957653 , -4.352152 , -0.27151343
-0.16829026 , -5.2035255 , -0.2783299
-0.26837865 , -4.8309145 , -0.27456552
-0.36032048 , -4.509733 , -0.27330118
-0.080275126 , -5.6322613 , -0.2843338
-0.19164605 , -5.135385 , -0.27921358
-0.2918398 , -4.7375207 , -0.2760058
-0.38436288 , -4.3783827 , -0.27512297
-0.10439005 , -5.5667787 , -0.2855374
-0.21544832 , -5.05213 , -0.2801925
-0.3160698 , -4.6255608 , -0.2775526
-0.4088927 , -4.226291 , -0.2770327
-0.12932153 , -5.484848 , -0.2864089
-0.2398248 , -4.9530597 , -0.2813083
-0.3410943 , -4.4943337 , -0.2791917
-0.4336281 , -4.052913 , -0.27904493
-0.15460877 , -5.3884354 , -0.28710544
-0.26488099 , -4.837263 , -0.28256074
-0.36690098 , -4.3432155 , -0.2809109
-0.058006097 , -5.967652 , -0.29424268
-0.18024115 , -5.2782307 , -0.2878344
-0.2906968 , -4.7038193 , -0.28393695
-0.39342156 , -4.1716433 , -0.28270587
-0.08470837 , -5.855319 , -0.29531154
-0.20636234 , -5.1537156 , -0.28870237
-0.31732932 , -4.551851 , -0.28542152
-0.42049682 , -3.9790707 , -0.28458774
-0.11207118 , -5.7280545 , -0.2959282
-0.23310722 , -5.013865 , -0.289719
-0.34480986 , -4.3805532 , -0.28699782
-0.44781226 , -3.7648795 , -0.28658667
-0.1396894 , -5.588152 , -0.29638535
-0.26057658 , -4.8575954 , -0.29086632
-0.37313494 , -4.1892133 , -0.2886496
-0.034121387 , -6.318873 , -0.30503073
-0.16767731 , -5.4358006 , -0.2969525
-0.2888485 , -4.683869 , -0.2921265
-0.40224752 , -3.977216 , -0.29036477
-0.06364172 , -6.158642 , -0.30592513
-0.19621888 , -5.269874 , -0.29768366
-0.31798223 , -4.491705 , -0.2934841
-0.43199936 , -3.7440193 , -0.29214764
-0.093484476 , -5.9856944 , -0.30617943
-0.22543746 , -5.0890555 , -0.29854262
-0.34801456 , -4.2801943 , -0.29492426
-0.46206412 , -3.489019 , -0.29404
-0.12347345 , -5.8024592 , -0.30635944
-0.25542316 , -4.892137 , -0.29949933
-0.3789518 , -4.0485215 , -0.29643208
-0.49179566 , -3.2113268 , -0.2961391
-0.15391333 , -5.6080284 , -0.3067322
-0.28625128 , -4.6779895 , -0.30053768
-0.41075432 , -3.7959874 , -0.29799223
-0.04117738 , -6.4757476 , -0.31776536
-0.1849862 , -5.400602 , -0.3072276
-0.31798232 , -4.4455414 , -0.30164945
-0.4433011 , -3.5220215 , -0.29959464
-0.07348293 , -6.25728 , -0.31746072
-0.21678491 , -5.1786947 , -0.30777553
-0.35065725 , -4.1937866 , -0.30283052
-0.47629112 , -3.2261112 , -0.30126357
-0.10591206 , -6.0312486 , -0.3173106
-0.24938837 , -4.9410257 , -0.308357
-0.3842909 , -3.9218018 , -0.30407685
-0.5088677 , -2.9074407 , -0.30313814
-0.13893563 , -5.7948227 , -0.31729552
-0.28286937 , -4.686395 , -0.30898172
-0.41886112 , -3.6287687 , -0.30538028
-0.017230118 , -6.8055234 , -0.3316031
-0.1726562 , -5.5458255 , -0.317214
-0.3172894 , -4.4136543 , -0.30967227
-0.45428476 , -3.3139973 , -0.30672455
-0.051956113 , -6.542865 , -0.33041635
-0.20713617 , -5.282754 , -0.31706962
-0.35269302 , -4.1217117 , -0.31045142
-0.49033976 , -2.976939 , -0.308086
-0.087035194 , -6.274601 , -0.32934976
-0.24244879 , -5.0042877 , -0.3169471
-0.38910174 , -3.8095465 , -0.31133094
-0.52625716 , -2.6170433 , -0.3095185
-0.122792505 , -5.9960856 , -0.32787797
-0.27866864 , -4.70917 , -0.31694517
-0.42650706 , -3.4762194 , -0.3123069
-0.28333637 , -1.3815469 , -0.2150702
-0.2757008 , -2.3811421 , -0.24636598
-0.22495295 , -4.091306 , -0.25771058
-0.125383 , -6.1109385 , -0.2644664
-0.28374827 , -1.5042661 , -0.22466713
-0.26812646 , -2.7275624 , -0.25052872
-0.20493945 , -4.5597186 , -0.2589276
-0.093943864 , -6.61837 , -0.2688679
-0.28344998 , -1.6955595 , -0.23302966
-0.25764993 , -3.114261 , -0.25363225
-0.18178312 , -5.0484734 , -0.2601107
-0.059915114 , -7.1284394 , -0.27720132
-0.28145963 , -1.9458596 , -0.24000633
-0.24407092 , -3.5368254 , -0.2558834
-0.15554394 , -5.553222 , -0.26162368
-0.28084517 , -1.2604228 , -0.21348372
-0.27712747 , -2.2485116 , -0.24560802
-0.22727284 , -3.990361 , -0.25750622
-0.12632741 , -6.0696325 , -0.26397553
-0.2824218 , -1.3749974 , -0.22321945
-0.27003092 , -2.5987918 , -0.2499526
-0.2071977 , -4.470427 , -0.2587542
-0.09425063 , -6.5936193 , -0.26800728
-0.28336203 , -1.5616633 , -0.23184085
-0.2598964 , -2.9913888 , -0.2532246
-0.18385594 , -4.97221 , -0.2599224
-0.05899664 , -7.121635 , -0.27549365
-0.28233477 , -1.8102479 , -0.23898412
-0.2465305 , -3.4218984 , -0.2555768
-0.15730771 , -5.491265 , -0.26134405
-0.27665722 , -1.1411195 , -0.21215583
-0.27870804 , -2.1136122 , -0.24484754
-0.22982402 , -3.88508 , -0.2573037
-0.12766916 , -6.023063 , -0.26352635
-0.28065777 , -1.246326 , -0.22183153
-0.27212158 , -2.4671595 , -0.24936135
-0.20971668 , -4.376491 , -0.25858113
-0.0951004 , -6.5634184 , -0.2672137
-0.28338143 , -1.4273096 , -0.23045233
-0.26234853 , -2.8650937 , -0.2527349
-0.18622166 , -4.8910294 , -0.25971955
-0.05983326 , -7.108858 , -0.27396438
-0.28345075 , -1.673325 , -0.23827587
-0.24921294 , -3.3031127 , -0.25538415
-0.15939909 , -5.4241943 , -0.26112923
-0.26978317 , -1.0247265 , -0.20739283
-0.28054166 , -1.9765925 , -0.24364342
0.13156758 , 1.5381495 , 0.3166993
-0.048087273 , -0.3942342 , 0.23361841
0.069920346 , 0.9290385 , 0.29943374
0.19664249 , 2.1568062 , 0.32032248
0.00906148 , 0.2706015 , 0.26812378
0.13082913 , 1.5513687 , 0.3132277
0.26768166 , 2.7937632 , 0.31497696
0.06761627 , 0.9148922 , 0.29328257
0.19623457 , 2.1826885 , 0.31878442
0.004775513 , 0.22200403 , 0.2587703
0.12924595 , 1.5537426 , 0.3092517
0.2673968 , 2.83067 , 0.31604114
0.064388454 , 0.8887791 , 0.28649276
0.19499801 , 2.1978834 , 0.31671408
-0.0004918846 , 0.15956476 , 0.24868506
0.12681955 , 1.5453056 , 0.3047639
0.26621848 , 2.8566127 , 0.3161384
0.060219973 , 0.8503775 , 0.279021
0.19298014 , 2.2026303 , 0.31416276
-0.006754469 , 0.082884446 , 0.23787577
0.12353326 , 1.5259662 , 0.29974213
0.26421162 , 2.8718293 , 0.31552064
0.055088256 , 0.7992252 , 0.270822
0.1902139 , 2.197201 , 0.31115925
-0.014047655 , -0.008563996 , 0.2264207
0.1193554 , 1.4955467 , 0.2941528
0.26145563 , 2.8766246 , 0.31433213
0.048972826 , 0.73486656 , 0.26185358
0.1867061 , 2.181786 , 0.3077066
0.33900768 , 3.5736883 , 0.30943194
0.11423504 , 1.4536916 , 0.28795412
0.25803855 , 2.8714285 , 0.31267786
0.04185393 , 0.6567221 , 0.25208312
0.1824379 , 2.1564765 , 0.30378544
0.3352664 , 3.5767357 , 0.3098278
0.10809951 , 1.399973 , 0.28109953
0.25403172 , 2.8567355 , 0.3106245
0.03374098 , 0.5644152 , 0.24148574
0.17736903 , 2.1211522 , 0.2993621
0.33090007 , 3.5695372 , 0.30951342
0.100835435 , 1.3337568 , 0.27353993
0.24946855 , 2.8330178 , 0.30818966
0.024664694 , 0.45773312 , 0.23008338
0.17145178 , 2.075578 , 0.29439643
0.32608375 , 3.5526607 , 0.30872333
0.092262365 , 1.25438 , 0.26522377
0.24435756 , 2.8005002 , 0.3053476
0.014691803 , 0.33757156 , 0.2182208
0.16465254 , 2.0193028 , 0.28884345
0.32099223 , 3.5270083 , 0.30760106
-0.47040638 , -4.6000633 , 0.15577747
-0.4846483 , -4.863126 , 0.15968257
-0.50333565 , -5.027407 , 0.13646366
-0.46918324 , -4.6764207 , 0.15954463
-0.48214984 , -4.8511853 , 0.15307221
-0.45204377 , -4.4310937 , 0.15354343
-0.46579197 , -4.691049 , 0.15945919
-0.48082572 , -4.8320184 , 0.13941686
-0.45112973 , -4.508184 , 0.15805909
-0.4619887 , -4.671829 , 0.15418765
-0.4347048 , -4.267189 , 0.15103877
-0.44721577 , -4.5214653 , 0.15901646
-0.45882985 , -4.640247 , 0.14215519
-0.43329912 , -4.3436637 , 0.15637267
-0.44224262 , -4.4956527 , 0.15505132
-0.41804394 , -4.106845 , 0.14878942
-0.42896757 , -4.354976 , 0.15836129
-0.43738565 , -4.4523516 , 0.14463104
-0.41584244 , -4.184015 , 0.15435857
-0.42295086 , -4.3229923 , 0.15565914
-0.43251687 , -4.402053 , 0.12676962
-0.41107976 , -4.192295 , 0.15748951
-0.4165253 , -4.26866 , 0.14682026
-0.3989672 , -4.0296793 , 0.15193702
-0.40414062 , -4.154258 , 0.1560141
-0.4098409 , -4.2042227 , 0.13049704
-0.39359975 , -4.0342593 , 0.15636551
-0.3962716 , -4.0894866 , 0.14871143
-0.3826934 , -3.8807635 , 0.14920387
-0.38582858 , -3.989944 , 0.15611915
-0.38784906 , -4.0112906 , 0.13414992
-0.37660506 , -3.8816686 , 0.15492506
-0.3766389 , -3.9151583 , 0.15030204
-0.3668928 , -3.7379878 , 0.14628255
-0.36803153 , -3.8306193 , 0.1559681
-0.36656353 , -3.8236227 , 0.1375248
-0.360168 , -3.7350876 , 0.15311608
-0.35763466 , -3.7460477 , 0.15159431
-0.35147178 , -3.602718 , 0.14266461
-0.35077393 , -3.676936 , 0.15553871
-0.34600073 , -3.641561 , 0.14057231
-0.34430876 , -3.5950801 , 0.15093744
-0.3392638 , -3.5825624 , 0.15259023
-0.3332105 , -3.524345 , 0.12185639
-0.33409116 , -3.5295072 , 0.15479623
-0.32617033 , -3.4654515 , 0.14327618
-0.3290051 , -3.4623528 , 0.14842209
-0.32153174 , -3.4251814 , 0.1532864
-0.31165093 , -3.333468 , 0.12643105
-0.31801397 , -3.3889391 , 0.15370765
-0.30707708 , -3.2956383 , 0.1456329
-0.31423184 , -3.33799 , 0.14554688
-0.30444935 , -3.2744033 , 0.15367131
-0.29092297 , -3.1491535 , 0.13070424
-0.30255783 , -3.2558167 , 0.15225346
-0.28872257 , -3.132499 , 0.14764297
-0.2999988 , -3.2232366 , 0.14205426
-0.28803045 , -3.1307619 , 0.15372634
-0.27102953 , -2.9717321 , 0.13461156
-0.28772143 , -3.1308649 , 0.1504247
-0.27110857 , -2.9764261 , 0.14930572
-0.2863549 , -3.1194701 , 0.13728501
-0.2722885 , -2.9947796 , 0.15343076
-0.25197104 , -2.8015387 , 0.13813023
-0.27350414 , -3.0149262 , 0.14820455
-0.25423768 , -2.8278482 , 0.15061653
-0.23068626 , -2.610823 , 0.11900829
-0.2572305 , -2.8670297 , 0.15276526
-0.23374596 , -2.638904 , 0.1412541
-0.2599156 , -2.9090154 , 0.1455356
-0.23811401 , -2.6872005 , 0.1515664
-0.21085706 , -2.432821 , 0.124251544
-0.24285929 , -2.7481318 , 0.15171121
-0.2163516 , -2.4841766 , 0.14398246
-0.24698226 , -2.8141675 , 0.14226812
-0.22274064 , -2.5549498 , 0.15214291
-0.19196294 , -2.2628875 , 0.12905182
-0.22917686 , -2.638815 , 0.15024514
-0.19978529 , -2.3377101 , 0.14631455
-0.23474166 , -2.7314436 , 0.13811743
-0.20811902 , -2.4315815 , 0.15233131
-0.17399642 , -2.1013155 , 0.13339895
-0.21619147 , -2.5398688 , 0.14833128
-0.18404403 , -2.1998777 , 0.14824735
-0.14534275 , -1.8482509 , 0.11194843
-0.1942485 , -2.3176384 , 0.15211354
-0.15694922 , -1.9483938 , 0.13729307
-0.2039178 , -2.4521503 , 0.14591134
-0.16912445 , -2.0710638 , 0.14977463
-0.12676175 , -1.6794596 , 0.118204504
-0.1811292 , -2.2137089 , 0.1514664
-0.1408124 , -1.8044178 , 0.14073806
-0.19237666 , -2.3765054 , 0.14288911
-0.15502198 , -1.9516814 , 0.15088654
-0.109204486 , -1.519771 , 0.12395539
-0.16876361 , -2.1204429 , 0.15035924
-0.12557659 , -1.6696877 , 0.14373723
-0.18159106 , -2.3137667 , 0.13911945
-0.14173158 , -1.8421712 , 0.15156873
-0.09265551 , -1.3694199 , 0.12915781
-0.15715796 , -2.0385196 , 0.14875223
-0.111231826 , -1.5445156 , 0.14629102
-0.17158529 , -2.26471 , 0.13444676
-0.1292483 , -1.7430123 , 0.1518014
-0.07709877 , -1.2286361 , 0.13383178
-0.14632118 , -1.9686346 , 0.14659397
-0.09776765 , -1.4292291 , 0.14839564
-0.039149646 , -0.8947411 , 0.11261657
-0.11756846 , -1.6547177 , 0.15155837
-0.062517904 , -1.0976509 , 0.13799363
-0.13626295 , -1.9114779 , 0.14381778
-0.08517318 , -1.3241746 , 0.1500422
-0.023274412 , -0.74795824 , 0.11938011
-0.10669005 , -1.5778251 , 0.15080687
-0.048896104 , -0.97670007 , 0.1416554
-0.12699255 , -1.867711 , 0.14034031
-0.07343758 , -1.2297238 , 0.15121603
-0.008472545 , -0.6113175 , 0.12547018
-0.09661193 , -1.5128912 , 0.14950821
-0.03621636 , -0.86602646 , 0.14482348
-0.118516885 , -1.8379803 , 0.1360777
-0.06255052 , -1.1462656 , 0.15189612
0.005280122 , -0.48498145 , 0.13093492
-0.087333515 , -1.4604667 , 0.14761822
-0.024461385 , -0.76588696 , 0.14749771
-0.11084231 , -1.822882 , 0.13099374
-0.05250188 , -1.0742129 , 0.15205541
0.018007912 , -0.36910874 , 0.13581127
-0.07885255 , -1.4211125 , 0.1450875
-0.013614045 , -0.67654604 , 0.1496712
0.06517932 , 0.04621516 , 0.115395874
-0.04328196 , -1.0139809 , 0.15166155
0.029735176 , -0.26386362 , 0.14012556
-0.07116596 , -1.39536 , 0.14186278
-0.0036569932 , -0.59828615 , 0.15133005
0.07790812 , 0.16680041 , 0.122402124
-0.034880012 , -0.96600527 , 0.15067832
0.04048608 , -0.1694098 , 0.1438938
-0.06426748 , -1.3837636 , 0.13789657
0.005426872 , -0.5313913 , 0.15245378
0.08954933 , 0.2765318 , 0.1286648
-0.027284821 , -0.9307078 , 0.14906739
0.050284743 , -0.08592228 , 0.14712197
-0.058151186 , -1.3868356 , 0.13317196
0.013655684 , -0.47616342 , 0.15301636
0.10013555 , 0.37532967 , 0.13424678
-0.020482507 , -0.9085401 , 0.14678977
0.05915493 , -0.01357349 , 0.1498069
0.15538543 , 0.8556986 , 0.11216329
0.021048022 , -0.43289545 , 0.15298738
0.10969883 , 0.46310875 , 0.13919495
-0.014459128 , -0.89993286 , 0.14380799
0.06712114 , 0.047453113 , 0.15193722
0.16572623 , 0.9580679 , 0.12003264
0.027624814 , -0.40190673 , 0.15233393
0.11827063 , 0.5397913 , 0.14353937
-0.009197742 , -0.90537405 , 0.14009172
0.07420816 , 0.09698395 , 0.15349473
0.17496178 , 1.049232 , 0.12709424
0.033407312 , -0.38350588 , 0.1510226
0.12588215 , 0.6052915 , 0.14729486
-0.0046832655 , -0.9253243 , 0.13563173
0.08044274 , 0.13482706 , 0.15445611
0.18313302 , 1.1291944 , 0.13336472
0.038419463 , -0.378052 , 0.14902158
0.13256465 , 0.659538 , 0.15046352
-0.00089737325 , -0.9603452 , 0.13046707
0.08585248 , 0.16080287 , 0.15479507
0.19027998 , 1.1979567 , 0.13891892
0.042683966 , -0.38589442 , 0.1463027
0.13835071 , 0.7024502 , 0.15303722
0.25411448 , 1.7549644 , 0.11845871
0.09046711 , 0.17469032 , 0.15448421
0.19644119 , 1.2555335 , 0.14380597
0.046225637 , -0.40747142 , 0.1428439
0.1432746 , 0.7339664 , 0.1550006
0.26067027 , 1.8258173 , 0.12631512
0.09431517 , 0.17626972 , 0.15349703
0.20165534 , 1.3019396 , 0.14805177
0.049066074 , -0.44320577 , 0.13863444
0.14737342 , 0.7539978 , 0.15633449
0.26617515 , 1.8854073 , 0.13324824
0.09742548 , 0.16524598 , 0.1518097
0.2059621 , 1.3372163 , 0.15166378
0.051230326 , -0.4936537 , 0.13369046
0.15068477 , 0.7624544 , 0.15701881
0.27067617 , 1.9338245 , 0.1393714
0.0998224 , 0.14132252 , 0.14940286
0.20940499 , 1.3614036 , 0.15463625
0.052740004 , -0.5593439 , 0.12809245
0.15324612 , 0.759176 , 0.15703501
0.27421823 , 1.9711862 , 0.14475965
0.10152966 , 0.1040962 , 0.14626278
0.21203166 , 1.3745612 , 0.15695627
0.34575385 , 2.5983863 , 0.12644231
0.15508866 , 0.74397385 , 0.1563672
0.20074426 , 1.1461824 , 0.15776922
0.33298242 , 2.522539 , 0.15461345
0.14193888 , 0.37243918 , 0.14212868
0.2633903 , 1.8318185 , 0.16164201
0.4093608 , 3.2074463 , 0.14117667
0.1998714 , 1.096253 , 0.15601724
0.33212763 , 2.514805 , 0.15825921
0.14013775 , 0.2840139 , 0.13722593
0.2623743 , 1.8012999 , 0.16221975
0.408098 , 3.2087314 , 0.14743821
0.19831775 , 1.0334631 , 0.15357068
0.33063337 , 2.497492 , 0.16117649
0.13755083 , 0.18117365 , 0.13143827
0.26077327 , 1.7599938 , 0.16210105
0.40605494 , 3.2000842 , 0.15287729
0.196001 , 0.95721024 , 0.15045516
0.328596 , 2.470777 , 0.16338079
0.4892386 , 3.920666 , 0.13669091
0.25857258 , 1.707469 , 0.16127999
0.4033487 , 3.1821582 , 0.15750188
0.19274375 , 0.8666953 , 0.146708
0.32609135 , 2.4346726 , 0.16489305
0.4860404 , 3.909124 , 0.14420201
0.25572386 , 1.6432573 , 0.15974599
0.40016946 , 3.1555982 , 0.16133165
0.1881326 , 0.7613584 , 0.14228183
0.3231926 , 2.3889356 , 0.16572843
0.48215383 , 3.8878055 , 0.15075529
-0.33056137 , -3.4832492 , 0.19028024
-0.18438263 , -2.2063327 , 0.18106428
-0.0457094 , -0.95928574 , 0.17578861
0.07673188 , 0.22320324 , 0.17131844
-0.25840288 , -2.7966242 , 0.21845797
0.023965074 , -0.085134774 , 0.21682484
0.2940794 , 2.549383 , 0.2169445
-0.40936688 , -4.151137 , 0.20005015
0.05470171 , -7.9744434 , -0.36379915
0.17675084 , -9.328294 , -0.43014798
-0.010647983 , -7.1376433 , -0.34655413
0.10049785 , -8.529911 , -0.38946646
0.22869995 , -9.80525 , -0.4808956
0.0322227 , -7.7354407 , -0.36151817
0.14732082 , -9.02419 , -0.42649287
-0.029977812 , -6.9398174 , -0.3443912
0.07496528 , -8.261108 , -0.38663563
0.19552538 , -9.470922 , -0.47629943
0.010200625 , -7.503226 , -0.35919574
0.118397556 , -8.725472 , -0.42288765
0.24526446 , -9.880467 , -0.5402456
0.0499319 , -7.998236 , -0.3838231
0.16286892 , -9.141625 , -0.47176614
-0.011344446 , -7.2781343 , -0.3568473
0.0899899 , -8.432244 , -0.41932905
0.20852531 , -9.51973 , -0.5347581
0.025400696 , -7.7414865 , -0.3810241
0.13074194 , -8.817466 , -0.46729308
-0.03238131 , -7.0603557 , -0.3544924
0.062105462 , -8.144636 , -0.4158141
0.17232703 , -9.163811 , -0.529227
0.0013785693 , -7.4910264 , -0.3782367
0.09915485 , -8.498564 , -0.462878
-0.052882954 , -6.8500795 , -0.35214865
0.034752235 , -7.8627634 , -0.41234004
0.13668282 , -8.812838 , -0.5237683
-0.022126049 , -7.247061 , -0.37546268
0.068117864 , -8.185028 , -0.45851883
-0.07282434 , -6.6473594 , -0.34982786
0.007937477 , -7.5867667 , -0.40890482
0.10160569 , -8.4669285 , -0.51837647
-0.045100357 , -7.009745 , -0.37270668
0.037640523 , -7.87698 , -0.45421395
-0.09219113 , -6.4522743 , -0.34753543
-0.01833063 , -7.31677 , -0.4055073
