5.2310323e-11 , 6.73e-43 , 5.2310323e-11
6.73e-43 , 0.0 , 0.0
0.0 , 0.0 , 2.6034369e-11
6.73e-43 , 2.1e-44 , 0.5749575
0.09359634 , -5.823777 , 0.78045166
-0.0028130044 , -6.9429655 , 0.92661554
0.15687199 , -3.8878078 , 0.5408269
0.15771727 , -3.911604 , 0.54129875
0.08963619 , -1.5605538 , 0.55526567
0.120461695 , -1.0244186 , 0.58876324
0.14701504 , -3.7284355 , 0.56667703
0.1305322 , -2.278776 , 0.58769953
0.14223821 , -2.8121974 , 0.5873289
0.15159805 , -3.2675068 , 0.5871741
0.14960484 , -3.6721747 , 0.5471705
0.14554891 , -3.2140653 , 0.55161077
0.14483564 , -3.884374 , 0.591963
0.14447786 , -3.8572662 , 0.5913864
0.1464034 , -3.8010824 , 0.56724167
0.12573247 , -2.0174465 , 0.58799595
0.14201275 , -3.0720484 , 0.55120325
0.1282528 , -2.5943165 , 0.5455478
0.11305226 , -1.9880775 , 0.53003585
0.102623016 , -1.429739 , 0.51843894
0.15208925 , -3.3047621 , 0.58703667
0.14925762 , -3.6331902 , 0.54873776
0.14456058 , -3.180399 , 0.55152357
0.13157013 , -2.717424 , 0.54747605
0.14949647 , -4.007105 , 0.592685
0.14687182 , -3.7524743 , 0.5693693
0.12845337 , -2.1835377 , 0.5867252
0.14021438 , -2.738729 , 0.58693624
0.12497539 , -2.4685817 , 0.54260796
0.10406498 , -1.8070326 , 0.5222174
0.11443405 , -1.2279391 , 0.5183964
0.14648494 , -3.79343 , 0.5677272
0.14867108 , -3.5220366 , 0.5504315
0.14174871 , -3.075437 , 0.5511239
0.12815477 , -2.5985734 , 0.5451748
0.11297242 , -1.994236 , 0.5282844
0.14756346 , -3.7137492 , 0.56826293
0.13091524 , -2.3348124 , 0.5863165
0.14325416 , -2.856733 , 0.58687246
0.15239662 , -3.3075056 , 0.58705926
0.09027792 , -1.631006 , 0.53167397
0.11926534 , -1.0258951 , 0.5176623
0.14677337 , -3.7524555 , 0.56875074
0.12805833 , -2.188465 , 0.58589154
0.13028894 , -2.6830509 , 0.5465642
0.1163548 , -2.1091962 , 0.5315725
0.09810351 , -1.5094149 , 0.53638715
0.12137171 , -1.1975325 , 0.5848303
0.15906823 , -4.0018797 , 0.5440176
0.15959188 , -4.0252867 , 0.54445755
0.11103697 , -1.7229273 , 0.5742789
0.13211551 , -2.407737 , 0.58627075
0.14477749 , -2.9153833 , 0.5868979
0.1354646 , -2.5626054 , 0.5865158
0.14807512 , -3.0444598 , 0.58703846
0.15289405 , -3.4884267 , 0.5874505
0.12328565 , -2.4087684 , 0.54064226
0.095033556 , -1.7185308 , 0.5044149
0.11693902 , -1.1317589 , 0.5165133
0.14739434 , -3.7209477 , 0.569309
0.13004297 , -2.3173273 , 0.5860406
0.14628553 , -2.973252 , 0.58702195
0.15304638 , -3.4892993 , 0.5875873
0.14687273 , -3.3824236 , 0.5520096
0.13516437 , -2.8619106 , 0.54926044
0.11949434 , -2.2431118 , 0.5359816
0.09605786 , -1.5284234 , 0.56118935
0.11991009 , -1.3033547 , 0.5836507
0.1299356 , -2.3187454 , 0.58610994
0.13744704 , -2.6485155 , 0.58671486
0.15121517 , -3.189486 , 0.58732486
0.14673811 , -3.6902056 , 0.5509503
0.14332832 , -3.1717265 , 0.5519099
0.12850897 , -2.62782 , 0.5455591
0.10927346 , -1.9178256 , 0.52431
0.11455436 , -1.2027644 , 0.5164282
0.14955136 , -3.900017 , 0.5924458
0.14938548 , -3.8764606 , 0.5921364
0.15215734 , -3.2436478 , 0.5875002
0.1501028 , -3.6907563 , 0.58848584
0.14657465 , -3.3846242 , 0.55235255
0.13720074 , -2.9390864 , 0.55029404
0.12374045 , -2.43561 , 0.5413978
0.09905315 , -1.7643677 , 0.5193537
0.1217949 , -1.239909 , 0.58731407
0.12302236 , -1.0643537 , 0.5870532
0.119752936 , -0.9945916 , 0.51741
0.14860477 , -3.8314588 , 0.5913715
0.25781888 , -6.238493 , 0.6506958
0.22056474 , -6.237602 , 0.6513035
0.19220187 , -5.9012012 , 0.7036786
0.18885215 , -5.77626 , 0.70118386
0.14734414 , -4.918175 , 0.6429667
0.13260832 , -4.1015487 , 0.5827314
0.14528683 , -3.8117359 , 0.54986084
0.22022784 , -5.607119 , 0.71594
0.1733623 , -4.1416354 , 0.62821496
0.20410873 , -4.793815 , 0.6831396
0.25202549 , -5.631003 , 0.72609574
0.18057357 , -4.2905188 , 0.6426919
0.2156781 , -5.0060744 , 0.69876105
0.26949555 , -5.8826985 , 0.7200936
0.13337293 , -4.0320125 , 0.57812107
0.1513925 , -3.804949 , 0.59239167
0.17329568 , -4.1275187 , 0.62823474
0.21406727 , -4.9656544 , 0.69664454
0.26782838 , -5.8423557 , 0.7225859
0.18674791 , -5.726696 , 0.69959366
0.16339199 , -3.9298766 , 0.608545
0.18880315 , -4.452781 , 0.65813875
0.22923237 , -5.223894 , 0.7130733
0.16946472 , -4.0363507 , 0.6205776
0.1982964 , -4.640973 , 0.6741089
0.24469802 , -5.4635687 , 0.7239616
0.13309197 , -4.236936 , 0.59576577
0.13933825 , -3.825074 , 0.5590132
0.16334513 , -3.9168313 , 0.60853726
0.19687098 , -4.6036386 , 0.6718404
0.24277873 , -5.4209895 , 0.7229355
0.2170255 , -6.137438 , 0.68264395
0.15412903 , -3.7952678 , 0.594525
0.17616959 , -4.162138 , 0.634336
0.20931864 , -4.837079 , 0.69017017
0.16002563 , -3.852898 , 0.6026174
0.18383998 , -4.317949 , 0.649292
0.22207819 , -5.0569057 , 0.70554376
0.13745056 , -4.4941382 , 0.61613685
0.1346001 , -3.941727 , 0.5736896
0.15418549 , -3.782361 , 0.59439975
0.18264414 , -4.2855983 , 0.64711374
0.22028738 , -5.015332 , 0.7035173
0.28065372 , -5.9382772 , 0.7166481
0.14107624 , -3.7759356 , 0.555889
0.16581933 , -3.9350939 , 0.61345863
0.19267045 , -4.4859843 , 0.6650631
0.15064642 , -3.7482188 , 0.5908861
0.17208922 , -4.05126 , 0.6263387
0.20295843 , -4.6801744 , 0.68120164
0.14650199 , -4.7953134 , 0.640064
0.13340044 , -4.12574 , 0.59066504
0.14117742 , -3.7631621 , 0.5560292
0.16579843 , -3.9218392 , 0.61345756
0.1926367 , -4.469651 , 0.6651096
0.23765865 , -5.270403 , 0.71944946
0.26895553 , -6.2569947 , 0.65490115
0.16516797 , -5.263045 , 0.6750823
0.13774033 , -4.4614716 , 0.61604923
0.13491064 , -3.9152167 , 0.5737066
0.15451576 , -3.756813 , 0.5941525
0.16331813 , -3.864749 , 0.6084847
0.1885915 , -4.372795 , 0.65832376
0.23130648 , -5.147567 , 0.7142696
0.3008437 , -6.131253 , 0.6890853
0.1666206 , -3.917659 , 0.61519194
0.19395946 , -4.47269 , 0.6674806
0.24070422 , -5.2848706 , 0.721638
0.22383569 , -6.2176967 , 0.66858625
0.1701016 , -3.9789846 , 0.6225159
0.19984409 , -4.5786467 , 0.67676455
0.2509952 , -5.4288487 , 0.7274976
0.07754068 , -1.3535151 , 0.91441274
0.21177392 , -5.0689135 , 0.65714294
0.147576 , -3.3275373 , 0.7094418
0.09045895 , -1.7736361 , 0.7992972
0.10144418 , -1.4227422 , 0.7745727
0.10760898 , -1.7173973 , 0.6487826
0.10144419 , -1.6327958 , 0.6986391
0.079675905 , -1.4337496 , 0.77663
0.10425096 , -1.4651349 , 0.7450179
0.10739978 , -1.6981533 , 0.65627944
0.09965266 , -1.6038007 , 0.7072056
0.0761015 , -1.3845997 , 0.80517215
0.10640417 , -1.4999204 , 0.7213577
0.10703462 , -1.6776847 , 0.6639747
0.09756875 , -1.5733644 , 0.71613437
0.07427006 , -1.333081 , 0.8503259
0.10807924 , -1.5275931 , 0.7015366
0.10651569 , -1.6561409 , 0.67183363
0.09517257 , -1.5415069 , 0.72575873
0.09091174 , -1.3139064 , 0.90215015
0.109391116 , -1.5485648 , 0.6843325
0.10558965 , -1.6303009 , 0.68183947
0.09153229 , -1.5003432 , 0.73983806
0.0989941 , -1.37737 , 0.8216734
0.11066454 , -1.568921 , 0.6654434
0.11238297 , -1.6547031 , 0.59670484
0.10288907 , -1.6790643 , 0.54776233
0.104293615 , -1.6770462 , 0.61270404
0.10794825 , -1.65915 , 0.65449196
0.10405096 , -1.5868876 , 0.6960718
0.086253226 , -1.436743 , 0.76759815
0.10454973 , -1.4451331 , 0.75594896
0.11201296 , -1.5821767 , 0.64269006
0.10290889 , -1.5629557 , 0.70435375
0.08306968 , -1.3999556 , 0.79257256
0.10669725 , -1.4730883 , 0.72980434
0.11256421 , -1.586739 , 0.63113976
0.1015797 , -1.5387695 , 0.7128986
0.08045974 , -1.36221 , 0.8309508
0.10836109 , -1.494374 , 0.7082608
0.11295057 , -1.5891874 , 0.6204424
0.10005013 , -1.5145797 , 0.7219338
0.08702861 , -1.3239795 , 0.92922187
0.1096668 , -1.5092132 , 0.68980205
0.11315124 , -1.5898573 , 0.61047804
0.09830738 , -1.4901235 , 0.7319894
0.09909825 , -1.3778083 , 0.8585989
0.11075153 , -1.519283 , 0.67370075
0.11314573 , -1.5889487 , 0.6010793
0.09638684 , -1.4659225 , 0.744145
0.10305283 , -1.4105066 , 0.80523986
0.111678034 , -1.525291 , 0.65909696
0.108712465 , -1.5915115 , 0.6272079
0.109100275 , -1.5579603 , 0.6717592
0.10285569 , -1.4901518 , 0.7237029
0.099245615 , -1.3741218 , 0.9273459
0.1105359 , -1.4915022 , 0.6862449
0.11377501 , -1.5523635 , 0.6080756
0.108165786 , -1.5796696 , 0.55633456
0.107871324 , -1.5574393 , 0.6066216
0.14887534 , -1.6837302 , 0.94943553
0.10956343 , -1.5689436 , 0.56202376
0.11389641 , -1.5362322 , 0.6154119
0.11000935 , -1.4780207 , 0.70002073
0.13168593 , -1.3270054 , 0.7039156
0.12833798 , -1.090152 , 0.60333
0.09322773 , -1.4045231 , 0.81509477
0.10790799 , -1.50761 , 0.69954926
0.10893234 , -1.5637637 , 0.61717445
0.13111131 , -1.0314482 , 0.6230954
0.14842346 , -1.1953963 , 0.70459735
0.1864894 , -1.7648504 , 0.8647707
0.106509835 , -1.3876363 , 1.0124167
0.103635095 , -1.3917307 , 0.8189968
0.098665915 , -1.321025 , 0.82819265
0.08881598 , -1.2787032 , 1.0225389
0.095031925 , -1.3446679 , 0.91240346
0.101202615 , -1.3995188 , 0.8561179
0.102219924 , -1.400561 , 0.8269592
0.29908168 , -0.26612324 , 0.6233719
0.27578825 , -0.27242315 , 0.6303393
0.27425116 , 0.24672446 , 0.635515
0.3104218 , 1.272595 , 0.66259557
0.21816832 , 0.86281925 , 0.40378138
0.21859992 , 0.3324748 , 0.4100441
0.28906947 , -0.43556812 , 0.68121845
0.27309734 , 0.051239535 , 0.6837331
0.2810704 , 0.5447771 , 0.6908813
0.20832658 , 0.88604707 , 0.45963544
0.13353276 , -1.5962378 , 0.9161648
0.11881887 , -1.5226846 , 0.9894122
0.11650455 , -1.5228541 , 0.93711865
0.13398464 , -1.6170133 , 0.9331025
0.14634283 , -1.6997458 , 0.92807764
0.14660655 , -1.6309963 , 0.98176676
0.12782735 , -1.5422262 , 0.996879
0.09799956 , -1.4262891 , 0.99776083
0.12034089 , -1.578904 , 0.92257684
0.13866162 , -1.1465995 , 0.8267129
0.062442947 , -0.44725055 , 0.8285172
0.10267044 , -1.5832713 , 0.86548424
0.114853345 , -1.5513531 , 0.9136073
0.16256651 , -1.6699963 , 0.9567819
0.39481658 , 2.54161 , 0.8157591
0.37078032 , 1.6201526 , 0.9411361
0.3146987 , -0.0040908232 , 0.8483415
0.36245897 , 2.0899901 , 0.8911256
0.30825624 , 1.5174536 , 0.6659739
0.3144456 , -0.4322497 , 0.7360505
0.2555428 , 0.018106593 , 0.6131583
0.44569865 , -0.7320713 , 0.6427006
0.31612563 , 0.0889555 , 0.8993298
0.24952874 , -0.083640665 , 0.5943773
0.25462392 , -0.6589228 , 0.51759225
0.092254415 , -1.3768058 , 0.9198993
0.09930631 , -1.3921676 , 0.88707674
0.10185905 , -1.3807757 , 0.8796753
0.08341448 , -1.3394214 , 1.0218976
0.09633274 , -1.3635972 , 0.9900326
0.10045891 , -1.4050863 , 0.88717633
0.10287289 , -1.3749229 , 0.8800698
0.27257168 , 0.26295188 , 0.7189137
0.22302508 , -0.49514934 , 0.47816944
0.3024271 , -0.36814713 , 0.79213893
0.26730037 , 0.17085257 , 0.70353574
0.2271091 , -0.61127126 , 0.45620555
0.092544116 , -1.3282763 , 1.0025893
0.099806555 , -1.4031205 , 0.9327111
0.10346744 , -1.4157805 , 0.857248
0.23813248 , -0.8144474 , 0.5629124
0.09682948 , -1.4091277 , 0.84096724
0.10332528 , -1.4215101 , 0.82199806
0.09954273 , -1.4040225 , 1.0179954
0.10250531 , -1.4301034 , 0.8941857
0.1037668 , -1.3473973 , 0.89810514
0.31202284 , -0.0076200953 , 0.906065
0.35615405 , 0.6739623 , 1.1153686
0.2881197 , 0.3986344 , 0.7861838
0.22904338 , -0.40865222 , 0.5369276
0.3044922 , 0.5335272 , 0.8432602
0.2513195 , -0.07410459 , 0.6540603
0.23733501 , -0.86651623 , 0.3471499
0.091911994 , -1.3173984 , 0.9673679
0.20448259 , -1.0879176 , 0.5183441
0.0792715 , -1.3218379 , 0.9153244
0.10354272 , -1.5049021 , 0.8068838
0.10933629 , -1.5441014 , 0.84760374
0.11137915 , -1.5450481 , 0.98551637
0.10966061 , -1.5077685 , 0.8849136
0.1040408 , -1.3329657 , 0.89280564
0.2911679 , -0.39600977 , 0.8617127
0.33269086 , 0.25229904 , 1.0487694
0.30947253 , 0.4392552 , 0.8800898
0.2518763 , -0.13488092 , 0.6994653
0.18730211 , -0.9475656 , 0.46610713
0.27963132 , -0.5983468 , 0.8172018
0.32241395 , 0.100786924 , 1.0136048
0.31928283 , 0.4968574 , 0.9177594
0.26177952 , -0.043643646 , 0.738307
0.1936646 , -0.8097328 , 0.5186662
0.19956845 , -1.1082027 , 0.6057197
0.09091395 , -1.4310683 , 0.83520687
0.107585356 , -1.5435789 , 0.8147137
0.111927114 , -1.5785874 , 0.87652177
0.11210729 , -1.5538732 , 0.94135004
0.10961681 , -1.4749584 , 0.8616714
0.19646843 , -1.162797 , 0.5543123
0.08004237 , -1.356367 , 0.8789178
0.105316706 , -1.5409095 , 0.80723983
0.112275265 , -1.5931505 , 0.85602146
0.114631444 , -1.5852808 , 0.97191167
0.111508116 , -1.5213223 , 0.87645453
0.208637 , -1.1581926 , 0.6316484
0.29141042 , -0.38395223 , 0.88633674
0.3349461 , 0.23935689 , 1.0689437
0.29965827 , 0.30173168 , 0.8586949
0.23996755 , -0.2958452 , 0.6765137
0.18352124 , -1.1098418 , 0.432597
0.27984238 , -0.5781642 , 0.8433209
0.3242918 , 0.09216635 , 1.0336027
0.30952358 , 0.36226857 , 0.89504826
0.25049245 , -0.19828892 , 0.7168767
0.18019085 , -0.99718153 , 0.49448094
0.08300105 , -1.2872945 , 0.9479151
0.09318981 , -1.46686 , 0.82222414
0.10978722 , -1.5853995 , 0.8195302
0.11744437 , -1.6343379 , 0.9630094
0.11475541 , -1.5853624 , 0.9290204
0.110403754 , -1.4666879 , 0.8597069
0.18930042 , -1.232236 , 0.58132327
0.08254077 , -1.397043 , 0.8534791
0.10744355 , -1.5809952 , 0.80924165
0.115614206 , -1.6456927 , 0.86482084
0.11753288 , -1.6215402 , 0.9586377
0.11286812 , -1.5267522 , 0.8695187
0.2215076 , -1.1844646 , 0.6670233
0.292198 , -0.37437057 , 0.9098383
0.33727828 , 0.22447301 , 1.0893642
0.28949484 , 0.162684 , 0.8379562
0.22710356 , -0.46078834 , 0.6528922
0.1862228 , -1.229578 , 0.4055774
-0.040373504 , -6.5634394 , 0.9601106
-0.16447811 , -7.7937665 , 1.013744
-0.10549071 , -8.134253 , 0.88729185
0.025843943 , -6.906591 , 0.80419207
0.11858766 , -5.7137313 , 0.80562556
0.19685894 , -1.7714962 , 0.9305608
0.04964537 , -4.3170543 , 0.926965
-0.06830121 , -6.5617986 , 0.93344337
0.14426246 , -5.3299828 , 0.87255037
0.16324559 , -3.8984725 , 0.8119251
0.13048348 , -3.3559902 , 0.7247228
0.11714696 , -2.586907 , 0.597946
-0.22770879 , -8.0158825 , 1.0929458
-0.106872074 , -5.9651637 , 1.1034155
0.077115744 , -3.6311998 , 1.1234297
0.27474168 , -1.0158101 , 1.15147
0.1296906 , -2.2733011 , 0.6724356
0.09995195 , -3.2223241 , 0.74836886
0.108036116 , -3.7461357 , 0.8395135
0.08521678 , -4.757972 , 1.0303426
0.16838565 , -4.1547527 , 0.8388109
0.1416815 , -3.5101366 , 0.75464857
0.1157968 , -2.9050128 , 0.64691204
0.17039835 , -1.4427 , 0.41222844
0.10710812 , -2.7972274 , 0.7070427
0.10282713 , -3.4519818 , 0.7836181
0.10857429 , -4.0448303 , 0.8988955
0.15317418 , -4.9788685 , 0.8900146
0.16030684 , -3.8014321 , 0.8015434
0.12720169 , -3.2823145 , 0.71275353
0.1206413 , -2.4393096 , 0.5789972
0.13766734 , -2.087254 , 0.6647487
0.10019952 , -3.1403286 , 0.7390649
0.108299665 , -3.664181 , 0.8250985
0.09678602 , -4.5338736 , 0.9994399
0.16797146 , -4.2609515 , 0.8496605
0.14629441 , -3.555562 , 0.76468766
0.11747219 , -2.9969666 , 0.66363865
0.1524097 , -1.715029 , 0.4769612
0.11030014 , -2.6740851 , 0.69938403
0.10217305 , -3.3818266 , 0.77274126
0.111298114 , -3.9298468 , 0.8790187
0.1291523 , -5.2819147 , 0.868987
0.16340542 , -3.8632271 , 0.8102356
0.13137785 , -3.3361745 , 0.72483313
0.11815664 , -2.5845582 , 0.6026123
0.14731713 , -1.8758996 , 0.66022545
0.10074586 , -3.0530226 , 0.73057413
0.10801627 , -3.588438 , 0.81152445
0.10506646 , -4.3469124 , 0.96432877
0.16532987 , -4.387759 , 0.8598945
0.15075846 , -3.6010454 , 0.7739954
0.11992262 , -3.076969 , 0.67908794
0.14021456 , -1.9495002 , 0.51902217
0.114347294 , -2.537687 , 0.6931644
0.1014912 , -3.3112283 , 0.7626526
0.11288301 , -3.8282278 , 0.8604087
0.080845825 , -5.1503854 , 1.4769914
0.16555867 , -3.9334428 , 0.81806767
0.13573593 , -3.3849897 , 0.7360182
0.11706929 , -2.7109878 , 0.6238209
0.15939389 , -1.6318587 , 0.6624041
0.10166134 , -2.9588664 , 0.7230745
0.10728869 , -3.5172396 , 0.7988803
0.11087565 , -4.1879864 , 0.9319376
0.15945691 , -4.5424266 , 0.86534536
0.15497996 , -3.6482499 , 0.78245234
0.123051405 , -3.1467202 , 0.6932993
0.13181156 , -2.1525612 , 0.5523665
0.11946477 , -2.3854034 , 0.68909466
0.10092496 , -3.2387886 , 0.75344354
0.11361811 , -3.7374747 , 0.84326994
0.09208427 , -4.837635 , 1.0969574
0.16643873 , -4.0147734 , 0.8244101
0.14014496 , -3.4302537 , 0.746277
0.1171265 , -2.8208818 , 0.64290726
0.17642304 , -1.3436075 , 0.67488134
0.10303874 , -2.856226 , 0.71680635
0.10622197 , -3.449059 , 0.787221
0.11475287 , -4.0510435 , 0.904094
0.14871272 , -4.73685 , 0.86101043
0.15871044 , -3.6990144 , 0.7898736
0.12663977 , -3.2078872 , 0.7063209
0.12609056 , -2.328939 , 0.5803992
0.12580842 , -2.2138357 , 0.6881915
0.10049275 , -3.1630535 , 0.74521565
0.11360302 , -3.6554146 , 0.8276294
0.10370627 , -4.5910544 , 1.0090778
0.16599548 , -4.110497 , 0.8281337
0.14478399 , -3.473406 , 0.7555737
0.11843732 , -2.9162073 , 0.6601257
0.16888684 , -1.5380636 , 0.49865487
0.10529707 , -2.7433639 , 0.71207595
0.1052108 , -3.3825188 , 0.7765731
0.11744989 , -3.9318728 , 0.88019735
0.1320194 , -4.990748 , 0.8377403
0.1611293 , -3.7554183 , 0.7960154
0.12999564 , -3.2621279 , 0.7182245
0.12180723 , -2.4823835 , 0.60461384
0.13321498 , -2.0183976 , 0.6916525
0.099730715 , -3.082483 , 0.7380685
0.11241238 , -3.5800822 , 0.813403
0.111212894 , -4.3884296 , 0.958473
0.16462289 , -4.225082 , 0.8275711
0.15028249 , -3.5160048 , 0.76391566
0.12156216 , -2.998838 , 0.6757445
0.15346852 , -1.7945141 , 0.53465754
0.109360285 , -2.6182072 , 0.70922387
0.105078205 , -3.3162181 , 0.76691145
0.12007906 , -3.8272202 , 0.85940903
0.098405674 , -5.329524 , 0.917636
0.16157742 , -3.8194046 , 0.8007029
0.13268104 , -3.3107 , 0.72918665
0.11821646 , -2.6155796 , 0.6259826
0.1422938 , -1.7931389 , 0.70041704
0.098362856 , -2.9958274 , 0.7320397
0.10983907 , -3.51006 , 0.80037385
0.11499619 , -4.21787 , 0.92151415
0.16004674 , -4.3658414 , 0.8213345
0.15520296 , -3.5605247 , 0.77155143
0.12500274 , -3.0713346 , 0.69019467
0.14306681 , -2.01495 , 0.56568956
0.11415697 , -2.4774413 , 0.70846045
0.10473288 , -3.247992 , 0.75803936
0.12146515 , -3.7335958 , 0.84079325
0.09692557 , -4.971289 , 1.0055859
0.099124484 , -2.0372167 , 0.7782471
0.16179003 , -3.6852615 , 0.6977933
0.22278787 , -5.394016 , 0.6493476
0.22792386 , -6.296919 , 0.64618826
0.21943417 , -5.2150598 , 0.6531707
0.15519646 , -3.4763322 , 0.70545113
0.095300905 , -1.8743846 , 0.7932101
0.32154447 , -6.1712923 , 0.6975516
0.25426036 , -4.808322 , 0.7984585
0.16199043 , -3.0507636 , 0.85780936
0.088364586 , -1.5873958 , 0.9057675
0.09536166 , -1.6776453 , 0.9042043
0.1712763 , -3.1949072 , 0.8546691
0.26335767 , -4.9529757 , 0.79256284
0.3254451 , -6.2419314 , 0.6802881
0.23094802 , -5.70605 , 0.63996035
0.17472383 , -4.0530815 , 0.6862224
0.107494704 , -2.3354895 , 0.75932086
0.079672456 , -1.2930287 , 0.9358339
0.120548256 , -2.2742147 , 0.88384074
0.20965387 , -3.9816334 , 0.8307426
0.2955255 , -5.650118 , 0.7527783
0.23615575 , -6.293866 , 0.63075817
0.21406704 , -5.03775 , 0.6572621
0.14691417 , -3.274627 , 0.7140903
0.089280784 , -1.7275681 , 0.81158435
0.09018878 , -1.5497973 , 0.9145642
0.16083 , -2.9952059 , 0.8625646
0.25325885 , -4.7655973 , 0.8017407
0.3228434 , -6.1822834 , 0.6926233
0.23837301 , -5.889068 , 0.6324899
0.18532832 , -4.2809834 , 0.67956585
0.11631931 , -2.5311568 , 0.74938506
0.07858645 , -1.3342156 , 0.9056576
0.1142766 , -2.1008925 , 0.8920256
0.200667 , -3.7784128 , 0.8389451
0.2892866 , -5.4946256 , 0.76370364
0.23286958 , -6.3598967 , 0.62512654
0.22174276 , -5.2530622 , 0.6505877
0.15513365 , -3.4973047 , 0.7065135
0.09250273 , -1.8818165 , 0.79719317
0.08627387 , -1.4420016 , 0.92506176
0.15042976 , -2.7988214 , 0.87029886
0.24268587 , -4.5721755 , 0.8109292
0.3180418 , -6.0908465 , 0.70684844
0.2441731 , -6.058809 , 0.6239138
0.19529855 , -4.509185 , 0.67296916
0.12486109 , -2.735841 , 0.73986924
0.07895967 , -1.4125439 , 0.8739919
0.10799611 , -1.9369229 , 0.900036
0.19096828 , -3.573891 , 0.84702384
0.2815644 , -5.3265076 , 0.7749035
0.32868272 , -6.3791704 , 0.61070013
0.22996181 , -5.4629793 , 0.6436054
0.16447675 , -3.7238276 , 0.69915813
0.09807369 , -2.0511513 , 0.7836585
0.08614184 , -1.3584222 , 0.93370813
0.14123738 , -2.6064134 , 0.8778462
0.23265727 , -4.373451 , 0.82003045
0.31276232 , -5.974339 , 0.72232425
0.24844553 , -6.211161 , 0.6140164
0.20482416 , -4.7363653 , 0.6664076
0.13341016 , -2.9479923 , 0.73077655
0.08041018 , -1.5187373 , 0.8482905
0.10216999 , -1.7847651 , 0.90756226
0.1809082 , -3.3694372 , 0.8549296
0.27280432 , -5.148105 , 0.78607666
0.32878625 , -6.3841867 , 0.6233592
0.23804797 , -5.6657557 , 0.6362933
0.17427303 , -3.953157 , 0.69202435
0.10485733 , -2.2334511 , 0.77106804
0.08957678 , -1.3070083 , 0.9373589
0.13277063 , -2.419406 , 0.8850856
0.22266 , -4.1707125 , 0.828955
0.30667385 , -5.8379126 , 0.73812675
0.25147015 , -6.3407073 , 0.6028578
0.21429555 , -4.961421 , 0.6598994
0.14241976 , -3.1665092 , 0.722121
0.08349715 , -1.6476091 , 0.8270624
0.09765821 , -1.6469822 , 0.9139427
0.1710139 , -3.166154 , 0.8625838
0.26358014 , -4.9611273 , 0.7970234
0.327677 , -6.339912 , 0.64889127
0.24565938 , -5.8592377 , 0.62873244
0.18422395 , -4.184193 , 0.68513167
0.112387985 , -2.4268522 , 0.7594075
0.076535724 , -1.3124365 , 0.91551083
0.12490766 , -2.2394423 , 0.89181364
0.21254477 , -3.9652388 , 0.8376224
0.29967478 , -5.68535 , 0.7535115
0.25336042 , -6.4386187 , 0.5646234
0.22371808 , -5.183104 , 0.6535046
0.15189315 , -3.3903165 , 0.71391207
0.088048175 , -1.7954901 , 0.8088938
0.09492889 , -1.5269006 , 0.91805595
0.16144218 , -2.96522 , 0.8698853
0.25404716 , -4.7671037 , 0.80761194
0.32492924 , -6.258594 , 0.67915446
0.29515496 , -6.9877067 , 0.72937423
0.37387118 , -7.8491483 , 0.80902576
0.53385144 , -8.652871 , 1.0496337
0.43722805 , -7.7794275 , 0.92140275
0.3581969 , -6.919353 , 0.7699723
0.20196305 , -2.6627245 , 1.0414727
0.30941826 , -4.477093 , 1.04309
0.38795507 , -6.234187 , 1.0474964
0.50028324 , -8.129985 , 1.053321
0.30686888 , -5.8323836 , 0.7449627
0.22182843 , -4.130466 , 0.8341374
0.13282518 , -2.3740664 , 0.8883441
0.096451744 , -1.3114663 , 0.9182182
0.37110126 , -6.746531 , 0.9012595
0.290066 , -4.965121 , 0.90443647
0.20525962 , -3.1866186 , 0.89508367
0.07550104 , -1.4008651 , 0.8700766
0.12350142 , -2.7007446 , 0.74523956
0.19787821 , -4.495416 , 0.6764749
0.25541702 , -6.101631 , 0.619194
0.32382396 , -6.228765 , 0.690006
0.2510117 , -4.7036324 , 0.8112328
0.1585415 , -2.900467 , 0.87234056
0.09480177 , -1.4924269 , 0.91813177
0.08982707 , -1.849482 , 0.8032239
0.1552748 , -3.4676995 , 0.7113556
0.22715624 , -5.258911 , 0.651493
0.25375018 , -6.465758 , 0.588247
0.28000605 , -6.2720065 , 0.6483492
0.28231 , -6.278352 , 0.6440468
0.26644385 , -6.2718177 , 0.6427305
0.2889848 , -6.2699327 , 0.6371455
0.29192933 , -6.278273 , 0.6307849
0.26195437 , -6.2805667 , 0.6301481
0.2749883 , -6.323941 , 0.6266846
0.21693963 , -6.2924514 , 0.61941683
0.21418731 , -6.308967 , 0.6120498
0.27082786 , -6.3245435 , 0.61096364
0.20472059 , -6.3512383 , 0.60705954
0.20310043 , -6.372954 , 0.60323024
0.26621258 , -6.324973 , 0.5949159
0.24892798 , -6.4185243 , 0.60889417
0.291151 , -6.4265366 , 0.61302465
0.2807764 , -6.3835664 , 0.5712308
0.29408756 , -6.4110126 , 0.608587
0.2965093 , -6.4146714 , 0.6056902
0.27230954 , -6.3500257 , 0.55329
0.30349013 , -6.395985 , 0.59416306
0.30683792 , -6.4066415 , 0.59113115
0.26807335 , -6.3763757 , 0.5680133
0.28248164 , -6.44718 , 0.5578069
0.21679783 , -6.4218063 , 0.5818309
0.5197699 , -9.825407 , 0.8961598
0.27668983 , -7.878529 , 0.7611831
0.43742856 , -9.320675 , 0.83119595
0.4450676 , -8.7398205 , 0.8592304
0.33968705 , -7.7487764 , 0.7817886
0.23946455 , -6.668085 , 0.6649282
0.5180948 , -9.113735 , 0.94514364
0.38124362 , -7.612184 , 0.80082935
0.34545287 , -6.809006 , 0.7117668
0.4339613 , -7.871051 , 0.8949731
0.5369024 , -8.855951 , 1.0220371
0.4010832 , -8.328388 , 0.8247811
0.30110976 , -7.322181 , 0.75217545
0.33892626 , -6.7132897 , 0.68634
0.42547685 , -7.772922 , 0.88451767
0.52648765 , -8.753828 , 1.0113288
0.40885404 , -8.3839245 , 0.8312034
0.30930927 , -7.3929257 , 0.7585523
0.33234182 , -6.6171947 , 0.65661633
0.41720176 , -7.676145 , 0.87380266
0.5163113 , -8.652643 , 1.000815
0.41653886 , -8.438043 , 0.8378546
0.31727555 , -7.460872 , 0.76452345
0.32506266 , -6.51696 , 0.61956763
0.40913516 , -7.5807076 , 0.86276984
0.50636554 , -8.552379 , 0.99047816
0.42415336 , -8.490871 , 0.8447403
0.32505247 , -7.5264807 , 0.77022433
0.22854678 , -6.464569 , 0.6105349
0.40129513 , -7.4869165 , 0.85133433
0.4966427 , -8.453028 , 0.9802947
0.43171042 , -8.542497 , 0.85186535
0.33265552 , -7.589698 , 0.7757542
0.23831609 , -6.5702796 , 0.64401066
0.39368382 , -7.3946557 , 0.83941317
0.13463731 , -1.861249 , 0.628468
0.14096074 , -2.5623353 , 0.63429
0.15153728 , -3.1851227 , 0.6330338
0.15716939 , -3.9715052 , 0.62193424
0.1356387 , -2.0456977 , 0.6319011
0.1435048 , -2.717418 , 0.6375665
0.15375 , -3.3560748 , 0.63344604
0.15567173 , -4.2233715 , 0.6203295
0.13719974 , -2.2259395 , 0.63571626
0.1460679 , -2.8692884 , 0.6403307
0.1553947 , -3.5430944 , 0.633231
0.136575 , -1.6285477 , 0.6321961
0.13912785 , -2.399307 , 0.63982403
0.14856113 , -3.0219116 , 0.64236253
0.15622301 , -3.750803 , 0.63248056
0.13631551 , -1.8293903 , 0.635587
0.14126801 , -2.5641563 , 0.64399254
0.15087146 , -3.180614 , 0.64355254
0.15595078 , -3.9833932 , 0.6312695
0.13680933 , -2.0279684 , 0.63950384
0.14352538 , -2.7207143 , 0.6478895
0.15284939 , -3.3513691 , 0.6439175
0.15424103 , -4.24471 , 0.6296381
0.1379577 , -2.2202277 , 0.6439767
0.14583169 , -2.8715584 , 0.6511688
0.1543035 , -3.5400662 , 0.6435749
0.13934347 , -1.5748366 , 0.6382743
0.13950816 , -2.402461 , 0.6488705
0.14809974 , -3.0215247 , 0.6535617
0.1549932 , -3.7519898 , 0.642687
0.13823316 , -1.7949073 , 0.6420385
0.14130652 , -2.572406 , 0.6538725
0.15020022 , -3.1771092 , 0.654935
0.15461718 , -3.99164 , 0.6413965
0.13800183 , -2.0112464 , 0.6465546
0.14329116 , -2.730273 , 0.6585604
0.15196769 , -3.3456004 , 0.6553106
0.1527572 , -4.2628646 , 0.63978785
0.13855736 , -2.2183406 , 0.6518413
0.14541417 , -2.8792078 , 0.6625185
0.15321368 , -3.5341709 , 0.6548497
0.14273413 , -1.5127224 , 0.64328814
0.13959338 , -2.4112747 , 0.6576982
0.14756967 , -3.0250387 , 0.66543514
0.15372035 , -3.7491267 , 0.65380156
0.14048101 , -1.7567203 , 0.64749396
0.14097771 , -2.5871754 , 0.6637056
0.14957589 , -3.1755295 , 0.667149
0.1532045 , -3.9955082 , 0.6524198
0.13924527 , -1.9948462 , 0.65272886
0.14270139 , -2.746406 , 0.6693411
0.1512094 , -3.3394468 , 0.667663
0.15122539 , -4.2771516 , 0.65088356
0.13897142 , -2.219831 , 0.6589944
0.15244856 , -3.510244 , 0.7168376
0.14064895 , -4.6927557 , 0.6962242
0.13419992 , -2.5213175 , 0.6835588
0.14308259 , -3.1208274 , 0.7171212
0.15204628 , -3.7088888 , 0.7164424
0.15721631 , -1.5448008 , 0.64270574
0.13258724 , -2.7292902 , 0.69526666
0.14732091 , -3.2396643 , 0.7232164
0.14930949 , -3.9639192 , 0.7142716
0.1458988 , -1.9350269 , 0.65334237
0.1334996 , -2.896688 , 0.70585984
0.15120955 , -3.3664083 , 0.72812694
0.14458935 , -4.2905617 , 0.711421
0.1372229 , -2.271833 , 0.66690695
0.13654031 , -3.0351655 , 0.71540874
0.15383638 , -3.5143294 , 0.73157877
0.13882934 , -4.695234 , 0.71032
0.13138202 , -2.5452409 , 0.6809664
0.14104472 , -3.1564167 , 0.7241185
0.15418702 , -3.699268 , 0.73305905
0.16376151 , -1.4728848 , 0.627109
0.12901278 , -2.7611449 , 0.6939833
0.14625324 , -3.2717876 , 0.7321151
0.15132809 , -3.9409854 , 0.7319243
0.14791538 , -1.9106694 , 0.6399128
0.12992807 , -2.9327748 , 0.7058839
0.1513416 , -3.3927763 , 0.739377
0.14506423 , -4.262736 , 0.728195
0.13575701 , -2.2763011 , 0.65615803
0.13341327 , -3.0736828 , 0.71709
0.15537266 , -3.531867 , 0.745676
0.13704103 , -4.6832194 , 0.7245263
0.12805864 , -2.5638785 , 0.6720317
0.13864084 , -3.1960711 , 0.7279717
0.15720622 , -3.703812 , 0.7504553
0.1720456 , -1.3929973 , 0.60034853
0.1251565 , -2.787686 , 0.6865355
0.14479838 , -3.3112216 , 0.7387461
0.15542363 , -3.9278622 , 0.7525894
0.14991818 , -1.8824732 , 0.6166346
0.12622637 , -2.9652019 , 0.70035934
0.15107436 , -3.43025 , 0.7494843
0.14857742 , -4.231529 , 0.75023025
0.13373676 , -2.2732155 , 0.6361718
0.1301985 , -3.1111147 , 0.71420926
0.15659067 , -3.5649023 , 0.76010853
0.1369014 , -4.652019 , 0.7427695
0.12459432 , -2.5724194 , 0.65403956
0.13611588 , -3.237778 , 0.7285308
0.16029988 , -3.728587 , 0.7703778
0.18272631 , -1.3073041 , 0.5559774
0.121533774 , -2.8049507 , 0.670996
0.14313515 , -3.3563087 , 0.74351543
0.16080123 , -3.9380333 , 0.7796735
0.14035614 , -2.7261233 , 0.62781227
0.14542773 , -3.28223 , 0.62817734
0.12515043 , -1.6204007 , 0.63447094
0.13423449 , -2.2785916 , 0.63219935
0.14217879 , -2.8598657 , 0.6295017
0.1442666 , -3.4298027 , 0.63142407
0.12851432 , -1.7822982 , 0.6361748
0.13581191 , -2.4225225 , 0.63334167
0.1436959 , -2.9949217 , 0.6315107
0.14177047 , -3.589813 , 0.6352537
0.1308302 , -1.9403334 , 0.63767666
0.13752998 , -2.5632586 , 0.63465214
0.14463365 , -3.1334672 , 0.6339095
0.13788868 , -3.76579 , 0.6396225
0.13229345 , -2.094558 , 0.63905567
0.1393734 , -2.7021306 , 0.6361809
0.14469826 , -3.2781756 , 0.6367819
0.13289821 , -3.9607732 , 0.6444289
0.13351004 , -2.2451642 , 0.6403836
0.14120266 , -2.8406599 , 0.6379796
0.1436151 , -3.4322283 , 0.6401974
0.12997624 , -1.7477653 , 0.64401484
0.13483217 , -2.3925478 , 0.6417363
0.14278531 , -2.9806733 , 0.6401143
0.14116728 , -3.5991113 , 0.64417845
0.13128501 , -1.9059912 , 0.6457742
0.1364013 , -2.537357 , 0.64319104
0.14382787 , -3.1244423 , 0.6426639
0.13723598 , -3.7822635 , 0.6486859
0.13201375 , -2.0617993 , 0.64740264
0.13820013 , -2.6805408 , 0.644827
0.14401254 , -3.2747571 , 0.6457071
0.13196836 , -3.9847822 , 0.6536411
0.13269356 , -2.215183 , 0.648944
0.14008051 , -2.8234348 , 0.6467295
0.14303571 , -3.4348638 , 0.6493
0.13203757 , -1.7127159 , 0.65253174
0.13365598 , -2.366148 , 0.65045434
0.14178897 , -2.9678714 , 0.64899033
0.14063899 , -3.6082563 , 0.653456
0.13207632 , -1.8728763 , 0.6544955
0.1350318 , -2.5148883 , 0.65201426
0.14300056 , -3.116256 , 0.6517
0.13663815 , -3.7984035 , 0.65814376
0.13183619 , -2.031676 , 0.6562944
0.13679238 , -2.661991 , 0.6537283
0.14336029 , -3.2715518 , 0.6549335
0.13105275 , -4.008549 , 0.6633018
0.13179503 , -2.1888022 , 0.6579618
0.13876857 , -2.8086276 , 0.65571713
0.14252365 , -3.437146 , 0.6587352
0.13473916 , -1.6757089 , 0.6617938
0.13227159 , -2.3438437 , 0.65954745
0.14067166 , -2.9566884 , 0.6581028
0.11501175 , -2.581638 , 0.72655237
0.13423139 , -3.154041 , 0.7266595
0.13346766 , -3.9511118 , 0.7506798
0.13042855 , -1.9360093 , 0.7417909
0.11674713 , -2.7459126 , 0.7264647
0.13837677 , -3.3079445 , 0.73382944
0.12346735 , -4.2374134 , 0.761645
0.11928286 , -2.18661 , 0.7402508
0.12068445 , -2.891994 , 0.72784555
0.14061552 , -3.4841099 , 0.7430156
0.10850063 , -4.566132 , 0.7730472
0.11297987 , -2.4119442 , 0.7381261
0.12590945 , -3.027535 , 0.73111504
0.13974741 , -3.6927614 , 0.7539992
0.15074135 , -1.6139237 , 0.7553616
0.11106021 , -2.6076517 , 0.7363013
0.13151236 , -3.162301 , 0.7365521
0.1345871 , -3.9423935 , 0.7663289
0.1309749 , -1.9134516 , 0.7538919
0.112635456 , -2.7748039 , 0.735659
0.1365437 , -3.3074574 , 0.7443608
0.124233395 , -4.2385178 , 0.77942854
0.117333 , -2.1896753 , 0.75100285
0.11665656 , -2.9192507 , 0.73682123
0.13990867 , -3.4751678 , 0.75466627
0.10816514 , -4.5832458 , 0.7928331
0.10969532 , -2.432521 , 0.74755335
0.12213364 , -3.0498624 , 0.74014837
0.14026698 , -3.6779947 , 0.767408
0.15602356 , -1.5515691 , 0.7674658
0.10720402 , -2.6377866 , 0.74474925
0.12817578 , -3.1771712 , 0.7458804
0.1360531 , -3.927507 , 0.78216684
0.13184078 , -1.888287 , 0.76450104
0.10857724 , -2.8083 , 0.74360067
0.13390799 , -3.3128965 , 0.7542551
0.12578209 , -4.2319403 , 0.7980975
0.11558245 , -2.193418 , 0.7598223
0.11254659 , -2.9518754 , 0.7446609
0.13832799 , -3.4700656 , 0.76554304
0.10861338 , -4.593979 , 0.8142005
0.10671195 , -2.4550278 , 0.75476646
0.11806635 , -3.0786495 , 0.74817467
0.14011759 , -3.6631715 , 0.7799596
0.16230646 , -1.4803799 , 0.77732265
0.10371903 , -2.670147 , 0.7509645
0.12427809 , -3.1996667 , 0.7543059
0.13746071 , -3.907481 , 0.79738486
0.13308752 , -1.8598648 , 0.7723159
0.1048267 , -2.8445373 , 0.74946976
0.13039266 , -3.3267062 , 0.7632763
0.12811589 , -4.216261 , 0.81693
0.11425062 , -2.196702 , 0.76527095
0.10857515 , -2.988428 , 0.7506637
0.13555253 , -3.4728208 , 0.7754308
0.11022195 , -4.5956616 , 0.8368194
0.10438304 , -2.4773877 , 0.7583704
0.11390069 , -3.1131454 , 0.7546407
0.13863598 , -3.6532438 , 0.7912457
0.16970727 , -1.3995895 , 0.78321034
0.10096244 , -2.7021654 , 0.7537311
0.119980596 , -3.2300212 , 0.76148176
0.13792372 , -3.8861575 , 0.81115407
0.13480407 , -1.8277363 , 0.7753842
0.101690315 , -2.8811004 , 0.75224525
0.12608661 , -3.35059 , 0.77135766
0.1306756 , -4.19158 , 0.83486724
0.11372127 , -2.1979814 , 0.7652415
0.10501115 , -3.0269613 , 0.75402147
0.13147596 , -3.487321 , 0.7845829
0.11333236 , -4.5846963 , 0.8601471
0.10322031 , -2.4966583 , 0.75648034
0.10989069 , -3.1519892 , 0.7590189
0.13526425 , -3.6547968 , 0.8016927
0.178288 , -1.3087982 , 0.7824937
0.09937825 , -2.7305858 , 0.751517
0.11553668 , -3.2676167 , 0.7672662
0.13615692 , -3.8715856 , 0.8235398
0.13718545 , -1.7918295 , 0.7706318
0.09953527 , -2.9151468 , 0.7507345
0.12124262 , -3.3850515 , 0.77889663
0.13176695 , -4.1625896 , 0.8510835
0.11469579 , -2.1948032 , 0.75660676
0.10218922 , -3.0651627 , 0.7539421
0.12630148 , -3.5160534 , 0.794169
0.11737969 , -4.557547 , 0.8834827
0.10393062 , -2.5087252 , 0.7466269
0.10636913 , -3.1933553 , 0.7610222
0.12993565 , -3.673962 , 0.8135354
0.08733031 , -5.0709424 , 0.91352236
0.09950867 , -2.7515974 , 0.74249375
0.11130037 , -3.3111203 , 0.77199787
0.13118358 , -3.8754122 , 0.8378298
0.14084102 , -1.7526761 , 0.75279224
0.09882847 , -2.943591 , 0.7437323
0.11627013 , -3.4293973 , 0.7870157
0.1285649 , -4.1438723 , 0.8686809
0.1184343 , -2.182572 , 0.73495406
0.10055445 , -3.1005194 , 0.7499122
0.12053554 , -3.5595083 , 0.8064754
0.11870155 , -4.517295 , 0.90900743
0.107470006 , -2.5082085 , 0.7260519
0.10382133 , -3.2350233 , 0.7605824
0.12332972 , -3.7137947 , 0.8309488
0.09232057 , -5.051827 , 0.95618135
0.102013044 , -2.7613792 , 0.72589344
0.10771233 , -3.358867 , 0.77613765
0.12348791 , -3.9077392 , 0.86269075
0.105591 , -1.6191499 , 0.56927985
0.12629253 , -1.5871577 , 0.6147947
0.14601004 , -1.4763877 , 0.6708338
0.1754493 , -1.2613472 , 0.70952153
0.11125808 , -1.5958623 , 0.5796816
0.1305319 , -1.5643073 , 0.6272332
0.15265386 , -1.4144087 , 0.6848763
0.18512978 , -1.1933806 , 0.6960622
0.116452046 , -1.5809749 , 0.59012645
0.13510297 , -1.5329717 , 0.64038056
0.16050011 , -1.341783 , 0.69761926
0.19463135 , -1.1378855 , 0.6539809
0.12112062 , -1.5679618 , 0.60108197
0.14025298 , -1.4908023 , 0.6541595
0.16975634 , -1.26023 , 0.7070476
0.10111464 , -1.5763656 , 0.56716573
0.12552299 , -1.5523442 , 0.6126982
0.14624941 , -1.4360535 , 0.66835
0.18061993 , -1.1728166 , 0.70961916
0.10923949 , -1.55471 , 0.5777675
0.12994145 , -1.5304458 , 0.6250232
0.15337619 , -1.3677621 , 0.6824513
0.193255 , -1.0841043 , 0.6989456
0.11528231 , -1.5418336 , 0.5882137
0.13466065 , -1.4990616 , 0.6380564
0.16193473 , -1.2859745 , 0.6954625
0.20746104 , -1.0009371 , 0.66236585
0.12030295 , -1.530886 , 0.59909767
0.1399754 , -1.4554384 , 0.65173477
0.17226084 , -1.191977 , 0.70554
0.09922332 , -1.5329125 , 0.5648612
0.1248675 , -1.5171132 , 0.6106145
0.14619695 , -1.3973879 , 0.6658666
0.18478832 , -1.0884587 , 0.7094264
0.10845099 , -1.5127511 , 0.5758137
0.12936883 , -1.4965205 , 0.62282825
0.15365691 , -1.3234695 , 0.68000567
0.20023642 , -0.97953254 , 0.70127964
0.11474364 , -1.5018668 , 0.5862999
0.13414478 , -1.4655381 , 0.6357476
0.16271517 , -1.2332331 , 0.69324565
0.22008826 , -0.8704651 , 0.6696846
0.11981994 , -1.4930937 , 0.5971244
0.13952546 , -1.4210058 , 0.64932275
0.17378715 , -1.1274828 , 0.7038999
0.102202766 , -1.4891386 , 0.56241846
0.12437508 , -1.4813896 , 0.6085463
0.14585195 , -1.3602874 , 0.6633878
0.1874365 , -1.008487 , 0.7089731
0.109273635 , -1.4701186 , 0.5738466
0.12884 , -1.4624351 , 0.62065065
0.15348434 , -1.2814538 , 0.6775468
0.2046806 , -0.879981 , 0.7031139
0.1149254 , -1.4611021 , 0.5843951
0.13357261 , -1.4322907 , 0.6334564
0.16280785 , -1.183532 , 0.6909799
0.22815365 , -0.74651927 , 0.6759675
0.1197018 , -1.4545543 , 0.5951677
0.13891889 , -1.3873867 , 0.64692605
0.17424983 , -1.0667998 , 0.7021481
0.2657944 , -0.47451863 , 0.6005013
0.117179476 , -0.98745334 , 0.580219
0.12556045 , -1.0128527 , 0.62831837
0.16196132 , -0.5147971 , 0.6854338
0.25881052 , 0.7767692 , 0.6834399
0.113127396 , -1.3194757 , 0.5285662
0.10839595 , -1.4175298 , 0.53275716
0.12129037 , -1.0606663 , 0.5354483
0.12154546 , -1.1598825 , 0.5396249
0.120394826 , -1.2583334 , 0.5436148
0.117923886 , -1.3554785 , 0.5476339
0.12203173 , -1.0182043 , 0.54950035
0.12406781 , -1.1169535 , 0.5535213
0.124254346 , -1.2131937 , 0.5575888
0.12324164 , -1.3065645 , 0.56176347
0.12163608 , -1.3967483 , 0.5660815
0.123708956 , -1.0810384 , 0.56769204
0.12524298 , -1.1714016 , 0.57185715
0.12559946 , -1.25852 , 0.5760921
0.12531224 , -1.342615 , 0.5804071
0.12495823 , -1.4240497 , 0.5847927
0.12378866 , -1.1192749 , 0.58636147
0.12557663 , -1.1984304 , 0.5905097
0.126699 , -1.2756598 , 0.59469277
0.12755667 , -1.3516865 , 0.5989099
0.12054721 , -1.040511 , 0.6006806
0.12383572 , -1.1110271 , 0.6046043
0.12645058 , -1.1815299 , 0.60852385
0.12877473 , -1.2530383 , 0.61244667
0.13097851 , -1.3266251 , 0.6163831
0.12135746 , -0.97873235 , 0.617857
0.12546119 , -1.043659 , 0.6213397
0.12929475 , -1.1125747 , 0.62477726
0.13315023 , -1.1867998 , 0.6281997
0.13675913 , -1.2676041 , 0.6316436
0.12509297 , -0.84340847 , 0.6323141
0.1301644 , -0.9127997 , 0.6349359
0.13561143 , -0.99162763 , 0.6374582
0.14132456 , -1.081346 , 0.6399588
0.12757674 , -0.56023747 , 0.6400406
0.13313006 , -0.6345137 , 0.6412674
0.13940637 , -0.72341275 , 0.6421883
0.14708054 , -0.8285755 , 0.6429365
0.15498851 , -0.95111686 , 0.6436841
0.14131299 , -0.25768444 , 0.6408636
0.1465072 , -0.3639955 , 0.6389704
0.15468915 , -0.49305865 , 0.6365227
0.16556582 , -0.64578915 , 0.63377434
0.17600727 , -0.82205594 , 0.6309463
0.16080019 , 0.10174455 , 0.6219683
0.16608648 , -0.061474577 , 0.61376923
0.1772917 , -0.25487173 , 0.60428905
0.1931049 , -0.47791043 , 0.59362066
0.1901712 , 0.6738003 , 0.58054173
0.18534906 , 0.46504736 , 0.561508
0.19321872 , 0.22221066 , 0.5385732
0.20848161 , -0.052490886 , 0.51129967
0.11328052 , -1.38833 , 0.5937687
0.11896099 , -1.0247545 , 0.59402657
0.119139284 , -1.1236745 , 0.5978201
0.11805834 , -1.2221408 , 0.60159796
0.116024494 , -1.3202636 , 0.60528916
0.11334332 , -1.417234 , 0.60880584
0.11713173 , -1.0762774 , 0.6094196
0.11862243 , -1.1746464 , 0.6126237
0.119040005 , -1.2707205 , 0.61587256
0.118803106 , -1.3639941 , 0.6191423
0.11593447 , -1.0418296 , 0.6202746
0.11988967 , -1.135851 , 0.62359536
0.12245515 , -1.2266108 , 0.6270356
0.12406186 , -1.3141379 , 0.63059235
0.12516159 , -1.3985872 , 0.63427556
0.122584775 , -1.092269 , 0.635569
0.12696426 , -1.1751798 , 0.63953716
0.130105 , -1.2554846 , 0.6436647
0.1323544 , -1.3337578 , 0.6479585
0.13402316 , -1.4106902 , 0.65242505
0.13358428 , -1.1013503 , 0.65397495
0.13795748 , -1.1738727 , 0.65885055
0.14117469 , -1.2462072 , 0.66390526
0.14345884 , -1.3193283 , 0.66913956
0.14353165 , -0.98762447 , 0.67081714
0.1488523 , -1.0528258 , 0.67656535
0.1526967 , -1.1204554 , 0.68248165
0.1554493 , -1.1917527 , 0.6885557
0.15706168 , -1.267965 , 0.69476694
0.16438714 , -0.87372404 , 0.69704
0.16830543 , -0.93895096 , 0.7038479
0.17098713 , -1.011573 , 0.71074104
0.17267329 , -1.093067 , 0.71767914
0.17273612 , -1.1847447 , 0.7245818
0.18994205 , -0.68224263 , 0.72769725
0.1913985 , -0.760686 , 0.73519665
0.19230771 , -0.85297996 , 0.7425297
0.19234945 , -0.9605295 , 0.7495714
0.22027309 , -0.3294869 , 0.7527701
0.21858732 , -0.41994247 , 0.7602728
0.216701 , -0.5303802 , 0.7671828
0.2156502 , -0.66222256 , 0.77329755
0.21386072 , -0.8160334 , 0.7783778
0.25517207 , 0.028452924 , 0.78197837
0.246683 , -0.109602064 , 0.7866086
0.24182115 , -0.27589166 , 0.7895348
0.23999548 , -0.4705425 , 0.7904167
0.2381003 , -0.6925887 , 0.7889016
0.28166032 , 0.41482294 , 0.7888615
0.26890618 , 0.20373982 , 0.7830823
0.2636862 , -0.040438358 , 0.77329135
0.2660422 , -0.31627208 , 0.7590558
0.31663206 , 1.0159353 , 0.7454698
0.15687291 , -3.8713381 , 0.54233176
0.15630442 , -3.861766 , 0.5448523
0.1723327 , -4.18359 , 0.5503368
0.17237322 , -4.181993 , 0.55203193
0.17233528 , -4.1812387 , 0.5538397
0.17190713 , -4.1811123 , 0.555967
0.17144918 , -4.1813726 , 0.55813235
0.17076403 , -4.181801 , 0.560483
0.17001821 , -4.182217 , 0.5629053
0.16913956 , -4.1824694 , 0.5654589
0.16819228 , -4.1824274 , 0.56810915
0.16717507 , -4.1819773 , 0.5708719
0.16610897 , -4.1810184 , 0.5737383
0.16500625 , -4.1794677 , 0.5767247
0.17861892 , -4.6268353 , 0.58165276
0.17726949 , -4.6374617 , 0.58437276
0.17576891 , -4.647061 , 0.5872116
0.1741388 , -4.655521 , 0.5901513
0.17240232 , -4.6627393 , 0.5932096
0.17057316 , -4.6686187 , 0.5963822
0.16866462 , -4.673065 , 0.59969825
0.16668426 , -4.6759853 , 0.6031634
0.16463464 , -4.677289 , 0.60682064
0.16251887 , -4.676889 , 0.6106839
0.1603264 , -4.674704 , 0.6148118
0.15805645 , -4.6706667 , 0.619222
0.16649121 , -5.3111753 , 0.62379754
0.16430034 , -5.3232274 , 0.6280979
0.16182958 , -5.3333945 , 0.63271177
0.15905893 , -5.341585 , 0.63776374
0.15599763 , -5.3477235 , 0.64320827
0.1525924 , -5.351735 , 0.6492264
0.14887632 , -5.353546 , 0.65572566
0.14481544 , -5.35307 , 0.662901
0.1405067 , -5.350203 , 0.67056626
0.13609155 , -5.3448143 , 0.67879033
0.13176553 , -5.336725 , 0.68724644
0.12793052 , -5.325682 , 0.69581646
0.14211501 , -6.251746 , 0.7148742
0.13587624 , -6.2671905 , 0.72507906
0.13036351 , -6.2815857 , 0.7363552
0.12341632 , -6.294901 , 0.7464345
0.117146164 , -6.3073754 , 0.7574414
0.10986213 , -6.31905 , 0.7669974
0.10338363 , -6.32971 , 0.7768407
0.14517273 , -3.9509442 , 0.5940524
0.14346863 , -3.941514 , 0.59618217
0.14141615 , -3.9331477 , 0.5991415
0.13886033 , -3.9254918 , 0.6026992
0.13640101 , -3.9181623 , 0.6062211
0.14985846 , -4.262806 , 0.6086694
0.14748225 , -4.2659373 , 0.6127367
0.14518808 , -4.2693105 , 0.616904
0.14284468 , -4.2727146 , 0.62129503
0.14054441 , -4.2759733 , 0.6257599
0.13823326 , -4.2789383 , 0.6303756
0.1359149 , -4.281479 , 0.6350777
0.1335817 , -4.2834773 , 0.63989455
0.13120776 , -4.284826 , 0.64479387
0.12877779 , -4.2854238 , 0.6497925
0.1262381 , -4.2851815 , 0.654871
0.12353038 , -4.2840214 , 0.6600375
0.13361293 , -4.770948 , 0.66463524
0.13038689 , -4.782327 , 0.6702402
0.12728874 , -4.792418 , 0.6760465
0.124263234 , -4.8011208 , 0.6820275
0.12127345 , -4.8083377 , 0.68820417
0.11826933 , -4.8139753 , 0.6945741
0.115205646 , -4.817944 , 0.7011848
0.112020284 , -4.8201556 , 0.7080464
0.108638346 , -4.8205233 , 0.7152311
0.10497302 , -4.818965 , 0.7227478
0.100888275 , -4.815402 , 0.7306852
0.096244484 , -4.8097634 , 0.73901874
0.10297218 , -5.509914 , 0.7469192
0.09838363 , -5.5220575 , 0.75601876
0.09369412 , -5.53224 , 0.7656536
0.08882554 , -5.540407 , 0.7760465
0.08362766 , -5.546514 , 0.78704214
0.078067236 , -5.5505176 , 0.79896265
0.07201402 , -5.5523653 , 0.8115607
0.06565115 , -5.551975 , 0.8250929
0.05890511 , -5.5492096 , 0.8391276
0.05226289 , -5.543891 , 0.8537795
0.04554865 , -5.5357294 , 0.8685549
0.039337676 , -5.524257 , 0.8836843
0.040740516 , -6.5255523 , 0.8938997
0.029163755 , -6.543171 , 0.90707916
0.01836318 , -6.559786 , 0.9206735
0.008274128 , -6.5753207 , 0.93320334
0.16221084 , -4.1970634 , 0.57453436
0.12247951 , -2.3097615 , 0.61408883
0.13350005 , -3.099542 , 0.6131597
0.139666 , -3.8587663 , 0.61669123
0.112719454 , -1.7370664 , 0.61767817
0.12562273 , -2.4933429 , 0.6154698
0.13558906 , -3.3011918 , 0.61522275
0.14063618 , -4.0499816 , 0.61961085
0.11494284 , -1.9080656 , 0.6196998
0.12848803 , -2.6851823 , 0.61667395
0.13755238 , -3.5068772 , 0.6176616
0.14131878 , -4.239022 , 0.62260574
0.11826473 , -2.0812635 , 0.62132186
0.1311305 , -2.8866558 , 0.61791945
0.13938445 , -3.7142272 , 0.6204852
0.14175865 , -4.4251757 , 0.6255991
0.12171077 , -2.2603211 , 0.6224844
0.13363077 , -3.0975711 , 0.6194403
0.14105028 , -3.9207885 , 0.6236359
0.112360545 , -1.6919688 , 0.62803644
0.124967545 , -2.4489615 , 0.6232667
0.1360528 , -3.3161907 , 0.62142134
0.14250208 , -4.124408 , 0.6270134
0.11414187 , -1.8567969 , 0.62978536
0.12800416 , -2.6500258 , 0.6238867
0.13841963 , -3.53962 , 0.6239585
0.14371231 , -4.3234687 , 0.63050044
0.1172998 , -2.0262685 , 0.6309295
0.13090368 , -2.864663 , 0.6246431
0.14071119 , -3.764379 , 0.6270508
0.14471805 , -4.516995 , 0.6339832
0.120732285 , -2.205267 , 0.63145316
0.13376935 , -3.0919702 , 0.6258292
0.142878 , -3.9869792 , 0.6306137
0.1455915 , -4.70465 , 0.63736063
0.124063455 , -2.3984044 , 0.6315164
0.1366624 , -3.3291762 , 0.6276609
0.14486216 , -4.204392 , 0.63450664
0.11322872 , -1.8032116 , 0.64074975
0.1272791 , -2.6088314 , 0.6314386
0.13957809 , -3.5722003 , 0.63024306
0.14662744 , -4.4143486 , 0.6385659
0.11614626 , -1.9668847 , 0.64132017
0.13050427 , -2.8373477 , 0.6316099
0.14245856 , -3.8163388 , 0.6335703
0.14820473 , -4.6154613 , 0.6426328
0.11947876 , -2.1444433 , 0.64107656
0.13386284 , -3.0821784 , 0.63237834
0.14522316 , -4.0569124 , 0.6375412
0.14968574 , -4.8072124 , 0.6465659
0.12282552 , -2.3415053 , 0.64028746
0.13739529 , -3.3394053 , 0.63397825
0.14779808 , -4.2898054 , 0.64198154
0.11217335 , -1.7477319 , 0.65277255
0.12622033 , -2.5614486 , 0.6393997
0.21384946 , -5.576726 , 0.662858
0.087309815 , -1.4567025 , 0.80994105
0.12456553 , -2.7507565 , 0.72273195
0.18589322 , -4.4582186 , 0.6732187
0.21964042 , -5.883621 , 0.6620622
0.089165196 , -1.6782111 , 0.792812
0.14004904 , -3.1624289 , 0.71071905
0.20157331 , -4.8830233 , 0.6639996
0.22059217 , -6.110225 , 0.6651622
0.09729135 , -1.9770218 , 0.7749648
0.15697339 , -3.593457 , 0.69816875
0.2162242 , -5.2922187 , 0.65418106
0.10789047 , -1.7365052 , 0.59004563
0.13143398 , -2.4190948 , 0.587251
0.14492482 , -2.9263456 , 0.5876602
0.15387905 , -3.3719897 , 0.5883454
0.11886066 , -1.9334584 , 0.5893643
0.13439961 , -2.5554736 , 0.5881208
0.14804962 , -3.0401964 , 0.5883801
0.1545075 , -3.4819286 , 0.5892062
0.12351617 , -2.106314 , 0.5903281
0.13764422 , -2.6842742 , 0.58898675
0.15090655 , -3.1520104 , 0.5892533
0.15439186 , -3.592814 , 0.59023035
0.12681006 , -2.2647114 , 0.59122473
0.1410931 , -2.8071635 , 0.5898906
0.15333307 , -3.2628741 , 0.59026486
0.1535878 , -3.7069025 , 0.5918822
0.12991537 , -2.411837 , 0.59205514
0.144623 , -2.925649 , 0.5908731
0.1551873 , -3.3737087 , 0.59139085
0.115285516 , -1.9168721 , 0.5982399
0.13319302 , -2.5498269 , 0.5928833
0.1480856 , -3.041122 , 0.5919565
0.15638573 , -3.4852426 , 0.5926095
0.12092013 , -2.0922902 , 0.5976893
0.15595843 , -3.3856843 , 0.5934651
0.11440471 , -1.9211878 , 0.60192716
0.13288511 , -2.557276 , 0.59576446
0.14838949 , -3.0516102 , 0.5943344
0.15737426 , -3.4986582 , 0.5948297
0.12007729 , -2.0968056 , 0.6012556
0.13657388 , -2.6885877 , 0.5966
0.15179068 , -3.1665494 , 0.5956156
0.15817317 , -3.6137805 , 0.596403
0.1241701 , -2.2576962 , 0.60125816
0.14047424 , -2.8144302 , 0.5975627
0.15481898 , -3.281149 , 0.5969985
0.15827617 , -3.7328844 , 0.598252
0.12786144 , -2.4076033 , 0.60161835
0.14448772 , -2.9363565 , 0.5986689
0.15734722 , -3.396378 , 0.5984719
0.11186574 , -1.8953173 , 0.6094086
0.1316221 , -2.5488546 , 0.60219514
0.14847927 , -3.0558429 , 0.5999223
0.15930066 , -3.5131707 , 0.60005844
0.1177404 , -2.0742743 , 0.6086892
0.13561077 , -2.68325 , 0.6029566
0.15229546 , -3.1742423 , 0.6013137
0.16063203 , -3.6326907 , 0.60181373
0.12217153 , -2.2390044 , 0.60848516
0.13983068 , -2.8124497 , 0.60390407
0.15578257 , -3.2927423 , 0.602826
0.16126 , -3.7561023 , 0.6036941
0.12619445 , -2.3926618 , 0.6086799
0.14420202 , -2.9380648 , 0.60503966
0.15880843 , -3.4123757 , 0.6044489
0.10999566 , -1.8651851 , 0.6165867
0.1302652 , -2.5376804 , 0.60917205
0.14859712 , -3.0616312 , 0.60635567
0.16127509 , -3.5341263 , 0.6061931
0.11564716 , -2.0468922 , 0.616091
0.13456844 , -2.6760342 , 0.60991204
0.106947675 , -1.8522083 , 0.6618342
0.1265198 , -2.5936167 , 0.6611342
0.15926209 , -3.306747 , 0.6598111
0.18278176 , -3.9642515 , 0.6572208
0.109138906 , -2.02893 , 0.6637299
0.13383105 , -2.770047 , 0.6635248
0.16742381 , -3.4856863 , 0.6617771
0.18660806 , -4.13688 , 0.6590274
0.11281317 , -2.2044222 , 0.6658962
0.1421453 , -2.9507952 , 0.66598874
0.1750393 , -3.6666925 , 0.6636069
0.18942393 , -4.30983 , 0.6608479
0.11782749 , -2.3809335 , 0.66837484
0.151178 , -3.1364334 , 0.66838396
0.18177105 , -3.8487256 , 0.6653182
0.10557711 , -1.8077598 , 0.66992617
0.12427251 , -2.5610197 , 0.67113435
0.16053624 , -3.3265421 , 0.67059255
0.18737118 , -4.030787 , 0.66695285
0.106831826 , -1.9820836 , 0.6722607
0.13214928 , -2.7469018 , 0.674057
0.16977023 , -3.5199096 , 0.6725494
0.1917237 , -4.2120757 , 0.6685652
0.11004375 , -2.1573744 , 0.6749792
0.14128526 , -2.9398699 , 0.67696476
0.17842771 , -3.714877 , 0.67425036
0.19486377 , -4.3920774 , 0.67021215
0.11497763 , -2.3366108 , 0.67809623
0.15133964 , -3.139941 , 0.6796696
0.18610501 , -3.9097042 , 0.67574173
0.10422412 , -1.7620049 , 0.6781052
0.12169758 , -2.522877 , 0.68152684
0.16184936 , -3.345874 , 0.68202615
0.19249378 , -4.102864 , 0.67710155
0.104363605 , -1.932189 , 0.68091494
0.13018274 , -2.7185674 , 0.6850838
0.17228945 , -3.555493 , 0.68396395
0.1974256 , -4.293223 , 0.6784206
0.10697812 , -2.1057718 , 0.6842585
0.14021435 , -2.924705 , 0.6885192
0.18213086 , -3.766167 , 0.6854937
0.20089859 , -4.4801235 , 0.67978746
0.11177056 , -2.286712 , 0.6881139
0.15138513 , -3.1406257 , 0.69159126
0.19089215 , -3.975288 , 0.6866925
0.10289523 , -1.715406 , 0.68634295
0.118769936 , -2.47878 , 0.69232494
0.16315877 , -3.3641148 , 0.6941247
0.1981881 , -4.1806445 , 0.6876785
0.10172442 , -1.8793521 , 0.6896863
0.12791304 , -2.684572 , 0.6966152
0.17493667 , -3.5918791 , 0.69604176
0.20377953 , -4.380639 , 0.68858457
0.103597306 , -2.0494797 , 0.69374883
0.13891296 , -2.9047563 , 0.70065457
0.1861124 , -3.820156 , 0.69736433
0.20761381 , -4.5743656 , 0.68953776
0.1081901 , -2.2309766 , 0.69845754
0.15128303 , -3.1378505 , 0.7041453
0.19611779 , -4.045294 , 0.69819665
0.10161218 , -1.6686246 , 0.69461966
0.1154853 , -2.428424 , 0.7035619
0.1644147 , -3.3805408 , 0.70688534
0.20447153 , -4.2642045 , 0.69869757
0.09891239 , -1.8238034 , 0.6985863
0.12534551 , -2.6445801 , 0.7086746
0.17764632 , -3.6283197 , 0.7087886
0.21083866 , -4.4746447 , 0.6990478
0.09989498 , -1.9884683 , 0.70349216
0.1373831 , -2.8796046 , 0.7133747
0.19030386 , -3.8761878 , 0.7098789
0.21509215 , -4.6753106 , 0.69942147
0.104241274 , -2.1692815 , 0.7091904
0.15101583 , -3.1310303 , 0.7173163
0.20173034 , -4.119287 , 0.71027446
0.21727277 , -4.86581 , 0.6999726
0.111869164 , -2.3716998 , 0.71530426
0.1655684 , -3.3943563 , 0.72028273
0.21132882 , -4.353428 , 0.7101671
0.09593405 , -1.7658757 , 0.70766693
0.12251919 , -2.5984983 , 0.7213092
0.18033642 , -3.663851 , 0.7221826
0.2186341 , -4.5754685 , 0.7097898
0.09588013 , -1.9228123 , 0.7135826
0.13565834 , -2.8490624 , 0.72669214
0.1946014 , -3.9332712 , 0.72302806
0.22340667 , -4.7834916 , 0.70937634
0.09995731 , -2.1016698 , 0.72043544
0.15059084 , -3.119732 , 0.73107976
0.20762949 , -4.196454 , 0.7229257
0.22565603 , -4.9767885 , 0.70913446
0.10798638 , -2.3087566 , 0.7276754
0.16658485 , -3.4047723 , 0.7342648
0.21869525 , -4.447865 , 0.72207695
0.092808776 , -1.7060997 , 0.71705365
0.11951571 , -2.5465524 , 0.7346102
0.18292098 , -3.6973255 , 0.73615986
0.2271606 , -4.6831203 , 0.7207626
0.091584116 , -1.852792 , 0.7242023
0.13381141 , -2.8132577 , 0.74064445
0.19887146 , -3.9900377 , 0.7367527
0.23261222 , -4.8993607 , 0.71929437
0.09541179 , -2.0284717 , 0.73241246
0.15004967 , -3.1037633 , 0.7454148
0.21365772 , -4.275471 , 0.7361027
0.2349866 , -5.095337 , 0.71795756
0.10395472 , -2.2401383 , 0.7408896
0.16745791 , -3.4111052 , 0.74875677
0.22643481 , -4.546555 , 0.7343739
0.08957095 , -1.6450886 , 0.7270062
0.11646872 , -2.4894207 , 0.74874055
0.1853309 , -3.7274966 , 0.75060266
0.23635264 , -4.7972274 , 0.7318651
0.08706825 , -1.7788212 , 0.7356896
0.13195981 , -2.7727492 , 0.7553196
0.20297085 , -4.0447526 , 0.75091094
0.24273317 , -5.0231595 , 0.72898173
0.090734325 , -1.9502995 , 0.7455076
0.14947528 , -3.0832949 , 0.7603273
0.21960518 , -4.3543887 , 0.7496613
0.24533923 , -5.2221923 , 0.72613716
0.09995956 , -2.1668224 , 0.7553113
0.16822493 , -3.4129307 , 0.76367694
0.23431726 , -4.6477876 , 0.74691284
0.08628282 , -1.5837747 , 0.73800653
0.11356971 , -2.4282596 , 0.76398325
0.18754128 , -3.7532065 , 0.7653356
0.24604343 , -4.916777 , 0.74290246
0.082445875 , -1.7016675 , 0.7486392
0.13026592 , -2.7285275 , 0.77089846
0.20678526 , -4.0954785 , 0.7652399
0.25373545 , -5.1547546 , 0.7381067
0.08614299 , -1.8683019 , 0.76037395
0.14899349 , -3.058874 , 0.7758884
0.22524345 , -4.4306436 , 0.76328146
0.2567832 , -5.357911 , 0.73314834
0.096277066 , -2.0904646 , 0.7715356
0.16897547 , -3.4101672 , 0.7789655
0.24201491 , -4.7488666 , 0.7593561
0.0830394 , -1.5231164 , 0.75092936
0.11107488 , -2.3648543 , 0.7808057
0.18959466 , -3.7735744 , 0.7801349
0.2559062 , -5.039724 , 0.7535045
0.07791063 , -1.6222532 , 0.7640974
0.1289384 , -2.6820817 , 0.78771186
0.21027772 , -4.1403494 , 0.77932525
0.2654558 , -5.2933526 , 0.74613446
0.0819864 , -1.784137 , 0.7781111
0.14877622 , -3.0314765 , 0.79227805
0.23039778 , -4.5012794 , 0.77636737
0.26938012 , -5.5028067 , 0.7381233
0.093290836 , -2.0133834 , 0.79051834
0.16985749 , -3.4031754 , 0.7946086
0.24915801 , -4.846003 , 0.7709988
0.08000134 , -1.4646537 , 0.76729846
0.10930165 , -2.301487 , 0.79995936
0.19161521 , -3.7882116 , 0.7947331
0.26541284 , -5.1624055 , 0.7629463
0.07382429 , -1.5421834 , 0.783866
0.12823054 , -2.6352172 , 0.806312
0.21352728 , -4.177974 , 0.7925804
0.27745166 , -5.436841 , 0.7522335
0.07882748 , -1.7006186 , 0.8005001
0.1490449 , -3.0023544 , 0.8098127
0.2350399 , -4.563521 , 0.7879649
0.28309515 , -5.656821 , 0.73975164
0.09151213 , -1.9389611 , 0.8137024
0.17108074 , -3.392665 , 0.8106225
0.2554845 , -4.9347224 , 0.78055143
0.28120795 , -5.816749 , 0.72738767
0.10863243 , -2.241041 , 0.82253844
0.19380948 , -3.7972298 , 0.8087821
0.273924 , -5.2791047 , 0.7698045
0.07088718 , -1.4634987 , 0.81110525
0.12845612 , -2.5900779 , 0.8274309
0.21673582 , -4.2076683 , 0.80423075
0.28881356 , -5.580436 , 0.75506145
0.07753275 , -1.6218568 , 0.8302933
0.15008959 , -2.973056 , 0.8287896
0.23934095 , -4.6154256 , 0.7967981
0.29743934 , -5.8188114 , 0.73630154
0.09156737 , -1.8712955 , 0.84300077
0.172929 , -3.3797154 , 0.82684106
0.26103008 , -5.010976 , 0.7861518
0.29651618 , -5.9782324 , 0.71607417
0.10952594 , -2.1864855 , 0.8496347
0.19646505 , -3.8012755 , 0.8217058
0.28105128 , -5.382684 , 0.7716762
0.070647016 , -1.3904623 , 0.8514613
0.13001749 , -2.5487819 , 0.8512229
0.22020912 , -4.2295594 , 0.81340796
0.2982981 , -5.7147646 , 0.7522256
0.07940307 , -1.5546097 , 0.8709877
0.1522829 , -2.9451995 , 0.84850603
0.24364917 , -4.656312 , 0.80182457
0.310682 , -5.983417 , 0.7258408
0.09427895 , -1.815158 , 0.87909657
0.17574626 , -3.3656297 , 0.8421183
0.26620212 , -5.072491 , 0.7865609
0.31360573 , -6.153777 , 0.6918387
0.11264613 , -2.1410015 , 0.87888885
0.19991726 , -3.8014393 , 0.83261895
0.2871664 , -5.4673944 , 0.7668172
0.0989179 , -1.7153536 , 0.56303084
0.109146275 , -1.7263942 , 0.60801095
0.10788405 , -1.6557341 , 0.6608773
0.095381215 , -1.4876231 , 0.7419883
0.102199785 , -1.7199376 , 0.57475144
0.109705985 , -1.7049439 , 0.6194532
0.10631313 , -1.6194301 , 0.6761204
0.09048865 , -1.4201022 , 0.7788912
0.10531821 , -1.7140334 , 0.5851334
0.109805256 , -1.6803907 , 0.6316101
0.10418175 , -1.5792363 , 0.69303924
0.08522729 , -1.3459766 , 0.8403247
0.107542634 , -1.701826 , 0.5954641
0.1094575 , -1.6530335 , 0.64457077
0.1014011 , -1.5342859 , 0.71267813
0.09202279 , -1.6627103 , 0.562424
0.10901023 , -1.6852227 , 0.6061909
0.1086687 , -1.6232102 , 0.6584541
0.09787951 , -1.4839058 , 0.7373193
0.100112565 , -1.6719874 , 0.5729677
0.10987199 , -1.6651537 , 0.6175113
0.10743263 , -1.5911386 , 0.67347735
0.093568735 , -1.4275424 , 0.7720312
0.104615316 , -1.6687174 , 0.58349544
0.110221595 , -1.642177 , 0.62953883
0.1057242 , -1.5568409 , 0.69007325
0.08867067 , -1.3663286 , 0.82865024
0.107402384 , -1.6584018 , 0.59375066
0.11011583 , -1.6168393 , 0.64234823
0.10348238 , -1.5197242 , 0.709195
0.090474375 , -1.6061248 , 0.5613619
0.10918446 , -1.6433703 , 0.60440403
0.109594345 , -1.589817 , 0.65606207
0.10062727 , -1.4793193 , 0.73283
0.10014598 , -1.6220119 , 0.57121885
0.110276185 , -1.6247814 , 0.6155973
0.10868451 , -1.5617281 , 0.6708737
0.09706721 , -1.4348475 , 0.76555
0.10493072 , -1.6220725 , 0.5817817
0.11083146 , -1.6033837 , 0.6274746
0.107400246 , -1.5330815 , 0.6871898
0.092830166 , -1.3882829 , 0.817775
0.10783144 , -1.6140212 , 0.59220964
0.11093854 , -1.5799662 , 0.6401724
0.10572109 , -1.5036491 , 0.7057236
0.09866307 , -1.5453017 , 0.5548035
0.10972228 , -1.6007882 , 0.6024462
0.025044955 , -5.9808693 , 0.837128
0.16785198 , -4.2276793 , 0.8250931
0.08886269 , -5.3959846 , 0.80146927
-0.03078341 , -6.5367384 , 0.8790794
0.14602663 , -4.759072 , 0.79645103
0.034845844 , -5.9819555 , 0.8272007
-0.08984663 , -7.0942225 , 0.9295666
0.099384956 , -5.373242 , 0.7973753
-0.021608684 , -6.552927 , 0.8663406
0.15482959 , -4.7186723 , 0.8011767
0.04490746 , -5.977584 , 0.8182928
-0.08098797 , -7.120843 , 0.91487885
0.1097142 , -5.3478155 , 0.79486823
-0.011984959 , -6.563214 , 0.85411906
0.16222124 , -4.6814446 , 0.80874264
0.05501832 , -5.9692345 , 0.81058586
-0.07159296 , -7.1415744 , 0.9005647
0.119620234 , -5.321806 , 0.7939767
-0.002076486 , -6.568669 , 0.8425771
0.1673469 , -4.6518416 , 0.82095814
0.064947106 , -5.9585876 , 0.80426013
-0.06180232 , -7.1573424 , 0.88659364
0.1288567 , -5.2976055 , 0.79465
0.007932545 , -6.570489 , 0.8318918
0.16855563 , -4.6368427 , 0.84373474
0.074439034 , -5.9476156 , 0.79947954
-0.05175676 , -7.1690645 , 0.87302953
0.1371333 , -5.2781806 , 0.7967648
0.017837353 , -6.570014 , 0.82225436
-0.11478133 , -7.763868 , 0.924356
0.083214425 , -5.938566 , 0.79636776
-0.041608095 , -7.1776786 , 0.8599965
0.14408852 , -5.267228 , 0.8001835
0.027412135 , -6.5687995 , 0.81387097
-0.10438998 , -7.778789 , 0.9087958
0.090953335 , -5.934117 , 0.79497963
-0.03152645 , -7.1842136 , 0.84765047
0.14901502 , -5.270294 , 0.80508053
0.03642078 , -6.568707 , 0.806962
-0.0940281 , -7.791401 , 0.8938525
0.0972447 , -5.9376454 , 0.7952843
-0.021697657 , -7.1896777 , 0.83616567
0.15079202 , -5.297482 , 0.8136432
0.044636384 , -6.5714755 , 0.8017594
-0.08385888 , -7.8026495 , 0.8794066
0.10151727 , -5.9521914 , 0.79719746
-0.012308916 , -7.1957765 , 0.8257332
0.14384188 , -5.3688364 , 0.84363794
0.051863432 , -6.5805025 , 0.7984961
-0.074060954 , -7.8128967 , 0.8655187
0.24692044 , -1.0447176 , 0.7582675
0.30046806 , -0.27432916 , 0.9687186
0.3478792 , 0.26662737 , 1.1466486
0.26620734 , -0.78245276 , 0.8583007
0.315086 , -0.12982245 , 1.0446771
0.21779203 , -1.3584453 , 0.724778
0.28203598 , -0.5758521 , 0.9444477
0.33058888 , -0.0185766 , 1.1217132
0.24466385 , -1.0983459 , 0.83017004
0.2971867 , -0.4190802 , 1.0214177
0.18927671 , -1.6269202 , 0.6913217
0.26280963 , -0.8739898 , 0.91959244
0.31225577 , -0.3010996 , 1.0975813
0.22224872 , -1.4013933 , 0.80103594
0.27862757 , -0.70470446 , 0.9981495
0.16403317 , -1.8446484 , 0.66372
0.24328156 , -1.166955 , 0.89399296
0.29341283 , -0.579953 , 1.0739237
0.19939727 , -1.6807479 , 0.77138466
0.25987425 , -0.9856868 , 0.9747042
0.30865228 , -0.48325628 , 1.1518937
0.22363193 , -1.4510765 , 0.86757576
0.2744616 , -0.85423523 , 1.050563
0.17723985 , -1.926367 , 0.7424303
0.24122861 , -1.2607342 , 0.9509162
0.28870055 , -0.7571199 , 1.1276728
0.2039876 , -1.7208511 , 0.84049904
0.2556954 , -1.1229203 , 1.027358
0.15712799 , -2.133356 , 0.71593386
0.22285901 , -1.5277622 , 0.92664176
0.26897568 , -1.025459 , 1.1038535
0.18467906 , -1.9694117 , 0.8132835
0.23732258 , -1.3848912 , 1.0041806
0.13996121 , -2.301805 , 0.6946362
0.20487218 , -1.78379 , 0.90183234
0.249705 , -1.2872214 , 1.0803207
0.16633521 , -2.190667 , 0.78679395
0.21948493 , -1.6386971 , 0.98091227
0.12603903 , -2.4354603 , 0.68397343
0.18740247 , -2.024774 , 0.8766223
0.2310556 , -1.5413599 , 1.0569884
0.1496892 , -2.3807027 , 0.76206124
0.2022845 , -1.8824843 , 0.95746225
0.24142286 , -1.4783195 , 1.1334753
0.17070502 , -2.2462637 , 0.8513955
0.21315262 , -1.7867112 , 1.0337939
0.13531844 , -2.5386329 , 0.74018276
0.18581413 , -2.1138065 , 0.9338041
0.22203182 , -1.7300407 , 1.1103951
0.15516189 , -2.4441571 , 0.8267576
0.19609234 , -2.02196 , 1.0106841
0.12348929 , -2.6658323 , 0.7225805
0.17020051 , -2.329774 , 0.9100275
0.20354187 , -1.9721318 , 1.0871657
0.14120646 , -2.6157012 , 0.8034313
0.1799548 , -2.2455082 , 0.9876246
0.11420502 , -2.7652473 , 0.71155584
0.15563118 , -2.5272863 , 0.8863766
0.18606722 , -2.2035108 , 1.0639644
0.12919636 , -2.7597795 , 0.7821485
0.16482298 , -2.4554856 , 0.96462256
0.10736175 , -2.8402991 , 0.7099917
0.14235432 , -2.7035964 , 0.86324835
0.16969374 , -2.423016 , 1.0408684
0.1193344 , -2.876969 , 0.76363146
0.15079987 , -2.6497746 , 0.9417535
0.17172974 , -2.4274206 , 1.1168929
0.13063388 , -2.8567047 , 0.84114337
0.15449178 , -2.6293838 , 1.0179318
0.11164777 , -2.968979 , 0.7487115
0.13802065 , -2.8262482 , 0.9191831
0.15467179 , -2.6470585 , 1.0942641
0.120693736 , -2.9857335 , 0.8205988
0.14052829 , -2.8212025 , 0.9952159
0.106039286 , -3.0383387 , 0.73850185
0.12664516 , -2.983003 , 0.8971705
0.13894895 , -2.8532836 , 1.0714121
0.112665854 , -3.0908687 , 0.8021416
0.12787871 , -2.9969907 , 0.9728112
0.10235869 , -3.0878518 , 0.7342532
0.116836846 , -3.1186876 , 0.8760525
0.12461911 , -3.045135 , 1.0486033
0.10657639 , -3.1732876 , 0.7862897
0.116631106 , -3.1552835 , 0.9508543
0.11767058 , -3.1277745 , 1.1230584
0.10872897 , -3.2326412 , 0.85621214
0.11172812 , -3.2216353 , 1.0260202
0.102352574 , -3.2348015 , 0.7735978
0.10688335 , -3.2948287 , 0.92953384
0.1026718 , -3.3224235 , 1.1013885
0.10239975 , -3.3250096 , 0.83804727
0.10031882 , -3.381792 , 1.0038153
0.09985728 , -3.2777224 , 0.7646943
0.0987288 , -3.4147239 , 0.9090865
0.089267164 , -3.5017195 , 1.0791413
0.097856015 , -3.396625 , 0.8219531
0.09043652 , -3.5246804 , 0.98214144
0.09892309 , -3.304556 , 0.76015806
0.09224007 , -3.5145783 , 0.8897851
0.077472806 , -3.6650703 , 1.0568473
0.09503784 , -3.4489415 , 0.80832666
0.08212726 , -3.649518 , 0.9611671
0.099388346 , -3.3180158 , 0.7600335
0.08745161 , -3.594534 , 0.8719241
0.06729446 , -3.8119318 , 1.0348166
0.093828 , -3.4838128 , 0.7975844
0.07543191 , -3.7557905 , 0.9410817
0.047685474 , -4.0052214 , 1.1083091
0.08435201 , -3.6552951 , 0.855807
0.058733467 , -3.9418166 , 1.0132846
0.09407324 , -3.5034444 , 0.7901626
0.07037552 , -3.8433104 , 0.922095
0.037152126 , -4.156646 , 1.0868917
0.08288123 , -3.6980212 , 0.84174126
0.051788896 , -4.0543575 , 0.99245137
0.09559987 , -3.5102115 , 0.7864192
0.06695893 , -3.9122918 , 0.9044326
0.028340306 , -4.2916646 , 1.0653161
0.0829385 , -3.724294 , 0.8300418
0.04645477 , -4.1493506 , 0.9725047
0.09823138 , -3.5066936 , 0.78631306
0.06515157 , -3.9633303 , 0.88833076
0.021204878 , -4.4102073 , 1.0440084
0.084389485 , -3.735984 , 0.82104194
0.042715527 , -4.226826 , 0.95363164
0.10180165 , -3.495539 , 0.7888427
0.06489126 , -3.9974096 , 0.87403214
0.015697774 , -4.512274 , 1.0232763
0.08707907 , -3.7352452 , 0.8150961
0.040539958 , -4.2870665 , 0.9360243
-0.016613118 , -4.821508 , 1.0944347
0.06608559 , -4.015828 , 0.86178386
0.011768953 , -4.5979743 , 1.0033584
0.09083727 , -3.724414 , 0.8125346
0.039877832 , -4.330637 , 0.91988105
-0.022089614 , -4.9293284 , 1.0737035
0.068619244 , -4.0201902 , 0.8518392
0.009363702 , -4.6675525 , 0.9844579
0.09548539 , -3.7060585 , 0.81347626
0.0406578 , -4.3583636 , 0.9054063
-0.02594911 , -5.0217624 , 1.0532179
0.07235875 , -4.0123377 , 0.84446543
0.008419623 , -4.7214212 , 0.9667642
0.10083727 , -3.6829042 , 0.8173427
0.042789526 , -4.371332 , 0.89280915
-0.028285548 , -5.09922 , 1.0333486
0.0771605 , -3.9943714 , 0.83995557
0.008863095 , -4.760166 , 0.95046383
-0.0707055 , -5.49529 , 1.1016482
0.046166446 , -4.370846 , 0.8823003
-0.029190319 , -5.1621833 , 1.0143621
0.082872674 , -3.9686155 , 0.83863384
0.010607746 , -4.7845616 , 0.9357471
-0.07264278 , -5.577941 , 1.0818496
0.05067165 , -4.358436 , 0.87409025
-0.02875535 , -5.211227 , 0.99647284
0.08933586 , -3.937685 , 0.8408214
0.013554025 , -4.79555 , 0.92281073
-0.07312351 , -5.6471586 , 1.0621754
0.056182463 , -4.3358316 , 0.86839104
-0.027075928 , -5.2470365 , 0.9798739
0.09637392 , -3.904488 , 0.84663856
0.017591173 , -4.7942433 , 0.9118574
-0.072276436 , -5.703651 , 1.0431455
0.062576815 , -4.3050056 , 0.86542696
-0.02425387 , -5.2704167 , 0.9647539
0.103771426 , -3.8723392 , 0.85520166
0.022599442 , -4.781904 , 0.90309197
-0.07022091 , -5.7481627 , 1.0250359
0.06973659 , -4.2681894 , 0.8654612
-0.020398784 , -5.282299 , 0.95130736
-0.12191257 , -6.2341123 , 1.0898961
0.028454486 , -4.7599545 , 0.89671487
-0.067070656 , -5.781491 , 1.0080565
0.077550866 , -4.227977 , 0.8688533
-0.015629325 , -5.2837424 , 0.9397398
-0.11907811 , -6.283567 , 1.0708687
0.03503164 , -4.72997 , 0.89291555
-0.062937774 , -5.804508 , 0.9923961
0.08591099 , -4.187428 , 0.8761663
-0.010072727 , -5.2759376 , 0.93026954
-0.11517173 , -6.322993 , 1.0525596
0.042212985 , -4.693719 , 0.8918721
-0.057935722 , -5.8181767 , 0.9782414
0.09468139 , -4.1502895 , 0.8882217
-0.003865077 , -5.260209 , 0.9231246
-0.11032838 , -6.3532777 , 1.0352151
0.04989633 , -4.6532044 , 0.8937679
-0.0521811 , -5.823564 , 0.965789
0.103623986 , -4.1212916 , 0.9048287
0.0028490026 , -5.2380295 , 0.91853553
-0.104671136 , -6.375336 , 1.019008
0.058010235 , -4.610765 , 0.8988511
-0.04579471 , -5.8218627 , 0.9552524
-0.16266467 , -6.9269032 , 1.0795722
0.009916967 , -5.211038 , 0.9167233
-0.0039411075 , -5.617817 , 0.9345045
-0.117725104 , -6.857428 , 1.0014821
0.051889654 , -4.9327507 , 0.9457334
-0.054373186 , -6.2503133 , 0.9531385
-0.17789158 , -7.4511247 , 1.0548947
0.0033419055 , -5.602961 , 0.9397237
-0.10936005 , -6.8621325 , 0.98978084
0.059555065 , -4.9174275 , 0.96695864
-0.04629689 , -6.2447767 , 0.94982064
-0.16890816 , -7.46389 , 1.03952
0.010342041 , -5.594048 , 0.94836724
-0.10082025 , -6.8649487 , 0.9798441
0.06867233 , -4.9218554 , 1.0046263
-0.038227964 , -6.2414093 , 0.94935614
-0.1598252 , -7.4741983 , 1.0253503
0.017004 , -5.595077 , 0.9605726
-0.0921936 , -6.867352 , 0.97190005
-0.22344604 , -8.078139 , 1.0808424
-0.030266032 , -6.2428436 , 0.9519483
-0.15075177 , -7.4828253 , 1.0124736
0.023459243 , -5.6122904 , 0.97654307
-0.08355701 , -6.870714 , 0.96619594
-0.2135963 , -8.091499 , 1.0645194
-0.022508206 , -6.251162 , 0.9576902
-0.14175424 , -7.491064 , 1.001036
0.029803073 , -5.6527343 , 0.9967214
-0.07487662 , -6.877701 , 0.96298033
-0.20416196 , -8.103806 , 1.0495297
0.11760637 , -2.5405273 , 0.6398783
0.1148816 , -3.3350732 , 0.74234015
0.13550544 , -3.8704536 , 0.83633447
0.10706976 , -5.2053423 , 0.9855957
0.18087915 , -2.1953983 , 1.0334727
0.009579037 , -4.6979866 , 1.0205172
-0.1262476 , -6.8932505 , 1.0160804
0.15600012 , -1.7149289 , 0.5576179
0.12885839 , -1.777119 , 0.8723687
0.15853992 , -2.1759043 , 0.93533313
0.103004426 , -1.5926759 , 0.9047848
0.14760317 , -2.0407693 , 0.89210004
0.17580836 , -2.3788745 , 0.98609173
0.13055149 , -1.839267 , 0.8747277
0.1651531 , -2.279532 , 0.9321062
0.10333366 , -1.6673357 , 0.90758675
0.15187515 , -2.1213503 , 0.89101297
0.1839608 , -2.5017831 , 0.9817807
0.13211468 , -1.9083184 , 0.8771559
0.17127752 , -2.3816116 , 0.9290976
0.20592418 , -2.7254217 , 1.037358
0.15576196 , -2.20341 , 0.89022547
0.19154467 , -2.6221611 , 0.9775941
0.13375083 , -1.9848365 , 0.87944466
0.17695178 , -2.4826775 , 0.92631125
0.21479143 , -2.8605654 , 1.0326204
0.15934166 , -2.2879093 , 0.88968074
0.19859402 , -2.740333 , 0.97354627
0.13562414 , -2.0688405 , 0.88141453
0.18221934 , -2.5833232 , 0.92374396
0.22298813 , -2.9925206 , 1.0278157
0.16270863 , -2.3756511 , 0.88930225
0.20514698 , -2.8566697 , 0.9696481
0.13784707 , -2.1600661 , 0.88292396
0.18712997 , -2.6841414 , 0.9213835
0.23055752 , -3.1215878 , 1.0230424
0.16596287 , -2.4672916 , 0.8890013
0.21124549 , -2.9715588 , 0.9659062
0.14048113 , -2.2579656 , 0.88386667
0.1917386 , -2.785734 , 0.9192078
0.2375471 , -3.2480874 , 1.0183338
0.16920371 , -2.5632515 , 0.8886852
0.21693426 , -3.085416 , 0.96232235
0.14354953 , -2.3619103 , 0.8841641
0.19610561 , -2.8886526 , 0.91718537
