2.5792785e-11 , 6.73e-43 , 2.5792785e-11
6.73e-43 , 5.195505e-11 , 6.73e-43
0.0 , 0.0 , -1.2734446e-19
4.5914e-41 , 2.2e-44 , 0.76180524
0.38176855 , -2.1345897 , 0.46092618
0.44390216 , -0.9993917 , 0.2754199
0.33136472 , -4.3158007 , 0.8920336
0.32706672 , -4.284678 , 0.8439104
0.86166424 , -1.9302126 , 0.89698476
1.0039212 , -1.1106586 , 0.94405466
0.37528145 , -4.622282 , 0.83429044
0.8109457 , -3.6333096 , 0.94835037
0.67542994 , -4.656676 , 0.9041837
0.5268881 , -4.929038 , 0.8658443
0.39578113 , -4.6993184 , 0.86398965
0.55782294 , -4.928141 , 0.86675173
0.3365735 , -4.3308578 , 0.8054101
0.3396407 , -4.353895 , 0.81206274
0.3487734 , -4.4627495 , 0.90819764
0.856871 , -2.9662418 , 0.96756727
0.60848665 , -4.8824363 , 0.8665984
0.75940204 , -4.3116317 , 0.84822804
0.87773275 , -2.8979552 , 0.82111746
0.83058476 , -1.7282239 , 0.75528246
0.5142859 , -4.921828 , 0.86773485
0.41057545 , -4.7378607 , 0.87259585
0.57110375 , -4.918159 , 0.8709603
0.7242601 , -4.5143642 , 0.856292
0.31376353 , -4.159085 , 0.81880313
0.36748946 , -4.561757 , 0.8528437
0.8318308 , -3.3740606 , 0.9617529
0.6985891 , -4.540741 , 0.91765857
0.7919373 , -4.047529 , 0.8460216
0.8818953 , -2.4375906 , 0.82342213
0.9561511 , -1.4352219 , 0.84416264
0.35240772 , -4.4798245 , 0.84072953
0.45069376 , -4.830287 , 0.8788501
0.60909325 , -4.874517 , 0.8736131
0.7584069 , -4.301024 , 0.85485023
0.8730574 , -2.8912017 , 0.8280046
0.37990078 , -4.6243935 , 0.86170506
0.8029871 , -3.7309055 , 0.95541555
0.6641112 , -4.6868463 , 0.9126096
0.513651 , -4.915073 , 0.8756959
0.87057185 , -2.0569277 , 0.90594184
1.0159928 , -1.0974746 , 0.8549155
0.3676322 , -4.554501 , 0.86478835
0.83349675 , -3.3669474 , 0.9676668
0.73509526 , -4.437761 , 0.8634152
0.8583447 , -3.1699224 , 0.8358663
0.8231316 , -1.8577849 , 0.9145172
0.9746275 , -1.3558009 , 0.9646699
0.308121 , -4.162621 , 0.89472985
0.30295926 , -4.131079 , 0.89874524
0.8892822 , -2.2146487 , 0.98259723
0.787998 , -3.8868883 , 0.954366
0.646544 , -4.7410727 , 0.9127607
0.7501333 , -4.207963 , 0.94438946
0.6047339 , -4.8419 , 0.9049003
0.45068696 , -4.843809 , 0.8694904
0.80451506 , -3.8846128 , 0.8537761
0.8642046 , -2.2215836 , 0.83753103
0.9785483 , -1.2558845 , 0.8583541
0.37804136 , -4.6015797 , 0.87708414
0.8098267 , -3.664598 , 0.9654355
0.6287055 , -4.785894 , 0.91317505
0.45031032 , -4.841215 , 0.87263304
0.504294 , -4.8904543 , 0.8921822
0.6822854 , -4.675129 , 0.87831205
0.83591855 , -3.4876504 , 0.8479191
0.83470255 , -1.9124508 , 0.91227514
0.94541645 , -1.5384797 , 0.97163534
0.8102505 , -3.6624858 , 0.9674978
0.72804856 , -4.356174 , 0.9421572
0.55583066 , -4.8959293 , 0.89897245
0.39721265 , -4.645476 , 0.9082462
0.5795445 , -4.892327 , 0.8908212
0.75086313 , -4.3203726 , 0.8696263
0.8682276 , -2.6711254 , 0.8404556
0.9505187 , -1.3770154 , 0.8610594
0.3289105 , -4.3031416 , 0.8435662
0.3324136 , -4.3397274 , 0.8468106
0.53716534 , -4.9006357 , 0.8976666
0.37960905 , -4.641358 , 0.8580511
0.50515175 , -4.8846517 , 0.8980251
0.6585753 , -4.7477126 , 0.8861441
0.79765004 , -3.9274845 , 0.861827
0.8618893 , -2.3131404 , 0.8449712
0.9721093 , -1.4461987 , 0.98038
1.0130342 , -1.1570939 , 0.97529
1.0084946 , -1.0431573 , 0.8605908
0.3392356 , -4.41221 , 0.8508322
0.19276872 , -0.3807298 , 1.5226775
0.213228 , -0.26546416 , 1.6349266
0.14515737 , 0.2799327 , 1.6033138
0.27361453 , -0.9499997 , 1.6018159
0.34963712 , -2.3452482 , 1.4005399
0.37957 , -3.8862348 , 1.132963
0.35439602 , -4.4437256 , 0.9305287
0.048875414 , -0.63288194 , 1.3678571
0.3019692 , -3.8100083 , 1.1008176
0.24491882 , -2.5744252 , 1.2731627
0.18268497 , -1.1548176 , 1.4055871
0.290252 , -3.5214987 , 1.1525319
0.23012243 , -2.1900148 , 1.3151654
0.17397903 , -0.83660746 , 1.4280218
0.38285074 , -4.007934 , 1.1082951
0.34536865 , -4.449599 , 0.8857415
0.3067124 , -3.826235 , 1.100873
0.23596549 , -2.2656863 , 1.3093921
0.17988186 , -0.9149575 , 1.4258296
0.28613067 , -1.0892233 , 1.5950752
0.32763752 , -4.198012 , 1.0138044
0.28023157 , -3.2056007 , 1.2015688
0.21937998 , -1.8319111 , 1.3540487
0.31851968 , -3.9890947 , 1.0701778
0.26683432 , -2.8534124 , 1.2479666
0.20683204 , -1.4738523 , 1.3888627
0.38973126 , -3.603095 , 1.1999941
0.37860098 , -4.39448 , 0.99586713
0.3318637 , -4.2133017 , 1.0140067
0.2720945 , -2.9201565 , 1.2415254
0.21272008 , -1.5521859 , 1.3843186
0.26096588 , -0.71653914 , 1.6414746
0.3489507 , -4.451905 , 0.91699326
0.31069857 , -3.7393117 , 1.123463
0.25612196 , -2.503009 , 1.2917091
0.34170708 , -4.328797 , 0.9805325
0.29950717 , -3.4414983 , 1.1739688
0.24263392 , -2.1372778 , 1.3325332
0.38755104 , -3.1131525 , 1.2951096
0.39438683 , -4.149454 , 1.0835937
0.35278645 , -4.469884 , 0.91754866
0.30411863 , -3.4973419 , 1.166943
0.2482813 , -2.2113757 , 1.3269583
0.20149373 , -0.97585434 , 1.4327446
0.38480413 , -4.4789243 , 0.97079563
0.3360434 , -4.156879 , 1.0388532
0.29016295 , -3.1253557 , 1.2219009
0.36146188 , -4.5403 , 0.8780817
0.32730865 , -3.9281416 , 1.0936149
0.27758157 , -2.7802122 , 1.2672107
0.37624577 , -2.5861285 , 1.3914788
0.40296087 , -3.781762 , 1.1743926
0.38953847 , -4.4963975 , 0.97033566
0.34043768 , -4.1717114 , 1.0390455
0.29571632 , -3.149739 , 1.2219576
0.2405811 , -1.8537902 , 1.370269
0.24071947 , -0.8520892 , 1.5254943
0.3442607 , -1.8772373 , 1.5109609
0.39587665 , -3.1619158 , 1.2950267
0.40305975 , -4.179115 , 1.0832767
0.3605001 , -4.5048184 , 0.9187693
0.34895197 , -4.2731 , 1.0149641
0.30732247 , -3.317686 , 1.2018125
0.25375792 , -2.0517166 , 1.3548559
0.21702039 , -0.9663418 , 1.4331043
0.34564525 , -4.1629624 , 1.047317
0.30198228 , -3.1378064 , 1.2286862
0.24895033 , -1.8749003 , 1.3756294
0.27820167 , -0.9844838 , 1.6452166
0.34208307 , -4.038415 , 1.0786405
0.2965587 , -2.9542725 , 1.2547265
0.24484487 , -1.7088896 , 1.3948859
0.95793116 , -6.6707697 , 1.6328541
0.54135406 , -3.447674 , 1.6518621
0.73698235 , -5.06971 , 1.6660464
0.897002 , -6.306963 , 1.681085
0.9338126 , -6.612044 , 1.5748292
0.9533012 , -3.9504912 , 1.1928012
0.98209566 , -5.5544634 , 1.3528225
0.9821715 , -6.5867505 , 1.532224
0.92656094 , -6.5104823 , 1.5428913
0.9609554 , -4.216913 , 1.2180507
0.9860564 , -5.77369 , 1.3793787
0.97867 , -6.6829 , 1.56925
0.9190459 , -6.3878675 , 1.5126758
0.96829456 , -4.486405 , 1.2433608
0.9890134 , -5.976742 , 1.406438
0.97265744 , -6.7547216 , 1.6130944
0.9110462 , -6.244515 , 1.4829432
0.9752018 , -4.754982 , 1.2687922
0.99081105 , -6.161918 , 1.4342071
0.9538111 , -6.7883186 , 1.6646786
0.90247774 , -6.0800223 , 1.4528792
0.9825725 , -5.08323 , 1.3008239
0.99081796 , -6.363869 , 1.4703603
0.9438582 , -6.721335 , 1.6074926
0.8907295 , -5.843907 , 1.4142088
0.8298281 , -4.2674704 , 1.197437
0.81650096 , -2.6416228 , 0.9648449
0.91521907 , -2.5401886 , 1.0541284
0.9664025 , -4.126542 , 1.2118835
0.9920533 , -5.517801 , 1.3463789
0.986926 , -6.593203 , 1.5261902
0.93423885 , -6.571876 , 1.5483972
0.8743177 , -5.46207 , 1.3572661
0.9959162 , -5.747094 , 1.3728163
0.9813443 , -6.691116 , 1.5628794
0.92819947 , -6.4556327 , 1.5185887
0.8647789 , -5.2165465 , 1.3233547
0.99862885 , -5.9588714 , 1.3999854
0.97254217 , -6.7636127 , 1.6070358
0.9212635 , -6.317683 , 1.4891891
0.85559696 , -4.9540324 , 1.2883128
1.0000207 , -6.1515274 , 1.4277117
0.9541492 , -6.815846 , 1.6696453
0.9133328 , -6.1568084 , 1.4593537
0.84702027 , -4.6761775 , 1.2522783
0.99986374 , -6.322743 , 1.4562643
0.9459358 , -6.7733192 , 1.6251764
0.9045527 , -5.974132 , 1.4297938
0.83931184 , -4.38651 , 1.2160077
0.9978504 , -6.4710927 , 1.4876279
0.9445582 , -6.710724 , 1.5841739
0.89504963 , -5.76788 , 1.396961
0.9482114 , -2.9314396 , 1.1119403
0.99539775 , -4.7429047 , 1.2694854
1.0067714 , -6.216549 , 1.4362156
0.93761784 , -6.813058 , 1.6562601
0.9167971 , -6.13323 , 1.4516466
0.8489289 , -4.5970244 , 1.2431475
0.81749713 , -2.7873285 , 1.0092325
0.895682 , -2.1450672 , 1.0240158
1.0357411 , -6.7687387 , 1.6736337
0.81939834 , -2.9708881 , 1.0369569
0.85807264 , -4.812607 , 1.2701764
0.9268372 , -6.269758 , 1.4734801
1.0409963 , -6.491048 , 1.471827
0.93148154 , -4.305627 , 1.223904
0.9734808 , -6.7656813 , 1.5995377
1.0105162 , -5.665398 , 1.3594093
0.9312213 , -2.4706342 , 1.0687109
1.0835735 , -1.8937156 , 1.0903106
1.1291336 , -6.031777 , 1.3773023
1.070957 , -6.7701025 , 1.644302
0.8950515 , -6.8228126 , 1.7301279
0.96287525 , -6.7863646 , 1.7272929
0.9904602 , -7.0101624 , 1.7846637
1.0301839 , -7.1762924 , 1.6905851
1.0003103 , -6.9331627 , 1.68766
0.9561412 , -6.74443 , 1.6930264
0.9582423 , -6.762622 , 1.7215002
1.5237287 , -5.598914 , 0.22493006
1.4361497 , -5.661185 , 0.2131087
1.4150711 , -5.797434 , 0.23184803
1.4308538 , -6.087218 , 0.24266784
1.1325936 , -6.080871 , 0.2836424
1.1169068 , -6.0519114 , 0.28712633
1.3902063 , -6.0381074 , 0.24547149
1.3732003 , -6.1475677 , 0.2546548
1.379636 , -6.268639 , 0.2577274
1.1126939 , -6.465313 , 0.30791813
1.0083629 , -6.7682953 , 1.6817601
0.997086 , -6.778607 , 1.6794018
0.9837624 , -6.7735934 , 1.7016212
1.0140493 , -6.763959 , 1.7029564
1.0408442 , -6.76939 , 1.7041434
1.0232869 , -6.764085 , 1.721202
0.9868206 , -6.7589855 , 1.7290984
1.2150344 , -6.7450366 , 1.7289631
1.0117232 , -6.756285 , 1.7426984
1.0323154 , -7.082679 , 1.7270373
1.0868654 , -7.714174 , 1.7842938
1.0576111 , -6.849741 , 1.7052326
1.002729 , -6.750991 , 1.7431117
1.0334035 , -6.7785115 , 1.7349851
1.7855762 , 0.0740261 , -0.20807356
1.8725419 , 1.8604027 , -0.39729148
1.5605665 , -2.8833253 , 0.07634403
1.7471551 , -2.478617 , 0.03723924
1.4662628 , -5.718622 , 0.2294926
1.4674283 , -4.296806 , 0.1739921
1.3460828 , -2.6511219 , 0.0839766
1.4789939 , -5.2114253 , 0.20700203
1.6014311 , -2.2032468 , 0.01861905
1.3227115 , -2.872594 , 0.10418892
1.2522274 , -5.8139777 , 0.26385483
0.95806706 , -6.7454233 , 1.7249929
0.98689765 , -6.8465347 , 1.6853657
0.9393501 , -6.740806 , 1.7180572
0.9520458 , -6.8141103 , 1.7189153
1.0133717 , -7.0519123 , 1.6906481
0.98487896 , -6.8358064 , 1.6852331
0.9372488 , -6.7415876 , 1.7175283
1.4578127 , -1.3281987 , -0.04870808
1.2176058 , -4.159329 , 0.20708454
1.4927356 , -3.5575707 , 0.12892093
1.4330021 , -1.5412673 , -0.02635957
1.1956873 , -4.397837 , 0.22189045
0.949166 , -6.817659 , 1.6950201
0.99668616 , -6.9215746 , 1.688781
0.96605587 , -6.745627 , 1.6856898
1.2006744 , -5.9387937 , 0.2779042
0.9560669 , -6.7269397 , 1.7152278
0.9778857 , -6.9064026 , 1.7784607
1.013877 , -7.064711 , 1.6903266
0.983323 , -6.828656 , 1.685578
0.93361515 , -6.767204 , 1.733435
1.5972996 , -2.0832121 , 0.008781747
1.9093692 , 1.0217234 , -0.30992684
1.5456303 , -0.361714 , -0.15250158
1.2525268 , -3.5503902 , 0.16121812
1.6317468 , 0.49004346 , -0.24593633
1.363727 , -2.1885035 , 0.039299637
1.103185 , -5.1909437 , 0.24935034
0.9625101 , -6.801101 , 1.746885
1.1710259 , -5.6173162 , 0.26048568
0.97118205 , -6.769331 , 1.7334168
0.95960784 , -6.738447 , 1.7460018
0.9763899 , -6.888136 , 1.7999843
0.9906804 , -6.8948894 , 1.6902333
0.96974105 , -6.743487 , 1.6837952
0.9491649 , -6.7580967 , 1.7152151
1.5216321 , -2.6137462 , 0.058519993
1.7755247 , 0.071529865 , -0.20683648
1.6686001 , 1.0260489 , -0.30568397
1.3912258 , -1.6304615 , -0.017156973
1.1311872 , -4.4898257 , 0.22518992
1.471457 , -3.1722255 , 0.10451931
1.7153333 , -0.45632124 , -0.15115345
1.7255276 , 1.5589925 , -0.36633217
1.4388146 , -1.0930047 , -0.07360605
1.1816403 , -3.870182 , 0.18437463
1.1316365 , -6.019967 , 0.29418
0.9588816 , -6.6985536 , 1.715241
0.96397483 , -6.7784257 , 1.7698499
0.98201185 , -6.9344363 , 1.8159108
0.98015237 , -6.8138247 , 1.6887373
0.96035945 , -6.7002096 , 1.6826558
1.1486111 , -5.7184973 , 0.27181357
0.9693258 , -6.7354784 , 1.7170451
0.9591187 , -6.7302117 , 1.7534064
0.9745459 , -6.8699384 , 1.8051003
0.98321736 , -6.8395123 , 1.6899295
0.96436554 , -6.7105784 , 1.6826075
1.3184106 , -5.276974 , 0.21704666
1.5388247 , -2.2761917 , 0.029403545
1.8005364 , 0.3910321 , -0.24009313
1.6236855 , 0.7087467 , -0.27047017
1.3507061 , -1.9492415 , 0.015293108
1.0817914 , -4.8724895 , 0.24545732
1.4873028 , -2.8259308 , 0.07752618
1.7387744 , -0.13628314 , -0.18408431
1.679117 , 1.2396269 , -0.3300508
1.3977718 , -1.4088455 , -0.04023538
1.1361907 , -4.225229 , 0.20868504
0.9613809 , -6.7861094 , 1.6828184
0.9574476 , -6.685286 , 1.7198887
0.9629206 , -6.7662168 , 1.7766294
0.98560965 , -6.9102216 , 1.7542192
0.97353274 , -6.766381 , 1.6877233
0.95631164 , -6.685424 , 1.68348
1.128025 , -5.8106894 , 0.28194687
0.9651108 , -6.705894 , 1.713524
0.9582232 , -6.719154 , 1.7607322
0.97236437 , -6.848504 , 1.8099267
0.97624093 , -6.7877445 , 1.6893965
0.9597098 , -6.6839433 , 1.6816591
1.3342917 , -4.8593206 , 0.20529862
1.5572007 , -1.9441042 , -0.00082372566
1.826319 , 0.70980006 , -0.27344865
1.57944 , 0.39278567 , -0.23554718
1.3099606 , -2.2699845 , 0.04692575
1.0392148 , -5.257721 , 0.27508813
0.66259503 , -0.2267894 , 0.012714868
0.7845257 , 0.98979217 , -0.23331366
0.7255184 , 1.3279928 , -0.25257522
0.59738594 , 0.113045 , 0.010375228
0.49185088 , -1.095439 , 0.25171107
1.4744428 , 1.7413714 , -0.40471113
1.1959003 , 1.4709387 , -0.3869204
0.96659124 , 1.4115663 , -0.36608323
0.4755427 , -1.4264281 , 0.3080942
0.6133358 , -2.425049 , 0.30572382
0.739366 , -3.5119975 , 0.3074885
0.8750763 , -4.627276 , 0.3027015
0.92658514 , 1.616694 , -0.38878086
1.1596131 , 1.3913076 , -0.37483364
1.4420203 , 1.5391948 , -0.3730044
1.7687622 , 1.8078567 , -0.39231628
1.1015857 , -4.8822427 , 0.21659337
0.8949758 , -3.781292 , 0.21768165
0.7467414 , -2.6786273 , 0.22102618
0.6069249 , -1.6580979 , 0.22669192
0.5699639 , -2.111675 , 0.30781457
0.6984543 , -3.1746042 , 0.31011823
0.8265987 , -4.299369 , 0.3087115
1.0048357 , -5.358833 , 0.28953493
0.99487853 , -4.433334 , 0.21927455
0.82514036 , -3.307705 , 0.22141977
0.68413526 , -2.2342799 , 0.22593231
0.49106896 , -1.5739098 , 0.3105885
0.62674457 , -2.5847707 , 0.31168374
0.7521491 , -3.6867113 , 0.31337187
0.89110214 , -4.8144045 , 0.30770373
1.1296365 , -5.0719147 , 0.22026987
0.91098493 , -3.9593256 , 0.22236127
0.7606348 , -2.8419096 , 0.2258185
0.6213705 , -1.8077208 , 0.23133434
0.5515879 , -2.0227575 , 0.3131413
0.6813919 , -3.0779223 , 0.31563902
0.80769 , -4.2099833 , 0.31547436
0.9716886 , -5.316764 , 0.30256775
1.0152694 , -4.619181 , 0.22362705
0.83956784 , -3.4797654 , 0.22615808
0.69813865 , -2.3911839 , 0.23069495
0.4711267 , -1.4908872 , 0.31592306
0.60911876 , -2.491271 , 0.31697533
0.73498285 , -3.589469 , 0.31922606
0.8690139 , -4.7364297 , 0.31567398
1.1606646 , -5.2668467 , 0.22374217
0.9275143 , -4.1400585 , 0.22696327
0.7745078 , -3.007306 , 0.23057085
0.6357109 , -1.9587085 , 0.23598437
0.5329994 , -1.9348925 , 0.31840742
0.6643085 , -2.9807606 , 0.32103696
0.78950655 , -4.1158676 , 0.3219212
0.942916 , -5.2585454 , 0.31309485
1.0369309 , -4.8086157 , 0.22782995
0.85419124 , -3.6542828 , 0.23084067
0.7120465 , -2.5499396 , 0.23542984
0.5721075 , -1.545205 , 0.24159536
0.5913259 , -2.398415 , 0.32219413
0.7180118 , -3.4904275 , 0.3248956
0.8483301 , -4.6506014 , 0.32311475
1.1957939 , -5.468697 , 0.22734457
0.94466466 , -4.3237123 , 0.23147456
0.7883872 , -3.1749122 , 0.2352796
0.64993995 , -2.111222 , 0.24063063
0.5141835 , -1.8482299 , 0.32358205
0.6471523 , -2.8835502 , 0.3263279
0.77188295 , -4.018015 , 0.32808983
0.9170917 , -5.1877294 , 0.3222823
1.0600955 , -5.002238 , 0.2318846
0.8690735 , -3.8313937 , 0.2354615
0.7258678 , -2.71064 , 0.24013609
0.5868941 , -1.6924415 , 0.2460678
0.573346 , -2.3064437 , 0.32734242
0.70114654 , -3.3902159 , 0.3304024
0.82877845 , -4.5583186 , 0.33010867
1.2373242 , -5.680218 , 0.23151788
0.9625496 , -4.5105686 , 0.2358868
0.8023056 , -3.344831 , 0.23994167
0.66405183 , -2.2653766 , 0.24528047
0.49511293 , -1.7628801 , 0.32863092
0.6298789 , -2.7866645 , 0.33152387
0.7546699 , -3.9173133 , 0.3340124
0.8934841 , -5.1067033 , 0.33058095
1.0850383 , -5.2008405 , 0.23579858
0.88427967 , -4.011258 , 0.24001463
0.7396138 , -2.8733761 , 0.24481069
0.60149366 , -1.8407996 , 0.25059727
0.5551704 , -2.215556 , 0.33241844
0.6843195 , -3.289386 , 0.33576658
0.8101538 , -4.460803 , 0.33672205
0.9767875 , -5.662511 , 0.33014712
0.9813231 , -4.700992 , 0.24018915
0.8163108 , -3.5171778 , 0.24455252
0.6780489 , -2.421269 , 0.24992743
0.47571093 , -1.6789067 , 0.33355647
0.61244494 , -2.6904225 , 0.3366356
0.73772323 , -3.8145542 , 0.33972117
0.871565 , -5.0172997 , 0.3382384
1.1120533 , -5.4054766 , 0.23954476
0.8998564 , -4.194067 , 0.24448836
0.75329024 , -3.0382428 , 0.24944822
0.6159364 , -1.9905338 , 0.25516707
0.53680164 , -2.1259148 , 0.3374198
0.6674797 , -3.188422 , 0.34100908
0.7922948 , -4.359145 , 0.3430192
0.9474247 , -5.5850763 , 0.3391855
1.0012037 , -4.8954372 , 0.244349
0.83047265 , -3.6920798 , 0.24910034
0.6919445 , -2.5789864 , 0.2545609
0.5030981 , -1.5963929 , 0.30050722
0.5948237 , -2.5950854 , 0.34167412
0.7209427 , -3.7104235 , 0.34525397
0.85099465 , -4.920996 , 0.34542954
1.1416081 , -5.617617 , 0.24294251
0.91586596 , -4.380077 , 0.24884407
0.7669131 , -3.2053494 , 0.2540348
0.6302258 , -2.141792 , 0.25975522
0.51820946 , -2.0376585 , 0.34234706
0.6505355 , -3.087758 , 0.34614903
0.7749253 , -4.254358 , 0.3490694
0.9213296 , -5.497879 , 0.34745306
1.0222269 , -5.094384 , 0.24822024
0.84479487 , -3.8696518 , 0.25353268
0.70571834 , -2.7385998 , 0.25915688
0.56699216 , -1.7261221 , 0.26474127
0.87001824 , -6.098184 , 1.6812032
0.7001573 , -4.7723503 , 1.6653935
0.49902907 , -3.070335 , 1.6510757
0.29771426 , -1.1558871 , 1.6330045
0.5249857 , -3.2898095 , 1.6543835
0.72342116 , -4.9501967 , 1.6689739
0.8884841 , -6.2281275 , 1.6854141
0.30480394 , -1.7374817 , 1.4557742
0.5487368 , -3.7265549 , 1.5153642
0.76525885 , -5.293979 , 1.5593307
0.93015885 , -6.4573083 , 1.6150934
0.9211363 , -6.3869324 , 1.6131266
0.7498719 , -5.182057 , 1.5577298
0.53063905 , -3.5812838 , 1.5132928
0.28507492 , -1.5446228 , 1.4485254
0.45371574 , -2.6654124 , 1.6511154
0.6610158 , -4.4564414 , 1.6659901
0.8395048 , -5.868265 , 1.682075
0.95662993 , -6.7640944 , 1.6955677
0.85263115 , -5.9162426 , 1.5879408
0.6552905 , -4.5201063 , 1.5400045
0.42337018 , -2.745678 , 1.492015
0.32558504 , -1.4325006 , 1.63873
0.5493089 , -3.49991 , 1.6595817
0.7454921 , -5.12381 , 1.6746855
0.9051706 , -6.3526917 , 1.6927732
0.9344507 , -6.498249 , 1.6293296
0.7730284 , -5.3492665 , 1.5671253
0.5574046 , -3.7844665 , 1.5220034
0.3142817 , -1.8046799 , 1.4621031
0.42691436 , -2.4055436 , 1.6523325
0.6380198 , -4.256368 , 1.6679158
0.8216594 , -5.721126 , 1.6842306
0.95174843 , -6.704781 , 1.7046399
0.872695 , -6.058131 , 1.5996557
0.6814086 , -4.703743 , 1.5486126
0.4524713 , -2.9690428 , 1.5016906
0.29559034 , -1.1189922 , 1.6372639
0.52307296 , -3.268459 , 1.6613979
0.72317094 , -4.9455304 , 1.676642
0.88952255 , -6.234334 , 1.695353
0.9452907 , -6.597785 , 1.6479592
0.79535455 , -5.512464 , 1.5767416
0.5838044 , -3.9842768 , 1.5305794
0.34319592 , -2.0560641 , 1.475147
0.39902034 , -2.135502 , 1.6536248
0.614085 , -4.0489435 , 1.6698449
0.80241966 , -5.5660815 , 1.6861523
0.94313455 , -6.6287317 , 1.7096155
0.89099115 , -6.192752 , 1.6122241
0.7066916 , -4.883831 , 1.5572903
0.48076302 , -3.187427 , 1.5110831
0.22823101 , -1.0060521 , 1.4271736
0.49669293 , -3.028646 , 1.6632627
0.70061606 , -4.7600274 , 1.6785196
0.87318975 , -6.106464 , 1.6971939
0.95369583 , -6.682131 , 1.6707435
0.8172764 , -5.6707816 , 1.5867187
0.61030847 , -4.180492 , 1.5390899
0.37245774 , -2.2995744 , 1.4871764
0.37013406 , -1.8543429 , 1.6554575
0.58935493 , -3.833947 , 1.6717762
0.78205526 , -5.4032426 , 1.687871
0.9317937 , -6.538452 , 1.7116941
0.9074647 , -6.319003 , 1.6259006
0.7312198 , -5.060252 , 1.5660982
0.5084905 , -3.4013839 , 1.52021
0.25834012 , -1.289842 , 1.4517221
0.4698437 , -2.7801342 , 1.6652637
0.6775471 , -4.567324 , 1.6803428
0.8558483 , -5.969621 , 1.6985621
0.9578359 , -6.7467856 , 1.7022703
0.8383578 , -5.823571 , 1.5971298
0.6365717 , -4.3731527 , 1.5475637
0.40150654 , -2.5362968 , 1.4982898
0.34064114 , -1.5609767 , 1.6588227
0.56407076 , -3.6112719 , 1.6737541
0.7609005 , -5.23284 , 1.6894599
0.91861725 , -6.4357915 , 1.7122483
0.92214924 , -6.4352827 , 1.6409127
0.7551468 , -5.232654 , 1.575067
0.53592837 , -3.611188 , 1.5290949
0.2887984 , -1.5607839 , 1.4693052
0.44236618 , -2.5224698 , 1.6675683
0.65387017 , -4.367378 , 1.6821567
0.8374389 , -5.8241916 , 1.6996769
0.9632483 , -6.7459683 , 1.7333035
0.85832816 , -5.9700775 , 1.6080167
0.6624352 , -4.56225 , 1.5560194
0.43019214 , -2.7670891 , 1.5086576
0.3108249 , -1.2534926 , 1.6649032
0.538269 , -3.3807511 , 1.6758469
0.739048 , -5.0550365 , 1.6909901
0.9039675 , -6.3219967 , 1.7121919
0.9347464 , -6.5395494 , 1.657425
0.77841735 , -5.400611 , 1.584214
0.563105 , -3.8170447 , 1.5377648
0.3189368 , -1.8214781 , 1.4835823
0.23032007 , -0.45706955 , 1.7673554
0.18391591 , -0.05950266 , 1.8230749
0.12415055 , 0.23572698 , 1.6592996
0.15946613 , -0.08645128 , 1.6356032
0.19297977 , -0.49747196 , 1.5534577
0.87623984 , -6.024825 , 1.6853391
0.64869213 , -4.294972 , 1.678444
0.41493213 , -2.3965783 , 1.666445
0.1866138 , -0.3406457 , 1.6589704
0.40907213 , -2.584251 , 1.5097535
0.6439648 , -4.4241495 , 1.5569249
0.8441099 , -5.8734555 , 1.6074983
0.95512223 , -6.755925 , 1.7178082
0.3876413 , -1.8322659 , 1.826454
0.62122816 , -3.7834103 , 1.8233632
0.8322534 , -5.5519166 , 1.8189211
0.9522012 , -6.6562724 , 1.728481
0.8114822 , -5.617346 , 1.701572
0.62136847 , -4.0881844 , 1.685264
0.40456122 , -2.1611485 , 1.6723652
0.32872057 , -1.9037845 , 1.4886464
0.5719865 , -3.8834524 , 1.5411255
0.7859321 , -5.455281 , 1.5877986
0.9382656 , -6.571134 , 1.6636817
0.8989415 , -6.2818284 , 1.7126522
0.7316549 , -4.993594 , 1.6920825
0.5294643 , -3.300357 , 1.6772367
0.300706 , -1.144213 , 1.6687758
0.045049727 , 0.5109847 , 1.4223738
0.05856521 , 0.41205782 , 1.4221275
0.22677824 , -0.6378552 , 1.2907515
0.11376165 , -0.012953331 , 1.4086667
0.12693566 , -0.094346985 , 1.42209
0.19228154 , -0.34293246 , 1.5439515
0.23990096 , -0.8194557 , 1.488964
0.17653638 , 0.019072536 , 1.6221
0.16250718 , 0.13651451 , 1.6390309
0.22701085 , -0.5913298 , 1.4064485
0.112328686 , 0.5835446 , 1.6417581
0.09853244 , 0.7034989 , 1.6460326
0.19609627 , -0.37618214 , 1.5457973
0.009562114 , 1.1562127 , 1.54182
-0.011983748 , 1.0574178 , 1.4374832
0.23590046 , -0.75982547 , 1.5448169
0.043529667 , 0.6258942 , 1.4416142
0.0573315 , 0.5242982 , 1.4441588
0.21958627 , -0.54730624 , 1.5489701
0.11375705 , 0.08180107 , 1.4443891
0.12804903 , -0.026347948 , 1.4472547
0.19278836 , -0.33801982 , 1.5618037
0.23181134 , -0.7086462 , 1.5657616
0.1635989 , 0.0965936 , 1.6766218
0.0022994815 , 1.4540894 , 1.8290784
-0.014556101 , 1.5290382 , 1.793658
-0.027106576 , 1.681932 , 1.8293663
0.109463766 , 0.5707685 , 1.8313595
0.14306004 , 0.28083977 , 1.809651
0.19406521 , -0.13842474 , 1.7189018
-0.038490713 , 1.6559236 , 1.6435292
-0.028833354 , 1.5019016 , 1.5722164
0.14464957 , -0.07346294 , 1.5199932
0.11366546 , 0.31832308 , 1.624082
0.08302696 , 0.6041953 , 1.6582105
0.12602597 , 0.42841378 , 1.8278636
0.16421178 , 0.10789636 , 1.7863817
0.15196584 , -0.15255126 , 1.5058422
0.11955402 , 0.26148906 , 1.6190802
0.08889052 , 0.5529345 , 1.6573356
0.12702492 , 0.42127594 , 1.8290894
0.16449702 , 0.10476608 , 1.7918893
0.15978822 , -0.234613 , 1.4899789
0.12548737 , 0.203333 , 1.6136787
0.09477481 , 0.5012256 , 1.6561418
0.12796754 , 0.4145031 , 1.830048
0.16485323 , 0.101181045 , 1.7968866
0.16841537 , -0.31904235 , 1.4720368
0.13146478 , 0.1438459 , 1.6078604
0.10067622 , 0.44907978 , 1.6546324
0.12885335 , 0.40805936 , 1.8307347
0.1652863 , 0.09702599 , 1.8014294
0.22365834 , -0.38183373 , 1.6882
0.13750145 , 0.08270554 , 1.6015906
0.10659464 , 0.3964391 , 1.6528095
0.12967746 , 0.40199214 , 1.831142
0.16577792 , 0.09262931 , 1.8055546
0.22271046 , -0.36956236 , 1.703959
0.14359635 , 0.019968932 , 1.5948431
0.9293077 , -6.009593 , 0.646095
0.74888986 , -5.262999 , 0.64361763
0.5813455 , -4.559276 , 0.6430107
0.42241305 , -3.801073 , 0.64562356
0.8824591 , -5.8624954 , 0.6419909
0.7069286 , -5.093007 , 0.63874674
0.5430318 , -4.35996 , 0.6384596
0.3861113 , -3.5706315 , 0.6408476
0.837174 , -5.697023 , 0.63732815
0.66635585 , -4.9088373 , 0.63368917
0.5055052 , -4.1486135 , 0.6337182
0.97543037 , -6.4179697 , 0.63464844
0.7934956 , -5.5155635 , 0.63219506
0.6270235 , -4.7121596 , 0.628494
0.46859643 , -3.9270592 , 0.62877697
0.9269955 , -6.2378798 , 0.6306588
0.75140786 , -5.320549 , 0.62666553
0.5887505 , -4.5044484 , 0.6231909
0.4321838 , -3.6970668 , 0.6236335
0.88072145 , -6.040405 , 0.6259752
0.71082705 , -5.1143227 , 0.6208294
0.5513438 , -4.287049 , 0.61778706
0.39627725 , -3.4603262 , 0.61828744
0.83650935 , -5.8278875 , 0.62067646
0.67160124 , -4.8988996 , 0.61479115
0.5146149 , -4.061251 , 0.612276
0.97315645 , -6.67096 , 0.6179958
0.79419285 , -5.603024 , 0.6148081
0.6335323 , -4.6758294 , 0.60864383
0.4783959 , -3.8283243 , 0.6066466
0.9245221 , -6.440962 , 0.6134944
0.7536185 , -5.3687596 , 0.6084388
0.5964066 , -4.4462404 , 0.6024469
0.44256634 , -3.5895243 , 0.6008878
0.8787617 , -6.1966434 , 0.60831165
0.7145951 , -5.127884 , 0.6016952
0.560017 , -4.2109947 , 0.59622395
0.40711588 , -3.3461006 , 0.5949865
0.8356245 , -5.940221 , 0.6024559
0.67688155 , -4.8825808 , 0.5947355
0.5241757 , -3.9708433 , 0.58997357
0.9714372 , -6.8872685 , 0.5993154
0.79473317 , -5.6747556 , 0.5959163
0.640216 , -4.634254 , 0.58769745
0.48872373 , -3.7265189 , 0.5836827
0.9224649 , -6.6122184 , 0.5944134
0.75577843 , -5.4038115 , 0.5887629
0.6043508 , -4.383663 , 0.5806667
0.45354614 , -3.4787838 , 0.5773325
0.87706774 , -6.3253574 , 0.5888472
0.71843344 , -5.1306524 , 0.58117443
0.5690699 , -4.131194 , 0.5736785
0.4186146 , -3.2284636 , 0.5708988
0.8349375 , -6.0287995 , 0.5825228
0.5705611 , -3.4932299 , 0.47685292
0.42803055 , -2.504436 , 0.47173405
0.8033361 , -5.6519527 , 0.48795837
0.6734296 , -4.310457 , 0.4764479
0.53909016 , -3.2046797 , 0.46824077
0.9317754 , -6.793097 , 0.48119086
0.7717327 , -5.269129 , 0.4778272
0.64351386 , -3.9899583 , 0.46695077
0.50735945 , -2.9214714 , 0.45978266
0.88373 , -6.381978 , 0.47597316
0.7417939 , -4.9011774 , 0.46755347
0.6134899 , -3.678817 , 0.45766318
0.47533694 , -2.643007 , 0.45146793
0.8444716 , -5.965453 , 0.46790892
0.712666 , -4.5477514 , 0.4574212
0.583227 , -3.375928 , 0.44856778
0.44296053 , -2.368772 , 0.44326976
0.8108982 , -5.5579557 , 0.4579485
0.68384826 , -4.20748 , 0.44750825
0.5526421 , -3.0803666 , 0.43964455
0.94374794 , -6.682494 , 0.4495269
0.780459 , -5.1666365 , 0.4474512
0.65503484 , -3.8788505 , 0.43782017
0.521689 , -2.7913687 , 0.43087855
0.893352 , -6.2594957 , 0.44471115
0.75159466 , -4.792259 , 0.43703848
0.6260279 , -3.560496 , 0.42834082
0.49034533 , -2.508264 , 0.42226875
0.85432667 , -5.833449 , 0.43582729
0.7234689 , -4.4333076 , 0.42685887
0.5966953 , -3.251259 , 0.41904858
0.45855266 , -2.2303538 , 0.4138269
0.8215711 , -5.422325 , 0.42531294
0.6956081 , -4.0879407 , 0.41692036
0.56695044 , -2.9501867 , 0.40992135
0.9602736 , -6.5025225 , 0.41566464
0.7918535 , -5.03036 , 0.4147569
0.6677143 , -3.7545154 , 0.40720063
0.5367412 , -2.6565056 , 0.40093958
0.9071867 , -6.072677 , 0.41066638
0.7636326 , -4.6559076 , 0.40448505
0.6395858 , -3.4316652 , 0.39767432
0.50603914 , -2.3695676 , 0.39209285
0.8684792 , -5.647341 , 0.4005447
0.73614913 , -4.296578 , 0.39449355
0.6110822 , -3.1182733 , 0.3883187
0.47479334 , -2.0887208 , 0.38340572
0.8360104 , -5.2432117 , 0.38993463
0.7089562 , -3.9503422 , 0.38473368
0.58210665 , -2.8134217 , 0.37911335
0.98133343 , -6.244836 , 0.38025564
0.80638635 , -4.858833 , 0.37977466
0.6817545 , -3.6156216 , 0.37516323
0.5525963 , -2.5163562 , 0.37004375
0.680541 , -4.9110126 , 0.7484565
0.55057716 , -4.8136563 , 0.72746176
0.8272037 , -4.096099 , 0.7624365
0.7637047 , -4.694948 , 0.75738627
0.6512697 , -4.9338937 , 0.7374823
0.51802987 , -4.7016487 , 0.7173271
0.81878316 , -4.339181 , 0.75580937
0.73945934 , -4.824397 , 0.74643964
0.62127334 , -4.915995 , 0.72692734
0.48458067 , -4.5563645 , 0.7077014
0.8050611 , -4.547506 , 0.74807334
0.7135057 , -4.907231 , 0.7355309
0.59062606 , -4.8601108 , 0.7167056
0.45014003 , -4.3821754 , 0.6988043
0.7871171 , -4.717487 , 0.7393774
0.6862579 , -4.945964 , 0.7248692
0.55929714 , -4.7686033 , 0.70677674
0.4148302 , -4.1842513 , 0.69069505
0.76619947 , -4.8465376 , 0.7299698
0.65798527 , -4.9436545 , 0.7145328
0.5271671 , -4.643993 , 0.69720674
0.82142574 , -4.6745048 , 0.7255683
0.7430858 , -4.9336762 , 0.72016156
0.6288477 , -4.9033313 , 0.70451707
0.49411398 , -4.489604 , 0.6881439
0.8073787 , -4.8232346 , 0.7182427
0.7182796 , -4.979524 , 0.71023494
0.59891087 , -4.8277545 , 0.69479233
0.46013427 , -4.309658 , 0.6797071
0.78970176 , -4.936559 , 0.71030563
0.6921218 , -4.9858856 , 0.70038795
0.5681545 , -4.719543 , 0.6853634
0.42539626 , -4.1086593 , 0.6719051
0.7694334 , -5.013723 , 0.7018539
0.6648383 , -4.9552016 , 0.69072616
0.53650665 , -4.581568 , 0.67629975
0.82606095 , -5.024784 , 0.69527376
0.7472097 , -5.054514 , 0.6930377
0.63656396 , -4.89011 , 0.6812875
0.5039156 , -4.417268 , 0.6677019
0.8112916 , -5.112822 , 0.68828017
0.7234051 , -5.059535 , 0.6840334
0.60735565 , -4.7932367 , 0.67208636
0.47042722 , -4.2305574 , 0.6596309
0.7935381 , -5.1681457 , 0.6809001
0.6982589 , -5.0301886 , 0.6749964
0.5772096 , -4.667255 , 0.66315526
0.43622866 , -4.025368 , 0.65207577
0.7736177 , -5.191473 , 0.67318326
0.6719272 , -4.9684477 , 0.66603315
0.54609656 , -4.5150967 , 0.6545581
0.83278877 , -5.381097 , 0.6648234
0.7520438 , -5.1834846 , 0.6651877
0.6445037 , -4.8765855 , 0.65720457
0.78305835 , -5.470805 , 0.469174
0.6732273 , -4.3558116 , 0.47702205
0.54641914 , -3.4015088 , 0.479846
0.8713392 , -6.476316 , 0.4557116
0.76028854 , -5.166874 , 0.46409288
0.6466355 , -4.0862784 , 0.47109178
0.5155245 , -3.144051 , 0.47333542
0.84603155 , -6.1436706 , 0.44972426
0.7367628 , -4.8671064 , 0.4589996
0.6189745 , -3.8182259 , 0.46496674
0.48403174 , -2.8864691 , 0.46684423
0.82242835 , -5.8069177 , 0.44419348
0.7123358 , -4.5725117 , 0.45373216
0.59028846 , -3.551444 , 0.4586824
0.926764 , -6.8923554 , 0.43191063
0.79928404 , -5.4714956 , 0.439138
0.68694556 , -4.283093 , 0.4482172
0.5606441 , -3.2858078 , 0.45228037
0.89480287 , -6.53637 , 0.42547336
0.7758938 , -5.141783 , 0.43430087
0.6605657 , -3.9983797 , 0.44244704
0.5301382 , -3.0213287 , 0.4458075
0.86741656 , -6.1726604 , 0.41929725
0.7519366 , -4.8200636 , 0.4294014
0.63319117 , -3.7177796 , 0.4364473
0.49894243 , -2.7582095 , 0.43931463
0.84231067 , -5.8072014 , 0.41385403
0.7272701 , -4.506844 , 0.4242723
0.6048376 , -3.440745 , 0.43025544
0.95844513 , -6.932692 , 0.40236473
0.817928 , -5.4467783 , 0.4090039
0.70181274 , -4.201643 , 0.41885698
0.5755453 , -3.1668332 , 0.42391095
0.9224926 , -6.5510573 , 0.3952714
0.7935338 , -5.0959606 , 0.4043301
0.6755055 , -3.9036114 , 0.4131628
0.5453844 , -2.8957343 , 0.41745678
0.89253914 , -6.1615515 , 0.3888512
0.7688358 , -4.756453 , 0.39950922
0.6483083 , -3.6118636 , 0.4072238
0.5144668 , -2.6273224 , 0.4109445
0.8653882 , -5.772828 , 0.38353217
0.7436854 , -4.4280934 , 0.3944008
0.62020284 , -3.325613 , 0.40107992
0.99567825 , -6.915891 , 0.37310532
0.8392383 , -5.393119 , 0.3788586
0.7179652 , -4.109918 , 0.3889811
0.5911974 , -3.0442002 , 0.39476746
0.9550056 , -6.514894 , 0.3650759
0.8134076 , -5.026607 , 0.3742378
0.69157225 , -3.8007712 , 0.38327697
0.56132984 , -2.7670777 , 0.38831818
0.92187536 , -6.1052294 , 0.35845715
0.78763586 , -4.6740003 , 0.3693619
0.6644247 , -3.499566 , 0.37733117
0.53066325 , -2.4938173 , 0.38177085
0.891971 , -5.6996603 , 0.35335112
0.7617398 , -4.334381 , 0.3641526
0.6364677 , -3.2053714 , 0.3711867
1.0393045 , -6.83656 , 0.3440561
0.8634313 , -5.30739 , 0.34878418
0.7355436 , -4.0063725 , 0.35862753
0.607675 , -2.9174132 , 0.36487833
0.99303764 , -6.4222155 , 0.33483407
0.8357013 , -4.931259 , 0.34406337
0.7088878 , -3.6886137 , 0.35283187
0.5780479 , -2.6350238 , 0.3584262
0.95587283 , -5.9986267 , 0.32826275
0.8085096 , -4.5706453 , 0.33898714
0.68164283 , -3.379911 , 0.3468141
0.54760075 , -2.357562 , 0.35183886
0.92229193 , -5.5840936 , 0.32346427
0.78159255 , -4.2239447 , 0.33356196
0.6537152 , -3.079271 , 0.34061754
1.0904769 , -6.689272 , 0.31500396
0.8906819 , -5.1870465 , 0.31883842
0.75469154 , -3.889509 , 0.3278436
0.62504697 , -2.7858818 , 0.3342765
1.0373974 , -6.2667446 , 0.30452463
0.86058694 , -4.807855 , 0.3138283
0.72757804 , -3.5658972 , 0.32188937
0.5956071 , -2.4990616 , 0.32780877
0.99483943 , -5.8369837 , 0.2985766
0.8316251 , -4.4445796 , 0.30841532
0.7000686 , -3.2519097 , 0.3157473
0.5653623 , -2.2181404 , 0.3211973
0.9564668 , -5.423477 , 0.2940087
0.80340195 , -4.0951686 , 0.30268338
0.67202896 , -2.9465604 , 0.3094554
0.53413606 , -1.94223 , 0.31438524
0.9211255 , -5.0302587 , 0.28903973
0.77555335 , -3.757902 , 0.29671177
0.6433721 , -2.649044 , 0.30304372
1.0888972 , -6.0406938 , 0.27446458
0.8882224 , -4.654784 , 0.28356186
0.7477715 , -3.4314 , 0.29055682
0.6140482 , -2.3586967 , 0.29653287
1.0387493 , -5.6168528 , 0.2698728
0.8571417 , -4.2942886 , 0.27772915
0.7198118 , -3.114557 , 0.28426
0.5840075 , -2.0749393 , 0.28992584
0.9945148 , -5.2165103 , 0.2649766
0.82732487 , -3.9466221 , 0.27163887
0.6915001 , -2.8064585 , 0.27784228
0.55301696 , -1.7970598 , 0.2831231
0.9548477 , -4.836015 , 0.25951114
0.7982605 , -3.610263 , 0.2654208
0.6627089 , -2.506363 , 0.2713573
0.890888 , -2.2622342 , 0.8518722
0.93560666 , -4.4915524 , 0.7163589
0.94370186 , -6.695268 , 0.5840759
1.0062112 , -7.035508 , 0.418813
0.9052271 , -2.623215 , 0.8142546
0.9404422 , -5.113206 , 0.6864596
0.9515049 , -7.006259 , 0.5478915
1.045521 , -6.766615 , 0.37268913
0.919537 , -3.1301923 , 0.78120404
0.94377404 , -5.70527 , 0.65564066
0.96466064 , -7.193511 , 0.5095543
1.0961362 , -6.337446 , 0.32358098
0.9316372 , -3.7240167 , 0.7505778
0.94686335 , -6.2391076 , 0.6234427
0.98516166 , -7.243853 , 0.4689147
0.8831152 , -2.1178172 , 0.8586388
0.9406634 , -4.3615966 , 0.72088426
0.95132244 , -6.6888905 , 0.58953786
1.0150108 , -7.1482005 , 0.4258287
0.9010315 , -2.4638119 , 0.81975514
0.94679636 , -5.006831 , 0.69108504
0.95902544 , -7.032088 , 0.55368674
1.0561537 , -6.900374 , 0.38013065
0.9194022 , -2.9691558 , 0.7860408
0.9509064 , -5.6270556 , 0.6604631
0.9720363 , -7.249999 , 0.5157017
1.1100792 , -6.4938436 , 0.33155432
0.93463385 , -3.570995 , 0.7551187
0.95433944 , -6.192164 , 0.628524
0.99256307 , -7.3282166 , 0.47542536
0.86944216 , -1.9801178 , 0.8655575
0.94579047 , -4.2245936 , 0.7253635
0.95879436 , -6.6748333 , 0.59492016
1.0229756 , -7.2568154 , 0.43270954
0.8946191 , -2.3059783 , 0.8252631
0.9532697 , -4.8924546 , 0.69565415
0.96623987 , -7.0510473 , 0.5593971
1.0659952 , -7.0296936 , 0.3873873
0.9191088 , -2.8059556 , 0.79085606
0.958122 , -5.5404334 , 0.66522104
0.97885656 , -7.30064 , 0.52175736
1.1252179 , -6.642438 , 0.33921582
0.93801856 , -3.41309 , 0.75962836
0.96181464 , -6.136869 , 0.63353544
0.99901104 , -7.4078116 , 0.48183477
0.8440909 , -1.8529819 , 0.8732609
0.95134044 , -4.080837 , 0.7298014
0.9661351 , -6.6528735 , 0.600228
1.0293185 , -7.3615007 , 0.43947044
0.8879372 , -2.151733 , 0.8306679
0.96007174 , -4.7701755 , 0.7001721
0.97312814 , -7.0628815 , 0.5650287
1.073002 , -7.1551585 , 0.39447963
0.9203466 , -2.6417518 , 0.7956467
0.9655447 , -5.4453635 , 0.6699208
0.98504835 , -7.345194 , 0.527731
1.1354687 , -6.785187 , 0.34655944
0.94265693 , -3.250976 , 0.76411676
0.9693635 , -6.0730824 , 0.63848275
1.0043308 , -7.482495 , 0.488158
1.2314944 , -6.2942023 , 0.2942868
1.0566127 , -1.7112778 , 0.8020166
1.0608058 , -5.2602344 , 0.6753096
1.0464648 , -8.120879 , 0.5354077
1.1682172 , -7.58237 , 0.35671112
0.95142514 , -1.5777098 , 0.82266945
0.9183101 , -1.8125163 , 0.79770803
1.0729169 , -1.3331351 , 0.7998108
1.0636263 , -1.5874023 , 0.78723913
1.0483972 , -1.8741103 , 0.7732119
1.0258888 , -2.192379 , 0.75960016
1.1452851 , -1.759657 , 0.7545305
1.1351385 , -2.1041415 , 0.74586755
1.1180456 , -2.4596817 , 0.7375393
1.0949199 , -2.8186955 , 0.7300567
1.070372 , -3.1722834 , 0.7238529
1.1878517 , -2.8790438 , 0.7172882
1.1667421 , -3.2594347 , 0.71249634
1.1407733 , -3.6222649 , 0.70806634
1.1125636 , -3.9622984 , 0.7041001
1.0857356 , -4.275015 , 0.7005273
1.1953065 , -4.215247 , 0.69430673
1.1668757 , -4.547559 , 0.6906964
1.136491 , -4.846483 , 0.68709004
1.1061361 , -5.11013 , 0.6834552
1.2042236 , -5.2575545 , 0.67844576
1.1747987 , -5.530898 , 0.674314
1.1438751 , -5.765418 , 0.6699142
1.112858 , -5.960965 , 0.665248
1.082635 , -6.117818 , 0.66024435
1.1672506 , -6.500877 , 0.65581995
1.1373323 , -6.653408 , 0.6499201
1.1077996 , -6.766572 , 0.64360607
1.0790917 , -6.8417325 , 0.63685393
1.051051 , -6.880577 , 0.6296133
1.1207166 , -7.442107 , 0.62501484
1.0942726 , -7.4635606 , 0.61659616
1.0693238 , -7.4502134 , 0.6076789
1.0454189 , -7.404506 , 0.5982755
1.0988879 , -8.062975 , 0.5935076
1.0767074 , -7.98807 , 0.58255494
1.0570102 , -7.8840594 , 0.57106173
1.0395237 , -7.754083 , 0.5591231
1.02259 , -7.6010995 , 0.54688406
1.0605787 , -8.275859 , 0.5398288
1.0468926 , -8.083915 , 0.5252467
1.0369332 , -7.875377 , 0.51032007
1.029678 , -7.653309 , 0.49545133
1.0214182 , -7.4191513 , 0.48112392
1.0452037 , -7.9891615 , 0.4681099
1.0426522 , -7.7143908 , 0.44959804
1.044516 , -7.4387665 , 0.43180948
1.0501757 , -7.161099 , 0.4156742
1.0621516 , -7.5411835 , 0.39802742
1.065329 , -7.2191386 , 0.37583184
1.0726845 , -6.908876 , 0.35448495
1.0833755 , -6.607101 , 0.33422747
0.8599624 , -1.6512712 , 0.9307459
0.99270207 , -1.1642708 , 0.9159818
0.95969456 , -1.3770119 , 0.89879787
0.9194483 , -1.6167089 , 0.88656956
0.8732391 , -1.8958615 , 0.8788391
0.83289623 , -2.2116294 , 0.8722684
0.94514346 , -1.7602557 , 0.8554358
0.9134188 , -2.0921855 , 0.8440884
0.8810429 , -2.4390423 , 0.8334077
0.85145074 , -2.7920465 , 0.8225917
0.9319955 , -2.4394705 , 0.8127056
0.9097458 , -2.821288 , 0.7994583
0.88724124 , -3.1939297 , 0.786365
0.86593854 , -3.5510564 , 0.7731909
0.84879804 , -3.886753 , 0.7597946
0.9075142 , -3.745021 , 0.74968433
0.8930371 , -4.1039543 , 0.73545724
0.8785261 , -4.4334245 , 0.72126603
0.8654549 , -4.730592 , 0.70704895
0.8553795 , -4.9933057 , 0.6927787
0.90088457 , -5.1058517 , 0.68133336
0.89220625 , -5.380138 , 0.6669128
0.88372993 , -5.6163573 , 0.6525506
0.8762831 , -5.8141694 , 0.63824123
0.9137584 , -6.1264176 , 0.6253987
0.9099387 , -6.3242326 , 0.61118084
0.9060892 , -6.4820566 , 0.59705603
0.9024415 , -6.6008105 , 0.58302855
0.89897346 , -6.681766 , 0.56909496
0.93498534 , -7.1949205 , 0.5551461
0.93553543 , -7.2622113 , 0.54151875
0.9361812 , -7.292483 , 0.5279982
0.93665946 , -7.2878594 , 0.5145915
0.93598926 , -7.2506895 , 0.5012813
0.97581506 , -7.8905463 , 0.4868757
0.9806423 , -7.8276 , 0.4740862
0.98557943 , -7.735084 , 0.4613916
0.9895747 , -7.6159477 , 0.44874987
1.0318234 , -8.300673 , 0.43412897
1.040034 , -8.144389 , 0.42238382
1.0488311 , -7.966643 , 0.4106627
1.0576621 , -7.7709055 , 0.3988109
1.0646203 , -7.5597434 , 0.3865843
1.1198844 , -8.179799 , 0.37430957
1.1307718 , -7.925286 , 0.36398637
1.1425853 , -7.6649246 , 0.35309237
1.155422 , -7.4001017 , 0.3410199
1.1668675 , -7.128917 , 0.32733625
1.2358475 , -7.5538063 , 0.3226832
1.2483649 , -7.247436 , 0.31285024
1.2639776 , -6.9491267 , 0.3010266
1.2864894 , -6.654077 , 0.28621852
1.3579603 , -6.825587 , 0.2804565
0.3349312 , -4.3535767 , 0.86562073
0.33476004 , -4.393143 , 0.86151415
0.29119757 , -3.996223 , 0.8425272
0.29466552 , -4.010126 , 0.8345643
0.29715276 , -4.020964 , 0.827554
0.29921454 , -4.0287976 , 0.82082784
0.30117545 , -4.0335283 , 0.8141698
0.30342793 , -4.03515 , 0.80713004
0.3059505 , -4.033726 , 0.7998198
0.3087627 , -4.029351 , 0.7921708
0.3118726 , -4.0221434 , 0.78424776
0.31527847 , -4.0122294 , 0.77601755
0.31900612 , -3.9997318 , 0.7675118
0.32307068 , -3.98476 , 0.7587026
0.27714324 , -3.5557272 , 0.73978955
0.28104737 , -3.5302105 , 0.73098594
0.28520855 , -3.502888 , 0.7219562
0.28964093 , -3.4738877 , 0.7126878
0.29435882 , -3.443321 , 0.7031782
0.2993593 , -3.4112887 , 0.69342756
0.30464187 , -3.377884 , 0.68344146
0.3102031 , -3.3431945 , 0.6732195
0.316041 , -3.307304 , 0.6627655
0.32215518 , -3.2702909 , 0.65207666
0.32854658 , -3.2322297 , 0.6411526
0.33521852 , -3.1931882 , 0.6299892
0.28555056 , -2.707627 , 0.60854816
0.2924572 , -2.6607285 , 0.59716254
0.29963365 , -2.6133542 , 0.5855474
0.30708602 , -2.5655494 , 0.57369375
0.31481352 , -2.517349 , 0.5615981
0.32281452 , -2.468782 , 0.54925805
0.33108157 , -2.419874 , 0.53667665
0.3396115 , -2.3706474 , 0.52385336
0.3483944 , -2.3211231 , 0.51079404
0.3574262 , -2.271319 , 0.4974994
0.36670014 , -2.221251 , 0.4839727
0.37621018 , -2.1709344 , 0.47021565
0.32429633 , -1.637 , 0.44533476
0.33414698 , -1.5819356 , 0.4312244
0.34420162 , -1.5267222 , 0.41685945
0.3545596 , -1.4713521 , 0.40230733
0.36510974 , -1.4158003 , 0.38748294
0.37598014 , -1.3600127 , 0.372447
0.38704637 , -1.3038508 , 0.35716164
0.33100688 , -4.2473946 , 0.79657817
0.33754984 , -4.276534 , 0.78726786
0.34239307 , -4.3028035 , 0.7804883
0.34679493 , -4.324091 , 0.7746555
0.35235715 , -4.3401475 , 0.76779604
0.3151972 , -3.9361808 , 0.7599053
0.3198442 , -3.9396322 , 0.75312304
0.325283 , -3.940033 , 0.7453067
0.33054027 , -3.9374683 , 0.7375707
0.33612517 , -3.932041 , 0.72928834
0.3418819 , -3.9238632 , 0.72083634
0.34781817 , -3.9130526 , 0.71204305
0.35397425 , -3.8997347 , 0.70303094
0.36030716 , -3.8840313 , 0.6937381
0.36686876 , -3.866061 , 0.6842302
0.3736346 , -3.8459303 , 0.6744911
0.38065618 , -3.8237345 , 0.6645765
0.336986 , -3.3824396 , 0.65288407
0.34378633 , -3.3500926 , 0.64230424
0.35074663 , -3.3163383 , 0.6315017
0.35787073 , -3.2812831 , 0.62048787
0.3651641 , -3.24502 , 0.60928065
0.37263137 , -3.2076316 , 0.5978811
0.3802781 , -3.1691957 , 0.58629495
0.38811213 , -3.129784 , 0.5745186
0.396142 , -3.089466 , 0.5625519
0.40437835 , -3.0483067 , 0.55039155
0.41283375 , -3.006367 , 0.5380371
0.4215226 , -2.9637036 , 0.5254906
0.3734604 , -2.4648824 , 0.50752383
0.3822246 , -2.4152224 , 0.49451625
0.39115372 , -2.3652616 , 0.48131114
0.4002672 , -2.3150241 , 0.46790773
0.4095766 , -2.2645273 , 0.45430693
0.41909283 , -2.2137856 , 0.44050458
0.4288202 , -2.1628091 , 0.42650315
0.43876427 , -2.111607 , 0.412299
0.4489285 , -2.060186 , 0.39789402
0.4593129 , -2.0085523 , 0.38328734
0.46992296 , -1.9567142 , 0.368479
0.48075622 , -1.9046808 , 0.35346836
0.42995155 , -1.3624388 , 0.33067504
0.44100714 , -1.3060884 , 0.31541124
0.45221454 , -1.2496245 , 0.29995418
0.46365833 , -1.1930197 , 0.28431362
0.29471782 , -3.9730885 , 0.818323
0.78547776 , -4.8219514 , 1.2774444
0.6778314 , -4.5783057 , 1.2913736
0.5424938 , -3.963447 , 1.3058981
0.83849925 , -4.8902864 , 1.2801627
0.7640981 , -4.824057 , 1.289283
0.6470615 , -4.464905 , 1.3039734
0.50661725 , -3.73642 , 1.3171715
0.82612175 , -4.945361 , 1.2904465
0.7396807 , -4.7934527 , 1.3014016
0.6145224 , -4.3149834 , 1.3164221
0.46986693 , -3.4821942 , 1.3278502
0.8116674 , -4.977137 , 1.3012376
0.71265143 , -4.7283525 , 1.3137054
0.5804111 , -4.1297193 , 1.3285924
0.43235457 , -3.203939 , 1.3379521
0.79356647 , -4.9824595 , 1.3124981
0.68332124 , -4.6276426 , 1.3260919
0.5449419 , -3.910972 , 1.3403713
0.85026 , -5.1380825 , 1.3152233
0.77189606 , -4.9583097 , 1.3241489
0.65192586 , -4.4909115 , 1.3384598
0.50834113 , -3.661111 , 1.3516738
0.83640677 , -5.1648736 , 1.3252447
0.74708873 , -4.9021716 , 1.3360798
0.61867213 , -4.318399 , 1.3507115
0.4708229 , -3.3827896 , 1.3624544
0.8212909 , -5.1698103 , 1.3358165
0.71954715 , -4.812261 , 1.3481718
0.5837687 , -4.110922 , 1.362752
0.43252158 , -3.0786967 , 1.3727084
0.80279285 , -5.1492543 , 1.3469076
0.6895826 , -4.6875677 , 1.3603199
0.54743814 , -3.8697906 , 1.3744906
0.39322346 , -2.75134 , 1.3824633
0.7807412 , -5.0998187 , 1.3584111
0.65744174 , -4.5277376 , 1.372443
0.5099102 , -3.596725 , 1.3858465
0.8479329 , -5.3841534 , 1.3591545
0.75546616 , -5.0188546 , 1.3701777
0.62334347 , -4.332897 , 1.3844795
0.47140157 , -3.2937472 , 1.396758
0.8320509 , -5.3643994 , 1.3695899
0.727332 , -4.904675 , 1.3820617
0.58750397 , -4.1035094 , 1.3963746
0.4320709 , -2.9630466 , 1.407191
0.8130717 , -5.3196507 , 1.3805885
0.69664586 , -4.7564745 , 1.3939571
0.5501471 , -3.8403022 , 1.4080677
0.39180887 , -2.606823 , 1.4171381
0.79057485 , -5.2461686 , 1.3920013
0.6636665 , -4.574043 , 1.4058069
0.5115017 , -3.5442712 , 1.4194859
0.86044884 , -5.599808 , 1.392075
0.76477253 , -5.1412807 , 1.4036309
0.45076355 , -2.6870127 , 1.6316963
0.9270395 , -6.5599446 , 1.6505923
0.78993297 , -5.50402 , 1.6491269
0.6067872 , -4.036977 , 1.6396999
0.39625007 , -2.1730146 , 1.6355022
0.9031068 , -6.368037 , 1.6623946
0.7497021 , -5.184639 , 1.6538883
0.55855817 , -3.6182134 , 1.642693
0.33852646 , -1.6121176 , 1.6391214
0.8734257 , -6.134354 , 1.6702461
0.70688605 , -4.8379855 , 1.657439
0.5083104 , -3.1689632 , 1.6448497
0.8970823 , -2.2762067 , 0.98966753
0.79076594 , -3.8690255 , 0.9714749
0.64666355 , -4.71703 , 0.93240607
0.49252737 , -4.8760715 , 0.9000344
0.8859142 , -2.702902 , 0.99786365
0.75815505 , -4.1421027 , 0.96851224
0.6102632 , -4.799331 , 0.93181825
0.4533353 , -4.8211894 , 0.90134895
0.8615878 , -3.1146247 , 1.0003647
0.7241788 , -4.363506 , 0.9661254
0.5729621 , -4.8444395 , 0.93215454
0.413307 , -4.727334 , 0.90175337
0.8323411 , -3.488304 , 1.0000558
0.6890714 , -4.5359244 , 0.964521
0.53477633 , -4.854789 , 0.93331105
0.37450853 , -4.5861144 , 0.9019657
0.8004956 , -3.8139436 , 0.99866337
0.65295523 , -4.6626453 , 0.96377707
0.49569058 , -4.831547 , 0.93499917
0.8963816 , -2.7329524 , 1.0174923
0.7669724 , -4.0881686 , 0.99706376
0.61588913 , -4.747069 , 0.96389806
0.45572346 , -4.7735267 , 0.93667334
0.87282974 , -3.1174097 , 1.0227817
0.49412772 , -4.8017254 , 0.951294
0.89896756 , -2.7957337 , 1.028678
0.76854753 , -4.0893803 , 1.0105985
0.615654 , -4.726413 , 0.979156
0.4538303 , -4.738494 , 0.95307064
0.87551063 , -3.1649578 , 1.0341151
0.73330474 , -4.3066173 , 1.0097799
0.57725835 , -4.7674565 , 0.9802758
0.41344154 , -4.6373115 , 0.9547936
0.8455215 , -3.507272 , 1.037065
0.69703716 , -4.4746733 , 1.0093793
0.5379414 , -4.7710185 , 0.98194206
0.37417975 , -4.5008006 , 0.9575795
0.81249404 , -3.8104904 , 1.0382881
0.6598152 , -4.595998 , 1.0095397
0.49775493 , -4.738266 , 0.98390937
0.90633756 , -2.8904474 , 1.0526923
0.7777375 , -4.067975 , 1.0386642
0.6216589 , -4.6734085 , 1.0103016
0.4569609 , -4.6692014 , 0.98599637
0.88468534 , -3.2327762 , 1.057993
0.7417682 , -4.2772846 , 1.038803
0.58257097 , -4.709621 , 1.0116239
0.416196 , -4.564625 , 0.9884922
0.85540396 , -3.5490584 , 1.0620079
0.70478857 , -4.4385285 , 1.0390737
0.54257053 , -4.706856 , 1.013395
0.3761446 , -4.429527 , 0.9921434
0.82230586 , -3.8307276 , 1.064581
0.6668661 , -4.553218 , 1.0396808
0.5017645 , -4.6666207 , 1.015482
0.91347796 , -3.0195856 , 1.0779732
0.7871041 , -4.07113 , 1.0661428
0.62801266 , -4.623516 , 1.040715
0.4604587 , -4.5902214 , 1.017899
0.89292336 , -3.336112 , 1.0828879
0.7505356 , -4.266631 , 1.0671923
0.9395362 , -4.4749966 , 1.2364008
0.7997885 , -4.6139135 , 1.2281221
0.62245655 , -4.4292874 , 1.2125611
0.43184045 , -3.8538625 , 1.1986109
0.9118772 , -4.580006 , 1.2416497
0.7600119 , -4.6232367 , 1.2313168
0.577305 , -4.3120055 , 1.2152454
0.38392732 , -3.635247 , 1.2035173
0.88106847 , -4.6581664 , 1.2463906
0.71833163 , -4.596068 , 1.2341818
0.531112 , -4.1590858 , 1.2182736
0.33487648 , -3.3960035 , 1.209062
0.8467803 , -4.706999 , 1.2506034
0.67505956 , -4.531422 , 1.2368462
0.48392126 , -3.9734063 , 1.2217911
0.9488234 , -4.710533 , 1.26202
0.8094362 , -4.724122 , 1.2543188
0.63041264 , -4.42913 , 1.2394638
0.43573508 , -3.7584424 , 1.2258898
0.92092395 , -4.7848735 , 1.2674518
0.7695489 , -4.707416 , 1.2576053
0.58453006 , -4.289933 , 1.2421982
0.3864977 , -3.5178766 , 1.2305948
0.8903988 , -4.834042 , 1.2723179
0.72756404 , -4.6552343 , 1.2605628
0.5374854 , -4.115468 , 1.2452066
0.33600122 , -3.2551987 , 1.2358681
0.8563971 , -4.8552046 , 1.2766037
0.68383086 , -4.5665746 , 1.2633133
0.48929894 , -3.908135 , 1.2486203
0.95807606 , -4.951296 , 1.2877169
0.819165 , -4.8456783 , 1.2803596
0.6385985 , -4.4411845 , 1.2659903
0.43994963 , -3.6708586 , 1.252527
0.92996234 , -4.99621 , 1.2932819
0.77918 , -4.803192 , 1.2836789
0.5920198 , -4.279583 , 1.2687305
0.38937917 , -3.4067743 , 1.2569603
0.8997425 , -5.0175014 , 1.2982119
0.73690915 , -4.726087 , 1.2866763
0.5441599 , -4.0830164 , 1.2716649
0.33742398 , -3.1189113 , 1.2618996
0.8660459 , -5.0119176 , 1.3025049
0.6927406 , -4.6134067 , 1.289469
0.4950141 , -3.8533494 , 1.2749088
0.9670861 , -5.193119 , 1.3135611
0.82893544 , -4.976445 , 1.3062372
0.646957 , -4.4648747 , 1.2921671
0.44453338 , -3.5929034 , 1.2785487
0.93887424 , -5.210531 , 1.3191941
0.7888581 , -4.908678 , 1.3095323
0.5997264 , -4.2808185 , 1.2948728
0.39264777 , -3.3042412 , 1.2826324
0.9090214 , -5.205594 , 1.324104
0.7463106 , -4.807005 , 1.3125228
0.5511071 , -4.062078 , 1.2976831
0.33923417 , -2.9899406 , 1.2871641
0.8756626 , -5.17457 , 1.3283176
0.7017253 , -4.6705923 , 1.3153205
0.501068 , -3.8099325 , 1.3006921
0.97561145 , -5.4320526 , 1.3396285
0.8386857 , -5.1141253 , 1.3319496
0.65542185 , -4.499212 , 1.3180083
0.44952342 , -3.5260313 , 1.3039856
0.94751525 , -5.4245157 , 1.3452473
0.7985191 , -5.02179 , 1.3351597
0.6075874 , -4.293042 , 1.320647
0.3963762 , -3.2123115 , 1.3076314
0.91813755 , -5.3954816 , 1.3500315
0.7557006 , -4.896113 , 1.3380979
0.5582779 , -4.052524 , 1.3232919
0.3415283 , -2.870879 , 1.3116664
0.8851632 , -5.3406534 , 1.3540598
0.71071404 , -4.736488 , 1.3408667
0.5074372 , -3.778311 , 1.3260064
0.28464174 , -2.5038683 , 1.3160864
0.8483344 , -5.2564216 , 1.3575019
0.66391915 , -4.54282 , 1.343516
0.45493507 , -3.4712975 , 1.3288705
0.955705 , -5.634625 , 1.3715341
0.8080829 , -5.14039 , 1.3605609
0.6155271 , -4.3152013 , 1.3460613
0.40062574 , -3.132693 , 1.3319747
0.9269657 , -5.584139 , 1.3760617
0.7650021 , -4.991424 , 1.3633996
0.5656001 , -4.0537133 , 1.3485086
0.34440556 , -2.7640598 , 1.3353989
0.89443755 , -5.5074754 , 1.3797766
0.7196319 , -4.809279 , 1.366102
0.5140659 , -3.7583778 , 1.3508792
0.28608406 , -2.3672523 , 1.3391834
0.8577757 , -5.400851 , 1.3829265
0.67237294 , -4.5940766 , 1.3686796
0.46074903 , -3.429256 , 1.3532315
0.96323806 , -5.8376822 , 1.3981729
0.81745064 , -5.2621546 , 1.385762
0.62346363 , -4.3458967 , 1.3711013
0.40543294 , -3.0666747 , 1.355672
0.93536097 , -5.768786 , 1.4022883
0.77412677 , -5.0907807 , 1.3884474
0.5729838 , -4.0645404 , 1.3733221
0.34796077 , -2.671488 , 1.3583359
0.9033547 , -5.672472 , 1.4055443
0.7284007 , -4.8869753 , 1.391033
0.5208634 , -3.7494621 , 1.3753092
0.288258 , -2.2451954 , 1.361332
0.8668838 , -5.5449724 , 1.4082925
0.680709 , -4.6511517 , 1.3934858
0.46689704 , -3.3998659 , 1.3770751
0.9698652 , -6.030272 , 1.4253651
0.8265095 , -5.3847637 , 1.4108295
0.6313176 , -4.3834424 , 1.3957309
0.41078869 , -3.0150204 , 1.3787141
0.9431445 , -5.9464297 , 1.4288824
0.7829811 , -5.192015 , 1.4132975
0.58033353 , -4.083478 , 1.3976779
0.35226995 , -2.5947728 , 1.3804144
0.9117505 , -5.8328576 , 1.4315157
0.7369442 , -4.9675756 , 1.4156921
0.5277119 , -3.7502944 , 1.3992383
0.29128316 , -2.1400387 , 1.3823956
0.87550604 , -5.6861258 , 1.4337509
0.6888617 , -4.7121773 , 1.4179292
0.47325274 , -3.3823502 , 1.400353
0.9753026 , -6.209439 , 1.4534124
0.8351316 , -5.505724 , 1.4359124
0.6390232 , -4.4260473 , 1.4198956
0.41660646 , -2.97777 , 1.4010502
0.95011073 , -6.11437 , 1.4561167
0.79146695 , -5.2928543 , 1.4380792
0.5875675 , -4.108754 , 1.421468
0.35735592 , -2.5349884 , 1.4015232
0.9194322 , -5.985967 , 1.4579561
0.7451894 , -5.0490217 , 1.4401672
0.5344927 , -3.75912 , 1.4225136
0.29529715 , -2.0537832 , 1.402134
0.8834714 , -5.821685 , 1.4595784
0.69677544 , -4.775258 , 1.4420369
0.479646 , -3.3751395 , 1.422898
0.97919506 , -6.3719363 , 1.4828323
0.84318596 , -5.622582 , 1.4612858
0.6465336 , -4.4718895 , 1.4435425
0.4226949 , -2.9539828 , 1.4225274
0.95600307 , -6.269626 , 1.4844735
0.79949266 , -5.391099 , 1.463033
0.5946341 , -4.138503 , 1.4445378
0.3631183 , -2.4923968 , 1.4214745
0.9261615 , -6.1288185 , 1.485347
0.7530746 , -5.129353 , 1.464634
0.5411223 , -3.7738974 , 1.4448656
0.30041584 , -1.9880491 , 1.4201673
0.89059037 , -5.9487667 , 1.4862797
0.7044106 , -4.838602 , 1.465895
0.485916 , -3.3759627 , 1.4443443
0.98110294 , -6.514883 , 1.5144755
0.8505461 , -5.732764 , 1.4874357
0.653826 , -4.519259 , 1.4666424
0.42877728 , -2.9414637 , 1.4427596
0.9605073 , -6.4093666 , 1.5147457
0.8069802 , -5.484532 , 1.4885739
0.6015207 , -4.1709747 , 1.4667112
0.36924043 , -2.4658341 , 1.4399245
0.9316613 , -6.2583656 , 1.5145085
0.7605548 , -5.2066402 , 1.4894038
0.5475823 , -3.7926402 , 1.4659297
0.3065783 , -1.9437534 , 1.4359969
0.8966819 , -6.064486 , 1.5146968
0.7117476 , -4.9004827 , 1.4896889
0.49199152 , -3.3823 , 1.4641002
0.24058282 , -1.3724872 , 1.432081
0.85711575 , -5.833819 , 1.5151232
0.66090316 , -4.566548 , 1.4892343
0.43461975 , -2.9369211 , 1.4609631
0.9631925 , -6.530222 , 1.5482608
0.8138834 , -5.5710974 , 1.5153171
0.60825205 , -4.2045813 , 1.4878618
0.37520206 , -2.451862 , 1.4561235
0.93562293 , -6.3710036 , 1.5468147
0.76761556 , -5.279111 , 1.5149221
0.5539196 , -3.8136208 , 1.485385
0.31321153 , -1.9198076 , 1.4490259
0.9016107 , -6.165797 , 1.5460882
0.7187965 , -4.959326 , 1.513701
0.4979329 , -3.3919506 , 1.4815824
0.2478067 , -1.3310642 , 1.4399366
0.8628552 , -5.92336 , 1.5452929
0.6677979 , -4.612319 , 1.5114857
0.4402279 , -2.936958 , 1.4761529
0.9634476 , -6.6279945 , 1.5871947
0.82020646 , -5.648858 , 1.5438249
0.6148867 , -4.23796 , 1.5081356
0.38066936 , -2.444819 , 1.4686195
0.93781775 , -6.462678 , 1.5843424
0.7742827 , -5.3451295 , 1.5414075
0.5602304 , -3.835462 , 1.5034995
0.31912684 , -1.9096465 , 1.4580576
0.9053875 , -6.2498007 , 1.5816345
0.72559345 , -5.0137157 , 1.5379726
0.5039024 , -3.403349 , 1.4973555
0.25556096 , -1.3194574 , 1.4419329
0.86785674 , -5.999266 , 1.5778959
0.67455477 , -4.6553364 , 1.5335991
0.4458941 , -2.939381 , 1.4893826
0.8691484 , -2.3054366 , 0.94326365
0.88003135 , -3.616244 , 1.1325363
0.9182291 , -5.2643285 , 1.326238
0.9532977 , -6.44319 , 1.510047
0.86723787 , -2.5195258 , 0.98585415
0.88869804 , -4.0118356 , 1.1796968
0.92976105 , -5.6137376 , 1.3709531
0.9582956 , -6.6180706 , 1.5578848
0.8696036 , -2.7977552 , 1.031062
0.8989752 , -4.418237 , 1.2265829
0.9405055 , -5.9292192 , 1.4148891
0.9606966 , -6.741903 , 1.6154224
0.8749528 , -3.132521 , 1.0775905
0.9103626 , -4.8218 , 1.2729479
0.9497135 , -6.2040477 , 1.458382
0.8639803 , -2.1915467 , 0.9366374
0.8825123 , -3.509971 , 1.1246622
0.9222792 , -5.2102304 , 1.3186152
0.95663655 , -6.4338503 , 1.5024664
0.864389 , -2.401476 , 0.9786061
0.8918589 , -3.9154568 , 1.1718243
0.93404776 , -5.5724025 , 1.363471
0.9605045 , -6.614612 , 1.5495697
0.8693733 , -2.67807 , 1.0235336
0.90263665 , -4.3336926 , 1.2187318
0.9449268 , -5.899639 , 1.4074643
0.9607662 , -6.742923 , 1.6050556
0.87660545 , -3.0157275 , 1.069821
0.9144224 , -4.75029 , 1.2652328
0.9540868 , -6.184411 , 1.451087
0.8537088 , -2.0778017 , 0.9306235
0.8853476 , -3.399695 , 1.1168147
0.92668074 , -5.152266 , 1.3109274
0.96063656 , -6.4221873 , 1.4948268
0.85985065 , -2.2825496 , 0.9716712
0.89543545 , -3.814806 , 1.1639566
0.9387455 , -5.527613 , 1.355937
0.9634594 , -6.608653 , 1.5412813
0.8692661 , -2.5560198 , 1.0158665
0.9067163 , -4.2447968 , 1.2109988
0.94986486 , -5.867135 , 1.400274
0.9610252 , -6.7405467 , 1.5955752
0.878905 , -2.895664 , 1.0623562
0.9188946 , -4.6745443 , 1.2571108
0.959158 , -6.1623077 , 1.4430345
0.8344602 , -1.9622431 , 0.9177371
0.8888872 , -3.2854862 , 1.1090233
0.7760247 , 0.11380276 , -0.11084141
0.58644414 , -1.9874282 , 0.27934784
0.6930477 , -0.6548771 , 0.039709512
0.83730584 , 0.7684379 , -0.23194301
0.6229565 , -1.3813567 , 0.17926854
0.74604064 , -0.007940607 , -0.07732251
0.90273535 , 1.4083731 , -0.3506505
0.66691875 , -0.75485796 , 0.07084455
0.8045093 , 0.63497967 , -0.19758022
0.5999936 , -1.4617115 , 0.2072922
0.7172426 , -0.12093075 , -0.044363692
0.8673001 , 1.2653711 , -0.31730637
0.64166355 , -0.8477115 , 0.10126337
0.77302593 , 0.5106399 , -0.16350697
0.5775763 , -1.5373307 , 0.23463257
0.68951124 , -0.22594285 , -0.01200686
0.8332605 , 1.1316577 , -0.2834456
0.61715394 , -0.93440306 , 0.13097142
0.74274623 , 0.39480773 , -0.12983282
0.5556126 , -1.6092544 , 0.26135924
0.66273034 , -0.3237721 , 0.019721584
0.8005323 , 1.006762 , -0.24941877
0.5932681 , -1.0158569 , 0.15998486
0.71355766 , 0.28676444 , -0.09663545
0.5340399 , -1.6783276 , 0.28757286
0.6367851 , -0.41525826 , 0.05080772
0.7690161 , 0.8901459 , -0.21547918
0.56988543 , -1.0930532 , 0.18832937
0.6853525 , 0.18574744 , -0.063965306
0.82809895 , 1.480226 , -0.3334723
0.6115644 , -0.50121313 , 0.08124746
0.73859894 , 0.7811396 , -0.18180807
0.54688936 , -1.1669053 , 0.2160403
0.6580283 , 0.09096396 , -0.031851903
0.7956239 , 1.3646299 , -0.30014324
0.58695644 , -0.582476 , 0.11104374
0.7091693 , 0.6789708 , -0.14852726
0.52416384 , -1.2383882 , 0.2431719
0.631487 , 0.0016535887 , -0.0003099937
0.76427656 , 1.2565398 , -0.26652914
0.5628521 , -0.6598305 , 0.1402044
0.6806328 , 0.5828006 , -0.115706824
0.5015679 , -1.3083895 , 0.26986238
0.60563254 , -0.08294828 , 0.030654058
0.7339302 , 1.1552595 , -0.23298584
0.53912944 , -0.73407984 , 0.16874099
0.6529189 , 0.49183902 , -0.083377354
0.4791076 , -1.3778014 , 0.29635307
0.5803827 , -0.16356665 , 0.06104012
0.70446193 , 1.0598602 , -0.19973691
1.3850393 , -3.844184 , 0.15519683
1.6224482 , -1.0817868 , -0.08503943
1.909975 , 1.5573664 , -0.36445567
1.468878 , -2.5814426 , 0.05896896
1.7273029 , 0.08115009 , -0.2052235
1.3258848 , -4.1786904 , 0.1762952
1.5618087 , -1.3891732 , -0.052558415
1.8427248 , 1.2375683 , -0.32803074
1.4103495 , -2.8953962 , 0.0869878
1.6642666 , -0.22904593 , -0.17127481
1.2657714 , -4.503629 , 0.1916637
1.502092 , -1.6968085 , -0.02092169
1.7765019 , 0.9200777 , -0.2927288
1.3534067 , -3.211894 , 0.11301188
1.6023374 , -0.53783226 , -0.13788918
1.205756 , -4.7973447 , 0.20318668
1.4438065 , -2.0045893 , 0.009624212
1.711634 , 0.6049646 , -0.25817445
1.2975864 , -3.5266323 , 0.13623731
1.5418674 , -0.8452457 , -0.105138175
1.8295987 , 1.7410828 , -0.38396657
1.3871686 , -2.312209 , 0.03875256
1.6483535 , 0.2924132 , -0.22423254
1.2424278 , -3.8305006 , 0.15615931
1.4830543 , -1.1510692 , -0.07314487
1.7632102 , 1.420249 , -0.3462243
1.3321149 , -2.6179626 , 0.066067755
1.586804 , -0.017451696 , -0.19087079
1.1883268 , -4.111833 , 0.17320378
1.4259801 , -1.4549906 , -0.042090323
1.6986146 , 1.1027409 , -0.3109982
1.2784297 , -2.9183033 , 0.09119566
1.5270537 , -0.3243649 , -0.1581169
1.1363553 , -4.361994 , 0.18869062
1.3706261 , -1.756068 , -0.0122182155
1.635858 , 0.78883487 , -0.2769407
1.226005 , -3.2071435 , 0.11399818
1.4691192 , -0.62802327 , -0.12604578
1.0874913 , -4.5762124 , 0.20465158
1.3169097 , -2.052638 , 0.016193641
1.5749573 , 0.4788931 , -0.24364805
1.1750888 , -3.4777205 , 0.13470745
1.412975 , -0.92780524 , -0.09477569
1.6883842 , 1.5721745 , -0.3643883
1.2647324 , -2.341674 , 0.042915072
1.515906 , 0.1732587 , -0.21099892
1.1261982 , -3.7238526 , 0.15386671
1.3585725 , -1.2227749 , -0.0644638
1.626112 , 1.2580117 , -0.3295108
1.2140961 , -2.6192012 , 0.067867614
1.4586791 , -0.12756433 , -0.17898738
1.0799006 , -3.9418092 , 0.1722024
1.3058496 , -1.5113025 , -0.035284217
1.5657178 , 0.9489716 , -0.2960682
1.1651565 , -2.880556 , 0.09117877
1.4032412 , -0.42295083 , -0.1476673
1.0365822 , -4.129724 , 0.19061889
1.2547714 , -1.7911584 , -0.0073839147
1.5071719 , 0.6455446 , -0.2635048
1.1182144 , -3.121692 , 0.113144815
1.3495495 , -0.71191883 , -0.1171268
0.9964351 , -4.2879286 , 0.21015112
1.2053608 , -2.0593839 , 0.019171592
1.4504473 , 0.34824026 , -0.23161806
1.0735958 , -3.3394308 , 0.13414535
1.2975712 , -0.99316615 , -0.08746636
1.5580145 , 1.3904998 , -0.3476044
1.1577322 , -2.3128932 , 0.044431996
1.3955142 , 0.057738032 , -0.20035867
1.0315709 , -3.5322382 , 0.1545917
1.2472938 , -1.2648907 , -0.058772516
1.4997284 , 1.0900393 , -0.31524318
1.1120636 , -2.548674 , 0.068553776
1.3423452 , -0.22513866 , -0.16974545
0.9922768 , -3.6995647 , 0.17494708
1.1987495 , -1.5250355 , -0.03109051
1.4433007 , 0.7969596 , -0.2835971
1.0685624 , -2.7645156 , 0.091757655
1.2909199 , -0.49927425 , -0.13982278
0.955747 , -3.8421948 , 0.19573821
1.1520143 , -1.7713146 , -0.004406275
1.3887016 , 0.51184124 , -0.25253576
1.0273966 , -2.9588974 , 0.114284664
1.2412375 , -0.7633586 , -0.11063447
1.4925067 , 1.5042888 , -0.36470097
1.107206 , -2.001688 , 0.02135524
1.3359063 , 0.23540753 , -0.22201054
0.9886744 , -3.131404 , 0.13637927
1.1933213 , -1.0158279 , -0.08220545
1.4362079 , 1.2161167 , -0.3340985
1.0644495 , -2.2144012 , 0.046314538
1.2848983 , -0.03151414 , -0.1920202
0.95241463 , -3.2821808 , 0.1583037
1.1472244 , -1.2551223 , -0.054530572
1.3818172 , 0.9370096 , -0.30368385
1.0238568 , -2.4084053 , 0.07061521
1.2356721 , -0.28791508 , -0.16257909
0.9185756 , -3.412255 , 0.180351
1.1030173 , -1.4797158 , -0.027572664
1.3292999 , 0.6674919 , -0.27355173
0.9854917 , -2.5831406 , 0.09440515
1.18824 , -0.53272414 , -0.13369818
0.8870512 , -3.522823 , 0.20279409
1.0607795 , -1.6884301 , -0.0012686072
1.2786288 , 0.4081915 , -0.24375026
0.94937176 , -2.73881 , 0.117832564
1.1426288 , -0.7648029 , -0.105374016
1.3739836 , 1.3311139 , -0.3524717
1.0205737 , -1.8803926 , 0.024461322
1.2297862 , 0.15977463 , -0.21430491
0.9154534 , -2.8759546 , 0.14105377
1.098879 , -0.9831427 , -0.07758708
1.3217102 , 1.0692129 , -0.32361105
0.9824395 , -2.0552843 , 0.049703598
1.1827649 , -0.0770051 , -0.18523282
0.8836567 , -2.9957178 , 0.1642404
1.0570302 , -1.1868724 , -0.050303433
1.2713573 , 0.8181285 , -0.29453436
0.94637465 , -2.2131293 , 0.07454548
1.1375693 , -0.30142695 , -0.15654084
0.8538598 , -3.099321 , 0.18756105
1.0171162 , -1.3754599 , -0.023480196
1.2228861 , 0.5782822 , -0.26546392
0.9123432 , -2.3544872 , 0.099075094
1.0942099 , -0.5127974 , -0.12822442
0.8259294 , -3.18844 , 0.21112859
0.9791481 , -1.5486336 , 0.0029294558
1.1762671 , 0.35009393 , -0.23650828
0.88026756 , -2.4801235 , 0.12338592
1.0526998 , -0.7106 , -0.10026935
1.2624874 , 1.1972779 , -0.34340417
0.94311416 , -1.706541 , 0.028973078
1.131479 , 0.13400665 , -0.20772517
0.850048 , -2.5912244 , 0.14758031
1.0130441 , -0.8944736 , -0.07265537
1.214434 , 0.96674913 , -0.31546232
0.90897024 , -1.8495703 , 0.054698177
1.0885078 , -0.0696106 , -0.17914511
0.8215568 , -2.688998 , 0.1717613
0.97523636 , -1.064349 , -0.045359597
1.1682628 , 0.7479168 , -0.28712875
0.8766484 , -1.9784852 , 0.08015326
1.0473402 , -0.2604577 , -0.1507812
0.79466164 , -2.7749698 , 0.19600427
0.9392491 , -1.220362 , -0.018359505
1.1239278 , 0.5409359 , -0.2586231
0.84605265 , -2.094175 , 0.10539102
1.007961 , -0.43840963 , -0.12263567
1.2040921 , 1.3254536 , -0.36335728
0.90503615 , -1.3629609 , 0.008366325
1.0813893 , 0.34595367 , -0.23007257
0.81707335 , -2.197819 , 0.13047083
0.9703452 , -0.60348266 , -0.09470545
1.1584622 , 1.1168114 , -0.3364376
0.8725271 , -1.4927582 , 0.034838445
1.0406126 , 0.1630349 , -0.20155242
0.78958297 , -2.2905846 , 0.15545511
0.934456 , -0.7559278 , -0.066985466
1.1146667 , 0.9197915 , -0.30880976
0.8416353 , -1.6106328 , 0.061078705
1.0015624 , -0.007833003 , -0.17310636
0.7634533 , -2.3738508 , 0.18039426
0.9002393 , -0.89615434 , -0.039471097
1.0726439 , 0.73430824 , -0.2807103
0.81225514 , -1.7175323 , 0.08711178
0.96420014 , -0.16681288 , -0.1447597
0.73854697 , -2.4488595 , 0.20529307
0.8676268 , -1.0247988 , -0.01215934
1.0323381 , 0.5602671 , -0.25234395
0.7842737 , -1.8145992 , 0.11296772
0.9284778 , -0.31419137 , -0.11652695
1.1036532 , 1.2723385 , -0.35766613
0.8365325 , -1.1426092 , 0.014951914
0.993698 , 0.39749318 , -0.22384152
0.75756705 , -1.9029421 , 0.13868181
0.8943378 , -0.45043418 , -0.08841847
1.062258 , 1.0972016 , -0.33064717
0.8068602 , -1.2505155 , 0.041864976
0.9566714 , 0.24574317 , -0.19528505
0.732013 , -1.9838009 , 0.1642897
0.86170816 , -0.57612604 , -0.060443327
1.0225296 , 0.9328892 , -0.30288786
0.77850187 , -1.3494793 , 0.06858413
0.92120284 , 0.1046446 , -0.16672492
0.70748436 , -2.0582826 , 0.18980955
0.8305066 , -0.6920134 , -0.032611877
0.9844015 , 0.7791201 , -0.2746507
0.7513464 , -1.4405882 , 0.095117845
0.8872282 , -0.026275987 , -0.13819276
0.6838612 , -2.127578 , 0.21518344
0.80063933 , -0.7989076 , -0.0049362667
0.947812 , 0.6355461 , -0.24612285
0.72527665 , -1.5248845 , 0.12148033
0.8546741 , -0.14763205 , -0.10971089
1.0113786 , 1.2839837 , -0.3528374
0.7720077 , -0.8977343 , 0.022570342
0.72260547 , -0.7077295 , 0.031257868
0.8527079 , 0.60396916 , -0.2099639
0.65537155 , -1.3818747 , 0.15703024
0.77001405 , -0.1039813 , -0.07299808
0.90909374 , 1.2034135 , -0.31903583
0.6963884 , -0.79010785 , 0.058870856
0.821285 , 0.49723634 , -0.18088521
0.63185525 , -1.4529586 , 0.18339093
0.7416862 , -0.19562657 , -0.044375353
0.87567717 , 1.0892615 , -0.29038393
0.6709858 , -0.86817724 , 0.086281165
0.7909804 , 0.39720252 , -0.15173812
0.6088369 , -1.5221477 , 0.20982635
0.7142687 , -0.28196764 , -0.015855625
0.8435026 , 0.9824754 , -0.26136747
0.6463019 , -0.94282395 , 0.11347108
0.76168776 , 0.30308416 , -0.12256113
0.89864445 , 1.554526 , -0.3705953
0.6876636 , -0.3637682 , 0.012538036
0.8124892 , 0.88224095 , -0.23209646
0.62222403 , -1.0148416 , 0.14042301
0.7333125 , 0.21411651 , -0.09339043
0.86593246 , 1.4494162 , -0.3424247
0.66176707 , -0.4418144 , 0.04078834
0.7825268 , 0.78767025 , -0.2026457
0.5986652 , -1.0850538 , 0.16713093
0.7057834 , 0.12958875 , -0.06425523
0.83442783 , 1.3509583 , -0.31352666
0.9659999 , -4.671068 , 0.25942227
0.80375415 , -3.5572166 , 0.26276356
0.6686953 , -2.4671564 , 0.26388144
0.52999806 , -1.4649283 , 0.2663775
1.5218999 , 1.6978571 , -0.39192963
1.2343943 , 1.4393446 , -0.3776012
0.9920282 , 1.4377706 , -0.3715484
1.0878016 , -5.243063 , 0.25587136
0.91807026 , -6.439822 , 1.6684009
0.90828866 , -6.2895155 , 1.684694
0.92746216 , -6.5033727 , 1.6594774
0.906732 , -6.312068 , 1.6760844
0.897616 , -6.1955504 , 1.6875699
0.90968525 , -6.3856826 , 1.6640725
0.895295 , -6.1972337 , 1.6833133
0.91973203 , -6.4359436 , 1.6503816
0.89578694 , -6.2413626 , 1.6734723
0.88263327 , -6.0839386 , 1.6868658
0.9010407 , -6.3263135 , 1.6593763
0.882319 , -6.106293 , 1.6817329
0.8680369 , -5.9627404 , 1.6850629
0.8847959 , -6.1699414 , 1.6705123
0.86774194 , -5.97417 , 1.6860356
0.89197814 , -6.2611575 , 1.6544309
0.86934304 , -6.0162663 , 1.6799383
0.85125494 , -5.8358874 , 1.6850291
0.8737263 , -6.096955 , 1.6672205
0.8529232 , -5.8659754 , 1.6850679
0.88237524 , -6.1900234 , 1.6493144
0.8563525 , -5.926692 , 1.6779183
0.8346371 , -5.7111125 , 1.6848688
0.8625268 , -6.0215993 , 1.6636328
0.8381623 , -5.7590656 , 1.6839519
0.8721539 , -6.113065 , 1.6440583
0.8433317 , -5.83706 , 1.6756674
0.8181694 , -5.5881915 , 1.6845478
0.8511321 , -5.943236 , 1.659797
0.8234458 , -5.6531205 , 1.6826788
0.8612782 , -6.0305705 , 1.638654
0.83026004 , -5.7468543 , 1.6731873
0.8018385 , -5.4668746 , 1.6840812
0.8394757 , -5.8613667 , 1.655763
0.80875987 , -5.547804 , 1.6812418
0.84974474 , -5.9429803 , 1.6330646
0.81711185 , -5.655553 , 1.6704872
