5.2154003e-11 , 6.73e-43 , 5.2154003e-11
6.73e-43 , 0.0 , 0.0
0.0 , 0.0 , -1.2734466e-19
4.5914e-41 , 2.5e-44 , 0.20586184
0.781646 , -7.515426 , 0.13805929
0.7988815 , -6.9689164 , 0.04907822
0.95493174 , -7.174404 , 0.35867697
0.9535093 , -7.2142024 , 0.35748124
0.68872565 , 2.2943826 , 0.4230228
0.7285573 , 3.272588 , 0.488234
0.8258251 , -6.565163 , 0.44619244
0.7345503 , 0.68005085 , 0.5003472
0.7802967 , -1.2232505 , 0.5162223
0.80078244 , -3.6420395 , 0.5475457
0.97187984 , -6.2498264 , 0.33427188
1.0086817 , -3.3130107 , 0.32875562
0.74259037 , -7.103527 , 0.50948215
0.74427783 , -6.9907656 , 0.5125685
0.8647854 , -6.8217816 , 0.44291672
0.70624346 , 1.4137998 , 0.49983495
0.99061525 , -2.458537 , 0.33858463
0.92602456 , -0.31932116 , 0.3562283
0.86508524 , 1.4858075 , 0.35882798
0.8175919 , 2.5876288 , 0.36938268
0.79947835 , -3.7936306 , 0.55287206
1.0045774 , -5.928428 , 0.34698817
1.005959 , -3.0306635 , 0.3347185
0.9412716 , -0.758531 , 0.3551029
0.71271694 , -7.3921723 , 0.5275783
0.8496721 , -6.5694947 , 0.44768256
0.7254963 , 1.0430905 , 0.5039354
0.774651 , -0.80884707 , 0.51650923
0.910627 , 0.18154587 , 0.361275
0.84411085 , 1.9664874 , 0.35975894
0.85847366 , 3.0066507 , 0.37179172
0.865476 , -6.6816072 , 0.45486206
1.0322251 , -5.1211514 , 0.32725304
0.99225074 , -2.3576422 , 0.34453353
0.92556804 , -0.23839562 , 0.36117715
0.8629083 , 1.5665168 , 0.36258063
0.79937595 , -6.320242 , 0.7070289
0.7407281 , 0.6675184 , 0.5083534
0.7828787 , -1.243193 , 0.52485305
0.7980979 , -3.6894567 , 0.55790293
0.7193491 , 2.384514 , 0.43366387
0.8811408 , 3.4253716 , 0.3735015
0.8519865 , -6.4607387 , 0.46174335
0.72668403 , 1.1207008 , 0.508496
0.93578374 , -0.49057013 , 0.36289135
0.872084 , 1.3346895 , 0.36603972
0.6868934 , 2.6148112 , 0.43728703
0.70475 , 3.1470997 , 0.49690846
0.96376956 , -7.2654767 , 0.3648
0.9636918 , -7.319099 , 0.36468855
0.6592504 , 2.2964728 , 0.5095465
0.74758655 , 0.50478446 , 0.51213765
0.7863415 , -1.4445666 , 0.5308812
0.7607845 , 0.018494137 , 0.516788
0.7929988 , -2.0369275 , 0.5403065
0.78060675 , -4.7166195 , 0.565442
0.9013746 , 0.5305959 , 0.369666
0.8209806 , 2.3240955 , 0.3658836
0.86508274 , 3.3175538 , 0.38057694
0.8196676 , -6.1036825 , 0.4158819
0.73972106 , 0.8419517 , 0.51379234
0.7892871 , -1.6417372 , 0.53659797
0.7797716 , -4.6679263 , 0.570177
1.0362619 , -3.974703 , 0.3384131
0.9605193 , -1.1251526 , 0.3632111
0.88304746 , 1.0549808 , 0.37107158
0.69039667 , 2.6750958 , 0.44189823
0.6876275 , 3.049895 , 0.5001653
0.74002445 , 0.8670334 , 0.5152177
0.7675442 , -0.22717491 , 0.5218635
0.7968205 , -2.7488246 , 0.55318826
0.9998821 , -5.8735228 , 0.32632688
1.0092025 , -2.650248 , 0.35149232
0.9271019 , -0.1506058 , 0.37087834
0.8484091 , 1.9391063 , 0.369503
0.85359496 , 3.2488947 , 0.38515934
0.72015977 , -6.7572474 , 0.5363431
0.7212259 , -6.6306643 , 0.53755593
0.7967 , -3.0228934 , 0.55855
0.6835582 , -5.8179893 , 0.5563971
1.0388113 , -3.8887088 , 0.34378493
0.9722739 , -1.4047164 , 0.36395633
0.90277386 , 0.5346674 , 0.37430054
0.8239474 , 2.3305247 , 0.37017766
0.70449626 , 3.2398553 , 0.50523686
0.73217434 , 3.508809 , 0.50454694
0.8769328 , 3.628374 , 0.38470367
0.7218796 , -6.4155984 , 0.5414497
1.3531339 , -0.9992005 , 0.9376833
1.1259035 , -1.1100619 , 0.82773703
0.9235297 , 0.39451668 , 0.66262645
0.9901614 , 1.5379124 , 0.66735095
0.9708905 , 2.72455 , 0.646951
1.1005737 , -1.2924207 , 0.49758008
1.0341393 , -6.1653376 , 0.37474152
1.0519302 , 2.168157 , 0.72987175
0.72188234 , -0.9104835 , 0.60273767
0.85288113 , 2.5049047 , 0.65878165
1.189076 , 2.0309575 , 0.7946226
0.7458148 , 0.3460595 , 0.61441076
0.9218868 , 2.8219097 , 0.6855195
1.3380939 , 1.1176182 , 0.86734295
1.1037184 , -1.843218 , 0.47899118
0.70533293 , -5.7613635 , 0.5573596
0.72418433 , -0.8795932 , 0.60299367
0.91162324 , 2.8024857 , 0.6814702
1.3160564 , 1.3048905 , 0.85431534
0.9952723 , 1.7500265 , 0.66848844
0.7036212 , -3.0230055 , 0.5863675
0.78016925 , 1.4049827 , 0.6289169
1.009272 , 2.8155758 , 0.71941197
0.71656525 , -1.6099913 , 0.59717077
0.82475555 , 2.1987069 , 0.647116
1.1175214 , 2.4721088 , 0.7623519
1.0755565 , 0.2240636 , 0.5470385
1.0779616 , -4.5551095 , 0.39754543
0.7048274 , -2.974906 , 0.5865944
0.81853336 , 2.1075876 , 0.64446276
1.1007034 , 2.5582669 , 0.755266
1.1044596 , -0.014666001 , 0.7229338
0.6961622 , -5.0937767 , 0.5669312
0.73731756 , -0.27758858 , 0.6082885
0.8836713 , 2.704359 , 0.67041594
0.7003369 , -3.7188463 , 0.5802971
0.7647122 , 0.8729498 , 0.62111
0.9582688 , 2.8934743 , 0.699499
1.0276947 , 1.803858 , 0.6051232
1.1005394 , -2.3107457 , 0.46112713
0.6931771 , -5.032525 , 0.5676643
0.76138484 , 0.73133695 , 0.61929905
0.9465514 , 2.892971 , 0.6950193
1.402959 , 1.0231924 , 0.8909753
1.0558721 , -5.000917 , 0.38308668
0.7127382 , -2.2897449 , 0.5916662
0.80239815 , 1.8084513 , 0.63723326
0.6854826 , -5.687606 , 0.56029075
0.72976077 , -0.93843096 , 0.6023919
0.85092264 , 2.4732466 , 0.6573583
0.98324424 , 2.7262466 , 0.6460314
1.0832882 , -0.21099526 , 0.5299373
1.0520799 , -4.939096 , 0.38294512
0.71442664 , -2.2463024 , 0.59187466
0.8037599 , 1.819177 , 0.63758826
1.050988 , 2.7959628 , 0.7355274
1.4681392 , -0.5550962 , 0.9996497
0.96919245 , 2.8079896 , 0.66960186
1.0277891 , 1.8252995 , 0.605534
1.0978032 , -2.223854 , 0.46176085
0.6855862 , -4.909074 , 0.5690388
0.7101536 , -2.7826495 , 0.5875348
0.7887181 , 1.470083 , 0.6306943
1.0066162 , 2.9057713 , 0.71900314
1.6390936 , 0.30633748 , 1.0756196
0.7194707 , -1.9901726 , 0.59368676
0.81133497 , 1.944896 , 0.6406702
1.0628306 , 2.7872624 , 0.7407841
1.2159954 , -0.0373154 , 1.2935449
0.7298114 , -1.2211152 , 0.5998289
0.8374953 , 2.334209 , 0.6519987
1.1271523 , 2.5716257 , 0.76571995
0.8301464 , 1.707018 , 0.5638082
0.8404073 , 1.9159356 , 0.75230855
0.777239 , 2.4556477 , 0.721694
0.77774817 , 2.1738997 , 0.6916849
0.7986495 , 1.5328301 , 0.76469314
0.76849395 , 3.225658 , 0.6133769
0.8216312 , 2.458255 , 0.65070206
0.84864974 , 1.5584103 , 0.63755226
0.78945035 , 1.624451 , 0.76683766
0.7782748 , 3.155061 , 0.62116253
0.82992125 , 2.290573 , 0.6538734
0.8476647 , 1.4383314 , 0.61539906
0.7802424 , 1.7370291 , 0.7615733
0.7880548 , 3.0570018 , 0.62824684
0.83765846 , 2.118089 , 0.6559167
0.8425699 , 1.3404182 , 0.5752779
0.7710999 , 1.8668188 , 0.751252
0.79782677 , 2.935012 , 0.6346346
0.8446204 , 1.9446217 , 0.6564329
0.8206201 , 1.2654673 , 0.7060227
0.76222235 , 2.0110292 , 0.737369
0.8097358 , 2.7540987 , 0.64161247
0.8514084 , 1.7371236 , 0.6538804
0.8093215 , 1.3215281 , 0.75201005
0.7518978 , 2.2089555 , 0.71649444
0.73019946 , 3.1569881 , 0.5847592
0.7607521 , 3.2641826 , 0.44777378
0.70390034 , 3.210717 , 0.5569535
0.77830243 , 3.207957 , 0.61936444
0.8266259 , 2.4591646 , 0.6493724
0.8574223 , 1.4587026 , 0.63888353
0.7947859 , 1.4694444 , 0.7679418
0.7397765 , 2.4963233 , 0.6829179
0.8357183 , 2.2764945 , 0.6525824
0.85691684 , 1.3210738 , 0.6190965
0.7854247 , 1.5898043 , 0.764384
0.7344495 , 2.6638963 , 0.6621727
0.8442974 , 2.0884252 , 0.6547483
0.8511126 , 1.2027941 , 0.58409023
0.7757267 , 1.7289429 , 0.7550682
0.7304836 , 2.8282816 , 0.6406104
0.85215825 , 1.8988485 , 0.6554232
0.8364065 , 1.0739139 , 0.5902272
0.7660567 , 1.8846173 , 0.7417547
0.7279965 , 2.985169 , 0.6185129
0.8590498 , 1.7122328 , 0.65399104
0.81959975 , 1.1262195 , 0.73826456
0.75680864 , 2.0527282 , 0.7259539
0.72704506 , 3.131221 , 0.5959904
0.8647108 , 1.5322006 , 0.64989567
0.81161547 , 1.2036886 , 0.7593665
0.7482767 , 2.2305348 , 0.7075337
0.7388315 , 3.4990206 , 0.58229584
0.8078177 , 2.952769 , 0.6346831
0.86053807 , 1.7950468 , 0.655079
0.83192897 , 0.98511267 , 0.6981184
0.76467174 , 1.8733706 , 0.73836607
0.7260978 , 3.0344875 , 0.6128818
0.74842596 , 3.505434 , 0.4749277
0.6822237 , 3.2115366 , 0.5378008
0.91233253 , 0.16097473 , 0.67836523
0.743179 , 3.5320852 , 0.490724
0.7274411 , 2.913729 , 0.6295838
0.77336794 , 1.7181321 , 0.749369
0.80813324 , 0.9739162 , 0.75161374
0.737876 , 3.3245375 , 0.59995025
0.87426513 , 1.0477737 , 0.5924514
0.84339404 , 2.3018875 , 0.65049225
0.7171191 , 3.4526193 , 0.56233394
0.79381454 , 4.2950044 , 0.57189023
0.93181974 , 1.688789 , 0.6506033
0.9417679 , -0.098184064 , 0.55983424
0.8575028 , 0.92628574 , 0.5752324
0.85767895 , 1.106485 , 0.69886863
0.8234465 , 1.5278486 , 0.6075737
0.7549291 , 1.8266084 , 0.7373509
0.8015001 , 1.3848989 , 0.68606544
0.8409094 , 1.0115145 , 0.61785644
0.8571809 , 1.0785449 , 0.7064017
0.303129 , -8.272663 , 0.01774873
0.30429968 , -8.2379 , 0.016621124
0.29264164 , -8.32297 , 0.014670271
0.26567236 , -8.471684 , 0.012954569
0.50127137 , -8.335138 , 0.07664734
0.51490587 , -8.176082 , 0.07248299
0.34398994 , -7.9283953 , -0.016412027
0.3129943 , -8.010471 , 0.008763983
0.30038553 , -8.090095 , 0.014276574
0.52592635 , -8.064174 , 0.07657132
0.9070604 , 0.43428925 , 0.5303287
0.87448555 , 0.6387981 , 0.6660696
0.8868378 , 0.6356176 , 0.4976398
0.90671164 , 0.36006662 , 0.5247514
0.9235058 , 0.08695862 , 0.5316418
0.91403085 , 0.2934829 , 0.6685283
0.89281994 , 0.5651466 , 0.66700196
0.86799204 , 0.8526518 , 0.6710464
0.8918295 , 0.4355571 , 0.53981227
0.9390408 , 0.67251545 , 0.7027226
0.7858757 , 2.2121682 , 0.6087983
0.89537174 , 0.06549086 , 0.5891539
0.8844503 , 0.5083634 , 0.54516244
0.93674463 , 0.10919538 , 0.6803827
0.0213757 , -13.193942 , 0.17754556
-0.07343243 , -14.143296 , 0.20057929
0.16935655 , -10.201246 , 0.052312426
0.051249128 , -11.203098 , 0.056945078
0.24394135 , -8.804821 , 0.0126332315
0.2549399 , -9.085384 , 0.033635344
0.33314216 , -10.366887 , 0.12564404
0.2991721 , -8.393191 , 0.023356192
0.12853882 , -10.704519 , 0.062361814
0.3508506 , -10.178205 , 0.12126883
0.42136285 , -8.02977 , 0.03501073
0.85489434 , 0.9976991 , 0.7024814
0.81618303 , 1.2598107 , 0.6729461
0.8448354 , 1.0019588 , 0.57255393
0.8412842 , 1.0085689 , 0.56187785
0.7800267 , 1.6311932 , 0.7213064
0.8175448 , 1.258383 , 0.6731064
0.8433684 , 1.025601 , 0.57299817
0.23675603 , -11.377089 , 0.15149584
0.43961695 , -9.159678 , 0.09782438
0.21861228 , -9.614163 , 0.04288366
0.2551726 , -11.194863 , 0.14733697
0.45630038 , -8.958967 , 0.09382765
0.87357557 , 1.0387028 , 0.59558374
0.802743 , 1.4230319 , 0.69561833
0.8341623 , 1.1118788 , 0.6401161
0.40272638 , -7.8508506 , 0.028647672
0.84822124 , 1.0976405 , 0.71237
0.8321233 , 1.4102925 , 0.6178796
0.77842146 , 1.6619062 , 0.73549116
0.81792015 , 1.280052 , 0.6773306
0.83982366 , 1.0709736 , 0.5540588
0.12592581 , -10.754575 , 0.06398118
-0.12294255 , -13.187922 , 0.10644278
0.16258757 , -12.106012 , 0.16957219
0.40306094 , -9.603556 , 0.10829885
0.09263243 , -12.757512 , 0.1841346
0.30792588 , -10.656487 , 0.13447475
0.5063465 , -8.353053 , 0.08254916
0.8259168 , 1.1009513 , 0.58987653
0.4406089 , -7.968846 , 0.04120333
0.8197763 , 1.2266258 , 0.695589
0.84278315 , 1.2329092 , 0.6697606
0.8283013 , 1.4191911 , 0.5798882
0.81122893 , 1.4271852 , 0.72001296
0.8301182 , 1.2385323 , 0.67259586
0.83714 , 1.2178338 , 0.569385
0.17390698 , -10.249654 , 0.05589131
-0.027622744 , -12.35603 , 0.09422506
0.0556192 , -13.101042 , 0.19325598
0.27495956 , -11.022228 , 0.14548954
0.4758897 , -8.791863 , 0.0916432
0.21163912 , -9.796941 , 0.048076134
0.017880512 , -11.928514 , 0.087133914
0.009643392 , -13.501631 , 0.20149186
0.23495403 , -11.429638 , 0.15610561
0.43786404 , -9.252106 , 0.101893246
0.4641749 , -7.6289725 , 0.046164732
0.8350982 , 1.1990569 , 0.7103318
0.8396105 , 1.29216 , 0.6318388
0.8224143 , 1.4688053 , 0.55181915
0.82228905 , 1.3327905 , 0.7001558
0.83635825 , 1.2002126 , 0.64937776
0.45049822 , -7.852877 , 0.03715938
0.8230483 , 1.247607 , 0.7071572
0.84184295 , 1.2458107 , 0.6582102
0.8302157 , 1.3921791 , 0.5706468
0.8208179 , 1.3607357 , 0.71390444
0.83462894 , 1.2247958 , 0.6669513
0.32787436 , -8.185306 , 0.025563091
0.15543942 , -10.485944 , 0.060756885
-0.05050265 , -12.575737 , 0.097951084
0.08740865 , -12.823507 , 0.18852483
0.30301085 , -10.742865 , 0.13906002
0.5032441 , -8.481783 , 0.08529902
0.19399299 , -10.039916 , 0.052851044
-0.0039541917 , -12.149171 , 0.09119566
0.042528916 , -13.222359 , 0.19710127
0.26355374 , -11.152753 , 0.1499036
0.46501726 , -8.95157 , 0.09551863
0.81980264 , 1.3396767 , 0.5603102
0.8355801 , 1.2197 , 0.7050046
0.839637 , 1.2876827 , 0.6203473
0.82049483 , 1.4228894 , 0.64627206
0.8295538 , 1.2875386 , 0.6949388
0.838647 , 1.219181 , 0.6406666
0.46061176 , -7.7401977 , 0.04003203
0.825408 , 1.2631495 , 0.71071136
0.84162104 , 1.249017 , 0.6464798
0.833294 , 1.354808 , 0.5618942
0.82927626 , 1.3048906 , 0.7081274
0.8381852 , 1.2245992 , 0.6608605
0.31188488 , -8.46272 , 0.029993828
0.13658042 , -10.718157 , 0.065565035
-0.07386893 , -12.794396 , 0.10141449
0.11861988 , -12.547229 , 0.18351667
0.33081186 , -10.462186 , 0.13251531
0.52953476 , -8.168207 , 0.077395186
0.7062611 , -7.68143 , 0.06738208
0.64094347 , -8.319051 , 0.1031324
0.6726256 , -8.500328 , 0.17191455
0.7394223 , -7.8531284 , 0.12521134
0.7804076 , -7.3009143 , 0.06761802
0.13127849 , -12.658944 , 0.2188207
0.34138978 , -11.195677 , 0.22034879
0.5302038 , -9.807416 , 0.20389234
0.79384875 , -7.195641 , 0.050582048
0.7652768 , -7.377743 , 0.061607536
0.6900779 , -7.5472226 , 0.06854831
0.6016554 , -7.7658486 , 0.069273956
0.56561095 , -8.988669 , 0.108066544
0.3958026 , -10.173449 , 0.10390528
0.15772541 , -11.60955 , 0.104973234
-0.079169564 , -13.045162 , 0.10882183
0.41277266 , -7.8387995 , 0.04151575
0.5499365 , -7.592461 , 0.052900214
0.67326736 , -7.416778 , 0.050549887
0.74815583 , -7.250319 , 0.034990784
0.7821163 , -7.3167357 , 0.056944683
0.71807015 , -7.4746914 , 0.06683089
0.6315459 , -7.661752 , 0.06896064
0.54636353 , -7.9913616 , 0.07048923
0.47517085 , -7.68928 , 0.04916086
0.608876 , -7.494837 , 0.053350706
0.71550626 , -7.335672 , 0.045928195
0.79633355 , -7.210332 , 0.047505975
0.7596746 , -7.373032 , 0.062142722
0.6823301 , -7.5316358 , 0.06809447
0.5950507 , -7.746728 , 0.068067186
0.4004351 , -7.822915 , 0.038376592
0.53679466 , -7.5746765 , 0.052909393
0.662433 , -7.409423 , 0.05170107
0.74462265 , -7.2565565 , 0.036918957
0.78807056 , -7.279776 , 0.05403021
0.72967726 , -7.425265 , 0.06544602
0.6453404 , -7.591118 , 0.06817442
0.5606645 , -7.871016 , 0.067101784
0.4623571 , -7.668259 , 0.047999494
0.5962348 , -7.4804697 , 0.053970996
0.7073066 , -7.3325634 , 0.047646467
0.79717827 , -7.166967 , 0.042802818
0.7684864 , -7.3325872 , 0.06014809
0.6951861 , -7.475172 , 0.06710367
0.608949 , -7.6620317 , 0.06733514
0.3883133 , -7.8078327 , 0.03406907
0.52373976 , -7.5541477 , 0.05278722
0.6511396 , -7.3992476 , 0.052845072
0.7400002 , -7.259234 , 0.0394793
0.7931006 , -7.2444363 , 0.05081011
0.7406644 , -7.3794894 , 0.06403838
0.6588603 , -7.525683 , 0.06747033
0.5744672 , -7.763187 , 0.06569265
0.44979444 , -7.6456394 , 0.04651314
0.5834785 , -7.4630904 , 0.05453262
0.69836575 , -7.326807 , 0.049411107
0.75458753 , -7.170094 , 0.019861246
0.77646035 , -7.295032 , 0.05808167
0.7076012 , -7.422866 , 0.0661179
0.62267727 , -7.5840883 , 0.06683261
0.37627226 , -7.7948084 , 0.027533418
0.5108155 , -7.530993 , 0.052526828
0.6394699 , -7.3861275 , 0.053967476
0.73440415 , -7.2588286 , 0.042359084
0.79723185 , -7.2098184 , 0.047314566
0.75097764 , -7.3372 , 0.06260576
0.6720758 , -7.4651465 , 0.066807434
0.5880869 , -7.665685 , 0.0652526
0.43751281 , -7.621846 , 0.044648245
0.5706713 , -7.4426804 , 0.055028092
0.6887479 , -7.318292 , 0.051168926
0.755097 , -7.182002 , 0.024223862
0.78357834 , -7.2600603 , 0.055971455
0.7195363 , -7.3745427 , 0.06512619
0.6362124 , -7.512329 , 0.06644324
0.36390013 , -7.7857695 , 0.013638758
0.49805975 , -7.5053835 , 0.052118864
0.6275024 , -7.369952 , 0.055055294
0.72789264 , -7.2555327 , 0.04526528
0.80057466 , -7.1743836 , 0.043990437
0.7605782 , -7.29821 , 0.06115701
0.68495286 , -7.4092503 , 0.066159226
0.6015792 , -7.5770416 , 0.065199725
0.42551938 , -7.597422 , 0.04236076
0.55787426 , -7.4192576 , 0.055450767
0.6785439 , -7.306897 , 0.05288821
0.75310695 , -7.188167 , 0.031212851
0.78976583 , -7.2272887 , 0.05389539
0.73092765 , -7.3300424 , 0.064121194
0.64954376 , -7.446291 , 0.06609661
0.56855536 , -7.6861005 , 0.06352335
0.48552874 , -7.477555 , 0.051562343
0.6152969 , -7.350632 , 0.0561024
0.72046363 , -7.249362 , 0.04804366
0.8033653 , -7.1352215 , 0.04223739
0.7695104 , -7.262296 , 0.05970538
0.69747066 , -7.3577614 , 0.06550148
0.61487937 , -7.4962153 , 0.065236315
0.4137151 , -7.573078 , 0.039713886
0.54513013 , -7.3928785 , 0.055802643
0.66789305 , -7.2924986 , 0.0545617
0.7498102 , -7.1899014 , 0.037774503
0.7948114 , -7.196165 , 0.052012756
0.7416537 , -7.289206 , 0.06308433
0.6626537 , -7.3855968 , 0.0657391
0.5822503 , -7.5801573 , 0.06412182
0.47333872 , -7.4478116 , 0.05088109
0.6029108 , -7.328112 , 0.05711898
0.71207666 , -7.240267 , 0.050666586
0.7802479 , -7.087209 , 0.027462782
0.7778249 , -7.229251 , 0.05824097
0.70962816 , -7.3104815 , 0.064787306
0.6279731 , -7.4223886 , 0.06522006
0.40195957 , -7.54987 , 0.03707509
0.53244984 , -7.3636518 , 0.056111235
0.6568799 , -7.2749414 , 0.056221314
0.7455595 , -7.187864 , 0.04306578
0.7990487 , -7.165621 , 0.050492525
0.7517618 , -7.251784 , 0.06194104
0.67544585 , -7.3299446 , 0.065288655
0.59557974 , -7.4854245 , 0.06458619
0.46144253 , -7.4164534 , 0.050167467
0.59047854 , -7.302389 , 0.058167253
0.703055 , -7.2282734 , 0.053229004
0.76067007 , -7.114233 , 0.025730822
0.772587 , 2.2914915 , 0.6962113
0.784499 , 2.3935597 , 0.7258335
0.8659885 , 1.6594964 , 0.75775546
1.1084394 , -0.12806636 , 0.80230534
0.85025996 , 1.7631481 , 0.7519151
0.7792179 , 2.404063 , 0.72169495
0.7735365 , 2.20983 , 0.6914806
1.3549634 , 0.5679689 , 0.9797197
1.0012878 , 2.0293648 , 0.81473523
0.8670717 , 2.447747 , 0.7181507
0.8269639 , 2.0269678 , 0.6100426
0.82562184 , 2.0922666 , 0.61948234
0.8737465 , 2.428547 , 0.7250836
1.019448 , 1.9282964 , 0.8238134
1.4092293 , 0.31838977 , 1.0018222
0.90344465 , 1.2991233 , 0.76165384
0.79746705 , 2.2718515 , 0.72985524
0.77308756 , 2.3542216 , 0.7012124
0.819421 , 1.4430377 , 0.6653661
0.8423606 , 2.3405206 , 0.67087674
0.9275991 , 2.2906988 , 0.7657036
1.1487824 , 1.3596603 , 0.88163084
1.0513552 , 0.085019425 , 0.7776206
0.8403541 , 1.8258063 , 0.74475896
0.7773573 , 2.3903792 , 0.71655905
0.7782815 , 2.108271 , 0.68522215
0.8273316 , 1.9691057 , 0.5988462
0.86766493 , 2.402281 , 0.7135006
1.0008754 , 1.9764224 , 0.81023866
1.3439978 , 0.48437825 , 0.9633267
0.9287143 , 1.0069976 , 0.7599827
0.80525184 , 2.157982 , 0.7308143
0.77232146 , 2.361546 , 0.7032116
0.80474246 , 1.6312329 , 0.663891
0.838287 , 2.2685697 , 0.6573588
0.91505194 , 2.2978342 , 0.75411797
1.1159394 , 1.4515035 , 0.8637107
1.1424059 , -0.44033328 , 0.7508133
0.85862297 , 1.6227152 , 0.7443948
0.7834066 , 2.3294647 , 0.717858
0.77650464 , 2.1727016 , 0.6883069
0.83058715 , 1.8304499 , 0.5760458
0.8625676 , 2.3690896 , 0.70193034
0.98429096 , 2.0187244 , 0.797185
1.2914896 , 0.6398856 , 0.9340666
0.9601833 , 0.67312044 , 0.7545997
0.8155298 , 2.0228992 , 0.73115534
0.7735617 , 2.3516693 , 0.70501286
0.7947758 , 1.7782611 , 0.6688794
0.8357633 , 2.1860738 , 0.6434661
0.90442556 , 2.298326 , 0.74271375
1.0876938 , 1.5355315 , 0.8471355
1.6998787 , -0.69997 , 1.0158364
0.8788275 , 1.3900838 , 0.7426534
0.7898918 , 2.2503362 , 0.7187794
0.7748477 , 2.2176023 , 0.69127303
0.8334479 , 1.6714878 , 0.5537983
0.85739106 , 2.3278563 , 0.6903029
0.968452 , 2.0543067 , 0.7845942
1.2452264 , 0.7832884 , 0.9097379
0.9996408 , 0.29009 , 0.74380827
0.82827586 , 1.8646665 , 0.73074615
0.776449 , 2.3242676 , 0.70657295
0.7883266 , 1.8947757 , 0.67513496
0.8345815 , 2.092274 , 0.6293194
0.8952866 , 2.2921312 , 0.7314595
1.0629103 , 1.6119813 , 0.83168477
1.5302106 , -0.38674828 , 0.99104625
0.9021642 , 1.12467 , 0.739027
0.7975614 , 2.1520197 , 0.71923167
0.77416515 , 2.2438002 , 0.69394076
0.83607566 , 1.4855556 , 0.53846556
0.85271996 , 2.2780719 , 0.6786471
0.95390123 , 2.0830882 , 0.7724268
1.204759 , 0.9153629 , 0.88857424
1.0505728 , -0.15202315 , 0.7268849
0.8432592 , 1.6814184 , 0.7293752
0.7805036 , 2.2791283 , 0.70779806
0.7836188 , 1.9860458 , 0.6804422
0.8342739 , 1.9857396 , 0.61532795
0.8870764 , 2.278874 , 0.7203601
1.0405761 , 1.6807811 , 0.81718755
1.43713 , -0.1535999 , 0.9611228
0.9296426 , 0.82248884 , 0.73290414
0.8068236 , 2.0332727 , 0.7190863
0.7747131 , 2.251698 , 0.69620365
0.80820304 , 1.4765693 , 0.6743982
0.8487943 , 2.2192135 , 0.66705704
0.9407439 , 2.1050344 , 0.760658
1.1691707 , 1.0367842 , 0.869667
1.1245664 , -0.6703401 , 0.7066095
0.86072445 , 1.4709427 , 0.7267777
0.7857199 , 2.2157884 , 0.7085875
0.78031296 , 2.0548396 , 0.68460745
0.8348689 , 1.8645173 , 0.6021248
0.879659 , 2.258193 , 0.709444
1.020318 , 1.7419246 , 0.80351895
1.3700368 , 0.053450517 , 0.93479353
1.4642869 , -3.990165 , 0.5908923
1.7941881 , -7.7966504 , 0.51173806
2.4580135 , -11.157388 , 0.81413245
2.0644436 , -7.4997168 , 0.8072802
1.7683054 , -3.6637254 , 0.87295526
1.024579 , 0.0052218037 , 0.7537679
1.4353727 , -2.9822845 , 0.77806985
1.8638567 , -6.4523783 , 0.7969055
2.3486016 , -10.224989 , 0.8073409
1.210971 , 0.7564797 , 0.87721294
0.95997274 , 1.9832714 , 0.7675555
0.8567365 , 2.2024696 , 0.67628455
0.8381677 , 1.3974708 , 0.55763453
1.7229213 , -7.489696 , 0.50182515
1.3492411 , -3.9086738 , 0.5184009
1.0446017 , -0.78324527 , 0.53433543
0.79737675 , 1.6795837 , 0.6811548
0.77748466 , 2.2289438 , 0.69826883
0.82241344 , 1.831229 , 0.7170976
0.9756998 , 0.33624575 , 0.7183344
1.3523554 , 0.09863466 , 0.92617744
1.0149711 , 1.7503822 , 0.79900163
0.87788534 , 2.2440767 , 0.7058982
0.8355144 , 1.8180075 , 0.5987447
0.77960193 , 2.0697722 , 0.68585956
0.78801095 , 2.183756 , 0.7083757
0.86780596 , 1.381861 , 0.72474164
1.1640726 , -0.88976514 , 0.69962287
1.5580055 , -1.8985815 , 1.003968
1.5613954 , -1.8670648 , 1.0055721
1.4062383 , -0.89833015 , 0.94846076
1.5684366 , -1.5311586 , 1.0140139
1.5785027 , -1.5063727 , 1.0125968
1.3832219 , -1.2657249 , 0.91876423
1.4918019 , -0.9089557 , 0.9185965
1.1543765 , -1.6790705 , 0.80597436
1.1594846 , -1.8554386 , 0.79979885
1.4351668 , -1.2630568 , 0.8975978
1.1698606 , -2.332044 , 0.7911736
1.1799866 , -2.5034904 , 0.78601485
1.4161946 , -1.5802144 , 0.88424325
1.432786 , -2.9870121 , 0.8792417
1.6420699 , -2.956687 , 0.97590756
1.5034659 , -1.2676334 , 0.8673446
1.618947 , -2.6167817 , 0.9723601
1.6203053 , -2.5844147 , 0.9680161
1.4592104 , -1.5978434 , 0.8662723
1.6191578 , -2.2412589 , 0.9649849
1.6255118 , -2.2039018 , 0.96188885
1.4427859 , -1.9152164 , 0.85742635
1.5101541 , -1.5805472 , 0.8540671
1.2242179 , -2.3760962 , 0.7507251
2.3792653 , -13.4961405 , 0.51246816
1.7168987 , -7.64964 , 0.5589311
2.147783 , -11.5701685 , 0.50176686
2.0960352 , -10.750456 , 0.4995
1.7042525 , -7.024641 , 0.5329333
1.3335559 , -2.9716554 , 0.67671436
2.3874884 , -10.963919 , 0.80417955
1.9956887 , -6.963023 , 0.85075974
1.7311158 , -3.4948416 , 0.8977417
2.0552301 , -7.4808097 , 0.8157027
2.4445386 , -11.191765 , 0.80581564
1.9292516 , -9.225466 , 0.50458854
1.5565108 , -5.4229164 , 0.5689109
1.7082484 , -3.107437 , 0.9111762
2.023661 , -7.1290584 , 0.8191205
2.4061544 , -10.84697 , 0.80369854
1.9568378 , -9.471373 , 0.50265896
1.5830728 , -5.6920924 , 0.56014663
1.6872336 , -2.714576 , 0.9266796
1.9928234 , -6.775993 , 0.8229105
2.3683062 , -10.502374 , 0.8022748
1.984628 , -9.7164345 , 0.5011676
1.6091217 , -5.957795 , 0.55228674
1.668465 , -2.3142338 , 0.9448702
1.9627668 , -6.421679 , 0.82711154
2.3310149 , -10.157961 , 0.80143297
2.0126538 , -9.960661 , 0.5001261
1.6347777 , -6.2201858 , 0.5451872
1.2779773 , -2.0898356 , 0.7225631
1.9335316 , -6.065774 , 0.8317439
2.2942924 , -9.813596 , 0.8010983
2.0409527 , -10.2042265 , 0.49956882
1.6601653 , -6.4798336 , 0.5387633
1.3158274 , -2.414617 , 0.69459885
1.9051961 , -5.7084293 , 0.8368357
0.80864805 , -3.465021 , 0.16263828
0.84119886 , -4.484738 , 0.15487628
0.85312563 , -5.705617 , 0.14807346
0.82157135 , -6.9792676 , 0.14781754
0.8135879 , -3.7806923 , 0.15833035
0.84384286 , -4.823428 , 0.1500197
0.8487592 , -6.0374217 , 0.14516516
0.8069977 , -7.257637 , 0.14565922
0.81865025 , -4.0941563 , 0.15367353
0.84543735 , -5.1571083 , 0.14566267
0.8421568 , -6.3487635 , 0.14260681
0.7904854 , -3.5136402 , 0.15463766
0.8234036 , -4.406329 , 0.14886501
0.8458646 , -5.4814997 , 0.14190279
0.832906 , -6.638031 , 0.14016639
0.79320115 , -3.8089597 , 0.15102276
0.8276358 , -4.7167687 , 0.14413899
0.84495294 , -5.7921696 , 0.13871083
0.8210286 , -6.9052672 , 0.13765188
0.79792416 , -4.0991416 , 0.14695954
0.831203 , -5.0235543 , 0.13971926
0.84241307 , -6.08536 , 0.13593876
0.8079242 , -7.1518717 , 0.13491704
0.8031886 , -4.3859534 , 0.14257883
0.8339895 , -5.323514 , 0.13576849
0.8378117 , -6.3586326 , 0.13336313
0.7746605 , -3.8868752 , 0.14347775
0.8084514 , -4.6701903 , 0.13808289
0.83587104 , -5.612764 , 0.13234979
0.8306745 , -6.6111884 , 0.13074805
0.77665657 , -4.1564565 , 0.14002594
0.8134581 , -4.951297 , 0.13369986
0.8366559 , -5.88742 , 0.12941101
0.82086116 , -6.843815 , 0.12790012
0.7812807 , -4.420217 , 0.13613966
0.81805056 , -5.2273254 , 0.12963124
0.83602136 , -6.1443167 , 0.12679435
0.80933446 , -7.0585737 , 0.1246815
0.7868704 , -4.679953 , 0.13195579
0.82210857 , -5.495244 , 0.12600787
0.8334911 , -6.3815784 , 0.12426962
0.7575137 , -4.2650585 , 0.13302577
0.792761 , -4.9363976 , 0.12768975
0.8255016 , -5.7514873 , 0.122865945
0.82852745 , -6.598944 , 0.12158411
0.7589955 , -4.5075846 , 0.129673
0.7986403 , -5.1888766 , 0.12356949
0.82802516 , -5.9925876 , 0.12014292
0.8208392 , -6.797783 , 0.118517324
0.7636598 , -4.74408 , 0.12588584
0.8043277 , -5.4353776 , 0.119775824
0.82933646 , -6.2157664 , 0.117686614
0.81099796 , -6.980822 , 0.11491203
0.7696997 , -4.976465 , 0.12181776
0.807765 , -6.6861315 , 0.08463236
0.8088656 , -6.943801 , 0.07970644
0.71392506 , -6.1825123 , 0.086641915
0.77192414 , -6.4868517 , 0.08298237
0.81272507 , -6.775299 , 0.08268076
0.6657499 , -6.138863 , 0.09197474
0.7243847 , -6.316786 , 0.08332272
0.7816584 , -6.604408 , 0.08075501
0.81541634 , -6.845466 , 0.0806116
0.6733881 , -6.245861 , 0.087320216
0.73523945 , -6.444689 , 0.08046343
0.7908789 , -6.706966 , 0.07866758
0.81505084 , -6.8976684 , 0.07791627
0.683146 , -6.3570843 , 0.08296168
0.746374 , -6.5634656 , 0.077960245
0.79916435 , -6.793539 , 0.07668212
0.81064236 , -6.93701 , 0.07351462
0.6939957 , -6.4698396 , 0.079275385
0.75763553 , -6.671031 , 0.07571179
0.8060338 , -6.8632646 , 0.07480657
0.64147866 , -6.5117235 , 0.085708715
0.70548785 , -6.5800266 , 0.07624178
0.76878285 , -6.765918 , 0.073626265
0.8109782 , -6.9150853 , 0.07308338
0.65050393 , -6.5895033 , 0.08052421
0.7174686 , -6.6840916 , 0.07370762
0.7794746 , -6.847177 , 0.071626164
0.8133447 , -6.947759 , 0.07139849
0.6613366 , -6.675313 , 0.07613514
0.7298272 , -6.7794356 , 0.07153059
0.7892867 , -6.9142385 , 0.069660336
0.81172645 , -6.962023 , 0.068760455
0.6731438 , -6.764069 , 0.07278126
0.7423912 , -6.864273 , 0.06958743
0.7977617 , -6.9666743 , 0.067728646
0.6159842 , -6.8906536 , 0.079908036
0.68564403 , -6.8506107 , 0.07022942
0.75489354 , -6.9374723 , 0.06776083
0.80448884 , -7.003777 , 0.06593412
0.62670505 , -6.939942 , 0.07413775
0.69873804 , -6.9313264 , 0.068247475
0.7669683 , -6.9984403 , 0.06593509
0.80912477 , -7.023723 , 0.06457673
0.63858086 , -7.001184 , 0.07005876
0.71230364 , -7.0038443 , 0.06665805
0.7781693 , -7.0469933 , 0.063999385
0.8108382 , -7.0224013 , 0.06395344
0.65129536 , -7.066173 , 0.06746709
0.7261381 , -7.066652 , 0.06529531
0.7880146 , -7.083175 , 0.061849635
0.5894952 , -7.2768855 , 0.07371526
0.664793 , -7.129203 , 0.06590867
0.73994315 , -7.1189027 , 0.06398867
0.79606706 , -7.106994 , 0.059403878
0.7662774 , -3.266915 , 0.3861095
0.8221729 , -5.4719267 , 0.40231493
0.6422718 , -0.5939163 , 0.35589892
0.7156665 , -2.0154853 , 0.36525318
0.7801452 , -3.8218403 , 0.3857053
0.8318184 , -6.0746408 , 0.3951573
0.6588325 , -1.0202043 , 0.35155258
0.73050404 , -2.4874809 , 0.36440942
0.79404026 , -4.392576 , 0.38449547
0.8368668 , -6.6431994 , 0.38522327
0.67545676 , -1.444196 , 0.34804535
0.7451924 , -2.9771018 , 0.36383644
0.8077507 , -4.97112 , 0.3818248
0.8353789 , -7.163823 , 0.37334916
0.6912711 , -1.8720744 , 0.34548005
0.75987065 , -3.4844637 , 0.36324334
0.8205692 , -5.5455995 , 0.37708458
0.83097124 , -7.6291485 , 0.36063623
0.7066772 , -2.3089542 , 0.34370187
0.7746398 , -4.007517 , 0.3622525
0.8310799 , -6.1017804 , 0.3699952
0.64906275 , -1.3689109 , 0.33103284
0.7219426 , -2.7583537 , 0.3424567
0.7894804 , -4.541461 , 0.36038646
0.83728004 , -6.626063 , 0.36079887
0.6652726 , -1.7779338 , 0.32740355
0.73722464 , -3.2219918 , 0.34145337
0.804102 , -5.0783973 , 0.35713118
0.8376543 , -7.1084347 , 0.3501691
0.6812089 , -2.1884599 , 0.32453743
0.75263387 , -3.699613 , 0.34036398
0.817753 , -5.60778 , 0.35209218
0.8346149 , -7.5436935 , 0.33891085
0.6969203 , -2.6049435 , 0.32236966
0.76822555 , -4.1887145 , 0.33880883
0.82910866 , -6.1180096 , 0.3451772
0.63856244 , -1.7241805 , 0.31054157
0.7126249 , -3.0305946 , 0.32069468
0.7839198 , -4.6842885 , 0.33636972
0.83645 , -6.5987353 , 0.3366645
0.65419424 , -2.1163468 , 0.3068577
0.7284739 , -3.4669247 , 0.31922725
0.79936713 , -5.178897 , 0.33266085
0.8385331 , -7.0427046 , 0.32709208
0.67025983 , -2.5080533 , 0.30377147
0.7445598 , -3.9134407 , 0.31763214
0.8138072 , -5.663428 , 0.3274488
0.83699054 , -7.4463334 , 0.3170617
0.6863268 , -2.9030147 , 0.30126747
0.7609007 , -4.3674426 , 0.31554466
0.8260195 , -6.128575 , 0.32075453
0.6272975 , -2.0858653 , 0.2901333
0.7025011 , -3.3039768 , 0.2991842
0.7773687 , -4.8240113 , 0.312608
0.64451295 , -5.404342 , 0.16515033
0.7406027 , -6.0809455 , 0.16583164
0.81430006 , -6.7437444 , 0.16168608
0.5669059 , -5.0511327 , 0.15571357
0.66519135 , -5.62267 , 0.16137454
0.7597649 , -6.2749467 , 0.15993121
0.82269305 , -6.896219 , 0.15624465
0.58675706 , -5.2554283 , 0.1529317
0.6861316 , -5.8321557 , 0.15705718
0.77744836 , -6.4497485 , 0.15373024
0.8287679 , -7.037926 , 0.1513714
0.6072371 , -5.45676 , 0.15004106
0.70709956 , -6.0297494 , 0.15218133
0.7930034 , -6.6049285 , 0.14746808
0.5286314 , -5.20682 , 0.13997105
0.6281524 , -5.654204 , 0.1468013
0.7277152 , -6.2126064 , 0.14678138
0.8058541 , -6.741753 , 0.14146002
0.5476717 , -5.385955 , 0.13739553
0.6494562 , -5.845524 , 0.14306994
0.7474735 , -6.3783765 , 0.14092882
0.8156647 , -6.863518 , 0.13603745
0.56808394 , -5.5626273 , 0.1349519
0.6710367 , -6.0278873 , 0.13880178
0.7657929 , -6.5254006 , 0.13473439
0.82273567 , -6.975466 , 0.13139707
0.58913285 , -5.7373734 , 0.13230564
0.69264495 , -6.1984587 , 0.13401246
0.78209597 , -6.6529384 , 0.12837793
0.5074472 , -5.575011 , 0.12169623
0.6106592 , -5.908752 , 0.12921853
0.7138899 , -6.354739 , 0.12874572
0.79591525 , -6.7616277 , 0.12216263
0.5272174 , -5.724529 , 0.119650505
0.6326212 , -6.0741444 , 0.12559974
0.73426145 , -6.4947076 , 0.123055205
0.8069682 , -6.854273 , 0.11653581
0.54819393 , -5.873716 , 0.11767239
0.65488845 , -6.2306685 , 0.12145903
0.7531787 , -6.616842 , 0.11699932
0.8151641 , -6.9365835 , 0.11194007
0.5698066 , -6.022519 , 0.115350835
0.67719036 , -6.3757143 , 0.11684614
0.7700796 , -6.720127 , 0.110663265
0.48480335 , -5.9479895 , 0.10387529
0.59196895 , -6.168682 , 0.11247947
0.6991209 , -6.507148 , 0.11181748
0.7845594 , -6.8042865 , 0.10424041
0.5054403 , -6.0673556 , 0.10255475
0.6146363 , -6.3091073 , 0.109047465
0.7201587 , -6.6233344 , 0.10642057
0.79647726 , -6.870689 , 0.098185755
0.52697957 , -6.189431 , 0.101172015
0.63764656 , -6.44088 , 0.10512553
0.7397046 , -6.7230487 , 0.1006828
0.80574197 , -6.924222 , 0.09327722
0.5491684 , -6.313032 , 0.09924458
0.6607031 , -6.561638 , 0.10079304
0.7571583 , -6.8053007 , 0.09460665
0.4605577 , -6.3262057 , 0.08650996
0.5720165 , -6.4347486 , 0.09665924
0.6833855 , -6.6696153 , 0.096116915
0.77206546 , -6.869161 , 0.088204876
0.48219872 , -6.4151287 , 0.08615631
0.5954528 , -6.550992 , 0.09351539
0.70516336 , -6.7635794 , 0.09114466
0.7843248 , -6.9140363 , 0.08168438
0.50430655 , -6.510748 , 0.08549423
0.6192711 , -6.65889 , 0.08993824
0.72542197 , -6.8427067 , 0.085894816
0.7941352 , -6.9417195 , 0.07590491
0.5271258 , -6.609892 , 0.08403244
0.64314777 , -6.75635 , 0.08602357
0.7435126 , -6.9063582 , 0.080339916
0.43450555 , -6.7102737 , 0.06950178
0.55074364 , -6.7077427 , 0.0818567
0.66665083 , -6.841954 , 0.08183677
0.75885385 , -6.953706 , 0.074377865
0.45728955 , -6.7688646 , 0.070429355
0.5750287 , -6.8003745 , 0.07918658
0.68924683 , -6.914845 , 0.077413924
0.77112263 , -6.9831376 , 0.06783016
0.48002338 , -6.838959 , 0.070607066
0.59972584 , -6.8850594 , 0.07617588
0.7103174 , -6.974594 , 0.07275635
0.78049946 , -6.992136 , 0.06082618
0.5036048 , -6.9141884 , 0.06977259
0.6244884 , -6.9599833 , 0.07291007
0.7291929 , -7.0210276 , 0.067816764
0.786675 , -6.9825077 , 0.055612303
0.52811426 , -6.9884562 , 0.068330064
0.64887685 , -7.0240326 , 0.069424026
0.74520916 , -7.0539255 , 0.062466472
0.43042064 , -7.1302238 , 0.055114795
0.55333924 , -7.0578027 , 0.06656679
0.67235845 , -7.076663 , 0.06570882
0.7577716 , -7.0724444 , 0.05641014
0.4540131 , -7.17574 , 0.056359828
0.5789848 , -7.1197286 , 0.0646034
0.6943211 , -7.1177754 , 0.06169735
0.76638705 , -7.0735974 , 0.048890695
0.47860307 , -7.227042 , 0.056813695
0.60468996 , -7.172667 , 0.062460635
0.71408933 , -7.1475983 , 0.057282563
0.77019715 , -7.048664 , 0.038870264
0.504135 , -7.2776628 , 0.057140846
0.63001806 , -7.215735 , 0.060096946
0.73102665 , -7.1663146 , 0.052031092
0.7359253 , 1.5618733 , 0.40009272
0.73946124 , -0.956445 , 0.28339192
0.67702276 , -3.5923617 , 0.17961472
0.5605289 , -6.1346903 , 0.09383744
0.7400588 , 0.9967022 , 0.37125036
0.7299628 , -1.5717162 , 0.25707087
0.6530064 , -4.20892 , 0.15709864
0.5250868 , -6.720178 , 0.07659547
0.74346644 , 0.41979834 , 0.3427853
0.7167675 , -2.1936276 , 0.23160651
0.62585425 , -4.822295 , 0.13569002
0.48718184 , -7.301503 , 0.05939619
0.7434693 , -0.17353791 , 0.31488064
0.6999489 , -2.8191211 , 0.20703198
0.59565675 , -5.4313183 , 0.11554477
0.7204033 , 1.7424173 , 0.40462452
0.73934853 , -0.7818058 , 0.28766716
0.67961115 , -3.445767 , 0.18337934
0.5624892 , -6.035056 , 0.0967944
0.73148537 , 1.1771127 , 0.3756447
0.731066 , -1.4016187 , 0.26123914
0.6558604 , -4.071719 , 0.16070777
0.52638423 , -6.6330953 , 0.079356
0.7397073 , 0.6003362 , 0.3471619
0.7187564 , -2.0293329 , 0.23565611
0.62879455 , -4.695547 , 0.13912189
0.4873485 , -7.2263846 , 0.062246885
0.7424371 , 0.0056555085 , 0.31922007
0.7025824 , -2.661774 , 0.21095383
0.59849703 , -5.3160534 , 0.11877071
0.69655716 , 1.9252535 , 0.40897205
0.73999435 , -0.60552186 , 0.29193687
0.6826948 , -3.296453 , 0.18716456
0.56501925 , -5.932181 , 0.09979624
0.72444373 , 1.3589879 , 0.37986743
0.7328492 , -1.229653 , 0.26541364
0.65922165 , -3.931513 , 0.16434234
0.5283076 , -6.5431995 , 0.08216441
0.73780775 , 0.78228474 , 0.3514719
0.7213594 , -1.8629224 , 0.23971859
0.6322688 , -4.5655446 , 0.14258428
0.4879154 , -7.1494827 , 0.065100774
0.742819 , 0.1863664 , 0.32353768
0.7057874 , -2.5020387 , 0.21489319
0.6019217 , -5.1973696 , 0.12203374
0.6905426 , 2.1117616 , 0.41210592
0.7417085 , -0.42756206 , 0.2962055
0.68632954 , -3.1444614 , 0.19097106
0.5682369 , -5.8258853 , 0.1028399
0.72436005 , 1.5428053 , 0.38393775
0.7354802 , -1.0558203 , 0.2695975
0.66313344 , -3.7883346 , 0.16800192
0.5311898 , -6.4501534 , 0.08501203
0.7392676 , 0.96583307 , 0.3557461
0.7246758 , -1.6944202 , 0.24379657
0.63631296 , -4.432292 , 0.14607708
0.49047416 , -7.0701046 , 0.067959286
0.74514735 , 0.36868483 , 0.32785076
0.7096281 , -2.3399546 , 0.21885176
0.6059611 , -5.075215 , 0.12533219
0.4458336 , -7.7178206 , 0.046560183
0.82251465 , 2.1837115 , 0.36331058
0.784925 , -0.76030093 , 0.25121933
0.6766827 , -3.8792152 , 0.15297963
0.48683938 , -7.1092815 , 0.07378195
0.853929 , 2.4488082 , 0.34384772
0.8301345 , 2.047561 , 0.33419162
0.9018474 , 2.6989865 , 0.32838807
0.89089876 , 2.2964175 , 0.31858066
0.87601364 , 1.8882452 , 0.31004348
0.8575147 , 1.4837075 , 0.3031522
0.9247207 , 2.1159332 , 0.2957865
0.90889376 , 1.6978394 , 0.28827947
0.8917755 , 1.285728 , 0.2811874
0.8741706 , 0.8819148 , 0.27447647
0.8580337 , 0.48716992 , 0.26794907
0.92049384 , 1.0388544 , 0.2614524
0.9011717 , 0.6315242 , 0.25449735
0.8826139 , 0.23334906 , 0.24764788
0.8656846 , -0.15572399 , 0.24087293
0.8521325 , -0.53597903 , 0.23412985
0.9039603 , -0.06855226 , 0.22897662
0.88364524 , -0.4576712 , 0.22217694
0.86513716 , -0.8375554 , 0.21545431
0.84920293 , -1.2082305 , 0.20880832
0.9007258 , -0.80710036 , 0.20453088
0.8781265 , -1.1852784 , 0.19800107
0.85755855 , -1.5537174 , 0.19156224
0.83941406 , -1.9122206 , 0.18522626
0.8241541 , -2.2605555 , 0.17898878
0.86674637 , -1.9466848 , 0.17536244
0.84370416 , -2.3019795 , 0.169355
0.82327235 , -2.6462944 , 0.16346827
0.80559576 , -2.9792223 , 0.157706
0.79081607 , -3.3003402 , 0.15205875
0.82393616 , -3.0831976 , 0.14910445
0.801043 , -3.411446 , 0.14377663
0.78112197 , -3.72682 , 0.13859338
0.76407677 , -4.028779 , 0.13354354
0.7981923 , -3.9010344 , 0.13116182
0.7726532 , -4.211233 , 0.12651734
0.7505321 , -4.506717 , 0.12203601
0.7315622 , -4.7868586 , 0.11769064
0.715432 , -5.051236 , 0.11340707
0.73764896 , -5.051476 , 0.112178825
0.7132443 , -5.3242574 , 0.1085471
0.692682 , -5.579304 , 0.1050229
0.67524785 , -5.8163743 , 0.101473846
0.66043526 , -6.0358734 , 0.097734764
0.6679953 , -6.18565 , 0.09848604
0.64620763 , -6.411545 , 0.095768005
0.62845796 , -6.617134 , 0.092878364
0.61352444 , -6.8035293 , 0.08956943
0.6120516 , -7.092096 , 0.09075275
0.58932686 , -7.284507 , 0.08786046
0.57257754 , -7.45612 , 0.08460246
0.5598 , -7.608941 , 0.080687106
0.6457068 , 2.413682 , 0.48261544
0.7228837 , 3.0443037 , 0.47681892
0.70190495 , 2.6596742 , 0.4686324
0.6815406 , 2.2596662 , 0.4605082
0.6614109 , 1.8538643 , 0.45066178
0.64082414 , 1.4535601 , 0.4392678
0.701567 , 2.0880246 , 0.43607464
0.6845492 , 1.6732943 , 0.42544577
0.66816425 , 1.264528 , 0.41430885
0.65249866 , 0.8643339 , 0.40302745
0.7002788 , 1.4453315 , 0.3986689
0.68369997 , 1.0315281 , 0.38774073
0.6679522 , 0.62658834 , 0.37680304
0.65330285 , 0.23081414 , 0.36597794
0.6411797 , -0.15597883 , 0.3554096
0.679469 , 0.33914435 , 0.3500492
0.6627173 , -0.057540298 , 0.33953485
0.6474772 , -0.44501442 , 0.3291438
0.63446033 , -0.8233604 , 0.31893045
0.62487465 , -1.1926887 , 0.30892533
0.65281916 , -0.7808605 , 0.30316526
0.6360926 , -1.1576748 , 0.29307312
0.62173235 , -1.5248599 , 0.2831063
0.610312 , -1.8822654 , 0.27328527
0.63802713 , -1.5391771 , 0.26772273
0.6191726 , -1.9037265 , 0.2578219
0.60313123 , -2.257786 , 0.24801065
0.59006554 , -2.6010149 , 0.23830807
0.58024174 , -2.9330416 , 0.22872004
0.5963788 , -2.6830647 , 0.22325997
0.57837355 , -3.0222614 , 0.21354024
0.5637127 , -3.3492944 , 0.2039097
0.55238456 , -3.6636498 , 0.19438653
0.5443681 , -3.9648418 , 0.18499365
0.54691267 , -3.821183 , 0.1795768
0.5306647 , -4.1299295 , 0.16998476
0.51817787 , -4.4242125 , 0.16051945
0.5091455 , -4.7034936 , 0.15123592
0.50810385 , -4.659935 , 0.1460477
0.49011964 , -4.9479847 , 0.13645972
0.47682503 , -5.2193327 , 0.1270433
0.4674373 , -5.473461 , 0.117909685
0.46125066 , -5.710308 , 0.1091728
0.44127014 , -5.8100743 , 0.103299275
0.42743397 , -6.0548563 , 0.09389593
0.4184271 , -6.2798276 , 0.08489307
0.41284186 , -6.485435 , 0.07647458
0.4093161 , -6.6730776 , 0.06882296
0.3699168 , -6.934275 , 0.061197154
0.36182758 , -7.126197 , 0.05213281
0.35751918 , -7.297675 , 0.04342274
0.35491848 , -7.45063 , 0.035089396
0.30707172 , -7.84271 , 0.028686589
0.949439 , -7.2292557 , 0.3502607
0.94329417 , -7.3365865 , 0.34416285
0.85493183 , -8.51695 , 0.28123564
0.8470909 , -8.537065 , 0.2774691
0.8396619 , -8.542169 , 0.2736672
0.8331389 , -8.533685 , 0.26948348
0.8275513 , -8.512951 , 0.2649069
0.82304585 , -8.481202 , 0.2598371
0.81945795 , -8.439555 , 0.25444168
0.816792 , -8.389059 , 0.24871421
0.8149356 , -8.330717 , 0.24276417
0.8138719 , -8.265492 , 0.23657894
0.81355107 , -8.194296 , 0.23020409
0.813952 , -8.117977 , 0.2236215
0.7317729 , -8.890122 , 0.19275147
0.7332827 , -8.765907 , 0.18859906
0.7355387 , -8.642134 , 0.18426119
0.73849434 , -8.519336 , 0.17975383
0.74208504 , -8.397977 , 0.17506477
0.74623567 , -8.278485 , 0.17022339
0.7508695 , -8.161266 , 0.16522771
0.75590986 , -8.046707 , 0.16010308
0.7612792 , -7.935181 , 0.15484744
0.76689386 , -7.8270516 , 0.14948606
0.7726635 , -7.722673 , 0.1440213
0.77846926 , -7.6223993 , 0.13849653
0.71578145 , -7.9938602 , 0.12776022
0.722675 , -7.8744435 , 0.12314802
0.7300234 , -7.761817 , 0.11831613
0.737709 , -7.656087 , 0.1132622
0.7455967 , -7.557337 , 0.10807068
0.7536036 , -7.465648 , 0.10270916
0.76158917 , -7.3811007 , 0.09728832
0.7694714 , -7.3037796 , 0.0917689
0.7770872 , -7.2337766 , 0.086301826
0.78427416 , -7.1711993 , 0.08090462
0.79083663 , -7.1161857 , 0.075771935
0.7964479 , -7.068925 , 0.071026206
0.7586007 , -7.149199 , 0.069229335
0.7662607 , -7.1030746 , 0.06437513
0.77311474 , -7.0648074 , 0.05927108
0.77995926 , -7.0339055 , 0.05513776
0.78547573 , -7.0099816 , 0.051103365
0.79068035 , -6.993193 , 0.0480224
0.7947908 , -6.9845624 , 0.044560272
0.7419077 , -7.4570427 , 0.499137
0.7543236 , -7.5561876 , 0.48938906
0.76705074 , -7.636374 , 0.478576
0.7807269 , -7.697477 , 0.46702537
0.79409426 , -7.7399125 , 0.45629117
0.7315872 , -8.830093 , 0.46058783
0.7429549 , -8.795495 , 0.44724703
0.75360924 , -8.750688 , 0.43405676
0.7638878 , -8.696931 , 0.42080614
0.7736718 , -8.635296 , 0.40789777
0.7830672 , -8.566743 , 0.39519185
0.79211015 , -8.492168 , 0.3828336
0.80084467 , -8.412423 , 0.3707391
0.8093448 , -8.32832 , 0.3589623
0.8176609 , -8.240628 , 0.34744912
0.825888 , -8.150078 , 0.33622706
0.8341115 , -8.057355 , 0.32527116
0.76655847 , -8.727303 , 0.3133458
0.7753943 , -8.594722 , 0.3015517
0.78359485 , -8.464689 , 0.28993863
0.7913003 , -8.337584 , 0.278567
0.7986028 , -8.213754 , 0.2674331
0.8055763 , -8.093523 , 0.25654662
0.81227237 , -7.977199 , 0.24587661
0.8187374 , -7.865074 , 0.23541929
0.8250075 , -7.757433 , 0.22513372
0.8311076 , -7.654554 , 0.2150197
0.8370625 , -7.556716 , 0.2050283
0.84285665 , -7.46421 , 0.1951699
0.7843591 , -7.753132 , 0.1750407
0.7909552 , -7.6471143 , 0.16516076
0.7969115 , -7.548623 , 0.15543886
0.80229586 , -7.457679 , 0.14580598
0.80716145 , -7.374307 , 0.13639355
0.8115121 , -7.298535 , 0.127079
0.81535876 , -7.2303886 , 0.11804259
0.8185913 , -7.1698995 , 0.10917529
0.8212353 , -7.117118 , 0.10067437
0.82301766 , -7.072111 , 0.092451826
0.82403153 , -7.0350137 , 0.08462482
0.8236916 , -7.0060816 , 0.077129655
0.7912899 , -7.0429964 , 0.06042948
0.79489815 , -7.0172086 , 0.055329565
0.7973064 , -6.9971766 , 0.05032895
0.7985061 , -6.982988 , 0.04668273
0.78674287 , -8.557433 , 0.38871315
0.7889234 , 2.8124325 , 0.62807965
0.8613675 , 2.6377385 , 0.62564164
0.9442995 , 2.3813136 , 0.62243414
0.73727393 , 2.8618166 , 0.6349442
0.80430716 , 2.7956755 , 0.63260835
0.8760842 , 2.6372955 , 0.62994516
0.9618593 , 2.3901982 , 0.625483
0.75139976 , 2.834341 , 0.63993776
0.8187546 , 2.791592 , 0.63687515
0.89085084 , 2.6457865 , 0.6339632
0.97972137 , 2.4007375 , 0.62783337
0.7666987 , 2.8253825 , 0.6445808
0.83242345 , 2.7979436 , 0.64093477
0.9060012 , 2.660764 , 0.63754773
0.9957979 , 2.4102485 , 0.6294526
0.78138405 , 2.8318107 , 0.6488333
0.84555304 , 2.8128178 , 0.64483136
0.9219161 , 2.6789358 , 0.6405305
0.7375688 , 2.7313244 , 0.6565663
0.7950255 , 2.8502846 , 0.6526957
0.85845876 , 2.8344784 , 0.6485494
0.93900716 , 2.6962554 , 0.6427675
0.7493587 , 2.7468922 , 0.6611105
0.80763924 , 2.877546 , 0.6562275
0.87152755 , 2.8609414 , 0.6519816
0.9575356 , 2.7083323 , 0.6441612
0.7626718 , 2.778936 , 0.66516376
0.8194124 , 2.91078 , 0.65953225
0.88522 , 2.8894446 , 0.65493727
0.9762886 , 2.7111032 , 0.6446643
0.77546686 , 2.8233373 , 0.6686978
0.83064324 , 2.9478052 , 0.6627022
0.9000817 , 2.9160717 , 0.65718746
0.9869857 , 2.7017436 , 0.6444266
0.7871862 , 2.8757393 , 0.67172986
0.8417212 , 2.9868712 , 0.6657472
0.9167645 , 2.9357257 , 0.6585248
0.7494325 , 2.6344395 , 0.6815173
0.7978298 , 2.931988 , 0.6743632
0.8531208 , 3.0260625 , 0.66855043
0.93598187 , 2.9425173 , 0.6588057
0.76055473 , 2.707824 , 0.68484676
0.80762994 , 2.988697 , 0.67676866
0.865415 , 3.0625427 , 0.6708739
0.9575592 , 2.9305186 , 0.6579566
0.7712626 , 2.789668 , 0.6875042
0.8169531 , 3.0435362 , 0.6791019
0.87930334 , 3.0919454 , 0.67240757
0.97424823 , 2.8948734 , 0.6560488
0.78089947 , 2.8744302 , 0.68953353
0.826255 , 3.0949335 , 0.68140644
0.89566445 , 3.1081402 , 0.6728423
0.7516077 , 2.5004294 , 0.70094925
0.78946906 , 2.9569693 , 0.69110495
0.881769 , 1.8649641 , 0.75921947
0.7947344 , 1.9109467 , 0.71715325
0.76944005 , 2.5754132 , 0.72252053
0.8045922 , 2.4076264 , 0.74719733
0.9323283 , 1.4202151 , 0.76736957
0.7812262 , 2.1533082 , 0.7048759
0.7734187 , 2.5572839 , 0.72518826
0.82591385 , 2.1705751 , 0.75374126
1.0116415 , 0.86619514 , 0.883768
0.77334654 , 2.3078341 , 0.70210576
0.7811781 , 2.4805174 , 0.7292418
0.8551357 , 1.8498318 , 0.76060987
0.670036 , 2.5009468 , 0.52110535
0.749478 , 0.70693296 , 0.5230739
0.7856073 , -1.1967831 , 0.54003644
0.7906245 , -3.6104505 , 0.57040894
0.70281893 , 2.1341295 , 0.5270249
0.760494 , 0.35333073 , 0.52907866
0.79042953 , -1.6189256 , 0.5497528
0.77647734 , -4.1357927 , 0.57603115
0.7230175 , 1.7697794 , 0.5304298
0.76971376 , -0.00460187 , 0.5357833
0.792881 , -2.060279 , 0.5593873
0.74732316 , -4.636376 , 0.57477975
0.73819757 , 1.4141477 , 0.53394294
0.7773211 , -0.36991915 , 0.54315144
0.79207015 , -2.5182838 , 0.5682158
0.6898295 , -5.077513 , 0.5685113
0.7503871 , 1.0662992 , 0.5380254
0.783314 , -0.74541974 , 0.5510407
0.7864147 , -2.9855957 , 0.57522064
0.7097293 , 2.4555957 , 0.54187703
0.76044977 , 0.72373134 , 0.54278654
0.7875065 , -1.1329159 , 0.5591833
0.77327925 , -3.447161 , 0.57889265
0.7274038 , 2.0924509 , 0.54564124
0.78406775 , -2.7159066 , 0.5777936
0.714825 , 2.5609043 , 0.54838
0.7611372 , 0.86770815 , 0.54933363
0.7863278 , -0.9316064 , 0.5639623
0.77106005 , -3.144475 , 0.5806204
0.7308998 , 2.2036057 , 0.5522765
0.7689232 , 0.53701067 , 0.55431384
0.7879236 , -1.3105521 , 0.57123
0.7475699 , -3.5423613 , 0.5800336
0.743043 , 1.8575798 , 0.555118
0.7752438 , 0.20799518 , 0.5599239
0.7866381 , -1.6941327 , 0.57764226
0.7084464 , -3.9000108 , 0.57816905
0.75294065 , 1.5258634 , 0.55801433
0.7801026 , -0.121908635 , 0.5660018
0.7813647 , -2.074173 , 0.58234143
0.7219317 , 2.800099 , 0.55997145
0.7611571 , 1.207176 , 0.56142014
0.7833569 , -0.45398837 , 0.57226825
0.7705322 , -2.4379516 , 0.5846255
0.73597497 , 2.4604115 , 0.56415695
0.7679498 , 0.89873993 , 0.5654598
0.78469545 , -0.78742987 , 0.5782985
0.75159055 , -2.7730446 , 0.5849009
0.74623376 , 2.131235 , 0.5671371
0.773435 , 0.59759045 , 0.57009345
0.78360766 , -1.1184176 , 0.5835115
0.7210378 , -3.07553 , 0.5844225
0.7545129 , 1.8176248 , 0.56977695
0.77762127 , 0.3013645 , 0.57516223
0.77936393 , -1.439626 , 0.58728176
0.72904146 , 2.9859176 , 0.57075083
0.7613961 , 1.5201243 , 0.5726484
0.78041345 , 0.009004107 , 0.5803879
0.7708937 , -1.7415633 , 0.5893447
0.74113256 , 2.669556 , 0.5747401
0.76709306 , 1.2369915 , 0.5759995
0.7781654 , 2.998865 , 0.6264923
0.7679465 , 2.6031232 , 0.628683
0.7703824 , 2.1621554 , 0.6315709
0.78843284 , 1.6709777 , 0.6325203
0.7755663 , 2.901339 , 0.62851524
0.7673356 , 2.5412621 , 0.6314036
0.773619 , 2.1288528 , 0.6342277
0.7950036 , 1.6618321 , 0.6340189
0.77342397 , 2.8238635 , 0.6308332
0.7673846 , 2.4950726 , 0.6342023
0.7786522 , 2.1084833 , 0.63686144
0.7986356 , 1.6629508 , 0.63464594
0.77128124 , 2.7647798 , 0.6334036
0.7684042 , 2.463263 , 0.6370417
0.7859553 , 2.0989838 , 0.63945395
0.7864008 , 2.9313748 , 0.6331781
0.7694157 , 2.722263 , 0.6361867
0.7707504 , 2.4444973 , 0.6399054
0.7958042 , 2.0978947 , 0.64189684
0.7813696 , 2.8744495 , 0.6352035
0.7682162 , 2.694445 , 0.6391316
0.77487534 , 2.4371538 , 0.64281136
0.8077262 , 2.1028118 , 0.6439289
0.7775293 , 2.8366838 , 0.63761383
0.76804286 , 2.6795554 , 0.6421773
0.78135186 , 2.4390516 , 0.64579505
0.8187762 , 2.112065 , 0.6451351
0.7741395 , 2.8156004 , 0.6403766
0.76923305 , 2.6759722 , 0.64527446
0.79085547 , 2.447338 , 0.6488596
0.7953488 , 2.8325868 , 0.6391891
0.7714075 , 2.808565 , 0.64344186
0.7721586 , 2.68207 , 0.64841557
0.8040664 , 2.4586697 , 0.6519113
0.78778034 , 2.8174942 , 0.64130783
0.76973414 , 2.8130047 , 0.64673126
0.7772983 , 2.6958752 , 0.65164846
0.8212377 , 2.4696681 , 0.6546956
0.7821468 , 2.819931 , 0.64390975
0.76950073 , 2.8266413 , 0.6501479
0.7852989 , 2.7146878 , 0.65505266
0.8401795 , 2.4775958 , 0.656765
0.7774849 , 2.8365176 , 0.6469771
0.7710502 , 2.8475678 , 0.65361476
0.79701406 , 2.7348955 , 0.6586815
0.8049147 , 2.7053506 , 0.6444609
0.7739409 , 2.8637106 , 0.6504518
0.77474946 , 2.874027 , 0.6571205
0.8134965 , 2.7521129 , 0.6624885
0.79475564 , 2.7331808 , 0.6467613
0.77192146 , 2.8981504 , 0.6542224
0.7810824 , 2.9039116 , 0.66074073
0.83573645 , 2.7616513 , 0.66625243
0.7872565 , 2.776155 , 0.64966106
0.7718107 , 2.9370413 , 0.65814364
0.79074466 , 2.9342012 , 0.6646127
0.86277294 , 2.7592618 , 0.6695091
0.7813075 , 2.829864 , 0.65316087
0.77393544 , 2.9782915 , 0.6620963
0.8047317 , 2.9606025 , 0.6688695
0.81495655 , 2.5531006 , 0.6489239
0.7770194 , 2.8897293 , 0.6571927
0.7786395 , 3.020202 , 0.666056
0.8244172 , 2.9775743 , 0.6735511
0.8022026 , 2.6246946 , 0.65148336
0.7747999 , 2.951531 , 0.6616
0.7863961 , 3.0607722 , 0.6701228
0.85148674 , 2.9787798 , 0.67850846
0.7927969 , 2.7083213 , 0.6547855
0.77501357 , 3.0119982 , 0.6661724
0.7979248 , 3.096902 , 0.67449856
0.88650876 , 2.9579353 , 0.6832952
0.7855663 , 2.7983673 , 0.6588565
0.77794755 , 3.0690038 , 0.67073995
0.81431663 , 3.1237895 , 0.6794193
0.92063034 , 2.9101079 , 0.6871509
0.78062713 , 2.889044 , 0.6636116
0.7839105 , 3.1211092 , 0.6752619
0.8371912 , 3.1347396 , 0.68505484
0.8099828 , 2.4954162 , 0.6553409
0.77838117 , 2.97521 , 0.6688267
0.79336125 , 3.1666412 , 0.6798594
0.8688343 , 3.1215065 , 0.6913834
0.79866534 , 2.619633 , 0.65914804
0.7791405 , 3.0532293 , 0.67420816
0.80702865 , 3.2026708 , 0.6847931
0.91142917 , 3.0752149 , 0.69803596
0.79018843 , 2.7450144 , 0.6639418
0.7831249 , 3.1211464 , 0.67953545
0.82605195 , 3.2241652 , 0.69040763
0.9590204 , 2.9879215 , 0.70413196
0.7847313 , 2.8643374 , 0.6696065
0.7906043 , 3.1779692 , 0.6847625
0.8522011 , 3.223478 , 0.6970386
0.8179071 , 2.3490376 , 0.65811694
0.7826714 , 2.971516 , 0.67581356
0.80203545 , 3.2224915 , 0.69003195
0.88820904 , 3.1903894 , 0.70486397
0.80471236 , 2.5135872 , 0.6625228
0.78421694 , 3.0627775 , 0.6821676
0.81816393 , 3.2521374 , 0.695645
0.93773645 , 3.1129391 , 0.7136849
0.79506785 , 2.6730547 , 0.66820824
0.7894896 , 3.136626 , 0.6884157
0.840147 , 3.2619677 , 0.7020298
0.9992847 , 2.9792292 , 0.7226024
0.78928626 , 2.8184783 , 0.6749924
0.7987253 , 3.1926653 , 0.69453764
0.86980283 , 3.2438319 , 0.7096935
0.825729 , 2.1895695 , 0.6594378
0.7876753 , 2.942905 , 0.6823826
0.81240684 , 3.230163 , 0.7007101
0.9101052 , 3.1858423 , 0.7190891
0.8107343 , 2.3940291 , 0.6645244
0.790265 , 3.0428476 , 0.6898712
0.8313277 , 3.2469094 , 0.7072536
0.96584666 , 3.072708 , 0.7303323
0.80006504 , 2.5860353 , 0.6712993
0.79705024 , 3.1176512 , 0.69721985
0.8566728 , 3.2382884 , 0.71462566
1.0407575 , 2.8875523 , 0.7426887
0.79424006 , 2.7544892 , 0.6794396
0.8082492 , 3.1676085 , 0.7044863
0.89024055 , 3.1962447 , 0.72344977
0.83313894 , 2.0210993 , 0.6586539
0.7933988 , 2.8918772 , 0.68819827
0.82440466 , 3.1923218 , 0.71190894
0.93501544 , 3.1080475 , 0.7344816
0.81647104 , 2.264968 , 0.664484
0.79729754 , 2.9957132 , 0.69697595
0.8464027 , 3.1897418 , 0.71982336
0.99639654 , 2.9554503 , 0.74833894
0.80502033 , 2.4875948 , 0.67259675
0.80579567 , 3.0666237 , 0.7056354
0.8755093 , 3.1555228 , 0.7286634
1.082843 , 2.715682 , 0.7647784
0.79955393 , 2.6752667 , 0.68235224
0.8191251 , 3.1055887 , 0.7143771
0.9135232 , 3.0821428 , 0.73905
0.83973044 , 1.848196 , 0.65466434
0.79985285 , 2.8207088 , 0.69263244
0.8379177 , 3.1122987 , 0.723536
0.96328384 , 2.95725 , 0.7519355
0.82158905 , 2.1309612 , 0.6612822
0.80530894 , 2.9235122 , 0.7028446
0.8631849 , 3.084508 , 0.7334886
1.0301751 , 2.7611458 , 0.76858455
0.80977327 , 2.38166 , 0.6710684
0.8156846 , 2.9859526 , 0.71308315
0.8963398 , 3.0177372 , 0.74464834
1.1257236 , 2.4650986 , 0.7898275
0.8052199 , 2.5835798 , 0.68268275
0.8312716 , 3.0095417 , 0.7237458
0.939298 , 2.9048288 , 0.7575441
0.8449664 , 1.675248 , 0.64559543
0.8070394 , 2.7314599 , 0.69455403
0.85280704 , 2.9937725 , 0.7352923
0.9948209 , 2.734682 , 0.7730548
0.82570297 , 1.9967003 , 0.65306014
0.8142477 , 2.828306 , 0.7063471
0.8814334 , 2.9358585 , 0.74818826
1.0678331 , 2.488807 , 0.7927929
0.8142424 , 2.2718499 , 0.66501695
0.8266191 , 2.8780646 , 0.71852374
0.91873723 , 2.8306556 , 0.7629036
1.1705136 , 2.1349185 , 0.81895375
0.81129414 , 2.4814308 , 0.678621
0.84455115 , 2.8824306 , 0.73168665
0.9668657 , 2.6705425 , 0.7798969
1.3285384 , 1.6229428 , 0.8512733
0.81493014 , 2.625671 , 0.69203925
0.86888504 , 2.8404355 , 0.746419
1.0287999 , 2.4449575 , 0.7997033
0.8284268 , 1.8678118 , 0.6369
0.8239958 , 2.711991 , 0.705631
0.90087473 , 2.7485197 , 0.76329464
1.1092385 , 2.1382022 , 0.8242
0.8185558 , 2.1613257 , 0.6518216
0.83843154 , 2.7453995 , 0.7202241
0.9422515 , 2.6005025 , 0.78290176
1.2190802 , 1.7205164 , 0.86093986
0.81786484 , 2.3698637 , 0.667317
0.8587596 , 2.7273417 , 0.73649186
0.99538606 , 2.3873408 , 0.80607307
1.4099531 , 1.1271732 , 0.9221426
0.8233954 , 2.504544 , 0.68247414
0.8859033 , 2.6562285 , 0.7549906
1.0636425 , 2.0966785 , 0.8350844
0.8297394 , 1.7504283 , 0.6081463
0.8343374 , 2.5763578 , 0.69861954
0.9211879 , 2.527663 , 0.7762632
1.1521927 , 1.7138538 , 0.8731351
0.8232247 , 2.0504124 , 0.6273361
0.85089386 , 2.5902185 , 0.71643084
0.96641815 , 2.3343706 , 0.80104154
1.2708628 , 1.2265468 , 0.8951227
0.82481056 , 2.2483616 , 0.64588577
0.8736876 , 2.5469413 , 0.73608375
1.0240377 , 2.0659535 , 0.8305644
1.4640223 , 0.5673253 , 0.7890915
0.83205056 , 2.3692374 , 0.6660431
0.90367943 , 2.444224 , 0.7575023
1.0974108 , 1.7090346 , 0.86494267
0.7342482 , 2.7629626 , 0.46285692
0.7491345 , 3.2868457 , 0.5654757
0.7750134 , 2.6507509 , 0.6563106
0.81608444 , 1.7069546 , 0.70790815
0.736856 , 3.0635602 , 0.48869696
0.7531347 , 3.2175057 , 0.5887558
0.78495497 , 2.4113667 , 0.6745133
0.8243315 , 1.5108545 , 0.6988147
0.74021727 , 3.2511382 , 0.5135037
0.75864077 , 3.0853388 , 0.6112992
0.7959491 , 2.1586628 , 0.6902337
0.82896715 , 1.3571126 , 0.6634624
0.7435828 , 3.341265 , 0.53777134
0.76584804 , 2.9008646 , 0.6328452
0.8073317 , 1.9056857 , 0.7021628
0.722232 , 2.7952983 , 0.45859012
0.74728274 , 3.345556 , 0.56161857
0.7747717 , 2.6760805 , 0.6530801
0.81815606 , 1.6652217 , 0.7076295
0.73025197 , 3.1094692 , 0.48468092
0.7518754 , 3.273244 , 0.5849695
0.78523904 , 2.423189 , 0.67160183
0.82697874 , 1.4506236 , 0.7010827
0.736652 , 3.305895 , 0.50962937
0.7578209 , 3.1352506 , 0.607639
0.7968558 , 2.155245 , 0.6877596
0.83093333 , 1.2748356 , 0.67088735
0.74155545 , 3.400854 , 0.5338499
0.7654229 , 2.942061 , 0.6293492
0.80898803 , 1.8856711 , 0.7004265
0.70803106 , 2.8226097 , 0.45464295
0.7460708 , 3.4066396 , 0.5577928
0.77476513 , 2.7061706 , 0.64980274
0.82073474 , 1.6274859 , 0.7070753
0.725343 , 3.1529424 , 0.48079148
0.7511438 , 3.3321953 , 0.5811871
0.785733 , 2.4398797 , 0.6686316
0.83078295 , 1.3943572 , 0.7028656
0.73464674 , 3.360113 , 0.50552213
0.75742465 , 3.1891048 , 0.6039278
0.7979784 , 2.1566463 , 0.6852706
0.83725035 , 1.1979179 , 0.67749286
0.7406982 , 3.4613166 , 0.53040355
0.76533514 , 2.9876745 , 0.62583405
0.810921 , 1.8702637 , 0.6983329
0.7046698 , 2.8429234 , 0.44949308
0.745734 , 3.4698596 , 0.55348575
0.6531337 , -8.742241 , 0.15677404
0.77300984 , -7.422311 , 0.06346885
0.70480114 , -8.225894 , 0.12308474
0.6153098 , -9.094447 , 0.17927809
0.7478865 , -7.749241 , 0.087620914
0.6717656 , -8.572553 , 0.14919746
0.5756371 , -9.432028 , 0.19656187
0.71988785 , -8.079252 , 0.115024514
0.6358541 , -8.91359 , 0.17226925
0.75965667 , -7.628823 , 0.07999257
0.6889343 , -8.411643 , 0.1415511
0.5979519 , -9.241912 , 0.1910856
0.73354554 , -7.941739 , 0.10698061
0.6549009 , -8.741414 , 0.16517283
0.7701702 , -7.517712 , 0.072638676
0.7046621 , -8.259265 , 0.13384515
0.6186732 , -9.060627 , 0.18503289
0.7457892 , -7.8132396 , 0.098999456
0.6724981 , -8.577599 , 0.1580083
0.77951497 , -7.4154706 , 0.06545251
0.7189608 , -8.115215 , 0.12609112
0.63787544 , -8.887866 , 0.17862135
0.7566309 , -7.693696 , 0.09114357
0.68868756 , -8.421769 , 0.1507871
0.78782773 , -7.3214574 , 0.057913363
0.73183244 , -7.9792957 , 0.1183056
0.6556345 , -8.72328 , 0.17202325
0.76608753 , -7.5829506 , 0.08349305
0.7034955 , -8.273572 , 0.143512
0.6210841 , -9.011556 , 0.18769976
0.74326175 , -7.8513746 , 0.110515304
0.67203295 , -8.566417 , 0.1653385
0.77418053 , -7.4808383 , 0.07614236
0.7169307 , -8.132665 , 0.13618056
0.63881063 , -8.84794 , 0.18278597
0.75320965 , -7.731273 , 0.10276364
0.6871465 , -8.416765 , 0.15861699
0.78097004 , -7.386796 , 0.06915261
0.72898126 , -7.9988017 , 0.1287911
0.6552308 , -8.692056 , 0.1770154
0.7615858 , -7.6188827 , 0.09511723
0.7010309 , -8.273774 , 0.15187074
0.7866002 , -7.2997622 , 0.062394276
0.7396219 , -7.8717203 , 0.121349275
0.67052174 , -8.543372 , 0.17094839
0.76822007 , -7.5138984 , 0.08766834
0.7137298 , -8.137029 , 0.14508685
0.79144144 , -7.2164793 , 0.054779943
0.7488312 , -7.7512736 , 0.113872215
0.6848718 , -8.401108 , 0.16482486
0.2644255 , -9.189351 , 0.0401486
0.07969448 , -11.351199 , 0.07791552
-0.14366452 , -13.409225 , 0.10959516
0.19296435 , -10.133159 , 0.056296576
-0.006761325 , -12.2151785 , 0.093201645
0.29608658 , -8.853041 , 0.03773267
0.11588304 , -11.024498 , 0.07320609
-0.10074648 , -13.069319 , 0.105717756
0.22637233 , -9.805497 , 0.05220889
0.03231619 , -11.885404 , 0.0887175
0.32786208 , -8.521698 , 0.036702055
0.1516329 , -10.699717 , 0.068641484
-0.05840956 , -12.732143 , 0.10169686
0.25937396 , -9.479844 , 0.04870959
0.07084643 , -11.558162 , 0.08427492
0.35965306 , -8.20136 , 0.03682063
0.1868744 , -10.377199 , 0.064292155
-0.016708214 , -12.398038 , 0.09764104
0.29201254 , -9.157774 , 0.046014313
0.10877772 , -11.233768 , 0.07989877
-0.111012906 , -13.228892 , 0.10869626
0.2215726 , -10.057509 , 0.060258202
0.024305277 , -12.067314 , 0.093591504
0.3243454 , -8.842064 , 0.04427769
0.14606854 , -10.912556 , 0.07562543
-0.06671652 , -12.888845 , 0.10502837
0.25572017 , -9.741523 , 0.0566641
0.06458664 , -11.7402935 , 0.08956927
0.35624355 , -8.536036 , 0.043469794
0.18269052 , -10.594957 , 0.071506046
-0.023193508 , -12.552788 , 0.10129467
0.28932416 , -9.43066 , 0.053636152
0.10410047 , -11.417289 , 0.08559258
0.387379 , -8.242524 , 0.043406937
0.2186245 , -10.28155 , 0.0676077
0.019501967 , -12.2210865 , 0.097592875
0.32235652 , -9.1268425 , 0.051257327
0.1428191 , -11.098662 , 0.081684686
0.41738957 , -7.9630423 , 0.044016395
0.2538571 , -9.973178 , 0.064008445
0.061325435 , -11.89409 , 0.09395254
0.35470822 , -8.832269 , 0.049532525
0.18072046 , -10.78484 , 0.07787704
-0.025981639 , -12.675618 , 0.105055995
0.2883675 , -9.670968 , 0.06078238
0.102241464 , -11.572146 , 0.090375565
0.3861902 , -8.54886 , 0.048408296
0.21778563 , -10.4763775 , 0.07420963
0.018188747 , -12.343191 , 0.10133764
0.32211006 , -9.376348 , 0.05797919
0.14222145 , -11.255619 , 0.086862415
0.41659644 , -8.27798 , 0.047847163
0.25399452 , -10.17399 , 0.07072709
0.061355054 , -12.016388 , 0.09784022
0.35499766 , -9.090836 , 0.055612043
0.18124214 , -10.944925 , 0.083419986
0.44576323 , -8.020291 , 0.04793386
0.2893193 , -9.878587 , 0.067470625
0.10347768 , -11.695558 , 0.094521105
0.38690963 , -8.815849 , 0.05366724
0.21928252 , -10.640559 , 0.080062285
0.47360152 , -7.775984 , 0.049027022
0.3237153 , -9.59122 , 0.06446879
0.14452608 , -11.3810625 , 0.0913343
0.4177154 , -8.552469 , 0.05213478
0.2563208 , -10.343125 , 0.07680741
0.06487357 , -12.104801 , 0.102001764
0.3571173 , -9.313009 , 0.061732784
0.18447605 , -11.073284 , 0.088243656
0.4473061 , -8.301403 , 0.05104732
0.29232946 , -10.053332 , 0.07367251
0.10799366 , -11.785362 , 0.09851886
0.38944358 , -9.044995 , 0.059261374
0.22330694 , -10.772656 , 0.08522649
0.4756103 , -8.062987 , 0.050521173
0.3272718 , -9.77198 , 0.07066908
0.1499027 , -11.473095 , 0.095413715
0.42060918 , -8.788046 , 0.057054866
0.26099858 , -10.47967 , 0.08227049
0.502598 , -7.8373256 , 0.050802566
0.36110017 , -9.499895 , 0.06780111
0.19057572 , -11.16834 , 0.09254731
0.45054033 , -8.542777 , 0.055132866
0.2975285 , -10.194879 , 0.07936875
0.11593896 , -11.839891 , 0.10344468
0.39375928 , -9.237859 , 0.06506782
0.22999433 , -10.871452 , 0.08982349
0.47918636 , -8.309575 , 0.053551532
0.33286902 , -9.918884 , 0.07651544
0.15847768 , -11.530288 , 0.099697605
0.42519298 , -8.986542 , 0.06247069
0.2681428 , -10.582822 , 0.08717799
0.5065221 , -8.088627 , 0.052420974
0.3669873 , -9.652299 , 0.07370375
0.19964619 , -11.22892 , 0.09668415
0.455353 , -8.746457 , 0.060022444
0.30500546 , -10.302866 , 0.084567994
0.5325463 , -7.879988 , 0.05192593
0.3998471 , -9.395704 , 0.07092674
0.23942825 , -10.936067 , 0.09406253
0.48420498 , -8.517959 , 0.05775561
0.3405647 , -10.032028 , 0.081963606
0.55727637 , -7.6836433 , 0.052339356
0.43141258 , -9.149606 , 0.06818111
0.27781364 , -10.652015 , 0.09164778
0.5117319 , -8.301252 , 0.055729393
0.37480062 , -9.770753 , 0.07934211
0.21172974 , -11.2543 , 0.10136386
0.46165353 , -8.914411 , 0.065471955
0.31479508 , -10.377063 , 0.08932133
0.5379338 , -8.096438 , 0.05403668
0.40769163 , -9.519459 , 0.07668591
0.25162658 , -10.966038 , 0.09832851
0.49054903 , -8.690403 , 0.062817685
0.35036525 , -10.111516 , 0.08700717
0.5628247 , -7.9035397 , 0.052814346
0.4392174 , -9.278517 , 0.07398291
0.29000288 , -10.687059 , 0.09589037
0.51809025 , -8.477771 , 0.06025377
0.3845162 , -9.855679 , 0.08465476
0.58643055 , -7.722557 , 0.052258734
0.46936128 , -9.048222 , 0.07122862
0.32686058 , -10.41755 , 0.093741
0.54428 , -8.276605 , 0.057835028
0.41723937 , -9.609837 , 0.082228824
0.6087846 , -7.5534644 , 0.052637864
0.49811327 , -8.828793 , 0.06842899
0.36220384 , -10.157692 , 0.09169354
0.56913257 , -8.086944 , 0.055637088
0.4485268 , -9.374237 , 0.07970453
0.3046011 , -10.688325 , 0.10025561
0.52547127 , -8.62036 , 0.065602735
0.39603692 , -9.907665 , 0.08963637
0.5926703 , -7.9087744 , 0.05375823
0.4783733 , -9.149083 , 0.07706599
0.34106827 , -10.424944 , 0.097990885
0.5514425 , -8.422999 , 0.062783174
0.4283636 , -9.667634 , 0.08750062
0.6149242 , -7.7420936 , 0.052326176
0.50677764 , -8.934511 , 0.07430659
0.3759184 , -10.171411 , 0.09610457
0.57604146 , -8.2367115 , 0.060018882
0.45918778 , -9.437742 , 0.08524116
0.6359296 , -7.5868697 , 0.051522374
0.5337446 , -8.730609 , 0.07143026
0.4091699 , -9.927785 , 0.09432496
0.5992905 , -8.061487 , 0.05737264
0.48851466 , -9.218094 , 0.08282737
0.35715157 , -10.40059 , 0.102293275
0.5592845 , -8.5373955 , 0.06845271
0.44084042 , -9.694121 , 0.09250527
0.62121624 , -7.8972664 , 0.054917675
0.516352 , -9.0087595 , 0.08023921
0.39123008 , -10.154232 , 0.10023701
0.5834145 , -8.354862 , 0.065402746
0.47094622 , -9.470455 , 0.090563156
0.64185125 , -7.744022 , 0.052730996
0.542711 , -8.809757 , 0.07746621
0.4236168 , -9.917812 , 0.09869769
0.6061558 , -8.182948 , 0.0623227
0.49950355 , -9.256807 , 0.08844751
0.66123086 , -7.6016846 , 0.05089237
0.567608 , -8.621074 , 0.0745078
0.45434722 , -9.691274 , 0.09722961
0.6275345 , -8.021594 , 0.059267417
0.5265294 , -9.053158 , 0.086123325
0.67939967 , -7.470253 , 0.04953424
0.5910628 , -8.44265 , 0.07137449
0.4834531 , -9.474556 , 0.0956603
0.6475779 , -7.8706994 , 0.056299232
0.55204374 , -8.859465 , 0.08356563
0.43895802 , -9.880262 , 0.10235296
0.61309975 , -8.274418 , 0.06808901
0.5109632 , -9.267578 , 0.09390825
0.66631657 , -7.7301927 , 0.053474598
0.5760696 , -8.675643 , 0.08075799
0.46846485 , -9.66179 , 0.10140524
0.63374436 , -8.116273 , 0.064687476
0.5369051 , -9.070244 , 0.09192581
0.68378097 , -7.5999403 , 0.050815925
0.59863496 , -8.501593 , 0.07769293
0.49628192 , -9.452924 , 0.10038678
0.6530236 , -7.9681354 , 0.061219443
0.5613072 , -8.882417 , 0.08967762
0.70000994 , -7.4798512 , 0.048274852
0.61977047 , -8.337184 , 0.07437315
0.5224573 , -9.2535 , 0.09912846
0.67096126 , -7.829877 , 0.057745088
0.58420163 , -8.7039385 , 0.08713445
0.71505415 , -7.369713 , 0.045788314
0.63950926 , -8.182306 , 0.07081289
0.5470318 , -9.063329 , 0.09758756
0.6875799 , -7.701398 , 0.054325167
0.6056247 , -8.534609 , 0.08427324
0.50892454 , -9.408999 , 0.10400412
0.657882 , -8.036835 , 0.06703909
0.6861114 , -7.8594866 , 0.06522951
0.6077613 , -8.605558 , 0.09712463
0.7252085 , -7.4710374 , 0.047673408
0.6566528 , -8.153585 , 0.08079342
0.57501507 , -8.90325 , 0.106122196
0.7002492 , -7.738119 , 0.06067338
0.6256981 , -8.451079 , 0.09465135
0.7362233 , -7.375635 , 0.04362365
0.6720922 , -8.017053 , 0.07677765
0.59413064 , -8.741157 , 0.10515235
0.71305424 , -7.625161 , 0.055931177
0.6422737 , -8.303845 , 0.09174975
0.74563205 , -7.287311 , 0.038379043
0.686208 , -7.8879423 , 0.07237535
0.61180955 , -8.586625 , 0.103633806
0.724437 , -7.520404 , 0.051070858
0.6575551 , -8.163471 , 0.08841225
0.58111805 , -8.856235 , 0.10982841
0.69895905 , -7.7660975 , 0.067598626
0.6281574 , -8.439034 , 0.10161876
0.7341773 , -7.423656 , 0.046165656
0.6715895 , -8.029606 , 0.0846415
0.5986186 , -8.703474 , 0.11054329
0.7102438 , -7.651231 , 0.062471703
0.6433316 , -8.297746 , 0.099120244
0.74173284 , -7.3340926 , 0.04118063
0.684425 , -7.9020414 , 0.08044554
0.61491853 , -8.557842 , 0.10991283
0.5192444 , -7.777045 , 0.05746296
0.6315923 , -7.5545344 , 0.061033867
0.7281644 , -7.3841558 , 0.055472627
0.77328193 , -7.206221 , 0.039991632
0.09227307 , -12.431081 , 0.16353798
0.32051325 , -10.961497 , 0.16155091
0.5186222 , -9.609015 , 0.15231423
0.4634977 , -7.9327044 , 0.050555967
0.86777693 , 1.4590522 , 0.6619789
0.9200011 , 0.85351664 , 0.70287174
0.84107816 , 1.8352339 , 0.6218146
0.897841 , 1.1438341 , 0.6840816
0.95990646 , 0.5106298 , 0.72657984
0.87129796 , 1.5167763 , 0.6641451
0.93564487 , 0.78792703 , 0.7029027
0.8398724 , 1.9246664 , 0.6255783
0.9068197 , 1.1459515 , 0.68524015
0.98185116 , 0.38274038 , 0.7258774
0.8741894 , 1.5749825 , 0.66672575
0.9504153 , 0.72920024 , 0.70319456
1.0370808 , -0.07416162 , 0.7547831
0.91503644 , 1.1527456 , 0.6867543
1.0028352 , 0.26218763 , 0.7253653
0.8766036 , 1.6325483 , 0.66964304
0.96433556 , 0.6768336 , 0.7037584
1.0646504 , -0.25591186 , 0.7541144
0.92254484 , 1.1632738 , 0.68862146
1.0228704 , 0.1486438 , 0.7250566
0.87870175 , 1.6888816 , 0.67282814
0.9774396 , 0.63022107 , 0.7046038
1.091144 , -0.43029445 , 0.75322914
0.929418 , 1.1767141 , 0.6908277
1.0419806 , 0.041708454 , 0.72496355
0.8806122 , 1.7434763 , 0.676237
0.98977333 , 0.58877933 , 0.7057373
1.116581 , -0.59758437 , 0.7524032
0.9357379 , 1.1922102 , 0.6933496
1.0602 , -0.059022382 , 0.72509706
0.88244325 , 1.7962033 , 0.67985606
1.0013894 , 0.5518526 , 0.707162
1.1409897 , -0.75806624 , 0.75167346
0.94159734 , 1.2090818 , 0.69615823
1.0775698 , -0.15401098 , 0.72546667
0.8842642 , 1.8469288 , 0.68370014
1.0123494 , 0.5188171 , 0.70887655
