2.6148056e-11 , 6.73e-43 , 2.6148056e-11
6.73e-43 , 0.0 , 0.0
0.0 , 0.0 , -1.2734456e-19
4.5914e-41 , 2.4e-44 , 0.74148494
-0.025889376 , 0.6540862 , 0.48889387
-0.057769224 , 0.04729365 , 0.3790021
0.052702278 , 0.7389156 , 0.8718724
0.048078574 , 0.75123876 , 0.8746254
0.1518911 , -3.883475 , 0.8035177
0.20112817 , -5.042142 , 0.7436647
0.11748762 , 0.58592796 , 0.8619696
0.18087764 , -2.3302636 , 0.7747472
0.17953596 , -1.0463954 , 0.7970678
0.16551924 , -0.072341725 , 0.8162169
0.09296654 , 0.5340928 , 0.8857924
0.12210731 , -0.1735936 , 0.88312113
0.10756678 , 0.7204694 , 0.83484
0.11314654 , 0.6895333 , 0.8376277
0.09653947 , 0.6405282 , 0.85932475
0.17233177 , -2.9430401 , 0.76495105
0.13234788 , -0.471864 , 0.8855664
0.16473697 , -1.5719497 , 0.8899589
0.19244409 , -3.0063584 , 0.89387774
0.18581411 , -4.1265435 , 0.95839196
0.16448614 , -0.022996018 , 0.82073325
0.092279434 , 0.47914022 , 0.91008687
0.12436154 , -0.25863013 , 0.88591766
0.1570863 , -1.2840624 , 0.88996905
0.08504111 , 0.80658954 , 0.8378882
0.10887706 , 0.5722341 , 0.862756
0.1775266 , -2.5647004 , 0.7754815
0.18065213 , -1.2419461 , 0.7984503
0.1724511 , -1.8861978 , 0.8934597
0.19573954 , -3.3955557 , 0.8955108
0.23594402 , -4.5703316 , 0.8939995
0.09864524 , 0.60057133 , 0.86747944
0.09835206 , 0.3137247 , 0.8847202
0.13195089 , -0.4922765 , 0.8893087
0.16493712 , -1.5804641 , 0.89346737
0.19341534 , -2.9947162 , 0.8972918
0.12607647 , 0.491611 , 1.1629794
0.18016575 , -2.2152915 , 0.7850478
0.17860997 , -0.9833803 , 0.80621785
0.16513999 , -0.047736015 , 0.8254242
0.16171584 , -3.7263334 , 0.8287983
0.26691166 , -4.9817915 , 0.90092874
0.10961963 , 0.5361442 , 0.8700273
0.17645156 , -2.5594165 , 0.7809459
0.15979542 , -1.393174 , 0.8950785
0.19038066 , -2.7384932 , 0.8995086
0.13031758 , -3.9364593 , 0.823356
0.17234425 , -4.608298 , 0.7595051
0.029592661 , 0.7785502 , 0.8887724
0.025010673 , 0.7921117 , 0.8900661
0.14495172 , -3.5697503 , 0.7661806
0.18059869 , -2.0512908 , 0.791264
0.17745447 , -0.86750776 , 0.81150377
0.18129286 , -1.6904246 , 0.7989728
0.17441143 , -0.5956869 , 0.81818396
0.15859212 , 0.21567418 , 0.83734334
0.17689186 , -2.0513177 , 0.89995676
0.19520445 , -3.5603838 , 0.90433466
0.2557594 , -4.7272844 , 0.9083799
0.12209845 , 0.48122802 , 0.8576065
0.17860611 , -2.2695558 , 0.7912021
0.17628591 , -0.75768 , 0.81671315
0.1589285 , 0.20624664 , 0.83951735
0.10823719 , 0.039517045 , 0.89215034
0.14764556 , -1.003412 , 0.897045
0.18563163 , -2.4375918 , 0.90252435
0.1383017 , -3.8776891 , 0.8391045
0.15369676 , -4.350058 , 0.76529384
0.17832826 , -2.2688785 , 0.7930183
0.18085496 , -1.5013163 , 0.80544704
0.17048211 , -0.32067895 , 0.82688224
0.088504724 , 0.4418681 , 0.8788594
0.12441132 , -0.35474187 , 0.895785
0.16398323 , -1.5484616 , 0.9003827
0.1972726 , -3.1545975 , 0.9057717
0.247425 , -4.555705 , 0.91281277
0.10778179 , 0.6457701 , 0.8484438
0.1129928 , 0.61243415 , 0.84947795
0.1689468 , -0.22801171 , 0.8305476
0.1555472 , 0.4308971 , 0.8492748
0.10782205 , 0.021149207 , 0.8949011
0.14205325 , -0.8491572 , 0.8987137
0.17603761 , -2.000231 , 0.90340203
0.19731367 , -3.467983 , 0.9086246
0.16277634 , -4.45506 , 0.7732016
0.186102 , -4.831045 , 0.7703099
0.2782991 , -4.9761295 , 0.9155123
0.12297122 , 0.5568655 , 0.8511124
0.56217384 , -8.416755 , 1.335159
0.41060588 , -8.551937 , 1.2020797
0.25746298 , -7.73948 , 1.049901
0.2716953 , -6.373496 , 1.0517098
0.11809682 , -3.1925235 , 1.0221243
0.061149802 , -0.59962076 , 0.96775776
0.065604195 , 0.504258 , 0.8960985
0.47740534 , -5.5553055 , 1.1531967
0.18737951 , -0.72208804 , 0.94520044
0.30812728 , -2.7713864 , 1.0540239
0.5191178 , -5.8052764 , 1.2147754
0.213908 , -1.1994448 , 0.9731695
0.3567118 , -3.5144036 , 1.0910124
0.595604 , -6.778885 , 1.2867963
0.062948674 , -0.43787646 , 0.95976436
0.13454536 , 0.4259998 , 0.85864574
0.18879645 , -0.7312728 , 0.9452716
0.3487643 , -3.3924303 , 1.0854547
0.58184475 , -6.595243 , 1.2745203
0.2653045 , -6.1325784 , 1.0495741
0.15954837 , -0.13650152 , 0.90398633
0.24590182 , -1.746883 , 1.002835
0.41098025 , -4.30499 , 1.1326479
0.17806835 , -0.50470906 , 0.9299597
0.28310958 , -2.3617136 , 1.0346576
0.47277853 , -5.1623635 , 1.1811193
0.071761176 , -1.1390226 , 0.98671824
0.0697895 , 0.19189167 , 0.91824836
0.16154028 , -0.14936952 , 0.9040362
0.27739605 , -2.266148 , 1.0299829
0.46193403 , -5.0106 , 1.1734129
0.36445215 , -7.6358376 , 1.1193283
0.14430118 , 0.29549816 , 0.8672298
0.20141397 , -0.9394325 , 0.95721066
0.32597965 , -3.0367825 , 1.0693828
0.15580675 , 0.016524436 , 0.88992536
0.22879413 , -1.4339532 , 0.9858432
0.37520868 , -3.778303 , 1.1079054
0.091205664 , -1.9948745 , 1.0072592
0.06983646 , -0.31447208 , 0.95129186
0.14726344 , 0.28161156 , 0.86732775
0.2249437 , -1.3613894 , 0.98169154
0.36688876 , -3.6544793 , 1.1020571
0.6061876 , -6.8027687 , 1.3106472
0.076837 , 0.2748287 , 0.9087589
0.1717485 , -0.32058161 , 0.9150864
0.26146993 , -1.9934692 , 1.0163349
0.1476441 , 0.4039573 , 0.8570758
0.19078794 , -0.7080985 , 0.94162726
0.29946688 , -2.616388 , 1.0491958
0.1250729 , -2.9967942 , 1.0217016
0.07571191 , -0.9582058 , 0.97991186
0.07940633 , 0.2610697 , 0.9085722
0.17326018 , -0.33262834 , 0.9151213
0.26145214 , -1.9904317 , 1.016386
0.42706963 , -4.5171967 , 1.1511564
0.5576692 , -7.845007 , 1.3790543
0.1925298 , -4.497588 , 1.0348829
0.09509354 , -1.9888028 , 1.0072914
0.07398493 , -0.33857194 , 0.9512253
0.15319985 , 0.25412333 , 0.86744255
0.16849236 , -0.20056409 , 0.90416896
0.24731582 , -1.7456725 , 1.0031514
0.39999396 , -4.137106 , 1.1314409
0.6718774 , -7.3094006 , 1.4022207
0.17751227 , -0.40084705 , 0.91888225
0.26614273 , -2.068735 , 1.0209726
0.4311293 , -4.574443 , 1.1573263
0.38257873 , -7.5008497 , 1.1622168
0.18785481 , -0.61860776 , 0.9340287
0.2865636 , -2.4099169 , 1.0395716
0.464328 , -5.022394 , 1.1858479
0.06561389 , -0.31963712 , 1.1718463
0.25617918 , -4.7872443 , 1.1401776
0.20888834 , -3.099744 , 1.0926169
0.15336168 , -1.3121531 , 1.0214261
0.11471113 , -0.07747954 , 1.0172402
0.12143418 , -2.3024826 , 0.9613231
0.08836245 , -1.1501592 , 1.0837734
0.044432882 , -0.11439645 , 1.1992475
0.12510465 , -0.19848631 , 1.0260674
0.11663219 , -2.1231744 , 0.9806744
0.08040013 , -0.95820546 , 1.1041077
0.033858947 , 0.06176127 , 1.2070612
0.13555247 , -0.33327863 , 1.0299284
0.11125477 , -1.9369522 , 1.0000414
0.07185784 , -0.76431566 , 1.1245543
0.022257965 , 0.23802981 , 1.20411
0.14595093 , -0.4808458 , 1.030824
0.10525147 , -1.7447621 , 1.0194966
0.062703595 , -0.56883085 , 1.1448472
0.07998184 , 0.38888195 , 0.94589794
0.15618356 , -0.6404886 , 1.0299399
0.09702759 , -1.4984291 , 1.0440568
0.050833907 , -0.32870224 , 1.1691312
0.09753356 , 0.23829688 , 0.99643105
0.16850017 , -0.8586597 , 1.0273466
0.21089254 , -2.0876224 , 1.0022787
0.2091366 , -3.2187567 , 0.959059
0.13113394 , -3.295942 , 0.8497334
0.11543902 , -2.1854796 , 0.9758177
0.08316778 , -1.139527 , 1.079116
0.030835202 , 0.02426508 , 1.1975143
0.11850538 , 0.010677926 , 1.0222437
0.18457034 , -1.180428 , 1.0219667
0.07438903 , -0.9301586 , 1.0995322
0.018141698 , 0.22478965 , 1.2069721
0.13031389 , -0.14237931 , 1.0276623
0.1928748 , -1.3768872 , 1.0182496
0.06488533 , -0.7178948 , 1.1200904
0.003930491 , 0.42824492 , 1.2068485
0.14195107 , -0.30753195 , 1.0295782
0.2004335 , -1.5795459 , 1.0141889
0.054634675 , -0.50294447 , 1.1406182
0.028113503 , 0.68501127 , 1.0499341
0.15333791 , -0.4844308 , 1.0294007
0.20716156 , -1.787315 , 1.0098227
0.043610472 , -0.28591657 , 1.1606094
0.08519106 , 0.54274976 , 0.9792008
0.16434447 , -0.6716587 , 1.0278429
0.21297067 , -1.9989128 , 1.0048007
0.031738564 , -0.06656726 , 1.1793047
0.09874991 , 0.39359254 , 1.0041933
0.17486961 , -0.86851716 , 1.0256712
0.12594387 , -3.0333774 , 0.89551055
0.09855874 , -1.7302496 , 1.0193764
0.04563527 , -0.3760001 , 1.146071
0.072445996 , 0.8030743 , 0.9444479
0.15636492 , -0.4634422 , 1.0287238
0.21162339 , -1.8389106 , 1.0086781
0.22134557 , -3.1409774 , 0.97141725
0.12343222 , -3.6582148 , 0.81945497
0.019009534 , 2.1979442 , 0.94552785
0.22356886 , -3.010066 , 0.9772462
0.20752269 , -1.6712462 , 1.0121168
0.14752732 , -0.2829702 , 1.0288951
0.15389007 , 0.66081226 , 1.0261579
0.2708808 , -1.9985809 , 1.0068781
-0.013942107 , 0.6449135 , 1.207443
0.069338165 , -0.9427747 , 1.0898716
0.12825891 , -3.386485 , 0.85933274
0.16381797 , -3.9741056 , 0.8725944
0.022716936 , -0.1690612 , 1.1061708
-0.14050974 , 2.5208225 , 1.1894629
0.011861972 , 1.0101641 , 1.0389748
-0.012162286 , 1.7670473 , 1.0640724
-0.09608138 , 2.6002884 , 1.1702046
-0.21702376 , 3.1247413 , 1.6285769
-0.13463645 , 2.3456967 , 1.4400315
-0.06142797 , 1.4727143 , 1.2969112
0.0001885472 , 1.6119759 , 1.0508076
0.628663 , 2.846083 , 0.29432186
0.62833875 , 2.8170671 , 0.2854709
0.6435345 , 2.8730729 , 0.29820624
0.6859914 , 2.9946444 , 0.31419867
0.47079352 , 2.8779905 , 0.260607
0.45505592 , 2.7446625 , 0.26325703
0.6086 , 2.5725088 , 0.2968978
0.62422925 , 2.609323 , 0.31020007
0.6439592 , 2.6657736 , 0.31986526
0.45249966 , 2.6379795 , 0.28429288
-0.08017706 , 1.7484449 , 1.1762882
0.042901315 , 1.4111813 , 0.9284976
-0.0599219 , 1.4451241 , 1.1721294
-0.09147206 , 1.943314 , 1.1780056
-0.12371383 , 2.4448187 , 1.1828955
0.00966972 , 2.1393085 , 0.9397396
0.026140291 , 1.6657096 , 0.93478686
0.04363641 , 1.1782908 , 0.92923975
-0.08903744 , 1.9634957 , 1.1982645
-0.12107071 , 3.9028614 , 1.0596555
-0.23291193 , 5.0160265 , 1.1700945
-0.16672605 , 3.344725 , 1.2653073
-0.08219833 , 1.8707316 , 1.2059174
-0.016229523 , 2.6253226 , 0.95279086
0.87164044 , 6.939442 , 0.1536676
0.93371755 , 7.600785 , 0.13126603
0.7409245 , 4.44057 , 0.27158976
0.8450794 , 5.3317633 , 0.27061692
0.70149964 , 3.2931604 , 0.3176142
0.6696079 , 3.5431478 , 0.28560498
0.6094245 , 4.5691257 , 0.20195584
0.6287883 , 2.979505 , 0.2908977
0.7691288 , 4.831894 , 0.26499856
0.59405655 , 4.417708 , 0.20630491
0.5106955 , 2.674656 , 0.25187322
0.041364785 , 1.0855409 , 0.96803486
-0.10755084 , 2.0167274 , 1.3988986
-0.035128597 , 1.1219457 , 1.2434193
0.019693924 , 0.8673123 , 1.0267235
-0.1801702 , 2.7384791 , 1.5675716
-0.104449 , 1.9677327 , 1.3988322
-0.032776553 , 1.0768802 , 1.2435749
0.6833402 , 5.354171 , 0.17656243
0.5183977 , 3.6064415 , 0.2328781
0.6963114 , 3.9668553 , 0.279767
0.6682911 , 5.2091103 , 0.18048257
0.50305593 , 3.4442577 , 0.23838907
0.021472408 , 0.78366387 , 1.0153294
-0.13576941 , 2.2950206 , 1.4718106
-0.065487504 , 1.4737303 , 1.3267382
0.50964314 , 2.5521023 , 0.2849475
0.022260943 , 1.282954 , 1.0320913
-0.071516976 , 2.2424104 , 1.1560313
-0.19169381 , 2.797414 , 1.6195831
-0.1037594 , 1.9339299 , 1.4101143
-0.022118479 , 0.9139851 , 1.2233062
0.76815504 , 4.8640633 , 0.26455906
0.9627458 , 6.7612123 , 0.23053671
0.7392612 , 5.9145675 , 0.1587955
0.54856694 , 3.9574573 , 0.22024189
0.79253626 , 6.418854 , 0.14476858
0.6253917 , 4.7840147 , 0.19283569
0.4612552 , 2.9598258 , 0.25358465
0.023693884 , 0.7724223 , 1.0500683
0.51095307 , 2.6662865 , 0.2768712
0.06504738 , 0.6423381 , 0.96184677
-0.011425418 , 1.5151689 , 1.098437
-0.08687349 , 2.2268062 , 1.2121797
-0.14410187 , 2.2534738 , 1.559745
-0.07681166 , 1.546438 , 1.3925742
-0.014857851 , 0.6770965 , 1.2339753
0.7254211 , 4.4536643 , 0.27229443
0.882549 , 6.084226 , 0.24127246
0.81748986 , 6.6664143 , 0.13559851
0.6478146 , 5.05219 , 0.1814718
0.48613724 , 3.311263 , 0.24209693
0.6948584 , 4.0984454 , 0.27869618
0.8461196 , 5.748452 , 0.24730812
0.8526398 , 6.977574 , 0.1277641
0.6782337 , 5.3630123 , 0.17095688
0.51657975 , 3.6716545 , 0.22821192
0.4872427 , 2.3753014 , 0.30911335
0.037928127 , 0.96923375 , 1.0349331
-0.039193444 , 1.7620615 , 1.1385831
-0.11365925 , 2.433605 , 1.2765331
-0.11218838 , 1.9286603 , 1.4852481
-0.048948664 , 1.1772299 , 1.3368988
0.5008724 , 2.571705 , 0.27809724
0.061813485 , 0.6661563 , 0.99118793
-0.0154925855 , 1.5096364 , 1.1103275
-0.0889533 , 2.1915648 , 1.2297832
-0.12735839 , 2.061226 , 1.5361626
-0.06317189 , 1.3571898 , 1.3756013
0.6002724 , 2.8409777 , 0.29359707
0.7382326 , 4.6309266 , 0.26902834
0.8989365 , 6.2462597 , 0.23852311
0.79134274 , 6.439596 , 0.13973357
0.62446743 , 4.8293486 , 0.18759651
0.46439368 , 3.0711484 , 0.25004086
0.7072556 , 4.2824326 , 0.27555075
0.8615619 , 5.910568 , 0.24421804
0.825408 , 6.7476206 , 0.13166273
0.6546214 , 5.141732 , 0.17678423
0.49425587 , 3.434682 , 0.23663746
0.058484364 , 0.3240011 , 1.015046
0.033263244 , 0.98427194 , 1.0503508
-0.042284884 , 1.7417755 , 1.1516801
-0.1410947 , 2.389717 , 1.4836059
-0.09699478 , 1.741684 , 1.4650708
-0.036090594 , 0.98395133 , 1.319332
0.4913163 , 2.4757183 , 0.29391795
0.057672072 , 0.69145286 , 1.0136871
-0.019088162 , 1.4975173 , 1.1223364
-0.09059247 , 2.1516523 , 1.2485654
-0.11128372 , 1.8725945 , 1.5136697
-0.04986115 , 1.1692994 , 1.3587345
0.61098135 , 3.056819 , 0.2952491
0.7512931 , 4.803328 , 0.26565933
0.9157561 , 6.407471 , 0.23608314
0.7657201 , 6.214837 , 0.14416112
0.60130084 , 4.6058993 , 0.19395193
0.44109425 , 2.8281035 , 0.25408673
0.06570425 , 0.30518278 , 0.28783855
0.09229752 , 0.5555932 , 0.23910646
0.07934322 , 0.6290841 , 0.13484906
0.053556304 , 0.36612716 , 0.1956206
0.05219067 , 0.22684747 , 0.29845315
0.7106444 , 5.9006524 , 0.10912025
0.49675077 , 4.08858 , 0.103546225
0.28463843 , 2.2562213 , 0.106873445
0.059879143 , 0.24673949 , 0.33494076
0.15604614 , 0.8498792 , 0.3101618
0.2511654 , 1.543801 , 0.29453528
0.3505737 , 2.2598312 , 0.2742828
0.1680885 , 1.1005303 , 0.22893623
0.39870676 , 2.7529318 , 0.24806824
0.64611626 , 4.6117744 , 0.25113443
0.88662004 , 6.3609624 , 0.2383409
0.5149228 , 2.4280705 , 0.32237244
0.36483663 , 1.7146262 , 0.34729293
0.22111894 , 1.0129999 , 0.36101297
0.085190244 , 0.36890754 , 0.37012187
0.1251166 , 0.635047 , 0.31752563
0.2199379 , 1.3077784 , 0.30150306
0.31634793 , 2.0118108 , 0.28348467
0.42180616 , 2.6817665 , 0.2563332
0.4470269 , 2.0970392 , 0.3372374
0.29975635 , 1.3910114 , 0.35502964
0.15970014 , 0.71253175 , 0.367034
0.07115848 , 0.30490527 , 0.33686334
0.16684277 , 0.91892517 , 0.31177977
0.2606337 , 1.600924 , 0.29613048
0.35940063 , 2.2999766 , 0.2747533
0.52985954 , 2.4613035 , 0.31884927
0.38019204 , 1.7683434 , 0.3474979
0.23658292 , 1.0797582 , 0.3618541
0.10014101 , 0.43616486 , 0.37241685
0.1135632 , 0.5546391 , 0.3235423
0.2073845 , 1.2059906 , 0.30693313
0.30166855 , 1.8908936 , 0.28973687
0.40372294 , 2.5615406 , 0.2629615
0.46219894 , 2.1404703 , 0.33647275
0.3151051 , 1.4499028 , 0.35562336
0.17514883 , 0.782158 , 0.368107
0.06026443 , 0.2509676 , 0.3599034
0.15504143 , 0.8291562 , 0.31714597
0.24739069 , 1.4915693 , 0.30186117
0.3435477 , 2.1740828 , 0.28173018
0.5446387 , 2.4877741 , 0.31369135
0.39542302 , 1.8182175 , 0.34767833
0.25193328 , 1.1434195 , 0.36266774
0.115329854 , 0.5043652 , 0.37390748
0.102306016 , 0.47959405 , 0.3299665
0.19519137 , 1.1085556 , 0.3123153
0.2875184 , 1.7740897 , 0.29594606
0.38648364 , 2.4382417 , 0.27108958
0.47724 , 2.179266 , 0.3355327
0.3303354 , 1.505186 , 0.35621703
0.19051887 , 0.8495138 , 0.36907947
0.059289154 , 0.2690591 , 0.38027376
0.1435117 , 0.7438397 , 0.3225345
0.23457384 , 1.3866429 , 0.30752474
0.328288 , 2.0512133 , 0.288695
0.5592551 , 2.5059707 , 0.30731562
0.4105224 , 1.8641078 , 0.34783864
0.2671579 , 1.2037765 , 0.36347005
0.13060623 , 0.57228214 , 0.37500757
0.09141679 , 0.4105274 , 0.33678675
0.18334256 , 1.0154532 , 0.3176482
0.27388385 , 1.6615891 , 0.30207577
0.3699858 , 2.3144624 , 0.2795227
0.49216682 , 2.2130232 , 0.3344555
0.34545487 , 1.556743 , 0.35682133
0.20579419 , 0.914208 , 0.37000638
0.07269342 , 0.32716084 , 0.37986147
0.13224533 , 0.66310227 , 0.32794136
0.22215787 , 1.2861503 , 0.31311
0.3135919 , 1.9319167 , 0.2955407
0.573808 , 2.5133557 , 0.30293646
0.42548642 , 1.9058411 , 0.34800246
0.28224984 , 1.2606515 , 0.36427933
0.14587148 , 0.63902634 , 0.37597868
0.08103147 , 0.34845 , 0.34349334
0.1718031 , 0.92666376 , 0.32292652
0.26072404 , 1.5535018 , 0.30810258
0.3541502 , 2.1918652 , 0.2876524
0.50697184 , 2.2411928 , 0.3333806
0.36044905 , 1.6044687 , 0.3574538
0.22094765 , 0.9759306 , 0.37092364
0.087442614 , 0.38888913 , 0.38097045
0.12129084 , 0.5871637 , 0.33333752
0.2101693 , 1.1900852 , 0.31860834
0.29950255 , 1.8166031 , 0.3022223
0.39477026 , 2.4196463 , 0.2802012
0.44038475 , 1.9431832 , 0.348214
0.29725614 , 1.3138809 , 0.365113
0.16110675 , 0.70392096 , 0.37693265
0.07139807 , 0.29519394 , 0.34908092
0.16046882 , 0.8421817 , 0.3281416
0.24791 , 1.4498749 , 0.3140142
0.33877668 , 2.0715528 , 0.2953829
0.52152616 , 2.2629752 , 0.3326035
0.37520364 , 1.6482654 , 0.35813642
0.23588142 , 1.034437 , 0.3718541
0.10245145 , 0.45197728 , 0.3818431
0.11077115 , 0.5163556 , 0.33865228
0.19869894 , 1.0984138 , 0.32401496
0.2861458 , 1.7055446 , 0.30872822
0.3789073 , 2.3035648 , 0.2891358
0.45541584 , 1.9758494 , 0.34854472
0.31231037 , 1.363331 , 0.3659857
0.17638317 , 0.76644886 , 0.3779107
0.055457484 , 0.25368786 , 0.36717337
0.14928521 , 0.7620927 , 0.33327833
0.23537317 , 1.3507804 , 0.31980917
0.3237664 , 1.9543836 , 0.30273727
0.5357753 , 2.277013 , 0.33253816
0.3896285 , 1.6879482 , 0.35889342
0.25052828 , 1.0894705 , 0.37280905
0.11739064 , 0.5149411 , 0.38285682
0.10054231 , 0.45109573 , 0.34374428
0.18750249 , 1.0109707 , 0.3293245
0.2732031 , 1.5987564 , 0.31506753
0.36354083 , 2.1862717 , 0.29724845
0.47031236 , 2.0036676 , 0.3491084
0.32720694 , 1.4090263 , 0.36689785
0.19149813 , 0.82631725 , 0.37891507
0.060896758 , 0.30061746 , 0.38319027
0.16682556 , -1.7062734 , 1.0384794
0.21845353 , -3.4422271 , 1.1026592
0.26973185 , -5.1941433 , 1.148472
0.3688565 , -7.397632 , 1.1992626
0.26216093 , -4.9924593 , 1.1433644
0.21258952 , -3.2570577 , 1.0966972
0.15731049 , -1.4715878 , 1.0274624
0.5789129 , -6.647327 , 1.4024684
0.39019772 , -4.5277977 , 1.2758583
0.25342354 , -2.846091 , 1.2188772
0.11126252 , -0.97428894 , 1.1794214
0.12131133 , -1.1413411 , 1.1828245
0.2634147 , -2.9889514 , 1.2236029
0.40258235 , -4.6946664 , 1.2833487
0.60010874 , -6.908474 , 1.4261647
0.29035783 , -5.669234 , 1.1575673
0.23108655 , -3.8082578 , 1.1129457
0.18106616 , -2.0848887 , 1.0544406
0.09409881 , 0.15699254 , 0.8875643
0.18987931 , -2.010842 , 1.2011019
0.32652473 , -3.7404442 , 1.2471179
0.4827796 , -5.583661 , 1.3267629
0.34932658 , -7.113695 , 1.1821905
0.25880718 , -4.818906 , 1.1381431
0.20874646 , -3.076515 , 1.0904422
0.14894848 , -1.218168 , 1.0142971
0.1012185 , -0.8681839 , 1.1787561
0.24897636 , -2.8021305 , 1.220555
0.38883895 , -4.5255303 , 1.2766076
0.57697046 , -6.6629047 , 1.3948869
0.30274007 , -6.0061707 , 1.1617647
0.23790604 , -4.0501237 , 1.1187028
0.187268 , -2.3110793 , 1.0632572
0.10872882 , -0.16742736 , 0.91715646
0.17107862 , -1.784667 , 1.1984954
0.3111665 , -3.5671012 , 1.243024
0.46423015 , -5.3964777 , 1.3157094
0.37767324 , -7.6032667 , 1.1666718
0.27029935 , -5.1034245 , 1.1427844
0.21677636 , -3.3052158 , 1.0971572
0.1588056 , -1.4633152 , 1.0270878
0.07965328 , -0.57165587 , 1.1753256
0.2340289 , -2.605192 , 1.2178339
0.37517506 , -4.35366 , 1.2705377
0.5562029 , -6.431032 , 1.372241
0.31779236 , -6.368833 , 1.163704
0.24600442 , -4.3023653 , 1.1240158
0.19423582 , -2.5388067 , 1.0716252
0.12092897 , -0.46328247 , 0.96490353
0.151859 , -1.5439348 , 1.1962347
0.29606792 , -3.3873174 , 1.2393515
0.44735077 , -5.2119074 , 1.3060042
0.7180226 , -7.810257 , 1.4595279
0.28207892 , -5.4050207 , 1.1465778
0.22448437 , -3.5404277 , 1.1034778
0.16735442 , -1.7048074 , 1.0388837
0.054461695 , -0.24744356 , 1.1751205
0.21763408 , -2.3977327 , 1.2154677
0.36059436 , -4.178681 , 1.2650934
0.5353714 , -6.2105894 , 1.3545994
0.33584493 , -6.7621107 , 1.1617655
0.25528532 , -4.566529 , 1.1287987
0.20176637 , -2.7694864 , 1.0795152
0.13211916 , -0.7423911 , 0.9900555
0.1318479 , -1.2867974 , 1.1946962
0.28087237 , -3.2000425 , 1.2361047
0.4313918 , -5.0282316 , 1.2974807
0.662514 , -7.4777384 , 1.4262608
0.29490206 , -5.7258234 , 1.1491494
0.23246129 , -3.7832973 , 1.109353
0.17550442 , -1.9445025 , 1.0496829
0.0258772 , 0.11268345 , 1.1812645
0.2002067 , -2.1787207 , 1.2135566
0.3456163 , -3.9996061 , 1.260252
0.51555884 , -5.9983907 , 1.3402061
0.3570421 , -7.1925488 , 1.1543645
0.2654355 , -4.8439965 , 1.1329119
0.20951517 , -3.0042038 , 1.0868943
0.14234933 , -1.0107721 , 1.008675
0.1103647 , -1.0112478 , 1.194619
0.2651049 , -3.0044682 , 1.2333176
0.4156297 , -4.844266 , 1.290001
0.62807286 , -7.1930804 , 1.3997736
0.30926222 , -6.0684505 , 1.1499944
0.24100368 , -4.0350666 , 1.1147109
0.18362962 , -2.1840239 , 1.0595583
0.094546035 , 0.13668764 , 0.94904315
0.1818531 , -1.9469594 , 1.2122794
0.3303696 , -3.815444 , 1.2560056
0.49680105 , -5.791927 , 1.328151
0.38404256 , -7.6722484 , 1.1415962
0.27650642 , -5.136324 , 1.1361692
0.21750002 , -3.2440534 , 1.0937265
0.15194571 , -1.272111 , 1.0239109
0.087033264 , -0.7145108 , 1.1971161
0.24862967 , -2.7997267 , 1.2310525
0.39987132 , -4.6588817 , 1.283462
0.60048413 , -6.9309688 , 1.3792
0.60811806 , -10.397207 , 1.0904131
0.90261966 , -13.52302 , 1.148575
1.453981 , -16.290516 , 1.6622556
1.1239846 , -13.279485 , 1.4760932
0.850859 , -10.135295 , 1.3899629
0.0331501 , -0.10890173 , 1.6690153
0.4645562 , -5.0199947 , 1.6746199
0.9253219 , -10.095154 , 1.6750528
1.3581029 , -15.057522 , 1.6709272
0.52147454 , -6.079177 , 1.3367829
0.34634778 , -4.0137687 , 1.26398
0.19425672 , -2.1123626 , 1.2206341
0.010078918 , 0.2963176 , 1.2082022
0.8688082 , -11.504791 , 1.2762129
0.5003051 , -6.4369273 , 1.2735149
0.14443472 , -1.4544665 , 1.2857764
0.11389268 , -0.2851731 , 0.982865
0.19467473 , -2.5071616 , 1.0715337
0.25384668 , -4.39364 , 1.1207856
0.33212715 , -6.5778117 , 1.14671
0.59323 , -6.8610363 , 1.3730851
0.395195 , -4.604109 , 1.2818153
0.24311146 , -2.7316048 , 1.2309496
0.07844886 , -0.6076217 , 1.1998869
0.1550051 , -1.3571098 , 1.028832
0.22047052 , -3.3292658 , 1.0959151
0.28099734 , -5.2467203 , 1.1367806
0.3978133 , -7.8635573 , 1.1359291
0.7697031 , -9.51718 , 1.4411013
0.76639456 , -9.442201 , 1.4444437
0.56549644 , -8.206579 , 1.3597578
0.74262375 , -8.96614 , 1.4545344
0.73950607 , -8.884146 , 1.4558778
0.5776135 , -8.57186 , 1.3319743
0.5770289 , -8.065358 , 1.33287
0.442286 , -9.071864 , 1.1892565
0.450336 , -9.2571335 , 1.1842583
0.58216023 , -8.418745 , 1.31518
0.47056955 , -9.845982 , 1.1781113
0.48002458 , -10.034046 , 1.1745411
0.59390193 , -8.752782 , 1.3053757
0.6800437 , -10.632634 , 1.3026407
0.8398674 , -10.55202 , 1.4338309
0.5910689 , -8.302716 , 1.2977902
0.8069262 , -10.058646 , 1.4317845
0.80217564 , -9.973385 , 1.429699
0.59855086 , -8.646162 , 1.2932187
0.77386594 , -9.466024 , 1.4302037
0.76961607 , -9.370994 , 1.4292799
0.6111551 , -8.982951 , 1.2877581
0.6044495 , -8.534525 , 1.2839494
0.48754418 , -9.5618305 , 1.1464697
1.4099147 , -19.122374 , 1.2908038
0.85696805 , -14.181891 , 1.0926682
1.2010722 , -17.596403 , 1.1806784
1.1587237 , -16.24747 , 1.2259437
0.82639533 , -13.105124 , 1.1126809
0.5322452 , -9.81068 , 1.1082067
1.4166311 , -17.050875 , 1.5065852
1.0850031 , -13.631025 , 1.4009649
0.8391866 , -10.218607 , 1.3964767
1.1209514 , -13.48723 , 1.4506135
1.4539249 , -16.621054 , 1.6167296
1.01689 , -14.941254 , 1.1708438
0.7020167 , -11.762291 , 1.0918949
0.81634885 , -9.897955 , 1.4008548
1.0930481 , -13.178519 , 1.4412267
1.4206023 , -16.310694 , 1.6001884
1.0402054 , -15.132198 , 1.1807708
0.72309977 , -11.970315 , 1.0947281
0.7941559 , -9.576352 , 1.4076477
1.0656579 , -12.869798 , 1.4324864
1.3878018 , -16.00144 , 1.584243
1.0636632 , -15.321617 , 1.1912122
0.7442419 , -12.1763115 , 1.0983243
0.77273905 , -9.254141 , 1.4174623
1.0387862 , -12.561101 , 1.4244223
1.3555202 , -15.693215 , 1.5688655
1.0872691 , -15.509536 , 1.202175
0.76544315 , -12.380036 , 1.1025989
0.4823704 , -9.067297 , 1.1298075
1.0124224 , -12.252071 , 1.4170707
1.3237578 , -15.385985 , 1.5540341
1.1110295 , -15.696014 , 1.213673
0.7867267 , -12.581781 , 1.1075046
0.5025119 , -9.291944 , 1.1169411
0.9865806 , -11.942834 , 1.4104654
0.16784012 , -1.3307861 , 0.63762885
0.16624215 , -0.42347148 , 0.6311385
0.15222038 , 0.28214005 , 0.6217203
0.12251278 , 0.76209724 , 0.61198884
0.169975 , -1.0399371 , 0.6297446
0.1648159 , -0.20421737 , 0.6224569
0.14702782 , 0.42383692 , 0.6131822
0.11119838 , 0.834688 , 0.6036825
0.17118348 , -0.77141845 , 0.6216225
0.16240285 , -0.00987447 , 0.61377925
0.14065655 , 0.54355025 , 0.6047678
0.17423253 , -1.3767376 , 0.61784494
0.17138933 , -0.5262014 , 0.6133025
0.15898469 , 0.16009293 , 0.6051702
0.13293575 , 0.64245504 , 0.59647185
0.17592365 , -1.0916163 , 0.6102867
0.17058782 , -0.30500823 , 0.60484445
0.15452293 , 0.30656978 , 0.596676
0.12359045 , 0.72173333 , 0.58828896
0.1773292 , -0.82740235 , 0.6024954
0.16877545 , -0.10817112 , 0.59632313
0.14895347 , 0.4306851 , 0.5883236
0.11217419 , 0.7825864 , 0.5802265
0.17791018 , -0.5850541 , 0.5944881
0.16593796 , 0.06444007 , 0.58781594
0.14217748 , 0.53371114 , 0.5801229
0.18577367 , -1.0856241 , 0.58999896
0.1775252 , -0.36546737 , 0.5863019
0.16205214 , 0.21340181 , 0.5793895
0.13404536 , 0.6169852 , 0.57207215
0.18627213 , -0.82897043 , 0.582501
0.17613685 , -0.16930084 , 0.5779975
0.15708426 , 0.33965647 , 0.5710943
0.12432579 , 0.6818639 , 0.5641658
0.18670413 , -0.5928771 , 0.5747963
0.17372015 , 0.0031860052 , 0.5696513
0.15098216 , 0.44441575 , 0.5629639
0.11266865 , 0.7297185 , 0.556407
0.18642676 , -0.3782263 , 0.5668952
0.17024824 , 0.15220389 , 0.56133956
0.14366254 , 0.52907425 , 0.55501735
0.19987755 , -0.7715259 , 0.5618054
0.18523008 , -0.1858579 , 0.55883646
0.16569549 , 0.27839798 , 0.5531259
0.13499533 , 0.59513813 , 0.54726046
0.19897631 , -0.5444446 , 0.55435675
0.18303828 , -0.016349686 , 0.55068845
0.16003536 , 0.38276136 , 0.54506063
0.12478382 , 0.64416844 , 0.5396906
0.19820237 , -0.33760205 , 0.5467262
0.17980275 , 0.13016455 , 0.5425331
0.1532294 , 0.46655977 , 0.53718376
0.11275145 , 0.6777472 , 0.5323069
0.19684556 , -0.15184142 , 0.5389175
0.15195327 , 0.6128238 , 0.4385691
0.09388522 , 0.49229217 , 0.44207528
0.24122423 , 0.83235884 , 0.4305602
0.19209753 , 0.7310903 , 0.43121624
0.13890511 , 0.58435744 , 0.43263167
0.28501004 , 0.94999963 , 0.42414153
0.23291636 , 0.86827826 , 0.423295
0.18098043 , 0.7236557 , 0.42469442
0.12465899 , 0.54472935 , 0.42727193
0.27654478 , 1.020985 , 0.4162705
0.22347291 , 0.88505214 , 0.41642797
0.1687532 , 0.7002518 , 0.41844708
0.10915179 , 0.49735835 , 0.42259347
0.2681498 , 1.0694801 , 0.40831143
0.21290915 , 0.8842663 , 0.40990075
0.1554041 , 0.6620559 , 0.41254893
0.092378475 , 0.44617257 , 0.41860113
0.2590622 , 1.0952778 , 0.40077648
0.20125873 , 0.86704 , 0.4036695
0.1409232 , 0.61076385 , 0.40711957
0.31066832 , 1.3121606 , 0.39396465
0.24889126 , 1.1006461 , 0.39387152
0.18853323 , 0.8342027 , 0.39772716
0.12531246 , 0.5489222 , 0.40232956
0.30022055 , 1.3553047 , 0.38565367
0.2375892 , 1.0881375 , 0.38752088
0.17471994 , 0.78654397 , 0.39210057
0.10858592 , 0.4802597 , 0.39837074
0.28997266 , 1.3736138 , 0.3774527
0.22521462 , 1.0595164 , 0.38162044
0.15979324 , 0.72505647 , 0.38684896
0.09079758 , 0.4096371 , 0.39532036
0.2788969 , 1.3683589 , 0.37017268
0.21181017 , 1.015865 , 0.37611386
0.14373288 , 0.65119493 , 0.3820711
0.33847472 , 1.6796819 , 0.36260524
0.26667848 , 1.3435714 , 0.36384937
0.19737956 , 0.9579226 , 0.37098476
0.12655169 , 0.56721693 , 0.37792864
0.3261889 , 1.6967928 , 0.3534347
0.25337788 , 1.3023492 , 0.35828054
0.18189499 , 0.8863746 , 0.3662451
0.10833327 , 0.47672686 , 0.3746844
0.31399366 , 1.6849557 , 0.34511405
0.23908515 , 1.2464595 , 0.3533287
0.16531116 , 0.8020883 , 0.36193374
0.089257404 , 0.38539785 , 0.3726439
0.30070734 , 1.6491812 , 0.3385358
0.22383909 , 1.1769027 , 0.34891346
0.1475829 , 0.7063405 , 0.358129
0.36839277 , 2.0495875 , 0.32881856
0.28628314 , 1.5952582 , 0.33332914
0.20762883 , 1.0943583 , 0.3449721
0.12869057 , 0.6010999 , 0.35496727
0.189942 , -0.68773603 , 0.68075544
0.15546352 , 0.31938916 , 0.6943765
0.23577145 , -3.2758188 , 0.65420103
0.21323898 , -1.6677537 , 0.66488004
0.18271428 , -0.39855456 , 0.6796074
0.14559142 , 0.5182964 , 0.6929271
0.23448132 , -2.8278484 , 0.6518547
0.20775314 , -1.3051418 , 0.6641387
0.17466366 , -0.13354732 , 0.678282
0.13475765 , 0.6932427 , 0.6914006
0.2314868 , -2.3986287 , 0.6499337
0.20137517 , -0.9693069 , 0.6632516
0.16580622 , 0.10749015 , 0.6768297
0.122607976 , 0.8442669 , 0.68974626
0.22693738 , -1.9917623 , 0.6484428
0.19414735 , -0.65972275 , 0.6621706
0.15613844 , 0.32455507 , 0.6752863
0.10762296 , 0.9717136 , 0.6879235
0.2212731 , -1.6098468 , 0.6472286
0.18610185 , -0.37576786 , 0.66089636
0.1456273 , 0.51758945 , 0.6736601
0.24717362 , -2.710536 , 0.6356191
0.21470651 , -1.2542905 , 0.64611083
0.17726299 , -0.116908915 , 0.65945387
0.13417067 , 0.68665224 , 0.67193365
0.24286042 , -2.29471 , 0.6333676
0.2073184 , -0.9255352 , 0.6449522
0.1676447 , 0.1172371 , 0.65787405
0.12144179 , 0.83200514 , 0.67007893
0.23715444 , -1.9006276 , 0.63143986
0.19913985 , -0.62342083 , 0.64367366
0.15724452 , 0.3269392 , 0.65617883
0.106312625 , 0.95409185 , 0.6680758
0.23035003 , -1.5306025 , 0.6297829
0.19018836 , -0.34750244 , 0.6422439
0.14602819 , 0.5124517 , 0.654373
0.2611311 , -2.5602608 , 0.6192947
0.22266476 , -1.1862043 , 0.62828207
0.18047836 , -0.09725507 , 0.64066076
0.13389224 , 0.6741122 , 0.6524475
0.25535536 , -2.1610956 , 0.61679876
0.21419697 , -0.8682288 , 0.62681997
0.17001982 , 0.1278327 , 0.6389338
0.120546326 , 0.8123786 , 0.65038866
0.2484559 , -1.7833409 , 0.61453116
0.20498258 , -0.5768521 , 0.6253071
0.15880932 , 0.3282526 , 0.63707167
0.10513609 , 0.927816 , 0.6481878
0.2404976 , -1.4289329 , 0.61249715
0.19503544 , -0.31184185 , 0.6236881
0.14681241 , 0.50451696 , 0.6350763
0.27648342 , -2.3778803 , 0.6029124
0.2316624 , -1.0993915 , 0.6106368
0.18436503 , -0.07273241 , 0.6219353
0.29082593 , 0.13972336 , 0.49533078
0.2017225 , 0.4280046 , 0.5005528
0.115659386 , 0.6050773 , 0.504464
0.36480537 , -0.07842439 , 0.48756626
0.2715405 , 0.2613587 , 0.49222624
0.1816225 , 0.4915874 , 0.49719238
0.09437612 , 0.6244752 , 0.50035715
0.34610566 , 0.07976357 , 0.48420426
0.2516549 , 0.36117226 , 0.48907614
0.16093145 , 0.5368799 , 0.49363685
0.07232645 , 0.6317811 , 0.49606448
0.3266746 , 0.21643868 , 0.480966
0.23122562 , 0.43998116 , 0.48585647
0.13963808 , 0.56566364 , 0.48984733
0.4066635 , 0.0706972 , 0.47345605
0.30647296 , 0.33120653 , 0.4777744
0.21026261 , 0.49879408 , 0.48254856
0.117747426 , 0.57998705 , 0.48579946
0.38663095 , 0.21916111 , 0.46990654
0.28560588 , 0.42435008 , 0.4745569
0.18874368 , 0.53880405 , 0.47912136
0.09528496 , 0.5820781 , 0.48149705
0.3662685 , 0.34704983 , 0.46653396
0.2641852 , 0.49664646 , 0.47128764
0.16663751 , 0.56147444 , 0.47552517
0.07231699 , 0.57419425 , 0.47698173
0.34515777 , 0.45346403 , 0.46328586
0.24226794 , 0.549057 , 0.46797246
0.1439287 , 0.5686471 , 0.47169802
0.43141976 , 0.41405112 , 0.45531178
0.32328478 , 0.5382625 , 0.46004334
0.21985431 , 0.58258677 , 0.4646142
0.12064243 , 0.5626006 , 0.46758366
0.40973312 , 0.5322583 , 0.451755
0.3007962 , 0.60218024 , 0.45673835
0.19690804 , 0.59833366 , 0.46119153
0.0968699 , 0.545988 , 0.46315953
0.3876736 , 0.6297087 , 0.44844493
0.2778182 , 0.6463532 , 0.45338368
0.17338102 , 0.59764844 , 0.45765042
0.07281237 , 0.5216178 , 0.4584646
0.36481786 , 0.70540893 , 0.44524696
0.25440112 , 0.67188203 , 0.45002186
0.14924148 , 0.5823299 , 0.453906
0.45727533 , 0.76999557 , 0.43634894
0.34122714 , 0.75969595 , 0.4419862
0.23053312 , 0.679738 , 0.44667888
0.124511845 , 0.55479634 , 0.4498584
0.43401933 , 0.8586245 , 0.43284628
0.3170989 , 0.7939615 , 0.43862727
0.20616598 , 0.6708902 , 0.44334513
0.099322446 , 0.5181271 , 0.44543198
0.41023117 , 0.92581254 , 0.42970788
0.2925596 , 0.8097334 , 0.43524265
0.18123707 , 0.64651716 , 0.43996897
0.07399443 , 0.475839 , 0.44063193
0.38557371 , 0.9705353 , 0.42662776
0.2676433 , 0.808213 , 0.4319135
0.15569296 , 0.60825974 , 0.43645138
0.48406056 , 1.1354322 , 0.4161144
0.3602502 , 0.9940425 , 0.42338783
0.24232587 , 0.7903105 , 0.42868444
0.12952963 , 0.5585064 , 0.43264645
0.45936087 , 1.1958125 , 0.4127865
0.33449596 , 0.9985797 , 0.4200427
0.2165523 , 0.75685894 , 0.42555526
0.102872215 , 0.5006382 , 0.42839292
0.4337989 , 1.233128 , 0.40998825
0.30841285 , 0.9860154 , 0.41674072
0.19025372 , 0.708853 , 0.42247912
0.076121755 , 0.438959 , 0.42361116
0.4073133 , 1.2467625 , 0.40710115
0.282011 , 0.9575783 , 0.41359362
0.16336319 , 0.6477071 , 0.41935548
0.5115832 , 1.5069504 , 0.39385188
0.38029775 , 1.239583 , 0.40396565
0.25525615 , 0.9141001 , 0.41065443
0.13584366 , 0.5755834 , 0.41601208
0.48556557 , 1.541172 , 0.39098653
0.3529716 , 1.2147323 , 0.4008034
0.2280926 , 0.85629827 , 0.40792343
0.107764445 , 0.49584633 , 0.41218814
0.45816174 , 1.5489572 , 0.38877824
0.3253857 , 1.1742481 , 0.3978289
0.20045565 , 0.7850203 , 0.40535325
0.07951691 , 0.41349652 , 0.40761063
0.42991072 , 1.5316194 , 0.38619992
0.29752544 , 1.1193113 , 0.39515918
0.17228241 , 0.70148236 , 0.40284634
0.052313216 , 0.3345968 , 0.40232015
0.4013275 , 1.4943894 , 0.38343927
0.2693514 , 1.0506735 , 0.39283243
0.14352776 , 0.6075507 , 0.4002416
0.51229256 , 1.8917038 , 0.3665392
0.37252802 , 1.4409696 , 0.38089955
0.24081469 , 0.9689759 , 0.39082623
0.114208885 , 0.50618607 , 0.39726487
0.48304096 , 1.8697873 , 0.36523536
0.34350142 , 1.3733398 , 0.3787888
0.21186231 , 0.8749784 , 0.38908786
0.08457159 , 0.40233153 , 0.39341342
0.45329708 , 1.8222779 , 0.36345115
0.31422654 , 1.2926133 , 0.3771086
0.18246023 , 0.76981235 , 0.38750875
0.05583385 , 0.30458307 , 0.38794917
0.42334002 , 1.7563236 , 0.3621888
0.2846362 , 1.1993886 , 0.3759211
0.15256305 , 0.6550905 , 0.38610807
0.16895846 , -3.811678 , 0.80816597
0.19761375 , -3.1454635 , 0.7031199
0.26704603 , -1.3514626 , 0.5705092
0.38897082 , 0.9542636 , 0.42508662
0.17236082 , -3.8192704 , 0.78795826
0.20997158 , -2.8137538 , 0.67275465
0.2925155 , -0.8298798 , 0.53679377
0.42590177 , 1.5171618 , 0.38600087
0.17832574 , -3.7254543 , 0.7636372
0.22531644 , -2.4211745 , 0.64132607
0.32135934 , -0.28153574 , 0.502493
0.4646477 , 2.0703385 , 0.34120405
0.18633881 , -3.5447903 , 0.7367185
0.24390417 , -1.9752645 , 0.6090301
0.35337773 , 0.28469536 , 0.4674491
0.16263542 , -3.909742 , 0.8107085
0.19644547 , -3.2861006 , 0.70796394
0.26590273 , -1.4840178 , 0.57602
0.38823828 , 0.8594163 , 0.4311917
0.16804011 , -3.9341848 , 0.7914298
0.2089934 , -2.9566982 , 0.67781585
0.2913722 , -0.9558246 , 0.5424001
0.4254624 , 1.4326059 , 0.39259833
0.17590073 , -3.8524108 , 0.76771295
0.2243793 , -2.5639002 , 0.6465612
0.3202562 , -0.39942616 , 0.50819635
0.4644501 , 1.9943832 , 0.34894416
0.18500757 , -3.6805503 , 0.741204
0.24293289 , -2.1154714 , 0.6144068
0.35237625 , 0.17605631 , 0.4732846
0.15239337 , -4.00415 , 0.8126385
0.19561945 , -3.427687 , 0.7127506
0.26487333 , -1.6196578 , 0.5815121
0.38742375 , 0.760953 , 0.43725404
0.16309856 , -4.0467477 , 0.79471135
0.20833534 , -3.1012778 , 0.6828346
0.29029578 , -1.0851142 , 0.5479909
0.42494962 , 1.344749 , 0.39910966
0.17398135 , -3.9781916 , 0.7716501
0.2237122 , -2.7088296 , 0.6517646
0.31916827 , -0.5208461 , 0.51388466
0.46436852 , 1.9160591 , 0.3564616
0.18431625 , -3.8161736 , 0.74560374
0.24217501 , -2.2583437 , 0.61975914
0.35133165 , 0.063773915 , 0.4790986
0.13748853 , -4.0937524 , 0.806988
0.19535036 , -3.5700202 , 0.7174789
0.26400036 , -1.7583284 , 0.5869856
0.38649887 , 0.65883917 , 0.44327715
0.16034414 , -4.1562395 , 0.79779655
0.20812553 , -3.2473423 , 0.68781143
0.28931877 , -1.2177122 , 0.55356723
0.42425764 , 1.2534922 , 0.4055409
0.17365003 , -4.102352 , 0.7754421
0.2233966 , -2.855851 , 0.65693617
0.3181197 , -0.645773 , 0.5195585
0.4641432 , 1.8353293 , 0.3637827
0.18472825 , -3.9513557 , 0.7499193
0.24168664 , -2.4037998 , 0.62508744
0.35025674 , -0.052142587 , 0.48489323
0.5100258 , 2.3990061 , 0.31055775
0.23450962 , -5.302851 , 0.7822027
0.26430336 , -3.9095302 , 0.66691256
0.3638812 , -1.2154179 , 0.5307854
0.5211975 , 1.7750944 , 0.3776087
0.20308839 , -4.4694066 , 0.88259363
0.17070569 , -4.274104 , 0.88547313
0.23500533 , -5.091775 , 0.878464
0.214037 , -4.882982 , 0.8730899
0.19219507 , -4.6553426 , 0.86776686
0.1704701 , -4.4091215 , 0.8621525
0.21660602 , -5.226087 , 0.8586605
0.19914956 , -4.9597883 , 0.850421
0.18192625 , -4.6812124 , 0.8418435
0.16591996 , -4.3930373 , 0.8328477
0.15288132 , -4.098469 , 0.823349
0.18665846 , -4.871117 , 0.8195574
0.17377922 , -4.5532455 , 0.80872995
0.16210447 , -4.233376 , 0.7976177
0.15244721 , -3.9137995 , 0.78621405
0.14613032 , -3.5966702 , 0.77450913
0.17023687 , -4.273514 , 0.7700494
0.16212673 , -3.9325507 , 0.75759435
0.15552384 , -3.5969841 , 0.74496835
0.15105666 , -3.2682593 , 0.7321736
0.1737924 , -3.8490183 , 0.72727036
0.16846502 , -3.496915 , 0.71393025
0.16446242 , -3.1541145 , 0.7004922
0.16201332 , -2.8215864 , 0.68696177
0.16143085 , -2.5002086 , 0.6733426
0.18293518 , -2.9375398 , 0.66760695
0.18100178 , -2.59553 , 0.653626
0.18033037 , -2.2664626 , 0.6396043
0.18108106 , -1.950887 , 0.6255508
0.18325804 , -1.6492845 , 0.6114599
0.20635222 , -1.9352746 , 0.6050849
0.20699887 , -1.6163045 , 0.5907635
0.2088809 , -1.3125594 , 0.5764435
0.21194585 , -1.0242662 , 0.56212133
0.24143183 , -1.1907041 , 0.5554492
0.24263304 , -0.88788766 , 0.54098433
0.24516071 , -0.60140705 , 0.52652013
0.24891053 , -0.3312743 , 0.5120495
0.2535213 , -0.07752783 , 0.49755985
0.28750473 , -0.10130726 , 0.49058315
0.28984448 , 0.16305202 , 0.47600052
0.29382697 , 0.4107399 , 0.46133855
0.29901266 , 0.64176494 , 0.44658005
0.30455112 , 0.8561092 , 0.43172476
0.3422454 , 0.95864034 , 0.42430112
0.34575647 , 1.1797019 , 0.4090386
0.35139614 , 1.38376 , 0.39355367
0.3579972 , 1.5711261 , 0.37797698
0.40078995 , 1.7658416 , 0.36829653
0.4024129 , 1.954521 , 0.35061643
0.40840206 , 2.123153 , 0.3326121
0.4159539 , 2.273613 , 0.31498417
0.14463532 , -4.3006606 , 0.7335793
0.20887977 , -5.116964 , 0.73786956
0.20360182 , -4.933718 , 0.73475283
0.19770117 , -4.7328005 , 0.7289759
0.18982986 , -4.510876 , 0.7215028
0.18068478 , -4.268871 , 0.71381104
0.23602714 , -5.0873523 , 0.71019316
0.23192632 , -4.829234 , 0.7028819
0.22629525 , -4.557641 , 0.6952254
0.22010145 , -4.2755723 , 0.6875937
0.26930195 , -5.0704756 , 0.6817292
0.26566756 , -4.7653937 , 0.6744399
0.26077715 , -4.4550405 , 0.66703475
0.2555051 , -4.1419563 , 0.6596354
0.2514091 , -3.8286498 , 0.6523243
0.3010393 , -4.5426536 , 0.6460897
0.2962973 , -4.2050853 , 0.63881123
0.29135725 , -3.8707242 , 0.63148427
0.28702703 , -3.5412583 , 0.6241527
0.28428802 , -3.2182379 , 0.61682355
0.3343712 , -3.812903 , 0.61083966
0.3294858 , -3.4668097 , 0.60345376
0.3250492 , -3.1295571 , 0.59601307
0.32159 , -2.8021874 , 0.5885299
0.37590635 , -3.2888114 , 0.58294976
0.370943 , -2.9397068 , 0.5754243
0.36631915 , -2.602503 , 0.56781185
0.36244887 , -2.2778764 , 0.56012803
0.35954797 , -1.9664276 , 0.5523836
0.41636625 , -2.3028533 , 0.5471971
0.41132724 , -1.9728526 , 0.53935075
0.40701562 , -1.6574764 , 0.53141063
0.40357322 , -1.3570485 , 0.5233955
0.40091905 , -1.0718445 , 0.51531255
0.46020502 , -1.2567576 , 0.5103698
0.45516163 , -0.95654774 , 0.5020752
0.45113757 , -0.67245966 , 0.49368587
0.44797856 , -0.4045624 , 0.48522344
0.5126793 , -0.47368196 , 0.4804629
0.5064109 , -0.19399084 , 0.47163188
0.5014434 , 0.06903206 , 0.4626615
0.49774188 , 0.31544477 , 0.45359695
0.49472827 , 0.54521567 , 0.44445556
0.56018347 , 0.60829484 , 0.43926463
0.5533647 , 0.84597534 , 0.42934385
0.54859066 , 1.0668886 , 0.41921604
0.5451144 , 1.27098 , 0.40881535
0.5421226 , 1.4586715 , 0.39797917
0.60618466 , 1.636698 , 0.39232534
0.59892255 , 1.8262454 , 0.38022557
0.5936914 , 1.9974556 , 0.36680457
0.5901313 , 2.1532154 , 0.35121813
0.66036725 , 2.4332817 , 0.34867454
0.05816522 , 0.7548698 , 0.8636509
0.06463722 , 0.7878284 , 0.8531163
0.014720754 , 1.0971723 , 0.84286195
0.02095728 , 1.1115283 , 0.8326664
0.027410163 , 1.1225475 , 0.8222519
0.033989053 , 1.1303539 , 0.8116824
0.040506627 , 1.1350777 , 0.8011241
0.04694144 , 1.1368477 , 0.7905847
0.053247314 , 1.1357827 , 0.78009754
0.059442822 , 1.1319971 , 0.7696358
0.065525144 , 1.1256051 , 0.7591955
0.07150775 , 1.116721 , 0.748755
0.07738897 , 1.1054542 , 0.73830974
0.08315644 , 1.0919002 , 0.72785646
0.033729363 , 1.2949702 , 0.7144222
0.039291784 , 1.2636914 , 0.70328856
0.04472691 , 1.2310292 , 0.6921053
0.050034925 , 1.1971763 , 0.6808738
0.055224955 , 1.162305 , 0.66958994
0.060308665 , 1.1265755 , 0.65825295
0.06529833 , 1.0901406 , 0.6468624
0.070205525 , 1.0531485 , 0.6354217
0.07503995 , 1.015743 , 0.62393636
0.07980949 , 0.97806406 , 0.61241543
0.084518805 , 0.94024605 , 0.6008711
0.08917057 , 0.9024155 , 0.58931684
0.031595785 , 0.9526877 , 0.5710209
0.035697635 , 0.90090907 , 0.55898714
0.039614897 , 0.850237 , 0.54700136
0.043366615 , 0.80081517 , 0.53507316
0.046968803 , 0.7527686 , 0.5232144
0.050432075 , 0.7062136 , 0.5114462
0.053765904 , 0.66126144 , 0.49978715
0.056978896 , 0.61801964 , 0.4882621
0.060081977 , 0.5765937 , 0.47688818
0.06309823 , 0.53708756 , 0.46567926
0.06606215 , 0.49960503 , 0.45463094
0.06903629 , 0.4642496 , 0.44372407
0.006263139 , 0.3566599 , 0.4244626
0.00916712 , 0.31578523 , 0.41379133
0.011835351 , 0.2777964 , 0.40333614
0.014520151 , 0.24252836 , 0.39310494
0.01712846 , 0.20996436 , 0.38299853
0.019651072 , 0.18046159 , 0.3733361
0.021826545 , 0.15512584 , 0.36444822
0.09502744 , 0.8170511 , 0.82283026
0.09784618 , 0.8460214 , 0.81399524
0.10040485 , 0.87259704 , 0.80526406
0.102686234 , 0.89618236 , 0.7964717
0.104785874 , 0.9163362 , 0.78751725
0.050004233 , 1.2037203 , 0.7629467
0.05239448 , 1.2056295 , 0.7540769
0.054810647 , 1.2044868 , 0.7453159
0.05722908 , 1.200495 , 0.7366346
0.059640694 , 1.1938215 , 0.7279952
0.06205163 , 1.1846141 , 0.7193678
0.0644622 , 1.173011 , 0.7107247
0.06688246 , 1.1591462 , 0.70203537
0.06931099 , 1.1431516 , 0.6932744
0.071739666 , 1.1251553 , 0.6844144
0.07414235 , 1.1052775 , 0.6754277
0.076468706 , 1.0836259 , 0.6662783
0.021694573 , 1.2533549 , 0.6431239
0.02357451 , 1.2145293 , 0.63431406
0.025656203 , 1.1749089 , 0.625482
0.027904885 , 1.1346761 , 0.61658263
0.03029744 , 1.0939981 , 0.60758895
0.032815292 , 1.0530305 , 0.59848726
0.03544027 , 1.0119212 , 0.58927315
0.038151693 , 0.97081274 , 0.5799484
0.040924046 , 0.92984366 , 0.5705204
0.04372551 , 0.8891484 , 0.56099725
0.04651377 , 0.8488573 , 0.55139
0.049235996 , 0.8090978 , 0.5417024
-0.011908575 , 0.8195924 , 0.5222029
-0.009646516 , 0.76756 , 0.5129086
-0.007101209 , 0.71718884 , 0.5036264
-0.0043383315 , 0.6685943 , 0.4943536
-0.001410952 , 0.621884 , 0.48508865
0.0016359721 , 0.5771568 , 0.4758603
0.0047597005 , 0.53450453 , 0.46668157
0.007928292 , 0.49401307 , 0.45759055
0.011095074 , 0.45576525 , 0.4486122
0.014250827 , 0.41984186 , 0.43978503
0.017354246 , 0.38632905 , 0.43114606
0.020583944 , 0.3553498 , 0.42261085
-0.040754966 , 0.21785712 , 0.410099
-0.03795265 , 0.18258038 , 0.40167457
-0.035198063 , 0.14917211 , 0.39357913
-0.03182861 , 0.118032135 , 0.38520935
0.03023358 , 1.1018419 , 0.82218903
0.18080822 , -1.8172503 , 1.0133568
0.15748549 , -1.8993088 , 1.0154958
0.13347693 , -1.9892073 , 1.0131788
0.19518787 , -1.6719855 , 1.0131723
0.17522445 , -1.8406136 , 1.015662
0.1523515 , -1.9445388 , 1.0172768
0.12948021 , -2.0821934 , 1.0140253
0.18883641 , -1.6866132 , 1.0146877
0.16987494 , -1.876697 , 1.0181532
0.14776148 , -2.0059245 , 1.018721
0.12566696 , -2.1974578 , 1.0147436
0.18377388 , -1.7191348 , 1.0166446
0.16487817 , -1.9244206 , 1.0206631
0.14375629 , -2.0857618 , 1.0197903
0.12091795 , -2.336149 , 1.0153755
0.1790663 , -1.7667844 , 1.0190368
0.16031958 , -1.9838704 , 1.0229967
0.14036927 , -2.1866465 , 1.0204995
0.19030306 , -1.4861962 , 1.0175008
0.17458247 , -1.8268234 , 1.0217918
0.15626346 , -2.0564291 , 1.024972
0.13760167 , -2.3111734 , 1.0209019
0.18448289 , -1.5449543 , 1.0192503
0.17039293 , -1.89705 , 1.0247606
0.15277287 , -2.1446445 , 1.0264575
0.13529468 , -2.4616883 , 1.0210712
0.18035822 , -1.6203179 , 1.021548
0.16657747 , -1.9763546 , 1.0277253
0.14992061 , -2.251906 , 1.0273906
0.1326329 , -2.6400957 , 1.021084
0.17681238 , -1.7088425 , 1.0243865
0.16319399 , -2.0651405 , 1.0304378
0.14778715 , -2.3820357 , 1.0277789
0.12689464 , -2.8476706 , 1.0210365
0.17360598 , -1.8072009 , 1.0276693
0.1603029 , -2.1654437 , 1.0326711
0.14644068 , -2.538871 , 1.0276912
0.17924364 , -1.3918645 , 1.0233649
0.17074247 , -1.9128295 , 1.0311992
0.15799432 , -2.280739 , 1.0342581
0.14585148 , -2.7259035 , 1.0272352
0.17624971 , -1.5123432 , 1.0260552
0.1682469 , -2.0246222 , 1.0346966
0.1563941 , -2.4155562 , 1.0351068
0.14551607 , -2.9459977 , 1.0265282
0.17405695 , -1.6437302 , 1.0294133
0.16614138 , -2.1433938 , 1.0378593
0.15564913 , -2.5750268 , 1.0352054
0.14307433 , -3.2011638 , 1.0256946
0.17232198 , -1.7819986 , 1.0333124
0.16448663 , -2.271913 , 1.0404252
0.15590163 , -2.7644024 , 1.0346224
0.17307618 , -1.2273922 , 1.0269678
0.17096435 , -1.9241964 , 1.037492
0.26700413 , -5.2599916 , 1.1364001
0.12857403 , -0.6629256 , 1.0067319
0.19120209 , -2.508127 , 1.0758486
0.230354 , -4.0387278 , 1.1210457
0.293069 , -5.860932 , 1.1462128
0.14837402 , -1.1676005 , 1.0227461
0.20249255 , -2.9097493 , 1.0882235
0.2444307 , -4.4957685 , 1.1329482
0.33058587 , -6.571562 , 1.1556247
0.16459805 , -1.631041 , 1.0385518
0.21411736 , -3.3229942 , 1.1008043
0.26148328 , -5.0005975 , 1.145515
0.14284982 , -3.4979293 , 0.786207
0.17875446 , -2.0539887 , 0.8053121
0.17762809 , -0.9128824 , 0.823442
0.16565754 , -0.04640677 , 0.8408234
0.15903623 , -3.102844 , 0.79755867
0.17965399 , -1.7581427 , 0.81490666
0.1757385 , -0.70110697 , 0.83179486
0.16275114 , 0.08856872 , 0.84858763
0.16753568 , -2.7399416 , 0.8075065
0.1797245 , -1.4881996 , 0.82395214
0.1737667 , -0.5108446 , 0.8397511
0.159721 , 0.19701982 , 0.85652167
0.1727062 , -2.4058 , 0.8169042
0.17924073 , -1.2427299 , 0.832486
0.17177637 , -0.34179342 , 0.84733456
0.15655555 , 0.2838671 , 0.86180097
0.17590842 , -2.0991874 , 0.8258828
0.17840502 , -1.0205126 , 0.84056205
0.16976957 , -0.19423427 , 0.85467446
0.15383705 , -3.0695643 , 0.82113683
0.1778143 , -1.8189871 , 0.8344499
0.1773756 , -0.8205544 , 0.8482293
0.16757561 , -0.06936607 , 0.861983
0.16303673 , -2.72902 , 0.82990724
0.17165305 , -0.25738615 , 0.86228085
0.15246437 , -3.019434 , 0.8323911
0.17711736 , -1.8233906 , 0.84437734
0.17815886 , -0.8633031 , 0.85678947
0.16973086 , -0.13930571 , 0.86928666
0.16161703 , -2.692028 , 0.8407792
0.17853177 , -1.5786378 , 0.85213315
0.17747122 , -0.6931065 , 0.86385155
0.16683033 , -0.041894544 , 0.87547606
0.16783604 , -2.3921404 , 0.84859467
0.17935595 , -1.3576502 , 0.8595659
0.17677934 , -0.54404265 , 0.870698
0.16271836 , 0.043461926 , 0.8798543
0.1722826 , -2.1178975 , 0.8561158
0.1798087 , -1.159446 , 0.866695
0.17601328 , -0.41609645 , 0.8773885
0.14780056 , -2.96091 , 0.8532862
0.17550132 , -1.8683642 , 0.8634175
0.18006532 , -0.9831606 , 0.8735545
0.17483264 , -0.30877563 , 0.88375664
0.15757431 , -2.656594 , 0.86117923
0.1778455 , -1.642766 , 0.87050295
0.18025765 , -0.8281188 , 0.88019085
0.1727198 , -0.21878262 , 0.8892271
0.16454299 , -2.3801477 , 0.86846477
0.17958407 , -1.4402925 , 0.877366
0.18044703 , -0.6938568 , 0.8866472
0.16925694 , -0.13926749 , 0.8934576
0.16983335 , -2.12901 , 0.875403
0.18093687 , -1.2601138 , 0.88401085
0.180555 , -0.57987887 , 0.8928946
0.14309299 , -2.8842516 , 0.8734171
0.17395523 , -1.9018627 , 0.88212836
0.18208694 , -1.1014503 , 0.89045477
0.18030192 , -0.48472422 , 0.89870256
0.15347409 , -2.604823 , 0.8808062
0.17722435 , -1.6978569 , 0.88868445
0.12508817 , -1.9577612 , 0.99513465
0.17562813 , -1.8439376 , 0.99506134
0.20495391 , -1.7364242 , 0.99636525
0.23168628 , -1.6807742 , 0.9990074
0.13872242 , -1.902722 , 0.999818
0.184586 , -1.8249911 , 0.99942696
0.21252011 , -1.7539268 , 1.001229
0.24171594 , -1.7409414 , 1.0034755
0.15189642 , -1.8673943 , 1.0043151
0.19297451 , -1.8212601 , 1.0037817
0.22097932 , -1.789024 , 1.0061649
0.2508497 , -1.8182299 , 1.0077432
0.16409971 , -1.8498279 , 1.008591
0.20108747 , -1.8325592 , 1.0082335
0.23073176 , -1.8424618 , 1.0111326
0.11861958 , -1.805235 , 1.0143604
0.17529614 , -1.8480692 , 1.0126749
0.20930389 , -1.85944 , 1.0128697
0.24204406 , -1.9150109 , 1.0160805
0.13353884 , -1.790131 , 1.0187441
0.18560348 , -1.8605198 , 1.0166562
0.21807948 , -1.9030647 , 1.0177358
0.25473407 , -2.0074098 , 1.0209435
0.14831553 , -1.7934554 , 1.0228817
0.19524164 , -1.8862942 , 1.0206697
0.22792037 , -1.9649926 , 1.02283
0.26740995 , -2.1202726 , 1.0256379
0.16216856 , -1.8128471 , 1.0267527
0.20453784 , -1.925476 , 1.0248672
0.23933324 , -2.0469515 , 1.0281093
0.11150927 , -1.6390886 , 1.0337988
0.17493916 , -1.8459972 , 1.030406
0.21392763 , -1.979181 , 1.0293795
0.25272334 , -2.1506476 , 1.0335003
0.1278951 , -1.6660997 , 1.0379007
0.18670037 , -1.8910906 , 1.0339638
0.22394066 , -2.0494132 , 1.0342875
0.26813215 , -2.2776117 , 1.0389024
0.14442839 , -1.7101974 , 1.0416719
0.19767599 , -1.9472634 , 1.0376064
0.23517296 , -2.1387727 , 1.0396087
0.28451264 , -2.429055 , 1.0441843
0.16007248 , -1.768463 , 1.0451111
0.20823014 , -2.0149305 , 1.0415355
0.24824218 , -2.2501159 , 1.0452992
0.10363309 , -1.4595242 , 1.053508
0.17454013 , -1.8381174 , 1.0482963
0.21885453 , -2.0958626 , 1.045929
0.26370358 , -2.386238 , 1.0512636
0.12172737 , -1.5309359 , 1.0573307
0.18785912 , -1.9170761 , 1.0513946
0.23014636 , -2.1929994 , 1.0509055
0.2818414 , -2.5496182 , 1.0573655
0.1402006 , -1.6179769 , 1.0607178
0.20026432 , -2.0045173 , 1.0546418
0.24278365 , -2.310085 , 1.0565075
0.30202517 , -2.7422202 , 1.0634263
0.15778628 , -1.717034 , 1.0636925
0.21216473 , -2.1012604 , 1.0582944
0.25749362 , -2.451239 , 1.0626985
0.09486003 , -1.2665805 , 1.0735298
0.17407118 , -1.8247528 , 1.0663708
0.22410771 , -2.2098038 , 1.0625745
0.27499002 , -2.6205277 , 1.0693684
0.11495957 , -1.3848326 , 1.077059
0.18904546 , -1.9387465 , 1.0689795
0.23674592 , -2.3340633 , 1.0676368
0.2958152 , -2.8215902 , 1.0763462
0.13558905 , -1.5170642 , 1.0800301
0.20297222 , -2.0582967 , 1.0718223
0.2508211 , -2.4789596 , 1.0735562
0.31981504 , -3.057359 , 1.0834043
0.15527481 , -1.6588309 , 1.0824956
0.21632037 , -2.1847339 , 1.0752096
0.26715654 , -2.64996 , 1.0803207
0.34440458 , -3.3298004 , 1.0902579
0.17348859 , -1.8061037 , 1.0846238
0.22969402 , -2.3213518 , 1.079397
0.28662556 , -2.852588 , 1.0878243
0.10750403 , -1.2278821 , 1.0970742
0.19020225 , -1.9562006 , 1.0867225
0.24378519 , -2.4730215 , 1.084565
0.31004193 , -3.0919206 , 1.0958697
0.13054186 , -1.407654 , 1.0995755
0.20573749 , -2.1086411 , 1.0891774
0.25937077 , -2.6457658 , 1.0908252
0.33777004 , -3.372156 , 1.1041782
0.15249069 , -1.5940398 , 1.1014682
0.22064605 , -2.2654388 , 1.0923469
0.27733907 , -2.8463748 , 1.098215
0.3679617 , -3.696276 , 1.1123849
0.17272758 , -1.7822341 , 1.1029949
0.23559172 , -2.430762 , 1.0964984
0.29870558 , -3.0819683 , 1.1066695
0.09925816 , -1.0599821 , 1.1172954
0.19124343 , -1.9693302 , 1.1045774
0.2512893 , -2.610363 , 1.101818
0.32456195 , -3.3593974 , 1.1159917
0.12499609 , -1.2897823 , 1.1192462
0.20846553 , -2.1553352 , 1.1066995
0.26851782 , -2.8111727 , 1.1084487
0.35582036 , -3.6845586 , 1.1258498
0.14936872 , -1.5226823 , 1.1204729
0.22505632 , -2.3432062 , 1.1097522
0.288183 , -3.0411081 , 1.1164998
0.39171836 , -4.061827 , 1.1357847
0.17169282 , -1.7529798 , 1.1213329
0.2417406 , -2.5380855 , 1.1139854
0.3113927 , -3.3088698 , 1.1260028
0.090104125 , -0.88096637 , 1.1375202
0.19204524 , -1.977722 , 1.1224148
0.25924212 , -2.7465017 , 1.1195644
0.33949363 , -3.6234083 , 1.1368259
0.11887871 , -1.163437 , 1.1387992
0.21102503 , -2.19782 , 1.124313
0.27831623 , -2.9760184 , 1.1266457
0.3739644 , -3.992949 , 1.1486086
0.14581996 , -1.4446877 , 1.1392192
0.2294295 , -2.417522 , 1.1274214
0.29983616 , -3.2353027 , 1.1354128
0.41541082 , -4.423886 , 1.1607634
0.17024656 , -1.7179681 , 1.1393298
0.2480369 , -2.643043 , 1.1319388
0.32491797 , -3.534325 , 1.1460451
0.079895325 , -0.6903767 , 1.1573436
0.19243789 , -1.9806564 , 1.1399647
0.26756877 , -2.8815725 , 1.137989
0.3550727 , -3.8842354 , 1.1585915
0.112099096 , -1.028394 , 1.1577691
0.21324666 , -2.2352083 , 1.1418221
0.28874856 , -3.141037 , 1.1457216
0.39231417 , -4.296377 , 1.1727713
0.14171267 , -1.359734 , 1.1571636
0.23360994 , -2.4875522 , 1.1452461
0.3123916 , -3.430398 , 1.1553657
0.4387756 , -4.7803288 , 1.1878506
0.1681845 , -1.6764307 , 1.1564233
0.25433528 , -2.7450101 , 1.1503565
0.3395364 , -3.7602522 , 1.1672484
0.0684478 , -0.4877286 , 1.1760228
0.19219236 , -1.9769564 , 1.1567298
0.2761311 , -3.015307 , 1.1572353
0.37168247 , -4.1434584 , 1.1817186
0.1045471 , -0.8844606 , 1.1753119
0.21491992 , -2.26622 , 1.1588252
0.29969764 , -3.3065507 , 1.166021
0.41118908 , -4.5949855 , 1.1988456
0.1368447 , -1.2673666 , 1.1733296
0.23740715 , -2.552134 , 1.1629246
0.32580757 , -3.6276684 , 1.176953
0.46168897 , -5.1295743 , 1.2179158
0.1652086 , -1.6271983 , 1.1716347
0.2604492 , -2.8430152 , 1.1690618
0.35540095 , -3.989163 , 1.1904278
0.055499528 , -0.27205318 , 1.1922841
0.19101593 , -1.9650251 , 1.1718423
0.2847315 , -3.1469753 , 1.177303
0.3897936 , -4.4043427 , 1.2070746
0.09606075 , -0.7312054 , 1.1899768
0.21579577 , -2.2893016 , 1.1745633
0.31094494 , -3.4722214 , 1.1878015
0.43125662 , -4.8909383 , 1.2276549
0.1308692 , -1.1666199 , 1.186051
0.24059407 , -2.609914 , 1.1798009
0.33985737 , -3.827579 , 1.2008127
0.48441976 , -5.470973 , 1.2521932
0.1608854 , -1.5682914 , 1.1833748
0.2661484 , -2.935873 , 1.1875285
0.37237704 , -4.223154 , 1.2167368
0.55675435 , -6.163773 , 1.2782266
0.18855189 , -1.9426887 , 1.1838951
0.2931173 , -3.275513 , 1.1978348
0.40966102 , -4.671454 , 1.236257
0.08635651 , -0.5683638 , 1.199313
0.21558405 , -2.3026202 , 1.1877462
0.32219234 , -3.6371224 , 1.210921
0.4535064 , -5.1899347 , 1.2607315
0.123161666 , -1.0558538 , 1.1925877
0.24289718 , -2.659362 , 1.194685
0.3541608 , -4.0295167 , 1.2271111
0.5081718 , -5.8063912 , 1.2924469
0.15463102 , -1.4967891 , 1.1893141
0.27115035 , -3.0222068 , 1.2046341
0.38996828 , -4.462629 , 1.2469107
0.58871126 , -6.55992 , 1.3310006
0.18439594 , -1.9074525 , 1.1909784
0.30097988 , -3.3995867 , 1.2176439
0.4308136 , -4.948314 , 1.2711725
0.07470344 , -0.39566267 , 1.1988522
0.2139483 , -2.3042853 , 1.1968462
0.33307815 , -3.799887 , 1.2338713
0.47835642 , -5.5017667 , 1.3014776
0.112528525 , -0.9312964 , 1.1885736
0.24400078 , -2.6988573 , 1.206338
0.36824396 , -4.232042 , 1.2536261
0.53555685 , -6.1459327 , 1.3410491
0.1456854 , -1.4086815 , 1.187207
0.27515718 , -3.100432 , 1.218988
0.40744847 , -4.706151 , 1.277498
0.61635137 , -6.938814 , 1.3983779
0.17801513 , -1.8567107 , 1.1932126
0.30802897 , -3.5174582 , 1.2343339
0.45193234 , -5.234216 , 1.3064063
0.16794097 , -3.4727619 , 0.8663473
0.16968516 , -2.525814 , 0.9622309
0.14202282 , -1.3783573 , 1.0390955
0.09234007 , -0.30288014 , 1.1052303
0.16974467 , -3.2970963 , 0.8936129
0.16569847 , -2.262109 , 0.9814009
0.13106906 , -1.0944321 , 1.0568352
0.076781824 , -0.047354165 , 1.1094116
0.17141944 , -3.0929322 , 0.91728944
0.15983266 , -1.9844793 , 0.9999845
0.11859021 , -0.80924034 , 1.0741496
0.05947767 , 0.20332626 , 1.0950091
0.17176452 , -2.861108 , 0.93885255
0.15208167 , -1.6963757 , 1.0181912
0.10465823 , -0.5249036 , 1.0902909
0.16266358 , -3.5871854 , 0.8612209
0.17023697 , -2.6056461 , 0.95904684
0.14248297 , -1.4007581 , 1.0361558
0.08928285 , -0.2428366 , 1.103383
0.16678208 , -3.4058604 , 0.8894403
0.16664025 , -2.3307574 , 0.97832024
0.13109659 , -1.1001362 , 1.0539198
0.07230943 , 0.036067393 , 1.1092
0.17037219 , -3.1951125 , 0.91367465
0.16093676 , -2.0407293 , 0.9969943
0.11799182 , -0.79666257 , 1.0713186
0.05303504 , 0.31310663 , 1.0985649
0.17195259 , -2.9550023 , 0.935435
0.15315053 , -1.7389671 , 1.015211
0.10323813 , -0.4924528 , 1.0876911
0.1548424 , -3.7063591 , 0.8560459
0.17116751 , -2.6898596 , 0.95588785
0.14333376 , -1.4283817 , 1.03323
0.08685443 , -0.18885143 , 1.1014065
0.16368972 , -3.51885 , 0.8852648
0.16797875 , -2.403917 , 0.9752459
0.1315489 , -1.1113507 , 1.0510039
0.068755865 , 0.11311975 , 1.1086799
0.16983734 , -3.3015568 , 0.90974706
0.16244216 , -2.1016824 , 0.9939017
0.11786243 , -0.78986603 , 1.0684468
0.048609406 , 0.41528624 , 1.1014464
0.17272985 , -3.0531876 , 0.93253195
0.15462735 , -1.7864884 , 1.0124259
0.10234767 , -0.46602482 , 1.0850823
0.14651544 , -3.8315809 , 0.84876263
0.17264606 , -2.7784722 , 0.9520462
0.19037488 , 1.4395995 , 0.15409057
0.12999406 , 0.6967695 , 0.29912454
0.15729928 , 1.1069932 , 0.19556755
0.20790473 , 1.6096369 , 0.12899588
0.13304228 , 0.8174833 , 0.24838175
0.1714508 , 1.2753922 , 0.16299072
0.22569972 , 1.7635493 , 0.11009006
0.14153568 , 0.96515286 , 0.20677835
0.1872325 , 1.435511 , 0.13641675
0.12107342 , 0.7054965 , 0.26260057
0.15354165 , 1.1202182 , 0.17234957
0.20346363 , 1.5806843 , 0.11558132
0.1268854 , 0.83354414 , 0.21863383
0.16754024 , 1.2702255 , 0.14428349
0.11036628 , 0.60591257 , 0.2776783
0.13665184 , 0.9741576 , 0.18219332
0.18224268 , 1.4068885 , 0.121868156
0.11336501 , 0.7125634 , 0.23118675
0.14879352 , 1.1136564 , 0.1525576
0.10097996 , 0.51940244 , 0.29379302
0.12079957 , 0.83740306 , 0.19256409
0.16199186 , 1.2420253 , 0.12872231
0.10099561 , 0.6027309 , 0.24449012
0.13097085 , 0.96566427 , 0.16122577
0.09302749 , 0.44695768 , 0.31144968
0.10601352 , 0.71024054 , 0.20351534
0.14265169 , 1.0859032 , 0.13603176
0.08979935 , 0.50459826 , 0.25859645
0.11407308 , 0.82618505 , 0.17030269
0.15432878 , 1.1901944 , 0.11608344
0.09233388 , 0.59311247 , 0.21510684
0.124155976 , 0.93822396 , 0.1437156
0.07981406 , 0.41886237 , 0.27356255
0.098122455 , 0.6952644 , 0.1798275
0.13461018 , 1.0359045 , 0.12249971
0.07981414 , 0.48655722 , 0.22739959
0.10645536 , 0.7986396 , 0.15172672
0.07107568 , 0.3462479 , 0.2894895
0.08315727 , 0.5731423 , 0.18985622
0.11572221 , 0.8903267 , 0.12934604
0.068524115 , 0.3913119 , 0.24045235
0.089538455 , 0.66682476 , 0.1600649
0.06381401 , 0.2877752 , 0.30667016
0.06922108 , 0.46016175 , 0.20045315
0.09753903 , 0.7530461 , 0.13651595
0.058577128 , 0.3081521 , 0.2543197
0.07342701 , 0.5427358 , 0.16877338
0.058499593 , 0.2450077 , 0.32654333
0.05635967 , 0.35699436 , 0.21168788
0.079942755 , 0.62328136 , 0.14392284
0.64827144 , 3.6136432 , 0.28776574
0.79311764 , 5.2780414 , 0.2560193
0.9685259 , 6.8742194 , 0.23076217
0.70277214 , 4.3322806 , 0.27475846
0.85808086 , 5.9288025 , 0.24356048
0.6191132 , 3.344282 , 0.29373223
0.76032025 , 5.001567 , 0.26109755
0.92941123 , 6.575838 , 0.23450327
0.6723884 , 4.0604486 , 0.28011367
0.8227798 , 5.6448755 , 0.24817619
0.59144866 , 3.0768287 , 0.30046517
0.7281371 , 4.726851 , 0.26623222
0.8911066 , 6.2802997 , 0.23827037
0.6425886 , 3.7912738 , 0.28571317
0.7882007 , 5.3632693 , 0.25287852
0.5650452 , 2.807656 , 0.30741492
0.69661206 , 4.4542456 , 0.27143976
0.85365987 , 5.9877715 , 0.24213539
0.6135821 , 3.5250764 , 0.29179198
0.75438905 , 5.084209 , 0.2576745
0.92428404 , 6.608177 , 0.2354456
0.6657724 , 4.18423 , 0.27676624
0.81710255 , 5.698427 , 0.2461318
0.5855538 , 3.2611308 , 0.29848427
0.7213685 , 4.807937 , 0.2625682
0.88479805 , 6.3063135 , 0.23872536
0.6356687 , 3.917242 , 0.2823055
0.7814519 , 5.412454 , 0.2502745
0.5584368 , 2.9983573 , 0.30568263
0.6891495 , 4.534755 , 0.26757067
0.8462938 , 6.0081835 , 0.24183637
0.60637903 , 3.6534808 , 0.28817916
0.7467142 , 5.1300383 , 0.25456843
0.5319632 , 2.7367039 , 0.31322882
0.6577427 , 4.264979 , 0.27271023
0.80878043 , 5.714016 , 0.24505633
0.577955 , 3.3927686 , 0.29447356
0.7128886 , 4.8513956 , 0.25901493
0.50590026 , 2.4774349 , 0.32157752
0.6271673 , 3.9989145 , 0.27803767
0.77226245 , 5.424023 , 0.24845874
0.55036044 , 3.1349368 , 0.30119252
0.6799716 , 4.5767527 , 0.26361883
0.83586156 , 5.98784 , 0.24257475
0.597448 , 3.736735 , 0.28361595
0.73673874 , 5.138416 , 0.2520667
0.5234923 , 2.8802013 , 0.3082926
0.64796066 , 4.3063626 , 0.26839352
0.7975337 , 5.6897593 , 0.24497828
0.56859225 , 3.4785404 , 0.28949732
0.70220435 , 4.8573966 , 0.25588554
0.4972496 , 2.6294918 , 0.3158084
0.6168573 , 4.0404487 , 0.2733628
0.7602778 , 5.396547 , 0.24752091
0.5405763 , 3.224449 , 0.2957085
0.6686523 , 4.5811806 , 0.25991634
0.47159517 , 2.3842573 , 0.32405734
0.58666205 , 3.779215 , 0.2785567
0.7240845 , 5.1084123 , 0.25029913
0.51335025 , 2.974845 , 0.3022605
0.63607574 , 4.3099756 , 0.26416233
0.44656968 , 2.1462884 , 0.33387363
0.5573683 , 3.5228405 , 0.2840041
0.6889445 , 4.8255625 , 0.25334215
0.48686773 , 2.7304485 , 0.3091814
0.604468 , 4.0439944 , 0.26863137
0.74528337 , 5.329698 , 0.24777028
0.5289559 , 3.2715795 , 0.28972852
0.65484804 , 4.5481963 , 0.2566543
0.4611093 , 2.492352 , 0.31656432
0.57382125 , 3.7834365 , 0.27333513
0.7085145 , 5.0398717 , 0.24950166
0.5013967 , 3.0258272 , 0.2957529
0.6217852 , 4.2765145 , 0.26023296
0.4360936 , 2.2618535 , 0.32462916
0.5441235 , 3.5285254 , 0.2782873
0.6728656 , 4.755965 , 0.25158057
0.47466543 , 2.7862098 , 0.30211148
0.5897456 , 4.010712 , 0.2640757
0.41187197 , 2.0403576 , 0.33377713
0.5153576 , 3.2795367 , 0.28350306
0.6383217 , 4.478165 , 0.25400993
0.44875222 , 2.5535643 , 0.30886436
0.55871737 , 3.750992 , 0.2681828
0.68982327 , 4.9331827 , 0.25025532
0.4875038 , 3.0368578 , 0.28900263
0.60486853 , 4.206652 , 0.2567779
0.42366743 , 2.3289013 , 0.316113
0.5286868 , 3.4975777 , 0.2725577
0.65376747 , 4.649138 , 0.25101843
0.4605458 , 2.8010151 , 0.29481658
0.5724922 , 3.9416094 , 0.25986946
0.3994406 , 2.1133168 , 0.32401672
0.49963778 , 3.25074 , 0.277208
0.61888236 , 4.3717866 , 0.25228044
0.43447605 , 2.5726807 , 0.3009923
0.5411777 , 3.683224 , 0.2632723
0.3761149 , 1.907918 , 0.33280203
0.47155383 , 3.010825 , 0.28214794
0.5851475 , 4.1012893 , 0.25402656
0.40929937 , 2.3526511 , 0.30759844
0.5109095 , 3.4317029 , 0.266979
0.35374197 , 1.7137722 , 0.3427167
0.44442108 , 2.7782729 , 0.28740138
0.5525443 , 3.837807 , 0.25620428
0.3850326 , 2.1417942 , 0.3147288
0.48167062 , 3.1872873 , 0.2709887
0.59635586 , 4.229983 , 0.25206643
0.41823113 , 2.5536268 , 0.29300514
0.52105427 , 3.581503 , 0.25877392
0.36170065 , 1.9410168 , 0.32250553
0.45344475 , 2.950271 , 0.27530825
0.5624596 , 3.9614878 , 0.25237492
0.39298326 , 2.3375108 , 0.29901087
0.49065894 , 3.3325548 , 0.2617077
0.33933413 , 1.7511978 , 0.33107635
0.42621696 , 2.7210119 , 0.27995417
0.5297511 , 3.7005239 , 0.2533584
0.36868376 , 2.1306224 , 0.30548543
0.46133944 , 3.091161 , 0.26498926
0.31796432 , 1.5731978 , 0.34058458
0.39997604 , 2.499932 , 0.28495428
0.4982073 , 3.447227 , 0.25489983
0.3453452 , 1.9336797 , 0.312511
0.43307716 , 2.8575568 , 0.26861367
0.29762468 , 1.4077834 , 0.3510882
0.3747148 , 2.2875233 , 0.29034832
0.46780562 , 3.2017355 , 0.25691956
0.32298273 , 1.7474275 , 0.32018477
0.40585476 , 2.632014 , 0.27258727
0.50397384 , 3.5310783 , 0.25180972
0.35043082 , 2.0843158 , 0.2961877
0.4385239 , 2.9642048 , 0.2593663
0.30161354 , 1.5725716 , 0.3286156
0.37965667 , 2.4148557 , 0.27692825
0.47250724 , 3.2818284 , 0.25196016
0.32712445 , 1.8908871 , 0.30253398
0.41034046 , 2.7348049 , 0.26221073
0.2812527 , 1.4098258 , 0.33790562
0.35446987 , 2.2064357 , 0.28166622
0.4422277 , 3.0408118 , 0.2528316
0.30479905 , 1.7078148 , 0.3094576
0.3832342 , 2.5137358 , 0.26544136
0.26191604 , 1.2598233 , 0.34809643
0.33028296 , 2.0071557 , 0.28684142
0.4131086 , 2.8081315 , 0.2542884
0.2834575 , 1.5357082 , 0.31703648
0.35718516 , 2.3012147 , 0.26906213
0.44384184 , 3.0869007 , 0.25041386
0.30708677 , 1.8174293 , 0.29250285
0.38512376 , 2.5839028 , 0.2562461
0.26310393 , 1.3751433 , 0.325355
0.33217418 , 2.0974941 , 0.27309036
0.4138242 , 2.851457 , 0.24974824
0.28487197 , 1.6377103 , 0.298706
0.35824782 , 2.3682485 , 0.25865686
0.24373987 , 1.2267358 , 0.33449766
0.3081833 , 1.9028344 , 0.27755508
0.38500145 , 2.6247072 , 0.24994384
0.26363018 , 1.4684447 , 0.30551055
0.3324556 , 2.1613083 , 0.26149964
0.2253679 , 1.0910461 , 0.3445254
0.28519398 , 1.7175287 , 0.2824946
0.35734212 , 2.4067023 , 0.2508495
0.24335147 , 1.3101274 , 0.31297836
0.3077227 , 1.9632256 , 0.2647733
0.20798549 , 0.96869993 , 0.35539693
0.26318806 , 1.5418702 , 0.28795356
0.33081567 , 2.1975043 , 0.25233725
0.22402714 , 1.1632367 , 0.32117322
0.2840239 , 1.7741616 , 0.26849255
0.35414046 , 2.41598 , 0.2465675
0.24214588 , 1.3761947 , 0.29398
0.3053919 , 1.9971684 , 0.25433663
0.20564632 , 1.0283251 , 0.33016208
0.26133355 , 1.5942739 , 0.27268374
0.3269478 , 2.2053328 , 0.24613148
0.22204871 , 1.2208377 , 0.3006223
0.2810404 , 1.8057578 , 0.25681502
0.18820032 , 0.90592533 , 0.3400174
0.23962368 , 1.423749 , 0.27738088
0.300902 , 2.003696 , 0.24653564
0.20287687 , 1.0762025 , 0.30792707
0.25772986 , 1.6233203 , 0.25976598
0.17167558 , 0.79669017 , 0.3508085
0.21886621 , 1.2627789 , 0.28262153
0.27596828 , 1.8110619 , 0.24759911
0.18461315 , 0.9426957 , 0.31593814
0.23542579 , 1.449912 , 0.26320145
0.15605585 , 0.7012603 , 0.36248562
0.19903292 , 1.1116188 , 0.28844285
0.252112 , 1.6274027 , 0.24922861
0.16723885 , 0.82082367 , 0.32469845
0.21409018 , 1.2855794 , 0.26714465
0.2685101 , 1.7894882 , 0.24121611
0.18010016 , 0.97054976 , 0.2948787
0.13332282 , 0.6799921 , 0.29586723
0.17254391 , 1.0607213 , 0.24879287
0.10963985 , 0.48796615 , 0.337301
0.142898 , 0.79677355 , 0.2709616
0.18271415 , 1.1757171 , 0.23684467
0.116760075 , 0.56946605 , 0.3033089
0.15264186 , 0.9149361 , 0.2517635
0.095473595 , 0.4119833 , 0.348033
0.12491571 , 0.6700603 , 0.27637902
0.16163594 , 1.0227429 , 0.23789868
0.101045236 , 0.47036666 , 0.31137222
0.1335512 , 0.7773449 , 0.25530237
0.082041904 , 0.35034314 , 0.36025703
0.107688494 , 0.5528801 , 0.28240427
0.14150716 , 0.8782047 , 0.23955588
0.08621465 , 0.38342008 , 0.3200229
0.115190096 , 0.6479089 , 0.2594113
0.1482551 , 0.96270293 , 0.22886519
0.09121097 , 0.44578534 , 0.28905395
0.122240126 , 0.74159765 , 0.24182838
0.07236749 , 0.30959073 , 0.32920676
0.097497754 , 0.52673364 , 0.26409137
0.12790675 , 0.8209964 , 0.22926737
0.07549348 , 0.34934863 , 0.29634175
0.10369073 , 0.6124819 , 0.24471164
0.05953717 , 0.24984805 , 0.33891603
0.08043104 , 0.41427234 , 0.26935333
0.10850364 , 0.68766254 , 0.23021002
0.41970673 , 2.2884016 , 0.30131605
0.2952487 , 1.5721165 , 0.32208395
0.17656665 , 0.87663305 , 0.3363431
0.061784394 , 0.26432285 , 0.35156935
0.7301533 , 5.6252794 , 0.1766035
0.4994175 , 3.7884533 , 0.17765218
0.27300808 , 1.9823298 , 0.17478752
0.48483536 , 2.6132104 , 0.28256693
0.053505022 , -0.32943496 , 1.3185961
0.019467698 , 0.14088823 , 1.4712572
0.08772558 , -0.7553167 , 1.2227529
0.046437804 , -0.2147756 , 1.3887082
0.017484225 , 0.13236225 , 1.5616723
0.073149964 , -0.5977346 , 1.3110301
0.044485852 , -0.18550317 , 1.4643128
0.10522403 , -0.9720693 , 1.2141544
0.06818821 , -0.50868446 , 1.3820442
0.046102762 , -0.22347088 , 1.5538297
0.09245892 , -0.8551674 , 1.30339
0.06921367 , -0.50628763 , 1.457376
0.050025612 , -0.30707037 , 1.6609718
0.089607924 , -0.79516226 , 1.3753117
0.07445766 , -0.5745765 , 1.5460526
0.1113061 , -1.1009294 , 1.2958151
0.09361781 , -0.82114846 , 1.4504426
0.08253528 , -0.69162005 , 1.6520225
0.1106631 , -1.073563 , 1.3685287
0.102513865 , -0.9207132 , 1.5383315
0.12955871 , -1.3347198 , 1.2884465
0.11766725 , -1.1297058 , 1.4435115
0.114799 , -1.0720884 , 1.6430906
0.1313074 , -1.3433325 , 1.3617281
0.13023758 , -1.2616014 , 1.5306593
0.14710999 , -1.5564294 , 1.2814088
0.14132945 , -1.4316028 , 1.4365857
0.14677559 , -1.4482028 , 1.6342759
0.15148802 , -1.6039169 , 1.354957
0.15759484 , -1.5969739 , 1.5230314
0.1638848 , -1.7663227 , 1.274801
0.16457243 , -1.7264397 , 1.4296737
0.17842343 , -1.8196976 , 1.6255562
0.17114356 , -1.8549398 , 1.348272
0.18455279 , -1.926535 , 1.5154458
0.17984541 , -1.9646914 , 1.2686986
0.18736133 , -2.0138607 , 1.4227895
