0.06292366 , -10.468697 , 0.93687576
0.24107625 , -8.522442 , 0.78416765
0.32723522 , -5.7083 , 0.65417755
0.34180567 , -4.093787 , 0.56699485
0.05051725 , -7.6145215 , 0.9194568
-0.24576537 , -11.2231 , 1.1565207
0.27392977 , -3.1618052 , 0.46506795
0.2757735 , -3.2238965 , 0.47333735
0.3978921 , 0.9143192 , 0.5413956
0.39758807 , 1.2637277 , 0.56458193
0.28079215 , -2.7339985 , 0.52166283
0.40713242 , 0.39461014 , 0.563324
0.3645507 , -0.44332126 , 0.5726202
0.32441515 , -1.5092385 , 0.57615286
0.26635066 , -2.5727308 , 0.47231916
0.31281063 , -1.373546 , 0.4863404
0.29741195 , -3.1743813 , 0.5763004
0.29581165 , -3.1093578 , 0.589846
0.27955452 , -2.9605975 , 0.50514054
0.4181239 , 0.6433226 , 0.5588163
0.3328578 , -1.0230597 , 0.48783594
0.40021753 , -0.034840744 , 0.499064
0.44901773 , 0.66543686 , 0.5155832
0.38243726 , 0.9958813 , 0.5119114
0.32223877 , -1.6076545 , 0.5747701
0.2664377 , -2.4787662 , 0.47294438
0.31695697 , -1.289452 , 0.4848412
0.38384047 , -0.24930292 , 0.49466237
0.31441784 , -3.4753802 , 0.5803141
0.2815562 , -2.8295507 , 0.5238221
0.41274676 , 0.5127899 , 0.5591179
0.37196833 , -0.2850714 , 0.5692871
0.4158538 , 0.17106675 , 0.5006946
0.44447163 , 0.79818726 , 0.51694006
0.4405425 , 1.144371 , 0.5055438
0.28099915 , -2.9580896 , 0.53358763
0.2734332 , -2.188111 , 0.4756142
0.33176285 , -1.0281484 , 0.48464283
0.39992312 , -0.026901593 , 0.49587506
0.45005402 , 0.6811913 , 0.51285964
0.2811179 , -2.7282422 , 0.5219277
0.4044902 , 0.36092106 , 0.5601479
0.36219192 , -0.51993805 , 0.5695296
0.3234097 , -1.6195079 , 0.57269084
0.41070512 , 0.9028326 , 0.5359589
0.4524424 , 1.3288364 , 0.5140548
0.28155497 , -2.8508205 , 0.5222771
0.4128631 , 0.52762145 , 0.5565505
0.38870853 , -0.16737343 , 0.4914676
0.44746917 , 0.6018521 , 0.5081427
0.3696627 , 0.9471991 , 0.5358123
0.40192592 , 1.1738279 , 0.5701654
0.27850473 , -3.494068 , 0.46581733
0.27964485 , -3.5581179 , 0.46511152
0.4075505 , 0.8699765 , 0.550805
0.39991114 , 0.28062677 , 0.56002194
0.3576718 , -0.64443845 , 0.56884646
0.38826334 , 0.053986643 , 0.5623948
0.3467462 , -0.9474235 , 0.569439
0.31206053 , -2.1134033 , 0.5715754
0.42348814 , 0.28437734 , 0.49742854
0.4375867 , 0.87435615 , 0.51412135
0.45315373 , 1.258026 , 0.5072425
0.28113133 , -2.7784014 , 0.5202172
0.40631253 , 0.40786105 , 0.55654675
0.35329056 , -0.77399755 , 0.56813765
0.3125876 , -2.1198053 , 0.5710393
0.2868069 , -1.8283256 , 0.4744882
0.3630163 , -0.5196497 , 0.48389676
0.43969622 , 0.4905676 , 0.5014167
0.37981376 , 0.9622955 , 0.53158015
0.39510328 , 1.1217414 , 0.5609566
0.40638557 , 0.41230357 , 0.55576956
0.38169372 , -0.08500333 , 0.5626138
0.3352169 , -1.3146397 , 0.5690989
0.25750363 , -2.694475 , 0.4647856
0.31624806 , -1.2687808 , 0.47696912
0.39653426 , -0.04809973 , 0.48892018
0.4521621 , 0.77423704 , 0.5091011
0.45062876 , 1.2163033 , 0.50367904
0.30914924 , -3.2846043 , 0.5781646
0.3078185 , -3.2313673 , 0.57800883
0.33123082 , -1.4583919 , 0.56875277
0.30643678 , -2.7028255 , 0.5743489
0.28576142 , -1.8396798 , 0.47266674
0.35132343 , -0.6898882 , 0.48019144
0.42096746 , 0.26412255 , 0.49359277
0.44384977 , 0.87198156 , 0.5112136
0.39823517 , 1.2026905 , 0.56406593
0.39617562 , 1.3454859 , 0.5625978
0.45722315 , 1.4050521 , 0.5033557
0.30560902 , -3.1174066 , 0.5777605
0.40795407 , -8.338776 , 0.6976997
0.40837532 , -8.4766865 , 0.56325483
0.4063058 , -9.840319 , 0.42004937
0.3639535 , -8.033399 , 0.4208212
0.2810284 , -6.6534 , 0.3665145
0.22573291 , -4.3778768 , 0.40331542
0.25391158 , -3.0833166 , 0.45769656
0.49134696 , -9.158756 , 0.6320081
0.3661673 , -4.5168734 , 0.5497296
0.41320157 , -6.369063 , 0.5784247
0.43724486 , -7.87404 , 0.66531926
0.3790055 , -4.996654 , 0.5527036
0.42288408 , -6.82053 , 0.5955679
0.43159872 , -8.088634 , 0.71176565
0.22578111 , -4.1291804 , 0.40983316
0.31364134 , -3.105379 , 0.5713152
0.364852 , -4.466667 , 0.549719
0.42037505 , -6.71571 , 0.59276944
0.43069747 , -8.012079 , 0.7036952
0.35694516 , -7.8626037 , 0.41548175
0.3432037 , -3.7366254 , 0.5530318
0.39073327 , -5.458181 , 0.5595451
0.42846194 , -7.1816406 , 0.61718816
0.35607374 , -4.147421 , 0.5497825
0.40250704 , -5.9413886 , 0.5702749
0.43100247 , -7.516368 , 0.6448567
0.23142664 , -4.8134665 , 0.3875797
0.23797682 , -3.2821887 , 0.44236907
0.3423545 , -3.6934876 , 0.55299795
0.3999036 , -5.835519 , 0.5684533
0.4294008 , -7.4245334 , 0.6402723
0.3787863 , -8.021952 , 0.5082496
0.32023633 , -3.1362805 , 0.56577635
0.3680687 , -4.5736017 , 0.550471
0.4119562 , -6.3647094 , 0.584881
0.3340199 , -3.434269 , 0.5565173
0.3803906 , -5.0455375 , 0.55505675
0.4199852 , -6.7818985 , 0.60373676
0.24918525 , -5.5213447 , 0.37221402
0.22746257 , -3.8038752 , 0.41662118
0.31999213 , -3.0974467 , 0.56560546
0.37790415 , -4.944785 , 0.55414116
0.41785777 , -6.6811485 , 0.6006549
0.4145908 , -7.826791 , 0.7282379
0.24326254 , -3.0781527 , 0.4493967
0.34635112 , -3.7814033 , 0.55108386
0.39152765 , -5.4893723 , 0.56345844
0.31144685 , -2.9192379 , 0.5721475
0.35859916 , -4.1994896 , 0.5495505
0.4023667 , -5.9486046 , 0.5757485
0.27612644 , -6.1831317 , 0.36672464
0.22990566 , -4.4425106 , 0.3930237
0.24340223 , -3.0395103 , 0.4496058
0.34560806 , -3.736586 , 0.5510515
0.39010546 , -5.4256425 , 0.5633776
0.42123848 , -7.020287 , 0.6271382
0.36967462 , -7.780777 , 0.6934626
0.31718612 , -6.9791293 , 0.37948242
0.24962413 , -5.393884 , 0.37223533
0.22839321 , -3.714242 , 0.41663212
0.3195239 , -3.0201616 , 0.56523556
0.33962297 , -3.521142 , 0.55281943
0.38363814 , -5.151776 , 0.5592282
0.4176079 , -6.777654 , 0.6159621
0.38670126 , -7.6966143 , 0.78555906
0.3463475 , -3.7281754 , 0.55055016
0.38977033 , -5.399498 , 0.56476116
0.41869017 , -6.947194 , 0.6305743
0.35227612 , -7.6249757 , 0.5310809
0.3529469 , -3.948959 , 0.5495236
0.39553437 , -5.6406474 , 0.5715381
0.4180553 , -7.0935307 , 0.6475709
0.85943854 , -1.2253553 , 0.46640855
0.38018277 , -4.378902 , 0.5496631
0.42352784 , -2.5237248 , 0.52792406
0.51351464 , -1.3790636 , 0.49582705
0.5847504 , -0.0057003577 , 0.5079584
0.43614873 , 2.0606444 , 0.525551
0.5542705 , 1.9317187 , 0.5352188
0.7977623 , 0.10358545 , 0.522425
0.5586844 , 0.4238448 , 0.49668747
0.44913357 , 2.1565108 , 0.526656
0.5842633 , 1.7764561 , 0.53654927
0.8636104 , -0.35857856 , 0.50233316
0.5359151 , 0.8135069 , 0.48240098
0.4643954 , 2.2211409 , 0.52808905
0.61825514 , 1.5714695 , 0.5373151
0.94871736 , -0.8841281 , 0.45802695
0.51713455 , 1.1634032 , 0.46721384
0.48215643 , 2.250359 , 0.5297267
0.65668607 , 1.3159672 , 0.53711134
0.6788382 , -1.1860105 , 0.492392
0.50235945 , 1.4717497 , 0.4525889
0.5081683 , 2.2245364 , 0.5318919
0.7113815 , 0.9203887 , 0.53457755
0.63482076 , -0.4972884 , 0.51956683
0.48904106 , 1.7934362 , 0.43631873
0.47954935 , 2.2498755 , 0.40933263
0.471464 , 1.4202906 , 0.46162653
0.38615626 , 1.3352523 , 0.53041965
0.44508526 , 2.2171464 , 0.526593
0.55317396 , 2.0819178 , 0.5346392
0.80771315 , 0.22954457 , 0.5212179
0.57289964 , 0.3445891 , 0.50463855
0.4790935 , 2.1368053 , 0.41932464
0.5837066 , 1.9301817 , 0.5360192
0.8780895 , -0.24744661 , 0.5032018
0.5460081 , 0.7658649 , 0.48964047
0.47698814 , 2.2675982 , 0.4126815
0.6182081 , 1.72557 , 0.53632975
0.9637252 , -0.79741937 , 0.46604288
0.5244077 , 1.1455547 , 0.47384784
0.47684425 , 2.35383 , 0.40887165
0.6569892 , 1.4679167 , 0.5360595
0.8718171 , -1.5130819 , 0.38602835
0.50758564 , 1.4808154 , 0.45881727
0.47815615 , 2.394327 , 0.40789637
0.70045877 , 1.1547593 , 0.5346495
0.6478849 , -0.82248086 , 0.5221632
0.49499768 , 1.7731223 , 0.4428922
0.48029748 , 2.3938527 , 0.40739042
0.749089 , 0.785106 , 0.5283157
0.6101926 , -0.26264957 , 0.52444285
0.4863797 , 2.0167897 , 0.43395716
0.39414567 , 1.8286072 , 0.5246383
0.48303488 , 2.4550152 , 0.5283476
0.67172533 , 1.4408327 , 0.53273535
0.65915537 , -1.3602946 , 0.48605648
0.504486 , 1.6097597 , 0.45568955
0.48032913 , 2.4752247 , 0.40778965
0.48054373 , 1.7545599 , 0.44713148
0.35919383 , 1.2107631 , 0.5389262
0.7277017 , -1.7049718 , 0.4872952
0.48238873 , 1.902228 , 0.4397286
0.4777794 , 2.4926314 , 0.40853348
0.51362044 , 1.3817321 , 0.46822134
0.4876347 , 1.8410034 , 0.47268268
0.4754623 , 3.402542 , 0.40848324
0.9340414 , -0.71236795 , 0.47489023
0.57566094 , 2.165318 , 0.5356894
0.37836692 , 1.5332825 , 0.5318214
0.3805658 , 2.2696824 , 0.5336898
0.6188092 , 2.7665222 , 0.54022646
1.0370799 , -1.4302162 , 0.46610114
0.8832432 , -1.9630836 , 0.49602717
0.96089494 , -4.569859 , 0.8098261
1.2373961 , -7.466338 , 1.0536731
1.6765552 , -9.378241 , 1.1370859
1.3762 , -6.5567455 , 0.9209142
1.1307279 , -3.5894225 , 0.6622991
0.9284159 , -4.197104 , 0.77693003
0.504789 , 0.71839386 , 0.8222531
0.48624572 , 0.7255119 , 0.82609695
0.49853072 , 1.4688135 , 0.8317904
0.56629443 , 2.9644141 , 0.8598216
0.5291846 , 2.3995576 , 0.49124953
0.5212866 , 1.6666944 , 0.49833518
0.5080428 , 0.6112452 , 0.8737956
0.5043446 , 1.3159053 , 0.87676895
0.52597547 , 2.0285218 , 0.88492036
0.52260435 , 2.5568297 , 0.54891986
1.0252918 , -1.710632 , 0.4549763
0.70252824 , -1.7215677 , 0.47988266
1.0208812 , -1.8257016 , 0.4559088
1.0428742 , -1.929478 , 0.47341552
1.0734117 , -2.032863 , 0.4824489
0.7581378 , -2.145279 , 0.52196324
0.7463619 , -2.1408765 , 0.52756584
0.7460354 , -2.1250975 , 0.53964454
1.0638351 , -2.3194845 , 0.515449
1.0808848 , -5.006852 , 0.8105469
1.3801676 , -7.9224925 , 1.0542945
1.2084953 , -3.4235528 , 0.61444795
1.0645758 , -2.402595 , 0.52594346
0.80436593 , -2.4911926 , 0.55728424
0.5434587 , 2.086707 , 0.9694322
0.3860458 , -0.20681752 , 1.1325424
0.43580905 , -0.04537233 , 1.0739459
0.5214795 , 2.6988072 , 1.1261153
0.55719024 , 3.180775 , 0.87023526
0.4766286 , 0.047505647 , 0.94474816
0.45843658 , -0.13360526 , 0.7267259
1.141394 , -0.19737692 , 0.8408629
0.4067003 , -0.26826194 , 1.1341729
0.45996138 , -0.15968108 , 0.7056738
0.50378954 , 0.26606557 , 0.65457803
0.7975645 , -2.5482783 , 0.6061156
1.2971122 , -5.7304983 , 0.8546313
1.07141 , -2.6780045 , 0.5668095
0.8882221 , -1.8895029 , 0.48755187
1.5771058 , -8.561256 , 1.0813608
1.2944709 , -5.720737 , 0.85476923
1.0724741 , -2.6676724 , 0.566499
0.42030933 , -0.49581704 , 0.84773785
0.4646155 , -0.10116055 , 0.5776753
0.45180264 , -0.21225815 , 1.0090245
0.42310128 , -0.51174825 , 0.8295386
0.5048091 , -0.13786036 , 0.5534394
0.8795533 , -1.73216 , 0.4566139
1.4197087 , -7.086377 , 0.9673295
1.1695174 , -4.1666074 , 0.7213752
0.49098608 , 0.0928944 , 0.70335776
0.8833975 , -3.6667442 , 0.7313702
1.1873955 , -7.0769167 , 1.0259715
1.6469303 , -9.212701 , 1.1298373
1.3092185 , -5.932973 , 0.87428075
1.0627441 , -2.3829916 , 0.5330006
0.3946491 , -0.47307298 , 1.1425872
0.28967214 , -1.1962934 , 1.4125354
0.3887353 , -0.8390944 , 0.92900836
0.46437937 , -0.2703543 , 0.6416909
0.3611803 , -1.1156394 , 1.0010484
0.4314926 , -0.51022345 , 0.7723265
0.54687274 , -0.18717827 , 0.4360598
0.91395843 , -2.0129178 , 0.51260364
0.437396 , -0.36339337 , 0.6536007
0.78118575 , -2.3144784 , 0.6035705
1.0139182 , -5.411526 , 0.892365
1.2984242 , -8.254883 , 1.1258924
1.5372247 , -8.366169 , 1.0733603
1.2596533 , -5.5284076 , 0.846407
1.0622588 , -2.4377115 , 0.55018586
0.3882461 , -0.74046916 , 1.0902911
0.30525178 , -1.306238 , 1.3245414
0.33081338 , -1.5607021 , 1.0477418
0.40325832 , -0.9091106 , 0.8238462
0.43593064 , -0.57242364 , 0.56234354
0.39734134 , -0.72923416 , 1.0382226
0.31980282 , -1.2321619 , 1.278434
0.3103491 , -1.7680558 , 1.0966763
0.38798323 , -1.0814883 , 0.8695069
0.42527592 , -0.6694275 , 0.6205147
0.44059363 , -0.26659167 , 0.7486819
0.8616616 , -3.60025 , 0.7336708
1.1187103 , -6.55414 , 0.98851645
1.4221613 , -9.361328 , 1.210006
1.4152906 , -7.2333803 , 0.9860901
1.1630127 , -4.334237 , 0.7453129
0.42910728 , -0.43343505 , 0.6934977
0.79029346 , -2.6886375 , 0.6473234
1.038413 , -5.7424335 , 0.9216823
1.3285838 , -8.569319 , 1.1521268
1.4933797 , -8.010301 , 1.0478631
1.223087 , -5.1576343 , 0.8174448
0.38952294 , -0.5678272 , 0.82580274
0.3715657 , -0.9090348 , 1.1196923
0.2880967 , -1.5094476 , 1.3520341
0.33489263 , -1.5947576 , 1.0195848
0.4022885 , -0.96459913 , 0.7970224
0.43929237 , -0.6448804 , 0.52540064
0.3813209 , -0.8860083 , 1.0688033
0.3026521 , -1.430744 , 1.3051435
0.31479043 , -1.8010999 , 1.0665989
0.38836122 , -1.1296334 , 0.8437651
0.41842687 , -0.7625319 , 0.59330475
0.84076333 , -1.4346616 , 0.44902647
0.88063794 , -3.950629 , 0.76811403
1.1453573 , -6.875873 , 1.0166107
1.5674423 , -9.674121 , 1.2004731
1.3742508 , -6.875317 , 0.9591795
1.1286855 , -3.9487176 , 0.7128915
0.42149332 , -0.49734914 , 0.722689
0.8060174 , -3.061165 , 0.6866796
1.0633296 , -6.0687933 , 0.9505165
1.3592826 , -8.883241 , 1.1777327
1.4502122 , -7.653882 , 1.0218704
1.1864145 , -4.7853136 , 0.78782296
0.390152 , -0.75568205 , 0.867453
0.35511687 , -1.0825313 , 1.14822
0.270662 , -1.715368 , 1.3802153
0.33836108 , -1.6289287 , 0.99251544
0.39985833 , -1.0245018 , 0.76978445
0.44799408 , -0.6749198 , 0.48923448
-0.47848356 , -12.834191 , 1.2001405
-0.82203394 , -16.343422 , 1.297776
-0.6512888 , -17.320133 , 1.0528432
-0.2858154 , -13.821372 , 0.9289549
-0.00315508 , -10.284762 , 0.9072866
0.050577253 , -5.7276564 , 1.1046717
-0.2671885 , -10.334678 , 1.094823
-0.56039244 , -14.667947 , 1.1067315
0.07740484 , -9.244345 , 0.9462335
0.2087435 , -6.4337 , 0.9295498
0.25342184 , -4.76535 , 0.83890253
0.31638047 , -2.9047978 , 0.7012232
-1.0137849 , -17.519342 , 1.4234495
-0.7118525 , -13.497645 , 1.4387374
-0.3245469 , -9.058269 , 1.4583875
0.06405692 , -4.431657 , 1.4792197
0.25511903 , -2.317233 , 0.8646542
0.119619705 , -4.3721194 , 0.9473275
0.013729981 , -6.000073 , 1.0496024
-0.14588785 , -8.286151 , 1.23713
0.19057794 , -7.0529737 , 0.9552452
0.24158296 , -5.2455044 , 0.8712797
0.29189992 , -3.5594537 , 0.75480175
0.42691737 , -0.93717843 , 0.49117383
0.18832456 , -3.320514 , 0.90156907
0.0751555 , -5.056332 , 0.9867585
-0.037506238 , -6.7934833 , 1.1150534
0.12476813 , -8.618803 , 0.97938776
0.21888848 , -6.1403193 , 0.92112726
0.2621683 , -4.519898 , 0.8265446
0.33119383 , -2.589565 , 0.6803578
0.27768147 , -1.9605465 , 0.8557787
0.13602802 , -4.1212826 , 0.93652505
0.03211244 , -5.729709 , 1.0337887
-0.10839131 , -7.820972 , 1.2151692
0.18487969 , -7.249629 , 0.96877635
0.24023417 , -5.374624 , 0.8829571
0.28697005 , -3.7446818 , 0.7732685
0.39940423 , -1.332661 , 0.5663593
0.20662011 , -3.0314012 , 0.89264756
0.091382496 , -4.8119216 , 0.97426
-0.015258986 , -6.4752603 , 1.0948637
0.0759349 , -9.04446 , 0.9990626
0.21645556 , -6.2862797 , 0.9321438
0.2601017 , -4.6592436 , 0.8402071
0.3217576 , -2.8370159 , 0.7063656
0.30178812 , -1.576952 , 0.8504597
0.15239772 , -3.8675892 , 0.92659056
0.049506016 , -5.4707103 , 1.0186012
-0.076697506 , -7.4070296 , 1.1877775
0.17705198 , -7.467347 , 0.9843595
0.23888525 , -5.5022655 , 0.89412135
0.28294015 , -3.9148867 , 0.7904383
0.3788556 , -1.6838095 , 0.6135637
0.22547008 , -2.7297313 , 0.8853227
0.10723438 , -4.5706477 , 0.96253186
0.005161867 , -6.1772556 , 1.0751317
-0.18426795 , -8.797355 , 1.3764107
0.21319309 , -6.440011 , 0.94311506
0.25834566 , -4.791342 , 0.8530625
0.31390232 , -3.0616868 , 0.7297797
0.328396 , -1.1577009 , 0.85290223
0.16880183 , -3.609132 , 0.91772527
0.06604397 , -5.220999 , 1.0041828
-0.04947057 , -7.0321403 , 1.1581727
0.1652593 , -7.7137437 , 1.0008287
0.23745076 , -5.630249 , 0.9047309
0.2797183 , -4.0719423 , 0.8063673
0.36278713 , -1.997909 , 0.6506182
0.24512297 , -2.41233 , 0.8804091
0.12287168 , -4.330766 , 0.95169306
0.02416994 , -5.8963203 , 1.056277
-0.14352411 , -8.230683 , 1.3577523
0.20873347 , -6.6043334 , 0.9538207
0.25676766 , -4.9178414 , 0.8651088
0.30733958 , -3.266092 , 0.75092906
0.36071062 , -0.6891333 , 0.8671975
0.18533963 , -3.343892 , 0.91020644
0.08185814 , -4.9786696 , 0.99064904
-0.0254895 , -6.6882386 , 1.1294215
0.14168626 , -8.001643 , 1.0213017
0.23565528 , -5.760583 , 0.9146918
0.2770751 , -4.2176924 , 0.82112306
0.349847 , -2.2802355 , 0.68168765
0.26577535 , -2.0751328 , 0.8790834
0.13830903 , -4.090469 , 0.94187593
0.041918945 , -5.629736 , 1.0385419
-0.09770271 , -7.74776 , 1.2823948
0.20312844 , -6.7825785 , 0.96356153
0.25560278 , -5.040323 , 0.8763451
0.30219448 , -3.4524028 , 0.770108
0.42950377 , -0.95814025 , 0.5905673
0.20247485 , -3.0697286 , 0.90438765
0.09741548 , -4.7419977 , 0.9780783
-0.0035036544 , -6.3698654 , 1.1029581
0.0876373 , -8.34767 , 1.0070928
0.23248494 , -5.895529 , 0.92386067
0.27423248 , -4.3539777 , 0.83480424
0.33858994 , -2.5349622 , 0.7085356
0.2873071 , -1.7126958 , 0.8827244
0.15301564 , -3.8478527 , 0.9332076
0.057915337 , -5.3750596 , 1.0220001
-0.06519894 , -7.322711 , 1.2107185
0.19728702 , -6.9792533 , 0.97076637
0.2556429 , -5.160496 , 0.8868285
0.29911396 , -3.6226914 , 0.78763086
0.40519124 , -1.3335106 , 0.6304467
0.22122869 , -2.7841158 , 0.9006603
0.113665625 , -4.509232 , 0.96647924
0.01801354 , -6.0728865 , 1.078978
-0.08322023 , -8.797838 , 1.17487
0.22705619 , -6.037096 , 0.9321734
0.2706857 , -4.482181 , 0.84763867
0.3281418 , -2.7650785 , 0.7322916
0.3105237 , -1.3179506 , 0.89238244
0.16668426 , -3.6013412 , 0.9257374
0.07195295 , -5.130523 , 1.0065187
-0.040726125 , -6.940949 , 1.1624726
0.18798198 , -7.202528 , 0.97358346
0.25520623 , -5.281169 , 0.89690787
0.29643804 , -3.7798157 , 0.8040123
0.3869336 , -1.6661079 , 0.66492254
0.24042013 , -2.4831402 , 0.8992617
0.12932447 , -4.277743 , 0.9556443
0.037519768 , -5.7929206 , 1.0568918
-0.12485214 , -8.223179 , 1.3059171
0.4910495 , -1.5708411 , 0.5067183
0.4128164 , -2.8637114 , 0.5353405
0.37637106 , -4.842856 , 0.55643386
0.37526256 , -7.336236 , 0.56051624
0.3781335 , -4.5812163 , 0.557947
0.41951028 , -2.692749 , 0.5358535
0.5046921 , -1.5093187 , 0.50618654
0.3933399 , -6.5402846 , 0.8080709
0.46940196 , -4.0542197 , 0.7159853
0.5790933 , -2.314354 , 0.64026564
0.7704572 , -1.3321065 , 0.5284575
0.7495995 , -1.4075822 , 0.5428353
0.5688786 , -2.4513366 , 0.64869535
0.46210453 , -4.2338743 , 0.7244665
0.38570336 , -6.7906337 , 0.8243728
0.37652057 , -5.3441334 , 0.5681293
0.40610623 , -3.2445173 , 0.54671127
0.47581145 , -1.8259822 , 0.5210764
0.6455698 , -1.3968848 , 0.48153034
0.66176784 , -1.7852601 , 0.59978575
0.52068967 , -3.1744168 , 0.6848329
0.42991132 , -5.245187 , 0.7642961
0.37890127 , -6.921837 , 0.5787582
0.3830608 , -4.3447328 , 0.56261575
0.42989397 , -2.555581 , 0.53957397
0.5249341 , -1.5028539 , 0.51021695
0.7904163 , -1.4334692 , 0.5290754
0.5900339 , -2.3317869 , 0.64314294
0.4756411 , -4.0147514 , 0.7202561
0.3956635 , -6.4276247 , 0.8181066
0.37549397 , -5.6632214 , 0.57923925
0.40132722 , -3.4948874 , 0.55602413
0.46630526 , -2.013136 , 0.5317171
0.6103298 , -1.4554175 , 0.5026724
0.6889587 , -1.7368188 , 0.5916362
0.53636473 , -3.0111206 , 0.68048066
0.43951118 , -4.9781547 , 0.7592206
0.37873474 , -7.328887 , 0.5938099
0.38187623 , -4.6283326 , 0.57241994
0.4254664 , -2.7795029 , 0.54907054
0.51442814 , -1.6485384 , 0.52326167
0.83802956 , -1.4917971 , 0.51633394
0.6130962 , -2.2284234 , 0.63756305
0.490276 , -3.809766 , 0.71607155
0.40588334 , -6.0946627 , 0.81030756
0.37556326 , -5.991469 , 0.59142715
0.39747965 , -3.7500577 , 0.56534934
0.45841417 , -2.2066262 , 0.54194105
0.58670115 , -1.5336088 , 0.51911575
0.71982193 , -1.7113346 , 0.5834802
0.5539202 , -2.8626542 , 0.67609596
0.45069057 , -4.728241 , 0.754042
0.34805277 , -7.467925 , 0.8918167
0.38032734 , -4.9178734 , 0.5825525
0.42066324 , -3.0083606 , 0.5584711
0.5037791 , -1.8032895 , 0.53514117
0.89287937 , -1.5905542 , 0.50518024
0.63727134 , -2.1429608 , 0.6318885
0.50525075 , -3.61929 , 0.71189564
0.41581562 , -5.7867446 , 0.8016753
0.3763788 , -6.3306503 , 0.6048802
0.39431173 , -4.0102715 , 0.57474816
0.45162588 , -2.406318 , 0.55188835
0.56887203 , -1.6287743 , 0.5328241
0.75463766 , -1.711036 , 0.575481
0.5732333 , -2.729366 , 0.6716598
0.46317756 , -4.4942756 , 0.7489336
0.37634313 , -7.0534205 , 0.8914043
0.37890702 , -5.2137775 , 0.5930336
0.41600755 , -3.2420487 , 0.56781256
0.4938641 , -1.9663997 , 0.54623395
0.96258426 , -1.7437102 , 0.4952656
0.6633306 , -2.07673 , 0.62616616
0.5211237 , -3.4433272 , 0.7077518
0.42622393 , -5.500329 , 0.793177
0.37706363 , -6.683101 , 0.6227768
0.39141777 , -4.2755656 , 0.5842195
0.44535133 , -2.6117969 , 0.5616125
0.5535905 , -1.7384948 , 0.5449509
0.79348886 , -1.739205 , 0.5678095
0.5940388 , -2.6120148 , 0.6671937
0.47659245 , -4.275662 , 0.7440003
0.3899607 , -6.6833787 , 0.8711831
0.37780777 , -5.5166707 , 0.6037576
0.41167864 , -3.480547 , 0.57709754
0.48485857 , -2.1373167 , 0.5567495
0.65579575 , -1.8476661 , 0.5666515
0.6917815 , -2.031256 , 0.62047625
0.53816056 , -3.2819953 , 0.70366496
0.43744612 , -5.233038 , 0.7853072
0.37582517 , -7.0515833 , 0.62973076
0.38872617 , -4.5460615 , 0.59372413
0.43945932 , -2.8227465 , 0.5711435
0.5399963 , -1.860854 , 0.5560609
0.83717394 , -1.8000805 , 0.5604137
0.61642313 , -2.5114977 , 0.66272897
0.4909128 , -4.0720143 , 0.7392949
0.4012336 , -6.3472185 , 0.8438077
0.37682638 , -7.5383368 , 0.7006934
0.37834784 , -7.3954554 , 0.96211386
0.34927958 , -7.240654 , 1.2130699
0.36573708 , -7.4091787 , 1.027292
0.36822778 , -7.5471363 , 0.89325035
1.5066742 , -9.233148 , 1.1756555
1.1727959 , -8.414103 , 1.1866552
0.82288057 , -7.7440624 , 1.2075627
0.44885477 , -7.3165565 , 1.2229942
0.43253362 , -5.4472237 , 0.79973114
0.53351057 , -3.4712782 , 0.7169804
0.68416643 , -2.1948507 , 0.6372771
1.0023702 , -2.0434847 , 0.51987064
0.63325995 , -7.6008706 , 1.2479036
0.90979403 , -8.203767 , 1.2470287
1.2008479 , -8.999438 , 1.2434243
0.6196973 , -1.9100642 , 0.5764307
0.47456753 , -2.3859942 , 0.57143605
0.40666902 , -3.8117588 , 0.5904543
0.3767834 , -5.935062 , 0.6186462
0.40496868 , -6.24277 , 0.8382637
0.49632186 , -4.0127225 , 0.73856103
0.62503254 , -2.4909422 , 0.66216254
0.85423195 , -1.8432479 , 0.5594035
0.53652227 , -1.9166411 , 0.5612934
0.4380076 , -2.9019809 , 0.5754528
0.38809025 , -4.6416044 , 0.59792954
0.3743318 , -7.1786 , 0.63260496
0.44718713 , -9.430588 , 0.83863103
0.44287723 , -9.2953205 , 0.84428936
0.3888797 , -8.022526 , 0.7096241
0.42635778 , -8.755963 , 0.85072535
0.42037717 , -8.621466 , 0.8580085
0.40545148 , -8.303108 , 0.7255578
0.36553344 , -7.7891226 , 0.7276616
0.42623302 , -8.756716 , 0.6015703
0.4328152 , -8.89105 , 0.60864735
0.38813105 , -8.032891 , 0.7520796
0.45229417 , -9.42471 , 0.6117096
0.45708248 , -9.55599 , 0.6161757
0.40295756 , -8.264209 , 0.76996225
0.45702064 , -10.091559 , 0.75013673
0.4450557 , -9.952019 , 0.8857809
0.36327058 , -7.793258 , 0.81899685
0.43455094 , -9.410133 , 0.89004546
0.43023944 , -9.274891 , 0.8932096
0.38867578 , -8.023902 , 0.79384434
0.41311124 , -8.737312 , 0.90100247
0.40657336 , -8.597263 , 0.9032066
0.40210557 , -8.237519 , 0.77672356
0.36169913 , -7.7250857 , 0.77290493
0.43667543 , -8.7294 , 0.6387428
0.24116232 , -7.1157885 , 1.2364817
0.43445277 , -9.094376 , 0.7603331
0.29242066 , -7.813189 , 1.0410004
0.3362027 , -7.3366375 , 1.1343615
0.38162234 , -7.7794785 , 0.8485219
0.4142486 , -8.214489 , 0.6292272
0.22306396 , -7.9995003 , 1.0635097
0.35140246 , -9.316395 , 0.9202608
0.37648496 , -8.165001 , 0.8910119
0.33932075 , -7.7239146 , 0.9960839
0.29625672 , -7.2862916 , 1.1750486
0.35634628 , -7.4976025 , 1.0183698
0.39447033 , -7.9322042 , 0.7431978
0.37799707 , -8.155229 , 0.8912948
0.3441852 , -7.740322 , 0.9836141
0.30367982 , -7.3176646 , 1.1593618
0.35422477 , -7.4559035 , 1.0414782
0.39109027 , -7.8697243 , 0.7635055
0.37902945 , -8.142868 , 0.8947844
0.34866005 , -7.753397 , 0.97152853
0.3107035 , -7.346394 , 1.1438693
0.3524577 , -7.417409 , 1.0646569
0.388046 , -7.8104515 , 0.78435844
0.3800001 , -8.131174 , 0.9029502
0.3527415 , -7.7631288 , 0.95984876
0.31734416 , -7.3725934 , 1.1285825
0.35103017 , -7.381928 , 1.0879178
0.38530207 , -7.7541194 , 0.8056569
0.40823942 , -8.102803 , 0.62176085
0.356399 , -7.7691207 , 0.9486374
0.32360882 , -7.3961973 , 1.1135168
0.34993556 , -7.349426 , 1.1112739
0.38285813 , -7.7010555 , 0.82732445
0.40158665 , -8.021482 , 0.62240624
0.3596163 , -7.771474 , 0.9379442
0.43422693 , -0.13315281 , 0.68329984
0.40287647 , -1.1874965 , 0.6871112
0.36092472 , -2.2270463 , 0.68174034
0.3152684 , -3.5863392 , 0.6617529
0.42831963 , -0.4250469 , 0.6879611
0.39250955 , -1.4724053 , 0.69158214
0.3495689 , -2.5620513 , 0.68257403
0.30273676 , -4.0647755 , 0.65900147
0.42063144 , -0.72188634 , 0.69306326
0.38166717 , -1.7632347 , 0.69549227
0.33775854 , -2.927532 , 0.6825024
0.43867835 , 0.14155458 , 0.6917834
0.41159332 , -1.0205065 , 0.6985456
0.37047014 , -2.064599 , 0.69854397
0.32527012 , -3.330103 , 0.68156123
0.43422022 , -0.17479606 , 0.6966348
0.401547 , -1.3188026 , 0.70415974
0.35895208 , -2.3829699 , 0.70055497
0.31188747 , -3.7762218 , 0.6797598
0.42761213 , -0.49760434 , 0.70202184
0.39078224 , -1.6168056 , 0.7095191
0.34705734 , -2.7259126 , 0.7014807
0.2978604 , -4.2722197 , 0.67706954
0.41936556 , -0.82235056 , 0.7080422
0.37951937 , -1.9173434 , 0.7142001
0.33463654 , -3.1012695 , 0.70139074
0.4402578 , 0.14004503 , 0.7037936
0.40979025 , -1.1447332 , 0.71458507
0.3678767 , -2.2260435 , 0.71784896
0.32143098 , -3.516544 , 0.7004076
0.43436837 , -0.21421894 , 0.70921963
0.3992063 , -1.461985 , 0.721314
0.3558593 , -2.5507457 , 0.72025204
0.30709824 , -3.978636 , 0.69863117
0.42663994 , -0.5727601 , 0.7154378
0.38793445 , -1.7741448 , 0.72774416
0.34337583 , -2.9005847 , 0.7213628
0.291572 , -4.493902 , 0.6960912
0.4174794 , -0.92941594 , 0.7225311
0.3762177 , -2.0847 , 0.7333767
0.33025485 , -3.2849877 , 0.72129357
0.4425989 , 0.14736536 , 0.71463454
0.40707242 , -1.278542 , 0.73031634
0.3641521 , -2.4004073 , 0.73781204
0.31622595 , -3.712781 , 0.7202667
0.43476543 , -0.25056693 , 0.7206867
0.39573574 , -1.6167078 , 0.73833853
0.35167515 , -2.7305434 , 0.740804
0.3008777 , -4.1916223 , 0.7185233
0.42542955 , -0.64993256 , 0.72784656
0.38384145 , -1.9441522 , 0.7460022
0.33861074 , -3.0859385 , 0.74227744
0.2838497 , -4.7279124 , 0.7162207
0.41493714 , -1.0425837 , 0.73617756
0.2975802 , -4.267225 , 0.8228363
0.21709843 , -6.370143 , 0.7940669
0.37989724 , -2.0096006 , 0.78417975
0.3303393 , -3.3697407 , 0.8237325
0.27912277 , -4.7311206 , 0.8238514
0.44119734 , -0.40884176 , 0.73822093
0.36223313 , -2.4545257 , 0.7990649
0.3174149 , -3.7294226 , 0.83241713
0.25701588 , -5.2725167 , 0.8223848
0.4162147 , -1.0557402 , 0.7516382
0.34637174 , -2.8606374 , 0.8127135
0.30378452 , -4.1072927 , 0.83982646
0.23083766 , -5.912899 , 0.81939405
0.39256653 , -1.6491709 , 0.7684585
0.3321251 , -3.2416947 , 0.8252025
0.28840593 , -4.5189757 , 0.8456528
0.2002978 , -6.6646256 , 0.8177494
0.37052414 , -2.1773548 , 0.78592825
0.31894007 , -3.611614 , 0.8367809
0.26996505 , -4.9831586 , 0.84925884
0.44531423 , -0.42305717 , 0.7249637
0.35107002 , -2.6469555 , 0.8022298
0.30609992 , -3.983948 , 0.84762067
0.24693608 , -5.523699 , 0.8496697
0.4138733 , -1.1401349 , 0.74067867
0.334272 , -3.0735075 , 0.8172476
0.29276073 , -4.372398 , 0.85774136
0.21806513 , -6.1706634 , 0.8463157
0.38512185 , -1.7822961 , 0.7604373
0.31954917 , -3.4731524 , 0.8314726
0.27788806 , -4.791711 , 0.8669486
0.18306898 , -6.952797 , 0.8416694
0.35990658 , -2.3420548 , 0.77980953
0.3061411 , -3.8605595 , 0.8453561
0.26011705 , -5.2590704 , 0.87469226
0.45111918 , -0.43308172 , 0.69860977
0.33883992 , -2.8358607 , 0.79753196
0.2932577 , -4.2493596 , 0.8591946
0.23753741 , -5.79671 , 0.8797216
0.41104499 , -1.2246572 , 0.7179753
0.32121274 , -3.2844055 , 0.81436884
0.2800653 , -4.6529818 , 0.8731486
0.20758499 , -6.4372325 , 0.8795437
0.37641054 , -1.9107028 , 0.74123615
0.3059988 , -3.7053246 , 0.83113736
0.26561004 , -5.0855145 , 0.88726676
0.1678988 , -7.2297506 , 0.87182647
0.34840035 , -2.4983518 , 0.7624273
0.29226476 , -4.113605 , 0.8483642
0.24869505 , -5.562811 , 0.90152645
0.45937264 , -0.4422892 , 0.65192187
0.32608762 , -3.0166745 , 0.78227925
0.27916875 , -4.5228243 , 0.8662848
0.22763292 , -6.1042447 , 0.91569734
0.34480906 , -0.7244718 , 0.6543698
0.29261428 , -1.6737127 , 0.6623856
0.4120131 , 0.54402894 , 0.65071684
0.38381478 , -0.14086321 , 0.6546577
0.33108222 , -0.9570127 , 0.6598366
0.27789682 , -1.9670659 , 0.66968244
0.41208056 , 0.3769123 , 0.6560192
0.3700825 , -0.34404573 , 0.65982634
0.31720957 , -1.2024264 , 0.66556984
0.26286364 , -2.286821 , 0.67779064
0.4056228 , 0.19901858 , 0.6612226
0.3559756 , -0.55853605 , 0.6650881
0.3030088 , -1.4626855 , 0.6717436
0.24793822 , -2.637986 , 0.6866477
0.39483416 , 0.010031651 , 0.6663882
0.34180787 , -0.78452486 , 0.6704698
0.28830528 , -1.7409724 , 0.67853516
0.23374107 , -3.025248 , 0.69616205
0.38168445 , -0.19009782 , 0.6715498
0.3276339 , -1.022524 , 0.67604727
0.27300593 , -2.041502 , 0.6860681
0.41191056 , 0.35291684 , 0.6736486
0.36743525 , -0.40128356 , 0.67673814
0.31333947 , -1.2737507 , 0.6819486
0.2571608 , -2.3690803 , 0.69438195
0.4044659 , 0.16473095 , 0.67893744
0.3528149 , -0.62343806 , 0.68199366
0.29872045 , -1.5404252 , 0.68833274
0.24104156 , -2.7286808 , 0.7034485
0.39289612 , -0.034751102 , 0.6841714
0.33817 , -0.85668737 , 0.68738455
0.28355587 , -1.8258505 , 0.6953497
0.22524692 , -3.1252348 , 0.7132094
0.37904036 , -0.24542014 , 0.6893568
0.3235695 , -1.1016775 , 0.6930188
0.26767063 , -2.1342328 , 0.7031034
0.41227904 , 0.33238453 , 0.692431
0.36414063 , -0.46686226 , 0.6945179
0.30888894 , -1.3598896 , 0.69903874
0.2509912 , -2.4703588 , 0.7116373
0.40339926 , 0.13041838 , 0.6977543
0.34893873 , -0.6986751 , 0.69971704
0.29388827 , -1.6338356 , 0.70559746
0.23364107 , -2.8393168 , 0.7209459
0.39069954 , -0.08276727 , 0.7029818
0.3337985 , -0.94083333 , 0.7050616
0.2782851 , -1.9270501 , 0.71282697
0.2161435 , -3.2463293 , 0.7309908
0.37588045 , -0.30681813 , 0.7081127
0.31879026 , -1.1940597 , 0.71069944
0.26181468 , -2.2438967 , 0.72081614
0.4132577 , 0.31655583 , 0.7123814
0.36015642 , -0.5409572 , 0.7131709
0.30376437 , -1.4601127 , 0.7167988
0.28416598 , -1.732715 , 0.8543464
0.22529577 , -2.87629 , 0.8557308
0.14784166 , -4.3387833 , 0.88846296
0.35570285 , -0.66088265 , 0.8742678
0.26414198 , -2.07983 , 0.85695183
0.20763102 , -3.2312734 , 0.8671704
0.11369984 , -4.8881774 , 0.9055958
0.3241757 , -1.0981382 , 0.87505144
0.24599312 , -2.4141335 , 0.861311
0.1876958 , -3.6221273 , 0.88122267
0.07419781 , -5.504993 , 0.9234005
0.29647237 , -1.5145433 , 0.87521243
0.22887312 , -2.744452 , 0.8679331
0.16400096 , -4.0623083 , 0.89773315
0.3908362 , -0.23095903 , 0.8976059
0.27246037 , -1.9050186 , 0.8757667
0.21188605 , -3.082226 , 0.8771753
0.13486467 , -4.56386 , 0.916238
0.3507189 , -0.7325997 , 0.89841133
0.25145373 , -2.2706866 , 0.87774295
0.19404498 , -3.440768 , 0.88933027
0.09868849 , -5.1356473 , 0.9360261
0.315602 , -1.2153891 , 0.89763784
0.23250268 , -2.618244 , 0.8818784
0.1741396 , -3.8349593 , 0.9046366
0.055064313 , -5.7822857 , 0.956356
0.28565642 , -1.6678383 , 0.89626706
0.21465781 , -2.9579844 , 0.88860947
0.15056647 , -4.280795 , 0.9231589
0.39166397 , -0.24331601 , 0.9216289
0.2602443 , -2.0850396 , 0.89569336
0.19703323 , -3.3022416 , 0.89823526
0.12122307 , -4.793979 , 0.94454664
0.3455749 , -0.8039041 , 0.920712
0.23819228 , -2.4701838 , 0.89710575
0.17872503 , -3.6648576 , 0.91106457
0.08366457 , -5.3870454 , 0.9678418
0.30666834 , -1.3360499 , 0.91787034
0.21827084 , -2.8323364 , 0.90116996
0.15864873 , -4.0614343 , 0.927479
0.03607965 , -6.065929 , 0.99163514
0.27456394 , -1.8260717 , 0.9146306
0.19944549 , -3.1833677 , 0.90818757
0.13528784 , -4.5097837 , 0.94786656
0.39314803 , -0.24876319 , 0.94280434
0.24781847 , -2.2704372 , 0.91289324
0.18085013 , -3.536277 , 0.91836053
0.10634907 , -5.029611 , 0.9723106
0.34028953 , -0.87450475 , 0.93953264
0.22464244 , -2.675787 , 0.91391677
0.16166247 , -3.9049556 , 0.93195707
0.068501845 , -5.6396956 , 0.9999797
0.29758248 , -1.4591233 , 0.93393683
0.20355316 , -3.0541162 , 0.91817665
0.1409556 , -4.304818 , 0.9494032
0.017854344 , -6.351318 , 1.0286486
0.2635703 , -1.9869769 , 0.92851216
0.1834742 , -3.418825 , 0.9258027
0.117469504 , -4.7539945 , 0.9713346
0.39536008 , -0.24712424 , 0.95900404
0.23557487 , -2.4581616 , 0.9257517
0.16356228 , -3.7833774 , 0.9369011
0.089150466 , -5.274735 , 0.99848604
0.33489376 , -0.9444285 , 0.9524742
0.21114604 , -2.8843968 , 0.9267501
0.14304191 , -4.161469 , 0.9516769
0.05230022 , -5.893257 , 1.0309676
0.28872815 , -1.5832322 , 0.94322205
0.18865608 , -3.2807946 , 0.93167156
0.12108477 , -4.5678115 , 0.97049916
0.0006737381 , -6.6329365 , 1.0664736
0.25322834 , -2.1473556 , 0.9354999
0.16704404 , -3.6619833 , 0.94049406
0.09666924 , -5.019453 , 0.99400556
0.39829883 , -0.2387391 , 0.96707505
0.22400102 , -2.644421 , 0.93220294
0.14548753 , -4.0417013 , 0.95327634
0.068259746 , -5.538095 , 1.0232965
0.32950854 , -1.0142539 , 0.95587236
0.19810885 , -3.0924957 , 0.9338442
0.12321764 , -4.4334216 , 0.97020406
0.03283245 , -6.15385 , 1.0599647
0.28083974 , -1.7060568 , 0.9419162
0.17395468 , -3.5092645 , 0.94023234
0.09941295 , -4.8511868 , 0.99161905
-0.016800448 , -6.90674 , 1.1041921
0.24430756 , -2.3026853 , 0.9324469
0.15053715 , -3.9100738 , 0.95125544
0.07310637 , -5.310696 , 1.0181055
-0.09534723 , -7.8253016 , 1.1473395
0.21368405 , -2.8248086 , 0.92970973
0.12704733 , -4.3087716 , 0.96697396
0.043025117 , -5.8311496 , 1.0507371
0.3246738 , -1.0854717 , 0.9436845
0.18603367 , -3.2963252 , 0.93318576
0.102702826 , -4.7186885 , 0.9876097
0.007094218 , -6.4393353 , 1.0917006
0.27528298 , -1.8228903 , 0.9247699
0.15992983 , -3.736244 , 0.94236624
0.07662877 , -5.153586 , 1.0137143
-0.039936088 , -7.1802735 , 1.145728
0.23783915 , -2.4469733 , 0.9158807
0.13448249 , -4.159948 , 0.95670986
0.04784381 , -5.6283464 , 1.0460888
-0.11873383 , -8.132447 , 1.2141374
0.20531723 , -2.9949052 , 0.91686904
0.10872052 , -4.5818233 , 0.9766088
0.014725152 , -6.161556 , 1.0877869
0.41483414 , 0.80799353 , 0.5547308
0.42307982 , 0.53019285 , 0.6411576
0.43305096 , 0.32588917 , 0.75045866
0.44028986 , 0.026242934 , 0.8422969
0.41483298 , 0.7450877 , 0.57241064
0.42537272 , 0.48673424 , 0.66575307
0.43648824 , 0.29675755 , 0.7780238
0.44196954 , -0.065254696 , 0.8371048
0.41655344 , 0.6816238 , 0.59232306
0.42804876 , 0.4513324 , 0.69149494
0.4405081 , 0.26761606 , 0.8042126
0.44156012 , -0.19135733 , 0.7984206
0.41901374 , 0.62403613 , 0.6139796
0.43119308 , 0.42372987 , 0.7182457
0.4451408 , 0.23441616 , 0.82652396
0.4073798 , 0.8490856 , 0.5520724
0.42177126 , 0.5750106 , 0.63709295
0.43493056 , 0.4032736 , 0.7457262
0.45040095 , 0.19155693 , 0.8405933
0.4091477 , 0.7860874 , 0.56920564
0.42474678 , 0.535551 , 0.6614865
0.43940473 , 0.38866714 , 0.7733237
0.4562853 , 0.1316563 , 0.8387412
0.41276008 , 0.7223102 , 0.5887611
0.42803258 , 0.5060097 , 0.6870414
0.4447694 , 0.3776201 , 0.79980457
0.46246058 , 0.04481826 , 0.80646783
0.4165976 , 0.66540974 , 0.6101516
0.43179464 , 0.48645917 , 0.71362835
0.4512042 , 0.36648685 , 0.82288206
0.39642817 , 0.8895818 , 0.54946387
0.4202796 , 0.61839926 , 0.63304347
0.43623176 , 0.4766524 , 0.7409974
0.45899147 , 0.34999147 , 0.8385361
0.40219542 , 0.82655257 , 0.56599
0.42390913 , 0.5824772 , 0.65723795
0.44155917 , 0.47575727 , 0.7686017
0.46876547 , 0.3211205 , 0.83971447
0.4087779 , 0.7622694 , 0.58519644
0.42772248 , 0.55823445 , 0.6826075
0.44800666 , 0.48197448 , 0.79532623
0.4822834 , 0.27149037 , 0.81324524
0.41423672 , 0.7057889 , 0.6063328
0.43198606 , 0.5460696 , 0.7090281
0.45584318 , 0.49212283 , 0.8190804
0.37956414 , 0.92897403 , 0.54681486
0.41880843 , 0.66045 , 0.6290103
0.4369716 , 0.5461473 , 0.73627657
0.46547586 , 0.5013006 , 0.83616364
0.3952174 , 0.86635166 , 0.56271327
0.42298263 , 0.6276278 , 0.6530098
0.44295052 , 0.5581176 , 0.76386684
0.47778624 , 0.50278604 , 0.84009176
0.4055505 , 0.8014928 , 0.5816249
0.42719457 , 0.6081384 , 0.67819524
0.45019388 , 0.5807083 , 0.790791
0.49536783 , 0.48872137 , 0.81883115
0.4124143 , 0.7452206 , 0.6025267
0.4318189 , 0.60270107 , 0.70444834
0.45898366 , 0.6112597 , 0.81514436
0.5256763 , 0.64289147 , 0.74274576
0.40894488 , 1.1045266 , 0.5744399
0.41008928 , 1.1022743 , 0.66874963
0.4527831 , 1.636562 , 0.7803136
0.5586571 , 2.772347 , 0.82369405
0.41902855 , 1.0269856 , 0.5266858
0.3984255 , 0.94737726 , 0.53119123
0.43485388 , 1.1342158 , 0.535566
0.431852 , 1.055312 , 0.54166377
0.42614043 , 0.9796063 , 0.5471268
0.41807362 , 0.901644 , 0.55232316
0.42066827 , 1.0873976 , 0.5571683
0.42450374 , 1.0178707 , 0.56281763
0.4252188 , 0.94558513 , 0.568532
0.4234144 , 0.86936164 , 0.57442343
0.42174438 , 0.78876173 , 0.58063096
0.4149647 , 1.0156827 , 0.58453166
0.42032385 , 0.9435716 , 0.59078705
0.42290774 , 0.86679935 , 0.5972166
0.42413974 , 0.7849013 , 0.6038423
0.4260023 , 0.6973605 , 0.6106347
0.4133181 , 0.9819849 , 0.6139046
0.4195362 , 0.9030772 , 0.6205659
0.42372742 , 0.81755996 , 0.6273467
0.42707682 , 0.72456276 , 0.6342315
0.405174 , 1.0708932 , 0.6373838
0.41468063 , 0.98849696 , 0.6440154
0.4217461 , 0.897129 , 0.65070933
0.42725372 , 0.7955982 , 0.65746224
0.43185693 , 0.6826429 , 0.6642713
0.4095886 , 1.1371156 , 0.6669054
0.41938987 , 1.0371162 , 0.6732682
0.42716113 , 0.9233544 , 0.6796294
0.43363813 , 0.7942926 , 0.68601364
0.4388102 , 0.64844865 , 0.6924492
0.4182957 , 1.2542009 , 0.6940394
0.42799017 , 1.1234508 , 0.699613
0.43630937 , 0.97249275 , 0.7051078
0.4434949 , 0.799661 , 0.71060073
0.42112556 , 1.5674593 , 0.7113552
0.4318013 , 1.4134779 , 0.71546286
0.44103977 , 1.2332115 , 0.71924204
0.44998094 , 1.0248349 , 0.7228292
0.45770583 , 0.787137 , 0.72640836
0.4422642 , 1.8111558 , 0.723718
0.4501643 , 1.5920302 , 0.7243539
0.45904356 , 1.3374623 , 0.7243258
0.46907428 , 1.0465559 , 0.72389376
0.4772894 , 0.71957123 , 0.7232803
0.46822664 , 2.0589283 , 0.7135448
0.47300065 , 1.7456197 , 0.7069325
0.48205984 , 1.3890858 , 0.6987222
0.4944485 , 0.99005747 , 0.6889774
0.5040866 , 2.6229239 , 0.67456007
0.49647442 , 2.237089 , 0.6557179
0.50031537 , 1.8044183 , 0.6324204
0.51015645 , 1.3277886 , 0.60435456
0.3777255 , 0.99941784 , 0.56241876
0.39986208 , 1.204285 , 0.56627566
0.4058479 , 1.1125606 , 0.569023
0.4047819 , 1.0328743 , 0.5734147
0.39670652 , 0.95564365 , 0.579955
0.38852087 , 0.8751343 , 0.5879864
0.40605462 , 1.0620753 , 0.5882792
0.40808648 , 0.99056673 , 0.59553415
0.40595698 , 0.91618997 , 0.6034539
0.40207297 , 0.83776695 , 0.6118712
0.40465194 , 1.0481821 , 0.6142203
0.41021562 , 0.9783495 , 0.62247103
0.4121536 , 0.90433234 , 0.6310601
0.41172224 , 0.82566875 , 0.6399659
0.4110264 , 0.7419583 , 0.64915806
0.41187823 , 1.0051506 , 0.6524337
0.4172549 , 0.9298996 , 0.66175133
0.4196624 , 0.8489056 , 0.67134297
0.4202638 , 0.7614443 , 0.68120956
0.4202208 , 0.6666721 , 0.6913317
0.42316782 , 1.0021812 , 0.6953285
0.42797643 , 0.9171234 , 0.70581776
0.4300625 , 0.8233286 , 0.7165669
0.43023032 , 0.7196474 , 0.7275664
0.43181068 , 1.1343275 , 0.7320339
0.43867397 , 1.0430994 , 0.74359
0.4419336 , 0.9399605 , 0.75537646
0.44250718 , 0.8234658 , 0.767376
0.44071054 , 0.6921551 , 0.7795576
0.45391852 , 1.2431387 , 0.784837
0.45770276 , 1.126742 , 0.797715
0.45814863 , 0.9925297 , 0.81070983
0.45592245 , 0.83879673 , 0.8237682
0.45061144 , 0.664033 , 0.8367885
0.47966367 , 1.4015616 , 0.84312826
0.47864246 , 1.2432997 , 0.8568506
0.47500694 , 1.0596788 , 0.8703686
0.46880734 , 0.8491323 , 0.8835275
0.5106506 , 1.7834243 , 0.8899476
0.5059851 , 1.5928237 , 0.9036113
0.49856654 , 1.3698282 , 0.9165383
0.49012324 , 1.1129371 , 0.92848533
0.47938246 , 0.8216235 , 0.93917847
0.54268277 , 2.054888 , 0.94585073
0.5270795 , 1.7806442 , 0.9558449
0.51317304 , 1.4650865 , 0.96377784
0.5008648 , 1.108242 , 0.9692776
0.48744497 , 0.7112952 , 0.97194093
0.5590117 , 2.288596 , 0.97378874
0.53479415 , 1.9020213 , 0.9712422
0.51691526 , 1.4696441 , 0.9640653
0.5058924 , 0.9934581 , 0.9517797
0.58803284 , 2.8498938 , 0.9387978
0.27385792 , -3.0857606 , 0.472917
0.27384353 , -3.0084522 , 0.47795823
0.31214815 , -3.631196 , 0.50073195
0.31270936 , -3.5864022 , 0.50549257
0.31327412 , -3.5478122 , 0.5103726
0.31335852 , -3.5151544 , 0.51573527
0.31336936 , -3.4881754 , 0.5212035
0.31306514 , -3.4666486 , 0.52695924
0.31265625 , -3.4503732 , 0.53280014
0.31203791 , -3.439156 , 0.53881323
0.31126904 , -3.4328103 , 0.5449264
0.3103101 , -3.4311593 , 0.55118793
0.30914125 , -3.4340465 , 0.55758435
0.3077118 , -3.4413545 , 0.5641744
0.3409479 , -4.2645574 , 0.5830812
0.33851448 , -4.3094363 , 0.5890611
0.33583272 , -4.3581 , 0.59511966
0.33286664 , -4.4102554 , 0.6012571
0.32959732 , -4.465645 , 0.6075219
0.3260091 , -4.5240283 , 0.61391854
0.3220921 , -4.5851774 , 0.6204986
0.31783324 , -4.648872 , 0.6272762
0.31321445 , -4.7148995 , 0.63431793
0.30821544 , -4.7830615 , 0.64165086
0.30279136 , -4.853179 , 0.6493671
0.29689533 , -4.9251113 , 0.6575092
0.31456158 , -6.0985827 , 0.6731152
0.30739784 , -6.2160697 , 0.6807717
0.2995541 , -6.334832 , 0.68884146
0.29095963 , -6.4545717 , 0.6975052
0.2816146 , -6.575036 , 0.7067187
0.27142426 , -6.6959915 , 0.71672755
0.2604379 , -6.817215 , 0.72742
0.24858727 , -6.938473 , 0.73905957
0.2360071 , -7.059519 , 0.751416
0.22287992 , -7.1800685 , 0.76456445
0.20947844 , -7.2997866 , 0.7780805
0.19638021 , -7.418247 , 0.79173344
0.20739113 , -9.112225 , 0.8233323
0.18905069 , -9.287125 , 0.8392678
0.17131649 , -9.46232 , 0.85670614
0.1511835 , -9.637601 , 0.8725343
0.13173787 , -9.813171 , 0.88946605
0.110273436 , -9.988873 , 0.90456444
0.08902184 , -10.163692 , 0.9206344
0.2988967 , -3.2690942 , 0.59176403
0.29231802 , -3.195835 , 0.5984713
0.2855551 , -3.1284552 , 0.60574055
0.27795017 , -3.067267 , 0.6137627
0.2702706 , -3.012303 , 0.62168604
0.29948333 , -3.6713433 , 0.6160464
0.2916219 , -3.6496778 , 0.6248245
0.28383204 , -3.6336482 , 0.63382876
0.2758453 , -3.6229687 , 0.6432705
0.26783362 , -3.6173975 , 0.6528464
0.2597207 , -3.6167138 , 0.66266865
0.25151232 , -3.6207078 , 0.6726136
0.24318643 , -3.629178 , 0.6827333
0.23468877 , -3.641932 , 0.6929657
0.22597162 , -3.6587913 , 0.70333534
0.21691766 , -3.6796 , 0.713791
0.20737927 , -3.7042398 , 0.7243166
0.2269162 , -4.596554 , 0.72020346
0.21576694 , -4.660252 , 0.7315445
0.20466419 , -4.7271414 , 0.7432653
0.19349508 , -4.7969327 , 0.7552932
0.18218538 , -4.869363 , 0.7676364
0.17065024 , -4.944188 , 0.78027594
0.15881474 , -5.0211763 , 0.7932652
0.14657961 , -5.100107 , 0.80660814
0.13382573 , -5.180766 , 0.8203915
0.12040974 , -5.2629533 , 0.834612
0.10610742 , -5.3464847 , 0.84936786
0.09066845 , -5.4312057 , 0.8645869
0.09655424 , -6.7151203 , 0.8647838
0.07960107 , -6.847588 , 0.8813504
0.062385228 , -6.9807844 , 0.8987437
0.044736426 , -7.1144614 , 0.91720295
0.026447386 , -7.2484097 , 0.9364974
0.0074236495 , -7.382443 , 0.95703423
-0.012505699 , -7.5163755 , 0.9784896
-0.033127964 , -7.6499877 , 1.001176
-0.054525353 , -7.782994 , 1.0245272
-0.07598155 , -7.91506 , 1.0485572
-0.09776014 , -8.045716 , 1.0726519
-0.1188064 , -8.174266 , 1.0967528
-0.13345397 , -10.001075 , 1.1040541
-0.16418286 , -10.18677 , 1.1262357
-0.19340612 , -10.372099 , 1.1487999
-0.22118568 , -10.556394 , 1.1690909
0.3127658 , -3.6798897 , 0.54598886
0.42485982 , 0.84875184 , 0.39985415
0.3550262 , -0.97477347 , 0.38707876
0.29507276 , -3.1379025 , 0.37501425
0.47173116 , 2.0553064 , 0.40689832
0.40707198 , 0.42792046 , 0.39716956
0.34023753 , -1.4900926 , 0.38349393
0.28370273 , -3.746987 , 0.3725322
0.45928472 , 1.6727337 , 0.4054026
0.38985798 , -0.016254274 , 0.394143
0.32660148 , -2.0347078 , 0.3800403
0.273811 , -4.3795853 , 0.37051135
0.4431162 , 1.2787558 , 0.4036135
0.37360162 , -0.48655036 , 0.3908737
0.31409007 , -2.6082435 , 0.37682015
0.2662847 , -5.033899 , 0.36897603
0.4257702 , 0.8690548 , 0.4014491
0.35851893 , -0.98490405 , 0.3874799
0.3026832 , -3.209809 , 0.373926
0.47303116 , 2.0659347 , 0.4103252
0.40847588 , 0.43945014 , 0.39889646
0.3447026 , -1.5124611 , 0.3840686
0.2924169 , -3.838083 , 0.3714378
0.4608075 , 1.6786548 , 0.4090277
0.39186755 , -0.013669686 , 0.39602807
0.3321535 , -2.0697403 , 0.38073286
0.28347477 , -4.491416 , 0.36941963
0.44452518 , 1.2807645 , 0.40731272
0.3763305 , -0.49302912 , 0.3929581
0.32081845 , -2.6567583 , 0.37756488
0.27651832 , -5.167967 , 0.3679216
0.427278 , 0.8669973 , 0.4051691
0.36209434 , -1.0004369 , 0.3897903
0.31063384 , -3.2730508 , 0.3746666
0.27367982 , -5.865861 , 0.36696544
0.41029587 , 0.43267927 , 0.40264827
0.3492578 , -1.5370207 , 0.38659424
0.301571 , -3.917641 , 0.372146
0.4640161 , 1.6468598 , 0.4151143
0.3941679 , -0.025833663 , 0.39987883
0.33781394 , -2.1035147 , 0.38341954
0.2937005 , -4.589051 , 0.37010285
0.44722807 , 1.2510887 , 0.41331226
0.37926748 , -0.51095384 , 0.39699987
0.3276878 , -2.7003849 , 0.38033015
0.28744003 , -5.2854066 , 0.3686209
0.4297407 , 0.8384187 , 0.41103977
0.36582103 , -1.0240842 , 0.39409533
0.31877738 , -3.327741 , 0.37742844
0.28466162 , -6.0046225 , 0.36776006
0.4128175 , 0.4037414 , 0.40843642
0.35391828 , -1.5661288 , 0.3911808
0.31099206 , -3.985129 , 0.37485418
0.4694947 , 1.5730461 , 0.42368045
0.39698738 , -0.05639318 , 0.40570873
0.37036413 , -5.327507 , 0.5066194
0.5485853 , -0.8630694 , 0.4821669
0.43560204 , -1.8439363 , 0.49803102
0.38447082 , -3.5780072 , 0.51530635
0.37320107 , -6.02269 , 0.51382273
0.5146382 , -1.1108482 , 0.48334172
0.4226145 , -2.2677538 , 0.50970805
0.3791783 , -4.128135 , 0.5276813
0.3766105 , -6.7834487 , 0.5191678
0.48954335 , -1.4042126 , 0.4951759
0.4114713 , -2.7161152 , 0.5230884
0.3755596 , -4.7066197 , 0.5412299
0.40446222 , 0.91109896 , 0.54102606
0.4006853 , 0.31148526 , 0.55416054
0.3593834 , -0.65046686 , 0.5637859
0.3234338 , -1.8151278 , 0.56715095
0.41649857 , 0.8229243 , 0.5409525
0.39122915 , 0.11671103 , 0.5551614
0.35077056 , -0.9250015 , 0.56332
0.31816137 , -2.1351976 , 0.5664367
0.4165235 , 0.70955026 , 0.54239935
0.38163647 , -0.10518771 , 0.55600023
0.34278184 , -1.2172179 , 0.56269395
0.3152249 , -2.4729495 , 0.5666065
0.41119808 , 0.56578416 , 0.5441639
0.37228245 , -0.352413 , 0.556599
0.33555546 , -1.5257319 , 0.5620029
0.31533596 , -2.8333297 , 0.5676165
0.40329263 , 0.39054167 , 0.54596585
0.36337918 , -0.6228347 , 0.5569338
0.32936206 , -1.8498304 , 0.561376
0.41306022 , 0.93333775 , 0.533002
0.3942773 , 0.1844643 , 0.5476338
0.355057 , -0.9143174 , 0.55702233
0.32468972 , -2.1899478 , 0.5610397
0.41641733 , 0.8129103 , 0.534587
0.33165696 , -1.8990866 , 0.55888444
0.41209808 , 0.9866887 , 0.5306573
0.39496487 , 0.19884685 , 0.54460114
0.35641864 , -0.9364724 , 0.55435497
0.32736593 , -2.2510653 , 0.5587247
0.4162034 , 0.8559904 , 0.5319212
0.38580528 , -0.04578649 , 0.54625314
0.34901774 , -1.2579788 , 0.5544623
0.32523873 , -2.621276 , 0.5589248
0.41300616 , 0.6930777 , 0.53419226
0.37682834 , -0.31802043 , 0.5476149
0.34250236 , -1.5977995 , 0.55444306
0.32610133 , -3.0102994 , 0.5591394
0.40623966 , 0.49625394 , 0.53661644
0.36832446 , -0.61556053 , 0.54868394
0.33711812 , -1.9551975 , 0.5544212
0.40945876 , 1.135035 , 0.52762663
0.39788315 , 0.26654887 , 0.5389101
0.36047456 , -0.936244 , 0.5494828
0.33324087 , -2.3302875 , 0.5545275
0.41605026 , 0.98025215 , 0.5278096
0.38902467 , 0.005888104 , 0.5409704
0.3534168 , -1.2781947 , 0.550058
0.33141682 , -2.7235084 , 0.55474347
0.41447768 , 0.7976462 , 0.5296009
0.38028014 , -0.28353235 , 0.5427608
0.34730038 , -1.6399763 , 0.5504833
0.33257216 , -3.1342857 , 0.5548389
0.40863335 , 0.5829363 , 0.53196925
0.3720085 , -0.5995172 , 0.54427695
0.3423319 , -2.02073 , 0.5508537
0.40877858 , 1.3037119 , 0.52598685
0.40078673 , 0.33579385 , 0.53442246
0.36442983 , -0.9400234 , 0.5455361
0.33882087 , -2.4201035 , 0.55123246
0.416675 , 1.1189207 , 0.5255526
0.3922327 , 0.057484828 , 0.536759
0.45751134 , 1.8722457 , 0.5272902
0.41673234 , 0.29034567 , 0.53321606
0.38279852 , -1.5504578 , 0.5460862
0.37018695 , -3.673657 , 0.55551267
0.45246813 , 1.5098423 , 0.52807057
0.4079916 , -0.13484961 , 0.5367335
0.3787035 , -2.0707812 , 0.54983985
0.3730209 , -4.267858 , 0.55786014
0.44383317 , 1.13295 , 0.52972925
0.40011075 , -0.58694637 , 0.54067504
0.37601265 , -2.618069 , 0.5534384
0.37962833 , -4.8811564 , 0.5600431
0.43387255 , 0.7384234 , 0.53221816
0.3933397 , -1.0673524 , 0.5448776
0.37485307 , -3.1908896 , 0.5568231
0.47254986 , 1.9445721 , 0.52895254
0.42387772 , 0.3228979 , 0.53545755
0.38782835 , -1.5766535 , 0.5491924
0.3754485 , -3.7875473 , 0.55996865
0.46537897 , 1.5678829 , 0.52988577
0.41454008 , -0.11676453 , 0.5393233
0.3836836 , -2.1147013 , 0.553495
0.3782941 , -4.4062424 , 0.5628894
0.45489004 , 1.1780732 , 0.5318263
0.40622273 , -0.58307844 , 0.54365975
0.38100594 , -2.680744 , 0.5576858
0.38461512 , -5.045236 , 0.5656372
0.443486 , 0.7714156 , 0.5346792
0.39911482 , -1.077734 , 0.5483082
0.37991476 , -3.2735562 , 0.5616921
0.49075103 , 1.98438 , 0.5308044
0.43241554 , 0.34414974 , 0.53832537
0.39332965 , -1.601602 , 0.5531278
0.3805861 , -3.8915734 , 0.5654728
0.48098534 , 1.5985425 , 0.5319576
0.42228028 , -0.107086256 , 0.54261595
0.38896498 , -2.1548524 , 0.5580001
0.38338235 , -4.533035 , 0.5690253
0.46817964 , 1.2005948 , 0.5342808
0.4133468 , -0.5849085 , 0.5473889
0.38613006 , -2.7370734 , 0.5628235
0.38931835 , -5.196135 , 0.5723906
0.45498863 , 0.7860506 , 0.5376138
0.40572286 , -1.0910796 , 0.5524983
0.38494986 , -3.3473537 , 0.56751066
0.51249653 , 1.9855456 , 0.5326994
0.4425896 , 0.35073027 , 0.5417732
0.39947227 , -1.626623 , 0.55782944
0.38557014 , -3.9843473 , 0.5719966
0.49965346 , 1.5965786 , 0.5341734
0.43145356 , -0.1088208 , 0.5465648
0.3946799 , -2.1920063 , 0.5632899
0.38823238 , -4.6463723 , 0.5762529
0.4840091 , 1.1959229 , 0.5370103
0.42171738 , -0.5950869 , 0.55181277
0.39146996 , -2.7872422 , 0.5687888
0.3936868 , -5.3315506 , 0.5803016
0.4686563 , 0.77821034 , 0.5409585
0.41338453 , -1.1096596 , 0.5573925
0.38998944 , -3.4118662 , 0.57422733
0.5381712 , 1.9430352 , 0.53449607
0.45466495 , 0.33887884 , 0.54574645
0.40645576 , -1.6535506 , 0.5632346
0.3903791 , -4.0648794 , 0.5795083
0.52177125 , 1.5576143 , 0.5364248
0.44231978 , -0.12542896 , 0.5511174
0.40099698 , -2.2274828 , 0.56929463
0.39278594 , -4.744747 , 0.58456326
0.50270116 , 1.1601142 , 0.5399315
0.4315865 , -0.61678016 , 0.55687726
0.3971493 , -2.8319688 , 0.5755114
0.39766634 , -5.4495187 , 0.5893828
0.48477912 , 0.74420846 , 0.5446484
0.4223405 , -1.1363176 , 0.5629338
0.3950973 , -3.4671586 , 0.58178335
0.40720388 , -6.1770406 , 0.594021
0.46892014 , 0.3050564 , 0.5501895
0.41450736 , -1.6848502 , 0.5692825
0.39500934 , -4.132587 , 0.5879766
0.547784 , 1.4767084 , 0.5385165
0.4551491 , -0.16033384 , 0.5562183
0.4081243 , -2.2632813 , 0.57594764
0.39698327 , -4.827002 , 0.59396374
0.5246168 , 1.088824 , 0.5428902
0.44321215 , -0.6532665 , 0.562526
0.4033422 , -2.8726666 , 0.58292025
0.40119368 , -5.548404 , 0.59968144
0.5036798 , 0.68003196 , 0.54856074
0.43283692 , -1.1741414 , 0.5690703
0.40038884 , -3.513934 , 0.5901169
0.4093078 , -6.2943125 , 0.6051699
0.48566204 , 0.2454129 , 0.55499536
0.42386723 , -1.723377 , 0.57592845
0.39949384 , -4.1874127 , 0.5973742
0.57817346 , 1.3499482 , 0.5402153
0.4702301 , -0.2172668 , 0.5617656
0.41630018 , -2.301951 , 0.58320737
0.4007726 , -4.8923874 , 0.6044877
0.5501303 , 0.9784725 , 0.5456813
0.4568581 , -0.7081269 , 0.5686658
0.41027564 , -2.91143 , 0.59097
0.4041874 , -5.626921 , 0.61129963
0.5256971 , 0.58219194 , 0.5525167
0.44511786 , -1.2265424 , 0.5757329
0.40604955 , -3.5536156 , 0.5991846
0.41063756 , -6.388114 , 0.6178013
0.505214 , 0.15642026 , 0.55999565
0.43477556 , -1.7723968 , 0.58313864
0.40393054 , -4.229922 , 0.6076912
0.61352533 , 1.172793 , 0.5411064
0.48785588 , -0.29976058 , 0.5675916
0.42577758 , -2.3466198 , 0.5910719
0.40413082 , -4.940595 , 0.61620903
0.57966244 , 0.8250447 , 0.5479347
0.47277737 , -0.78479964 , 0.5751478
0.41822177 , -2.9511452 , 0.599675
0.4065405 , -5.6840916 , 0.6244319
0.55121076 , 0.44684047 , 0.5561886
0.45940706 , -1.2968495 , 0.5828238
0.4123493 , -3.5885754 , 0.60900325
0.41120103 , -6.45707 , 0.63221854
0.52793175 , 0.034231815 , 0.5648735
0.44744956 , -1.8352184 , 0.59089094
0.40852442 , -4.2615895 , 0.61896616
0.6545466 , 0.941688 , 0.54057395
0.50832736 , -0.4115608 , 0.573384
0.4367939 , -2.400685 , 0.5996021
0.40711272 , -4.971958 , 0.62926126
0.61365855 , 0.62527907 , 0.549078
0.49120823 , -0.88679665 , 0.58170617
0.42746398 , -2.9953067 , 0.6091654
0.40813285 , -5.7192607 , 0.63939923
0.5806286 , 0.27059525 , 0.55904675
0.47590154 , -1.3883833 , 0.590176
0.41962656 , -3.6221778 , 0.61973816
0.4109678 , -6.5000315 , 0.64895505
0.5541837 , -0.12472867 , 0.56909406
0.46207154 , -1.9151522 , 0.59915423
0.413622 , -4.2851043 , 0.6313741
0.7022353 , 0.6522242 , 0.5375216
0.53192204 , -0.55612487 , 0.57861954
0.4495441 , -2.4676661 , 0.60892874
0.4099374 , -4.9878087 , 0.6438867
0.652643 , 0.37538743 , 0.54810715
0.5123472 , -1.0172626 , 0.5879177
0.43824857 , -3.0478296 , 0.61974347
0.40890077 , -5.732187 , 0.6566852
0.6144275 , 0.04954906 , 0.5601695
0.49475303 , -1.504087 , 0.5975388
0.42822954 , -3.6587453 , 0.6318316
0.4097752 , -6.5158563 , 0.6688819
0.58435166 , -0.32446083 , 0.5717197
0.47877207 , -2.0151684 , 0.607898
0.41969723 , -4.3047442 , 0.6454112
0.7582194 , 0.30034313 , 0.53006727
0.5588712 , -0.73698044 , 0.582435
0.46415606 , -2.5508118 , 0.6192881
0.41309553 , -4.9912558 , 0.6605766
0.6972288 , 0.072069116 , 0.54335725
0.53633386 , -1.1791698 , 0.5931542
0.45073313 , -3.1125402 , 0.6319568
0.40902886 , -5.7235985 , 0.6769593
0.65315014 , -0.22016218 , 0.5580212
0.5160596 , -1.6466625 , 0.60460055
0.43841463 , -3.7030134 , 0.64615583
0.40731403 , -6.5032034 , 0.69327015
0.61874765 , -0.56884426 , 0.57119477
0.49762383 , -2.1379554 , 0.6171787
0.42722243 , -4.3262424 , 0.6621848
0.4058264 , -7.322076 , 0.70792264
0.58927804 , -0.9571083 , 0.5835909
0.4806851 , -2.6530218 , 0.63115007
0.41735205 , -4.988093 , 0.6804195
0.7482902 , -0.28898522 , 0.53186345
0.5632009 , -1.3749063 , 0.596741
0.46497035 , -3.192852 , 0.646722
0.40928268 , -5.696741 , 0.7011551
0.6974439 , -0.5438416 , 0.54986733
0.5398285 , -1.8183221 , 0.6113251
0.45027414 , -3.7594035 , 0.6641002
0.4034768 , -6.460745 , 0.7236407
0.657471 , -0.8620304 , 0.56508267
0.5186178 , -2.285748 , 0.6275972
0.43645528 , -4.355798 , 0.68355644
0.39601994 , -7.278468 , 0.74450547
0.6230344 , -1.2189599 , 0.5810294
0.4991109 , -2.7766995 , 0.6456391
0.42342797 , -4.9868636 , 0.70554036
0.80726355 , -0.7131004 , 0.5076695
0.5928214 , -1.6063002 , 0.5992586
0.48092762 , -3.2915392 , 0.66547996
0.41114753 , -5.660398 , 0.73088944
0.74762326 , -0.9299257 , 0.5299773
0.5659493 , -2.0206466 , 0.61967987
0.4637549 , -3.831448 , 0.68720657
0.3995284 , -6.38984 , 0.76099205
0.6999096 , -1.2080028 , 0.5526742
0.54168063 , -2.4600403 , 0.64178026
0.44733214 , -4.3985605 , 0.71110046
0.3853043 , -7.1935425 , 0.79460835
0.65962756 , -1.5247072 , 0.5802118
0.5193892 , -2.9233787 , 0.6650417
0.4314051 , -4.9962454 , 0.737733
0.42259195 , 0.998929 , 0.5167161
0.4521103 , 1.9267808 , 0.4738107
0.49883717 , 2.0850964 , 0.47316915
0.63933986 , 0.613376 , 0.511031
0.42850125 , 1.2145964 , 0.503017
0.4596358 , 2.101607 , 0.46949437
0.521318 , 1.9118181 , 0.48014298
0.7021527 , -0.0032473882 , 0.5134252
0.43556193 , 1.4694303 , 0.4914968
0.46897504 , 2.2136314 , 0.46774837
0.55103517 , 1.6322569 , 0.4894422
0.7841251 , -0.745399 , 0.49379724
0.4428808 , 1.727004 , 0.48216018
0.4812556 , 2.2465906 , 0.46875578
0.5896374 , 1.2416071 , 0.50015396
0.41378853 , 0.99548596 , 0.5194258
0.45030105 , 1.9621866 , 0.47503322
0.4977673 , 2.1878526 , 0.47255045
0.6391583 , 0.73788714 , 0.51001924
0.42154363 , 1.2118053 , 0.50537306
0.45831063 , 2.1534855 , 0.47027305
0.5199476 , 2.0259287 , 0.47907165
0.70274997 , 0.1162628 , 0.51403326
0.43083382 , 1.4744108 , 0.4936575
0.4678069 , 2.2827253 , 0.46819094
0.5492653 , 1.7544165 , 0.48816025
0.7711508 , -0.6369476 , 0.5008107
0.43982854 , 1.7436649 , 0.48372757
0.47998217 , 2.3322299 , 0.46855423
0.5873184 , 1.3674897 , 0.49853706
0.40089536 , 0.9935592 , 0.52263796
0.44827762 , 1.9935219 , 0.47646534
0.49617064 , 2.2887385 , 0.47213256
0.635825 , 0.8635459 , 0.5090656
0.41273946 , 1.2077407 , 0.5080147
0.45680028 , 2.2013278 , 0.47120047
0.5178547 , 2.1391034 , 0.47814226
0.6970008 , 0.23725322 , 0.5144286
0.42564696 , 1.4767368 , 0.49524575
0.46641254 , 2.3482163 , 0.4682091
0.5464778 , 1.8766832 , 0.48634255
0.7728612 , -0.5241724 , 0.50450325
0.43674374 , 1.7567371 , 0.48686662
0.4784014 , 2.4148824 , 0.46972805
0.5835328 , 1.4942139 , 0.49846917
0.38015664 , 0.99743146 , 0.518261
0.44628134 , 2.0208282 , 0.47579736
-0.2811513 , -12.529675 , 0.9686162
0.17146474 , -7.381001 , 0.93152916
-0.10251705 , -10.807019 , 0.9162139
-0.44409683 , -14.097044 , 1.029363
0.06352634 , -8.985956 , 0.9004607
-0.25607738 , -12.414043 , 0.9550052
-0.6181035 , -15.672926 , 1.1036183
-0.07761067 , -10.652678 , 0.90959007
-0.418439 , -14.003397 , 1.0117844
0.086768016 , -8.791348 , 0.90339416
-0.23078367 , -12.287757 , 0.9427203
-0.5914072 , -15.595341 , 1.083112
-0.052936103 , -10.490152 , 0.9047321
-0.39233428 , -13.898572 , 0.9950425
0.10886753 , -8.592101 , 0.909176
-0.20551793 , -12.152411 , 0.9319373
-0.56409174 , -15.506395 , 1.0631083
-0.0287633 , -10.321492 , 0.9016313
-0.36598578 , -13.783846 , 0.9793072
0.1290782 , -8.391656 , 0.9195282
-0.18055543 , -12.009777 , 0.9228303
-0.53631985 , -15.40717 , 1.043724
-0.0054035936 , -10.149059 , 0.90018505
-0.3396124 , -13.660609 , 0.9647625
0.1458939 , -8.195532 , 0.9403871
-0.15621085 , -11.861817 , 0.9155562
-0.5082528 , -15.298794 , 1.0250627
0.01673165 , -9.975687 , 0.9001799
-0.31344834 , -13.530374 , 0.95161194
-0.68848884 , -16.940842 , 1.1011761
-0.13286304 , -11.710731 , 0.91023237
-0.48005363 , -15.182455 , 1.0072609
0.03711388 , -9.805005 , 0.90128917
-0.28773853 , -13.394775 , 0.94007874
-0.6580726 , -16.834698 , 1.0794959
-0.110978305 , -11.559019 , 0.90691334
-0.4518723 , -15.0594635 , 0.99048764
0.054474525 , -9.6424265 , 0.90328634
-0.26270682 , -13.255629 , 0.93040496
-0.6273835 , -16.721254 , 1.0588005
-0.09120371 , -11.409726 , 0.9055865
-0.42379954 , -14.931137 , 0.974944
0.06709188 , -9.49771 , 0.90731055
-0.2384406 , -13.114692 , 0.9228463
-0.5965326 , -16.601686 , 1.0389463
-0.074204765 , -11.265928 , 0.9062276
-0.39577907 , -14.799119 , 0.96086025
0.0640001 , -9.392742 , 0.924915
-0.21454354 , -12.974575 , 0.91765916
-0.56560427 , -16.477005 , 1.0199705
0.38054264 , -1.0152236 , 0.970595
0.31915072 , -1.4341179 , 1.2217817
0.23091939 , -2.1332147 , 1.4601648
0.34769717 , -1.3184388 , 1.0868833
0.2709083 , -1.900865 , 1.3215175
0.35387444 , -1.3050959 , 0.9324884
0.30601004 , -1.7084717 , 1.1920788
0.21956548 , -2.4061177 , 1.4274771
0.33020228 , -1.6053485 , 1.0540415
0.25872314 , -2.1673803 , 1.2919426
0.32743952 , -1.54763 , 0.8938539
0.29176453 , -1.9774923 , 1.1619278
0.20697701 , -2.6738288 , 1.395879
0.31162134 , -1.8781217 , 1.0202141
0.24565947 , -2.4278793 , 1.2625407
0.30403575 , -1.7351805 , 0.8602373
0.27702418 , -2.239292 , 1.1311535
0.19375078 , -2.9350681 , 1.3649981
0.29236925 , -2.125401 , 0.98581064
0.23225681 , -2.6811035 , 1.2331371
0.137543 , -3.4760323 , 1.4748672
0.2620233 , -2.4900177 , 1.0996536
0.1803451 , -3.1886833 , 1.3346397
0.27355504 , -2.3360136 , 0.9520128
0.21886888 , -2.9255843 , 1.203556
0.12312494 , -3.7387965 , 1.442452
0.24689463 , -2.723947 , 1.0675485
0.16709496 , -3.433399 , 1.3046541
0.25659674 , -2.504016 , 0.9206055
0.20569107 , -3.1590378 , 1.1736381
0.10894209 , -3.992524 , 1.4106828
0.23194912 , -2.9337046 , 1.0353312
0.15423675 , -3.6678967 , 1.274905
0.24249566 , -2.628682 , 0.8943984
0.19283913 , -3.378307 , 1.1433132
0.09525571 , -4.2358656 , 1.37945
0.2178138 , -3.1125731 , 1.003875
0.14192733 , -3.890524 , 1.2452651
0.23162012 , -2.713544 , 0.87924296
0.1804408 , -3.5790646 , 1.1126915
0.08225694 , -4.4675307 , 1.348655
0.20525146 , -3.2559018 , 0.97426134
0.1302752 , -4.099256 , 1.2156312
0.015858907 , -5.089068 , 1.4571278
0.16874346 , -3.7565138 , 1.082141
0.07008647 , -4.6861286 , 1.3182302
0.19489357 , -3.3622954 , 0.9476633
0.119370855 , -4.2914414 , 1.1859616
0.002183051 , -5.324577 , 1.4257276
0.15812941 , -3.906075 , 1.0522726
0.058848906 , -4.890159 , 1.2881188
0.18704951 , -3.432759 , 0.92560357
0.10933571 , -4.463969 , 1.1563293
-0.010449054 , -5.5457344 , 1.394396
0.14905013 , -4.024553 , 1.0238411
0.048626013 , -5.0778365 , 1.2582812
0.18174486 , -3.4701698 , 0.91059226
0.10035167 , -4.613441 , 1.1269668
-0.021910913 , -5.7512503 , 1.3633206
0.14188996 , -4.110403 , 0.9976347
0.039498508 , -5.2471194 , 1.228716
0.17887686 , -3.4779012 , 0.905962
0.09266833 , -4.7367997 , 1.0982695
-0.032110758 , -5.9397726 , 1.3325866
0.13688047 , -4.163961 , 0.97445077
0.03156417 , -5.395683 , 1.1994896
-0.11272183 , -6.682063 , 1.4405303
0.08655774 , -4.8316994 , 1.070751
-0.040977582 , -6.1098776 , 1.3022546
0.1340646 , -4.186757 , 0.9552224
0.024954272 , -5.521188 , 1.170759
-0.12339132 , -6.8766537 , 1.4094625
0.08225929 , -4.8969903 , 1.0449767
-0.04844826 , -6.259992 , 1.2723887
0.13335046 , -4.1813283 , 0.94122165
0.019827124 , -5.6214795 , 1.1427792
-0.13249391 , -7.0521684 , 1.3783746
0.07991936 , -4.932621 , 1.0215178
-0.05445303 , -6.3884807 , 1.2430799
0.1345798 , -4.1504836 , 0.9339406
0.016349653 , -5.6949773 , 1.1158894
-0.13997361 , -7.2075086 , 1.3475626
0.07957618 , -4.939662 , 1.0009544
-0.058910128 , -6.4936986 , 1.2144632
-0.23579903 , -8.073231 , 1.4545742
0.014660713 , -5.740791 , 1.0904819
-0.14579114 , -7.3415823 , 1.3172295
0.0811598 , -4.919851 , 0.9839337
-0.06172631 , -6.574224 , 1.1867256
-0.24358127 , -8.237125 , 1.4242436
0.014845931 , -5.758911 , 1.0669719
-0.1499137 , -7.4532785 , 1.2875433
0.084530555 , -4.875555 , 0.97122824
-0.062811196 , -6.628968 , 1.1601031
-0.24947436 , -8.379459 , 1.3934484
0.0169165 , -5.750038 , 1.0457827
-0.15230674 , -7.541561 , 1.2586668
0.08950948 , -4.809332 , 0.9636273
-0.062092554 , -6.6573834 , 1.1348693
-0.2534734 , -8.499567 , 1.3628262
0.020814514 , -5.7155924 , 1.0273548
-0.15293528 , -7.6055217 , 1.2307748
0.095921084 , -4.724074 , 0.9613961
-0.0595366 , -6.659465 , 1.111322
-0.25558853 , -8.596856 , 1.332727
0.026418751 , -5.657411 , 1.0121771
-0.1517677 , -7.644527 , 1.2040601
-0.37019482 , -9.630573 , 1.4383373
-0.05515501 , -6.635826 , 1.089771
-0.25583637 , -8.67078 , 1.3034153
0.03356981 , -5.5777802 , 1.0008075
-0.14878787 , -7.6582665 , 1.1787343
-0.3720228 , -9.737408 , 1.4081101
-0.04901092 , -6.587551 , 1.0705357
-0.2542362 , -8.7209215 , 1.2751124
0.042081997 , -5.4791546 , 0.99380285
-0.14400218 , -7.6468554 , 1.1550225
-0.37181452 , -9.821308 , 1.3779186
-0.041209135 , -6.5162163 , 1.0539538
-0.25081205 , -8.74701 , 1.2480202
0.05176436 , -5.3643036 , 0.99140686
-0.13744918 , -7.610791 , 1.1331593
-0.36964077 , -9.882225 , 1.3482509
-0.031891413 , -6.4236937 , 1.0404019
-0.2455964 , -8.749019 , 1.2223351
0.06242703 , -5.2360516 , 0.99289614
-0.12919876 , -7.5510015 , 1.1133848
-0.36557642 , -9.920169 , 1.3194596
-0.021220002 , -6.312214 , 1.0303168
-0.23863709 , -8.727164 , 1.1982538
-0.49848643 , -11.124355 , 1.4220077
-0.11935272 , -7.4687276 , 1.0959451
-0.35969773 , -9.935264 , 1.291816
-0.009374671 , -6.184191 , 1.0241824
-0.23000033 , -8.681964 , 1.1759754
-0.49346033 , -11.172089 , 1.3924052
-0.108035095 , -7.3655605 , 1.0810965
-0.35208514 , -9.927753 , 1.2655468
0.0034570359 , -6.0423646 , 1.0223981
-0.2197742 , -8.614186 , 1.155702
-0.48653233 , -11.197959 , 1.3632851
-0.095389 , -7.243324 , 1.0691196
-0.34282568 , -9.898059 , 1.2408566
0.017073752 , -5.889632 , 1.0248569
-0.2080658 , -8.524883 , 1.1376362
-0.47783068 , -11.20245 , 1.3350798
-0.08156499 , -7.1041493 , 1.0603412
-0.33201748 , -9.846763 , 1.217942
-0.62661535 , -12.533054 , 1.4349416
-0.19499953 , -8.415307 , 1.1219802
-0.46747917 , -11.186119 , 1.3081018
-0.06672019 , -6.9503803 , 1.0551641
-0.31977192 , -9.774651 , 1.1969979
-0.61636674 , -12.545649 , 1.4060857
-0.18070932 , -8.286954 , 1.1089343
-0.45560113 , -11.149602 , 1.2825978
-0.05101324 , -6.7847257 , 1.0540849
-0.30621514 , -9.682667 , 1.1782212
-0.60440433 , -12.538511 , 1.3775139
-0.16533396 , -8.141485 , 1.0987011
-0.44232196 , -11.093654 , 1.2587829
-0.034615777 , -6.6101894 , 1.0576297
-0.29148576 , -9.571934 , 1.1618104
-0.59089535 , -12.512467 , 1.3498638
-0.14900726 , -7.980815 , 1.0914993
-0.42777413 , -11.019147 , 1.2368611
-0.017738994 , -6.430315 , 1.0658522
-0.27573434 , -9.443701 , 1.1479609
-0.5759956 , -12.468382 , 1.3234743
-0.13185377 , -7.807067 , 1.0875974
-0.4120986 , -10.9270935 , 1.2170354
-0.7383504 , -13.932103 , 1.4191552
-0.25911707 , -9.299369 , 1.1368598
-0.5598531 , -12.407157 , 1.298599
-0.11397861 , -7.622745 , 1.0873916
-0.3954486 , -10.818633 , 1.1995147
-0.7213135 , -13.894649 , 1.3909831
-0.24179274 , -9.140434 , 1.1286793
-0.54261297 , -12.329788 , 1.2754552
-0.095468886 , -7.430777 , 1.0915846
-0.37798846 , -10.6950445 , 1.1845138
-0.7030326 , -13.841263 , 1.3637545
-0.22391301 , -8.968552 , 1.123577
-0.5244229 , -12.237357 , 1.2542496
-0.07641069 , -7.234861 , 1.1015048
-0.3598959 , -10.557716 , 1.1722502
-0.6836786 , -13.772971 , 1.3378155
-0.20561507 , -8.785505 , 1.12171
-0.5054359 , -12.131079 , 1.2351903
-0.056960627 , -7.039724 , 1.1189522
-0.34136072 , -10.408183 , 1.1629364
-0.6634085 , -13.690826 , 1.3133994
-0.18700206 , -8.593341 , 1.123286
-0.48581433 , -12.012284 , 1.2184938
-0.8355524 , -15.256224 , 1.4041057
-0.32258686 , -10.248084 , 1.15677
-0.36840776 , -11.0175 , 1.1731447
-0.6968799 , -14.475747 , 1.2840806
-0.21560791 , -9.089449 , 1.1679294
-0.51409185 , -12.69997 , 1.2080091
-0.8713353 , -16.111155 , 1.3653122
-0.3492545 , -10.856483 , 1.1743383
-0.6725261 , -14.354296 , 1.2652379
-0.19925371 , -8.902086 , 1.1855268
-0.4922576 , -12.557575 , 1.1995556
-0.8443796 , -16.002028 , 1.3410368
-0.33094722 , -10.696011 , 1.1790986
-0.648039 , -14.226376 , 1.2486602
-0.1834159 , -8.723647 , 1.2172096
-0.47079942 , -12.4124 , 1.1943015
-0.8170782 , -15.885587 , 1.3184562
-0.313896 , -10.539831 , 1.187404
-0.6235111 , -14.093549 , 1.2345699
-1.0000616 , -17.547981 , 1.404561
-0.44990125 , -12.266779 , 1.1923938
-0.7894781 , -15.763003 , 1.2977033
-0.29860482 , -10.393541 , 1.1991364
-0.5988994 , -13.95732 , 1.2231975
-0.9693155 , -17.433014 , 1.3782685
-0.42947304 , -12.122826 , 1.1938745
-0.7615411 , -15.635769 , 1.2789468
-0.28640783 , -10.263817 , 1.2141804
-0.57378006 , -13.819837 , 1.214764
-0.9383103 , -17.31235 , 1.3539819
0.27117994 , -2.8132699 , 0.78784657
0.17664854 , -4.7009525 , 0.8996306
0.100618176 , -6.3578963 , 1.0014778
-0.055584993 , -9.052929 , 1.1167462
-0.050463203 , -6.4695697 , 1.2854648
-0.40910682 , -11.054354 , 1.2724807
-0.73011184 , -15.320652 , 1.2703248
0.35833216 , -1.361177 , 0.69700915
0.99368936 , -3.8109045 , 0.73612046
1.2550559 , -6.7022505 , 0.9719401
0.85259724 , -2.1420586 , 0.5979495
1.101647 , -5.2120047 , 0.85441434
1.3825845 , -7.9943433 , 1.076147
0.95935047 , -3.6503735 , 0.7298233
1.218531 , -6.5403304 , 0.96401584
0.8175615 , -2.0218632 , 0.59528184
1.0669128 , -5.0544186 , 0.8469873
1.3445936 , -7.8276663 , 1.0683764
0.92560226 , -3.4989262 , 0.7244536
1.1825913 , -6.381253 , 0.9562583
1.4803431 , -9.09227 , 1.167188
1.0329194 , -4.9011836 , 0.839968
1.3070707 , -7.6632476 , 1.0606625
0.8925279 , -3.3591654 , 0.7198614
1.1472799 , -6.2254987 , 0.94869596
1.4409176 , -8.919635 , 1.159637
0.99962014 , -4.753423 , 0.83341444
1.2700657 , -7.5014534 , 1.0530272
0.8603142 , -3.2330341 , 0.71583736
1.112609 , -6.073616 , 0.9413582
1.4019078 , -8.748878 , 1.1522555
0.9669837 , -4.61244 , 0.82735527
1.2336013 , -7.342684 , 1.045491
0.8291623 , -3.1217563 , 0.7121807
1.078576 , -5.926227 , 0.9342732
1.3633306 , -8.580336 , 1.1449561
0.93501365 , -4.4795957 , 0.8217829
1.1976866 , -7.187371 , 1.0380735
0.7992412 , -3.0259328 , 0.7087373
1.0451739 , -5.7840357 , 0.92746586
1.3251936 , -8.414376 , 1.1377172
0.90374964 , -4.3561945 , 0.8166559
1.1623241 , -7.035982 , 1.0307938
0.77066153 , -2.9456854 , 0.70541304
1.0123991 , -5.6478157 , 0.9209537
