0.35181972 , -4.2912483 , 0.17441134
0.38958263 , -4.1003127 , 0.09139321
0.38607964 , -3.9927163 , -0.011993542
0.3652626 , -4.407223 , -0.10833492
0.37172824 , -4.015568 , 0.12639938
0.31442583 , -4.5055566 , 0.23475812
0.33140856 , -4.6546726 , -0.18823856
0.33259764 , -4.7285376 , -0.18852967
0.16698503 , 1.6622609 , -0.1287272
0.08191373 , 2.4749253 , -0.075873226
0.35825068 , -4.2205772 , -0.12831032
0.23424432 , 0.68974155 , -0.08093628
0.2975628 , -0.735232 , -0.066653006
0.33928028 , -2.441389 , -0.058002252
0.3270304 , -4.0157247 , -0.19756311
0.32117146 , -2.227361 , -0.20074828
0.39827847 , -4.6770916 , -0.06698489
0.39670894 , -4.6243806 , -0.06672222
0.36440635 , -4.472663 , -0.12936439
0.19343968 , 1.173965 , -0.08697772
0.32042766 , -1.6667783 , -0.19992733
0.3174351 , -0.0574387 , -0.18959726
0.30330202 , 1.2173886 , -0.17470494
0.23472588 , 1.8848178 , -0.1856618
0.34241787 , -2.5917535 , -0.05855533
0.3260197 , -3.8925874 , -0.2007482
0.3209188 , -2.0892885 , -0.20224667
0.3183633 , -0.41231453 , -0.19369513
0.40790176 , -5.0210423 , -0.07165916
0.36286876 , -4.339086 , -0.13050403
0.22024378 , 0.9292916 , -0.083945066
0.290081 , -0.46999112 , -0.0697432
0.31601053 , 0.30201653 , -0.18845327
0.29207626 , 1.5169411 , -0.17469154
0.27953717 , 2.2740655 , -0.19007748
0.36702278 , -4.4819818 , -0.13176337
0.32394624 , -3.475371 , -0.20461018
0.32024553 , -1.6678662 , -0.20271955
0.31728885 , -0.035693306 , -0.1927774
0.30421522 , 1.2752742 , -0.17901632
0.3570547 , -4.2220726 , -0.1320391
0.2419126 , 0.65058774 , -0.080870315
0.30221975 , -0.8489078 , -0.06763315
0.34255975 , -2.6021478 , -0.059902653
0.18548118 , 1.7811271 , -0.13441058
0.28598616 , 2.6689274 , -0.18684095
0.36340362 , -4.3686137 , -0.13244808
0.22085083 , 0.97504497 , -0.08441637
0.31778634 , -0.26655814 , -0.19680001
0.30891854 , 1.1228452 , -0.18370573
0.12523684 , 1.9609011 , -0.13299373
0.0867188 , 2.4436162 , -0.07842144
0.33679745 , -5.0579753 , -0.19307177
0.3376719 , -5.130122 , -0.19367008
0.124523535 , 1.7538598 , -0.09017228
0.2515988 , 0.50909376 , -0.07962544
0.3079967 , -1.0447696 , -0.06710388
0.27073863 , 0.11332941 , -0.075999394
0.3199432 , -1.528293 , -0.06490669
0.35797295 , -3.3523824 , -0.060640614
0.3151145 , 0.51996595 , -0.19234514
0.28367883 , 1.781793 , -0.18390524
0.2873488 , 2.6177456 , -0.19027345
0.358138 , -4.284056 , -0.13504767
0.23953298 , 0.7531337 , -0.08219918
0.3134919 , -1.2479974 , -0.06669343
0.35795274 , -3.3580787 , -0.061093416
0.32241687 , -2.9123535 , -0.20970678
0.31861022 , -0.83785653 , -0.20348386
0.31249464 , 0.91518575 , -0.18993472
0.14108902 , 2.037438 , -0.13755368
0.08172292 , 2.3704777 , -0.08039774
0.2397622 , 0.76567936 , -0.08234478
0.28064373 , -0.118286274 , -0.074480586
0.33251244 , -2.1046405 , -0.06343179
0.32987046 , -4.1731687 , -0.2076777
0.32050207 , -2.03144 , -0.20922388
0.3170283 , -0.05586608 , -0.1994061
0.30127493 , 1.5422497 , -0.18691686
0.28623903 , 2.5717156 , -0.19126472
0.39879546 , -4.853857 , -0.07310882
0.3968439 , -4.7968936 , -0.07270662
0.33702078 , -2.3269083 , -0.06320668
0.37923753 , -4.1813626 , -0.06433039
0.32250172 , -2.9212534 , -0.21144912
0.31887043 , -1.1067674 , -0.20670792
0.31528297 , 0.49409065 , -0.19612443
0.28888646 , 1.8143227 , -0.18891388
0.08670188 , 2.5858614 , -0.07699066
0.08502431 , 2.8295956 , -0.07868955
0.28906447 , 2.9420412 , -0.19067027
0.39445195 , -4.675884 , -0.071522504
0.33837965 , -4.8929234 , 0.0052068494
0.34810218 , -4.911201 , -0.012569412
0.3582012 , -5.549335 , -0.07935775
0.36122847 , -5.0470076 , -0.07966845
0.3684505 , -5.2498016 , -0.19145517
0.35369283 , -5.125062 , -0.24319811
0.33766195 , -4.6367917 , -0.20597455
0.32899675 , -5.8864403 , -0.031301092
0.3778748 , -5.149035 , -0.0815063
0.36377496 , -5.2614717 , -0.062095575
0.34280568 , -5.0903 , -0.013587331
0.3742147 , -5.188377 , -0.079144135
0.35883474 , -5.214786 , -0.051137853
0.33727396 , -5.0018864 , 0.003211967
0.35106418 , -5.0312977 , -0.24248196
0.39439723 , -4.64353 , -0.072697386
0.37711662 , -5.095161 , -0.08151057
0.3598135 , -5.197392 , -0.052845135
0.33926046 , -5.001195 , 0.0008440158
0.36176673 , -5.0187507 , -0.085074134
0.38147113 , -4.9108133 , -0.0809024
0.3702704 , -5.1758533 , -0.07445837
0.35416967 , -5.1339955 , -0.037938338
0.37798145 , -4.991476 , -0.08186222
0.3664113 , -5.167232 , -0.06730656
0.34928963 , -5.065326 , -0.022812136
0.35685155 , -5.073573 , -0.24018395
0.34276506 , -4.7080827 , -0.2261279
0.3804195 , -4.8584223 , -0.08080893
0.36692867 , -5.1413727 , -0.06848481
0.35070902 , -5.056346 , -0.025056148
0.35482293 , -4.8863482 , -0.027436059
0.38731343 , -4.6191893 , -0.07456164
0.37441933 , -5.019354 , -0.08078977
0.36249265 , -5.1162953 , -0.057690587
0.38114682 , -4.7357903 , -0.07910168
0.371336 , -5.0500097 , -0.07746453
0.35848776 , -5.0749097 , -0.04571423
0.3612858 , -5.0586543 , -0.22415127
0.34732658 , -4.8271923 , -0.2409639
0.38512188 , -4.570474 , -0.07413531
0.3714952 , -5.0167365 , -0.07809008
0.3594008 , -5.057581 , -0.04755448
0.34374392 , -4.909034 , 0.008009496
0.33994937 , -4.546007 , -0.2210325
0.3770863 , -4.800581 , -0.081385575
0.36807227 , -5.033238 , -0.07171953
0.3861446 , -4.4307036 , -0.06932855
0.374314 , -4.867949 , -0.08163577
0.36494616 , -5.0241237 , -0.063484594
0.36359718 , -5.002005 , -0.19488825
0.35255542 , -4.884836 , -0.2422603
0.3388752 , -4.496817 , -0.22150165
0.37602577 , -4.7473483 , -0.08131746
0.36786664 , -4.982425 , -0.07172248
0.3561342 , -4.968848 , -0.03155604
0.35029653 , -4.8296456 , 0.0054471805
0.3640062 , -4.9507947 , -0.13997492
0.35944596 , -4.957025 , -0.22418822
0.34588504 , -4.720721 , -0.24115267
0.38109004 , -4.4721246 , -0.073285036
0.37581617 , -4.6480765 , -0.08038267
0.36867458 , -4.916889 , -0.07449484
0.35860708 , -4.941848 , -0.037817355
0.3478644 , -4.835018 , 0.019206304
0.37415773 , -4.681841 , -0.08140438
0.3672349 , -4.910487 , -0.07069554
0.3573118 , -4.9115863 , -0.02932409
0.35687712 , -4.8145413 , -0.015789282
0.3726962 , -4.7086825 , -0.081704766
0.3658688 , -4.8994884 , -0.066077456
0.35628745 , -4.8818655 , -0.020270808
0.8509161 , -2.747283 , 0.043346345
0.38804147 , -4.1821127 , -0.009345679
0.4135886 , -3.5668452 , -0.0067596245
0.45400485 , -2.982229 , -0.0011745231
0.39443454 , -0.71206325 , -0.08128004
0.23900297 , 3.6211293 , -0.0586046
0.41377774 , 2.649414 , -0.020219263
0.72632515 , -0.5405813 , 0.027941259
0.36017424 , -0.023768375 , -0.10677773
0.25929832 , 3.6460614 , -0.05314657
0.45366263 , 2.3173082 , -0.013065836
0.7968716 , -1.2319423 , 0.037525833
0.329499 , 0.6161452 , -0.13081057
0.2821689 , 3.6179643 , -0.047309715
0.49801728 , 1.9239211 , -0.005763761
0.87463593 , -1.9938346 , 0.046579327
0.30287892 , 1.2076352 , -0.15326828
0.3078947 , 3.5348806 , -0.04114127
0.54718035 , 1.4702227 , 0.0016745784
0.50218916 , -2.3958378 , -0.012224283
0.2806256 , 1.7478349 , -0.17385063
0.34464157 , 3.3400207 , -0.033070635
0.61561304 , 0.8113131 , 0.011208678
0.44547516 , -1.3559772 , -0.053439908
0.2590326 , 2.3412921 , -0.19673923
0.23767094 , 3.7736213 , -0.25794435
0.2655369 , 3.0922968 , -0.23304325
0.13703713 , 2.9661849 , -0.07931246
0.25005975 , 3.7897596 , -0.05396656
0.40551797 , 2.929351 , -0.02114021
0.72855425 , -0.25303894 , 0.025289029
0.37718275 , -0.06262927 , -0.099109374
0.2395509 , 3.0434315 , -0.22297604
0.44600168 , 2.6047716 , -0.01387529
0.8031312 , -0.9467893 , 0.034788795
0.34187263 , 0.60614055 , -0.12421605
0.23356445 , 3.3596396 , -0.23506331
0.4911035 , 2.216146 , -0.006952485
0.8878021 , -1.7071844 , 0.04450079
0.3112037 , 1.2263831 , -0.14727524
0.23072802 , 3.617559 , -0.2445304
0.5411923 , 1.7654876 , 0.0004370674
0.7654196 , -2.5836616 , 0.02609196
0.28570056 , 1.7933043 , -0.16807775
0.23062508 , 3.8138523 , -0.25127867
0.5968038 , 1.2513423 , 0.008342271
0.49180776 , -1.6632564 , -0.041750647
0.26523787 , 2.308181 , -0.18906912
0.23267247 , 3.9523194 , -0.2575422
0.658619 , 0.675506 , 0.013756236
0.44396907 , -0.8645359 , -0.05929474
0.24976148 , 2.7636745 , -0.2030327
0.1604309 , 3.6931396 , -0.07438452
0.30189875 , 3.8849204 , -0.04152412
0.5573438 , 1.7470127 , 0.00034358274
0.5430725 , -2.303471 , -0.020967688
0.27924666 , 2.0361302 , -0.1734364
0.22946475 , 3.9863248 , -0.253147
0.2577935 , 3.6219554 , -0.24270475
0.088877894 , 2.8109982 , -0.08213062
0.5111831 , -2.191436 , -0.0027805371
0.25348753 , 3.799068 , -0.24787082
0.22671644 , 3.9165525 , -0.24829313
0.29526767 , 1.6662229 , -0.15743326
0.2421476 , 2.901465 , -0.15822536
0.20424923 , 5.6820292 , -0.25779366
0.90867347 , -1.4101324 , 0.041277822
0.42758685 , 3.0507972 , -0.015889449
0.12789904 , 3.3469634 , -0.07746814
0.1129634 , 4.754302 , -0.07225691
0.44663435 , 4.2144866 , -0.0036822595
0.9620633 , -1.5831035 , 0.0531924
0.8622813 , -3.1788952 , 0.03761765
0.92513585 , -7.1803894 , 0.17042333
1.3675038 , -11.830925 , 0.33976966
2.0751426 , -14.908327 , 0.22153312
1.5905651 , -10.364961 , 0.15396294
1.1954778 , -5.6357307 , 0.082215145
0.87559 , -6.5975914 , 0.14841212
0.08374434 , -1.1309127 , 0.2724099
0.08376894 , -1.1280415 , 0.27110144
0.0760664 , -1.0312726 , 0.27045223
0.060069054 , -0.8270378 , 0.26581562
0.08173386 , -0.89867574 , 0.21537846
0.09135004 , -0.9933585 , 0.21492805
0.08649831 , -1.1278464 , 0.25805184
0.07913845 , -1.0326568 , 0.25676945
0.07158232 , -0.9344056 , 0.25509825
0.08060276 , -0.85463876 , 0.20161863
0.9889023 , -2.3904126 , 0.058270816
0.5366054 , -2.5577898 , -0.0009634331
1.013363 , -2.7145846 , 0.060157828
1.0130916 , -2.6752236 , 0.061481334
1.0291656 , -2.6436992 , 0.06240401
0.56367856 , -2.9625766 , 0.012009504
0.5789796 , -3.148349 , 0.012255657
0.6362286 , -3.3542094 , 0.018425759
1.0579892 , -3.3283057 , 0.06781653
0.9785993 , -7.657751 , 0.16809148
1.5277122 , -13.052627 , 0.3401155
1.2157545 , -4.7929006 , 0.08111623
1.0677357 , -3.5073776 , 0.069077626
0.5990499 , -3.3710732 , 0.025485326
0.02721566 , -1.3248541 , 0.4427546
0.025672264 , -1.8061713 , 0.5286918
0.06834156 , -1.3954251 , 0.3609335
0.031473663 , -1.0544686 , 0.38525328
0.05611012 , -0.8200521 , 0.2782744
0.08075028 , -1.2655731 , 0.30784887
0.091252685 , -1.4288076 , 0.31760162
0.089013025 , -1.2046716 , 0.2793158
0.062924534 , -1.4873848 , 0.389004
0.093777604 , -1.4129232 , 0.30893373
0.11183091 , -1.1756632 , 0.24701641
0.68768 , -4.064016 , 0.052500468
1.4615525 , -9.030079 , 0.13300346
1.0998955 , -4.2578344 , 0.0652543
0.8210317 , -3.1029031 , 0.03745907
1.9134283 , -13.547454 , 0.20451286
1.4570143 , -9.011959 , 0.13304885
1.093784 , -4.2590837 , 0.064700544
0.08023821 , -1.5993943 , 0.3722459
0.101065814 , -1.2937692 , 0.26378596
0.07683536 , -1.3573227 , 0.3341091
0.083374284 , -1.582583 , 0.36276823
0.1011722 , -1.2806659 , 0.25607675
0.79494894 , -2.8811328 , 0.03341304
1.6603442 , -11.181289 , 0.16890436
1.2494196 , -6.568964 , 0.09506826
0.09277182 , -1.1879522 , 0.23581442
0.80338883 , -5.8045845 , 0.12008129
1.2910038 , -11.156385 , 0.3212405
2.0237815 , -14.551261 , 0.21908748
1.4809384 , -9.342035 , 0.13916728
1.0577887 , -3.864141 , 0.0585073
0.06407818 , -1.5276525 , 0.39395636
0.026317196 , -1.9054166 , 0.5438037
0.07040419 , -1.7366143 , 0.4161374
0.10136527 , -1.3655764 , 0.28371322
0.059942704 , -1.8511913 , 0.4570786
0.091600895 , -1.523338 , 0.3351607
0.10767985 , -1.2270821 , 0.23483284
0.81039387 , -3.3175015 , 0.041743584
0.104822315 , -1.2375044 , 0.24793787
0.6214788 , -3.8617623 , 0.052722726
1.0214262 , -8.507823 , 0.22881088
1.4727736 , -12.938963 , 0.3870839
1.8467867 , -13.114012 , 0.20189688
1.4016346 , -8.687344 , 0.13029799
1.0344816 , -4.059033 , 0.05745763
0.07465668 , -1.5171846 , 0.37072128
0.042873204 , -1.847998 , 0.4954447
0.056169152 , -1.9662232 , 0.48310947
0.09047002 , -1.6346765 , 0.3578106
0.11369803 , -1.3226881 , 0.2519736
0.08104039 , -1.462762 , 0.3478468
0.05044874 , -1.7910098 , 0.4692351
0.04925123 , -2.0407195 , 0.51007193
0.08521345 , -1.7106402 , 0.38139188
0.11096787 , -1.3894871 , 0.27132708
0.11216452 , -1.2145658 , 0.22457851
0.77784765 , -5.7603726 , 0.122344755
1.1897346 , -10.272888 , 0.29580376
1.6676824 , -14.652311 , 0.44247118
1.6536052 , -11.330766 , 0.17491573
1.239902 , -6.8620453 , 0.10019919
0.112235464 , -1.2424845 , 0.23987854
0.66382414 , -4.44262 , 0.073890656
1.0642977 , -9.009501 , 0.24942872
1.5214862 , -13.39871 , 0.40404904
1.7773622 , -12.527779 , 0.19413291
1.3432769 , -8.115295 , 0.12120846
0.09921366 , -1.2735658 , 0.27601177
0.072964236 , -1.5740498 , 0.3848778
0.040101293 , -1.9078187 , 0.511676
0.062208846 , -1.9475025 , 0.46701482
0.09574495 , -1.6135592 , 0.34391958
0.11802403 , -1.3047541 , 0.2408011
0.07963677 , -1.518315 , 0.3615964
0.047807805 , -1.8509836 , 0.48507014
0.05533706 , -2.0230458 , 0.49356717
0.090712965 , -1.6894538 , 0.3670248
0.11596149 , -1.370089 , 0.25939387
0.73207426 , -2.8448462 , 0.030006802
0.81720036 , -6.2959037 , 0.1442121
1.2347767 , -10.753386 , 0.3149475
1.8941818 , -15.099253 , 0.34605467
1.5890546 , -10.753132 , 0.16634057
1.185118 , -6.2955756 , 0.09107781
0.11554912 , -1.2470127 , 0.2327212
0.704421 , -5.0017476 , 0.09512709
1.1075846 , -9.501296 , 0.26958662
1.5705152 , -13.851729 , 0.42069882
1.7095932 , -11.947096 , 0.18611799
1.2860543 , -7.5484815 , 0.112051494
0.098644726 , -1.3204767 , 0.287421
0.07102655 , -1.6319582 , 0.39929888
0.037232343 , -1.9678725 , 0.5281702
0.06823208 , -1.9280403 , 0.45117423
0.100998454 , -1.5923791 , 0.33032042
0.12204721 , -1.2888225 , 0.23111452
0.20744514 , -4.7591944 , 0.3829735
0.14288944 , -5.4307237 , 0.508348
0.17574257 , -5.6177044 , 0.46827003
0.24471644 , -4.9493628 , 0.34246117
0.30552933 , -4.2505755 , 0.2224909
0.085995555 , -2.8107736 , 0.5216932
0.115965255 , -3.8019688 , 0.51615644
0.13320117 , -4.844378 , 0.51428
0.32265157 , -4.0237937 , 0.1939812
0.29224867 , -3.1624856 , 0.20141089
0.24730717 , -2.3978348 , 0.2088593
0.18624882 , -1.7294399 , 0.21753302
0.09004679 , -5.581243 , 0.59542745
0.08117518 , -4.5523586 , 0.59771997
0.0698259 , -3.5154486 , 0.59801847
0.043749474 , -2.5540605 , 0.59480053
0.1407752 , -1.5817132 , 0.2686336
0.1962316 , -2.2292178 , 0.26615334
0.23469111 , -2.9695737 , 0.26659492
0.25744975 , -3.8103487 , 0.26641276
0.30449677 , -3.4198594 , 0.19768381
0.26369095 , -2.6241496 , 0.20499267
0.20837788 , -1.9281658 , 0.21302526
0.1311283 , -1.3200734 , 0.22729704
0.16802296 , -1.8507794 , 0.2653825
0.21551915 , -2.5355737 , 0.2645827
0.24770449 , -3.3190296 , 0.26541266
0.32196164 , -3.8959608 , 0.19235522
0.2886939 , -3.048896 , 0.19945574
0.24190257 , -2.2997375 , 0.20691544
0.1782395 , -1.6453147 , 0.21596216
0.13349226 , -1.5008782 , 0.26620188
0.19153155 , -2.134619 , 0.2630823
0.23205762 , -2.8597927 , 0.26335227
0.25744766 , -3.6854765 , 0.26363882
0.30980974 , -3.503617 , 0.19408093
0.27032074 , -2.6993074 , 0.20123719
0.21682866 , -1.9951894 , 0.20906766
0.14291835 , -1.3805246 , 0.22158825
0.16190617 , -1.7641761 , 0.26253858
0.21175393 , -2.434699 , 0.26140127
0.24596426 , -3.202528 , 0.26222947
0.32600483 , -3.980344 , 0.18931559
0.29457167 , -3.1289413 , 0.19577828
0.24923906 , -2.3708966 , 0.20309596
0.18778038 , -1.7092265 , 0.21172307
0.12584461 , -1.4223677 , 0.26377237
0.18651277 , -2.042141 , 0.2600345
0.22914585 , -2.7523446 , 0.26011923
0.25688824 , -3.5627875 , 0.2607703
0.3149804 , -3.5876424 , 0.19060326
0.2767883 , -2.7751992 , 0.19750394
0.22503065 , -2.0626945 , 0.2051352
0.15392967 , -1.4413438 , 0.21584606
0.15543346 , -1.6796434 , 0.2597076
0.2077003 , -2.3360374 , 0.25823608
0.24391848 , -3.0883865 , 0.25902727
0.26200983 , -3.9346712 , 0.25758398
0.30031008 , -3.2096562 , 0.19215357
0.25638345 , -2.4427123 , 0.19929813
0.19703794 , -1.7734716 , 0.2075501
0.11778305 , -1.3465501 , 0.26113725
0.18116783 , -1.9517627 , 0.25699863
0.22595894 , -2.6471984 , 0.25689274
0.2558907 , -3.442313 , 0.25779223
0.31998852 , -3.6716437 , 0.18733811
0.2830973 , -2.851837 , 0.1938011
0.23299177 , -2.1307316 , 0.2012343
0.16446932 , -1.5025036 , 0.21086705
0.14859952 , -1.597222 , 0.25684536
0.20335007 , -2.2395566 , 0.25508162
0.2415773 , -2.9765916 , 0.255808
0.26367196 , -3.8097851 , 0.25560737
0.30591097 , -3.2909698 , 0.1886054
0.26334456 , -2.5152216 , 0.1955264
0.20601803 , -1.8381028 , 0.20344825
0.10900617 , -1.2742016 , 0.25792095
0.17548868 , -1.8634703 , 0.25396
0.22249776 , -2.54432 , 0.25367114
0.25451827 , -3.3240874 , 0.25472265
0.32477418 , -3.7551522 , 0.18440887
0.28925523 , -2.9292188 , 0.19013777
0.2407272 , -2.199347 , 0.19736777
0.17465031 , -1.5639902 , 0.20623931
0.14140657 , -1.5170047 , 0.25387207
0.19869938 , -2.1452308 , 0.25193173
0.23895197 , -2.867125 , 0.25257543
0.26399297 , -3.6866083 , 0.25310507
0.31136468 , -3.3727741 , 0.18516523
0.27011827 , -2.5884595 , 0.19178477
0.21471003 , -1.9031785 , 0.19941401
0.1374666 , -1.3100054 , 0.21023533
0.16944917 , -1.7772574 , 0.25089762
0.21874927 , -2.4436734 , 0.25045258
0.25279894 , -3.2081316 , 0.25158373
0.32913348 , -3.8373728 , 0.18193649
0.2952841 , -3.007327 , 0.18652476
0.24827302 , -2.2685835 , 0.19353656
0.18455045 , -1.62581 , 0.20183417
0.13387959 , -1.439171 , 0.2506612
0.19376856 , -2.0530412 , 0.24877891
0.23606843 , -2.7599654 , 0.24933295
0.26359257 , -3.5652397 , 0.25032854
0.31664622 , -3.4549031 , 0.18187153
0.2766859 , -2.66245 , 0.18807767
0.2230853 , -1.9687517 , 0.19544019
0.14905672 , -1.3678697 , 0.20496885
0.16299117 , -1.693138 , 0.24778348
0.21467786 , -2.345225 , 0.24723479
0.25073323 , -3.094454 , 0.24839436
0.30039123 , -3.9167929 , 0.21334653
0.3011932 , -3.0861354 , 0.18297407
0.2556484 , -2.3384972 , 0.1897407
0.19420075 , -1.6880145 , 0.19758222
0.12597544 , -1.3640177 , 0.2470676
0.18857183 , -1.9629579 , 0.24561588
0.23294504 , -2.6550753 , 0.24608263
0.26270628 , -3.4458148 , 0.24737433
0.3217757 , -3.5370946 , 0.17875674
0.28310522 , -2.737181 , 0.18440962
0.2312307 , -2.034833 , 0.19151473
0.16000102 , -1.4264013 , 0.20010607
0.15618064 , -1.611206 , 0.24458918
0.2103275 , -2.2489805 , 0.2440157
0.24837607 , -2.9830773 , 0.245168
0.2700465 , -3.8069632 , 0.2456596
0.44652757 , -3.1374426 , 0.0001416475
0.4095884 , -3.7162771 , -0.005190847
0.38395193 , -4.312177 , -0.007470643
0.35969207 , -4.7758465 , -0.008735969
0.3878595 , -4.256033 , -0.005150309
0.41487172 , -3.672081 , -0.0024663259
0.45604807 , -3.120488 , 0.003545457
0.38487464 , -4.658931 , 0.031251486
0.49129665 , -4.1016088 , 0.040584218
0.6125173 , -3.5009344 , 0.043427873
0.78540826 , -2.94895 , 0.04310455
0.77211154 , -3.0412295 , 0.04374566
0.6041091 , -3.5792565 , 0.044311795
0.4838947 , -4.164527 , 0.041192926
0.37673903 , -4.7010937 , 0.03088277
0.37977377 , -4.442595 , -0.003556319
0.40688798 , -3.8829727 , -0.0013528422
0.44229722 , -3.3280632 , 0.0037200572
0.51675874 , -2.8651528 , 0.012932247
0.6917484 , -3.307668 , 0.044975292
0.54968417 , -3.8600872 , 0.044608064
0.43701544 , -4.4213767 , 0.039099038
0.3635651 , -4.723244 , -0.003009288
0.39276278 , -4.217139 , -0.0005443557
0.42248127 , -3.6624475 , 0.0027417631
0.46994185 , -3.1608126 , 0.009839696
0.8072899 , -3.0915375 , 0.045096055
0.62602866 , -3.5760763 , 0.046262015
0.49988866 , -4.1291175 , 0.044010703
0.3901605 , -4.6495223 , 0.035208482
0.37745476 , -4.5199504 , 0.00057322177
0.40628117 , -3.99436 , 0.0027987415
0.44205073 , -3.4673724 , 0.00781447
0.5110258 , -3.0392413 , 0.017519142
0.71988773 , -3.3345008 , 0.046475723
0.5687182 , -3.8424408 , 0.046934348
0.45186895 , -4.378843 , 0.04234507
0.35943255 , -4.7753487 , 0.0017402085
0.39109114 , -4.3087835 , 0.0036487412
0.42202333 , -3.78471 , 0.0068351505
0.46869275 , -3.3101852 , 0.014023861
0.84578806 , -3.1567867 , 0.04624722
0.64935714 , -3.582879 , 0.048079867
0.5166743 , -4.1003485 , 0.04671913
0.40401784 , -4.6023755 , 0.03922849
0.37459272 , -4.5895777 , 0.004791352
0.40529674 , -4.098717 , 0.006965106
0.44156346 , -3.5992503 , 0.011846888
0.5071968 , -3.2010837 , 0.021725833
0.7500984 , -3.3738427 , 0.047827087
0.5888249 , -3.8331454 , 0.04913272
0.4672713 , -4.3419013 , 0.0454719
0.3538276 , -4.7901654 , 0.033145692
0.38905936 , -4.393114 , 0.007881753
0.42133063 , -3.9000301 , 0.010926078
0.4674708 , -3.4509904 , 0.018048275
0.88851875 , -3.238373 , 0.04713635
0.6742919 , -3.6002927 , 0.049750812
0.53438175 , -4.078607 , 0.049310338
0.41845512 , -4.5598993 , 0.04297554
0.37116367 , -4.651261 , 0.009190078
0.40392548 , -4.19602 , 0.011156153
0.4408413 , -3.7239902 , 0.015844153
0.50399345 , -3.3519251 , 0.025716284
0.7826078 , -3.426551 , 0.04900435
0.6101074 , -3.832779 , 0.051193416
0.48331475 , -4.310919 , 0.048476882
0.36818105 , -4.7456026 , 0.038629655
0.3866083 , -4.47004 , 0.012176452
0.4203551 , -4.0084805 , 0.015028316
0.4661798 , -3.5839334 , 0.021971833
0.93645847 , -3.338297 , 0.04798524
0.7009387 , -3.6290169 , 0.05126262
0.5530432 , -4.0643573 , 0.051775176
0.43342337 , -4.5224314 , 0.04650752
0.3671822 , -4.7047358 , 0.01390246
0.40217704 , -4.286239 , 0.015384775
0.43990073 , -3.841821 , 0.01982984
0.5011016 , -3.493099 , 0.02956079
0.8177219 , -3.4935248 , 0.04996939
0.6326892 , -3.8419352 , 0.05310453
0.50009626 , -4.286261 , 0.05135453
0.3826937 , -4.7046733 , 0.043147195
0.38369378 , -4.5394387 , 0.016566224
0.41906556 , -4.110091 , 0.019156307
0.46477613 , -3.7095294 , 0.025840325
0.556499 , -3.4676378 , 0.038522847
0.72943133 , -3.669791 , 0.0525974
0.57272 , -4.058099 , 0.054100975
0.44894943 , -4.4903083 , 0.049857106
0.36262393 , -4.7495713 , 0.019031584
0.40003783 , -4.36932 , 0.019669523
0.43872914 , -3.9528995 , 0.023827413
0.49836743 , -3.6256788 , 0.033312935
0.85576814 , -3.5757513 , 0.050679274
0.65668076 , -3.8612428 , 0.054847844
0.51768196 , -4.2683277 , 0.054093644
0.39756027 , -4.6679864 , 0.04718058
0.34964237 , -4.769021 , 0.12966147
0.3488148 , -4.807497 , 0.2937814
0.36551335 , -4.895891 , 0.23686378
0.3545754 , -4.8011622 , 0.18290398
0.34863558 , -4.7701235 , 0.09804259
1.7946324 , -13.567776 , 0.23231263
1.3141938 , -10.706926 , 0.22618458
0.8747001 , -7.997538 , 0.22881559
0.4732101 , -5.542795 , 0.23698953
0.44185036 , -4.550501 , 0.052845817
0.56795365 , -4.16374 , 0.057147183
0.724724 , -3.820233 , 0.055471618
0.9734624 , -3.6614683 , 0.050806344
0.6642024 , -7.2832437 , 0.4281411
0.997986 , -9.926704 , 0.44292444
1.3727151 , -12.760687 , 0.4567262
0.5475195 , -3.6702654 , 0.04454723
0.4635607 , -3.8786912 , 0.031826317
0.41728678 , -4.2417893 , 0.025526261
0.37917608 , -4.622127 , 0.023449767
0.40274453 , -4.6583843 , 0.048876103
0.5242539 , -4.2702174 , 0.055338062
0.66597027 , -3.8818338 , 0.055697944
0.87063015 , -3.6257665 , 0.05105214
0.49864918 , -3.6845324 , 0.035429914
0.43895093 , -3.998343 , 0.025967192
0.39954823 , -4.400159 , 0.021886665
0.36096197 , -4.7626224 , 0.02165487
0.2894047 , -5.0373745 , 0.02675018
0.29372653 , -5.0121765 , 0.027778555
0.34404084 , -4.8372326 , -0.15290849
0.31246886 , -4.9343286 , 0.027847238
0.31688258 , -4.9112554 , 0.028520627
0.33802027 , -4.8728647 , 0.012970422
0.34991542 , -4.821771 , 0.015174127
0.342249 , -4.923355 , -0.0015918637
0.3400511 , -4.9342628 , 0.0010437003
0.34377545 , -4.8391585 , 0.012824962
0.33220756 , -4.9907703 , 0.0037454134
0.32950926 , -4.9981503 , 0.006349257
0.33793956 , -4.855238 , 0.02257007
0.28826207 , -5.0475216 , 0.023015875
0.26227832 , -5.0232234 , 0.038438477
0.34914166 , -4.812919 , 0.025217565
0.28352922 , -4.9600477 , 0.0397911
0.28833967 , -4.939716 , 0.04117309
0.3429837 , -4.8280873 , 0.02868655
0.3091476 , -4.884906 , 0.04210673
0.314073 , -4.8691173 , 0.04341721
0.33673126 , -4.8407216 , 0.032843154
0.34843427 , -4.804852 , 0.034985423
0.33754495 , -4.8754435 , 0.024428193
0.18681294 , -3.6426675 , 0.41555938
0.25246182 , -4.340205 , 0.17797975
0.18200682 , -3.6714225 , 0.3342265
0.30208805 , -4.4841924 , 0.37660834
0.31747144 , -4.5998454 , 0.23069678
0.33951908 , -4.7965856 , 0.06044782
0.14530371 , -3.7711225 , 0.1973261
0.20856461 , -4.4543395 , 0.11628252
0.3183427 , -4.7687793 , 0.07824434
0.3034649 , -4.5820246 , 0.16789782
0.29336306 , -4.4734135 , 0.23087989
0.31003717 , -4.542815 , 0.32310924
0.3273471 , -4.675144 , 0.16412061
0.3217291 , -4.786706 , 0.07020655
0.30763683 , -4.606354 , 0.16150618
0.2987618 , -4.5063076 , 0.2272228
0.3120095 , -4.55672 , 0.3344613
0.3273172 , -4.6691437 , 0.17763561
0.3249429 , -4.8031096 , 0.061981883
0.31162146 , -4.629111 , 0.1549644
0.3038978 , -4.537228 , 0.22329244
0.3142829 , -4.5730557 , 0.3455312
0.327521 , -4.6658173 , 0.19106016
0.32798007 , -4.817913 , 0.053512745
0.31542575 , -4.6502604 , 0.14827858
0.30878586 , -4.5662746 , 0.21908888
0.31685236 , -4.5917196 , 0.35630727
0.32796887 , -4.6652455 , 0.2043874
0.34614378 , -4.8234434 , 0.032136302
0.3190586 , -4.669867 , 0.14145665
0.31343397 , -4.593436 , 0.21462674
0.31971517 , -4.6126633 , 0.36677837
0.3286663 , -4.6673775 , 0.21760224
0.34545046 , -4.8059573 , 0.04629343
0.322522 , -4.6878786 , 0.13450588
0.2218683 , -0.72157186 , 0.006464415
0.2864993 , -1.2534565 , -0.00095757056
0.3233613 , -1.97667 , -0.009212496
0.345953 , -2.8817255 , -0.016337898
0.23949082 , -0.85591125 , 0.00879471
0.29647344 , -1.4269321 , 0.0010097013
0.32966167 , -2.1879456 , -0.006794875
0.35079864 , -3.1235545 , -0.013995373
0.25494593 , -0.9978491 , 0.010999114
0.30544233 , -1.6088284 , 0.0031039524
0.33562684 , -2.4047098 , -0.004294114
0.19313696 , -0.6637915 , 0.01915055
0.26852012 , -1.1479834 , 0.013143131
0.31361488 , -1.7983923 , 0.0053518736
0.3413027 , -2.626929 , -0.0017869376
0.21301295 , -0.7891182 , 0.02189173
0.28055117 , -1.3065767 , 0.015285718
0.3211591 , -1.99483 , 0.0077478774
0.3466781 , -2.8550212 , 0.00065092
0.23117787 , -0.9206354 , 0.024447728
0.29133397 , -1.4735643 , 0.017481485
0.3282002 , -2.1975026 , 0.010254989
0.3517419 , -3.089796 , 0.0029516986
0.24729297 , -1.0591894 , 0.026883023
0.30110952 , -1.6485878 , 0.019774646
0.33481616 , -2.4060833 , 0.012812955
0.18424658 , -0.72758543 , 0.034578975
0.2615691 , -1.2053635 , 0.029253393
0.31007114 , -1.8310882 , 0.02218907
0.34103146 , -2.6206508 , 0.015350263
0.20425642 , -0.8515686 , 0.037519187
0.2743203 , -1.3594782 , 0.031609904
0.3183688 , -2.0204525 , 0.024720782
0.34681106 , -2.8417046 , 0.01779495
0.22285865 , -0.98127043 , 0.040289596
0.2858308 , -1.5215775 , 0.034001727
0.32610857 , -2.216185 , 0.027336935
0.3521046 , -3.0701206 , 0.020081388
0.23954436 , -1.1174934 , 0.042936403
0.29633102 , -1.6914371 , 0.03646999
0.3333484 , -2.4180598 , 0.029980995
0.17554374 , -0.78562856 , 0.05024299
0.25444335 , -1.2608621 , 0.045504756
0.30600214 , -1.8686346 , 0.03903777
0.34009215 , -2.6262271 , 0.032582164
0.19561653 , -0.90913683 , 0.05337199
0.267837 , -1.4117948 , 0.048042364
0.31498128 , -2.052676 , 0.041703437
0.3462807 , -2.841254 , 0.035066817
0.21455872 , -1.0379018 , 0.056345865
0.27999303 , -1.5704479 , 0.05059914
0.32336074 , -2.2431467 , 0.04443879
0.35181576 , -3.0640948 , 0.037367407
0.23172599 , -1.172718 , 0.05918625
0.31849408 , -2.594469 , 0.10764364
0.35020605 , -3.3797746 , 0.101113476
0.22235893 , -1.4942038 , 0.12120049
0.28270447 , -2.0900428 , 0.115794376
0.32704055 , -2.792299 , 0.11078357
0.15983158 , -1.1243145 , 0.12864093
0.23761562 , -1.644285 , 0.12422993
0.29349315 , -2.2690506 , 0.11886198
0.33479628 , -2.9964159 , 0.113886096
0.17946993 , -1.2561711 , 0.13239707
0.2515614 , -1.80224 , 0.12726328
0.3035517 , -2.4551399 , 0.121965945
0.3414559 , -3.2072365 , 0.116802104
0.19782268 , -1.3931701 , 0.13576458
0.264354 , -1.9679558 , 0.13031924
0.31293386 , -2.6481078 , 0.12510961
0.34641558 , -3.4262226 , 0.11928208
0.2147675 , -1.5373466 , 0.13890213
0.2761491 , -2.1412678 , 0.1333932
0.32164428 , -2.847708 , 0.12830164
0.15160221 , -1.15967 , 0.14671357
0.23026073 , -1.6895078 , 0.14198981
0.2870746 , -2.3220458 , 0.13647857
0.32960507 , -3.0536287 , 0.13154213
0.17143652 , -1.2927414 , 0.1505815
0.2443961 , -1.8496392 , 0.14508113
0.29722303 , -2.5101917 , 0.13957427
0.33655608 , -3.2656279 , 0.13475946
0.19001453 , -1.4314909 , 0.15390733
0.25733298 , -2.0175633 , 0.14816904
0.30665103 , -2.705606 , 0.14268933
0.3418016 , -3.4842489 , 0.137659
0.20716554 , -1.5782216 , 0.15704113
0.2692269 , -2.1931643 , 0.15123971
0.315378 , -2.9081264 , 0.14584795
0.14326169 , -1.1913906 , 0.16560563
0.22280575 , -1.7332141 , 0.16015774
0.2802027 , -2.3764 , 0.15428534
0.32337233 , -3.1174304 , 0.14909685
0.16346158 , -1.3255465 , 0.16945086
0.23704351 , -1.8961686 , 0.16324778
0.29034862 , -2.5672777 , 0.1573071
0.3304877 , -3.332895 , 0.15250543
0.18229476 , -1.4668325 , 0.17261198
0.25004464 , -2.0668943 , 0.16628273
0.29971766 , -2.7658145 , 0.16031733
0.336187 , -3.5536067 , 0.1560465
0.19955942 , -1.617015 , 0.17570233
0.2619612 , -2.2453449 , 0.16924791
0.30832943 , -2.9719825 , 0.16334231
0.13464281 , -1.2190825 , 0.18576297
0.21524416 , -1.7754779 , 0.17874588
0.2729123 , -2.4315717 , 0.17214449
0.31616846 , -3.1856294 , 0.16643254
0.28288192 , -1.0629839 , -0.022115488
0.33109716 , -2.2175684 , -0.0127082495
0.14763026 , 0.13848695 , -0.038416192
0.23722209 , -0.43271154 , -0.03073729
0.2948641 , -1.3281051 , -0.016705725
0.34112126 , -2.5163229 , -0.009441011
0.17450695 , -0.016732385 , -0.034894638
0.25210065 , -0.6382548 , -0.024665114
0.30626374 , -1.6019346 , -0.01175679
0.35079345 , -2.811815 , -0.006455042
0.19704178 , -0.17471313 , -0.030668616
0.26582786 , -0.8588897 , -0.018607868
0.31718004 , -1.8814042 , -0.0072879805
0.3601232 , -3.1033223 , -0.0035654167
0.21601954 , -0.34034672 , -0.025696822
0.27866864 , -1.0933403 , -0.012762029
0.32766312 , -2.16358 , -0.0032682156
0.36893 , -3.3913214 , -0.0006228054
0.23260255 , -0.5173367 , -0.020152876
0.29080293 , -1.3394759 , -0.0072518205
0.33772275 , -2.4460335 , 0.00039335137
0.16911042 , -0.12881339 , -0.023184225
0.2475659 , -0.7077636 , -0.014291861
0.30235463 , -1.5946935 , -0.0021444573
0.34735644 , -2.7272084 , 0.0038375186
0.19172506 , -0.27753082 , -0.018859562
0.26137668 , -0.9121135 , -0.008360474
0.31340024 , -1.8562456 , 0.0025441574
0.35657334 , -3.0066142 , 0.0072164303
0.21097316 , -0.43339851 , -0.013989089
0.27431715 , -1.1295857 , -0.0025538378
0.32397246 , -2.1215703 , 0.006851564
0.36527514 , -3.2847254 , 0.010648759
0.22776704 , -0.59935033 , -0.008645719
0.28656396 , -1.3584865 , 0.0029948037
0.33407173 , -2.3886316 , 0.010866976
0.1636123 , -0.2326674 , -0.010809606
0.2428685 , -0.77725375 , -0.0029936833
0.29822776 , -1.5966116 , 0.008211572
0.34368986 , -2.6561952 , 0.014714052
0.18613377 , -0.37352565 , -0.006373662
0.25677824 , -0.96777326 , 0.0027765394
0.3093699 , -1.8416029 , 0.013078852
0.3528279 , -2.923931 , 0.018518344
0.20563367 , -0.52128375 , -0.0015415245
0.26980448 , -1.1704795 , 0.008493547
0.32001173 , -2.09129 , 0.017632363
0.3614328 , -3.192305 , 0.0223766
0.2226808 , -0.67819667 , 0.0036619855
0.2821331 , -1.3841096 , 0.014029231
0.33014718 , -2.3439968 , 0.021952644
0.15809491 , -0.32860103 , 0.0022217203
0.23796543 , -0.84580225 , 0.009135702
0.29387257 , -1.6068927 , 0.019308042
0.22199598 , -1.4409285 , 0.10921413
0.27500322 , -2.062935 , 0.114059225
0.31789058 , -2.8197048 , 0.11924278
0.16813147 , -1.0717561 , 0.11046165
0.23504558 , -1.5961443 , 0.11446937
0.2848959 , -2.248666 , 0.11917229
0.3251727 , -3.036307 , 0.12467608
0.18560599 , -1.2049845 , 0.115417615
0.24705318 , -1.7589337 , 0.11972635
0.29416856 , -2.4406912 , 0.1242707
0.33142745 , -3.2620823 , 0.13029893
0.20144409 , -1.344575 , 0.120533355
0.2581773 , -1.9290608 , 0.12495033
0.30281523 , -2.6390495 , 0.12940705
0.1427987 , -0.99228776 , 0.122640714
0.21576585 , -1.4912918 , 0.12576766
0.26852748 , -2.1061733 , 0.1301254
0.3107633 , -2.8441947 , 0.13465396
0.16169043 , -1.1205328 , 0.12743841
0.22877903 , -1.6455592 , 0.13105562
0.27817246 , -2.289914 , 0.13525164
0.31781995 , -3.0570917 , 0.14008655
0.17919971 , -1.2538716 , 0.13241942
0.24068867 , -1.807427 , 0.13634257
0.28715092 , -2.4800143 , 0.14034557
0.3237132 , -3.2792006 , 0.14574774
0.1950706 , -1.3934191 , 0.13758673
0.2516561 , -1.9766972 , 0.14159688
0.29547366 , -2.6763976 , 0.14544751
0.13633935 , -1.0364125 , 0.14010145
0.20937799 , -1.5401274 , 0.14287831
0.26179096 , -2.15307 , 0.14680439
0.30310115 , -2.8793387 , 0.15063171
0.15521827 , -1.1655898 , 0.14490652
0.22232246 , -1.6944728 , 0.14821358
0.2711601 , -2.3362346 , 0.15196012
0.3098736 , -3.0896704 , 0.15600218
0.17273958 , -1.2995473 , 0.14994322
0.23411126 , -1.8564974 , 0.1535392
0.2798003 , -2.5259142 , 0.15706645
0.31542608 , -3.3089168 , 0.16164972
0.18859388 , -1.4397465 , 0.15519713
0.24490502 , -2.0260208 , 0.15883146
0.28772786 , -2.7219138 , 0.16214094
0.12980466 , -1.0766461 , 0.15807368
0.2028387 , -1.587304 , 0.1605648
0.25480995 , -2.2028015 , 0.16408084
0.2949319 , -2.9242396 , 0.16723774
0.14874165 , -1.2070333 , 0.16289464
0.21568042 , -1.7426533 , 0.1659511
0.26388726 , -2.3865998 , 0.16928096
0.30131537 , -3.1333745 , 0.17247592
0.16624758 , -1.342009 , 0.16803122
0.22732656 , -1.9057704 , 0.17131318
0.27216527 , -2.5771818 , 0.17442426
0.30652225 , -3.350686 , 0.17802547
0.18202029 , -1.483527 , 0.1734074
0.2379319 , -2.076485 , 0.17663957
0.27965087 , -2.7743034 , 0.17950398
0.12318942 , -1.1132046 , 0.17660786
0.19614844 , -1.6327543 , 0.17885417
0.24759656 , -2.254623 , 0.18192716
0.28633645 , -2.9777248 , 0.18453047
0.14229663 , -1.2448899 , 0.18146025
0.20885463 , -1.789935 , 0.18427652
0.25637537 , -2.4400377 , 0.18717186
0.29217905 , -3.187386 , 0.18958315
0.1597376 , -1.381232 , 0.18676257
0.22033823 , -1.954942 , 0.18965435
0.26428726 , -2.6325862 , 0.19236444
0.29693943 , -3.404007 , 0.1948943
0.17534322 , -1.5247889 , 0.19228145
0.2307421 , -2.1276233 , 0.19498976
0.27132243 , -2.8320794 , 0.19748758
0.11649808 , -1.1462051 , 0.19579136
0.18930085 , -1.6764811 , 0.19777533
0.24015857 , -2.3078847 , 0.20028624
0.27744824 , -3.0382085 , 0.20251498
0.13592921 , -1.2790394 , 0.20072012
0.2018434 , -1.836213 , 0.20318581
0.24863751 , -2.4956813 , 0.20554464
0.28261092 , -3.2504814 , 0.20743126
0.15319885 , -1.4171953 , 0.20628017
0.21314697 , -2.00377 , 0.20852278
0.25619164 , -2.6909828 , 0.21076131
0.28667408 , -3.4684489 , 0.21236224
0.16853753 , -1.5636566 , 0.21189992
0.22333743 , -2.1790476 , 0.21379969
0.2627991 , -2.8937209 , 0.21592547
0.28875938 , -3.693262 , 0.21789533
0.182282 , -1.7185509 , 0.21734059
0.23249935 , -2.3620374 , 0.21902664
0.2684009 , -3.1037076 , 0.22101265
0.1296741 , -1.3090972 , 0.22094826
0.19463857 , -1.8814261 , 0.22262506
0.24067932 , -2.5527947 , 0.22421202
0.2728852 , -3.320487 , 0.22597215
0.14656328 , -1.4500113 , 0.22682352
0.20574686 , -2.052063 , 0.22778842
0.24788873 , -2.7513967 , 0.22935718
0.2760269 , -3.543029 , 0.23069869
0.16155392 , -1.6003789 , 0.23232546
0.21571197 , -2.2304394 , 0.23287088
0.25410068 , -2.957907 , 0.23446114
0.277038 , -3.769292 , 0.23521404
0.17506708 , -1.7590505 , 0.23741676
0.22461812 , -2.4166129 , 0.23787087
0.25925434 , -3.1722894 , 0.23946907
0.1902262 , 1.1703465 , -0.11608747
0.1774369 , 0.016335329 , -0.045497347
0.15611215 , -0.63785386 , 0.04382492
0.13172285 , -1.0473272 , 0.14809476
0.18559596 , 0.83218455 , -0.10124768
0.17160057 , -0.1684574 , -0.025513843
0.14932479 , -0.745822 , 0.067446776
0.12434075 , -1.1197771 , 0.1760268
0.18171994 , 0.5444571 , -0.08501875
0.16545483 , -0.3301372 , -0.0045559225
0.14243384 , -0.8422421 , 0.09189718
0.116843246 , -1.1855354 , 0.20603089
0.17759709 , 0.29425538 , -0.06748777
0.15907164 , -0.47162703 , 0.017293798
0.13540626 , -0.9291314 , 0.11724571
0.17894427 , 1.2788931 , -0.11845903
0.17285687 , 0.0755155 , -0.048756283
0.15251392 , -0.59579724 , 0.03997803
0.12817325 , -1.0081861 , 0.14363258
0.17672797 , 0.9245739 , -0.10391507
0.16750029 , -0.11548947 , -0.028932983
0.14581978 , -0.70535666 , 0.06347164
0.12060541 , -1.0806715 , 0.17132989
0.17507528 , 0.6241466 , -0.0879081
0.16165578 , -0.28193742 , -0.00812084
0.13899744 , -0.8027521 , 0.08778824
0.11244395 , -1.1470536 , 0.20095575
0.17239884 , 0.3634581 , -0.070565425
0.15546276 , -0.42696804 , 0.0135938935
0.13202126 , -0.8901201 , 0.112989485
0.16393206 , 1.3941542 , -0.120871276
0.16850588 , 0.13618541 , -0.052004047
0.14902996 , -0.5536723 , 0.036149673
0.1248193 , -0.9692727 , 0.13920373
0.16706629 , 1.0218762 , -0.10663846
0.16363138 , -0.061556164 , -0.032336775
0.14242588 , -0.6649558 , 0.059516214
0.11723229 , -1.0416591 , 0.16668029
0.16874489 , 0.7073921 , -0.090819046
0.15806055 , -0.23315465 , -0.011668467
0.1356802 , -0.7634255 , 0.08370099
0.10884682 , -1.1081816 , 0.1959735
0.16770822 , 0.4351614 , -0.07364225
0.15202616 , -0.3820009 , 0.009912201
0.1287856 , -0.85133976 , 0.108757965
0.14370205 , 1.5178661 , -0.12355761
0.16461153 , 0.19855267 , -0.055239763
0.14569238 , -0.5114368 , 0.03234015
0.121694 , -0.9306092 , 0.13480444
0.15858033 , 1.1250015 , -0.109459795
0.16012754 , -0.006518706 , -0.03572365
0.1391623 , -0.6245889 , 0.055580508
0.11430459 , -1.0028089 , 0.16206853
0.16380256 , 0.7947399 , -0.09375443
0.15474798 , -0.18369518 , -0.015197251
0.13249046 , -0.72424144 , 0.07963481
0.10647758 , -1.0691104 , 0.19104578
0.16402777 , 0.50971574 , -0.07671356
0.14880814 , -0.33666122 , 0.0062499214
0.12569372 , -0.81278193 , 0.10454968
0.09696605 , -1.1088655 , 0.22342879
0.15879491 , 1.4080693 , -0.09917204
0.1189834 , 0.11504346 , -0.021919372
0.08929233 , -0.4402764 , 0.07181581
0.068277285 , -0.7265441 , 0.18160826
0.25396493 , 1.7478126 , -0.17501847
0.22648972 , 1.4541969 , -0.16161317
0.26427758 , 1.8794203 , -0.16403623
0.2535686 , 1.5746595 , -0.15564007
0.23966932 , 1.3033742 , -0.14589593
0.22487535 , 1.0659124 , -0.13555253
0.23760049 , 1.3746352 , -0.1329598
0.23013207 , 1.1338753 , -0.12489746
0.22166364 , 0.9193966 , -0.11660643
0.2134386 , 0.72808814 , -0.10828017
0.2080454 , 0.5560942 , -0.10011453
0.20380634 , 0.7586341 , -0.096022025
0.20020917 , 0.58987105 , -0.08881469
0.1966894 , 0.4357734 , -0.081568025
0.19439775 , 0.29378375 , -0.07433752
0.19510044 , 0.16151156 , -0.06717485
0.1770976 , 0.3175671 , -0.06257158
0.17729226 , 0.19128658 , -0.055716373
0.17784822 , 0.0722589 , -0.04880314
0.17971826 , -0.04094781 , -0.04185713
0.1540733 , 0.1000402 , -0.037092306
0.15716933 , -0.0066136993 , -0.030265145
0.1601023 , -0.1091759 , -0.023344707
0.16346334 , -0.20849392 , -0.016351208
0.16787857 , -0.3053445 , -0.009307024
0.13742895 , -0.16300018 , -0.004692126
0.14226672 , -0.25427678 , 0.0023881523
0.1470187 , -0.34399593 , 0.009559578
0.15212584 , -0.4326269 , 0.016804319
0.15797642 , -0.5206099 , 0.024103029
0.124903895 , -0.36825702 , 0.028679837
0.13085733 , -0.45164087 , 0.036095206
0.1367027 , -0.5348556 , 0.04359554
0.14276999 , -0.61818856 , 0.051164422
0.108209915 , -0.45628217 , 0.055730246
0.115194716 , -0.53569543 , 0.06342911
0.12176296 , -0.6155749 , 0.07122321
0.12813057 , -0.6961303 , 0.07909844
0.1345825 , -0.7775772 , 0.08704721
0.100027785 , -0.5995361 , 0.09170196
0.107351385 , -0.67759633 , 0.09982149
0.11411347 , -0.75683945 , 0.10804513
0.12053396 , -0.83745384 , 0.116380736
0.12686764 , -0.91953385 , 0.12484956
0.093409695 , -0.7220952 , 0.12951803
0.100724466 , -0.8013513 , 0.13814959
0.107284844 , -0.8826573 , 0.14699472
0.11325867 , -0.9658824 , 0.15614091
0.079933465 , -0.7475143 , 0.16060457
0.088086516 , -0.8282502 , 0.16983902
0.09478904 , -0.9120826 , 0.17948902
0.10050077 , -0.9985168 , 0.18974566
0.072786845 , 1.7320496 , -0.078248054
0.08196509 , 2.2100852 , -0.073212095
0.089374624 , 1.8734536 , -0.071367346
0.09508878 , 1.5662283 , -0.07091071
0.097368896 , 1.2952338 , -0.07156835
0.098820254 , 1.0600935 , -0.07168734
0.09014136 , 1.3813454 , -0.06634984
0.099009946 , 1.1372439 , -0.06447527
0.1048823 , 0.92085105 , -0.062379427
0.10931275 , 0.7285886 , -0.059618972
0.08837282 , 0.95797175 , -0.05730918
0.098132215 , 0.76780844 , -0.053344183
0.10539219 , 0.5959249 , -0.04905716
0.11118664 , 0.4394209 , -0.044320982
0.117671795 , 0.2954251 , -0.039059702
0.094121926 , 0.46113384 , -0.03703954
0.102033995 , 0.32290977 , -0.031344134
0.108589955 , 0.1940229 , -0.025360456
0.11495833 , 0.072734654 , -0.019052284
0.12249849 , -0.042535238 , -0.012426157
0.09586699 , 0.10154614 , -0.010032966
0.10301036 , -0.0074161994 , -0.0032508324
0.10961157 , -0.112016164 , 0.0037455703
0.11651703 , -0.2132005 , 0.010962062
0.08756995 , -0.07325644 , 0.013934024
0.0952576 , -0.168483 , 0.021273509
0.10223702 , -0.26145375 , 0.02876151
0.109047815 , -0.35272974 , 0.03641048
0.11622672 , -0.44283566 , 0.044217892
0.085963644 , -0.29482496 , 0.04763676
0.0933907 , -0.38003093 , 0.055517454
0.100361146 , -0.4646769 , 0.06352533
0.10726191 , -0.5490894 , 0.071665384
0.11445281 , -0.6335863 , 0.07993324
0.08356552 , -0.47256735 , 0.08372355
0.090842 , -0.55301183 , 0.09207315
0.09770626 , -0.6338718 , 0.10054512
0.10445744 , -0.7153773 , 0.10913815
0.07317805 , -0.5431607 , 0.11328559
0.08090249 , -0.621136 , 0.122012265
0.08790122 , -0.7000435 , 0.13086794
0.09438561 , -0.78008413 , 0.1398471
0.10064492 , -0.8614292 , 0.14893036
0.070989504 , -0.6709887 , 0.15353735
0.07829603 , -0.7492092 , 0.16291058
0.08463574 , -0.8291807 , 0.1724141
0.09030609 , -0.9109907 , 0.1819962
0.09558963 , -0.9944377 , 0.19158915
0.06950556 , -0.78067064 , 0.19740115
0.07576942 , -0.86217564 , 0.20776871
0.08097892 , -0.9463621 , 0.21820095
0.08551714 , -1.0325257 , 0.2285713
0.061898995 , -0.79145277 , 0.23571925
0.3301964 , -4.547253 , -0.18550004
0.32890037 , -4.41966 , -0.18196836
0.34742343 , -4.96663 , -0.16947033
0.34673786 , -4.8428507 , -0.1650778
0.34614944 , -4.7215447 , -0.16042666
0.34534463 , -4.6028876 , -0.15525606
0.34461457 , -4.487058 , -0.14985521
0.3438129 , -4.374212 , -0.14411926
0.3430796 , -4.2644815 , -0.13820642
0.34234443 , -4.157977 , -0.1320745
0.34163392 , -4.0547934 , -0.12578613
0.34091207 , -3.9550161 , -0.11932351
0.34015265 , -3.8587298 , -0.11271207
0.33931482 , -3.7660258 , -0.10593197
0.3669005 , -4.2419853 , -0.09043504
0.36609253 , -4.154754 , -0.08333484
0.365405 , -4.0715327 , -0.07618034
0.36478546 , -3.9922955 , -0.068968415
0.36419204 , -3.91702 , -0.061682552
0.363592 , -3.8456857 , -0.054326143
0.36295658 , -3.7782738 , -0.0468926
0.36225918 , -3.714766 , -0.03938493
0.36147282 , -3.6551452 , -0.031798914
0.36056644 , -3.599397 , -0.024132019
0.35950223 , -3.5475137 , -0.016375635
0.35822457 , -3.4994996 , -0.008511758
0.38611996 , -3.9346926 , 0.008071488
0.38440177 , -3.8963792 , 0.015930869
0.38265488 , -3.8618605 , 0.02380352
0.3808291 , -3.8310258 , 0.03170148
0.37888363 , -3.8037748 , 0.039650135
0.3767972 , -3.7800157 , 0.047642343
0.37453765 , -3.7596607 , 0.055705108
0.37209222 , -3.7426274 , 0.063824885
0.369425 , -3.7288368 , 0.0720386
0.36650977 , -3.718216 , 0.080342144
0.36330932 , -3.7107027 , 0.08877573
0.35976395 , -3.7062535 , 0.09735193
0.38386974 , -4.15409 , 0.11241487
0.37976778 , -4.1614094 , 0.12090065
0.3752981 , -4.1712985 , 0.12934756
0.3708054 , -4.183619 , 0.13809349
0.36585164 , -4.1982265 , 0.14681251
0.3607649 , -4.2150207 , 0.15587403
0.35515624 , -4.233879 , 0.16500314
0.40170136 , -4.732819 , -0.06553504
0.3988953 , -4.604692 , -0.061772875
0.3965839 , -4.4791102 , -0.05838734
0.3938397 , -4.3562346 , -0.054394726
0.39105183 , -4.2361956 , -0.050154876
0.41135323 , -4.766337 , -0.048754048
0.4090479 , -4.649233 , -0.0442831
0.40657932 , -4.535176 , -0.03957704
0.40384278 , -4.424292 , -0.0344947
0.40096635 , -4.3166914 , -0.029198663
0.39795247 , -4.212463 , -0.023637485
0.39483893 , -4.111682 , -0.01788738
0.391649 , -4.014415 , -0.011931338
0.3883907 , -3.9207227 , -0.0058152573
0.38508275 , -3.830665 , 0.0004615756
0.38171655 , -3.7443042 , 0.006862583
0.37828594 , -3.6617103 , 0.013374223
0.40274885 , -4.1236634 , 0.015779937
0.39921108 , -4.0477524 , 0.022591604
0.39551863 , -3.9759164 , 0.02957314
0.39168447 , -3.9080987 , 0.03670452
0.38771975 , -3.8442547 , 0.04397492
0.3836349 , -3.7843435 , 0.051370077
0.3794365 , -3.7283273 , 0.05887903
0.37512892 , -3.6761684 , 0.06649167
0.37071165 , -3.6278315 , 0.07419479
0.36617634 , -3.5832844 , 0.08197946
0.3615061 , -3.542502 , 0.08982384
0.35665992 , -3.5054736 , 0.09771083
0.37973905 , -3.9385824 , 0.10053932
0.3743289 , -3.9120078 , 0.108843565
0.36877927 , -3.8890033 , 0.11728834
0.3630816 , -3.8694425 , 0.12582989
0.3572362 , -3.853214 , 0.13448192
0.3512373 , -3.8402166 , 0.14320156
0.3450796 , -3.8303552 , 0.15202765
0.3387344 , -3.8235397 , 0.16092566
0.3321987 , -3.8196857 , 0.16994514
0.32541937 , -3.8187115 , 0.17904304
0.31841168 , -3.8205483 , 0.18824543
0.3111309 , -3.8251357 , 0.19743131
0.33100486 , -4.284544 , 0.20257054
0.32310718 , -4.30114 , 0.21261056
0.3149605 , -4.3199196 , 0.22269727
0.30696738 , -4.340676 , 0.23280685
0.38124865 , -5.057351 , -0.117336296
0.26637256 , 1.2727066 , -0.24301642
0.29902902 , -1.0227584 , -0.23177662
0.3287239 , -3.0627887 , -0.22295333
0.23856817 , 3.1429193 , -0.24605471
0.27426186 , 0.65991795 , -0.23856053
0.30657947 , -1.5598963 , -0.22700101
0.3362253 , -3.5408118 , -0.21940847
0.24728161 , 2.4838445 , -0.24300928
0.28227186 , 0.06457617 , -0.23363185
0.3141608 , -2.0780144 , -0.22230232
0.34398052 , -4.005967 , -0.21606554
0.25569314 , 1.8360053 , -0.23923373
0.2904018 , -0.5109513 , -0.22837573
0.3217271 , -2.577687 , -0.21776178
0.35207063 , -4.4594183 , -0.21289705
0.26414332 , 1.2024051 , -0.23477778
0.29858315 , -1.0651236 , -0.2229578
0.329273 , -3.059926 , -0.2134295
0.23816387 , 3.043963 , -0.23724563
0.27274767 , 0.5862298 , -0.22971179
0.30671984 , -1.5973383 , -0.2175336
0.33684146 , -3.5259938 , -0.20932627
0.24659199 , 2.3777685 , -0.23369712
0.28151193 , -0.009495773 , -0.22414874
0.31472647 , -2.1078389 , -0.21222371
0.34451383 , -3.9772253 , -0.20544419
0.2550222 , 1.7255174 , -0.22941917
0.29035777 , -0.5823604 , -0.21825573
0.3225545 , -2.5974963 , -0.20710672
0.35236436 , -4.4148674 , -0.20175084
0.26383045 , 1.0901325 , -0.22443132
0.29915276 , -1.1309406 , -0.21222419
0.33020398 , -3.0675635 , -0.2022238
0.36035538 , -4.8399773 , -0.19820133
0.2729748 , 0.474916 , -0.21879175
0.30775747 , -1.6548961 , -0.2062241
0.33772153 , -3.519463 , -0.19758572
0.24887589 , 2.2166097 , -0.22212784
0.2823404 , -0.11694552 , -0.21263038
0.31606653 , -2.1547875 , -0.20037541
0.3451841 , -3.954615 , -0.19317862
0.25698167 , 1.5650927 , -0.21742433
0.2917541 , -0.68303084 , -0.20615084
0.32402912 , -2.6317592 , -0.19474562
0.35265973 , -4.3743124 , -0.18896939
0.26587626 , 0.93275607 , -0.21196115
0.30101028 , -1.2221395 , -0.19957525
0.33164984 , -3.087245 , -0.18936224
0.3601337 , -4.7796516 , -0.1849158
0.2753466 , 0.3231629 , -0.20578554
0.30992603 , -1.7342999 , -0.19308122
0.33897793 , -3.5227494 , -0.18422577
0.2547009 , 1.997914 , -0.20832556
0.28512612 , -0.26025248 , -0.19906369
0.37129128 , -4.342625 , -0.033701524
0.4402109 , -2.297189 , -0.025732107
0.40425682 , -3.063378 , -0.026543196
0.38552514 , -3.822369 , -0.028066263
0.36811498 , -4.526693 , -0.027660418
0.43821153 , -2.634973 , -0.017003415
0.40452525 , -3.3363178 , -0.02028404
0.3843253 , -4.043542 , -0.021958651
0.36326635 , -4.6852417 , -0.021751672
0.4364778 , -2.9353123 , -0.00996977
0.40402356 , -3.5863442 , -0.014168817
0.38195187 , -4.241703 , -0.015929047
0.1269725 , 1.9752866 , -0.0855754
0.25345898 , 0.5934896 , -0.08102699
0.3093054 , -1.0311959 , -0.069917
0.3473696 , -2.8635612 , -0.063857324
0.17466475 , 1.7168362 , -0.08642564
0.27050364 , 0.2515713 , -0.07867923
0.3197143 , -1.4572525 , -0.0689118
0.35623354 , -3.3329735 , -0.06487667
0.2076086 , 1.4337181 , -0.08569537
0.28526515 , -0.12075427 , -0.07665602
0.32922202 , -1.9022969 , -0.06833947
0.36569396 , -3.8077812 , -0.06661571
0.23299414 , 1.1211185 , -0.08411624
0.29822317 , -0.52011293 , -0.07499312
0.3380471 , -2.3629115 , -0.06820141
0.3770271 , -4.281106 , -0.06986884
0.25365368 , 0.77822816 , -0.082282886
0.30971423 , -0.9430552 , -0.07371
0.34643567 , -2.8356779 , -0.06851743
0.17428924 , 2.0368474 , -0.08281142
0.2710341 , 0.4064091 , -0.08048504
0.31999674 , -1.3861718 , -0.07280795
0.3546937 , -3.3169928 , -0.06934761
0.20758718 , 1.7009517 , -0.08345112
0.3467244 , -2.859423 , -0.07051758
0.1781918 , 2.1612923 , -0.08157275
0.2727355 , 0.4484333 , -0.08078409
0.32100886 , -1.3891145 , -0.07428479
0.35470316 , -3.346018 , -0.07134145
0.21051913 , 1.7999516 , -0.082226306
0.2875627 , 0.035347547 , -0.07942517
0.33012825 , -1.8570486 , -0.073830515
0.36295703 , -3.8355248 , -0.072924495
0.235889 , 1.4198589 , -0.08221343
0.30045405 , -0.3992174 , -0.07827797
0.33844382 , -2.3372436 , -0.07372877
0.37266806 , -4.32157 , -0.07553428
0.2566375 , 1.0193602 , -0.081657305
0.31176403 , -0.85233474 , -0.077387325
0.34617814 , -2.826518 , -0.0740088
0.18165538 , 2.4654968 , -0.07934195
0.2740631 , 0.59834194 , -0.0808543
0.32175732 , -1.3210181 , -0.076771624
0.35360825 , -3.3213778 , -0.074763
0.2132437 , 2.0586119 , -0.07965737
0.28896224 , 0.15807223 , -0.080018505
0.33065307 , -1.8023119 , -0.07643854
0.36121 , -3.8175638 , -0.07615064
0.23820569 , 1.6353877 , -0.08002141
0.30185 , -0.29937026 , -0.079276375
0.3386551 , -2.2932963 , -0.076400116
0.3700177 , -4.310461 , -0.07812851
0.25879163 , 1.1967608 , -0.08008854
0.3130802 , -0.77150965 , -0.078695826
0.34598058 , -2.7909913 , -0.0766917
0.1869205 , 2.7506633 , -0.07702134
0.27615812 , 0.74307704 , -0.07989647
0.32291594 , -1.2557195 , -0.07831081
0.35291547 , -3.2921534 , -0.077386506
0.21772319 , 2.3027918 , -0.07704141
0.29101267 , 0.27528495 , -0.079583645
0.28847846 , 3.0544238 , -0.050977465
0.328657 , 0.5883571 , -0.06026832
0.35094547 , -1.6430025 , -0.069358975
0.36168826 , -3.6812196 , -0.0744826
0.30488732 , 2.421514 , -0.051761393
0.3380662 , 0.0063290983 , -0.06146396
0.35546753 , -2.165252 , -0.070085496
0.3643207 , -4.164128 , -0.07418457
0.31864363 , 1.7949582 , -0.052593485
0.34589836 , -0.5614159 , -0.062680505
0.35891682 , -2.6740224 , -0.0705787
0.36679074 , -4.638819 , -0.07357837
0.33033153 , 1.1779847 , -0.053568773
0.3522281 , -1.1134312 , -0.063828744
0.36150086 , -3.1698074 , -0.07079264
0.30917606 , 3.0505438 , -0.044765294
0.340276 , 0.5737085 , -0.054705843
0.35715428 , -1.6489456 , -0.06482249
0.3634381 , -3.65346 , -0.07069375
0.32332373 , 2.4023943 , -0.04560354
0.34861246 , -0.015107263 , -0.05596287
0.36080974 , -2.1678257 , -0.06558778
0.3649312 , -4.1260386 , -0.070268914
0.3352952 , 1.763703 , -0.046451483
0.35540196 , -0.58628166 , -0.057253387
0.363355 , -2.6704888 , -0.06606735
0.36608866 , -4.5886097 , -0.069527484
0.34548837 , 1.1375968 , -0.047430567
0.36070547 , -1.138396 , -0.058468018
0.36496645 , -3.157781 , -0.06622149
0.33357483 , 2.9946156 , -0.038159966
0.35408524 , 0.52721536 , -0.048581492
0.36461425 , -1.6708559 , -0.05950035
0.3658234 , -3.6308258 , -0.06603033
0.34507588 , 2.3358645 , -0.039008338
0.36114088 , -0.06458554 , -0.04986849
0.36725003 , -2.183815 , -0.060265344
0.36608908 , -4.090851 , -0.06549549
0.35491213 , 1.6894742 , -0.03983419
0.36668122 , -0.635576 , -0.051192716
0.36875236 , -2.6780114 , -0.06070545
0.36585698 , -4.5390124 , -0.064635985
0.3633286 , 1.058496 , -0.040788442
0.37075877 , -1.1844225 , -0.052425094
0.36926585 , -3.1545715 , -0.060789384
0.3620739 , 2.8821044 , -0.031253792
0.37032762 , 0.44613904 , -0.04193225
0.37346417 , -1.7107531 , -0.053444717
0.3689309 , -3.6148212 , -0.060508825
0.37052557 , 2.2179346 , -0.032056987
0.3758609 , -0.14463039 , -0.04322644
0.37491164 , -2.2150161 , -0.05416363
0.36787188 , -4.060108 , -0.05987512
0.37783664 , 1.568709 , -0.03280828
0.3799163 , -0.7115778 , -0.04455042
0.37522006 , -2.6982315 , -0.054531217
0.36616173 , -4.491658 , -0.058912408
0.3841551 , 0.9374629 , -0.033703085
0.38254488 , -1.2535405 , -0.045753192
0.37450138 , -3.161738 , -0.054527324
0.39506498 , 2.710148 , -0.024081744
0.3892644 , 0.32757416 , -0.034820564
0.383843 , -1.7704484 , -0.04670629
0.37285578 , -3.6069891 , -0.054154005
0.40004474 , 2.0458848 , -0.024781058
0.39299297 , -0.25782993 , -0.03610251
0.38391957 , -2.263071 , -0.047328796
0.3703671 , -4.0353947 , -0.053428233
0.40440658 , 1.3988035 , -0.02540805
0.39529333 , -0.81656194 , -0.037392132
0.3828723 , -2.7326818 , -0.04758513
0.36708158 , -4.448214 , -0.052375115
0.40826982 , 0.772016 , -0.026217733
0.39622462 , -1.347747 , -0.0385146
0.3807791 , -3.1807663 , -0.047470216
0.3629566 , -4.846506 , -0.051020164
0.41115427 , 0.16921708 , -0.027301623
0.39589366 , -1.8517138 , -0.03934269
0.37769815 , -3.6088285 , -0.04699626
0.43403912 , 1.8162647 , -0.017258503
0.41275156 , -0.40625492 , -0.028559085
0.39440307 , -2.3295877 , -0.03981394
0.37366945 , -4.0182714 , -0.046183337
0.4349846 , 1.1766399 , -0.017699955
0.412992 , -0.95235926 , -0.029779373
0.39182717 , -2.7828665 , -0.03991531
0.36870527 , -4.4103355 , -0.04505364
0.43599194 , 0.55933535 , -0.018405052
0.4119549 , -1.4686732 , -0.030766632
0.38820833 , -3.2131207 , -0.039661
0.36276117 , -4.7860794 , -0.043627378
0.4362619 , -0.031407546 , -0.019459194
0.40975806 , -1.9560367 , -0.03140841
0.38356137 , -3.6218257 , -0.039074674
0.4729076 , 1.5270761 , -0.00950441
0.4353501 , -0.5920059 , -0.020679839
0.4064923 , -2.415956 , -0.03167227
0.37787881 , -4.0102963 , -0.038178433
0.46992344 , 0.90017444 , -0.009708427
0.4331905 , -1.1207492 , -0.021785835
0.4022037 , -2.8501213 , -0.03157386
0.3711303 , -4.379682 , -0.036988057
0.46762565 , 0.2974309 , -0.010318738
0.42989403 , -1.6178753 , -0.022572944
0.39689806 , -3.260128 , -0.031148965
0.36325547 , -4.730991 , -0.035513926
0.46482772 , -0.27606025 , -0.011369826
0.4255823 , -2.0848346 , -0.022963239
0.39054754 , -3.647354 , -0.030435381
0.51710576 , 1.1755126 , -0.0015770128
0.46097687 , -0.8165432 , -0.012539811
0.42032254 , -2.5235052 , -0.022964759
0.38309532 , -4.0129404 , -0.02945985
0.50960624 , 0.56677735 , -0.0014911518
0.45605013 , -1.3229693 , -0.013471785
0.41412568 , -2.9357185 , -0.022623632
0.37445903 , -4.3578544 , -0.028230645
0.5034785 , -0.016035926 , -0.0020508345
0.45019224 , -1.7964873 , -0.013984773
0.4069594 , -3.3230412 , -0.021996861
0.36454257 , -4.682978 , -0.026741257
0.4970732 , -0.5665883 , -0.0031415035
0.44351 , -2.2392092 , -0.014059458
0.39875656 , -3.6866999 , -0.0211382
0.56711155 , 0.76025903 , 0.006545347
0.48980093 , -1.0812466 , -0.004224688
0.43603033 , -2.6533284 , -0.013750903
0.3894146 , -4.0275946 , -0.02008548
0.5544057 , 0.17488469 , 0.0069395197
0.4817232 , -1.5601368 , -0.0048954873
0.42771962 , -3.0407434 , -0.01313343
0.3787936 , -4.3464 , -0.01884562
0.54380995 , -0.3824816 , 0.0063112048
0.4729987 , -2.005541 , -0.0050496813
0.4185055 , -3.4029381 , -0.0122807175
0.36673626 , -4.643747 , -0.017389545
0.533156 , -0.9039153 , 0.005129133
0.46368754 , -2.4201865 , -0.004748283
0.4082854 , -3.740965 , -0.011260658
0.6235297 , 0.2790261 , 0.014864322
0.5219468 , -1.3866779 , 0.0042134346
0.45375672 , -2.8064613 , -0.0040927804
0.39692137 , -4.055458 , -0.01012894
0.6047259 , -0.27781418 , 0.01551993
0.51034 , -1.83275 , 0.003920468
0.44311905 , -3.1662278 , -0.0031797173
0.3842233 , -4.346714 , -0.008909775
0.58882314 , -0.80354726 , 0.0146097
0.4984517 , -2.245626 , 0.0042113364
0.43165794 , -3.5008295 , -0.0020931729
0.3699521 , -4.6149263 , -0.0075636613
0.5731681 , -1.2887545 , 0.013336403
0.48625553 , -2.628472 , 0.0049382327
0.41923675 , -3.8111296 , -0.00090821536
0.6871147 , -0.26929197 , 0.023491343
0.55750996 , -1.7331433 , 0.012754592
0.4736409 , -2.983703 , 0.005961879
0.40569255 , -4.0975294 , 0.0003038062
0.66092557 , -0.79281306 , 0.024173873
0.5420218 , -2.1411424 , 0.01298342
0.46045935 , -3.313031 , 0.0071705654
0.39081046 , -4.35997 , 0.0014807817
0.6385538 , -1.2795887 , 0.02264614
0.526686 , -2.5172226 , 0.013801597
0.44654617 , -3.6175916 , 0.008474538
0.37428418 , -4.5980363 , 0.0026194535
0.6170947 , -1.7204641 , 0.021453183
0.51135284 , -2.8646865 , 0.014992805
0.43172735 , -3.8980324 , 0.009797007
0.35577655 , -4.8115034 , 0.003878739
0.596546 , -2.1200206 , 0.021466557
0.49582192 , -3.1857817 , 0.016394785
0.41581523 , -4.1545644 , 0.011063158
0.7232292 , -1.3726751 , 0.03251898
0.57686883 , -2.4850435 , 0.022364717
0.47987875 , -3.4819589 , 0.017887322
0.39859086 , -4.386931 , 0.012182082
0.69279104 , -1.8101864 , 0.03014424
0.55782044 , -2.8203776 , 0.023784796
0.46330774 , -3.7540705 , 0.019376174
0.379752 , -4.5942435 , 0.013026895
0.6648557 , -2.1977332 , 0.029567717
0.5391063 , -3.1291187 , 0.025479292
0.44589406 , -4.002505 , 0.020779163
0.3588023 , -4.7749767 , 0.013592566
0.6390957 , -2.5464582 , 0.030482395
0.5204307 , -3.4131703 , 0.027281197
0.42741755 , -4.2272644 , 0.022011138
0.7911685 , -2.0187228 , 0.039209213
0.6149676 , -2.8640738 , 0.032192007
0.50151104 , -3.6736174 , 0.029072523
0.4076398 , -4.4279785 , 0.022959866
0.75101835 , -2.391679 , 0.0371177
0.59196156 , -3.1550596 , 0.034295056
0.48208076 , -3.91097 , 0.030762792
0.3862875 , -4.603822 , 0.023447486
0.7163238 , -2.7177413 , 0.037991274
0.5696327 , -3.4219944 , 0.036557093
0.4618847 , -4.125314 , 0.03226923
0.36297342 , -4.7528067 , 0.023089206
0.68515885 , -3.0106792 , 0.04004932
0.54759 , -3.666286 , 0.03884776
0.44067135 , -4.316399 , 0.033510003
0.20157802 , 2.277666 , -0.14468321
0.2342755 , 3.5619 , -0.16107677
0.30398488 , 3.0228438 , -0.13036309
0.4964537 , 0.26840448 , -0.051030874
0.20687674 , 2.7369547 , -0.1519892
0.24380426 , 3.6576703 , -0.15826969
0.33586985 , 2.5966353 , -0.115447246
0.5707882 , -0.6931935 , -0.02543065
0.21343328 , 3.1287954 , -0.15743315
0.25671503 , 3.6392677 , -0.152569
0.37684447 , 2.0360765 , -0.097804025
0.65763944 , -1.7912618 , 0.0024903496
0.22062255 , 3.4434352 , -0.16051185
0.2743643 , 3.4964204 , -0.14390059
0.42829445 , 1.3406526 , -0.07751464
0.18829966 , 2.2789161 , -0.14312658
0.22869292 , 3.6682475 , -0.16099587
0.2981775 , 3.2231174 , -0.13232063
0.4915128 , 0.5135794 , -0.054749217
0.19612773 , 2.7622964 , -0.15063559
0.23855162 , 3.7889788 , -0.15870447
0.32967383 , 2.813348 , -0.11789355
0.56774104 , -0.4440007 , -0.029609108
0.20528235 , 3.1783414 , -0.15625769
0.2514337 , 3.794836 , -0.15339595
0.37033856 , 2.2663758 , -0.10056859
0.6575798 , -1.5345261 , -0.0017377433
0.21420307 , 3.51823 , -0.15999913
0.26879516 , 3.6743057 , -0.14540343
0.4217654 , 1.5807167 , -0.08089949
0.17041837 , 2.2725933 , -0.14125335
0.22319637 , 3.7691183 , -0.16068639
0.29213226 , 3.4215372 , -0.13407287
0.4855917 , 0.7604217 , -0.058191806
0.18393923 , 2.7808695 , -0.14902276
0.23339227 , 3.9154413 , -0.1589764
0.32306245 , 3.029134 , -0.12018311
0.56395584 , -0.19334324 , -0.03345707
0.19714162 , 3.2212694 , -0.15567969
0.24618575 , 3.9464376 , -0.1546308
0.36314413 , 2.4968452 , -0.10380891
0.6596107 , -1.2783043 , -0.007466624
0.20813626 , 3.586723 , -0.15782739
0.2631609 , 3.849019 , -0.14555989
0.41412273 , 1.8217378 , -0.082647085
0.14425965 , 2.2554984 , -0.1435371
0.2180518 , 3.8642998 , -0.16253601
0.20135291 , -4.470277 , 0.39492843
0.29663566 , -3.4759607 , 0.21227509
0.23841402 , -4.148541 , 0.3270136
0.17182986 , -4.788897 , 0.45089883
0.27363518 , -3.812167 , 0.26162517
0.21086332 , -4.47165 , 0.38011098
0.14013688 , -5.108584 , 0.5090453
0.24767764 , -4.1455436 , 0.31273186
0.18164375 , -4.7923765 , 0.43546474
0.28276834 , -3.8028898 , 0.2475008
0.22029291 , -4.471774 , 0.36544973
0.15032093 , -5.113704 , 0.49321625
0.25687885 , -4.1411524 , 0.29850128
0.19138058 , -4.7945776 , 0.42021552
0.29184625 , -3.79175 , 0.23335803
0.22963317 , -4.4706774 , 0.3509305
0.16044235 , -5.1174774 , 0.47742417
0.26601884 , -4.135305 , 0.2842944
0.20102818 , -4.7955594 , 0.4051508
0.3008538 , -3.7785711 , 0.21922201
0.2388757 , -4.468373 , 0.33653736
0.17049439 , -5.1199474 , 0.46174723
0.2751 , -4.127906 , 0.27008456
0.21057618 , -4.7953725 , 0.39026654
0.3097568 , -3.7631729 , 0.20524198
0.24801028 , -4.464837 , 0.32225242
0.18046808 , -5.121172 , 0.44623238
0.28412747 , -4.11878 , 0.25584558
0.22001588 , -4.794055 , 0.37555778
0.14807284 , -5.448397 , 0.50448513
0.2570198 , -4.460023 , 0.30805627
0.19035545 , -5.121215 , 0.43089998
0.29310727 , -4.107687 , 0.24154744
0.22933903 , -4.7916036 , 0.36101958
0.1584799 , -5.4494967 , 0.48869962
0.26587468 , -4.4538226 , 0.29393005
0.20015377 , -5.1201496 , 0.4157586
0.30205312 , -4.094184 , 0.22715087
0.2385339 , -4.7879834 , 0.3466469
0.16886322 , -5.4493475 , 0.4729571
0.27451435 , -4.446112 , 0.27986094
0.2098718 , -5.1180186 , 0.4008147
0.31099603 , -4.077575 , 0.21261396
0.24758497 , -4.7830863 , 0.3324347
0.1792362 , -5.448033 , 0.4573547
0.2828286 , -4.436658 , 0.26584917
0.21953686 , -5.1148334 , 0.3860763
0.31988043 , -4.0562997 , 0.19819832
0.2564888 , -4.7767806 , 0.31838042
0.18963139 , -5.4456573 , 0.4419305
0.093402594 , -1.4394846 , 0.3212545
0.063150905 , -1.7681617 , 0.43890813
0.027501874 , -2.1042075 , 0.57348984
0.083674654 , -1.6072586 , 0.3711093
0.050105777 , -1.9483374 , 0.49617344
0.10281617 , -1.4524579 , 0.3082934
0.07202982 , -1.7848823 , 0.42422357
0.035920784 , -2.1287415 , 0.556886
0.09277056 , -1.6213884 , 0.35739323
0.05886599 , -1.967904 , 0.4806862
0.11209579 , -1.4647503 , 0.29548347
0.081019014 , -1.8008257 , 0.40972328
0.044488095 , -2.1523254 , 0.5405209
0.101863995 , -1.6345735 , 0.34382388
0.06772661 , -1.9865993 , 0.46538073
0.12115074 , -1.4760567 , 0.28275776
0.09003437 , -1.8158717 , 0.39540488
0.053152796 , -2.1748867 , 0.5243709
0.11091163 , -1.6467953 , 0.3303955
0.07663345 , -2.0043397 , 0.45026186
0.037263315 , -2.3639708 , 0.5875353
0.099028274 , -1.829934 , 0.38126302
0.061875705 , -2.1963468 , 0.5084252
0.11987977 , -1.6580583 , 0.31708091
0.08554687 , -2.0210407 , 0.435332
0.045771055 , -2.3898025 , 0.57028604
0.10797921 , -1.8429378 , 0.36728805
0.07062778 , -2.216641 , 0.4926794
0.12873648 , -1.6681983 , 0.30384234
0.09444176 , -2.0366356 , 0.42059097
0.05431586 , -2.4143946 , 0.5534905
0.116875306 , -1.8548546 , 0.35346225
0.07938817 , -2.2357068 , 0.47713184
0.13747628 , -1.6769879 , 0.29061624
0.10330294 , -2.051059 , 0.40603545
0.06288336 , -2.4376714 , 0.53700906
0.12570173 , -1.8656276 , 0.3397599
0.08814231 , -2.2534945 , 0.46178156
0.14611188 , -1.6841635 , 0.27718398
0.1121216 , -2.0642686 , 0.3916576
0.07146435 , -2.4595659 , 0.5207832
0.13444467 , -1.8751737 , 0.32615304
0.09687977 , -2.269955 , 0.44662684
0.053259056 , -2.6679592 , 0.5837239
0.12089 , -2.0762217 , 0.3774431
0.08005228 , -2.4800267 , 0.5047869
0.14309642 , -1.8833491 , 0.3126127
0.10559307 , -2.285053 , 0.4316647
0.06164615 , -2.6928928 , 0.56647545
0.12960015 , -2.0868802 , 0.36337194
0.088641554 , -2.4990094 , 0.48900735
0.1516588 , -1.8900237 , 0.2990918
0.11427604 , -2.298754 , 0.41688904
0.070057295 , -2.7162738 , 0.5496598
0.13824396 , -2.096177 , 0.34942126
0.09722728 , -2.5164819 , 0.4734371
0.16013741 , -1.8950691 , 0.28547984
0.122923076 , -2.3110332 , 0.4022897
0.078489855 , -2.7380555 , 0.53316104
0.14681675 , -2.1040425 , 0.3355682
0.105804645 , -2.5324156 , 0.45807055
0.16853656 , -1.8984293 , 0.27155277
0.13152823 , -2.321857 , 0.38785222
0.0869407 , -2.7582047 , 0.5169262
0.15531719 , -2.1103876 , 0.32178822
0.11436901 , -2.5467925 , 0.44290155
0.066337146 , -2.9870226 , 0.5793659
0.14008644 , -2.3311923 , 0.37355885
0.095406115 , -2.7766948 , 0.5009288
0.16374777 , -2.1151567 , 0.3080466
0.122915424 , -2.5595925 , 0.427922
0.07465861 , -3.009989 , 0.5622417
0.14859377 , -2.3389902 , 0.3593899
0.10388195 , -2.7935104 , 0.48515427
0.17211103 , -2.118302 , 0.29428196
0.1314392 , -2.5707996 , 0.41312107
0.083018035 , -3.0311933 , 0.5454847
0.1570488 , -2.3452134 , 0.34532493
0.112363525 , -2.8086383 , 0.46959287
0.18040846 , -2.119837 , 0.28039202
0.13993578 , -2.5803905 , 0.39848498
0.09141218 , -3.0506237 , 0.52902514
0.16545138 , -2.3498228 , 0.33134156
0.12084602 , -2.8220716 , 0.45423594
0.06855875 , -3.2955823 , 0.5919734
0.14840184 , -2.5883455 , 0.38399756
0.09983631 , -3.0682733 , 0.5128248
0.17380281 , -2.3528125 , 0.31741217
0.12932435 , -2.8337996 , 0.4390743
0.07689809 , -3.3176413 , 0.5746441
0.15683483 , -2.5946403 , 0.36964056
0.10828488 , -3.0841436 , 0.49686214
0.18210344 , -2.3541887 , 0.30349872
0.13779388 , -2.8438168 , 0.4240969
0.08528917 , -3.3378365 , 0.5576693
0.16523372 , -2.5992658 , 0.3553939
0.11675181 , -3.0982354 , 0.48112372
0.19035281 , -2.3540068 , 0.28954968
0.14625044 , -2.85211 , 0.40929043
0.09372751 , -3.3561776 , 0.5410093
0.17359762 , -2.6022182 , 0.34123564
0.12523091 , -3.1105535 , 0.46559906
0.19854677 , -2.3523364 , 0.2755124
0.15469074 , -2.8586748 , 0.3946392
0.10220638 , -3.3726792 , 0.5246246
0.18192616 , -2.6035242 , 0.32714102
0.13371614 , -3.1210978 , 0.45027804
0.07710685 , -3.6375623 , 0.5867423
0.16311195 , -2.8635058 , 0.38012505
0.11071817 , -3.3873591 , 0.50849056
0.19021791 , -2.6032212 , 0.31308207
0.14220193 , -3.129872 , 0.4351497
0.085641086 , -3.6563315 , 0.56961834
0.1715121 , -2.8666136 , 0.36572734
0.11925473 , -3.4002335 , 0.49259174
0.19847097 , -2.601389 , 0.29902893
0.15068321 , -3.1368752 , 0.42020077
0.094227225 , -3.6732326 , 0.55279857
0.17988892 , -2.8680143 , 0.35142323
0.12780806 , -3.411319 , 0.47691682
0.20668098 , -2.5981214 , 0.28495875
0.15915564 , -3.1421137 , 0.40541556
0.10285618 , -3.6882987 , 0.5362555
0.1882405 , -2.8677502 , 0.33718795
0.13637039 , -3.4206278 , 0.46145564
0.21484241 , -2.5935643 , 0.2708727
0.16761513 , -3.145594 , 0.3907755
0.11151804 , -3.7015653 , 0.5199682
0.19656411 , -2.8658733 , 0.32299554
0.14493454 , -3.4281733 , 0.44619736
0.08445827 , -3.9845488 , 0.5812444
0.17605811 , -3.1473353 , 0.3762589
0.12020257 , -3.7130632 , 0.50392294
0.20485693 , -2.8624692 , 0.30882257
0.15349367 , -3.4339654 , 0.43112925
0.09328432 , -3.9996696 , 0.5643187
0.18448094 , -3.1473613 , 0.3618413
0.12889975 , -3.722823 , 0.48810983
0.21311507 , -2.8576384 , 0.2946562
0.16204157 , -3.4380183 , 0.41623572
0.10214602 , -4.013018 , 0.5476518
0.1928803 , -3.1457133 , 0.3474958
0.13759993 , -3.7308686 , 0.4725199
0.22133416 , -2.851523 , 0.28050944
0.17057219 , -3.4403453 , 0.40149793
0.11103146 , -4.0246444 , 0.5312319
0.2012527 , -3.1424408 , 0.33319446
0.14629394 , -3.737225 , 0.4571434
0.082123816 , -4.320002 , 0.59247935
0.17907986 , -3.4409657 , 0.3868934
0.119928844 , -4.0345926 , 0.5150514
0.20959522 , -3.1376147 , 0.31891084
0.15497279 , -3.741914 , 0.44196868
0.09125754 , -4.3330226 , 0.57551926
0.18755904 , -3.4399002 , 0.37239596
0.12882665 , -4.042905 , 0.49910524
0.2179051 , -3.1313193 , 0.30462748
0.16362773 , -3.7449582 , 0.42698118
0.10041078 , -4.3443727 , 0.5587719
0.19600487 , -3.4371743 , 0.35797596
0.13771376 , -4.0496187 , 0.48338753
0.22618052 , -3.1236687 , 0.2903513
0.17224994 , -3.7463768 , 0.41216272
0.10957061 , -4.3541107 , 0.5422436
0.2044131 , -3.4328156 , 0.34360132
0.14657924 , -4.0547714 , 0.4678911
0.23442014 , -3.1148036 , 0.27613944
0.18083064 , -3.7461889 , 0.39749086
0.11872452 , -4.36229 , 0.52593803
0.21278094 , -3.4268565 , 0.32923883
0.15541215 , -4.058399 , 0.452606
0.08844652 , -4.670705 , 0.5863795
0.18936111 , -3.7444067 , 0.38293868
0.12786055 , -4.3689604 , 0.5098589
0.2211074 , -3.4193354 , 0.3148582
0.16420111 , -4.0605364 , 0.43751937
0.097918175 , -4.679789 , 0.56960815
0.19783321 , -3.7410338 , 0.36847463
0.13696696 , -4.3741693 , 0.4940067
0.22939414 , -3.4103 , 0.30044213
0.1729342 , -4.0612154 , 0.42261416
0.10737304 , -4.6873784 , 0.55300283
0.20623982 , -3.7360616 , 0.3540633
0.14603192 , -4.377966 , 0.47837797
0.23764648 , -3.399821 , 0.28601354
0.18159883 , -4.0604587 , 0.4078685
0.1167997 , -4.6935267 , 0.5365838
0.21457554 , -3.7294629 , 0.33966565
0.15504308 , -4.380398 , 0.46296528
0.24587345 , -3.3879979 , 0.27169645
0.19018182 , -4.058279 , 0.39325544
0.12618694 , -4.698285 , 0.5203716
0.22283785 , -3.7211938 , 0.32523948
0.163987 , -4.3815126 , 0.44775677
0.09484427 , -5.016841 , 0.5801822
0.1986694 , -4.0546656 , 0.3787428
0.20585136 , -4.2924957 , 0.37401965
0.14196934 , -4.9516783 , 0.4987617
0.2379574 , -3.9382162 , 0.30623072
0.17975791 , -4.6240854 , 0.4276285
0.11050181 , -5.277664 , 0.55750346
0.21406908 , -4.2861576 , 0.3595039
0.15133892 , -4.951353 , 0.48306322
0.24565971 , -3.9238281 , 0.291395
0.18846749 , -4.620847 , 0.41277376
0.12039418 , -5.2785125 , 0.54103035
0.22207278 , -4.278294 , 0.3449651
0.16060388 , -4.9499164 , 0.46757635
0.25318834 , -3.9065282 , 0.27623957
0.19699837 , -4.6163454 , 0.3980138
0.13025193 , -5.278172 , 0.52475244
0.22978751 , -4.268706 , 0.33035475
0.16974434 , -4.947379 , 0.4522837
0.09726544 , -5.608212 , 0.5844481
0.20530373 , -4.6104717 , 0.38330013
0.14007916 , -5.2767186 , 0.50869966
0.23706095 , -4.257177 , 0.3156153
0.17874405 , -4.943685 , 0.43716168
0.10773657 , -5.607538 , 0.567753
0.21330892 , -4.603013 , 0.3685771
0.14988491 , -5.274232 , 0.4928798
0.24355575 , -4.2432766 , 0.30066842
0.18760945 , -4.938744 , 0.42218244
0.11831767 , -5.605655 , 0.551144
0.16841517 , -1.7044894 , 0.24282269
0.22516766 , -2.3693233 , 0.23762079
0.26567614 , -3.1298645 , 0.23423068
0.28995907 , -3.9880216 , 0.2297008
0.075105056 , -2.9623144 , 0.5586926
0.097471535 , -3.967607 , 0.5569151
0.110256165 , -5.0102634 , 0.5555429
0.13069445 , -1.3881857 , 0.2465495
1.0618318 , -6.166546 , 0.09199405
1.435056 , -10.149626 , 0.17004141
0.8797689 , -4.0205193 , 0.05636891
1.2188785 , -8.041006 , 0.13072734
1.6194525 , -11.939439 , 0.20165613
1.0244669 , -5.947031 , 0.089157425
1.3872044 , -9.846117 , 0.16738367
0.84682983 , -3.8629246 , 0.05485211
1.1771806 , -7.783223 , 0.12778074
1.5664558 , -11.597736 , 0.19928502
0.9883064 , -5.7364326 , 0.08663008
1.3406835 , -9.549986 , 0.16474113
1.7563845 , -13.302743 , 0.22751558
1.1368155 , -7.533104 , 0.12492067
1.5147682 , -11.263128 , 0.19694647
0.95333534 , -5.5356336 , 0.08436531
1.295489 , -9.261384 , 0.16212043
1.6991144 , -12.929207 , 0.22442798
1.0977294 , -7.2909417 , 0.12217478
1.4643956 , -10.935792 , 0.19463876
0.9195697 , -5.345481 , 0.082289994
1.2516028 , -8.980442 , 0.15953004
1.6431711 , -12.562671 , 0.2218094
1.059872 , -7.0571923 , 0.11955902
1.4153304 , -10.615877 , 0.19236028
0.8870467 , -5.16645 , 0.080324955
1.2089962 , -8.707352 , 0.15697931
1.5885457 , -12.203298 , 0.21941952
1.0232095 , -6.832273 , 0.11707457
1.3675559 , -10.303552 , 0.19010997
0.8557934 , -4.9989586 , 0.078398176
1.1676388 , -8.442293 , 0.15447731
1.5352237 , -11.851268 , 0.21720138
0.9877192 , -6.6166854 , 0.11470849
1.3210523 , -9.998961 , 0.18788752
0.82583284 , -4.843069 , 0.07645138
1.1274986 , -8.185521 , 0.15203081
