-0.48918772 , -8.811554 , -0.21735919
-0.38132042 , -6.0826826 , -0.047594804
-0.22001968 , -2.1931705 , 0.21585035
-0.17699757 , 0.8628906 , 0.48066723
-0.6251355 , -4.9553466 , 0.05070976
-0.8598444 , -8.961568 , -0.1353353
-0.15099671 , 1.8574843 , 0.72596353
-0.16234726 , 1.890994 , 0.7306346
0.3501656 , -2.6925306 , 0.69267297
0.57702565 , -3.1998372 , 0.66140306
-0.031961665 , 1.6341283 , 0.7005357
0.29021007 , -1.8927033 , 0.6617036
0.14935821 , -0.8496676 , 0.6581533
0.023422595 , 0.33586988 , 0.6518671
-0.038656075 , 1.4980379 , 0.75247085
0.040085655 , 0.18506059 , 0.7523602
-0.15977609 , 1.8600094 , 0.66986597
-0.14621437 , 1.828337 , 0.6725893
-0.1169071 , 1.7564268 , 0.703048
0.34597608 , -2.2733533 , 0.6660856
0.08424332 , -0.20420344 , 0.7533735
0.22358295 , -1.3216289 , 0.74718696
0.3429961 , -2.309675 , 0.7388218
0.4133666 , -2.8220239 , 0.73143405
0.015834834 , 0.4363415 , 0.6577869
-0.055274628 , 1.3843583 , 0.7612788
0.050116625 , 0.08686954 , 0.75773686
0.19057013 , -1.0637639 , 0.7518131
-0.20978294 , 2.0413203 , 0.6700646
-0.06803066 , 1.6730282 , 0.7078829
0.31271365 , -2.0468564 , 0.6708101
0.17182738 , -1.0185163 , 0.668404
0.2555394 , -1.5666287 , 0.7520852
0.3564519 , -2.5257154 , 0.74127126
0.4930791 , -3.0250874 , 0.7365284
-0.110264555 , 1.736281 , 0.7101278
-0.048443656 , 1.0508581 , 0.7655518
0.08300257 , -0.20111497 , 0.76238847
0.22328381 , -1.3151699 , 0.7567477
0.3435518 , -2.3145158 , 0.7485194
0.0029796087 , 1.5825098 , 0.7054273
0.27863 , -1.807281 , 0.67646843
0.13975963 , -0.75075513 , 0.673729
0.017498037 , 0.4331245 , 0.66752213
0.34466606 , -2.6970546 , 0.69799954
0.5596594 , -3.2191556 , 0.7435266
-0.06722133 , 1.6561995 , 0.7157474
0.31239182 , -2.0451338 , 0.67960864
0.20103507 , -1.1410993 , 0.76403326
0.3286515 , -2.1639888 , 0.7571583
0.3898285 , -2.788068 , 0.70606965
0.5250308 , -3.0663176 , 0.68445987
-0.21366729 , 2.0391831 , 0.75670785
-0.22526388 , 2.0795836 , 0.7608334
0.37878332 , -2.6496706 , 0.677118
0.2616125 , -1.6836567 , 0.68254894
0.124400765 , -0.61243916 , 0.6796102
0.22232203 , -1.3911363 , 0.68541783
0.088802025 , -0.2924623 , 0.6813166
-0.015442748 , 0.931324 , 0.6774255
0.27121466 , -1.681874 , 0.76764697
0.35327327 , -2.6527755 , 0.75118905
0.5289619 , -3.1339777 , 0.75289446
-0.0036751644 , 1.5543675 , 0.78334117
0.2840975 , -1.8436449 , 0.6888313
0.10940714 , -0.47542676 , 0.6855706
-0.014720907 , 0.9275773 , 0.6831592
-0.014410252 , 0.6267691 , 0.7802152
0.14977635 , -0.74455875 , 0.7753597
0.30644506 , -1.9634883 , 0.7691145
0.38165727 , -2.808063 , 0.729168
0.49185362 , -2.98805 , 0.69567764
0.28403962 , -1.8422468 , 0.6919952
0.20034544 , -1.2187184 , 0.6915468
0.05092222 , 0.083281696 , 0.6860351
-0.051833518 , 1.4854797 , 0.9931634
0.051903293 , 0.038648263 , 0.78121614
0.21718606 , -1.2617077 , 0.77628297
0.35401818 , -2.4375331 , 0.76794297
0.5075644 , -3.0798984 , 0.75936097
-0.1561989 , 1.868978 , 0.6907243
-0.14253224 , 1.8270361 , 0.69364053
0.0377708 , 0.22897041 , 0.6881469
0.022505052 , 1.4353079 , 0.7629183
-0.015708301 , 0.619255 , 0.78544295
0.12634207 , -0.5636594 , 0.78234917
0.26599 , -1.6352191 , 0.7777926
0.35867652 , -2.6342058 , 0.7696332
0.51277685 , -3.0570297 , 0.70809436
0.56448543 , -3.2026691 , 0.7033028
0.57345814 , -3.26323 , 0.7640258
-0.11388371 , 1.7405429 , 0.6958559
-0.057597596 , -2.4915764 , 1.7008845
-0.09203574 , -2.5204241 , 1.6726937
-0.21553127 , -2.3259106 , 1.556101
-0.114655286 , -2.077689 , 1.5560437
-0.16412179 , -1.0347021 , 1.3227484
-0.18578725 , 0.5819088 , 1.0401527
-0.14739412 , 1.667615 , 0.7902457
-0.15243898 , -1.7540323 , 1.4649439
-0.08247123 , 0.47776225 , 1.001775
-0.07115333 , -0.8387472 , 1.278725
-0.048533436 , -1.9327375 , 1.550404
-0.07801494 , 0.09792738 , 1.0800734
-0.063592374 , -1.1759069 , 1.3551573
-0.039393734 , -2.1739519 , 1.6250148
-0.17567025 , 0.7129959 , 1.0124439
-0.0773092 , 1.5673455 , 0.72258157
-0.0766852 , 0.4589596 , 1.0018309
-0.062267765 , -1.1287845 , 1.3442221
-0.03899083 , -2.1336193 , 1.6144439
-0.11053634 , -2.024356 , 1.5466835
-0.07269431 , 0.98765975 , 0.8782697
-0.07043337 , -0.28383934 , 1.1577069
-0.053598877 , -1.4830878 , 1.4312961
-0.07077341 , 0.64174503 , 0.95702016
-0.06463783 , -0.64593726 , 1.2347666
-0.04548027 , -1.7621948 , 1.5071865
-0.17105664 , 0.12202586 , 1.1123323
-0.13798842 , 1.2964584 , 0.87980837
-0.06547361 , 0.96164095 , 0.87848294
-0.062921196 , -0.5983593 , 1.2237589
-0.04459142 , -1.7194378 , 1.4963427
-0.08328187 , -2.3527024 , 1.6465483
-0.052549824 , 1.3943434 , 0.75522786
-0.065532744 , 0.26919934 , 1.0354811
-0.055970136 , -0.98826724 , 1.3113539
-0.054906648 , 1.1073569 , 0.8338686
-0.06212488 , -0.0975128 , 1.1133721
-0.04897571 , -1.3034011 , 1.3876654
-0.15713196 , -0.45771572 , 1.2122588
-0.14868206 , 0.78756154 , 0.983599
-0.039909206 , 1.3630964 , 0.7555368
-0.059955575 , -0.052363146 , 1.1022716
-0.047738936 , -1.2585351 , 1.3767443
-0.028160231 , -2.1881857 , 1.646082
-0.10699898 , 1.3472188 , 0.84878576
-0.054104716 , 0.7759968 , 0.9124854
-0.05538254 , -0.46114674 , 1.190669
-0.015343206 , 1.4776748 , 0.7110707
-0.054740712 , 0.43367094 , 0.99087846
-0.05000343 , -0.803542 , 1.2674896
-0.13631201 , -0.99005795 , 1.3131781
-0.15141983 , 0.22803117 , 1.084377
-0.09503782 , 1.316438 , 0.8476776
-0.04833087 , 0.7524757 , 0.9126367
-0.051059444 , -0.46831673 , 1.1906241
-0.036225453 , -1.5808965 , 1.4636638
-0.045529716 , -2.3821845 , 1.704565
-0.11139457 , -1.577661 , 1.4435197
-0.14599149 , -0.4720574 , 1.2120486
-0.13474554 , 0.7404918 , 0.98269624
-0.011064396 , 1.3018383 , 0.75679123
-0.039585374 , 0.8598884 , 0.87927914
-0.047766406 , -0.32928205 , 1.1575245
-0.034733962 , -1.4570836 , 1.4310144
-0.023713183 , -2.2913551 , 1.7022309
-0.041564528 , 0.6730852 , 0.9240211
-0.044476572 , -0.52704793 , 1.2015576
-0.030175485 , -1.6086216 , 1.4744374
-0.06908702 , -2.3244154 , 1.6859118
-0.04215381 , 0.48003063 , 0.96872914
-0.040891685 , -0.7185704 , 1.2454418
-0.025736934 , -1.7500744 , 1.5177505
0.24480554 , 0.30324402 , 1.775022
0.08473014 , -1.6067541 , 1.6738557
0.18764064 , -0.9398282 , 1.6775564
0.28378782 , -0.14389779 , 1.6840134
0.36730573 , 0.11094911 , 1.5738583
0.3664472 , -2.0531423 , 1.065127
0.33615428 , -1.0501245 , 1.3438466
0.2813272 , 0.06674221 , 1.6384711
0.37992948 , -0.05604103 , 1.5363417
0.36542815 , -1.9161617 , 1.1089593
0.3301995 , -0.8715982 , 1.3896325
0.27141622 , 0.25775126 , 1.6895443
0.39220014 , -0.2283534 , 1.4999576
0.36358997 , -1.7690761 , 1.1530696
0.32342285 , -0.6873709 , 1.4358467
0.26082012 , 0.4502702 , 1.7437688
0.4039538 , -0.4051878 , 1.4642254
0.3608984 , -1.6126814 , 1.1974581
0.31582117 , -0.49806762 , 1.4825597
0.3465387 , 0.5724103 , 1.6669284
0.4150568 , -0.58572924 , 1.4288504
0.3558443 , -1.4041772 , 1.2533783
0.30490014 , -0.25733584 , 1.5418047
0.36313048 , 0.3623891 , 1.6119859
0.427252 , -0.8158085 , 1.3848438
0.4501586 , -1.9060175 , 1.1613204
0.4157161 , -2.6723454 , 0.9195744
0.3773297 , -2.7088034 , 0.8302269
0.37426254 , -1.9831014 , 1.0980537
0.3474783 , -1.0932103 , 1.3325274
0.28801924 , 0.09441789 , 1.6272569
0.38799784 , 0.058449335 , 1.5447387
0.44340882 , -1.1395208 , 1.3232017
0.34118015 , -0.90535426 , 1.378301
0.2770475 , 0.29840308 , 1.6782842
0.40149966 , -0.12523378 , 1.5083839
0.45092928 , -1.3245264 , 1.2877469
0.33395654 , -0.71107465 , 1.4244652
0.26522988 , 0.50456274 , 1.7325022
0.4144017 , -0.31346345 , 1.4727424
0.45736873 , -1.5079584 , 1.2521323
0.32580653 , -0.5110494 , 1.4711785
0.30084333 , 0.729498 , 1.7359192
0.42657858 , -0.5054325 , 1.4375025
0.46266168 , -1.6884432 , 1.2163067
0.31672394 , -0.30584443 , 1.5185162
0.36475658 , 0.5550362 , 1.6313288
0.43792436 , -0.69998 , 1.4022707
0.46674734 , -1.8647226 , 1.1796143
0.30669558 , -0.09606161 , 1.5665996
0.3807421 , 0.3710883 , 1.5908065
0.4483701 , -0.896109 , 1.367525
0.4016214 , -2.5949028 , 0.92526674
0.38092688 , -1.6588296 , 1.1969898
0.32858807 , -0.4371789 , 1.4830086
0.3565674 , 0.7585833 , 1.6636667
0.43873444 , -0.5344295 , 1.428632
0.47498912 , -1.752601 , 1.2073458
0.45711643 , -2.6579623 , 0.9697008
0.40711406 , -2.870557 , 0.78252834
0.4113226 , 1.4958298 , 1.6800672
0.4647331 , -2.586823 , 0.9999038
0.47567755 , -1.6219488 , 1.2345324
0.4335237 , -0.37241772 , 1.4549041
0.5660244 , -0.062482294 , 1.4542495
0.6355737 , -2.1246312 , 1.190732
0.27081746 , 0.572447 , 1.7208747
0.35908157 , -0.99217653 , 1.355528
0.41024444 , -2.7835255 , 0.85409737
0.57413626 , -3.1813085 , 0.88690966
0.4547756 , -0.7360239 , 1.3899349
0.30643556 , 1.5865749 , 1.7673037
0.29406357 , 0.9650181 , 1.7837698
0.26521558 , 1.9493454 , 1.8115702
0.1652543 , 2.963755 , 1.9760754
0.015292238 , 3.6151187 , 2.2673428
0.117725015 , 2.650942 , 2.063994
0.20462853 , 1.5899088 , 1.9051719
0.2763177 , 1.7950289 , 1.7948425
0.4368313 , -2.5548341 , -0.16545822
0.43851846 , -2.546095 , -0.16612242
0.48567522 , -2.2684848 , -0.16113086
0.5888403 , -1.6727856 , -0.15147038
0.58342475 , -1.8873594 , -0.29558334
0.5431559 , -2.1632645 , -0.29226607
0.43434823 , -2.5370865 , -0.1845261
0.48077318 , -2.2767124 , -0.16006018
0.5308358 , -2.0014293 , -0.14744678
0.59185964 , -1.7817063 , -0.27404884
0.2656798 , 1.2813311 , 1.8041962
0.3764046 , 1.1197175 , 1.6868775
0.25392547 , 1.1597104 , 1.8222159
0.26331964 , 1.4248868 , 1.8261132
0.2728611 , 1.6882467 , 1.829945
0.3841888 , 1.5681512 , 1.7210546
0.36778644 , 1.340799 , 1.7273982
0.32359922 , 1.0890459 , 1.7323033
0.25070465 , 1.5241362 , 1.8716438
0.28905526 , 3.0061572 , 1.8099998
0.17922884 , 4.081003 , 1.9758716
0.2421473 , 2.4203877 , 1.890514
0.2458493 , 1.4991035 , 1.8779979
0.38397777 , 1.8773015 , 1.7384877
0.48469073 , -3.4534504 , -0.53063065
0.2765235 , -5.0501695 , -0.5710508
0.34324324 , -3.4365368 , -0.26605248
0.49660674 , -2.4446402 , -0.28011215
0.5895585 , -1.6319865 , -0.15454195
0.38333398 , -2.993359 , -0.21349864
0.41624266 , -3.548669 , -0.42939815
0.39983216 , -2.7848048 , -0.1792851
0.30719486 , -3.7525313 , -0.28916454
0.41884357 , -3.4883127 , -0.41956207
0.4404789 , -2.6735218 , -0.23131308
0.32282725 , 1.1567818 , 1.745025
0.14255792 , 2.3226361 , 2.0140648
0.2254663 , 1.2079498 , 1.8789496
0.29159155 , 0.8855681 , 1.7760261
0.04577124 , 3.2706573 , 2.205881
0.14226632 , 2.2991078 , 2.0139925
0.22436959 , 1.182904 , 1.8784297
0.3602579 , -4.1512184 , -0.48299703
0.44438913 , -3.07592 , -0.35997236
0.34947622 , -3.2907 , -0.24030845
0.36509869 , -4.0840607 , -0.47481406
0.44475934 , -3.0279703 , -0.34784785
0.29651096 , 0.814495 , 1.7574153
0.09799018 , 2.7490692 , 2.101316
0.18552741 , 1.7258748 , 1.9309027
0.41272262 , -2.6894107 , -0.23526295
0.290861 , 1.5226883 , 1.7744398
0.17572936 , 2.7246559 , 1.9545884
0.01998894 , 3.4451907 , 2.2582283
0.13466893 , 2.3325815 , 2.027798
0.23052733 , 1.0317518 , 1.8779223
0.2900052 , -3.8779247 , -0.29240113
0.14324273 , -5.272143 , -0.37620836
0.3090928 , -4.6415544 , -0.51726186
0.4251664 , -3.315467 , -0.3881528
0.26266915 , -5.0607896 , -0.54313666
0.38192496 , -3.858916 , -0.44849575
0.44965073 , -2.869398 , -0.30964375
0.28849265 , 0.87217957 , 1.7967986
0.4077704 , -2.8593063 , -0.23055929
0.3297726 , 0.90177023 , 1.7468292
0.22903349 , 2.0311806 , 1.8606949
0.1292818 , 2.9902718 , 2.0358229
0.049976565 , 3.0273914 , 2.1973965
0.1438427 , 2.071423 , 2.0064526
0.22567654 , 0.9516561 , 1.8705864
0.28753695 , -3.809288 , -0.27251574
0.164568 , -5.012979 , -0.35415253
0.21356434 , -5.454334 , -0.55838877
0.34177244 , -4.228916 , -0.47126308
0.42325082 , -3.1527367 , -0.34043822
0.3048307 , -3.6148674 , -0.2521442
0.18644248 , -4.7949057 , -0.34046465
0.18058641 , -5.7264605 , -0.57146233
0.3150692 , -4.499228 , -0.49216226
0.40770012 , -3.3669727 , -0.37072435
0.41045418 , -2.7749171 , -0.20899771
0.28899485 , 1.3657025 , 1.7751987
0.18936057 , 2.4009595 , 1.9267895
0.08675498 , 3.3342123 , 2.116658
0.08943442 , 2.6288435 , 2.1165326
0.1771434 , 1.6325216 , 1.9412266
0.4031242 , -2.8665063 , -0.22850403
0.3179763 , 1.0089678 , 1.748569
0.21651481 , 2.104632 , 1.8800294
0.11647156 , 3.0498667 , 2.0591898
0.06215222 , 2.8651161 , 2.1724608
0.15367056 , 1.9035618 , 1.9858923
0.36024404 , -2.9800498 , -0.1758161
0.26578435 , -3.999666 , -0.28383893
0.13975246 , -5.2209954 , -0.36105058
0.22206554 , -5.3689547 , -0.5505922
0.34669358 , -4.140666 , -0.45818216
0.42381838 , -3.0875044 , -0.3210257
0.28395265 , -3.7977328 , -0.2642253
0.16199031 , -5.0025425 , -0.34834072
0.18928878 , -5.644299 , -0.56449354
0.32101348 , -4.408929 , -0.48012322
0.40844503 , -3.2969468 , -0.35252213
0.29334357 , 0.6074323 , 1.7488455
0.2757848 , 1.4566476 , 1.7906404
0.1769218 , 2.4668176 , 1.9476712
0.03639641 , 3.3910146 , 2.2236934
0.10052336 , 2.466749 , 2.0933726
0.18630272 , 1.4565389 , 1.9230009
0.39842856 , -2.8741305 , -0.21912704
0.30460918 , 1.1123145 , 1.7583039
0.20407777 , 2.1751251 , 1.8998419
0.10363202 , 3.1079533 , 2.0831745
0.073961996 , 2.703666 , 2.148083
0.16330448 , 1.7342895 , 1.9658761
0.34363297 , -3.130662 , -0.18952847
0.24346021 , -4.195119 , -0.29467797
0.114599116 , -5.430049 , -0.36725765
0.23037575 , -5.281375 , -0.54214776
0.35108936 , -4.053293 , -0.44442114
0.4241372 , -3.0215898 , -0.302227
-0.927264 , -11.849227 , -0.27885282
-1.2066715 , -14.671805 , -0.3616288
-1.0691657 , -15.458715 , -0.5537114
-0.7736007 , -12.649323 , -0.4604935
-0.50660515 , -9.701756 , -0.31479982
-0.124585755 , -8.070601 , -0.59191555
-0.48648235 , -10.98685 , -0.59753865
-0.8480081 , -13.899819 , -0.59282106
-0.43810666 , -8.899865 , -0.27345088
-0.20761535 , -7.3622923 , -0.28009674
0.019444989 , -5.76689 , -0.2826136
0.24591284 , -4.184571 , -0.28945422
-1.3158709 , -15.807905 , -0.38673916
-0.9353702 , -13.104304 , -0.3665269
-0.53213155 , -10.155649 , -0.3621512
-0.13788222 , -7.300782 , -0.3745929
0.21184596 , -3.8043323 , -0.16540204
-0.066522494 , -5.3865857 , -0.1571569
-0.34716448 , -6.9786124 , -0.15286304
-0.6247802 , -8.551104 , -0.15742087
-0.2782095 , -7.8337655 , -0.27659503
-0.050818935 , -6.247298 , -0.27893782
0.17422296 , -4.671356 , -0.2839925
0.40719065 , -3.0981603 , -0.29452965
0.09104496 , -4.482641 , -0.1592943
-0.18781677 , -6.0573344 , -0.15290643
-0.46776438 , -7.644773 , -0.15101871
-0.40401492 , -8.646103 , -0.27044988
-0.17519252 , -7.103606 , -0.27508506
0.04991522 , -5.527784 , -0.27785623
0.2754486 , -3.962933 , -0.28590956
0.24763326 , -3.5862088 , -0.16363889
-0.029581621 , -5.1522503 , -0.1541865
-0.30894187 , -6.724006 , -0.1493312
-0.5866944 , -8.290154 , -0.15202552
-0.2998833 , -7.94516 , -0.27093923
-0.07364555 , -6.37853 , -0.27332753
0.14985172 , -4.8191595 , -0.27787286
0.37934542 , -3.2602623 , -0.28961766
0.12713215 , -4.259109 , -0.15667993
-0.15030687 , -5.8152122 , -0.1497058
-0.42937195 , -7.384412 , -0.14692317
-0.4243739 , -8.73212 , -0.26391664
-0.19727257 , -7.2242117 , -0.269533
0.026591893 , -5.6649327 , -0.2720261
0.24996784 , -4.117864 , -0.2795076
0.28323185 , -3.3719652 , -0.16248389
0.0070162904 , -4.9224653 , -0.15120383
-0.27098048 , -6.4738526 , -0.14584422
-0.54848415 , -8.029228 , -0.14685217
-0.32124296 , -8.050732 , -0.2651554
-0.09616739 , -6.5056643 , -0.26770213
0.1258764 , -4.9628286 , -0.27172437
0.35208586 , -3.4208875 , -0.28347808
0.16295134 , -4.039569 , -0.15416569
-0.11312986 , -5.5778856 , -0.14650288
-0.39115706 , -7.127519 , -0.14296094
-0.66444284 , -8.634716 , -0.15403129
-0.21904354 , -7.34021 , -0.26391214
0.0035881803 , -5.797986 , -0.2661925
0.22500639 , -4.268836 , -0.27295887
0.31864628 , -3.161799 , -0.16263841
0.04327611 , -4.697133 , -0.14821963
-0.23330477 , -6.2283587 , -0.14239724
-0.51028 , -7.7695518 , -0.14196321
-0.34225693 , -8.149903 , -0.259155
-0.11838193 , -6.628631 , -0.2620492
0.10227902 , -5.102305 , -0.2655676
0.32554522 , -3.578821 , -0.27652952
0.19854446 , -3.8239052 , -0.15180667
-0.07629013 , -5.3453507 , -0.1432936
-0.3531508 , -6.8745537 , -0.13911502
-0.62730974 , -8.381909 , -0.14568898
-0.24049883 , -7.4513493 , -0.25819305
-0.019102124 , -5.926922 , -0.26035565
0.20052324 , -4.415648 , -0.266355
0.35388926 , -2.9563663 , -0.16671593
0.07920878 , -4.476136 , -0.14523467
-0.19593565 , -5.9876704 , -0.138977
-0.4721674 , -7.512073 , -0.13734886
-0.362838 , -8.241924 , -0.25273755
-0.14028905 , -6.747338 , -0.2563577
0.07903493 , -5.2375593 , -0.2594182
0.29968262 , -3.7332985 , -0.2692613
0.23394081 , -3.6120172 , -0.149667
-0.0397955 , -5.1175623 , -0.14006786
-0.31538266 , -6.6258802 , -0.13536245
-0.5896911 , -8.127178 , -0.13882901
-0.261629 , -7.557308 , -0.25233743
-0.04146922 , -6.0517106 , -0.2545154
0.17651357 , -4.5581613 , -0.25975275
0.40165767 , -3.0544775 , -0.2759256
0.114866436 , -4.259356 , -0.1422428
-0.15887542 , -5.751884 , -0.13556731
-0.4342011 , -7.2575417 , -0.13296704
-0.38273895 , -8.32574 , -0.24554996
-0.16189377 , -6.8616595 , -0.25061712
0.0560947 , -5.368579 , -0.25328657
0.2743545 , -3.8838534 , -0.26194394
0.26906797 , -3.4038444 , -0.14778204
-0.0036904952 , -4.894437 , -0.13681306
-0.27789557 , -6.38178 , -0.13167763
-0.551874 , -7.872355 , -0.13297623
-0.2824299 , -7.6576796 , -0.246302
-0.0634911 , -6.1723185 , -0.24867328
0.15300603 , -4.696297 , -0.2531835
0.37481225 , -3.2114987 , -0.26686236
0.15038468 , -4.046664 , -0.1392272
-0.12209077 , -5.5210447 , -0.13215016
-0.39640853 , -7.0065565 , -0.12876429
-0.53253675 , -8.400363 , -0.18634668
-0.18318188 , -6.9714212 , -0.24483074
0.03343944 , -5.4953375 , -0.24718274
0.2494854 , -4.0301433 , -0.25469542
0.30383804 , -3.1995196 , -0.1458725
0.03198222 , -4.6758904 , -0.1335154
-0.2407333 , -6.1424737 , -0.12803152
-0.5140412 , -7.618747 , -0.12767552
-0.30287215 , -7.7519245 , -0.24010089
-0.08522362 , -6.2887206 , -0.24285226
0.1298469 , -4.830079 , -0.2466667
0.34863028 , -3.3658137 , -0.25836286
0.18567634 , -3.8378255 , -0.13615134
-0.08564482 , -5.2951045 , -0.12870854
-0.35882843 , -6.759584 , -0.12467959
-0.6299589 , -8.197638 , -0.13010812
0.26468614 , -0.31239694 , 1.6860154
0.16774198 , -1.0782331 , 1.6792665
0.06299416 , -1.7370725 , 1.6762661
-0.051986314 , -2.3049088 , 1.6788801
0.07665476 , -1.6644503 , 1.6788971
0.17987679 , -0.99142325 , 1.6824266
0.27596974 , -0.19709747 , 1.6897652
0.028202495 , -2.1404154 , 1.7282053
0.11600289 , -1.506551 , 1.7286546
0.18003309 , -0.81999004 , 1.7402048
0.23185948 , 0.019716004 , 1.7669542
0.22798887 , -0.048007876 , 1.7683231
0.17542318 , -0.87552434 , 1.7423244
0.1104071 , -1.5610276 , 1.7313434
0.018935125 , -2.1990702 , 1.7321454
0.040940013 , -1.8736596 , 1.6812705
0.14750612 , -1.21478 , 1.683363
0.24447988 , -0.46576 , 1.6898804
0.33370623 , 0.5373729 , 1.6948948
0.20466477 , -0.43252537 , 1.7577897
0.14805669 , -1.1871057 , 1.739398
0.07580656 , -1.8479347 , 1.7327367
-0.030883403 , -2.240551 , 1.6840696
0.09016055 , -1.5929618 , 1.684157
0.19133085 , -0.89858407 , 1.6883327
0.28573453 , -0.06577075 , 1.6969156
0.23138092 , 0.09333503 , 1.7819499
0.181433 , -0.77794886 , 1.7510988
0.1191501 , -1.4867692 , 1.7383181
0.03390236 , -2.1359744 , 1.7366056
0.027562838 , -1.961787 , 1.6863937
0.13577634 , -1.2977772 , 1.6879898
0.23288128 , -0.5514671 , 1.6943524
0.3231092 , 0.41608778 , 1.7041107
0.20980076 , -0.31387988 , 1.7684025
0.15537031 , -1.1004927 , 1.7471863
0.08627119 , -1.779933 , 1.738969
-0.049220446 , -2.3375928 , 1.6876713
0.077796444 , -1.678751 , 1.6890516
0.17930996 , -0.9819627 , 1.692795
0.27337626 , -0.1597879 , 1.7017288
0.23408808 , 0.24501704 , 1.7970035
0.18696791 , -0.675011 , 1.7600663
0.1273775 , -1.4088477 , 1.7453783
0.047374874 , -2.0715787 , 1.7416905
0.013729608 , -2.0520735 , 1.6914583
0.12396343 , -1.3824434 , 1.6926466
0.22114396 , -0.6376432 , 1.698688
0.3118979 , 0.30250403 , 1.7109041
0.21427546 , -0.18775375 , 1.7795955
0.16217414 , -1.009284 , 1.755123
0.096122995 , -1.7088964 , 1.745358
-0.0078083877 , -2.3740892 , 1.7485799
0.06535277 , -1.7664106 , 1.6939578
0.16755371 , -1.0666959 , 1.6972262
0.2614308 , -0.25271127 , 1.7060293
0.2364132 , 0.4089236 , 1.8144425
0.19226713 , -0.56621623 , 1.769335
0.13520762 , -1.3270097 , 1.7525707
0.05965491 , -2.0053031 , 1.7471967
-0.00069700094 , -2.1446824 , 1.696342
0.11210351 , -1.468786 , 1.6973048
0.20938846 , -0.72447306 , 1.7028956
0.30023357 , 0.19424038 , 1.7157454
0.21812265 , -0.0535365 , 1.7915465
0.1684892 , -0.9132611 , 1.7632504
0.10538372 , -1.6345769 , 1.7519039
0.0130434325 , -2.3062768 , 1.751826
0.0527153 , -1.8559679 , 1.6988461
0.15591669 , -1.1528631 , 1.7016268
0.24965906 , -0.34507617 , 1.7099842
0.23777649 , 0.5874273 , 1.8365163
0.19719593 , -0.4511606 , 1.7789564
0.14261267 , -1.241043 , 1.7599097
0.071020484 , -1.9366469 , 1.7530001
-0.016018191 , -2.239922 , 1.7009043
0.1002219 , -1.5568402 , 1.7019604
0.19774574 , -0.8121771 , 1.707017
0.28848255 , 0.08957949 , 1.719414
0.22145893 , 0.08963482 , 1.8044207
0.17438622 , -0.81213796 , 1.7715875
0.1140998 , -1.556745 , 1.7585995
0.028596416 , -2.2396786 , 1.7562765
0.039794404 , -1.9474751 , 1.7036889
0.14434037 , -1.2405174 , 1.7060099
0.23798583 , -0.43728003 , 1.7137392
0.32474372 , 0.61683434 , 1.7328856
0.20168097 , -0.32940087 , 1.7889619
0.14957677 , -1.150739 , 1.7674012
0.08160759 , -1.8652267 , 1.7590333
-0.03283913 , -2.3385284 , 1.7049718
0.08828351 , -1.6466329 , 1.7066108
0.18622594 , -0.9009226 , 1.7110894
0.27677476 , -0.012648302 , 1.7225183
0.2242492 , 0.24283616 , 1.8184046
0.1798753 , -0.7056046 , 1.7801456
0.12230555 , -1.4751885 , 1.7654388
0.0423954 , -2.1719446 , 1.7613548
-0.023068717 , -2.8831768 , 1.8084766
0.04189033 , -3.5472703 , 1.9715165
0.15995435 , -4.137203 , 2.2819283
0.088969566 , -3.4954426 , 2.0662842
0.02724911 , -2.8286853 , 1.8713899
0.01384199 , 2.3038523 , 2.3020382
0.06744008 , 0.23835106 , 2.2970402
0.12849802 , -1.7744583 , 2.292557
0.16104661 , -3.6577327 , 2.291365
0.07596526 , -1.9352559 , 1.7672763
0.14451195 , -1.2089026 , 1.7751958
0.19618902 , -0.37969595 , 1.7955513
0.2326007 , 0.7172461 , 1.8617493
0.12650463 , -2.315591 , 2.1404247
0.10948541 , -0.33553228 , 2.13412
0.08320265 , 1.7269926 , 2.1366062
0.3097787 , 0.45591378 , 1.7361012
0.22249247 , -0.5585553 , 1.7193989
0.12901019 , -1.359988 , 1.7126449
0.022088487 , -2.0747335 , 1.7107968
0.046855845 , -2.1511948 , 1.7640625
0.124942146 , -1.4475738 , 1.768721
0.18147051 , -0.6671443 , 1.7840489
0.22471094 , 0.30053982 , 1.8243324
0.27270728 , -0.042999312 , 1.7243143
0.1823745 , -0.92978513 , 1.7132537
0.084375866 , -1.6779977 , 1.7089672
-0.038807176 , -2.375103 , 1.7069567
-0.06371685 , -2.7330825 , 1.7306769
-0.057864714 , -2.7156968 , 1.733716
-0.047787905 , -2.4424725 , 1.7064517
-0.038633168 , -2.6086543 , 1.7369756
-0.033933662 , -2.5887048 , 1.739963
-0.053898625 , -2.5185509 , 1.7107614
-0.04312589 , -2.4156127 , 1.7136892
-0.0998881 , -2.6293774 , 1.6835862
-0.10506948 , -2.6700032 , 1.6858709
-0.045196738 , -2.4835818 , 1.7182087
-0.12928538 , -2.803429 , 1.6882356
-0.13489257 , -2.8460689 , 1.6905344
-0.049688213 , -2.5538929 , 1.7231944
-0.12178652 , -2.9826272 , 1.7231289
-0.07705236 , -2.96404 , 1.7563837
-0.039557237 , -2.4578524 , 1.7261477
-0.05592241 , -2.849829 , 1.7592189
-0.050356634 , -2.8294022 , 1.7620312
-0.042154226 , -2.528513 , 1.7307404
-0.032050025 , -2.7109673 , 1.7651237
-0.027372988 , -2.6882763 , 1.7679664
-0.046562914 , -2.600694 , 1.7357783
-0.03557033 , -2.5034173 , 1.738132
-0.092809096 , -2.731484 , 1.7060912
0.095098644 , -5.166323 , 2.1501768
-0.078497835 , -3.875226 , 1.8530698
0.018954469 , -4.825824 , 2.020292
0.07485506 , -4.2590213 , 2.07848
-0.0028457348 , -3.5296652 , 1.9051894
-0.06787624 , -2.7790654 , 1.7407941
0.07763097 , -4.6748104 , 2.1066835
-0.0180707 , -3.7250292 , 1.9102952
-0.00072718004 , -2.8690639 , 1.8333172
0.065708406 , -3.6184995 , 2.0262008
0.14320016 , -4.345442 , 2.235366
0.043499496 , -3.9504302 , 2.0060873
-0.029581187 , -3.2167897 , 1.840425
-0.0044355784 , -2.7973032 , 1.817741
0.06070752 , -3.5428686 , 2.0104563
0.13669363 , -4.2659073 , 2.2175765
0.05059589 , -3.988025 , 2.0201468
-0.022832105 , -3.261866 , 1.8533679
-0.008062263 , -2.7264829 , 1.802087
0.055863723 , -3.467926 , 1.994814
0.1303745 , -4.1872115 , 2.2000256
0.05764885 , -4.0246058 , 2.0343876
-0.016056314 , -3.3059921 , 1.8662938
-0.011622536 , -2.6568613 , 1.7863594
0.051171254 , -3.393675 , 1.9792621
0.124236785 , -4.1093082 , 2.1826904
0.06465928 , -4.0602164 , 2.04882
-0.0092665255 , -3.3491037 , 1.8792249
-0.070103 , -2.6171482 , 1.7130836
0.046622988 , -3.3200839 , 1.9637866
0.118277974 , -4.032212 , 2.16555
0.071626425 , -4.0948634 , 2.0634565
-0.0024720817 , -3.3911986 , 1.8921843
-0.06499892 , -2.6636307 , 1.7272284
0.04221327 , -3.2471642 , 1.9483714
0.35659072 , -2.3839865 , 0.21562359
0.22536431 , -2.4115217 , 0.22139254
0.10092543 , -2.3027253 , 0.22548983
-0.016735975 , -2.1597402 , 0.22285405
0.32465628 , -2.4219496 , 0.20624936
0.19358352 , -2.446569 , 0.21186264
0.07021008 , -2.3522487 , 0.21458574
-0.052115686 , -2.2605803 , 0.21048644
0.29247695 , -2.467187 , 0.196869
0.16171013 , -2.4914958 , 0.20205247
0.039115656 , -2.420961 , 0.20331983
0.39717653 , -2.3641813 , 0.18217005
0.25991562 , -2.5199747 , 0.1874398
0.12969832 , -2.5486436 , 0.19190179
0.0073347935 , -2.5104191 , 0.19178411
0.36290833 , -2.4243076 , 0.17268854
0.2270232 , -2.581075 , 0.177897
0.09745498 , -2.6204755 , 0.1814007
-0.02592133 , -2.6212852 , 0.18007451
0.32959455 , -2.4929273 , 0.16322024
0.19385271 , -2.651774 , 0.16816697
0.06486433 , -2.7091925 , 0.1705922
-0.06242521 , -2.753326 , 0.1683125
0.29614726 , -2.5699873 , 0.15372711
0.16040939 , -2.73382 , 0.15818682
0.03178638 , -2.8163962 , 0.15955621
0.4054957 , -2.3717291 , 0.13930668
0.2622827 , -2.6558614 , 0.14416273
0.12664953 , -2.8292372 , 0.14792529
-0.0020317778 , -2.9428976 , 0.1483836
0.3693829 , -2.4624026 , 0.12974921
0.22797327 , -2.7513833 , 0.13447008
0.092498906 , -2.9400291 , 0.13739738
-0.0372189 , -3.088674 , 0.13716084
0.3344699 , -2.562542 , 0.120213546
0.1932309 , -2.8578274 , 0.124592446
0.05787247 , -3.0678356 , 0.12666543
-0.075134985 , -3.2529023 , 0.12598687
0.29953644 , -2.67211 , 0.11064598
0.15804358 , -2.9768128 , 0.11448825
0.022667587 , -3.213634 , 0.11582428
0.41408968 , -2.376458 , 0.09650576
0.26416725 , -2.7915225 , 0.10099448
0.12236971 , -3.1101167 , 0.10414681
-0.013313239 , -3.3775694 , 0.10497637
0.37601578 , -2.4984717 , 0.08689302
0.22825618 , -2.921641 , 0.09120722
0.08615285 , -3.2594023 , 0.09360078
-0.050566226 , -3.5589292 , 0.09421249
0.33930182 , -2.6307821 , 0.077320516
0.19177236 , -3.0637062 , 0.08124003
0.049337085 , -3.425902 , 0.08292882
-0.090138465 , -3.756212 , 0.08361917
0.30267254 , -2.7733216 , 0.06771835
-0.040573586 , -4.976983 , -0.07674194
-0.21121152 , -5.8418016 , -0.0709477
0.26398236 , -3.409992 , -0.08953586
0.086964026 , -4.3617496 , -0.08731544
-0.08807699 , -5.306441 , -0.0866561
0.40332973 , -2.6706564 , -0.102769166
0.2188639 , -3.6930375 , -0.09902119
0.040063977 , -4.672537 , -0.0974352
-0.13663675 , -5.650214 , -0.0959886
0.356673 , -2.9493763 , -0.112126365
0.17280191 , -3.9893637 , -0.10858323
-0.0079802135 , -5.000858 , -0.107543714
-0.18636195 , -6.003893 , -0.10436524
0.31030858 , -3.2400172 , -0.121462226
0.1256966 , -4.300065 , -0.11824669
-0.057181597 , -5.346722 , -0.11752334
-0.23734185 , -6.3605075 , -0.11138009
0.2635591 , -3.5428128 , -0.13071021
0.07746955 , -4.62633 , -0.12799516
-0.1075409 , -5.709252 , -0.12721281
0.4100873 , -2.709348 , -0.14400262
0.21604073 , -3.857913 , -0.13990758
0.028055392 , -4.9691625 , -0.13777828
-0.1590616 , -6.0863338 , -0.1363748
0.3609332 , -3.0188692 , -0.1533179
0.1675734 , -4.185971 , -0.1491261
-0.022593759 , -5.3291483 , -0.14751904
-0.21173345 , -6.4739904 , -0.14462097
0.31206095 , -3.3408432 , -0.16249618
0.118042216 , -4.5280704 , -0.15839002
-0.07450777 , -5.7062607 , -0.15711619
-0.26537028 , -6.8652444 , -0.15132798
0.26279035 , -3.6749501 , -0.17139107
0.06735041 , -4.885363 , -0.16768157
-0.12770694 , -6.099665 , -0.16643903
0.41670033 , -2.7515576 , -0.18509206
0.21277864 , -4.0209403 , -0.1801184
0.015416693 , -5.258774 , -0.17695773
-0.1822143 , -6.5074644 , -0.1753074
0.36507118 , -3.0904157 , -0.19446918
0.16184703 , -4.3794794 , -0.18877113
-0.037820835 , -5.6487927 , -0.18615857
-0.23802619 , -6.926302 , -0.18343605
0.3135867 , -3.4427292 , -0.20328005
0.109855145 , -4.751678 , -0.19737886
-0.09240614 , -6.055301 , -0.1952074
-0.29489574 , -7.350415 , -0.19023968
0.26168516 , -3.806807 , -0.21145533
0.056682914 , -5.1386366 , -0.20594712
-0.14837599 , -6.477396 , -0.20400484
0.4232143 , -2.7986758 , -0.22680207
0.20911618 , -4.1822443 , -0.21925537
0.0022322892 , -5.5411735 , -0.21447378
-0.2057758 , -6.9131837 , -0.21241821
0.12721288 , -1.3401909 , 0.42401972
-0.03181193 , -0.39438733 , 0.41643465
0.4026957 , -2.4054973 , 0.4301188
0.24937119 , -1.9050426 , 0.4242858
0.08666461 , -1.167013 , 0.4127354
-0.07191873 , -0.217022 , 0.40909865
0.36637 , -2.2979658 , 0.42099127
0.20934443 , -1.7728237 , 0.41293165
0.045683146 , -0.9920981 , 0.4019328
-0.11114036 , -0.06854402 , 0.4034102
0.3301729 , -2.1936686 , 0.4111641
0.1685469 , -1.6355878 , 0.401512
0.004235005 , -0.82022816 , 0.39196384
-0.14955771 , 0.04203591 , 0.39886925
0.29202807 , -2.090186 , 0.40078244
0.12715378 , -1.4940244 , 0.39018497
-0.037554167 , -0.6584883 , 0.38319704
-0.19342451 , 0.10947806 , 0.39479807
0.2522516 , -1.9854813 , 0.3899814
0.085216425 , -1.3498702 , 0.37913805
-0.07925953 , -0.515652 , 0.37583688
0.37313882 , -2.3141758 , 0.3861889
0.21126515 , -1.8782492 , 0.3789188
0.042726256 , -1.2062403 , 0.36861902
-0.120260864 , -0.4004884 , 0.36977226
0.3351564 , -2.2303538 , 0.376495
0.16936108 , -1.768114 , 0.3677655
-0.00029155816 , -1.0679667 , 0.35892075
-0.1607444 , -0.3198811 , 0.36460015
0.2958274 , -2.148906 , 0.36634704
0.12670223 , -1.6557287 , 0.35670236
-0.043660384 , -0.9415505 , 0.35029575
-0.20515418 , -0.2778829 , 0.35982755
0.25499678 , -2.068266 , 0.35584047
0.083355725 , -1.5429096 , 0.3459336
-0.08697916 , -0.8343919 , 0.34283367
0.38050023 , -2.326944 , 0.3516791
0.21292476 , -1.9873377 , 0.34509256
0.039350726 , -1.4328221 , 0.33569258
-0.12976445 , -0.7534518 , 0.33639473
0.3404409 , -2.2655685 , 0.3421004
0.1698333 , -1.9057882 , 0.3342537
-0.0052385763 , -1.3300604 , 0.32621312
-0.17223048 , -0.70403975 , 0.3306574
0.2997038 , -2.2078965 , 0.3321473
0.12585948 , -1.8242673 , 0.32350194
-0.050205518 , -1.2403649 , 0.31765985
-0.21759693 , -0.68929446 , 0.32525194
0.2576471 , -2.1528046 , 0.32190377
0.081075996 , -1.7445688 , 0.3130369
-0.09518158 , -1.1698562 , 0.31005424
0.3883563 , -2.3357468 , 0.31744277
0.21435802 , -2.0995128 , 0.3114635
0.035539906 , -1.6697192 , 0.30306596
0.14198287 , -3.0705678 , 0.08947154
-0.07952767 , -3.558121 , 0.08752624
-0.29990247 , -4.0118937 , 0.08586123
0.30740064 , -2.673114 , 0.08394852
0.08585387 , -3.2472153 , 0.080915555
-0.13798133 , -3.7612627 , 0.079570755
-0.35868433 , -4.242419 , 0.07708078
0.25208375 , -2.8484464 , 0.07519987
0.028628344 , -3.4377236 , 0.0725925
-0.19719937 , -3.982097 , 0.071614176
-0.41866547 , -4.484033 , 0.067903236
0.1961247 , -3.0349371 , 0.066516854
-0.029683858 , -3.6435437 , 0.064511344
-0.2570364 , -4.219997 , 0.063485056
0.3678228 , -2.5366566 , 0.060702514
0.13923278 , -3.2333393 , 0.057974212
-0.08904312 , -3.8659968 , 0.056638546
-0.317417 , -4.473177 , 0.054997496
0.31021094 , -2.7338676 , 0.05214538
0.0813026 , -3.4446993 , 0.049629327
-0.14937633 , -4.106001 , 0.048891257
-0.378439 , -4.738674 , 0.04599847
0.25281963 , -2.9423313 , 0.04357969
0.022294452 , -3.6702757 , 0.041522637
-0.21058166 , -4.3637795 , 0.041133918
-0.44026193 , -5.0125823 , 0.03642939
0.19490121 , -3.1623592 , 0.0350949
-0.03780163 , -3.9114125 , 0.03366465
-0.27255026 , -4.6385493 , 0.03317745
0.37253872 , -2.564312 , 0.028992362
0.13612805 , -3.3946314 , 0.0267548
-0.09896719 , -4.169335 , 0.026023759
-0.33521014 , -4.9282203 , 0.024787772
0.3127385 , -2.7941566 , 0.020588266
0.07636904 , -3.6400702 , 0.018618455
-0.16115281 , -4.444887 , 0.018522104
-0.39855805 , -5.229169 , 0.015729275
0.2532481 , -3.03551 , 0.0122155845
0.015560898 , -3.8998256 , 0.01073323
-0.22428538 , -4.738262 , 0.011031234
-0.4624944 , -5.536327 , 0.0058638207
0.19333228 , -3.2887046 , 0.0039387164
-0.046327185 , -4.175162 , 0.0031131648
-0.28829035 , -5.0486956 , 0.0033629562
0.3768063 , -2.5925753 , -0.0025565652
0.13265114 , -3.5542805 , -0.004192317
-0.109293655 , -4.4672346 , -0.0042710844
-0.35312507 , -5.3740864 , -0.0047453586
0.3149011 , -2.854612 , -0.010803725
0.07104799 , -3.8329966 , -0.012105936
-0.17330427 , -4.776838 , -0.011492116
-0.41877455 , -5.7105227 , -0.013626288
0.25331083 , -3.1283505 , -0.018951219
0.008430375 , -4.1259117 , -0.01974271
-0.23830141 , -5.104162 , -0.018666754
-0.48502213 , -6.051918 , -0.023591684
0.1913799 , -3.4141393 , -0.026996145
-0.055253632 , -4.4342356 , -0.027086912
-0.30422786 , -5.4485364 , -0.025966069
0.3804711 , -2.622679 , -0.034130175
0.12878531 , -3.7122536 , -0.034890614
-0.12001531 , -4.7590647 , -0.034168873
-0.37106407 , -5.8080735 , -0.03364121
0.3166011 , -2.9160116 , -0.042179525
0.06533781 , -4.0232725 , -0.042531583
-0.18582813 , -5.1011353 , -0.041059904
-0.43883356 , -6.179095 , -0.042070076
0.25293303 , -3.2213855 , -0.050031234
0.0009098901 , -4.3482084 , -0.049849007
-0.25263783 , -5.4606133 , -0.04787046
-0.5073779 , -6.555239 , -0.051773593
0.18900266 , -3.5389888 , -0.057792436
-0.064569786 , -4.688236 , -0.056831997
-0.3203843 , -5.8368797 , -0.05475451
0.38335085 , -2.6561081 , -0.06609709
0.12451916 , -3.8686416 , -0.06536484
-0.13112086 , -5.044389 , -0.063519545
-0.38903755 , -6.2282715 , -0.061927028
0.31771144 , -2.979289 , -0.07380065
0.059243742 , -4.2108088 , -0.072598755
-0.19871843 , -5.4173245 , -0.06999179
-0.45862484 , -6.631651 , -0.06971377
0.25202155 , -3.315377 , -0.081220806
-0.006987013 , -4.566518 , -0.079429254
-0.26730353 , -5.807133 , -0.076365516
-0.5291056 , -7.041457 , -0.0786829
0.1861692 , -3.6637323 , -0.08855468
-0.07425902 , -4.9369154 , -0.08586906
-0.33680013 , -6.21316 , -0.08279537
-0.5995138 , -7.4476533 , -0.08980684
0.119857945 , -4.0236297 , -0.095536835
-0.14259526 , -5.322953 , -0.091986574
-0.4071395 , -6.6338034 , -0.08947929
0.31803492 , -3.0456765 , -0.10615837
0.052786 , -4.3956027 , -0.1020093
-0.21196736 , -5.7251763 , -0.097893655
-0.47827527 , -7.0662293 , -0.09667413
0.25049365 , -3.4114616 , -0.112854324
-0.015235913 , -4.780736 , -0.10797514
-0.28230625 , -6.143555 , -0.1037352
-0.5501064 , -7.5058827 , -0.10475345
0.18290219 , -3.7889767 , -0.11911937
-0.08429774 , -5.180119 , -0.113542594
-0.3535126 , -6.57731 , -0.109697476
-0.621956 , -7.944913 , -0.11463853
0.11484171 , -4.1774955 , -0.12456073
-0.15442699 , -5.594621 , -0.11881765
-0.4254779 , -7.0247416 , -0.11599593
0.37259683 , -2.555803 , 0.6445317
0.40801623 , -2.402219 , 0.4095802
0.4231062 , -2.3289442 , 0.17160738
0.41985208 , -2.5011241 , -0.06078741
0.3857712 , -2.51928 , 0.5888799
0.41521257 , -2.3766186 , 0.35242873
0.42723125 , -2.3328645 , 0.11496422
0.41749442 , -2.5901744 , -0.11555795
0.39753485 , -2.4891605 , 0.5325945
0.42181337 , -2.352165 , 0.2952163
0.43042257 , -2.3488243 , 0.058812145
0.41282287 , -2.706784 , -0.17188114
0.40755236 , -2.45908 , 0.47590652
0.4278462 , -2.3307855 , 0.23803993
0.43242094 , -2.3802593 , 0.0032565075
0.3705627 , -2.6031668 , 0.6531946
0.41627517 , -2.4273589 , 0.4189618
0.433276 , -2.314808 , 0.18102638
0.43288234 , -2.4311745 , -0.051725533
0.39067164 , -2.562207 , 0.597843
0.42407304 , -2.3943498 , 0.3618544
0.43800232 , -2.3069263 , 0.12432398
0.43136236 , -2.5062048 , -0.106495224
0.40482637 , -2.5276756 , 0.5417552
0.43117034 , -2.361417 , 0.3046654
0.44185564 , -2.3102198 , 0.06808557
0.42735538 , -2.6100652 , -0.1624266
0.41590732 , -2.492434 , 0.48519078
0.43767333 , -2.3304973 , 0.24749036
0.44458982 , -2.3282275 , 0.012428199
0.37626305 , -2.6531863 , 0.6615308
0.42522404 , -2.454594 , 0.4283256
0.44359344 , -2.303946 , 0.1904517
0.4458648 , -2.3651066 , -0.04264504
0.39929596 , -2.6070786 , 0.6067063
0.4334384 , -2.4144428 , 0.37127003
0.4488595 , -2.2845104 , 0.1336958
0.44521073 , -2.425854 , -0.097426616
0.4141576 , -2.568001 , 0.5508745
0.44089654 , -2.3733206 , 0.31411052
0.45332202 , -2.2753448 , 0.07737664
0.4419347 , -2.5162745 , -0.15305792
0.42551225 , -2.527682 , 0.49445388
0.44776568 , -2.3331544 , 0.25694203
0.4567503 , -2.2800765 , 0.02162021
0.39598072 , -2.7065501 , 0.66983914
0.43500414 , -2.4839094 , 0.43767762
0.4540926 , -2.296311 , 0.1998837
0.4588205 , -2.3029673 , -0.033546455
0.41264257 , -2.6541805 , 0.61556214
0.44338483 , -2.4368615 , 0.38067952
0.45982903 , -2.2655756 , 0.1430802
0.45909053 , -2.349239 , -0.0883533
0.42575276 , -2.610252 , 0.5599838
0.45103845 , -2.3878293 , 0.3235536
0.46484172 , -2.2441685 , 0.086684674
0.45699382 , -2.4254608 , -0.14375588
0.43644345 , -2.5648618 , 0.5037102
0.4581549 , -2.3387082 , 0.26639614
0.4689142 , -2.2357945 , 0.030832214
0.46324635 , -2.4845142 , -0.20613164
0.5825609 , -3.0631924 , 0.5780992
0.59068966 , -2.5116944 , 0.34223264
0.61136824 , -1.92561 , 0.10529003
0.6241174 , -1.5819899 , -0.12546842
0.45572382 , -2.872046 , 0.7028001
0.41835716 , -2.7471976 , 0.6838676
0.5405455 , -3.0928164 , 0.6748265
0.51014584 , -2.965835 , 0.65594643
0.4798244 , -2.84387 , 0.6363143
0.44902316 , -2.7307777 , 0.61607873
0.5546962 , -3.0342128 , 0.60701334
0.52790326 , -2.9133654 , 0.58673495
0.50054026 , -2.8018122 , 0.5662767
0.4728022 , -2.700244 , 0.5457653
0.44551587 , -2.6085947 , 0.5253946
0.5453192 , -2.8320522 , 0.5152593
0.51977444 , -2.7330241 , 0.49460807
0.4938563 , -2.6441185 , 0.4739908
0.46826142 , -2.5652359 , 0.45348167
0.44419488 , -2.496209 , 0.43312058
0.53888917 , -2.6344047 , 0.42214057
0.51411945 , -2.5592813 , 0.40135148
0.48957428 , -2.4948456 , 0.3806277
0.46597144 , -2.4412181 , 0.35999382
0.558804 , -2.5048902 , 0.34902784
0.53464955 , -2.4449108 , 0.32802618
0.51073164 , -2.3967366 , 0.3070621
0.4874426 , -2.3606544 , 0.2861618
0.46528858 , -2.3369477 , 0.26533556
0.5563007 , -2.3008938 , 0.25408196
0.5326038 , -2.2712464 , 0.23292658
0.50936925 , -2.2551134 , 0.21182832
0.48689327 , -2.2528143 , 0.19080603
0.4654195 , -2.2646608 , 0.1698579
0.5559239 , -2.1200743 , 0.15844432
0.53236216 , -2.1266203 , 0.13726659
0.5093694 , -2.148357 , 0.11617398
0.487045 , -2.1855555 , 0.095171556
0.5813943 , -1.9469631 , 0.08395276
0.5568829 , -1.9791601 , 0.06284166
0.5330017 , -2.027683 , 0.04182142
0.50966156 , -2.0927455 , 0.020900048
0.48673075 , -2.1745684 , 8.2902065e-05
0.58319163 , -1.8190159 , -0.011072539
0.55784386 , -1.8971165 , -0.031910826
0.5332051 , -1.9925991 , -0.052664135
0.5089339 , -2.1056836 , -0.07331344
0.48458552 , -2.2364862 , -0.09382197
0.5835097 , -1.7646705 , -0.10510358
0.55720526 , -1.8935574 , -0.12582475
0.53162163 , -2.0411582 , -0.14641485
0.50586796 , -2.207145 , -0.16669872
0.60903394 , -1.6359613 , -0.17945907
0.5803325 , -1.8029681 , -0.20122717
0.5534162 , -1.9919652 , -0.22277206
0.52617395 , -2.2011168 , -0.24352708
0.45653728 , -2.819112 , 0.64477557
0.5785095 , -3.168309 , 0.6367447
0.5491684 , -3.0424485 , 0.61863947
0.5172923 , -2.9161365 , 0.60096973
0.4826882 , -2.795138 , 0.5842078
0.4462351 , -2.6837773 , 0.5681369
0.5718045 , -2.9940028 , 0.5577245
0.540638 , -2.8745093 , 0.5407752
0.5082443 , -2.7643774 , 0.5240299
0.4754861 , -2.6642787 , 0.50734514
0.59404665 , -2.9152498 , 0.4980175
0.5640541 , -2.8073676 , 0.48098537
0.53318846 , -2.7095408 , 0.46396574
0.5021705 , -2.6217453 , 0.44691893
0.47203293 , -2.543758 , 0.42981374
0.58766633 , -2.710336 , 0.4210368
0.55776995 , -2.6258166 , 0.4039027
0.5276169 , -2.5517106 , 0.3867508
0.49785164 , -2.488072 , 0.36957368
0.46935368 , -2.4349718 , 0.35236835
0.5826185 , -2.512004 , 0.34397346
0.55270004 , -2.4530694 , 0.3268937
0.52286565 , -2.4057126 , 0.30980986
0.49364468 , -2.3701866 , 0.29272172
0.60825413 , -2.3674915 , 0.28445816
0.5780404 , -2.3257074 , 0.2675419
0.54767805 , -2.2968595 , 0.25063595
0.5175903 , -2.2812757 , 0.23374231
0.48810568 , -2.2792733 , 0.21686865
0.603988 , -2.1706321 , 0.20890339
0.5725932 , -2.1629403 , 0.192214
0.5413315 , -2.1699188 , 0.1755521
0.5103969 , -2.1918635 , 0.1589299
0.4799007 , -2.2290614 , 0.14235358
0.59765244 , -2.0072174 , 0.13468485
0.5647862 , -2.0395875 , 0.118263654
0.5321916 , -2.088102 , 0.1019007
0.49983838 , -2.1529925 , 0.08560814
0.62261593 , -1.8352666 , 0.07812964
0.5876413 , -1.8959568 , 0.06192798
0.5530083 , -1.9737012 , 0.045793638
0.51864296 , -2.068706 , 0.029747836
0.48425862 , -2.1811771 , 0.013782994
0.6095357 , -1.7467088 , 0.006508749
0.57217246 , -1.8564613 , -0.009476727
0.5353584 , -1.9843936 , -0.02541825
0.4985713 , -2.1306636 , -0.041415974
0.46145037 , -2.2948062 , -0.057639696
0.5893014 , -1.7439476 , -0.064025134
0.5490604 , -1.9095848 , -0.08022481
0.5090817 , -2.0955753 , -0.097261176
0.46922734 , -2.2991836 , -0.11587965
0.60413754 , -1.6343944 , -0.11890173
-0.13601062 , 1.815486 , 0.712573
-0.12005278 , 1.7613676 , 0.6902067
-0.2146611 , 2.0907876 , 0.6838921
-0.1985698 , 1.9763231 , 0.66119874
-0.18255164 , 1.8509604 , 0.6383072
-0.16720343 , 1.7153565 , 0.6156856
-0.15253714 , 1.5702039 , 0.59332186
-0.1387534 , 1.4161596 , 0.5713615
-0.12570707 , 1.2537987 , 0.54964757
-0.11343186 , 1.083646 , 0.5282019
-0.1018472 , 0.9061947 , 0.50693107
-0.090950996 , 0.72190934 , 0.48584387
-0.08072703 , 0.531221 , 0.46490186
-0.07118923 , 0.33450976 , 0.4441275
-0.16704158 , 0.32290924 , 0.4271637
-0.15894143 , 0.07483046 , 0.4049716
-0.1515993 , -0.17643034 , 0.38289192
-0.14500968 , -0.43043706 , 0.36091435
-0.13914776 , -0.6868142 , 0.339051
-0.13397725 , -0.94521886 , 0.31728628
-0.12945923 , -1.205331 , 0.29562503
-0.12555361 , -1.4668456 , 0.2740587
-0.12222176 , -1.7294708 , 0.2525932
-0.11942676 , -1.992928 , 0.23122887
-0.117132016 , -2.256954 , 0.2099738
-0.11530397 , -2.521303 , 0.18883362
-0.23298089 , -2.9339552 , 0.16166368
-0.23348242 , -3.2345545 , 0.13987552
-0.23476677 , -3.5331025 , 0.118309535
-0.23676884 , -3.829365 , 0.09695003
-0.23942968 , -4.1231503 , 0.07580643
-0.24269052 , -4.4142857 , 0.05486851
-0.24650688 , -4.7026076 , 0.03416222
-0.25082538 , -4.9879627 , 0.013677394
-0.2556089 , -5.270202 , -0.006549517
-0.26080692 , -5.5491776 , -0.026528731
-0.26635748 , -5.824739 , -0.046237044
-0.27217752 , -6.0967283 , -0.06571361
-0.41454256 , -6.860237 , -0.09737962
-0.42205563 , -7.1479607 , -0.11640784
-0.43048984 , -7.4306755 , -0.13518603
-0.43901208 , -7.7087545 , -0.15329602
-0.44816446 , -7.982316 , -0.1712981
-0.45761535 , -8.250938 , -0.18824086
-0.46812052 , -8.513051 , -0.20392309
-0.18932617 , 1.9083323 , 0.65069896
-0.18522605 , 1.845224 , 0.63179225
-0.1822606 , 1.7718003 , 0.6141398
-0.18103346 , 1.6872267 , 0.5975314
-0.18017778 , 1.5910933 , 0.58042115
-0.29141974 , 1.8496171 , 0.5271173
-0.28983727 , 1.6945992 , 0.5109589
-0.28828955 , 1.5306714 , 0.49503857
-0.2870801 , 1.3586018 , 0.47957206
-0.28601277 , 1.1790138 , 0.4641325
-0.28516206 , 0.99244493 , 0.44883206
-0.28452966 , 0.79938436 , 0.43349925
-0.2841209 , 0.6002915 , 0.4181707
-0.28398222 , 0.3956007 , 0.40275192
-0.2841386 , 0.18572116 , 0.3872466
-0.28468308 , -0.028968787 , 0.37157974
-0.28571934 , -0.24812958 , 0.35571405
-0.39761594 , -0.35493925 , 0.3105832
-0.40031698 , -0.6221433 , 0.2955387
-0.40286198 , -0.89110553 , 0.28056297
-0.4053704 , -1.1614581 , 0.26555678
-0.40792224 , -1.432871 , 0.25047693
-0.41057476 , -1.7050431 , 0.23529251
-0.41337496 , -1.9776933 , 0.21999574
-0.4163654 , -2.2505558 , 0.2045822
-0.41958916 , -2.5233748 , 0.18905386
-0.42309505 , -2.795907 , 0.17341419
-0.4269387 , -3.067919 , 0.1576602
-0.43119147 , -3.3391852 , 0.1417871
-0.5601741 , -3.8447695 , 0.10628751
-0.5666753 , -4.147745 , 0.09105523
-0.5729159 , -4.447689 , 0.07587924
-0.579026 , -4.744429 , 0.060693067
-0.5850849 , -5.0378113 , 0.04549505
-0.5911679 , -5.3276987 , 0.03026327
-0.5973208 , -5.6139717 , 0.015038453
-0.6036201 , -5.896523 , -0.00017130654
-0.6101209 , -6.175256 , -0.015268244
-0.6169028 , -6.450069 , -0.03021349
-0.62398756 , -6.7208457 , -0.0448656
-0.6311379 , -6.987389 , -0.059393894
-0.77610767 , -7.8127007 , -0.08371011
-0.78525406 , -8.091449 , -0.09809185
-0.79463476 , -8.366848 , -0.11205397
-0.80319816 , -8.638328 , -0.1263691
-0.2566173 , 2.1701539 , 0.64563876
0.30361354 , -1.3031747 , 1.2322066
0.15490255 , -1.0171874 , 1.2306179
0.010439127 , -0.78129625 , 1.2284199
0.4202383 , -1.4946295 , 1.2425687
0.26756653 , -1.2200037 , 1.241046
0.12022848 , -0.9662841 , 1.2391931
-0.022641959 , -0.76281595 , 1.2376757
0.3804515 , -1.3946763 , 1.2509625
0.23185341 , -1.1496298 , 1.2498921
0.08621581 , -0.9290696 , 1.2478335
-0.056022827 , -0.7543146 , 1.2472053
0.3435748 , -1.308935 , 1.2595788
0.19663034 , -1.0920292 , 1.2587049
0.05280475 , -0.904875 , 1.2566096
-0.09147472 , -0.75512344 , 1.2569915
0.3076459 , -1.236602 , 1.2683944
0.16200669 , -1.0472624 , 1.2674723
0.019867595 , -0.89280045 , 1.2655743
0.4242859 , -1.3442066 , 1.2785004
0.2721893 , -1.1768463 , 1.2773488
0.12802847 , -1.0153503 , 1.2762153
-0.012840933 , -0.8918886 , 1.2747594
0.3836399 , -1.2689668 , 1.2869214
0.23719776 , -1.129024 , 1.2863692
0.09467873 , -0.9961538 , 1.2849792
-0.045905113 , -0.9012819 , 1.2841828
0.34664235 , -1.2080894 , 1.2955937
0.20275263 , -1.092787 , 1.2953885
0.06188122 , -0.9893185 , 1.2938194
-0.08080576 , -0.92032975 , 1.2938489
0.3111043 , -1.1603348 , 1.3045229
0.16891502 , -1.0680643 , 1.3043647
0.029496038 , -0.9943034 , 1.3027878
-0.120181195 , -0.9486821 , 1.3036958
0.27631536 , -1.1244029 , 1.3136511
0.13570054 , -1.0549368 , 1.3132911
-0.0027297847 , -1.0104562 , 1.3119279
0.38603964 , -1.1315997 , 1.3226906
0.24212855 , -1.099252 , 1.3228887
0.10307596 , -1.0534805 , 1.3221922
-0.035350118 , -1.0370927 , 1.321277
0.34902826 , -1.0968411 , 1.3315042
0.20853902 , -1.0842971 , 1.3321419
0.07095813 , -1.0636557 , 1.3311116
-0.06964332 , -1.0735743 , 1.3308588
0.31395957 , -1.0744717 , 1.3406278
0.17555362 , -1.0794187 , 1.3413423
0.03920294 , -1.0852629 , 1.3401004
-0.10772782 , -1.1194222 , 1.3406414
0.27991787 , -1.0627512 , 1.3499972
0.14315866 , -1.0848117 , 1.3504624
0.007554524 , -1.1179391 , 1.349214
0.38755122 , -0.982663 , 1.358306
0.24661191 , -1.0603279 , 1.3594986
0.030749831 , -1.8161135 , 1.6392576
0.31816626 , 0.06402034 , 1.650932
0.22064319 , -0.7485126 , 1.6526184
0.11708307 , -1.3872559 , 1.6495758
0.002256682 , -1.9734359 , 1.6475688
0.29403558 , -0.13048121 , 1.6634398
0.19607657 , -0.90183973 , 1.6608211
0.09185637 , -1.5387 , 1.657605
-0.028864041 , -2.1397166 , 1.6598816
0.26996592 , -0.31203032 , 1.6733552
0.17173001 , -1.0572804 , 1.6684031
0.06623731 , -1.6955378 , 1.6655604
0.3737077 , -2.684713 , 0.70843023
0.26152873 , -1.6704983 , 0.7083412
0.12647535 , -0.6041704 , 0.7062615
0.011032326 , 0.5520188 , 0.70010287
0.3602968 , -2.4494946 , 0.71656364
0.22846426 , -1.4157001 , 0.71836233
0.09700049 , -0.33607224 , 0.7154464
-0.006610496 , 0.8187305 , 0.7106899
0.33122337 , -2.2003248 , 0.72743064
0.19613254 , -1.1587144 , 0.7283217
0.06914915 , -0.069245026 , 0.724856
-0.014481667 , 1.0605739 , 0.72611606
0.2991791 , -1.946856 , 0.7382785
0.16471569 , -0.90114516 , 0.7382422
0.043361366 , 0.19304638 , 0.73483104
0.005914842 , 1.2824904 , 0.7364632
0.26660317 , -1.6920408 , 0.74901277
0.13437755 , -0.6445127 , 0.7481959
0.020367442 , 0.44597188 , 0.7458208
0.35839996 , -2.4847245 , 0.7589302
0.23428263 , -1.4377702 , 0.75965166
0.10530335 , -0.39059237 , 0.75830483
0.0013398612 , 0.68220305 , 0.7581544
0.33271605 , -2.2263787 , 0.76876175
0.022709252 , 0.40838146 , 0.7687253
0.35581747 , -2.4707553 , 0.7805745
0.2343676 , -1.428286 , 0.7807307
0.106849365 , -0.40035015 , 0.78013253
0.0032271682 , 0.62960106 , 0.78132766
0.33084786 , -2.2120235 , 0.79003173
0.20302503 , -1.1792601 , 0.7915334
0.079520695 , -0.16115442 , 0.7909443
-0.011019771 , 0.8311715 , 0.79341143
0.30138457 , -1.9526273 , 0.8009019
0.17247422 , -0.9352271 , 0.80232877
0.053942602 , 0.067757934 , 0.8022871
-0.013522417 , 1.0300136 , 0.8023621
0.27053276 , -1.6978151 , 0.81210804
0.14289168 , -0.69743955 , 0.813193
0.030440053 , 0.2821369 , 0.81432307
0.3547572 , -2.4635415 , 0.8246954
0.23950462 , -1.4494073 , 0.8233383
0.11444301 , -0.4675403 , 0.82422984
0.00935469 , 0.47866458 , 0.8266887
0.33147663 , -2.210864 , 0.83343744
0.20884803 , -1.2083504 , 0.8345431
0.0873007 , -0.24775256 , 0.8355689
-0.00810063 , 0.6609735 , 0.8379189
0.3037124 , -1.9564612 , 0.8438494
0.1788584 , -0.97551125 , 0.8457525
0.061631538 , -0.04093102 , 0.847332
-0.019082865 , 0.84289336 , 0.8471124
0.27416244 , -1.7073526 , 0.8550005
0.14973074 , -0.7519679 , 0.8570314
0.037549883 , 0.15006013 , 0.85946774
0.35520026 , -2.4318655 , 0.8687688
0.24411014 , -1.466686 , 0.86640066
0.12161672 , -0.5391763 , 0.8684676
0.015218961 , 0.3247616 , 0.8714135
0.33217221 , -2.1894927 , 0.87745273
0.21421179 , -1.2359033 , 0.87786967
0.33611518 , -1.7029452 , 1.1418997
0.23346464 , -1.2507086 , 1.1419748
0.12789197 , -0.8401965 , 1.144513
0.024276186 , -0.49729028 , 1.146288
0.3100514 , -1.5650436 , 1.1529114
0.20823555 , -1.1432322 , 1.1534027
0.10296508 , -0.77290744 , 1.1561724
0.0004966218 , -0.4565588 , 1.1572466
0.28530926 , -1.4400321 , 1.1639854
0.18309477 , -1.0502923 , 1.164951
0.07841169 , -0.71934974 , 1.1676413
-0.026584899 , -0.4238784 , 1.16837
0.26077843 , -1.3279732 , 1.1751087
0.1581031 , -0.97222066 , 1.1765727
0.054297056 , -0.67790955 , 1.1788976
0.33683652 , -1.5806473 , 1.1862937
0.23624767 , -1.2290313 , 1.1862988
0.13331068 , -0.90894896 , 1.1881996
0.030566473 , -0.6470206 , 1.1899977
0.31060222 , -1.4648466 , 1.197395
0.21170887 , -1.1434582 , 1.1975757
0.108766176 , -0.8599294 , 1.1997547
0.0065536792 , -0.62551445 , 1.2010688
0.28631547 , -1.3627567 , 1.2084993
0.18719953 , -1.0715221 , 1.2089443
0.08452376 , -0.8241795 , 1.2111789
-0.020223407 , -0.6128211 , 1.2122693
0.26246926 , -1.2739204 , 1.2195814
0.1627689 , -1.0133964 , 1.2203858
0.06061819 , -0.800474 , 1.2224567
0.33697766 , -1.4454752 , 1.2309208
0.23866805 , -1.1979364 , 1.2306585
0.13847007 , -0.969032 , 1.2318572
0.036940478 , -0.787611 , 1.2336274
0.3106718 , -1.353225 , 1.2420543
0.21483083 , -1.1345658 , 1.2417681
0.114358194 , -0.9380698 , 1.2433041
0.012851021 , -0.7846338 , 1.2447808
0.2868723 , -1.2750937 , 1.2531356
0.19096787 , -1.0837462 , 1.2529424
0.09048358 , -0.9198478 , 1.2546815
-0.013645726 , -0.79096264 , 1.2560316
0.26374155 , -1.210162 , 1.2641327
0.1671228 , -1.0455171 , 1.2641925
0.066856496 , -0.91351146 , 1.2659719
0.3363923 , -1.2973392 , 1.2758311
0.24069475 , -1.1575238 , 1.275065
0.14335246 , -1.0198909 , 1.275502
0.04333204 , -0.91816926 , 1.277195
0.31017902 , -1.2301904 , 1.2869424
0.21757732 , -1.1165065 , 1.2859855
0.11971532 , -1.0067334 , 1.2868372
0.01929975 , -0.93302506 , 1.2884064
0.28692594 , -1.1771393 , 1.2979404
0.19437917 , -1.0867741 , 1.2969527
0.09625586 , -1.0057142 , 1.2981628
-0.0069004693 , -0.95747834 , 1.2996871
0.26455116 , -1.1368191 , 1.3087974
0.17114466 , -1.0682878 , 1.3080046
0.07296572 , -1.016331 , 1.3094561
0.33494896 , -1.1362972 , 1.3210655
0.2422886 , -1.1078699 , 1.3195412
0.147936 , -1.0611637 , 1.3191488
0.04967924 , -1.0379723 , 1.3207164
0.30904457 , -1.095838 , 1.3321054
0.21991284 , -1.0892669 , 1.3302449
0.124812126 , -1.0655097 , 1.3303678
0.025818769 , -1.0699822 , 1.3319683
0.28642622 , -1.069029 , 1.3429581
0.19740106 , -1.080497 , 1.3409914
0.10180959 , -1.081318 , 1.3416334
-4.1814037e-05 , -1.1117417 , 1.3432637
0.26485443 , -1.0540308 , 1.3536122
0.17480515 , -1.0815283 , 1.3518407
0.07890569 , -1.10842 , 1.3529183
-0.029988782 , -1.1628071 , 1.3546498
0.24340554 , -1.049069 , 1.3641164
0.15219389 , -1.0926275 , 1.3628163
0.055926543 , -1.1464745 , 1.3642027
0.30718663 , -0.95018315 , 1.377597
0.22179277 , -1.0528665 , 1.3745707
0.12962358 , -1.1141477 , 1.3739111
0.032333538 , -1.1949738 , 1.3754841
0.285322 , -0.9508292 , 1.3882371
0.19999088 , -1.0648623 , 1.3850827
0.107119426 , -1.1463764 , 1.3851024
0.0068724537 , -1.2532992 , 1.3867846
0.2646055 , -0.9618684 , 1.3986182
0.17806596 , -1.0851413 , 1.3957262
0.084645525 , -1.1894525 , 1.396361
-0.022226963 , -1.3208758 , 1.3981445
0.24399504 , -0.9811507 , 1.4088253
0.15609375 , -1.1141734 , 1.4065292
0.062028565 , -1.2433106 , 1.4076557
0.30452418 , -0.79333675 , 1.4234754
0.22316296 , -1.0072728 , 1.4189961
0.13412404 , -1.1525451 , 1.4174868
0.038777594 , -1.3076305 , 1.4189584
0.28356233 , -0.8226609 , 1.43383
0.202096 , -1.0397928 , 1.4292607
0.11216566 , -1.2007905 , 1.4285792
0.013780902 , -1.3818429 , 1.4302597
0.2637556 , -0.8604125 , 1.4438602
0.1808802 , -1.0790428 , 1.4396952
0.09016658 , -1.2593118 , 1.4397814
-0.014578624 , -1.4652634 , 1.4415832
0.24399967 , -0.90411365 , 1.4537084
0.15959683 , -1.1257467 , 1.450319
0.06795616 , -1.3283209 , 1.4510609
0.30097407 , -0.62537825 , 1.4698216
0.2239607 , -0.95240605 , 1.4635625
0.13828473 , -1.1807017 , 1.4611193
0.0450982 , -1.4077541 , 1.4623743
0.28109214 , -0.68462086 , 1.479805
0.20365606 , -1.0051739 , 1.4735692
0.116931394 , -1.244621 , 1.4720758
0.020620277 , -1.4971902 , 1.4736779
0.26224828 , -0.7496917 , 1.4893948
0.18319464 , -1.063137 , 1.4837903
0.09546244 , -1.318096 , 1.4831707
-0.007028964 , -1.5958924 , 1.4849585
0.24335131 , -0.8178702 , 1.4988192
0.16265862 , -1.1273133 , 1.4942218
0.07370283 , -1.4015855 , 1.4943848
0.2964519 , -0.44642994 , 1.5167482
0.2241141 , -0.8880907 , 1.5083268
0.14207168 , -1.1986771 , 1.5048349
0.051268045 , -1.4953483 , 1.5056797
0.27785185 , -0.5368232 , 1.5262581
0.20460512 , -0.96081775 , 1.5180653
0.12139718 , -1.2780467 , 1.5156031
0.027333872 , -1.599281 , 1.5169857
0.26001474 , -0.62969065 , 1.5353014
0.18495256 , -1.0372868 , 1.5280597
0.10053314 , -1.366105 , 1.5265148
0.00042873545 , -1.7127485 , 1.5282273
0.24196774 , -0.7222295 , 1.5442348
0.1652311 , -1.118823 , 1.5382705
0.079286456 , -1.463465 , 1.5375719
0.2908698 , -0.25661907 , 1.5644362
0.22354333 , -0.8140408 , 1.5533702
0.14544556 , -1.2065381 , 1.5486474
0.057301637 , -1.5707022 , 1.5487717
0.27377343 , -0.3793811 , 1.5733393
0.20487554 , -0.9064559 , 1.5628213
0.12553589 , -1.3012927 , 1.5591546
0.03389548 , -1.6882235 , 1.5600592
0.25696555 , -0.5003129 , 1.5817026
0.18609807 , -1.0013051 , 1.57255
0.10537309 , -1.4037695 , 1.5697802
0.0077644894 , -1.8158467 , 1.5712895
0.23975004 , -0.61686194 , 1.5900767
0.16726667 , -1.1001922 , 1.5824751
0.0847366 , -1.5145972 , 1.580543
0.28413433 , -0.056005683 , 1.6131926
0.22216532 , -0.72985715 , 1.5988078
0.14836477 , -1.2043217 , 1.5925264
0.06326386 , -1.6345088 , 1.5914911
0.26877072 , -0.21232983 , 1.621297
0.20440462 , -0.8417592 , 1.6079137
0.12931237 , -1.3145566 , 1.6026608
0.040354528 , -1.7644457 , 1.6026554
0.25297672 , -0.3612494 , 1.6288042
0.18658204 , -0.9549747 , 1.6172732
0.109960146 , -1.4315298 , 1.6128647
0.014943025 , -1.9052088 , 1.6138971
0.23658393 , -0.5011941 , 1.6365427
0.16872361 , -1.0713133 , 1.6267675
0.090065226 , -1.5557787 , 1.6231598
-0.014725156 , -2.056085 , 1.6248409
0.21990348 , -0.63498914 , 1.6447831
0.15079097 , -1.1920286 , 1.6363176
0.06924148 , -1.6879436 , 1.633617
0.2627192 , -0.035689496 , 1.670557
0.20314355 , -0.76632506 , 1.6533701
0.13268849 , -1.3179693 , 1.6458842
0.046882942 , -1.8291112 , 1.6444062
0.24788007 , -0.2119144 , 1.6769636
0.1863697 , -0.89803743 , 1.6621013
0.114254676 , -1.4497133 , 1.6554642
0.022048648 , -1.9811978 , 1.6558108
0.23236161 , -0.37443325 , 1.6839213
0.16957301 , -1.0320456 , 1.6708454
0.095238395 , -1.5876958 , 1.6650994
-0.00778891 , -2.145676 , 1.6675885
0.21671295 , -0.5288269 , 1.6913681
0.1526957 , -1.1696212 , 1.6795417
0.07525145 , -1.7323673 , 1.6749328
0.25538743 , 0.15094878 , 1.7218883
0.20107718 , -0.6797587 , 1.6989423
0.13563094 , -1.3115988 , 1.6881849
0.05367742 , -1.8843741 , 1.6852068
0.24147753 , -0.050973438 , 1.7268267
0.18545602 , -0.83025926 , 1.7064298
0.11821155 , -1.4585179 , 1.6968178
0.02948474 , -2.0448484 , 1.6951079
0.22704183 , -0.2354207 , 1.7324122
0.16980965 , -0.98227936 , 1.7137638
0.10018739 , -1.6107323 , 1.7055311
0.0006424006 , -2.218171 , 1.6998163
0.21262978 , -0.41063535 , 1.7379898
0.15406735 , -1.1371 , 1.7209824
0.08118349 , -1.7684879 , 1.7143896
0.36773023 , -2.7305288 , 0.77933097
0.400811 , -2.2210913 , 1.039175
0.38697952 , -1.2663425 , 1.2917752
0.3385437 , -0.15653382 , 1.5477552
0.38178375 , -2.6929467 , 0.8432939
0.40332505 , -2.0258512 , 1.1001036
0.38008857 , -1.0053405 , 1.3524202
0.32414523 , 0.12363968 , 1.6124465
0.3942833 , -2.5974972 , 0.9059096
0.40345877 , -1.8083094 , 1.160759
0.37104163 , -0.7330532 , 1.4133611
0.3082943 , 0.40545845 , 1.6817002
0.40341532 , -2.4608297 , 0.96780294
0.40122676 , -1.571058 , 1.2212739
0.35988262 , -0.45172128 , 1.4748396
0.35911247 , -2.7779005 , 0.7693883
0.40943834 , -2.2915678 , 1.0291548
0.39664745 , -1.3167189 , 1.281762
0.346677 , -0.16363333 , 1.5372758
0.3852633 , -2.752706 , 0.8331422
0.41265085 , -2.0945003 , 1.0900983
0.38973686 , -1.0475137 , 1.3423581
0.33151332 , 0.12899557 , 1.6015639
0.40142748 , -2.6641142 , 0.89588344
0.4132299 , -1.8734145 , 1.1507976
0.3805225 , -0.7658514 , 1.4032372
0.3145522 , 0.42427608 , 1.6699157
0.41209778 , -2.5309956 , 0.9576937
0.41126227 , -1.6309749 , 1.2112589
0.3690385 , -0.4739759 , 1.464584
0.36346006 , -2.8177416 , 0.7597497
0.4189516 , -2.362849 , 1.0191904
0.4068009 , -1.3700666 , 1.2717775
0.3553294 , -0.17425297 , 1.5268332
0.39415792 , -2.8086927 , 0.8231079
0.42268422 , -2.164655 , 1.0801162
0.3998722 , -1.092931 , 1.3323117
0.3394297 , 0.1309879 , 1.5907376
0.41127247 , -2.728969 , 0.88553035
0.42360476 , -1.9406089 , 1.1406814
0.39050657 , -0.8021222 , 1.3930712
0.32131147 , 0.440071 , 1.6583116
0.42234957 , -2.6007075 , 0.94829845
0.4218438 , -1.6934198 , 1.2015685
0.37873 , -0.49984723 , 1.4544375
0.39257324 , -2.8487482 , 0.7477857
0.4295113 , -2.434699 , 1.0082594
-0.6570853 , -12.118207 , -0.5183549
-0.29757848 , -8.137721 , -0.30180445
-0.5270117 , -10.778615 , -0.4546844
-0.7901047 , -13.333864 , -0.55779314
-0.40556923 , -9.394799 , -0.37575716
-0.6498808 , -11.997118 , -0.5050884
-0.93358725 , -14.565737 , -0.5880746
-0.520194 , -10.633503 , -0.4385074
-0.7818268 , -13.223758 , -0.5466718
-0.39852855 , -9.21827 , -0.35606164
-0.6423983 , -11.866358 , -0.4912404
-0.9240525 , -14.465381 , -0.5795392
-0.51298356 , -10.477567 , -0.42162016
-0.77329147 , -13.104031 , -0.53493
-0.39092982 , -9.028494 , -0.3355172
-0.6346342 , -11.725899 , -0.47680324
-0.91420305 , -14.355073 , -0.5700748
-0.5053464 , -10.310315 , -0.40397003
-0.76454365 , -12.974885 , -0.52261686
-0.3827158 , -8.824618 , -0.3141349
-0.62656534 , -11.575563 , -0.46175262
-0.904094 , -14.234999 , -0.5598771
-0.49724126 , -10.131084 , -0.38549784
-0.7556113 , -12.836531 , -0.5097604
-0.37379855 , -8.605567 , -0.29205164
-0.61815226 , -11.415034 , -0.44605067
-0.89379585 , -14.1054125 , -0.5490435
-0.48862427 , -9.93911 , -0.36614317
-0.7464946 , -12.689077 , -0.49636233
-1.0428057 , -15.39066 , -0.58021504
-0.6093385 , -11.243786 , -0.42964718
-0.8833849 , -13.966675 , -0.53765464
-0.47945082 , -9.733448 , -0.3458548
-0.73716664 , -12.532488 , -0.48240122
-1.0307137 , -15.259147 , -0.57077855
-0.6000512 , -11.061131 , -0.41248032
-0.8729163 , -13.819202 , -0.52576584
-0.4696885 , -9.513147 , -0.32460427
-0.7275799 , -12.366493 , -0.46783888
-1.0184988 , -15.118125 , -0.5607554
-0.59019136 , -10.866138 , -0.39447525
-0.8624008 , -13.66335 , -0.5133882
-0.4593173 , -9.277228 , -0.30247557
-0.7176773 , -12.190622 , -0.45262718
-1.006296 , -14.968087 , -0.5502275
-0.5796297 , -10.657684 , -0.3755387
-0.8518136 , -13.499216 , -0.50049084
-0.4481324 , -9.024921 , -0.28017244
-0.7074055 , -12.004185 , -0.4367076
-0.99422693 , -14.809815 , -0.53927743
0.30452678 , -3.5112352 , -0.22591797
0.19139728 , -4.669904 , -0.3214207
0.05640236 , -5.917404 , -0.3807762
0.2463496 , -4.0726976 , -0.27143705
0.120345086 , -5.312496 , -0.35208848
0.29185078 , -3.5288875 , -0.21208447
0.18091805 , -4.6909475 , -0.31084806
0.04536124 , -5.9616237 , -0.37423897
0.23518442 , -4.089689 , -0.2590019
0.10996538 , -5.340781 , -0.3432545
0.2794578 , -3.5404534 , -0.19761147
0.17049965 , -4.7093344 , -0.29993594
0.03457142 , -6.0022635 , -0.3674026
0.22394277 , -4.1029634 , -0.24626058
0.09974067 , -5.3658533 , -0.33406422
0.26769027 , -3.5472612 , -0.18254384
0.16014439 , -4.7245855 , -0.28868923
0.024047898 , -6.0389967 , -0.36020225
0.2127184 , -4.1113324 , -0.23307925
0.0896838 , -5.3873305 , -0.32450795
-0.056632265 , -6.7187 , -0.37711662
0.14984958 , -4.736007 , -0.27710667
0.013802997 , -6.0715137 , -0.35260794
0.20170243 , -4.1141224 , -0.21928918
0.07980118 , -5.4048386 , -0.3145836
-0.067309454 , -6.76531 , -0.37160727
0.13963443 , -4.7428293 , -0.26515692
0.003842874 , -6.09949 , -0.34460533
0.19102332 , -4.111541 , -0.20483573
0.070093974 , -5.417907 , -0.30429044
-0.07763099 , -6.8070393 , -0.3658436
0.12955528 , -4.7442513 , -0.25276643
-0.005830217 , -6.1226144 , -0.3361894
0.18064228 , -4.1038113 , -0.18982245
0.060566276 , -5.426027 , -0.29362065
-0.087587714 , -6.843522 , -0.3596465
0.1196934 , -4.7398067 , -0.23984446
-0.015218413 , -6.140534 , -0.32735997
0.17043819 , -4.090869 , -0.17433734
0.051230542 , -5.4285984 , -0.28255022
-0.09717323 , -6.874435 , -0.3529807
0.11009876 , -4.729235 , -0.22633192
-0.02432442 , -6.152883 , -0.31811664
-0.1851807 , -7.6203947 , -0.3689997
0.042115383 , -5.425099 , -0.27103654
-0.106385775 , -6.8994503 , -0.34583887
0.10076837 , -4.7124605 , -0.21222723
-0.033150636 , -6.1592336 , -0.30845383
-0.19476117 , -7.6601987 , -0.36438406
0.03325243 , -5.4150677 , -0.25902897
-0.115227446 , -6.9182596 , -0.33822316
0.091656044 , -4.6891685 , -0.19755784
-0.041693073 , -6.1591644 , -0.29835665
-0.20387961 , -7.6935377 , -0.35922095
0.024663229 , -5.3982205 , -0.24648538
-0.12370321 , -6.930526 , -0.33013713
0.08271842 , -4.658918 , -0.18229842
-0.049943563 , -6.1522403 , -0.2878007
-0.21254116 , -7.7201157 , -0.3534973
0.016344026 , -5.374262 , -0.23338154
-0.13181767 , -6.9359193 , -0.32158113
0.07393123 , -4.6209655 , -0.16622414
-0.057891447 , -6.1381116 , -0.27675676
-0.22075285 , -7.7396374 , -0.34721977
0.008276181 , -5.342909 , -0.2197066
-0.13957457 , -6.934086 , -0.3125497
-0.31666377 , -8.558116 , -0.36306992
-0.06553338 , -6.116444 , -0.265197
-0.22852308 , -7.7518244 , -0.3404002
0.00043437714 , -5.303698 , -0.205445
-0.14697534 , -6.9247055 , -0.30303144
-0.32467493 , -8.585617 , -0.35904175
-0.072874136 , -6.086962 , -0.25309876
-0.23586133 , -7.756391 , -0.33304888
-0.0071954574 , -5.256136 , -0.19054641
-0.1540224 , -6.9074564 , -0.2930107
-0.33215386 , -8.605321 , -0.35430738
-0.07992869 , -6.0493264 , -0.24044292
-0.24277653 , -7.753067 , -0.32517123
-0.01461863 , -5.1995826 , -0.17487982
-0.16072033 , -6.882066 , -0.28247058
-0.33911592 , -8.61699 , -0.34891212
-0.08671259 , -6.0031834 , -0.22720875
-0.24927783 , -7.7415767 , -0.31676728
-0.4430939 , -9.496048 , -0.36204425
-0.16707958 , -6.8482437 , -0.27139434
-0.34557652 , -8.620405 , -0.3428909
-0.093240224 , -5.9480653 , -0.21336631
-0.25537485 , -7.7216763 , -0.30783272
-0.44970492 , -9.515095 , -0.35920697
-0.17311366 , -6.8057117 , -0.25976497
-0.35155156 , -8.615347 , -0.33626944
-0.09951797 , -5.8835077 , -0.19886586
-0.26107946 , -7.6931157 , -0.29836
-0.45572248 , -9.525484 , -0.3555271
-0.17883858 , -6.754126 , -0.24756293
-0.35705662 , -8.601614 , -0.32906464
-0.10554854 , -5.8089647 , -0.183621
-0.26640555 , -7.6556616 , -0.28833914
-0.46116966 , -9.527048 , -0.35104364
-0.18426807 , -6.6931334 , -0.23476417
-0.3621085 , -8.579006 , -0.32128614
-0.111328 , -5.7239404 , -0.1674971
-0.27137002 , -7.609057 , -0.27775806
-0.46606976 , -9.519636 , -0.34583116
-0.189414 , -6.6223073 , -0.2213375
-0.3667245 , -8.547335 , -0.31293753
-0.5785212 , -10.4761915 , -0.3598477
-0.27599004 , -7.5530367 , -0.26660126
-0.4704456 , -9.5031 , -0.3399411
-0.19428337 , -6.5412235 , -0.20724119
-0.37092403 , -8.50641 , -0.30401757
-0.58278644 , -10.474914 , -0.35727972
-0.28028312 , -7.487288 , -0.2548493
-0.4743204 , -9.477306 , -0.33340827
-0.19888161 , -6.449406 , -0.19241679
-0.3747273 , -8.456037 , -0.2945208
-0.5864456 , -10.464206 , -0.35373646
-0.28426453 , -7.411483 , -0.24247858
-0.47771785 , -9.442117 , -0.32625467
-0.2032109 , -6.3463993 , -0.1767828
-0.37815574 , -8.395997 , -0.2844372
-0.58952916 , -10.443981 , -0.34934208
-0.2879482 , -7.3252454 , -0.22946106
-0.4806623 , -9.397403 , -0.31849274
-0.20727208 , -6.2317076 , -0.1602389
-0.38123047 , -8.326063 , -0.27375272
-0.5920671 , -10.414161 , -0.34418377
-0.2913453 , -7.2281857 , -0.21576439
-0.48317897 , -9.343026 , -0.31012732
-0.7127404 , -11.446961 , -0.35970554
-0.3839726 , -8.24597 , -0.26244897
-0.5940893 , -10.374671 , -0.3383198
-0.2944658 , -7.1198716 , -0.20134994
-0.48529366 , -9.278843 , -0.30115673
-0.71434605 , -11.421909 , -0.35711488
-0.38640165 , -8.155425 , -0.25050417
-0.59562594 , -10.325438 , -0.3317877
-0.2973172 , -6.999855 , -0.18617067
-0.4870325 , -9.20469 , -0.2915735
-0.715367 , -11.386966 , -0.35353556
-0.38853654 , -8.054103 , -0.23789455
-0.5967072 , -10.266388 , -0.32460994
-0.29990494 , -6.8676486 , -0.17016856
-0.4884219 , -9.120388 , -0.2813654
-0.71584004 , -11.3421135 , -0.34909877
-0.39039454 , -7.941638 , -0.22459568
-0.5973636 , -10.197441 , -0.3167978
-0.8448865 , -12.434213 , -0.36303124
-0.4894882 , -9.025727 , -0.27051628
-0.7158008 , -11.287335 , -0.34389153
-0.3919908 , -7.817618 , -0.21058327
-0.5976264 , -10.118512 , -0.3083539
-0.84419656 , -12.392874 , -0.36131436
-0.49025777 , -8.920466 , -0.2590075
-0.7152851 , -11.222618 , -0.33796912
-0.39333835 , -7.6815763 , -0.19583412
-0.5975273 , -10.029502 , -0.29927424
-0.8429348 , -12.341414 , -0.35852286
-0.49075574 , -8.804318 , -0.2468196
-0.71432847 , -11.147944 , -0.33136478
-0.39444596 , -7.5329924 , -0.18032585
-0.5970991 , -9.930286 , -0.28954986
-0.841143 , -12.279873 , -0.35477743
-0.4910063 , -8.676932 , -0.23393443
-0.7129671 , -11.063301 , -0.32409653
-0.39531887 , -7.3712616 , -0.16403034
-0.59637505 , -9.82072 , -0.27916905
-0.83886254 , -12.20829 , -0.35019946
-0.49103072 , -8.537902 , -0.22033742
-0.7112383 , -10.968663 , -0.3161713
-0.97530395 , -13.369276 , -0.3664999
-0.5953884 , -9.700599 , -0.26811874
-0.8361336 , -12.126711 , -0.3448623
-0.49084747 , -8.386718 , -0.2060198
-0.7091815 , -10.864002 , -0.30758896
-0.9715779 , -13.299635 , -0.36442828
-0.59417063 , -9.569667 , -0.25638616
-0.8329974 , -12.035185 , -0.33880883
-0.49046978 , -8.2228 , -0.19098236
-0.7068379 , -10.749254 , -0.29834586
-0.9673625 , -13.219868 , -0.36131293
-0.592751 , -9.427573 , -0.24396065
-0.82949626 , -11.933768 , -0.33206174
-0.48990738 , -8.045436 , -0.17524184
-0.7042491 , -10.624315 , -0.2884376
-0.96270186 , -13.130067 , -0.35731587
-0.5911537 , -9.273891 , -0.23083553
-0.82567674 , -11.822518 , -0.32463083
-0.48916107 , -7.8538322 , -0.15881437
-0.7014555 , -10.488997 , -0.27786148
-0.95763946 , -13.030344 , -0.35252485
-0.5893995 , -9.108058 , -0.21701132
-0.8215896 , -11.701483 , -0.31651953
-1.1006856 , -14.253581 , -0.37141111
-0.69849163 , -10.343029 , -0.26661697
-0.7746789 , -10.79115 , -0.2651247
-1.0366867 , -13.476924 , -0.3487784
-0.65904325 , -9.301209 , -0.19973986
-0.8966028 , -12.064816 , -0.30760553
-1.1824892 , -14.751088 , -0.37261203
-0.770276 , -10.612722 , -0.25308165
-1.0290922 , -13.336175 , -0.3422141
-0.6556917 , -9.085082 , -0.18463525
-0.8907299 , -11.903803 , -0.29791602
-1.1731937 , -14.618095 , -0.36875385
-0.76578194 , -10.421866 , -0.24043623
-1.0214117 , -13.186631 , -0.33492118
-0.6522223 , -8.853335 , -0.16910557
-0.8848553 , -11.732586 , -0.28759664
-1.1636453 , -14.475939 , -0.36408892
-0.76115376 , -10.217597 , -0.22723295
-1.0137388 , -13.028354 , -0.32693207
-1.317975 , -15.782304 , -0.38522005
-0.8789882 , -11.550496 , -0.27666584
-1.1539385 , -14.325172 , -0.3586061
-0.7562969 , -9.998701 , -0.21353354
-1.006146 , -12.861172 , -0.31828606
-1.3064492 , -15.637115 , -0.38239124
-0.8731257 , -11.356692 , -0.26513603
-1.1442314 , -14.16634 , -0.3523255
-0.7509746 , -9.763957 , -0.19933696
-0.9986885 , -12.684654 , -0.3090166
-1.2946384 , -15.48272 , -0.37884334
0.20568219 , -4.1209826 , -0.22663471
-0.04702394 , -5.7033587 , -0.21946606
-0.3008485 , -7.298513 , -0.21649659
-0.55352443 , -8.843984 , -0.21757677
-0.24480653 , -8.523035 , -0.48035994
-0.6277645 , -11.462151 , -0.479767
-1.0056045 , -14.342959 , -0.48244393
0.3400039 , -3.2851875 , -0.23088634
0.17619368 , 0.84560406 , 1.9199777
0.09702251 , 1.7530785 , 2.0996032
0.2151781 , 0.29459584 , 1.836588
0.13890302 , 1.2309178 , 2.0020206
0.05587514 , 2.0778246 , 2.1968932
0.17807105 , 0.69069815 , 1.9114656
0.100856565 , 1.57609 , 2.0914347
0.21525773 , 0.16860975 , 1.82512
0.14156365 , 1.0647717 , 1.9938862
0.061094847 , 1.8922762 , 2.1883078
0.17976935 , 0.5419815 , 1.9028574
0.10464821 , 1.4015075 , 2.0832226
0.019133903 , 2.1905155 , 2.293228
0.144158 , 0.90242773 , 1.9856459
0.06628216 , 1.7086617 , 2.1797292
0.18120445 , 0.39965042 , 1.8941962
0.10837724 , 1.2295785 , 2.0749605
0.025927862 , 1.9966274 , 2.2839632
0.14664887 , 0.74431866 , 1.9773145
0.0714162 , 1.5271544 , 2.1711485
0.18231034 , 0.26367724 , 1.8855011
0.11202106 , 1.0605844 , 2.0666459
0.03269444 , 1.8044462 , 2.2747564
0.14898972 , 0.5907946 , 1.9689137
0.07647467 , 1.3479493 , 2.1625586
0.18304548 , 0.13397014 , 1.8767694
0.11555349 , 0.89480156 , 2.0582786
0.039408274 , 1.6141416 , 2.2656221
0.15113157 , 0.4421492 , 1.9604678
0.08143366 , 1.1712431 , 2.1539533
0.18338463 , 0.010333652 , 1.86798
0.118945524 , 0.7325164 , 2.049863
0.046042588 , 1.4258871 , 2.256539
0.15302631 , 0.2985704 , 1.9519999
0.08626818 , 0.9972473 , 2.1453295
0.18331875 , -0.10742345 , 1.8591005
0.122165196 , 0.5739911 , 2.0414066
