0.17446187 , 3.1105027 , -0.09004072
0.18517369 , 3.8563342 , -0.008281733
0.1750251 , 3.7830822 , 0.05868974
0.153028 , 3.378287 , 0.09243311
0.17640425 , 3.8659096 , -0.13816269
0.16227351 , 3.7416189 , -0.2527481
0.13710582 , 2.1626248 , 0.103664376
0.13579558 , 2.1821127 , 0.10597877
0.1529667 , 0.95959276 , 0.048302125
0.07757828 , 0.8703024 , 0.044781752
0.17824635 , 1.9662044 , 0.07791646
0.1277215 , 0.9631763 , 0.054438666
0.15571406 , 1.1171235 , 0.05000686
0.17941351 , 1.488129 , 0.049531452
0.15345626 , 1.9153339 , 0.096414946
0.17147166 , 1.4350246 , 0.08437473
0.21181194 , 2.1377711 , 0.044990458
0.2119377 , 2.0952876 , 0.04805357
0.17690225 , 2.031005 , 0.07699808
0.11421045 , 0.9825448 , 0.05557185
0.17815663 , 1.3043581 , 0.07959593
0.19955365 , 1.0290608 , 0.06496892
0.21923406 , 0.9864913 , 0.05124793
0.22702968 , 0.99275625 , 0.057169378
0.18157151 , 1.5203042 , 0.050563876
0.15407403 , 1.8678615 , 0.106174745
0.17279032 , 1.3997529 , 0.08279725
0.19422613 , 1.0819048 , 0.06821021
0.21310525 , 2.265692 , 0.0434252
0.17741261 , 1.9579347 , 0.078113556
0.1233686 , 1.0055413 , 0.0558313
0.15219428 , 1.0973519 , 0.051494297
0.2038839 , 1.0195624 , 0.06067751
0.22117135 , 1.0424485 , 0.04794668
0.23424178 , 1.0111936 , 0.05535842
0.17699136 , 1.9876251 , 0.08186487
0.15683581 , 1.7418623 , 0.09847121
0.17755164 , 1.3083688 , 0.078791775
0.1986798 , 1.0562904 , 0.063909344
0.21742193 , 1.03953 , 0.049889427
0.17886001 , 1.9057353 , 0.18107209
0.1315174 , 1.0315996 , 0.055526976
0.15859777 , 1.1645342 , 0.05124678
0.18204907 , 1.513148 , 0.051847566
0.15570726 , 1.0993524 , 0.0511088
0.2382895 , 1.0341634 , 0.053583067
0.17761827 , 1.919106 , 0.08437725
0.12424241 , 1.0504231 , 0.056739103
0.19482999 , 1.0967076 , 0.065586515
0.21376674 , 1.0590783 , 0.051056277
0.14974912 , 1.1143669 , 0.057870176
0.08469451 , 1.0761176 , 0.046040058
0.12901387 , 2.2226555 , 0.11201441
0.1271126 , 2.2408507 , 0.11186022
0.0992657 , 1.130312 , 0.05498634
0.13556226 , 1.0583699 , 0.055525877
0.16186805 , 1.2041458 , 0.051414102
0.1436478 , 1.0837277 , 0.054355863
0.16868705 , 1.2868286 , 0.05135705
0.19210556 , 1.6765081 , 0.046701115
0.20441976 , 1.0700853 , 0.056970827
0.21697961 , 1.1501119 , 0.04730785
0.2330038 , 1.1191086 , 0.05355227
0.17961 , 1.8710802 , 0.022746047
0.13130902 , 1.0831802 , 0.05680523
0.16507539 , 1.2424728 , 0.051658336
0.19229014 , 1.6687534 , 0.051864255
0.16198231 , 1.5671408 , 0.08485111
0.18664433 , 1.1836464 , 0.069826074
0.20896764 , 1.0888056 , 0.052596193
0.14933875 , 1.1789122 , 0.04937029
0.0882087 , 1.1606929 , 0.04743334
0.13155729 , 1.0957148 , 0.05705968
0.14831612 , 1.1164131 , 0.054024104
0.17640483 , 1.3940418 , 0.051851153
0.14968719 , 1.841758 , 0.045665205
0.17205204 , 1.3809003 , 0.07972352
0.19608371 , 1.1125041 , 0.062190525
0.21486118 , 1.1557314 , 0.04695835
0.22922531 , 1.1742816 , 0.053508833
0.21270621 , 2.0441656 , 0.052207835
0.2122547 , 2.0038135 , 0.053121466
0.17931813 , 1.4357679 , 0.0525769
0.20613967 , 1.8345962 , 0.045845445
0.16155629 , 1.5592375 , 0.08526883
0.18285832 , 1.228473 , 0.07135513
0.20254356 , 1.1037731 , 0.05638685
0.2145796 , 1.2020031 , 0.046683993
0.08802064 , 1.2242169 , 0.04863516
0.08268418 , 1.1892211 , 0.048608907
0.2337249 , 1.1855539 , 0.052008793
0.21123844 , 1.9414383 , 0.0557501
0.32623467 , -2.1122901 , -0.030352384
0.2877529 , -2.1517642 , -0.068910405
0.2742409 , -2.0442438 , -0.051078547
0.24805629 , -1.5665163 , -0.051807594
0.18947676 , -0.44895193 , -0.02589748
0.1473183 , 0.93399286 , 0.029032066
0.14445224 , 1.8877538 , 0.09520655
0.33774433 , -1.4673021 , 0.023526816
0.23481081 , 0.8482532 , 0.037296593
0.27272114 , -0.26728415 , 0.028056215
0.32547444 , -1.3913739 , 0.022063486
0.24332903 , 0.54651886 , 0.03453708
0.28548497 , -0.57572925 , 0.026045546
0.3414837 , -1.6839072 , 0.01998064
0.14580472 , 1.0622123 , 0.035403565
0.21070127 , 1.8121516 , 0.052825626
0.23393264 , 0.8524046 , 0.037315786
0.28288168 , -0.521399 , 0.026321843
0.3383302 , -1.6285466 , 0.020463461
0.2437514 , -1.4866918 , -0.05117131
0.22183931 , 1.3038986 , 0.041856356
0.25249484 , 0.24733567 , 0.03187105
0.29866084 , -0.86996865 , 0.024401147
0.2285628 , 1.0226057 , 0.038941015
0.26332211 , -0.056908567 , 0.029387493
0.31345344 , -1.1689401 , 0.02303401
0.15471852 , 0.605149 , 0.012810345
0.14440064 , 1.5967036 , 0.068293355
0.2211357 , 1.3016042 , 0.04192351
0.26107654 , -0.005442804 , 0.029736107
0.3105266 , -1.1136532 , 0.023255534
0.27239713 , -1.9157076 , -0.06231146
0.21173571 , 1.6945188 , 0.049707904
0.23581873 , 0.7356275 , 0.03616155
0.27471825 , -0.35184267 , 0.027201355
0.21690702 , 1.4480095 , 0.04406737
0.24460666 , 0.44229275 , 0.033422824
0.28779215 , -0.6519619 , 0.02536626
0.16799971 , 0.14599654 , -0.007317795
0.14576052 , 1.1837311 , 0.041821264
0.21135436 , 1.6858201 , 0.050051577
0.24273509 , 0.48952755 , 0.033819318
0.28516304 , -0.59817344 , 0.025621044
0.3411012 , -1.6812589 , 0.019590277
0.14655106 , 1.681706 , 0.075480215
0.22252384 , 1.1835189 , 0.04070113
0.2540619 , 0.15235078 , 0.030825885
0.20907743 , 1.8007988 , 0.057327934
0.22939594 , 0.9093644 , 0.037810702
0.26519057 , -0.14345509 , 0.02845819
0.18523699 , -0.30866262 , -0.02462494
0.15245861 , 0.75024295 , 0.018629
0.1470713 , 1.6733918 , 0.07510669
0.22176068 , 1.1831797 , 0.040752392
0.25302944 , 0.16507703 , 0.030845428
0.30005774 , -0.91604733 , 0.023988167
0.31793445 , -1.962153 , -0.028838081
0.2131975 , -0.90510464 , -0.04176789
0.16773544 , 0.17144893 , -0.007365863
0.14657892 , 1.1830534 , 0.041671257
0.21072268 , 1.6691892 , 0.05053682
0.21826133 , 1.292996 , 0.042214476
0.24744579 , 0.30402565 , 0.03196476
0.29241472 , -0.7650072 , 0.024609312
0.35042474 , -1.824788 , 0.016218586
0.22153379 , 1.1456538 , 0.040389895
0.25305527 , 0.14214098 , 0.03052045
0.30039838 , -0.92598736 , 0.023906514
0.27355823 , -1.8809052 , -0.066605546
0.22512509 , 0.995491 , 0.038710184
0.25903893 , -0.019508816 , 0.0291609
0.30871293 , -1.085395 , 0.023308761
0.10328893 , 2.5957701 , 0.052128077
0.2336299 , -0.5475583 , -0.066000134
0.1891911 , 0.722476 , -0.060445253
0.140644 , 2.0136108 , -0.05623185
0.10585628 , 2.7936563 , -0.059598353
0.11695458 , 2.3408525 , 0.047639795
0.109653786 , 2.6261427 , 0.034271035
0.09349305 , 2.7873056 , 0.0380236
0.108182214 , 2.7839463 , -0.05808944
0.11586347 , 2.413352 , 0.045033123
0.10701196 , 2.6675417 , 0.033278793
0.08810334 , 2.8308144 , 0.042148724
0.11054981 , 2.77358 , -0.055593617
0.11447155 , 2.4784136 , 0.042508353
0.10407341 , 2.7081072 , 0.032763574
0.081157185 , 2.8782127 , 0.048265927
0.112974025 , 2.7619858 , -0.052355163
0.112790376 , 2.537407 , 0.040147487
0.10080387 , 2.7486663 , 0.03281025
0.09240321 , 2.9309614 , -0.05777281
0.11549867 , 2.7485952 , -0.04855222
0.110446855 , 2.601581 , 0.037510496
0.096396804 , 2.7967453 , 0.03379924
0.098883204 , 2.9069102 , -0.06029517
0.118967764 , 2.725334 , -0.043177165
0.14390136 , 2.463898 , -0.0095035415
0.18271191 , 1.8673803 , 0.031008737
0.110063314 , 1.7941958 , 0.058805637
0.113995336 , 2.4328876 , 0.045741975
0.10607128 , 2.6890473 , 0.034652818
0.08841733 , 2.8774536 , 0.03753297
0.10402288 , 2.8858566 , -0.058962986
0.12415625 , 2.6918943 , -0.034785733
0.10326287 , 2.734743 , 0.033528056
0.08306696 , 2.9252088 , 0.041344028
0.10672833 , 2.8710625 , -0.056586087
0.12756766 , 2.6651187 , -0.029570274
0.10015422 , 2.779539 , 0.03293004
0.07682168 , 2.9769683 , 0.047055095
0.10939977 , 2.8552997 , -0.053475108
0.13131852 , 2.6330867 , -0.024164386
0.09672586 , 2.8243504 , 0.032838035
0.081233256 , 3.053366 , -0.0008325825
0.11211178 , 2.8380578 , -0.04981979
0.13545229 , 2.5946229 , -0.018582266
0.09296122 , 2.869816 , 0.033339884
0.09508972 , 3.0304399 , -0.060233064
0.11492899 , 2.8187075 , -0.04543562
0.14000271 , 2.548693 , -0.012540992
0.088828154 , 2.9168608 , 0.0348909
0.09769342 , 3.01024 , -0.061043028
0.11789227 , 2.7968135 , -0.041295353
0.11065946 , 2.1367881 , 0.05584845
0.1073602 , 2.6376238 , 0.040528227
0.09302177 , 2.8879292 , 0.03324118
0.0922379 , 3.1174502 , -0.058899675
0.11106228 , 2.8842826 , -0.048861455
0.1353076 , 2.6202788 , -0.017183583
0.17330296 , 2.0807493 , 0.022825884
0.1020985 , 1.6122855 , 0.057337373
0.066179805 , 3.7627597 , -0.056559168
0.16836497 , 2.177995 , 0.017637543
0.13188228 , 2.6705942 , -0.021563083
0.108499326 , 2.9245605 , -0.051905606
0.08466809 , 3.5668278 , -0.05260323
0.12274663 , 3.0343122 , -0.01548152
0.07309526 , 3.09218 , 0.045906413
0.09896442 , 2.815139 , 0.0340672
0.10740361 , 1.9122218 , 0.057896156
0.08891477 , 2.2532341 , 0.057134327
0.06173857 , 3.4146638 , 0.03334451
0.023655107 , 3.9491115 , 0.0508253
0.076009355 , 3.181859 , 0.004343963
0.0684185 , 3.367311 , -0.04013424
0.052901767 , 3.5156288 , 0.014358522
0.033859104 , 3.5983987 , 0.23204221
0.046336066 , 3.4732733 , 0.13658528
0.05777549 , 3.3060822 , 0.07474812
0.0714397 , 3.3240376 , -0.044086013
-0.13187744 , -7.635464 , -0.28807917
-0.13143533 , -7.618077 , -0.28530854
-0.14255452 , -7.998419 , -0.28542274
-0.1647518 , -8.74878 , -0.2823824
-0.040576078 , -8.426378 , -0.078706294
-0.030392587 , -8.007705 , -0.07804242
-0.119773075 , -7.382323 , -0.27096704
-0.13209921 , -7.7543936 , -0.2707743
-0.14345117 , -8.130797 , -0.2704818
-0.028966954 , -8.370031 , -0.06757511
0.04655568 , 3.5456157 , 0.055518724
0.08203357 , 3.3825815 , -0.0556891
0.054603714 , 3.3916073 , 0.058255598
0.042060696 , 3.6209996 , 0.058010682
0.028426727 , 3.8510945 , 0.058163565
0.06727272 , 3.6970644 , -0.053525828
0.07656188 , 3.4747946 , -0.0527975
0.08504335 , 3.2510633 , -0.051962636
0.042639542 , 3.6025558 , 0.06175494
0.02199808 , 4.346078 , -0.040017854
-0.00917951 , 4.635246 , 0.014284846
0.007148857 , 4.169612 , 0.06871746
0.04520943 , 3.5543852 , 0.062434163
0.056668717 , 3.898969 , -0.052853465
-0.2853101 , -11.361993 , -0.41023353
-0.34383494 , -11.07915 , -0.5555003
-0.208731 , -8.47913 , -0.4068114
-0.27041098 , -10.262035 , -0.4415525
-0.17507485 , -9.004048 , -0.29921794
-0.15882412 , -7.8518143 , -0.3342811
-0.119323865 , -8.541878 , -0.21614987
-0.12394633 , -7.468696 , -0.29611635
-0.23198603 , -8.70003 , -0.44713312
-0.10901506 , -8.411184 , -0.20343785
-0.065249585 , -7.2899137 , -0.17950386
0.08359556 , 3.1931612 , -0.052497186
0.05229129 , 3.3866246 , 0.1156854
0.062475443 , 3.2032804 , 0.06510167
0.076927125 , 3.1204689 , 0.0054199244
0.042806443 , 3.486977 , 0.20198014
0.053682245 , 3.3635335 , 0.11567713
0.06331667 , 3.1837633 , 0.065125935
-0.1727746 , -9.045318 , -0.2991826
-0.057447452 , -7.834378 , -0.13874617
-0.17722076 , -8.05053 , -0.3691998
-0.16240175 , -8.9166155 , -0.28462374
-0.04377115 , -7.699049 , -0.12808482
0.07997437 , 3.0889606 , 0.0027023258
0.05026717 , 3.4020095 , 0.15304218
0.060002998 , 3.2597425 , 0.08406776
-0.05458146 , -7.129363 , -0.1737533
0.07739491 , 3.210126 , -0.048464134
0.06124967 , 3.3775299 , 0.005904912
0.04342681 , 3.4605496 , 0.22761968
0.055732634 , 3.3280714 , 0.12136563
0.065271296 , 3.124928 , 0.063606985
-0.23307534 , -8.645663 , -0.45419487
-0.3751783 , -10.005542 , -0.68907773
-0.21462159 , -9.398623 , -0.368478
-0.07654782 , -8.016617 , -0.16724975
-0.25426772 , -9.737215 , -0.4352047
-0.13263427 , -8.563426 , -0.2428151
0.020856662 , -7.330276 , -0.09737504
0.083577044 , 3.0758066 , 0.0072933263
-0.051702976 , -7.020048 , -0.1798634
0.086795054 , 3.0098867 , -0.053464245
0.0755185 , 3.1694806 , -0.026831027
0.06492653 , 3.271895 , 0.03931126
0.057169165 , 3.27554 , 0.1979204
0.06542714 , 3.1740618 , 0.112817995
0.06859022 , 3.0174272 , 0.06446908
-0.20536745 , -8.202627 , -0.4201793
-0.32251135 , -9.377016 , -0.6096851
-0.27608782 , -9.795514 , -0.47910333
-0.15144527 , -8.62993 , -0.2775982
-0.06006566 , -7.4260936 , -0.12455866
-0.18485619 , -7.9279146 , -0.38785407
-0.2967595 , -9.1096 , -0.5681049
-0.3022573 , -9.993805 , -0.5251897
-0.17448191 , -8.829742 , -0.31407848
-0.059792396 , -7.632523 , -0.1511389
-0.04188298 , -6.8167496 , -0.165902
0.083537996 , 3.0639567 , -0.048831414
0.072432496 , 3.1901639 , -0.004590465
0.062477853 , 3.2810886 , 0.07549862
0.062382404 , 3.2134416 , 0.15996146
0.06946391 , 3.0998907 , 0.088152036
-0.052129455 , -6.904909 , -0.17594893
0.087994866 , 2.9949212 , -0.053617943
0.07667274 , 3.1371694 , -0.020773755
0.066836536 , 3.230613 , 0.049582228
0.06173612 , 3.2134643 , 0.18597862
0.06918169 , 3.1143098 , 0.10479143
-0.12964164 , -7.0594063 , -0.28967026
-0.21686208 , -8.2780695 , -0.44052404
-0.33601573 , -9.446533 , -0.63565725
-0.25855467 , -9.58595 , -0.4522626
-0.13604788 , -8.419744 , -0.25668904
-0.0068076733 , -7.199865 , -0.11023264
-0.19401744 , -8.005396 , -0.40708646
-0.30979258 , -9.17973 , -0.5929325
-0.28419024 , -9.783339 , -0.49709436
-0.15862492 , -8.620787 , -0.29199693
-0.046535444 , -7.418862 , -0.13541114
0.08829651 , 2.8935418 , 0.0018416882
0.0846121 , 3.0401921 , -0.0457095
0.07396738 , 3.1531916 , 0.0031820175
0.061325245 , 3.2371688 , 0.16885607
0.06657742 , 3.1531336 , 0.14958157
0.07295432 , 3.0399811 , 0.0819142
-0.04790935 , -6.787412 , -0.17167515
0.08924572 , 2.9755704 , -0.05226195
0.07802495 , 3.102844 , -0.014187532
0.06890594 , 3.18789 , 0.060342163
0.066149816 , 3.1526058 , 0.17450632
0.0728852 , 3.055119 , 0.09726399
-0.11904699 , -7.139296 , -0.3055361
-0.22879198 , -8.351727 , -0.4615452
-0.3498094 , -9.515895 , -0.66234636
-0.24135745 , -9.37668 , -0.42616588
-0.12069695 , -8.209743 , -0.23651725
-0.019181147 , -6.9967537 , -0.09456093
0.066779226 , 1.4784182 , -0.42871666
0.0013802963 , 0.838529 , -0.61469966
0.03296004 , 0.6577291 , -0.46990412
0.10032798 , 1.3032756 , -0.27851388
0.1480674 , 1.8924395 , -0.13606289
-0.26105794 , -7.8562474 , -0.5493689
-0.17319423 , -5.064493 , -0.5443363
-0.0784876 , -2.2667542 , -0.5443516
0.15552333 , 1.9260501 , -0.11033135
0.11479693 , -0.34555736 , -0.10371611
0.066761106 , -2.6810353 , -0.09672789
0.016333584 , -5.090188 , -0.09141847
-0.06925287 , -0.30920696 , -0.76041824
-0.16982119 , -3.0447989 , -0.76633716
-0.27724802 , -5.850908 , -0.7691263
-0.37121448 , -8.624789 , -0.769187
-0.09337705 , -5.676253 , -0.28596675
-0.03123604 , -3.253165 , -0.28674287
0.03689415 , -0.89879596 , -0.28715786
0.09980283 , 1.3822007 , -0.2907745
0.12937583 , 0.39488825 , -0.10479621
0.08367539 , -1.9123976 , -0.097289935
0.033376664 , -4.2971525 , -0.0913755
-0.0110343015 , -6.737912 , -0.087447286
-0.06703252 , -4.5877705 , -0.28481647
-0.00015286519 , -2.1945512 , -0.28504926
0.06626838 , 0.12191964 , -0.2862172
0.1521033 , 1.668344 , -0.10794805
0.11093048 , -0.60012984 , -0.09981023
0.0627965 , -2.9386563 , -0.09296133
0.013207079 , -5.3504004 , -0.0877611
-0.097094156 , -5.9369373 , -0.28236312
-0.037351858 , -3.5115013 , -0.28322
0.030565241 , -1.1540037 , -0.28349236
0.093933985 , 1.1273214 , -0.28667182
0.13561173 , 0.68471795 , -0.10290992
0.09131027 , -1.6069375 , -0.09510504
0.04176644 , -3.9768882 , -0.08894166
-0.0040419027 , -6.410782 , -0.08435798
-0.07230935 , -4.8472333 , -0.28133336
-0.0064920443 , -2.4511418 , -0.28150398
0.060141485 , -0.13186851 , -0.28238794
0.15770227 , 1.9539227 , -0.10655993
0.117774524 , -0.30419105 , -0.097754955
0.070854396 , -2.6265552 , -0.090691954
0.021426827 , -5.025533 , -0.08522101
-0.1000406 , -6.1976085 , -0.27887335
-0.04333265 , -3.7694414 , -0.2797457
0.02424239 , -1.4087725 , -0.27987573
0.088073075 , 0.8737718 , -0.28246707
0.14161174 , 0.9721922 , -0.10110347
0.09871489 , -1.3042276 , -0.0929622
0.050061382 , -3.6586974 , -0.08658066
0.0032444068 , -6.083037 , -0.08170905
-0.07729647 , -5.10639 , -0.27791438
-0.012768952 , -2.7073321 , -0.27800426
0.053993817 , -0.38507494 , -0.27860942
0.11407227 , 1.8706151 , -0.28739825
0.12436984 , -0.010979885 , -0.09573374
0.07872455 , -2.3170376 , -0.08847586
0.029675458 , -4.702147 , -0.08276932
-0.101820685 , -6.4586306 , -0.27566522
-0.049156476 , -4.0269976 , -0.2763217
0.017935328 , -1.6631114 , -0.2763076
0.08219814 , 0.6212574 , -0.27827954
0.14740294 , 1.2575529 , -0.099334925
0.10587897 , -1.0043126 , -0.09085548
0.05823138 , -3.3427677 , -0.08428501
0.010885995 , -5.7557125 , -0.07919876
-0.08194369 , -5.365323 , -0.27458227
-0.018970676 , -2.9631228 , -0.27455074
0.047826275 , -0.63774616 , -0.2748914
0.108503714 , 1.6155707 , -0.28173864
0.1307204 , 0.27955085 , -0.0937301
0.086392455 , -2.0102062 , -0.086306885
0.037905533 , -4.380527 , -0.080391765
-0.10133535 , -6.7208924 , -0.27268776
-0.05479974 , -4.28419 , -0.2729548
0.011653937 , -1.9170247 , -0.27278942
0.076297894 , 0.36959708 , -0.27418968
0.15304607 , 1.5412126 , -0.0974313
0.11280098 , -0.7072152 , -0.088775866
0.06625398 , -3.0292606 , -0.08204801
0.018739754 , -5.4294047 , -0.07676406
-0.08618145 , -5.62416 , -0.2713733
-0.02507906 , -3.2185178 , -0.27114636
0.041648716 , -0.8899154 , -0.2712388
0.10289792 , 1.3627698 , -0.2757557
0.13681218 , 0.5674795 , -0.09170993
0.093833 , -1.706147 , -0.0841785
0.0460712 , -4.0609164 , -0.078079954
0.003701821 , -6.4894786 , -0.07351686
-0.060242046 , -4.541051 , -0.26965576
0.0053973254 , -2.1705105 , -0.269322
0.07034968 , 0.11867927 , -0.27022398
0.15867439 , 1.8238863 , -0.09495974
0.119510524 , -0.41293308 , -0.086712845
0.07412811 , -2.7183118 , -0.079864345
0.026709031 , -5.10451 , -0.07438944
-0.089907184 , -5.8830876 , -0.26832947
-0.031061497 , -3.473527 , -0.2677951
0.035494532 , -1.1416069 , -0.26765093
0.09731878 , 1.111555 , -0.27058887
0.14259556 , 0.85294026 , -0.08961611
0.10100061 , -1.4049244 , -0.082087405
0.054117125 , -3.7435226 , -0.07582923
0.010114473 , -6.1597714 , -0.07094213
-0.06546539 , -4.7976294 , -0.26644123
-0.00084844255 , -2.423569 , -0.26590487
0.06431398 , -0.13157365 , -0.26637638
0.14348564 , 2.1066146 , -0.18153736
0.12603296 , -0.121462084 , -0.08466159
0.08185235 , -2.410049 , -0.077734105
0.034738615 , -4.7813373 , -0.0720691
-0.09295861 , -6.142386 , -0.26549748
-0.03689252 , -3.7281559 , -0.26450223
0.029382925 , -1.39282 , -0.26411965
0.091772534 , 0.8615726 , -0.2659762
0.14818695 , 1.1362168 , -0.087391056
0.10794302 , -1.1065439 , -0.080043614
0.06204308 , -3.4285023 , -0.07364259
0.017229317 , -5.8313184 , -0.06851393
-0.07041706 , -5.0540047 , -0.26334354
-0.0070246565 , -2.6762288 , -0.2625333
0.058274902 , -0.3812589 , -0.26261532
0.11676992 , 1.8454304 , -0.2675122
0.15119165 , 1.751755 , -0.056769766
0.19865629 , 0.46127617 , -0.061322935
0.24309231 , -0.80677724 , -0.067144915
0.27865103 , -1.8654326 , -0.07269542
0.23876314 , -0.6656508 , -0.066352606
0.1937227 , 0.61016554 , -0.0606144
0.14514302 , 1.9079119 , -0.05618049
0.34149462 , -1.5817014 , 0.021036727
0.2761972 , -0.35402498 , 0.036120016
0.20656842 , 0.923723 , 0.043305118
0.12899104 , 2.224422 , 0.050232172
0.13595657 , 2.1188116 , 0.050210595
0.21273802 , 0.8163196 , 0.04326585
0.28241867 , -0.46373162 , 0.035735995
0.34730121 , -1.686333 , 0.018353514
0.25301442 , -1.0748391 , -0.06847391
0.20843405 , 0.19278887 , -0.06223334
0.16140427 , 1.4875394 , -0.057355076
0.102671124 , 2.8203375 , -0.05405197
0.17120004 , 1.5398339 , 0.047357593
0.24389479 , 0.244216 , 0.04077439
0.31217763 , -1.0253242 , 0.03076093
0.2771107 , -1.7567033 , -0.07352994
0.2346836 , -0.53158396 , -0.065481514
0.18882814 , 0.7555701 , -0.059819836
0.1386642 , 2.0656586 , -0.05542645
0.12530224 , 2.279366 , 0.05266271
0.2045676 , 0.9634797 , 0.04492892
0.27522144 , -0.32741657 , 0.037649177
0.34155124 , -1.5706843 , 0.021892348
0.2601159 , -1.2439072 , -0.069352336
0.21506542 , 0.024970341 , -0.062723525
0.16784513 , 1.3257077 , -0.057643592
0.11195714 , 2.6604214 , -0.053487267
0.16211052 , 1.6941122 , 0.04922331
0.2364055 , 0.3872861 , 0.042476915
0.30570814 , -0.89514226 , 0.033164036
0.28335062 , -1.9162992 , -0.07733291
0.24138299 , -0.70191 , -0.06608824
0.19511394 , 0.58991486 , -0.0602053
0.14525831 , 1.905212 , -0.05563695
0.11386248 , 2.443509 , 0.055606782
0.1961302 , 1.1129346 , 0.046632282
0.26785427 , -0.18870589 , 0.03955178
0.33539063 , -1.4502054 , 0.025624441
0.26717526 , -1.4128202 , -0.07023535
0.22176524 , -0.14440212 , -0.063197844
0.1742705 , 1.1621718 , -0.057940282
0.11962108 , 2.4995062 , -0.05353753
0.15255286 , 1.8512077 , 0.05119987
0.22864065 , 0.53261447 , 0.044195406
0.29890597 , -0.76192623 , 0.035518963
0.36104026 , -1.972147 , 0.0062997197
0.24832478 , -0.8731569 , -0.06666159
0.20159145 , 0.4225431 , -0.0605823
0.15188411 , 1.7432438 , -0.055887654
0.10122744 , 2.6118746 , 0.059860542
0.18748374 , 1.2648194 , 0.04838576
0.26042426 , -0.047603402 , 0.041440777
0.32911298 , -1.3253986 , 0.029124027
0.27419016 , -1.5809613 , -0.07095458
0.22855678 , -0.3151962 , -0.06364489
0.18072169 , 0.99694353 , -0.058237508
0.12692152 , 2.337611 , -0.05385897
0.14249726 , 2.011305 , 0.053303745
0.22062102 , 0.680193 , 0.045932673
0.29185253 , -0.6259155 , 0.03780551
0.35660234 , -1.8631408 , 0.016223
0.25542405 , -1.0450683 , -0.06716281
0.20821726 , 0.25349963 , -0.060942415
0.1585189 , 1.5797142 , -0.056147076
0.085916355 , 2.7854474 , 0.06365704
0.17854396 , 1.419233 , 0.05019317
0.2528461 , 0.09582765 , 0.043315858
0.3226117 , -1.1967623 , 0.03233747
0.28120902 , -1.7475396 , -0.0710567
0.23549215 , -0.48728794 , -0.06404739
0.1872558 , 0.8300182 , -0.05852595
0.1340624 , 2.1745627 , -0.05422426
0.13191123 , 2.174675 , 0.05552963
0.21237409 , 0.8300631 , 0.047691062
0.28462747 , -0.48725924 , 0.040021256
0.35140824 , -1.7474484 , 0.022786466
0.26263028 , -1.2173144 , -0.06752293
0.21497568 , 0.082851805 , -0.06127511
0.1651678 , 1.4145977 , -0.056396857
0.10426809 , 2.7915137 , -0.052827276
0.16925624 , 1.5762951 , 0.052055445
0.24508382 , 0.24154277 , 0.045179553
0.31587094 , -1.064685 , 0.035298232
0.28813013 , -1.911318 , -0.06985199
0.24257846 , -0.66052026 , -0.06438159
0.19389403 , 0.66140515 , -0.058797646
0.14110515 , 2.0102441 , -0.054544386
0.12069406 , 2.341682 , 0.057827707
0.2038843 , 0.9822816 , 0.049473688
0.27724102 , -0.3460784 , 0.04217236
0.34563565 , -1.6262298 , 0.027735084
0.33961603 , -2.6666002 , -0.04025156
0.4278913 , -3.5917852 , 0.011843948
0.59584713 , -4.4325504 , 0.24205516
0.49462193 , -3.518328 , 0.13893566
0.40830058 , -2.592279 , 0.06000043
0.13691777 , 2.146458 , 0.25027797
0.2813132 , 0.0982923 , 0.25081325
0.42126936 , -1.9269364 , 0.24932452
0.56090415 , -3.9177685 , 0.2470085
0.32340026 , -1.1967472 , 0.035918087
0.25223368 , 0.11684833 , 0.046138946
0.17610276 , 1.4621948 , 0.0529506
0.08081513 , 2.8590715 , 0.06309649
0.41034514 , -2.4877834 , 0.08979293
0.2930655 , -0.47210985 , 0.088798046
0.17024148 , 1.5724149 , 0.08731592
0.11600788 , 2.569557 , -0.053552292
0.17417413 , 1.1909479 , -0.056655727
0.22439341 , -0.14939003 , -0.061588068
0.27266964 , -1.450344 , -0.0674406
0.34386706 , -1.5884527 , 0.029432256
0.27492207 , -0.3009864 , 0.043054055
0.20107882 , 1.0323907 , 0.050242577
0.11674755 , 2.3986483 , 0.058719777
0.14345436 , 1.9550334 , -0.054612085
0.19626011 , 0.60321814 , -0.05882693
0.24521047 , -0.7213997 , -0.06439117
0.29072627 , -1.9689633 , -0.06878917
0.39044425 , -2.4545624 , 0.010143491
0.3886713 , -2.4273663 , 0.009843326
0.32143927 , -2.0511591 , -0.053991344
0.37828392 , -2.2734969 , 0.0077483435
0.3763418 , -2.2447875 , 0.0062543843
0.3288285 , -2.1489165 , -0.032602493
0.3227355 , -2.0320039 , -0.049989898
0.29546165 , -2.3004136 , -0.076072365
0.29805136 , -2.3569064 , -0.076554276
0.32374284 , -2.1178641 , -0.20259784
0.3062111 , -2.54408 , -0.07446686
0.3090079 , -2.6030257 , -0.073452175
0.33236042 , -2.204945 , -0.038346253
0.36490884 , -2.7919035 , -0.030411882
0.41133064 , -2.7643845 , 0.012577481
0.3278075 , -2.0929594 , -0.028207403
0.40124935 , -2.605182 , 0.013241553
0.39952308 , -2.5764687 , 0.014404042
0.33038595 , -2.182643 , -0.034809727
0.38917026 , -2.4165435 , 0.014432774
0.38733676 , -2.3881235 , 0.015423237
0.3376685 , -2.2762618 , -0.026376266
0.33254078 , -2.154129 , -0.02450063
0.3045769 , -2.4459667 , -0.067684665
0.59276474 , -5.5788865 , 0.090632014
0.40643483 , -3.9696972 , -0.027563298
0.5245605 , -5.1404843 , 0.03163191
0.5087988 , -4.511755 , 0.057329565
0.4050349 , -3.5322356 , -0.011955155
0.31525826 , -2.5238113 , -0.056392092
0.5962624 , -4.958619 , 0.15715969
0.48662192 , -3.7741396 , 0.07372621
0.40763697 , -2.6462033 , 0.044043522
0.49685282 , -3.6512864 , 0.12142197
0.60071063 , -4.628025 , 0.21884617
0.46442875 , -4.099792 , 0.025712619
0.36666322 , -3.1135433 , -0.031396214
0.3999714 , -2.5491824 , 0.03775923
0.48784488 , -3.5512137 , 0.11474267
0.5900383 , -4.525637 , 0.21004169
0.47158203 , -4.153962 , 0.031604655
0.37314814 , -3.1745338 , -0.027820632
0.3923784 , -2.4530156 , 0.031155683
0.47898814 , -3.4516845 , 0.10820266
0.579551 , -4.423817 , 0.20141318
0.4787495 , -4.2073655 , 0.037708417
0.3796557 , -3.2345257 , -0.024105947
0.38478267 , -2.357585 , 0.02402021
0.47027937 , -3.3527174 , 0.10179515
0.5692437 , -4.3225393 , 0.19296587
0.4859339 , -4.2600417 , 0.044022404
0.38618556 , -3.2935581 , -0.020238385
0.29982308 , -2.3034177 , -0.0637709
0.46171722 , -3.2543497 , 0.09551059
0.5591129 , -4.221805 , 0.1847
0.49313733 , -4.3120165 , 0.05054446
0.3927355 , -3.3516335 , -0.016206773
0.30588454 , -2.3687427 , -0.0599078
0.45329988 , -3.1565945 , 0.08934015
0.18669581 , -2.6742504 , 0.058686025
0.18277809 , -1.074267 , 0.057946682
0.18129513 , 0.5012758 , 0.056919478
0.18012214 , 2.0609412 , 0.05599253
0.18279403 , -2.3573525 , 0.057289522
0.18087697 , -0.7376781 , 0.056178078
0.18055719 , 0.85527354 , 0.055098537
0.17982279 , 2.42894 , 0.05383545
0.17966536 , -2.0286567 , 0.055679224
0.17951757 , -0.3915142 , 0.05429016
0.18020095 , 1.2176061 , 0.05313266
0.17954014 , -3.3740003 , 0.05445955
0.17727613 , -1.6891053 , 0.053865213
0.17865193 , -0.036362395 , 0.052299324
0.180167 , 1.5874037 , 0.050996922
0.17544135 , -3.0434446 , 0.05298088
0.1755663 , -1.3396409 , 0.051866062
0.17823264 , 0.32724807 , 0.05020884
0.18035719 , 1.9637012 , 0.048676353
0.1721364 , -2.7010796 , 0.0512748
0.1744716 , -0.98113257 , 0.04970892
0.1782115 , 0.6987692 , 0.048006386
0.18060887 , 2.3455276 , 0.04617311
0.16970898 , -2.347824 , 0.049335986
0.17392808 , -0.6143132 , 0.047424402
0.17853433 , 1.0775596 , 0.04566807
0.16648908 , -3.7719238 , 0.04802367
0.16809829 , -1.9847133 , 0.047170464
0.1738737 , -0.23976412 , 0.045037158
0.17913269 , 1.4628495 , 0.043168016
0.16295144 , -3.415895 , 0.046251163
0.1672174 , -1.6128012 , 0.044797394
0.174249 , 0.14204206 , 0.042557437
0.17991193 , 1.8537701 , 0.040489763
0.16026852 , -3.0488904 , 0.044237506
0.16697891 , -1.2330498 , 0.042249702
0.17499447 , 0.53065574 , 0.039977476
0.18074052 , 2.2494335 , 0.037633818
0.15857299 , -2.6718822 , 0.041970126
0.16729881 , -0.8462371 , 0.03956659
0.1760449 , 0.9255603 , 0.037274297
0.15224944 , -4.170417 , 0.04051476
0.15777704 , -2.2860072 , 0.039450966
0.16809934 , -0.45293078 , 0.03678176
0.17732337 , 1.3261139 , 0.034418873
0.14931491 , -3.7899048 , 0.03845846
0.15776393 , -1.8924394 , 0.036700767
0.1693097 , -0.05353357 , 0.033913184
0.17873529 , 1.7315503 , 0.031387955
0.14726396 , -3.399203 , 0.036144305
0.1584196 , -1.4922324 , 0.033759937
0.17086191 , 0.35162407 , 0.03095918
0.18016891 , 2.1410434 , 0.028175242
0.14632021 , -2.9993477 , 0.03355106
0.15399437 , 0.15227099 , -0.013207669
0.17604582 , 2.1686022 , -0.017241327
0.09948741 , -3.6314564 , -0.008623092
0.13053143 , -1.4639903 , -0.013383569
0.15877827 , 0.61528933 , -0.017549308
0.077278346 , -5.4027963 , -0.010260515
0.10367101 , -3.1533725 , -0.013089151
0.13562983 , -0.99490905 , -0.017963292
0.1635903 , 1.0814673 , -0.02193808
0.077667296 , -4.919872 , -0.01370572
0.10854783 , -2.673921 , -0.0177358
0.14093089 , -0.52409977 , -0.022602605
0.1682798 , 1.5509793 , -0.026451593
0.080170415 , -4.431019 , -0.017725766
0.1139005 , -2.1934783 , -0.022495253
0.146383 , -0.051394407 , -0.027288781
0.17265742 , 2.023375 , -0.03128032
0.08423332 , -3.9390223 , -0.022251716
0.11958745 , -1.7121092 , -0.027343865
0.1519418 , 0.42349508 , -0.031999882
0.059713732 , -5.7551465 , -0.024072554
0.089327656 , -3.4458485 , -0.0270652
0.12551296 , -1.2297637 , -0.032274038
0.15755518 , 0.90105116 , -0.03670343
0.06024117 , -5.2556276 , -0.027653703
0.095087 , -2.9522307 , -0.032025892
0.13160798 , -0.7463371 , -0.037280947
0.16312422 , 1.3819857 , -0.04138908
0.06345207 , -4.7507887 , -0.03201077
0.10129152 , -2.4582856 , -0.037092637
0.13782048 , -0.26166978 , -0.042355537
0.16843355 , 1.8668772 , -0.04620554
0.068393156 , -4.2442503 , -0.036909863
0.10780424 , -1.9639568 , -0.042260338
0.14411129 , 0.22449759 , -0.04747666
0.042034212 , -6.0987544 , -0.038873352
0.07434724 , -3.7376988 , -0.04202307
0.11453004 , -1.4691521 , -0.047532123
0.15045239 , 0.7126262 , -0.052597575
0.042365808 , -5.5841374 , -0.042517878
0.080927886 , -3.231355 , -0.047252744
0.12139715 , -0.97376615 , -0.052911576
0.15682028 , 1.2035867 , -0.057621926
0.046318218 , -5.065153 , -0.047302604
0.087930664 , -2.7250962 , -0.052595686
0.12834896 , -0.47766364 , -0.05840031
0.16314216 , 1.698969 , -0.06243175
0.05209449 , -4.5462914 , -0.052524965
0.095225655 , -2.2187903 , -0.058063377
0.13534033 , 0.019361937 , -0.063997984
0.024473574 , -6.4320307 , -0.05447166
0.058817405 , -4.0282164 , -0.05785959
0.10271789 , -1.7123368 , -0.06366453
0.14233966 , 0.5176594 , -0.069695644
0.13432758 , 0.43030933 , 0.0032276628
0.16438529 , 1.4104384 , -7.618832e-05
0.06311501 , -1.1859472 , 0.0032161453
0.10548909 , -0.3060273 , 0.00292942
0.14113173 , 0.6299846 , -1.7788067e-05
0.17042208 , 1.6557438 , -0.0031302213
0.07223753 , -1.0574697 , 0.00068877265
0.11344875 , -0.13742524 , -0.00016274235
0.14773303 , 0.84694254 , -0.003199729
0.1764421 , 1.9161682 , -0.006243003
0.081124224 , -0.91251695 , -0.001969707
0.121137656 , 0.04924932 , -0.0033601401
0.15418743 , 1.0801165 , -0.0063230246
0.18229282 , 2.1911278 , -0.009342836
0.089751065 , -0.7509854 , -0.004764511
0.12856923 , 0.25363365 , -0.006597889
0.16055273 , 1.3286241 , -0.009423756
0.1875342 , 2.4793386 , -0.012333322
0.09818467 , -0.5727413 , -0.007698968
0.13576718 , 0.47504202 , -0.009826003
0.16685826 , 1.5918411 , -0.012536836
0.064061984 , -1.4240606 , -0.010273606
0.10642865 , -0.37772423 , -0.010756469
0.14276603 , 0.7126005 , -0.013018642
0.17307258 , 1.8691906 , -0.015650349
0.07297323 , -1.2502068 , -0.013073123
0.11446628 , -0.16606179 , -0.013901265
0.14960825 , 0.96541256 , -0.01617713
0.17907864 , 2.1597674 , -0.018701315
0.08171054 , -1.0602213 , -0.015958965
0.12228762 , 0.0618707 , -0.017090576
0.15633078 , 1.2326914 , -0.019319741
0.18455684 , 2.4621818 , -0.02162845
0.090340056 , -0.8543331 , -0.018928893
0.12989767 , 0.30547264 , -0.020288015
0.16294338 , 1.5137548 , -0.022454346
0.055289052 , -1.8032029 , -0.021839181
0.09886314 , -0.6327906 , -0.021977056
0.13731563 , 0.5640046 , -0.023473194
0.16941394 , 1.8078396 , -0.025554808
0.06423597 , -1.6005994 , -0.0247506
0.10724786 , -0.3959177 , -0.025087403
0.14456783 , 0.83670014 , -0.026643218
0.1756535 , 2.1138847 , -0.028570773
0.07309654 , -1.3824081 , -0.027722074
0.11546406 , -0.14416206 , -0.028236873
0.151674 , 1.122834 , -0.029801581
0.18142559 , 2.4305046 , -0.03146411
0.081930384 , -1.1490996 , -0.030741468
0.12349701 , 0.12190293 , -0.03140391
0.15863276 , 1.4216805 , -0.032939665
0.045905497 , -2.1928968 , -0.03400595
0.090735964 , -0.9011628 , -0.033803627
0.13134824 , 0.40162283 , -0.034575127
0.040719606 , -2.2555163 , -0.12903614
0.09439137 , -0.33396927 , -0.1265764
0.14164343 , 1.5243335 , -0.12486699
-0.003945846 , -3.831314 , -0.13488679
0.05184851 , -1.835784 , -0.13243566
0.10465305 , 0.08695839 , -0.13014588
0.15063475 , 1.9476559 , -0.12833816
0.0065769646 , -3.410012 , -0.13856809
0.06293887 , -1.4113721 , -0.135861
0.11474676 , 0.5124588 , -0.13379897
0.1592815 , 2.373792 , -0.13178451
0.017658833 , -2.9815743 , -0.14216363
0.07392675 , -0.9828144 , -0.13935854
0.12467732 , 0.9422896 , -0.13751139
-0.026317604 , -4.619616 , -0.14793222
0.029026654 , -2.5474942 , -0.14568055
0.08477472 , -0.5503768 , -0.14295827
0.13443781 , 1.3760484 , -0.14124388
-0.016673291 , -4.185325 , -0.15181231
0.0404923 , -2.1090455 , -0.14917235
0.09546221 , -0.11416172 , -0.14667511
0.1439832 , 1.8130994 , -0.1449544
-0.006045705 , -3.7431958 , -0.15563565
0.05194587 , -1.6670878 , -0.15270424
0.105983466 , 0.32580402 , -0.15051153
0.15324645 , 2.2525938 , -0.148623
0.005247986 , -3.29485 , -0.15934101
0.06332319 , -1.2220753 , -0.15632588
0.11634696 , 0.7694958 , -0.15445511
-0.039051283 , -4.991523 , -0.16524945
0.01687382 , -2.841989 , -0.16295293
0.07458151 , -0.7741863 , -0.16006707
0.12656742 , 1.216784 , -0.15846927
-0.029613424 , -4.5370064 , -0.16931474
0.028631257 , -2.3859417 , -0.1665508
0.08569052 , -0.32343617 , -0.1639451
0.13664117 , 1.6672719 , -0.16248803
-0.018954776 , -4.075258 , -0.17328882
0.04041505 , -1.9274848 , -0.17021121
0.096632734 , 0.13025808 , -0.16797166
0.14652745 , 2.1201425 , -0.1664405
-0.007518855 , -3.6082246 , -0.17710018
0.052161235 , -1.4669553 , -0.17398147
0.107408255 , 0.5870503 , -0.17215301
-0.051709354 , -5.3581924 , -0.18307051
0.004294697 , -3.1378498 , -0.18080981
0.06381999 , -1.0044401 , -0.17788596
0.118040815 , 1.047113 , -0.17647575
-0.042657647 , -4.884865 , -0.18734683
0.01628656 , -2.6654427 , -0.18453212
0.07534915 , -0.53989416 , -0.1819399
0.12857446 , 1.5104619 , -0.18087517
-0.032066703 , -4.404802 , -0.1914735
0.028360955 , -2.1916108 , -0.18834838
0.08671565 , -0.073180296 , -0.1861589
0.13904622 , 1.9765815 , -0.18521465
-0.02058783 , -3.9204552 , -0.19537649
0.04045137 , -1.7165405 , -0.19229572
0.09790057 , 0.39594543 , -0.19056399
-0.064065754 , -5.718018 , -0.20132054
-0.008679615 , -3.4340112 , -0.19918993
0.05249779 , -1.2402326 , -0.19638997
0.10891143 , 0.8678722 , -0.19517782
-0.055675812 , -5.2274065 , -0.20584342
0.0034787992 , -2.9466069 , -0.2030652
0.064445235 , -0.7626047 , -0.2006419
0.11980826 , 1.3431026 , -0.1999898
-0.045290984 , -4.7304397 , -0.2101067
0.015799206 , -2.4585884 , -0.20707193
0.07624555 , -0.28350997 , -0.2050654
0.13073029 , 1.8218856 , -0.20485984
-0.03391268 , -4.230379 , -0.21407478
0.028205143 , -1.9699817 , -0.2112311
0.087859154 , 0.19729708 , -0.20968449
-0.07577274 , -6.069365 , -0.2198874
-0.022024428 , -3.7295256 , -0.21801355
0.040622454 , -1.4807205 , -0.21555048
0.09926126 , 0.6802437 , -0.21454196
-0.06850237 , -5.5630913 , -0.22471806
-0.0097729545 , -3.2285955 , -0.22208422
0.052982625 , -0.99070585 , -0.22003786
0.11046921 , 1.1660899 , -0.21970278
-0.05854058 , -5.05077 , -0.2290514
0.0027454176 , -2.7276208 , -0.22632366
0.06522445 , -0.49980226 , -0.22470678
0.12162944 , 1.656026 , -0.22518486
-0.047466498 , -4.536975 , -0.23305997
0.01543399 , -2.226501 , -0.23073636
0.077293694 , -0.007806012 , -0.22958162
0.13314076 , 2.1507797 , -0.2305935
-0.035722874 , -4.023595 , -0.2371781
0.028200505 , -1.7251313 , -0.23532575
0.089142375 , 0.48562852 , -0.23470739
-0.08090471 , -5.8901534 , -0.24386226
-0.023452226 , -3.5106747 , -0.24149773
0.04096145 , -1.2234153 , -0.24010177
0.10073341 , 0.9811438 , -0.24017154
-0.071769886 , -5.36442 , -0.24804895
-0.010786881 , -2.9979956 , -0.24601236
0.053643707 , -0.72123986 , -0.24508789
0.11208248 , 1.4800569 , -0.24616042
-0.06124884 , -4.8394694 , -0.2521698
0.0021468904 , -2.485394 , -0.2507094
0.06618101 , -0.21844777 , -0.25032002
0.123451985 , 1.9850647 , -0.25288582
-0.049768437 , -4.3155837 , -0.25656125
0.015236054 , -1.9727575 , -0.25559357
0.07852488 , 0.28525868 , -0.25591728
0.1605191 , 0.5504483 , 0.053690977
0.14537677 , -1.5816064 , 0.032400604
0.08806254 , -3.8175898 , -0.018689122
0.006202804 , -5.7664275 , -0.101338014
0.16060264 , 0.07095629 , 0.05193566
0.13493204 , -2.142449 , 0.022749754
0.069287166 , -4.347703 , -0.035544727
-0.0140951555 , -6.195045 , -0.12576614
0.15847448 , -0.4432156 , 0.047717333
0.12203934 , -2.707065 , 0.011496095
0.049307507 , -4.8602643 , -0.054309506
-0.03272659 , -6.593272 , -0.15146528
0.1537489 , -0.98364973 , 0.041583072
0.10689609 , -3.269328 , -0.0014325052
0.028564313 , -5.3513865 , -0.07498238
0.1584298 , 0.6163996 , 0.053517062
0.14631595 , -1.5426421 , 0.033781923
0.089766935 , -3.8235893 , -0.016126962
0.0075968145 , -5.8175898 , -0.09749608
0.15965793 , 0.13356374 , 0.0522919
0.13620989 , -2.1129844 , 0.024398178
0.07097464 , -4.3647285 , -0.03266987
-0.012838546 , -6.2556167 , -0.121689
0.15838481 , -0.3857877 , 0.04845986
0.1235583 , -2.6878724 , 0.013418414
0.050894413 , -4.888172 , -0.05111729
-0.03128127 , -6.6623793 , -0.14726572
0.1542693 , -0.9330728 , 0.042637087
0.10856344 , -3.2609353 , 0.00077571353
0.029954104 , -5.3898773 , -0.07147939
0.15564862 , 0.6835835 , 0.053301167
0.14729261 , -1.5003215 , 0.035114024
0.091491885 , -3.8262935 , -0.01361843
0.008645715 , -5.8662386 , -0.09370236
0.15880449 , 0.19824912 , 0.052548926
0.13752866 , -2.080052 , 0.025998514
0.072665006 , -4.378612 , -0.029849561
-0.012449557 , -6.313883 , -0.117647
0.15841636 , -0.32569128 , 0.049134985
0.12511984 , -2.665188 , 0.015291396
0.052450545 , -4.913121 , -0.04797951
-0.032735027 , -6.7294097 , -0.14305706
0.15488024 , -0.87942386 , 0.043636955
0.11027303 , -3.2490964 , 0.0029330496
0.031253725 , -5.425607 , -0.06802748
0.15433833 , 0.75161725 , 0.052832443
0.14833905 , -1.4546721 , 0.036397323
0.09325503 , -3.8256543 , -0.0111625185
0.0095027 , -5.9123297 , -0.089951806
0.15853633 , 0.2647967 , 0.05270989
0.13890794 , -2.0436518 , 0.027551176
0.07438413 , -4.3893003 , -0.027083224
-0.012398412 , -6.369808 , -0.11362909
0.15871602 , -0.26306129 , 0.049743634
0.12673913 , -2.6389914 , 0.01711617
0.0540201 , -4.9350586 , -0.04489473
-0.034277126 , -6.7944136 , -0.13881636
0.15563555 , -0.8227804 , 0.044583507
0.112040274 , -3.2337766 , 0.00504036
0.03254946 , -5.4585285 , -0.06462557
-0.060174726 , -7.275664 , -0.16496763
0.16449931 , -0.34923905 , 0.04993109
0.13027643 , -3.1946273 , 0.019919753
0.044688463 , -5.9514804 , -0.039470594
-0.0621464 , -8.112836 , -0.13078693
0.23988846 , 0.714789 , 0.06004158
0.23881778 , 0.5779722 , 0.061702415
0.25478896 , 0.3811087 , 0.06255903
0.25485715 , 0.23117706 , 0.06457764
0.25368154 , 0.0866955 , 0.0661163
0.2511982 , -0.05093923 , 0.06742361
0.2673269 , -0.33243665 , 0.06697976
0.26479045 , -0.4845227 , 0.0683827
0.2612316 , -0.6266788 , 0.06952486
0.25686136 , -0.7577447 , 0.07048058
0.25198397 , -0.8766021 , 0.07129771
0.26854768 , -1.2807447 , 0.07046381
0.26247862 , -1.4126323 , 0.07114091
0.25611493 , -1.5306041 , 0.071612544
0.24958494 , -1.6340989 , 0.0719005
0.24313314 , -1.7226667 , 0.072011515
0.25705686 , -2.2574856 , 0.07102183
0.24879427 , -2.3566337 , 0.07086239
0.24074858 , -2.440019 , 0.07048671
0.2329826 , -2.5075352 , 0.06989982
0.24471302 , -3.1457949 , 0.068855286
0.23485951 , -3.2215254 , 0.06793864
0.22551423 , -3.280941 , 0.06678065
0.21672696 , -3.3241692 , 0.06538446
0.20848568 , -3.3513944 , 0.06374314
0.21451095 , -4.11031 , 0.062470447
0.20412917 , -4.1428432 , 0.060424916
0.19459519 , -4.159351 , 0.05811984
0.1858425 , -4.160165 , 0.05555089
0.1777876 , -4.145662 , 0.052715313
0.17704524 , -5.0116677 , 0.05107494
0.16703343 , -4.9997854 , 0.047772575
0.15805265 , -4.972879 , 0.044195674
0.15000008 , -4.931417 , 0.040347707
0.14482236 , -5.8735905 , 0.03843517
0.13466662 , -5.832332 , 0.034060065
0.12571588 , -5.7770543 , 0.029411096
0.11790921 , -5.708297 , 0.02450009
0.11114468 , -5.6265745 , 0.019339148
0.09827695 , -6.644003 , 0.016777834
0.08961856 , -6.5603313 , 0.01101522
0.082257 , -6.4645715 , 0.0050209425
0.07608575 , -6.3572044 , -0.0011758382
0.071151994 , -6.2385993 , -0.007549642
0.050775573 , -7.310599 , -0.010989315
0.04404241 , -7.1886144 , -0.018020993
0.03845986 , -7.056456 , -0.025199948
0.034077693 , -6.914392 , -0.032530595
0.01066816 , -8.018016 , -0.035992254
0.004737012 , -7.8704104 , -0.043712392
-0.00021495532 , -7.713009 , -0.05165474
-0.0042462405 , -7.546298 , -0.06006383
0.08159727 , 0.8087698 , 0.044911284
0.07460613 , 0.6418133 , 0.04363093
0.07450431 , 0.4917792 , 0.04232694
0.07386214 , 0.34594277 , 0.04089317
0.07299375 , 0.20468341 , 0.03915681
0.07225347 , 0.06976018 , 0.036927685
0.06382213 , -0.19708629 , 0.034545857
0.063340455 , -0.34544754 , 0.031351224
0.062969446 , -0.4844357 , 0.027864171
0.0628311 , -0.6127268 , 0.024061918
0.052000597 , -0.97490066 , 0.021713475
0.051179815 , -1.1170186 , 0.01734359
0.05077065 , -1.2462728 , 0.012763479
0.050658036 , -1.3619211 , 0.0079730945
0.050948713 , -1.4633212 , 0.0029774618
0.03710017 , -1.9551376 , 2.8379166e-06
0.03625568 , -2.0680299 , -0.005288864
0.0358708 , -2.1655653 , -0.01074342
0.03590369 , -2.247509 , -0.016359393
0.036390994 , -2.3137197 , -0.022129448
0.01941747 , -2.9352174 , -0.025692463
0.018568633 , -3.010115 , -0.031658787
0.01827125 , -3.0688138 , -0.03777145
0.01846699 , -3.1114154 , -0.04402543
0.0003741895 , -3.8323896 , -0.048099004
-0.0011143157 , -3.8811777 , -0.054519523
-0.00177848 , -3.913715 , -0.06108435
-0.0018208912 , -3.9302733 , -0.06779121
-0.0013414099 , -3.9311726 , -0.07464002
-0.022944333 , -4.764219 , -0.07920748
-0.02396968 , -4.7685094 , -0.08621266
-0.02420539 , -4.7573333 , -0.09336643
-0.023781287 , -4.73112 , -0.100669675
-0.022839505 , -4.6903296 , -0.10811901
-0.047879804 , -5.619643 , -0.11310115
-0.048257522 , -5.579728 , -0.12069164
-0.047835104 , -5.5257263 , -0.12843998
-0.04672881 , -5.458159 , -0.13634874
-0.072859704 , -6.4537644 , -0.14166047
-0.07337413 , -6.3847375 , -0.14965238
-0.072907835 , -6.302908 , -0.15780719
-0.07165079 , -6.208821 , -0.1661434
-0.069617465 , -6.102927 , -0.1746777
-0.098855324 , -7.159809 , -0.18005307
-0.098247334 , -7.050703 , -0.1885453
-0.096774645 , -6.930864 , -0.19723533
-0.09449161 , -6.80061 , -0.20614141
-0.09111436 , -6.6602106 , -0.21525085
-0.12337808 , -7.7582636 , -0.22058924
-0.1212867 , -7.6131682 , -0.22958688
-0.11834777 , -7.458555 , -0.23859936
-0.11466588 , -7.295226 , -0.2474632
-0.14911824 , -8.42238 , -0.25475234
0.13902493 , 2.1803632 , 0.10123455
0.1415575 , 2.2188056 , 0.09877324
0.13311121 , 2.7417033 , 0.107768975
0.13567469 , 2.7686765 , 0.10564975
0.13829727 , 2.7916 , 0.1035186
0.14095281 , 2.810418 , 0.101372436
0.14362319 , 2.8249936 , 0.09920748
0.14626609 , 2.8351912 , 0.097036034
0.14883998 , 2.840912 , 0.09486525
0.15132141 , 2.8420932 , 0.09268406
0.15367635 , 2.8386998 , 0.09048612
0.15587988 , 2.8307152 , 0.088256754
0.1578932 , 2.8181295 , 0.08598902
0.15966906 , 2.8009338 , 0.08368049
0.15771504 , 3.4316425 , 0.0871134
0.15956728 , 3.4131029 , 0.08447678
0.16149417 , 3.390236 , 0.08166713
0.1634349 , 3.3630672 , 0.078702934
0.16534524 , 3.3316202 , 0.075585224
0.16719179 , 3.2959154 , 0.07231261
0.16894537 , 3.2559721 , 0.06887644
0.17057873 , 3.211808 , 0.065271445
0.1720633 , 3.16344 , 0.061488904
0.17336595 , 3.1108832 , 0.05752694
0.174446 , 3.054148 , 0.053384293
0.17524733 , 2.9932382 , 0.049072813
0.17757626 , 3.7514591 , 0.04816
0.17823341 , 3.6906495 , 0.043293994
0.17891707 , 3.625937 , 0.038143437
0.17956881 , 3.5573778 , 0.03272159
0.1801418 , 3.4850254 , 0.027045138
0.1806044 , 3.4089282 , 0.021107413
0.1809214 , 3.3291311 , 0.01492046
0.1810655 , 3.2456763 , 0.008473971
0.18099901 , 3.1586018 , 0.0017857235
0.18067606 , 3.0679407 , -0.0051409896
0.18004067 , 2.9737167 , -0.012270961
0.1790031 , 2.8759418 , -0.019570293
0.18428361 , 3.7518055 , -0.027001655
0.18328889 , 3.6552634 , -0.035180766
0.1821608 , 3.555971 , -0.043648623
0.18083732 , 3.4541688 , -0.05227094
0.17923091 , 3.3500147 , -0.06108096
0.17743681 , 3.2434564 , -0.07013395
0.17551225 , 3.1340454 , -0.07971857
0.21011166 , 2.2793698 , 0.036578663
0.20850389 , 2.317743 , 0.03519429
0.2077188 , 2.351099 , 0.032661602
0.20736401 , 2.379212 , 0.029568123
0.20697138 , 2.401893 , 0.026451718
0.19616465 , 2.9439716 , 0.015288545
0.19608875 , 2.9598675 , 0.0121408235
0.19597109 , 2.9715772 , 0.008887858
0.1958308 , 2.9789944 , 0.0054810313
0.19558987 , 2.9820418 , 0.0020118083
0.19527449 , 2.9806697 , -0.0015669308
0.19489613 , 2.9748483 , -0.0052381265
0.19447032 , 2.9645612 , -0.009029492
0.19401789 , 2.9498014 , -0.012940099
0.19355088 , 2.930565 , -0.016989863
0.19309004 , 2.9068477 , -0.021186206
0.19264656 , 2.8786392 , -0.025548482
0.18887323 , 3.5401511 , -0.036277086
0.18869855 , 3.5109935 , -0.040864512
0.18832785 , 3.477583 , -0.045630742
0.18778937 , 3.439962 , -0.050577372
0.18710661 , 3.3981602 , -0.05571482
0.18630159 , 3.3522046 , -0.061050452
0.18539283 , 3.3021197 , -0.06659733
0.18439785 , 3.24793 , -0.07236358
0.18333249 , 3.1896584 , -0.07836304
0.18221045 , 3.1273258 , -0.0846027
0.18104519 , 3.0609484 , -0.09109767
0.17984247 , 2.9905336 , -0.09785308
0.18021321 , 3.7784169 , -0.11098873
0.1790261 , 3.708254 , -0.11805505
0.1776279 , 3.6343544 , -0.12538853
0.17604278 , 3.556788 , -0.1330068
0.17429335 , 3.475613 , -0.14089414
0.17239419 , 3.3908846 , -0.14907923
0.17036246 , 3.3026552 , -0.15754023
0.16819438 , 3.210976 , -0.16630565
0.16591297 , 3.1158917 , -0.17535524
0.16348091 , 3.0174391 , -0.18471152
0.16092543 , 2.915633 , -0.19436401
0.15808168 , 2.8104393 , -0.20426872
0.16334715 , 3.7108188 , -0.21944389
0.16144301 , 3.608329 , -0.22924894
0.1593743 , 3.504231 , -0.2394346
0.15680143 , 3.3983986 , -0.24953274
0.16553997 , 2.7484784 , 0.06583387
0.15254015 , 1.8979018 , -0.019058296
0.16307624 , 1.2166188 , -0.015990488
0.16720733 , 0.6168424 , -0.012658634
0.13675655 , 2.4675512 , -0.022348817
0.1554877 , 1.726306 , -0.019849094
0.16468582 , 1.0501106 , -0.016734825
0.1686874 , 0.45441204 , -0.013654625
0.14130384 , 2.2916968 , -0.02320685
0.15816987 , 1.5523643 , -0.020626929
0.166343 , 0.88112736 , -0.017506035
0.17057814 , 0.28758138 , -0.014752311
0.14573817 , 2.1128654 , -0.024030559
0.16067715 , 1.3760358 , -0.021401022
0.16812694 , 0.70934546 , -0.018314725
0.17301938 , 0.11570759 , -0.015943514
0.14979754 , 1.9312522 , -0.024833225
0.16309254 , 1.1971948 , -0.022177616
0.17012003 , 0.53439313 , -0.019174151
0.13204987 , 2.5355542 , -0.027949542
0.15349947 , 1.7469487 , -0.025627155
0.16549397 , 1.0156689 , -0.022959106
0.17241289 , 0.3558435 , -0.02009791
0.13723764 , 2.3478634 , -0.028772807
0.15693869 , 1.5599352 , -0.026423037
0.16795689 , 0.8312737 , -0.023746032
0.17510779 , 0.17322999 , -0.021093873
0.1424304 , 2.1570153 , -0.02956174
0.16021341 , 1.3700957 , -0.027226945
0.17055677 , 0.6438283 , -0.024541218
0.17832723 , -0.013916849 , -0.022160616
0.14727162 , 1.9632024 , -0.030335005
0.16341192 , 1.17726 , -0.028037755
0.17337242 , 0.45314637 , -0.025352178
0.18229826 , -0.2060376 , -0.023291677
0.15175252 , 1.7664782 , -0.031110644
0.16661386 , 0.98126036 , -0.02884774
0.17648901 , 0.25902018 , -0.026189882
0.13330385 , 2.4031425 , -0.0340745
0.15596896 , 1.5667517 , -0.031903554
0.16989322 , 0.78197646 , -0.029646646
0.17999794 , 0.061211832 , -0.027064994
0.1392801 , 2.2004035 , -0.03480824
0.1600263 , 1.3638235 , -0.032719214
0.17332146 , 0.5793546 , -0.030426413
0.18400213 , -0.14054148 , -0.027984036
0.14493127 , 1.9945738 , -0.035530865
0.16402008 , 1.1574576 , -0.033550892
0.17697148 , 0.37339815 , -0.031184986
0.18870117 , -0.34652564 , -0.028950319
0.15021677 , 1.7856809 , -0.03626763
0.16803476 , 0.94746417 , -0.03438176
0.18092056 , 0.16414201 , -0.031927507
0.1294511 , 2.4585204 , -0.039088238
0.15523157 , 1.5735599 , -0.037039064
0.24239828 , -0.9650978 , -0.06552522
0.12299817 , 2.424527 , -0.057395026
0.1721706 , 1.1635947 , -0.05950362
0.21435523 , -0.07586203 , -0.06372218
0.25380507 , -1.2780715 , -0.0666672
0.13624553 , 2.1182103 , -0.057074092
0.18354796 , 0.8514579 , -0.060383216
0.2261421 , -0.3959269 , -0.06517173
0.26483244 , -1.5864621 , -0.06744937
0.14877972 , 1.8081971 , -0.057233263
0.19518179 , 0.53412026 , -0.061415076
0.2383246 , -0.7192012 , -0.06675995
0.10362855 , 1.2790127 , 0.057480186
0.1373713 , 1.1474067 , 0.05732175
0.1631982 , 1.2322496 , 0.052663695
0.18651024 , 1.5264972 , 0.053721152
0.11465705 , 1.2873055 , 0.060460497
0.1445647 , 1.1716592 , 0.056418583
0.16936815 , 1.2909982 , 0.052284617
0.19310236 , 1.5996466 , 0.053854518
0.12350899 , 1.2840077 , 0.060897384
0.15137736 , 1.1990336 , 0.055357743
0.17544438 , 1.349741 , 0.051852617
0.20060861 , 1.6607921 , 0.054384056
0.1314486 , 1.2782665 , 0.060247917
0.15790796 , 1.229443 , 0.054213755
0.18154867 , 1.4071208 , 0.051295172
0.20791218 , 1.7058853 , 0.05381079
0.13881722 , 1.273925 , 0.059050553
0.16423847 , 1.2623146 , 0.053022243
0.18786581 , 1.4612777 , 0.050697535
0.11740599 , 1.4725329 , 0.06132044
0.14578946 , 1.272698 , 0.05755256
0.17044744 , 1.2967194 , 0.051803626
0.19463038 , 1.5090966 , 0.050432064
0.12564088 , 1.4479904 , 0.06172449
0.18909878 , 1.4326757 , 0.04952366
0.119086936 , 1.5520186 , 0.061239723
0.14688538 , 1.3180577 , 0.0575116
0.17149305 , 1.3006928 , 0.051215418
0.19589432 , 1.4680477 , 0.04910863
0.1271002 , 1.5179949 , 0.061477523
0.15351166 , 1.3093922 , 0.05564373
0.17773262 , 1.3239813 , 0.049794458
0.20283057 , 1.4938022 , 0.048704978
0.13435364 , 1.479777 , 0.060547106
0.15997954 , 1.3043114 , 0.053726
0.18407744 , 1.3458644 , 0.048509087
0.20997567 , 1.5131043 , 0.047219902
0.14126344 , 1.4421132 , 0.058942303
0.16635223 , 1.3021133 , 0.05182823
0.19063455 , 1.3640958 , 0.047478314
0.12038581 , 1.7082117 , 0.060139265
0.14796792 , 1.4072722 , 0.056987178
0.17269453 , 1.3017205 , 0.050009497
0.1974029 , 1.376064 , 0.046716664
0.1283968 , 1.6571767 , 0.060184512
0.15453759 , 1.3760517 , 0.05487465
0.17907934 , 1.3017198 , 0.048331056
0.20427617 , 1.380751 , 0.045817662
0.13552731 , 1.6009731 , 0.059278127
0.1610256 , 1.3483714 , 0.05272632
0.1855848 , 1.3003316 , 0.046866372
0.21159855 , 1.3802592 , 0.04441493
0.1423083 , 1.5440584 , 0.057698015
0.16748172 , 1.3235794 , 0.0506277
0.19225968 , 1.2954346 , 0.045670584
0.12082643 , 1.8493625 , 0.05842054
0.14894034 , 1.4890125 , 0.055722363
0.17395848 , 1.3006041 , 0.04864754
0.19907789 , 1.2851547 , 0.0446489
0.12902185 , 1.7823708 , 0.05818299
0.15550794 , 1.4369639 , 0.053557675
0.12390217 , 2.3088055 , 0.042848606
0.1604197 , 1.6539243 , 0.040592857
0.19235043 , 1.0828253 , 0.036733262
0.2243434 , 0.60893273 , 0.033326954
0.13348398 , 2.154242 , 0.041856296
0.16871035 , 1.5043321 , 0.039223664
0.20091926 , 0.94269246 , 0.03535251
0.23370084 , 0.4711656 , 0.032446336
0.14277807 , 1.9970628 , 0.04079525
0.17711131 , 1.3533205 , 0.03783655
0.2097274 , 0.79998636 , 0.034074567
0.24355634 , 0.32744867 , 0.031733956
0.1517751 , 1.8375621 , 0.03966952
0.18569437 , 1.2007358 , 0.036463905
0.21879947 , 0.6540322 , 0.0329191
0.1215852 , 2.3787794 , 0.040499173
0.16060416 , 1.6759617 , 0.038491633
0.19450064 , 1.0462798 , 0.035131566
0.22817585 , 0.5040802 , 0.031906262
0.13169879 , 2.2119339 , 0.03959037
0.16940969 , 1.5123768 , 0.037280723
0.20355049 , 0.8895606 , 0.033859517
0.23791435 , 0.34933883 , 0.031048225
0.14160791 , 2.0423064 , 0.03862402
0.17831159 , 1.3467954 , 0.03605869
0.21285461 , 0.7301212 , 0.032666437
0.24809755 , 0.1890581 , 0.030342754
0.1512193 , 1.8701054 , 0.03761074
0.18739553 , 1.1790872 , 0.034845583
0.22242334 , 0.567438 , 0.031572983
0.11893097 , 2.4459438 , 0.038354676
0.16063687 , 1.6954533 , 0.036565665
0.19671422 , 1.0090371 , 0.03365715
0.23227315 , 0.40091974 , 0.030599054
0.12962124 , 2.2670753 , 0.0375447
0.1700059 , 1.5183735 , 0.035505377
0.20629357 , 0.83637977 , 0.032506563
0.24243331 , 0.22994003 , 0.029757764
0.14019154 , 2.0852408 , 0.036680043
0.17945696 , 1.3387927 , 0.034444634
0.21614093 , 0.6608138 , 0.03140845
0.2529688 , 0.053899363 , 0.029052913
0.15046152 , 1.9006118 , 0.035778545
0.18908918 , 1.1565676 , 0.033393353
0.22625293 , 0.48199368 , 0.030380769
0.11591972 , 2.511296 , 0.036468524
0.16051067 , 1.7132471 , 0.034860894
0.19896674 , 0.9715265 , 0.03235663
0.23662293 , 0.2995248 , 0.029442605
0.12723799 , 2.320589 , 0.035766162
0.17048615 , 1.5230901 , 0.033945035
0.20912166 , 0.7835032 , 0.031337906
0.24725091 , 0.11297936 , 0.028610062
0.13852096 , 2.1267402 , 0.03500561
0.18052948 , 1.329994 , 0.03304192
0.21955898 , 0.5923459 , 0.030343411
0.25817153 , -0.078071564 , 0.027894951
0.14949396 , 1.9299186 , 0.03421385
0.19075269 , 1.1337743 , 0.03215345
0.23026305 , 0.39790556 , 0.029384816
0.11252393 , 2.5759466 , 0.03490167
0.16021493 , 1.7301404 , 0.03341901
0.20123114 , 0.93426913 , 0.03127411
0.24120495 , 0.20001656 , 0.028478613
0.12452424 , 2.373461 , 0.034307666
0.17083596 , 1.5272734 , 0.032642726
0.21200351 , 0.7313831 , 0.030395923
0.25235346 , -0.0015136023 , 0.027644064
0.13657863 , 2.1677077 , 0.03364834
0.18151066 , 1.3210864 , 0.03189406
0.2230747 , 0.52510077 , 0.029513532
0.26370284 , -0.20690762 , 0.026901724
0.14830115 , 1.9588723 , 0.03296106
0.19236343 , 1.1113327 , 0.031168077
0.23441963 , 0.31547457 , 0.028628388
0.27540946 , -0.41642272 , 0.026273876
0.15973337 , 1.7469332 , 0.032283586
0.2034798 , 0.8978348 , 0.030449357
0.24598873 , 0.10259374 , 0.02775095
0.12144704 , 2.4265862 , 0.03322481
0.17103751 , 1.5316749 , 0.031642225
0.21490566 , 0.6805417 , 0.029718285
0.25771776 , -0.1134574 , 0.026901526
0.13434009 , 2.208972 , 0.03265888
0.18238087 , 1.3127671 , 0.03104433
0.2266488 , 0.45955098 , 0.028956505
0.26955217 , -0.3326431 , 0.026109312
0.1468614 , 1.9882588 , 0.032067884
0.19389904 , 1.0898867 , 0.030477975
0.23867947 , 0.23510411 , 0.028151453
0.2815723 , -0.55501646 , 0.025410872
0.1590448 , 1.7643772 , 0.031501535
0.20568609 , 0.862825 , 0.029918747
0.2509316 , 0.0075563174 , 0.027301999
0.11796225 , 2.4808948 , 0.032582168
0.17107001 , 1.5370067 , 0.030990569
0.21779509 , 0.6315524 , 0.029336989
0.26330775 , -0.22268718 , 0.026424099
0.1317722 , 2.2513797 , 0.032097623
0.18311961 , 1.3057017 , 0.030538362
0.23023964 , 0.3962472 , 0.028701965
0.27569753 , -0.45526266 , 0.025552955
0.14514562 , 2.0188704 , 0.031592045
0.19533837 , 1.0700566 , 0.030124743
0.24299197 , 0.15730588 , 0.027985197
0.28807786 , -0.6899401 , 0.024740443
0.15812214 , 1.7832203 , 0.031129941
0.2078262 , 0.82982826 , 0.029717065
0.2559775 , -0.08466669 , 0.027167024
0.11401467 , 2.537246 , 0.032456506
0.17090918 , 1.5439675 , 0.03074449
0.22064236 , 0.5849949 , 0.029278344
0.26907045 , -0.3289138 , 0.026248708
0.12883446 , 2.2957249 , 0.032038163
0.18370545 , 1.3005323 , 0.0304304
0.23380828 , 0.33578008 , 0.028768789
0.28210053 , -0.5746567 , 0.025264025
0.14311826 , 2.05146 , 0.031605527
0.19666134 , 1.0524323 , 0.030156352
0.24730428 , 0.08268031 , 0.028145205
0.29492113 , -0.8212672 , 0.024280228
0.15693358 , 1.8041768 , 0.03124191
0.20987952 , 0.79940134 , 0.029882357
0.26105905 , -0.17350547 , 0.027364677
0.10953116 , 2.596514 , 0.032947544
0.17052868 , 1.5532173 , 0.03097743
0.2234238 , 0.5414214 , 0.029567068
0.27493215 , -0.43168184 , 0.026399191
0.12547645 , 2.3428113 , 0.032578327
0.18411696 , 1.2978545 , 0.030789953
0.23732334 , 0.27873367 , 0.029165855
0.28869894 , -0.69057167 , 0.025262045
0.14073618 , 2.08679 , 0.03220712
0.19784954 , 1.0375519 , 0.030633984
0.2515699 , 0.011873891 , 0.02862602
0.30207637 , -0.94897676 , 0.024029464
0.15544301 , 1.8279592 , 0.031940136
0.21182899 , 0.7720429 , 0.030463224
0.26610592 , -0.25825942 , 0.02788352
0.104411215 , 2.659531 , 0.034192957
0.1699014 , 1.5653932 , 0.03179271
0.22612235 , 0.50131994 , 0.030233985
0.28079864 , -0.53032494 , 0.026869824
0.12163641 , 2.3934176 , 0.03385551
0.18433377 , 1.298224 , 0.03171463
0.24076508 , 0.22562799 , 0.02989959
0.29539573 , -0.8025339 , 0.025544383
0.13794868 , 2.125612 , 0.033538636
0.19888648 , 1.0259027 , 0.0316448
0.25575876 , -0.054501776 , 0.029403321
0.3094843 , -1.0728976 , 0.023958195
0.1536128 , 1.8552597 , 0.03337582
0.21366096 , 0.7481918 , 0.031532507
0.27106252 , -0.33816886 , 0.028670117
0.09849909 , 2.7271647 , 0.03639381
0.16900265 , 1.5810889 , 0.03334265
0.22872716 , 0.4651032 , 0.031331785
0.28656983 , -0.6239572 , 0.027597198
0.11723461 , 2.4483507 , 0.03606967
0.18433844 , 1.302141 , 0.0333496
0.24412525 , 0.17688407 , 0.03099312
0.3020499 , -0.909736 , 0.026060702
0.13469653 , 2.1687093 , 0.03581346
0.19975877 , 1.0179152 , 0.033324216
0.25986278 , -0.115953624 , 0.030456267
0.31702295 , -1.1926044 , 0.023996105
0.15140799 , 1.8867615 , 0.035778895
0.21536568 , 0.7282252 , 0.033213686
0.2759087 , -0.41255516 , 0.029642189
0.33063003 , -1.4695481 , 0.02159504
0.16781333 , 1.60085 , 0.035855476
0.2312332 , 0.433108 , 0.032968324
0.2921798 , -0.7115818 , 0.028436529
0.112161495 , 2.5084674 , 0.03951588
0.18411796 , 1.3100502 , 0.03591641
0.24740553 , 0.1328152 , 0.032532033
0.30850017 , -1.0109235 , 0.02665527
0.1309152 , 2.2169163 , 0.039355982
0.2004571 , 1.0139657 , 0.03589106
0.26389325 , -0.17215247 , 0.0318351
0.32445762 , -1.3071444 , 0.024016552
0.1488053 , 1.9231056 , 0.039487053
0.21693814 , 0.7124638 , 0.035729326
0.28066716 , -0.48097652 , 0.030785037
0.33889645 , -1.5951242 , 0.020403994
0.16632321 , 1.6251471 , 0.03964768
0.23364134 , 0.40560302 , 0.035381697
0.2976475 , -0.7924084 , 0.029249838
0.10624743 , 2.5747974 , 0.04462385
0.18366496 , 1.3223332 , 0.03971692
0.25061592 , 0.093642764 , 0.034789488
0.3146801 , -1.1045582 , 0.027023096
0.12655637 , 2.271162 , 0.044674512
0.20097625 , 1.0143723 , 0.03965149
0.26787573 , -0.22291493 , 0.03387498
0.33146474 , -1.4144027 , 0.023719408
0.14580818 , 1.964827 , 0.044903442
0.2183756 , 0.7011662 , 0.039430857
0.28539225 , -0.54325616 , 0.032523498
0.34710044 , -1.7159914 , 0.018356266
0.16453803 , 1.6543584 , 0.04497632
0.23595348 , 0.38278157 , 0.03904534
0.3030838 , -0.8661512 , 0.030564312
0.15438475 , 1.4369361 , 0.05147563
0.1378359 , 2.2472708 , 0.028647538
0.12049057 , 2.5858376 , 0.0027018094
0.104007624 , 2.7559214 , -0.011013662
0.1506728 , 1.7014151 , 0.04814733
0.1331089 , 2.3659966 , 0.021891104
0.1161191 , 2.6456172 , -0.0021777474
0.098271124 , 2.8100488 , -0.010360986
0.14655934 , 1.9209293 , 0.04281475
0.12842195 , 2.4650955 , 0.015355334
0.11164374 , 2.7012143 , -0.006234115
0.090917 , 2.8700988 , -0.006499636
0.1420598 , 2.1035242 , 0.03648174
0.12380525 , 2.5487447 , 0.009193727
0.10692519 , 2.7553039 , -0.0092658885
0.15287131 , 1.3959371 , 0.05163295
0.13731495 , 2.2555654 , 0.029751249
0.11923955 , 2.6210837 , 0.0035478983
0.1017687 , 2.81032 , -0.0109383
0.14986715 , 1.6750581 , 0.048828665
0.13247208 , 2.3819792 , 0.022980621
0.11466893 , 2.685652 , -0.0014502417
0.0958731 , 2.8685315 , -0.010679582
0.14610347 , 1.9071411 , 0.04375234
0.12762843 , 2.48782 , 0.016380737
0.10999846 , 2.7457764 , -0.005672205
0.08867164 , 2.932547 , -0.007477796
0.14169084 , 2.1004808 , 0.037562538
0.12283413 , 2.5773473 , 0.010170835
0.1051061 , 2.804209 , -0.00886764
0.15078375 , 1.3497458 , 0.051723722
0.1368938 , 2.2618628 , 0.030839827
0.11808106 , 2.6549833 , 0.0043959995
0.09983794 , 2.8634717 , -0.010829543
0.14926049 , 1.6447327 , 0.049451698
0.13192694 , 2.3962243 , 0.024067255
0.113324754 , 2.7243605 , -0.0007100245
0.09401968 , 2.9258354 , -0.010930189
0.14585786 , 1.8902348 , 0.044716965
0.12692 , 2.509011 , 0.01748674
0.108480126 , 2.7890263 , -0.0050095175
0.087548256 , 2.9938939 , -0.008246121
0.14148547 , 2.0948915 , 0.038476843
0.121945746 , 2.6045206 , 0.0109831765
0.10344481 , 2.8518064 , -0.00861805
0.15035781 , 1.2975378 , 0.05197761
0.13660103 , 2.2660797 , 0.032194592
0.016575942 , -1.0322045 , -0.35264012
0.12077703 , 0.20951052 , -0.11924828
0.060214724 , -0.5143077 , -0.25526655
-0.015523623 , -1.2531524 , -0.44005287
0.098133944 , -0.009523953 , -0.17345238
0.031600494 , -0.73556316 , -0.33077648
-0.049577743 , -1.4676714 , -0.53612846
0.073331274 , -0.22638948 , -0.2367267
0.00064607954 , -0.95274997 , -0.415721
0.109143995 , 0.266416 , -0.15822679
0.046049967 , -0.44234666 , -0.30962315
-0.032326065 , -1.1639557 , -0.5095552
0.08579586 , 0.05737485 , -0.21891443
0.016259003 , -0.6556527 , -0.39207014
0.119467124 , 0.5370795 , -0.1436995
0.059909455 , -0.15263695 , -0.2891834
-0.01565574 , -0.8636363 , -0.4835875
0.097585484 , 0.33671913 , -0.20182198
0.031319395 , -0.3618264 , -0.36910167
0.12911627 , 0.80222017 , -0.12991256
0.073159166 , 0.13343965 , -0.26946136
0.00044610712 , -0.56666243 , -0.45825046
0.10867926 , 0.61134446 , -0.18543582
0.0458255 , -0.07124356 , -0.34681764
0.13813305 , 1.0616854 , -0.117046244
0.085776344 , 0.4157119 , -0.2504604
0.015995577 , -0.27296492 , -0.43355864
0.11906187 , 0.88094723 , -0.169735
0.05976685 , 0.21609223 , -0.325224
-0.015722925 , -0.46849325 , -0.52907324
0.09773682 , 0.69396067 , -0.2321811
0.0310095 , 0.017559022 , -0.40951484
0.12872854 , 1.1452237 , -0.15469037
0.07312497 , 0.5001277 , -0.3043308
0.00021251467 , -0.17547314 , -0.50278443
0.10901701 , 0.9679423 , -0.21461895
0.045496825 , 0.30502838 , -0.38612017
0.13769984 , 1.4039589 , -0.14027718
0.085875906 , 0.78074247 , -0.2841497
0.015596097 , 0.114268765 , -0.47709918
0.11959356 , 1.2373773 , -0.19776367
0.059450097 , 0.58954215 , -0.36338386
0.14604741 , 1.657098 , -0.12651947
0.09799248 , 1.0577723 , -0.2646917
0.030468728 , 0.40089434 , -0.45201594
0.12944733 , 1.502005 , -0.18160102
0.07284567 , 0.871113 , -0.34132445
0.15394925 , 1.9051266 , -0.11380873
0.109440096 , 1.330997 , -0.24596663
0.044864822 , 0.6846674 , -0.4275301
-0.15467219 , -7.434117 , -0.35121918
-0.2630165 , -8.623263 , -0.5208195
-0.39011925 , -9.781592 , -0.7372255
-0.19848749 , -7.8638325 , -0.42037535
-0.3137294 , -9.028361 , -0.6101003
-0.14052613 , -7.0898814 , -0.33343473
-0.24463125 , -8.27726 , -0.4982329
-0.36818904 , -9.430106 , -0.70886666
-0.18251897 , -7.5187397 , -0.40071315
-0.29390392 , -8.680833 , -0.58509094
-0.12636676 , -6.7503815 , -0.31661007
-0.22694138 , -7.932193 , -0.47626257
-0.34683785 , -9.079626 , -0.6812636
-0.16679013 , -7.1754293 , -0.381577
-0.27464956 , -8.33432 , -0.5607181
-0.113553606 , -6.410906 , -0.30081874
-0.20971578 , -7.588284 , -0.4549038
-0.325999 , -8.730288 , -0.6543653
-0.15128556 , -6.834632 , -0.36308143
-0.25585887 , -7.988992 , -0.53698045
-0.38111025 , -9.123023 , -0.75847805
-0.19280934 , -7.24585 , -0.43415624
-0.30560827 , -8.382228 , -0.62814546
-0.13617496 , -6.4961286 , -0.34541887
-0.23744823 , -7.644999 , -0.5138786
-0.359087 , -8.7713 , -0.7291083
-0.1761637 , -6.9052105 , -0.4140408
-0.285615 , -8.035589 , -0.60259104
-0.12158025 , -6.158372 , -0.32860395
-0.21936624 , -7.3025303 , -0.49141464
-0.33745807 , -8.42104 , -0.7007726
-0.15980138 , -6.5666113 , -0.3946161
-0.26598707 , -7.690492 , -0.57769537
-0.10737741 , -5.8199015 , -0.31240118
-0.2015892 , -6.961756 , -0.46959603
-0.31620774 , -8.072385 , -0.67325294
-0.1438067 , -6.2297893 , -0.37594646
-0.24670713 , -7.347075 , -0.5534559
-0.09334723 , -5.479986 , -0.29656932
-0.18411864 , -6.6228704 , -0.44844195
-0.29533088 , -7.725456 , -0.6464663
-0.12821813 , -5.8941193 , -0.35803172
-0.22776978 , -7.005455 , -0.52987343
-0.3475169 , -8.099098 , -0.749546
-0.1669829 , -6.2859097 , -0.42798266
-0.27482814 , -7.380378 , -0.6203773
-0.112993754 , -5.5588293 , -0.34077844
-0.20917793 , -6.665769 , -0.50695455
-0.32536858 , -7.7498674 , -0.72047454
-0.15021625 , -5.950748 , -0.40824273
-0.25470424 , -7.037252 , -0.5949702
-0.09804211 , -5.2235365 , -0.3240432
-0.19094385 , -6.328095 , -0.48471153
-0.30362603 , -7.402642 , -0.6923383
-0.13383491 , -5.6170287 , -0.38921678
-0.23496579 , -6.6961875 , -0.5702395
-0.08328936 , -4.8882 , -0.30771282
-0.17308521 , -5.9924607 , -0.4631603
-0.28229964 , -7.057521 , -0.6649936
-0.11781878 , -5.284407 , -0.3708592
-0.21562204 , -6.3572636 , -0.54618603
-0.06870051 , -4.5532312 , -0.29178384
-0.15561949 , -5.6587625 , -0.44231126
-0.26139852 , -6.714606 , -0.6383793
-0.10212735 , -4.9526167 , -0.35309568
-0.19668351 , -6.0205445 , -0.5228156
-0.31043175 , -7.0663023 , -0.7402187
-0.13855155 , -5.3268414 , -0.42215917
-0.2409314 , -6.373976 , -0.61246884
-0.08671786 , -4.6216793 , -0.3358456
-0.1781617 , -5.68603 , -0.5001356
-0.288365 , -6.72119 , -0.71152407
-0.121871546 , -4.996488 , -0.40267852
-0.22090632 , -6.0357056 , -0.587252
-0.0715674 , -4.291782 , -0.31904447
-0.16006418 , -5.353679 , -0.4781502
-0.26676908 , -6.378507 , -0.6836465
-0.10555655 , -4.667602 , -0.38382754
-0.2013311 , -5.6998315 , -0.5627265
-0.056671597 , -3.9633656 , -0.3026629
-0.14239241 , -5.023391 , -0.45685503
-0.24565236 , -6.03833 , -0.65652114
-0.08958387 , -4.340171 , -0.3655572
-0.18221156 , -5.3663707 , -0.5388931
-0.29300043 , -6.3709373 , -0.7597811
-0.1251385 , -4.695081 , -0.4362351
-0.2250211 , -5.7007113 , -0.6301153
-0.07393631 , -4.014378 , -0.34781936
-0.1635512 , -5.035296 , -0.51575226
-0.27080444 , -6.0286145 , -0.7306862
-0.10828956 , -4.3686857 , -0.4162659
-0.20487984 , -5.3656945 , -0.6044141
-0.05861062 , -3.6904933 , -0.33057272
-0.14534828 , -4.706572 , -0.4933001
-0.24912457 , -5.688995 , -0.7023356
-0.0918301 , -4.044246 , -0.3969169
-0.18523139 , -5.0332913 , -0.579411
-0.04361269 , -3.3689466 , -0.31378615
-0.12759693 , -4.380148 , -0.47152737
-0.2279668 , -5.35213 , -0.67472684
-0.0757498 , -3.7218757 , -0.3781562
-0.1660758 , -4.7035046 , -0.5551022
-0.028960017 , -3.0501854 , -0.2974351
-0.1102872 , -4.0560203 , -0.45041937
-0.20733444 , -5.0180545 , -0.6478381
-0.060043678 , -3.4018185 , -0.35995325
-0.14741023 , -4.3763137 , -0.5314836
-0.25134927 , -5.3259573 , -0.74970555
-0.09340911 , -3.7342198 , -0.42995733
-0.18722805 , -4.6867924 , -0.6216558
-0.04471575 , -3.0843701 , -0.34228027
-0.12922873 , -4.0517135 , -0.5085489
-0.22975245 , -4.9900312 , -0.7209675
-0.076953955 , -3.4148648 , -0.4101206
-0.1676461 , -4.358348 , -0.59617233
-0.029774817 , -2.7699325 , -0.32511207
-0.11152358 , -3.729707 , -0.4862891
-0.20871022 , -4.6570725 , -0.6929189
-0.060918108 , -3.0981257 , -0.39088804
-0.14858449 , -4.032727 , -0.57138234
-0.015236269 , -2.4589188 , -0.30842167
-0.09428628 , -3.4103458 , -0.4646931
-0.18822278 , -4.3271003 , -0.665568
-0.045301948 , -2.7842624 , -0.37223917
-0.13003731 , -3.7099297 , -0.54728085
-0.0011166678 , -2.1518235 , -0.29216546
-0.07751012 , -3.0937169 , -0.4437481
-0.16828766 , -4.0001307 , -0.63891375
-0.030111618 , -2.473569 , -0.35415465
-0.11199715 , -3.3899798 , -0.52386236
-0.20903203 , -4.283132 , -0.7394641
-0.061190553 , -2.7799735 , -0.42344067
-0.14890032 , -3.6761692 , -0.6129535
-0.0153559465 , -2.1664126 , -0.33661672
-0.094456606 , -3.0729184 , -0.5011206
-0.18824841 , -3.9546974 , -0.71102494
-0.045327 , -2.4693067 , -0.40375656
-0.13005434 , -3.3552287 , -0.58768475
-0.0010474192 , -1.86317 , -0.3196066
-0.07740878 , -2.758828 , -0.47904873
-0.1680416 , -3.6294184 , -0.6832395
-0.029921792 , -2.1619718 , -0.38468122
-0.111742355 , -3.0373268 , -0.5631048
0.012801381 , -1.5642738 , -0.3030923
-0.0608489 , -2.4478228 , -0.4576392
-0.14840679 , -3.3073049 , -0.65612847
-0.014981105 , -1.8582493 , -0.36620018
-0.09395647 , -2.722503 , -0.53921115
-0.1873481 , -3.5702612 , -0.7577567
-0.044774227 , -2.1400673 , -0.43688372
-0.12933728 , -2.9883618 , -0.629701
-0.0005127793 , -1.5584705 , -0.34830016
-0.07668947 , -2.4108174 , -0.51600134
-0.16695943 , -3.2470005 , -0.7289901
-0.029185098 , -1.835757 , -0.41677302
-0.11082521 , -2.6726043 , -0.6039616
0.013472956 , -1.262976 , -0.33097097
-0.059934933 , -2.1023638 , -0.49347305
-0.1471648 , -2.927032 , -0.7007979
-0.014083978 , -1.5351328 , -0.39729595
-0.09286217 , -2.3600538 , -0.57891256
0.026966175 , -0.9721415 , -0.31420338
-0.043688137 , -1.7972623 , -0.4716234
-0.12795712 , -2.6103551 , -0.67324775
0.0005236395 , -1.2384603 , -0.37844008
-0.0754397 , -2.0507512 , -0.55455637
0.039957307 , -0.68633485 , -0.29796666
-0.027945993 , -1.4956737 , -0.45044857
-0.109328195 , -2.2969697 , -0.6463653
0.014630485 , -0.94604105 , -0.36019275
-0.05854964 , -1.7447535 , -0.530895
-0.14524613 , -2.53639 , -0.746786
-0.01270768 , -1.1977875 , -0.42994297
-0.09126892 , -1.9868809 , -0.62016505
0.02822707 , -0.6581862 , -0.342545
-0.042184383 , -1.4421446 , -0.5079312
-0.12599349 , -2.2223659 , -0.71820796
0.002025413 , -0.9038329 , -0.4100981
-0.07376995 , -1.6801001 , -0.5946572
0.041303184 , -0.37522462 , -0.3254995
-0.026336962 , -1.1430323 , -0.48566645
-0.10733971 , -1.9117185 , -0.6902343
0.016248934 , -0.61406666 , -0.3909026
-0.05682156 , -1.3766491 , -0.56984985
0.0538489 , -0.09747394 , -0.30907938
-0.01100146 , -0.84755856 , -0.46410128
-0.089275084 , -1.604432 , -0.6629086
0.02995566 , -0.32877532 , -0.37234235
-0.040413525 , -1.0765609 , -0.54575074
0.06585908 , 0.17476416 , -0.29329887
0.0038261788 , -0.55590016 , -0.44323355
-0.07178968 , -1.3004918 , -0.63625777
0.043135054 , -0.048260104 , -0.35440323
-0.02453488 , -0.77988625 , -0.5223669
-0.104962684 , -1.5181619 , -0.73546183
0.018147346 , -0.26827338 , -0.42305818
0.04152261 , 0.45169124 , -0.41634488
-0.02757394 , -0.23853286 , -0.6005847
0.07672409 , 0.91228145 , -0.3319448
0.01563982 , 0.25202215 , -0.49161705
-0.057861116 , -0.43820265 , -0.69613165
0.054573514 , 0.7268974 , -0.39723167
-0.0121937655 , 0.051247098 , -0.5756317
0.08798302 , 1.1723003 , -0.31569785
0.029659262 , 0.5342781 , -0.47001418
-0.0415906 , -0.1456856 , -0.6686023
0.06711267 , 0.9973486 , -0.37880984
0.0026698157 , 0.3379109 , -0.5514221
0.09859471 , 1.4266565 , -0.3004929
0.043188315 , 0.8127656 , -0.44914925
-0.025904492 , 0.14366078 , -0.6417796
0.07912599 , 1.2627617 , -0.3610607
0.01703953 , 0.62144965 , -0.5279584
-0.055864222 , -0.044268698 , -0.7409807
0.056220878 , 1.0872571 , -0.42902127
-0.01077668 , 0.43001264 , -0.61569697
0.09058814 , 1.5228673 , -0.34396532
0.030925859 , 0.90178674 , -0.50524
-0.03989162 , 0.24401133 , -0.71233696
0.06874159 , 1.3575178 , -0.40962732
0.0038365861 , 0.71353865 , -0.5903698
0.10144517 , 1.7775924 , -0.32755196
0.044323176 , 1.1787674 , -0.48326737
-0.024531156 , 0.5291222 , -0.6843839
-0.034040056 , -5.187837 , -0.18877167
0.023587892 , -2.7761254 , -0.19160247
0.0815383 , -0.43742916 , -0.19539344
0.13273597 , 1.8350415 , -0.20141068
-0.29058385 , -7.4137573 , -0.65894717
-0.19422223 , -4.6147017 , -0.6560795
-0.093697414 , -1.8255988 , -0.6545204
-0.055987563 , -6.4439845 , -0.18535107
0.11838874 , 2.3822381 , 0.083134666
0.11838834 , 2.3974245 , 0.15280741
0.12384612 , 2.2924922 , 0.06063426
0.12279229 , 2.3261924 , 0.112342484
0.124187395 , 2.3177488 , 0.19798447
0.12678172 , 2.253531 , 0.0807631
0.12832174 , 2.2513776 , 0.14933792
0.13157316 , 2.1773129 , 0.058595672
0.1317848 , 2.1896136 , 0.10947728
0.13493037 , 2.1636875 , 0.19391479
0.13496506 , 2.126956 , 0.07836137
0.13803731 , 2.1068454 , 0.14590491
0.14264007 , 2.0661726 , 0.24607155
0.14055093 , 2.0546978 , 0.1066273
0.14545721 , 2.0110726 , 0.1898842
0.14293197 , 2.0027268 , 0.07594564
0.14753026 , 1.9638667 , 0.14250569
0.15407388 , 1.9053165 , 0.24155708
0.14909741 , 1.9215404 , 0.103786916
0.15576178 , 1.8599406 , 0.18589194
0.15066767 , 1.8809845 , 0.07353557
0.15680027 , 1.8224869 , 0.13913758
0.16528061 , 1.745887 , 0.23701032
0.15742959 , 1.7902495 , 0.10095354
0.16584207 , 1.710329 , 0.18193728
0.15815815 , 1.7618061 , 0.071148284
0.1658494 , 1.6827562 , 0.13579784
0.17625868 , 1.5879219 , 0.23247634
0.16554993 , 1.6609378 , 0.09812813
0.17569847 , 1.5622766 , 0.1780193
0.16539389 , 1.6452109 , 0.0687952
0.17468084 , 1.5447326 , 0.13248417
0.18700862 , 1.4314582 , 0.22796342
0.17345773 , 1.5337075 , 0.09531447
0.18533275 , 1.4158248 , 0.17413706
0.17237146 , 1.5311855 , 0.0664817
0.18329789 , 1.4084786 , 0.12919481
