0.76784146 , 0.67602575 , -0.041977882
0.83372366 , 2.3060584 , 0.05856875
0.8671511 , 3.4230175 , 0.1959533
0.8208183 , 3.241275 , 0.2826544
0.75945246 , 2.6981065 , -0.08003634
0.6653217 , 1.2280884 , -0.18092673
0.7358801 , -0.19291851 , 0.32633984
0.73131937 , -0.1578545 , 0.32795557
0.3228765 , -8.034143 , 0.32520002
0.2979817 , -9.138321 , 0.16424204
0.9036912 , -0.79511726 , 0.24396913
0.45475614 , -6.1485996 , 0.15176995
0.59939164 , -4.2486033 , 0.15762284
0.7605519 , -2.4833527 , 0.16492835
0.71936387 , -0.98891014 , 0.30742764
0.6174837 , -2.6902351 , 0.302461
1.0158447 , -0.2882717 , 0.167103
1.0214641 , -0.41822094 , 0.16736627
0.9110289 , -0.59970146 , 0.24639595
0.39434624 , -6.9411445 , 0.15221754
0.5950972 , -3.2633257 , 0.3013596
0.5271764 , -5.0652814 , 0.30523324
0.46070114 , -7.023169 , 0.3135617
0.42045888 , -8.241996 , 0.30739623
0.7753976 , -2.393794 , 0.16671415
0.70240307 , -1.2051811 , 0.3029042
0.61158013 , -2.8671987 , 0.3006656
0.5435302 , -4.624211 , 0.303083
1.0037333 , 0.00014526772 , 0.1553912
0.9530313 , -0.8586287 , 0.23943084
0.4300945 , -6.443861 , 0.15263319
0.57533765 , -4.556461 , 0.15789644
0.5117684 , -5.516973 , 0.30587244
0.44428343 , -7.469077 , 0.31085926
0.43670845 , -8.617242 , 0.30594546
0.92197746 , -0.77098083 , 0.2432721
0.67105055 , -1.6643164 , 0.2998922
0.5949405 , -3.3089776 , 0.29905403
0.52790314 , -5.0690064 , 0.30337542
0.46292546 , -6.984703 , 0.31061593
0.8848636 , -1.0761604 , 0.23790473
0.46460825 , -5.965446 , 0.1540279
0.61085457 , -4.1440506 , 0.160447
0.775697 , -2.4663997 , 0.168186
0.35480314 , -7.7989783 , 0.23331349
0.44538164 , -8.9882765 , 0.3054955
0.9421895 , -1.0008142 , 0.2384692
0.42883563 , -6.41788 , 0.15366082
0.53891027 , -4.783509 , 0.3009141
0.47459233 , -6.6492577 , 0.30810872
0.3451138 , -7.98702 , 0.23427884
0.2955704 , -8.614684 , 0.16555052
0.7092393 , -0.14983736 , 0.32931033
0.7041262 , -0.111532904 , 0.32893103
0.31641972 , -7.614562 , 0.16100305
0.48140556 , -5.7302055 , 0.15527174
0.62896883 , -3.9557774 , 0.1621173
0.52179325 , -5.216022 , 0.15728195
0.67287403 , -3.500884 , 0.16462038
0.85807765 , -1.9239554 , 0.17351902
0.5057746 , -5.7261734 , 0.30321646
0.43480968 , -7.594001 , 0.30193752
0.4449411 , -8.7028675 , 0.30310342
0.8898691 , -1.2376995 , 0.23552603
0.4573519 , -6.016913 , 0.15514278
0.64747065 , -3.7765372 , 0.16375881
0.85817504 , -1.9569485 , 0.17399545
0.6424516 , -2.3178806 , 0.29333645
0.5630645 , -4.1759963 , 0.29658383
0.48868456 , -6.240495 , 0.30433512
0.34457704 , -7.895771 , 0.23298238
0.29402405 , -8.333968 , 0.16482669
0.4569949 , -6.010348 , 0.15543257
0.54473674 , -4.934197 , 0.15900733
0.7260135 , -3.021131 , 0.16790868
0.7314487 , -1.3744872 , 0.28946838
0.6082504 , -3.0836728 , 0.2932045
0.5319476 , -5.004024 , 0.29869106
0.45902175 , -7.1247025 , 0.30346367
0.4441637 , -8.514548 , 0.30154115
1.0132726 , -0.6907305 , 0.15957148
1.0158265 , -0.8198633 , 0.1609911
0.74706125 , -2.8557487 , 0.16928786
0.9868413 , -1.4175698 , 0.1794773
0.6422736 , -2.3732643 , 0.29081044
0.57375425 , -3.9291933 , 0.29412055
0.5093735 , -5.64125 , 0.30046996
0.44204333 , -7.463026 , 0.2994255
0.29212436 , -8.395496 , 0.1650182
0.28942347 , -8.761502 , 0.16466752
0.45110723 , -8.898602 , 0.30185023
1.0255654 , -1.0217426 , 0.16493197
0.9553654 , -8.397058 , 0.0745243
0.9594787 , -8.477814 , -0.0043302607
1.0160916 , -9.18864 , 0.037086572
0.9307417 , -8.205333 , 0.036362678
0.8597156 , -7.1081457 , 0.08484705
0.76319945 , -4.342452 , 0.1926595
0.76069444 , -1.2309813 , 0.30358332
1.073348 , -8.688343 , 0.1905842
0.986687 , -4.564554 , 0.18684596
0.9871442 , -6.838627 , 0.18913092
0.98367894 , -8.094043 , 0.18726197
0.98322976 , -5.2938766 , 0.18838812
0.98577344 , -7.273861 , 0.1889808
0.9740944 , -8.247981 , 0.1827227
0.7579511 , -4.006433 , 0.20524606
1.0334496 , -1.5397458 , 0.17017294
0.98322517 , -4.563711 , 0.18673493
0.98345244 , -7.1962457 , 0.18893123
0.9725625 , -8.20167 , 0.18381156
0.92197084 , -8.105692 , 0.03769632
0.9912733 , -3.3085823 , 0.18119
0.9792602 , -5.9311833 , 0.188838
0.98076886 , -7.601713 , 0.18877628
0.98205596 , -4.125355 , 0.1851361
0.97791135 , -6.48827 , 0.1888687
0.97605175 , -7.8667755 , 0.18826707
0.78010094 , -5.175554 , 0.16015148
0.7577657 , -2.3567598 , 0.2654835
0.9880519 , -3.3251698 , 0.18131842
0.9756302 , -6.3991437 , 0.18879266
0.97412074 , -7.8074713 , 0.18839075
0.9269195 , -8.224262 , 0.008644787
1.019425 , -1.998993 , 0.17392038
0.97440237 , -4.872453 , 0.18730138
0.97423285 , -6.9417953 , 0.18869738
0.991885 , -2.8695922 , 0.17885052
0.97094625 , -5.541241 , 0.18827309
0.9719339 , -7.3237824 , 0.18864661
0.8099475 , -6.1288047 , 0.12057382
0.7530026 , -3.692645 , 0.21722665
1.0143272 , -2.0330052 , 0.17477106
0.9688957 , -5.443086 , 0.18810166
0.96968335 , -7.25221 , 0.18859287
0.95207727 , -8.105775 , 0.18101008
0.7613059 , -2.0501854 , 0.2747233
0.9758468 , -3.6980405 , 0.18321303
0.96659833 , -6.1173215 , 0.18845329
1.0301374 , -1.5682886 , 0.17476934
0.9676808 , -4.4571795 , 0.18602012
0.96485674 , -6.616991 , 0.18842773
0.84131265 , -6.857766 , 0.087483786
0.76809466 , -4.859857 , 0.17166048
0.7570278 , -2.0829268 , 0.27316925
0.9710876 , -3.7092562 , 0.18326469
0.9620878 , -6.094732 , 0.1882977
0.96112335 , -7.5576334 , 0.18851587
0.92744535 , -8.087153 , 0.074195474
0.8803519 , -7.535669 , 0.055724382
0.805387 , -6.0836225 , 0.12058304
0.7497253 , -3.715061 , 0.21651098
0.9984622 , -2.0986433 , 0.17652492
0.9694877 , -3.389428 , 0.18191297
0.9573958 , -5.835095 , 0.18805172
0.9572486 , -7.3902674 , 0.18846408
0.9355631 , -8.037564 , 0.17167373
0.96226615 , -3.8335342 , 0.18378136
0.95517296 , -6.1364155 , 0.188085
0.9537434 , -7.529096 , 0.18848245
0.91929424 , -7.9992447 , 0.001456596
0.95660853 , -4.256085 , 0.18523282
0.95304143 , -6.4092207 , 0.18805781
0.949661 , -7.642817 , 0.18833448
0.09846996 , -0.1357899 , 0.23387662
0.71279705 , -5.408249 , 0.007861176
0.50803846 , -3.1013336 , 0.026846673
0.31658387 , -0.9517707 , 0.06465413
0.27848926 , -0.67676073 , 0.08142282
0.2808415 , -4.9882197 , 0.1630208
0.21806154 , -2.8547099 , 0.16160144
0.117677175 , -0.7593188 , 0.17783256
0.29627278 , -0.9924766 , 0.07906903
0.27153084 , -4.6502976 , 0.16259918
0.20264003 , -2.50506 , 0.16198874
0.09644756 , -0.41148427 , 0.187059
0.31335643 , -1.3111024 , 0.08011985
0.26126283 , -4.3059087 , 0.16218264
0.18623857 , -2.1541877 , 0.1627865
0.07481078 , -0.062731065 , 0.2024601
0.32974738 , -1.6333637 , 0.08360096
0.25001827 , -3.9564433 , 0.16179489
0.16886736 , -1.8025494 , 0.16416094
0.22643715 , 0.13675982 , 0.121052526
0.34542543 , -1.9597968 , 0.088962615
0.2350132 , -3.5156631 , 0.16143115
0.1463078 , -1.3661062 , 0.16713694
0.251097 , -0.26287696 , 0.09140167
0.36425722 , -2.3771284 , 0.09779728
0.43827865 , -4.5677347 , 0.16749856
0.45060167 , -6.6803045 , 0.25645703
0.29526338 , -6.8353 , 0.16389693
0.26671702 , -4.743639 , 0.1626568
0.2103386 , -2.8891544 , 0.16126665
0.11140035 , -0.74694484 , 0.17519782
0.28266856 , -0.81553173 , 0.080779664
0.38785017 , -2.9687424 , 0.113602415
0.1951231 , -2.5301912 , 0.16154297
0.09077137 , -0.39633998 , 0.18360886
0.3003132 , -1.1387943 , 0.08075596
0.4002684 , -3.316018 , 0.12408386
0.17892143 , -2.170846 , 0.16209544
0.06937616 , -0.04790668 , 0.19716643
0.31739163 , -1.4664774 , 0.08349101
0.41168568 , -3.6688688 , 0.13561091
0.16174892 , -1.8116138 , 0.16323414
0.12862328 , 0.3058196 , 0.19556364
0.33383858 , -1.7991014 , 0.08831845
0.42200297 , -4.0271935 , 0.14808407
0.14363031 , -1.4528495 , 0.16519806
0.2310208 , 0.00027156444 , 0.10052737
0.34960678 , -2.1369748 , 0.0944322
0.43110096 , -4.3902044 , 0.1607714
0.12462419 , -1.0951785 , 0.16796225
0.24965122 , -0.3166138 , 0.08829692
0.3646768 , -2.480915 , 0.10284881
0.278772 , -6.207658 , 0.16295514
0.23320343 , -3.9280658 , 0.16111523
0.15042579 , -1.6740599 , 0.16296665
0.20683695 , 0.2932567 , 0.12291222
0.33359972 , -1.8373281 , 0.090105146
0.42276132 , -4.110578 , 0.15140489
0.45382926 , -6.393272 , 0.23988336
0.2852175 , -7.3823533 , 0.16361228
0.15159449 , 1.0087895 , 0.110061966
0.4532162 , -6.1410217 , 0.22929414
0.4135283 , -3.8290582 , 0.14208572
0.31859422 , -1.5606344 , 0.086386666
0.27587327 , -0.9965966 , 0.08820418
0.41800216 , -4.2701654 , 0.15903844
0.06205794 , -0.018459346 , 0.19395642
0.1882691 , -2.632858 , 0.1611389
0.28312576 , -6.835932 , 0.16405006
0.24785869 , -7.21874 , 0.16307877
0.11539211 , -1.9154845 , 0.16128932
-0.04570917 , 1.0363058 , 0.21579081
0.10086809 , 0.6239327 , 0.16412884
0.04780989 , 2.310012 , 0.008167454
-0.1421071 , 4.2495937 , -0.020407612
-0.43798828 , 5.5323915 , 0.2715687
-0.23407534 , 3.6382332 , 0.20448048
-0.060595267 , 1.6669351 , 0.18773127
0.071247816 , 2.0424538 , 0.016860109
0.39122105 , -7.159044 , -0.22918044
0.39135423 , -7.1580906 , -0.2301855
0.3872638 , -7.4671907 , -0.22854021
0.37862703 , -8.077165 , -0.22456045
0.37591305 , -7.850306 , -0.07357869
0.38593975 , -7.544027 , -0.07418445
0.38294172 , -7.0627995 , -0.2531197
0.3907945 , -7.3875513 , -0.23647247
0.3863328 , -7.7023053 , -0.22631976
0.3720731 , -7.9392133 , -0.06290072
-0.018823761 , 0.81189096 , 0.22712907
0.1812642 , 0.6709572 , 0.119759195
-0.0048896926 , 0.7311599 , 0.22662123
-0.034397267 , 0.994403 , 0.22356148
-0.0630903 , 1.2617873 , 0.22143304
0.14122394 , 1.180748 , 0.10017255
0.15853131 , 0.9726848 , 0.099930145
0.17699757 , 0.76876444 , 0.0997393
-0.047289643 , 1.1868258 , 0.21317872
-0.055677183 , 3.626076 , 0.01035185
-0.2992689 , 6.0569263 , -0.020385915
-0.16187689 , 2.3683145 , 0.19330254
-0.0451865 , 1.1884347 , 0.21009246
0.11336026 , 1.5597168 , 0.08803334
0.34820122 , -8.244154 , -0.26115113
0.37023458 , -7.6141205 , -0.34091562
0.39795896 , -7.0602903 , -0.29622892
0.35035735 , -8.164467 , -0.31040174
0.37232345 , -8.138635 , -0.2231966
0.39797944 , -6.9973154 , -0.25861824
0.40588897 , -7.044309 , -0.15614964
0.39108083 , -6.958844 , -0.23731053
0.39649144 , -7.037699 , -0.31588742
0.4063312 , -7.01143 , -0.14873767
0.37763304 , -6.9442816 , -0.1572613
0.16267167 , 0.961326 , 0.0758784
-0.17500128 , 3.0278888 , 0.1942467
-0.012618265 , 1.0450726 , 0.19743676
0.10889751 , 0.5417357 , 0.16738887
-0.363879 , 4.87525 , 0.24794169
-0.17124672 , 2.9934924 , 0.19428785
-0.009486631 , 1.0242555 , 0.19742925
0.40447593 , -7.054437 , -0.20228717
0.40260872 , -6.949789 , -0.10880459
0.39910597 , -6.938252 , -0.27688035
0.40594622 , -7.020115 , -0.19427097
0.4009225 , -6.9193716 , -0.10107345
0.11722174 , 0.4375182 , 0.18034917
-0.25577462 , 3.8646798 , 0.21415643
-0.07931798 , 1.9578493 , 0.18634859
0.5843604 , -6.8709984 , -0.16854343
0.10733964 , 1.6180638 , 0.030184036
-0.101026565 , 3.8255327 , -0.020774998
-0.40542588 , 5.230347 , 0.26805523
-0.17793518 , 3.0758588 , 0.19690487
0.0077810017 , 0.81886595 , 0.20248555
0.39793202 , -6.970247 , -0.31896943
0.38421533 , -7.127569 , -0.43592808
0.40201804 , -7.0574436 , -0.24046701
0.40671042 , -6.914022 , -0.12655216
0.39820325 , -7.0790668 , -0.2772987
0.40894872 , -6.94135 , -0.17087606
0.39417976 , -6.853098 , -0.0767079
0.10969605 , 0.5775617 , 0.1582616
0.40896848 , -6.6802397 , -0.15422337
0.18320413 , 0.7014007 , 0.079812795
0.020483324 , 2.5711434 , -0.009942731
-0.16604364 , 4.3834357 , -0.015356309
-0.31949806 , 4.4553404 , 0.24499227
-0.13448003 , 2.64438 , 0.1935468
0.022385603 , 0.7793914 , 0.20051034
0.40429446 , -6.7997546 , -0.30160004
0.3932552 , -6.94322 , -0.39476842
0.39924133 , -6.994068 , -0.30241606
0.41268128 , -6.8487206 , -0.19037928
0.41122803 , -6.7331276 , -0.09483109
0.40634704 , -6.751127 , -0.28546908
0.3967592 , -6.8904963 , -0.37392423
0.39683318 , -6.998011 , -0.3283764
0.41183907 , -6.8544517 , -0.21083882
0.41456437 , -6.7260966 , -0.114115946
0.41013256 , -6.6157107 , -0.14993507
0.12210372 , 1.4332219 , 0.028599193
-0.04768391 , 3.2630122 , -0.019960802
-0.24427691 , 5.0553727 , -0.00068245485
-0.23768997 , 3.6953015 , 0.21864384
-0.06523467 , 1.877632 , 0.1873005
0.41531575 , -6.6111636 , -0.15746568
0.16711515 , 0.8867854 , 0.060322348
0.00536041 , 2.7207468 , -0.014252383
-0.18241225 , 4.511302 , -0.011888875
-0.28687006 , 4.1551523 , 0.23628989
-0.10706996 , 2.3585575 , 0.19082884
0.40367934 , -6.6442432 , -0.23693137
0.40549597 , -6.7671347 , -0.31135166
0.39323497 , -6.915861 , -0.40747163
0.40301812 , -6.9332895 , -0.28780085
0.4157343 , -6.784114 , -0.1785154
0.41724303 , -6.665757 , -0.08217268
0.408156 , -6.7163906 , -0.2948276
0.39681476 , -6.863274 , -0.385974
0.40053913 , -6.9389586 , -0.31301242
0.41520008 , -6.789731 , -0.19853464
0.41810662 , -6.6621976 , -0.1021096
0.13782556 , 0.25801545 , 0.18587105
0.107377075 , 1.5996093 , 0.017714929
-0.06311284 , 3.4016862 , -0.020886842
-0.33297455 , 5.1756816 , 0.1461991
-0.20732184 , 3.4017088 , 0.21229127
-0.040002353 , 1.5997374 , 0.18762346
0.41943416 , -6.5459704 , -0.15882775
0.15228912 , 1.061313 , 0.044408392
-0.009633263 , 2.8649101 , -0.01747586
-0.19876446 , 4.635166 , -0.007623231
-0.25510845 , 3.8586686 , 0.2282995
-0.0805256 , 2.0769982 , 0.18896784
0.40998706 , -6.6099772 , -0.24408825
0.40640935 , -6.7361813 , -0.32137465
0.39317673 , -6.888963 , -0.42052042
0.40686682 , -6.871287 , -0.2735601
0.41891515 , -6.7193065 , -0.1668174
0.42641643 , -6.5873437 , -0.0715655
0.58907163 , -1.023812 , -0.28218135
0.52047235 , -1.7354755 , -0.38214254
0.5546136 , -1.930563 , -0.31572303
0.62874216 , -1.2289586 , -0.20374268
0.7017139 , -0.44409165 , -0.10801522
0.4473089 , -5.771098 , -0.3513101
0.48873502 , -4.499559 , -0.35795474
0.5143109 , -3.3447003 , -0.36209482
0.7188185 , -0.2960994 , -0.09305828
0.67204124 , -1.7719363 , -0.07560047
0.59436715 , -3.3881721 , -0.070769094
0.50734824 , -5.1286445 , -0.07325177
0.46929327 , -2.5165067 , -0.45781422
0.46175474 , -3.6631045 , -0.45285404
0.44509113 , -4.838932 , -0.45560902
0.4133945 , -6.1635056 , -0.46472496
0.47593677 , -5.565954 , -0.22241041
0.55458623 , -3.795835 , -0.20803298
0.6101128 , -2.1462686 , -0.20024154
0.64670396 , -0.64203477 , -0.20139353
0.6936126 , -1.2769989 , -0.077319026
0.62095183 , -2.8500266 , -0.06981885
0.5358472 , -4.5573983 , -0.07057455
0.4399278 , -6.4087095 , -0.07107661
0.51489156 , -4.769652 , -0.21350946
0.58164465 , -3.0487802 , -0.20287488
0.62974066 , -1.4576384 , -0.19740641
0.7200831 , -0.4457064 , -0.087509625
0.6647 , -1.9419832 , -0.07128206
0.58452773 , -3.583901 , -0.06768742
0.4961485 , -5.3430257 , -0.07158375
0.46436784 , -5.7859974 , -0.2234211
0.5473728 , -3.9964416 , -0.20685785
0.6054768 , -2.3230522 , -0.19844522
0.64530367 , -0.7939211 , -0.19749698
0.70229554 , -1.0777155 , -0.075509265
0.6312863 , -2.6413562 , -0.067026325
0.5463532 , -4.3424616 , -0.06727175
0.45366162 , -6.165379 , -0.07210015
0.50578237 , -4.980592 , -0.21304569
0.5755856 , -3.2406096 , -0.20141537
0.62623364 , -1.6226252 , -0.19502555
0.7236082 , -0.2500299 , -0.09274753
0.67453873 , -1.7378533 , -0.068919286
0.5950258 , -3.3719594 , -0.064541295
0.50680524 , -5.123043 , -0.068479225
0.45166206 , -6.00966 , -0.22554782
0.5397589 , -4.2002535 , -0.20574775
0.60047805 , -2.5043252 , -0.19671516
0.64328533 , -0.94853187 , -0.19379349
0.7105875 , -0.8784422 , -0.07372075
0.6416446 , -2.4326384 , -0.064261116
0.5568983 , -4.12792 , -0.06385055
0.465422 , -5.9318748 , -0.07095754
0.4961591 , -5.1941867 , -0.21287592
0.5691578 , -3.436298 , -0.19998845
0.6223299 , -1.7920579 , -0.19281664
0.653636 , -0.29586643 , -0.19691736
0.6842753 , -1.5338507 , -0.06655879
0.6055827 , -3.1598544 , -0.06139645
0.5174102 , -4.9049015 , -0.064963095
0.4371916 , -6.2376533 , -0.22976582
0.5317326 , -4.407057 , -0.20472136
0.5951156 , -2.6900253 , -0.19504519
0.64073855 , -1.1065955 , -0.19047992
0.7183226 , -0.6791695 , -0.07176813
0.6520137 , -2.2238762 , -0.061517954
0.5675052 , -3.9134572 , -0.06036514
0.47651407 , -5.704739 , -0.06804384
0.48598158 , -5.410358 , -0.213114
0.56236213 , -3.6356404 , -0.19859365
0.6180416 , -1.9660949 , -0.1907641
0.65387297 , -0.4455105 , -0.19137697
0.69386524 , -1.3299645 , -0.064156495
0.616199 , -2.9475112 , -0.058267135
0.52801496 , -4.687856 , -0.061211012
0.4194148 , -6.4714875 , -0.23913038
0.5232805 , -4.616642 , -0.20379372
0.58938795 , -2.8800395 , -0.19342291
0.63771284 , -1.2686529 , -0.18756877
0.72524047 , -0.48003274 , -0.06921891
0.662374 , -2.0150855 , -0.058787566
0.5781789 , -3.6988397 , -0.05685675
0.4873413 , -5.481744 , -0.0641715
0.47515172 , -5.629081 , -0.21391957
0.55519134 , -3.8384087 , -0.19722718
0.61337686 , -2.1448054 , -0.18884075
0.6528033 , -0.597599 , -0.18643063
0.7032411 , -1.1261789 , -0.061648324
0.62688273 , -2.7348886 , -0.055163577
0.5386904 , -4.471333 , -0.05734236
0.4431427 , -6.308374 , -0.069691926
0.51442933 , -4.8288245 , -0.20297404
0.58330786 , -3.074214 , -0.19183308
0.6342359 , -1.4350953 , -0.18500187
0.7309113 , -0.28149563 , -0.06547384
0.67270297 , -1.806288 , -0.05605773
0.5888904 , -3.4839013 , -0.053356797
0.49796247 , -5.2613983 , -0.05989179
0.46335447 , -5.8504124 , -0.21552485
0.5475892 , -4.044354 , -0.19588166
0.60832906 , -2.3281803 , -0.18701395
0.65101945 , -0.75288266 , -0.18243667
0.71229565 , -0.92247534 , -0.058961704
0.63764185 , -2.5219798 , -0.05209661
0.5495284 , -4.2549047 , -0.053436313
0.45558548 , -6.075316 , -0.06512325
0.50530005 , -5.0434365 , -0.20225328
0.5769246 , -3.2723584 , -0.19025742
0.6303303 , -1.6061921 , -0.18269876
0.696131 , -0.08493062 , -0.11920597
0.6829881 , -1.5975065 , -0.053329114
0.5996391 , -3.2685065 , -0.04989484
0.5084398 , -5.0425916 , -0.05549056
0.45007235 , -6.0746846 , -0.21755745
0.5394904 , -4.2532535 , -0.19454063
0.6028769 , -2.5161517 , -0.18524468
0.64867485 , -0.9119592 , -0.17913158
0.7209602 , -0.7188222 , -0.0560864
0.6484166 , -2.3088176 , -0.04909857
0.5603928 , -4.038324 , -0.049552016
0.4671201 , -5.848927 , -0.059812766
0.4957231 , -5.260199 , -0.20156097
0.5701887 , -3.4742005 , -0.1886676
0.6260362 , -1.7821068 , -0.18056512
0.6597861 , -0.24462456 , -0.17554268
0.35090035 , -1.3371549 , 0.05402636
0.5482193 , -3.5468905 , 0.021615006
0.75303006 , -5.8668823 , 0.004731151
0.91342247 , -7.8381534 , -0.008543484
0.72919565 , -5.584993 , 0.005613014
0.5233238 , -3.260067 , 0.023661848
0.3284853 , -1.070646 , 0.059229746
0.87557274 , -7.3157563 , 0.17295621
0.6474624 , -5.0309877 , 0.19557558
0.39612588 , -2.7264237 , 0.21015133
0.15620954 , -0.617606 , 0.22580187
0.17386468 , -0.7512792 , 0.22414882
0.41591015 , -2.8947835 , 0.20915079
0.6670343 , -5.2123756 , 0.19420508
0.8911867 , -7.491995 , 0.16944987
0.79220265 , -6.3223405 , 0.0010195285
0.5878389 , -3.990979 , 0.015963117
0.3850231 , -1.724794 , 0.043821964
0.22035013 , 0.18924707 , 0.13181643
0.2742574 , -1.6386892 , 0.2169136
0.52555037 , -3.897747 , 0.20299368
0.7708342 , -6.2301917 , 0.18556966
0.89557314 , -7.580537 , -0.0065286006
0.70427275 , -5.2963786 , 0.005975458
0.49694374 , -2.9616086 , 0.025210273
0.30386513 , -0.78870815 , 0.064222105
0.14451866 , -0.47597432 , 0.22581105
0.383616 , -2.59647 , 0.21075667
0.6361834 , -4.920675 , 0.19613396
0.8670579 , -7.2273927 , 0.17344649
0.8160405 , -6.59414 , -0.0014412074
0.612238 , -4.255551 , 0.012353165
0.4066172 , -1.9546162 , 0.037762176
0.23101884 , 0.05209343 , 0.10030225
0.24358195 , -1.3469139 , 0.21840645
0.49398872 , -3.5988772 , 0.20462945
0.74231917 , -5.9468904 , 0.18794651
0.914479 , -7.840101 , -0.0076650307
0.72837204 , -5.569076 , 0.0031701925
0.5198507 , -3.2153947 , 0.020804586
0.321514 , -0.99244976 , 0.055515815
0.11588498 , -0.20640759 , 0.22596388
0.35118032 , -2.2971427 , 0.21220155
0.60483634 , -4.62541 , 0.19796836
0.8413489 , -6.957016 , 0.17714868
0.8393009 , -6.865595 , -0.0035766067
0.63668144 , -4.52403 , 0.008991687
0.42856914 , -2.1924021 , 0.032144368
0.24519719 , -0.11057336 , 0.083023444
0.21293323 , -1.0563579 , 0.21951362
0.4619837 , -3.29753 , 0.20616269
0.7128953 , -5.6589613 , 0.19021079
0.9207801 , -7.9247575 , 0.15878627
0.7526732 , -5.843477 , 0.00061529997
0.54348177 , -3.4746797 , 0.016681908
0.34083128 , -1.206938 , 0.047747634
0.08963478 , 0.05528958 , 0.22338238
0.31905106 , -1.9970274 , 0.21346578
0.5732994 , -4.326666 , 0.1997156
0.8146469 , -6.6809177 , 0.18044534
0.86185294 , -7.1357284 , -0.0051689995
0.66120136 , -4.7958264 , 0.0058720256
0.450971 , -2.437396 , 0.026925024
0.26063958 , -0.2897582 , 0.07027805
0.18251826 , -0.7680103 , 0.22000422
0.4296532 , -2.9940975 , 0.20758127
0.6827296 , -5.366687 , 0.19235536
0.9025431 , -7.6677637 , 0.16632916
0.77692735 , -6.1189556 , -0.001648199
0.5675707 , -3.7389226 , 0.012831991
0.36122996 , -1.4311452 , 0.040748797
0.06610941 , 0.30301374 , 0.21740538
0.28710067 , -1.6966311 , 0.21447979
0.54146224 , -4.024709 , 0.20136537
0.7869461 , -6.3993874 , 0.18340077
0.88353777 , -7.4034176 , -0.005864973
0.68586797 , -5.0704236 , 0.0030065351
0.4739551 , -2.6890187 , 0.022076456
0.2776213 , -0.48302895 , 0.059873935
0.15274912 , -0.48294798 , 0.2195467
0.39718604 , -2.688914 , 0.20885457
0.6520075 , -5.070281 , 0.19437619
0.88023806 , -7.403093 , 0.17154753
0.80096287 , -6.394821 , -0.003549612
0.59198564 , -4.007573 , 0.00925392
0.38246173 , -1.6641669 , 0.034393758
0.20627765 , 0.35085583 , 0.08707843
0.25532106 , -1.3965648 , 0.21514358
0.50930613 , -3.719843 , 0.20290215
0.758333 , -6.1127076 , 0.18608259
0.90384793 , -7.6670694 , -0.0053729047
0.710632 , -5.347278 , 0.00041613728
0.4974834 , -2.9467044 , 0.01757612
0.29596415 , -0.6886963 , 0.050974373
0.12391901 , -0.20264909 , 0.21777174
0.36466116 , -2.3823612 , 0.2099427
0.62080336 , -4.7699804 , 0.1962711
0.8557451 , -7.1315765 , 0.17565845
0.9281974 , -8.02453 , -0.014836544
0.9322207 , -8.017613 , -0.022245143
0.92613024 , -7.9830403 , 0.28614548
0.92998135 , -8.020043 , 0.2105479
0.9297053 , -8.022763 , 0.18061747
-0.20776917 , 3.2942252 , 0.28655276
0.15626848 , -0.2010262 , 0.28566948
0.5057499 , -3.6364613 , 0.28732798
0.8369696 , -7.036312 , 0.2904211
0.7757552 , -6.292618 , 0.18456352
0.527667 , -3.8846056 , 0.20151192
0.27174363 , -1.5248543 , 0.21317942
0.05110517 , 0.48585334 , 0.20867041
0.63773394 , -4.5915337 , 0.017043123
0.32417524 , -1.1678902 , 0.01147005
0.0010903082 , 2.3093023 , 0.0072055804
0.22337079 , 0.144708 , 0.069330424
0.41155046 , -1.9822963 , 0.02644869
0.62480706 , -4.3691893 , 0.0046994793
0.83245456 , -6.7613254 , -0.0054309615
0.84710777 , -7.0391717 , 0.17694035
0.6101028 , -4.666768 , 0.19685972
0.35349232 , -2.2752585 , 0.21017867
0.11414605 , -0.10334787 , 0.21645913
0.301829 , -0.7533027 , 0.047826335
0.5051653 , -3.0299695 , 0.015897369
0.7188303 , -5.438343 , -0.0005470262
0.9101538 , -7.7534575 , -0.0049145743
1.0424473 , -9.071812 , 0.1603867
1.0337595 , -8.991778 , 0.16020484
0.9207948 , -8.218468 , -0.10815996
0.9956809 , -8.654002 , 0.15387246
0.98470074 , -8.565355 , 0.15919912
0.94991034 , -8.368248 , 0.08358978
0.9277583 , -8.090797 , 0.063578345
0.9768949 , -8.654445 , -0.014539217
0.98534095 , -8.746327 , -0.009524805
0.92575115 , -8.220719 , 0.049471457
1.0154479 , -9.09931 , -0.010057204
1.0227239 , -9.191154 , -0.010091574
0.9463046 , -8.356441 , 0.076849826
1.0673909 , -9.549116 , 0.07586281
1.0778171 , -9.46638 , 0.16256315
0.9277177 , -8.088716 , 0.07742612
1.0439174 , -9.116872 , 0.16321985
1.0351171 , -9.032261 , 0.16368234
0.93065643 , -8.225298 , 0.077174544
0.99687016 , -8.68168 , 0.16330464
0.9864841 , -8.597046 , 0.16363034
0.94825894 , -8.366524 , 0.07854623
0.92828035 , -8.089835 , 0.07982822
0.9784582 , -8.688317 , -0.007877451
1.0942013 , -9.887208 , 0.022493152
1.0848808 , -9.938873 , -0.020530034
1.1224624 , -10.264484 , -0.015710212
0.9845635 , -8.638226 , -0.0023138167
0.9753253 , -8.580528 , -0.02394515
0.9551755 , -8.458173 , -0.0074574826
1.1391004 , -10.219316 , 0.22060783
1.1082618 , -9.87737 , 0.18415266
0.97054106 , -8.477088 , 0.17547186
0.9831211 , -8.590065 , 0.2016931
0.9886523 , -8.643235 , 0.26525617
0.97847193 , -8.579431 , -0.018050842
0.9661551 , -8.50719 , -0.019037139
0.9652422 , -8.434316 , 0.1732546
0.9789691 , -8.546679 , 0.19873913
0.98416245 , -8.5968895 , 0.2579908
0.97565097 , -8.541915 , -0.015751917
0.9647848 , -8.4807005 , -0.020420289
0.959337 , -8.392464 , 0.17061053
0.97487044 , -8.503906 , 0.1960285
0.9797803 , -8.551377 , 0.2511732
0.97267973 , -8.503288 , -0.0130529255
0.96325445 , -8.452621 , -0.021636033
0.9521892 , -8.351729 , 0.16733782
0.9708192 , -8.461754 , 0.19354329
0.97549933 , -8.50666 , 0.24478236
0.96956325 , -8.463613 , -0.009941311
0.96155596 , -8.422979 , -0.022652304
0.93981725 , -8.317948 , -0.0051025134
0.96680975 , -8.420211 , 0.19126423
0.97131515 , -8.462733 , 0.2387953
0.9663058 , -8.422931 , -0.0064032935
0.9596855 , -8.391826 , -0.02344042
0.939639 , -8.2990265 , -0.0057197106
0.9628382 , -8.379286 , 0.18916996
0.40786442 , -6.577769 , 0.20001893
0.53277147 , -4.172632 , 0.20375122
0.66208243 , -1.6635414 , 0.2072718
0.8002309 , 0.85168 , 0.20201203
0.43858993 , -5.9824443 , 0.19621512
0.5640745 , -3.5652325 , 0.20035261
0.6955914 , -1.0523379 , 0.20258372
0.8325933 , 1.4113901 , 0.19400956
0.46949038 , -5.3881054 , 0.19248931
0.59581155 , -2.9583204 , 0.1967421
0.7295052 , -0.4520185 , 0.19715284
0.37691692 , -7.1411276 , 0.18604426
0.50045943 , -4.79444 , 0.18881287
0.6280265 , -2.3536887 , 0.19277707
0.7635098 , 0.13320923 , 0.19093399
0.40659967 , -6.5543118 , 0.18176684
0.53156286 , -4.201369 , 0.18512934
0.66069615 , -1.7539699 , 0.1883234
0.79695356 , 0.69942975 , 0.18391927
0.4374956 , -5.9702544 , 0.17757209
0.56288564 , -3.6092498 , 0.18134324
0.6937183 , -1.1624259 , 0.18328418
0.82838434 , 1.2433419 , 0.17614779
0.46855152 , -5.3886127 , 0.17345078
0.59448975 , -3.0191166 , 0.17732637
0.72690517 , -0.5825855 , 0.17761074
0.3766849 , -7.103179 , 0.16714025
0.49958277 , -4.8090835 , 0.16938567
0.62639266 , -2.432812 , 0.17294285
0.75994104 , -0.017860843 , 0.17129211
0.40624282 , -6.5275536 , 0.16246697
0.53062147 , -4.2315297 , 0.16532214
0.6585508 , -1.8529156 , 0.1680826
0.7922168 , 0.52875185 , 0.16433822
0.43717736 , -5.956041 , 0.15786201
0.56173253 , -3.6562555 , 0.16115622
0.69085336 , -1.2824581 , 0.1626858
0.82252777 , 1.0548896 , 0.15678376
0.46823493 , -5.3884277 , 0.15333284
0.5929616 , -3.0842834 , 0.15675019
0.72311485 , -0.72451717 , 0.15674661
0.37733075 , -7.063085 , 0.14731745
0.49915236 , -4.8243656 , 0.14888011
0.62431026 , -2.5174677 , 0.15196875
0.75503045 , -0.18182941 , 0.1502965
0.40670946 , -6.499468 , 0.14221257
0.5299285 , -4.26357 , 0.14445186
0.6557225 , -1.9583567 , 0.1467156
0.7860314 , 0.34347692 , 0.14337748
0.4375767 , -5.941446 , 0.13717102
0.5606159 , -3.7062066 , 0.13993213
0.6870839 , -1.4098443 , 0.14095683
0.81506556 , 0.85001993 , 0.13603303
0.4684912 , -5.3888907 , 0.13222735
0.69665086 , -1.3880148 , 0.051779583
0.79974306 , 0.51434946 , 0.048569422
0.5034183 , -4.891413 , 0.046112087
0.6130084 , -2.9031317 , 0.047919758
0.72133714 , -0.9501241 , 0.04433933
0.4177196 , -6.3776298 , 0.041375976
0.53082514 , -4.410394 , 0.04067476
0.6391284 , -2.436552 , 0.041533656
0.7445361 , -0.53111124 , 0.036904115
0.4481379 , -5.883659 , 0.033810668
0.557549 , -3.9349763 , 0.03521625
0.66440564 , -1.983805 , 0.034725185
0.76574755 , -0.12931462 , 0.029959261
0.47683024 , -5.4036145 , 0.02722393
0.5836856 , -3.466296 , 0.029543899
0.688595 , -1.5474435 , 0.027535528
0.7841054 , 0.2606446 , 0.024133645
0.5041181 , -4.932501 , 0.021445107
0.6092002 , -3.0064476 , 0.023558099
0.7113991 , -1.1295094 , 0.020059
0.42000568 , -6.3861747 , 0.016883543
0.53041184 , -4.4673247 , 0.016001686
0.63395846 , -2.557952 , 0.017217023
0.7324568 , -0.7311042 , 0.012487409
0.45063832 , -5.904909 , 0.008581206
0.55598605 , -4.007826 , 0.0105652865
0.65775406 , -2.1233904 , 0.010519087
0.7513216 , -0.3515056 , 0.0052554426
0.4784806 , -5.4394107 , 0.0018916854
0.58092296 , -3.5553765 , 0.004974513
0.68032086 , -1.705118 , 0.0034962995
0.76736283 , 0.013926492 , -0.00070607185
0.5046269 , -4.9824805 , -0.0037617807
0.605165 , -3.1121008 , -0.0008526498
0.7013257 , -1.305006 , -0.0037859466
0.42203096 , -6.411528 , -0.00884277
0.52976805 , -4.531249 , -0.009025711
0.6285624 , -2.6803963 , -0.006960817
0.72033846 , -0.92419565 , -0.011221062
0.4530502 , -5.941565 , -0.017830268
0.5541884 , -4.08599 , -0.014185564
0.65089965 , -2.2626245 , -0.013369411
0.73679656 , -0.56277925 , -0.018604849
0.4798231 , -5.488213 , -0.024190726
0.57792944 , -3.6482666 , -0.019388517
0.671904 , -1.8608563 , -0.020073354
0.7500113 , -0.21872501 , -0.025265422
0.50479 , -5.042556 , -0.02929849
0.6009061 , -3.2201476 , -0.024750322
0.69123375 , -1.4766341 , -0.027040163
0.4239106 , -6.4589944 , -0.037062958
0.52881634 , -4.6028566 , -0.033790763
0.6229558 , -2.8038316 , -0.030378094
0.7084369 , -1.1107346 , -0.034207653
0.60166526 , -3.7442257 , 0.08469699
0.7373605 , -1.156321 , 0.07911324
0.39086494 , -8.1371 , 0.08683974
0.50846165 , -5.6455274 , 0.08318875
0.6329268 , -3.108128 , 0.08055635
0.7709176 , -0.48292643 , 0.07564823
0.42017478 , -7.532533 , 0.08298316
0.5379431 , -5.0220623 , 0.079958975
0.6644611 , -2.4605846 , 0.07605402
0.80522627 , 0.18756129 , 0.0739249
0.44968772 , -6.919837 , 0.07916978
0.5676493 , -4.39373 , 0.07647052
0.69615394 , -1.8012055 , 0.071485244
0.8411654 , 0.8416366 , 0.07415231
0.4786157 , -6.300978 , 0.07552305
0.5976098 , -3.7589517 , 0.07261587
0.72789186 , -1.132325 , 0.06734838
0.8762882 , 1.466428 , 0.07591311
0.5072853 , -5.6773853 , 0.07197759
0.6277937 , -3.1159825 , 0.06839868
0.759742 , -0.45999956 , 0.06425345
0.42106846 , -7.559504 , 0.07195416
0.53595996 , -5.04956 , 0.06838899
0.6581129 , -2.463698 , 0.063956976
0.7921626 , 0.20621714 , 0.062669486
0.44976354 , -6.9443407 , 0.06817438
0.5647688 , -4.417076 , 0.06461707
0.68844044 , -1.8025336 , 0.059588302
0.82574826 , 0.8551039 , 0.06268425
0.47814018 , -6.324439 , 0.06436833
0.59373987 , -3.778906 , 0.06058176
0.7186878 , -1.1354384 , 0.055731095
0.8586415 , 1.476117 , 0.06398929
0.5061898 , -5.7003813 , 0.060553648
0.62282646 , -3.1339734 , 0.05630092
0.74894935 , -0.46835363 , 0.05285147
0.42213693 , -7.569998 , 0.06040414
0.53411597 , -5.072367 , 0.056673806
0.65192556 , -2.4818816 , 0.051917214
0.7796095 , 0.19032809 , 0.051260225
0.4498677 , -6.9549036 , 0.05665359
0.5620523 , -4.4401217 , 0.052654125
0.6809143 , -1.8237252 , 0.047704253
0.81106156 , 0.8312394 , 0.050987013
0.4776807 , -6.336693 , 0.052751247
0.5900351 , -3.8030596 , 0.04845425
0.7097278 , -1.1627611 , 0.044024635
0.841902 , 1.4456258 , 0.051797938
0.5051502 , -5.7153125 , 0.048750155
0.61801857 , -3.1607056 , 0.044110566
0.73846656 , -0.5045576 , 0.041224413
0.42341268 , -7.5659227 , 0.048305646
0.5323705 , -5.0906577 , 0.044649143
0.64590156 , -2.5132928 , 0.039762232
0.5517281 , -4.3860717 , -0.05325873
0.6379513 , -2.1582904 , -0.05500203
0.71936196 , 0.060281087 , -0.05297819
0.4832875 , -6.014264 , -0.0563342
0.57264805 , -3.847234 , -0.058116466
0.65672433 , -1.630811 , -0.05876268
0.7352384 , 0.5473941 , -0.05637809
0.5059104 , -5.4770107 , -0.06075869
0.59290063 , -3.3134503 , -0.06285313
0.67448497 , -1.1172608 , -0.062249877
0.7494464 , 1.0177428 , -0.06006845
0.527553 , -4.946273 , -0.06543001
0.61241436 , -2.786427 , -0.06732522
0.6911364 , -0.619714 , -0.065619625
0.45846704 , -6.5327153 , -0.07008034
0.5483714 , -4.4210134 , -0.07030566
0.63107234 , -2.2686367 , -0.07144553
0.7065409 , -0.13913068 , -0.06909289
0.48160118 , -6.0021467 , -0.07421617
0.5684825 , -3.9007654 , -0.075227946
0.64874136 , -1.7629111 , -0.07520114
0.72041184 , 0.3249426 , -0.07290591
0.50364363 , -5.480829 , -0.0785568
0.5878874 , -3.3861575 , -0.08000778
0.6652814 , -1.2719588 , -0.07866451
0.7324792 , 0.77435213 , -0.0772479
0.52459794 , -4.9673514 , -0.083236024
0.6065032 , -2.8789146 , -0.08449442
0.6805351 , -0.7978237 , -0.0820071
0.45613968 , -6.5123415 , -0.08913072
0.544706 , -4.4600472 , -0.08816905
0.6242075 , -2.381527 , -0.088602655
0.69429314 , -0.3412733 , -0.08550685
0.47923496 , -5.995584 , -0.09302971
0.5640855 , -3.9581454 , -0.093137905
0.6408616 , -1.8968217 , -0.09231723
0.70624113 , 0.09879895 , -0.089514166
0.5007892 , -5.4902625 , -0.09724651
0.5827149 , -3.4622574 , -0.09792543
0.6563099 , -1.4275271 , -0.09569799
0.71608615 , 0.52563995 , -0.094345525
0.52114993 , -4.9939456 , -0.10193328
0.60049963 , -2.9741666 , -0.10238196
0.6703565 , -0.9757914 , -0.0988995
0.4525417 , -6.500526 , -0.109357
0.54065835 , -4.5041585 , -0.106910035
0.6173183 , -2.4963698 , -0.106430285
0.68271625 , -0.54255205 , -0.102211446
0.47594267 , -5.9970164 , -0.112898014
0.5594081 , -4.0199137 , -0.11187792
0.6330383 , -2.0316436 , -0.11005667
0.6929698 , -0.12663327 , -0.1060945
0.49716207 , -5.5073957 , -0.11695979
0.57734674 , -3.5419254 , -0.11660264
0.6475105 , -1.5826684 , -0.11330775
0.70067173 , 0.27622983 , -0.11110852
0.517094 , -5.0276256 , -0.12165354
0.59437287 , -3.0720706 , -0.1209478
0.66053766 , -1.1516628 , -0.11630158
0.44718942 , -6.5004363 , -0.13102297
0.53616303 , -4.554359 , -0.1266209
0.6103741 , -2.6128266 , -0.12485194
0.6718054 , -0.7399034 , -0.119272105
0.47141677 , -6.0092287 , -0.13404657
0.5544092 , -4.0866327 , -0.13148144
0.6252331 , -2.1668575 , -0.1283109
0.68078226 , -0.34684578 , -0.12267934
0.49256268 , -5.534564 , -0.13793841
0.5717532 , -3.6253943 , -0.13601048
0.6388206 , -1.736693 , -0.1313705
0.68672204 , 0.031572316 , -0.12734078
0.5123327 , -5.0700183 , -0.14259888
0.5880998 , -3.1726143 , -0.14010037
0.6509688 , -1.3244479 , -0.13412616
0.4393557 , -6.5158052 , -0.15462679
0.53117234 , -4.6116395 , -0.14739338
0.6033544 , -2.7307038 , -0.14371638
0.6614065 , -0.93153226 , -0.13673493
0.46527082 , -6.0355425 , -0.15689634
0.54905957 , -4.158868 , -0.15191244
0.6174218 , -2.3021536 , -0.14687851
0.669619 , -0.5582021 , -0.13948612
0.48681474 , -5.574358 , -0.16060415
0.56591433 , -3.7129438 , -0.1559832
0.6301989 , -1.8892535 , -0.14965443
0.67462087 , -0.20223473 , -0.1431035
0.50681746 , -5.122683 , -0.16498415
0.5816645 , -3.275872 , -0.15955378
0.6415565 , -1.4938484 , -0.15215461
0.6747939 , 0.14517137 , -0.14934433
0.5256723 , -4.6769066 , -0.16913286
0.59624314 , -2.8499317 , -0.16264817
0.651299 , -1.1171049 , -0.15452448
0.45704716 , -6.080286 , -0.18237102
0.5433544 , -4.2371526 , -0.17275296
0.6095837 , -2.4373784 , -0.1653492
0.6590727 , -0.7593098 , -0.1569253
0.4798755 , -5.6294394 , -0.18559094
0.55982447 , -3.8048573 , -0.17581204
0.6216128 , -2.0402021 , -0.16778782
0.6641208 , -0.4197245 , -0.1595268
0.5006108 , -5.1869383 , -0.18848008
0.5750555 , -3.381939 , -0.1784144
0.63223964 , -1.6598861 , -0.17015202
0.66428965 , -0.095412694 , -0.16321194
0.5197101 , -4.750932 , -0.19047453
0.58901215 , -2.9704926 , -0.18066533
0.6413273 , -1.297159 , -0.17270409
0.36424094 , -8.106287 , 0.22870354
0.37545788 , -8.169408 , 0.17356084
0.39549208 , -7.443602 , 0.08499174
0.41861305 , -6.7019763 , -0.039017804
0.36495873 , -8.2751255 , 0.21815556
0.3777971 , -8.068054 , 0.15555702
0.4006766 , -7.270765 , 0.058375802
0.4188095 , -6.6223555 , -0.07481549
0.3667335 , -8.355513 , 0.20606683
0.3810426 , -7.9327254 , 0.1355511
0.4056999 , -7.105416 , 0.029789155
0.41576925 , -6.5912685 , -0.116061345
0.3684549 , -8.365743 , 0.1921233
0.3851653 , -7.7734375 , 0.11345943
0.4098934 , -6.956621 , -0.0007233288
0.350465 , -8.183405 , 0.22949381
0.37035352 , -8.3182 , 0.176346
0.38998678 , -7.6003327 , 0.0892597
0.41233966 , -6.833409 , -0.033293955
0.35689682 , -8.37711 , 0.2198775
0.37280187 , -8.2234125 , 0.15868326
0.39517346 , -7.423496 , 0.062994495
0.41162783 , -6.7455573 , -0.068546005
0.3611497 , -8.476582 , 0.20809124
0.3760372 , -8.091543 , 0.13903287
0.4002336 , -7.2527394 , 0.03474574
0.40525192 , -6.70543 , -0.108610265
0.36375657 , -8.501671 , 0.19450429
0.3801152 , -7.9329257 , 0.11730601
0.40449595 , -7.0975075 , 0.0045720437
0.34547898 , -8.250066 , 0.22424915
0.36592445 , -8.465189 , 0.17906743
0.3849091 , -7.7580953 , 0.09347028
0.40702203 , -6.9670916 , -0.02761582
0.35141814 , -8.472162 , 0.22149155
0.36838993 , -8.377912 , 0.16174847
0.39011922 , -7.5775824 , 0.067559175
0.4062861 , -6.8714213 , -0.062325362
0.3572249 , -8.592789 , 0.2100272
0.37154877 , -8.250266 , 0.14245415
0.39528212 , -7.401666 , 0.03965149
0.39846364 , -6.8230157 , -0.10126972
0.36018103 , -8.634289 , 0.19681793
0.37553954 , -8.092922 , 0.12109276
0.39977008 , -7.240223 , 0.009816284
0.34223804 , -8.304 , 0.2321913
0.36232698 , -8.610114 , 0.18172911
0.3802861 , -7.916824 , 0.097622715
0.4027633 , -7.1028595 , -0.021998601
0.3510015 , -8.559342 , 0.22282663
0.36464283 , -8.531364 , 0.16475542
0.38552552 , -7.7329674 , 0.07206823
0.40319124 , -6.999678 , -0.05620321
0.355549 , -8.703562 , 0.21190879
0.367624 , -8.408761 , 0.14581642
0.39083138 , -7.5521283 , 0.044503246
0.40005448 , -6.9433274 , -0.09421895
0.35791147 , -8.763202 , 0.19907635
0.37146518 , -8.253333 , 0.124820165
0.39563787 , -7.3846645 , 0.015004041
0.39811295 , -7.050491 , -0.1466449
0.3645911 , -9.980707 , 0.21586882
0.35629785 , -9.963308 , 0.15281466
0.37524837 , -8.97802 , 0.054827213
0.38522512 , -8.268316 , -0.08025398
0.4186252 , -8.66161 , 0.3041912
0.40039554 , -8.547416 , 0.30372217
0.420547 , -9.419993 , 0.30444485
0.4086333 , -9.288567 , 0.3024038
0.39564484 , -9.130482 , 0.30145982
0.3821487 , -8.941134 , 0.30165648
0.39828703 , -9.895135 , 0.3011267
0.3855108 , -9.695982 , 0.29903632
0.374123 , -9.471171 , 0.29701358
0.36442512 , -9.221876 , 0.29495642
0.3572431 , -8.950616 , 0.29262447
0.36385256 , -9.983267 , 0.29137683
0.3547785 , -9.702258 , 0.28735033
0.34813622 , -9.405239 , 0.28308854
0.34410122 , -9.094745 , 0.27853927
0.3433917 , -8.773335 , 0.2736661
0.3386997 , -9.830322 , 0.27189112
0.33467114 , -9.498332 , 0.26588678
0.33312532 , -9.159707 , 0.25963986
0.33430415 , -8.816232 , 0.2531456
0.32748035 , -9.864851 , 0.25105813
0.32558146 , -9.51062 , 0.24368277
0.32596168 , -9.155001 , 0.2360984
0.32869095 , -8.799169 , 0.22830696
0.33397213 , -8.44415 , 0.22031109
0.32197222 , -9.457262 , 0.21705635
0.32367435 , -9.094987 , 0.20838799
0.32745495 , -8.735896 , 0.19954243
0.33336207 , -8.380562 , 0.19052176
0.34151438 , -8.029463 , 0.18131402
0.32667717 , -8.998791 , 0.17713362
0.33090675 , -8.6444845 , 0.16746533
0.33700007 , -8.29579 , 0.15764406
0.3448942 , -7.9528527 , 0.14764233
0.33482036 , -8.8896675 , 0.1430684
0.33871767 , -8.546931 , 0.13283236
0.34446082 , -8.210498 , 0.1224508
0.35178623 , -7.8802357 , 0.11186398
0.36043954 , -7.556259 , 0.10097612
0.34986252 , -8.468731 , 0.09642141
0.35453898 , -8.148599 , 0.08568829
0.36108023 , -7.8339057 , 0.074662454
0.3687926 , -7.5249276 , 0.06318926
0.3768826 , -7.222554 , 0.051109426
0.36477238 , -8.135108 , 0.047341067
0.37037575 , -7.8378515 , 0.03565237
0.37796736 , -7.545795 , 0.023402018
0.3858846 , -7.260024 , 0.010516233
0.3705134 , -8.183736 , 0.004136204
0.37467936 , -7.907099 , -0.010280039
0.38270018 , -7.6397734 , -0.025213823
0.3919805 , -7.3822403 , -0.040495664
0.30150226 , -8.461064 , 0.16491055
0.3044682 , -9.317567 , 0.15911137
0.31093034 , -9.213424 , 0.1546846
0.317782 , -9.089085 , 0.1498264
0.3247194 , -8.936297 , 0.14322636
0.330495 , -8.749172 , 0.13513103
0.32742816 , -9.691221 , 0.13411726
0.33471638 , -9.498307 , 0.12814501
0.34195322 , -9.278315 , 0.12153541
0.34874582 , -9.032336 , 0.11463861
0.34421867 , -10.045411 , 0.11157337
0.35001183 , -9.789315 , 0.10583176
0.356071 , -9.513626 , 0.099864036
0.36221594 , -9.22082 , 0.09377768
0.36907133 , -8.913657 , 0.08769469
0.3648747 , -9.968719 , 0.08427784
0.36919615 , -9.65039 , 0.07866863
0.37406352 , -9.322594 , 0.07290094
0.379789 , -8.987384 , 0.06700888
0.3870608 , -8.646668 , 0.06100553
0.38192996 , -9.696672 , 0.057636548
0.38526508 , -9.345952 , 0.05171505
0.3896313 , -8.993177 , 0.045581598
0.39537254 , -8.6396055 , 0.039238866
0.39420697 , -9.666421 , 0.035905104
0.39591622 , -9.30412 , 0.029476676
0.3987723 , -8.943759 , 0.022779481
0.40298662 , -8.586094 , 0.015818384
0.40879554 , -8.231763 , 0.00859754
0.40566865 , -9.215509 , 0.0054198564
0.40684718 , -8.856518 , -0.0020756496
0.4094775 , -8.502594 , -0.009860246
0.41362152 , -8.153988 , -0.017913211
0.41938993 , -7.8109374 , -0.026209796
0.41301826 , -8.753024 , -0.029578205
0.41395158 , -8.409446 , -0.038365018
0.41653752 , -8.072058 , -0.04739829
0.42056534 , -7.740872 , -0.056614045
0.41601622 , -8.65861 , -0.060280748
0.41501743 , -8.33053 , -0.07027128
0.41612762 , -8.008286 , -0.080470815
0.41882238 , -7.6918187 , -0.09074305
0.4223399 , -7.381601 , -0.10097784
0.4112741 , -8.291963 , -0.10615912
0.41065004 , -7.987211 , -0.117750086
0.41219547 , -7.6872272 , -0.12936299
0.41454598 , -7.392945 , -0.14091091
0.41578826 , -7.105663 , -0.15234813
0.39997017 , -8.0281315 , -0.15910372
0.39959076 , -7.7485623 , -0.17242022
0.4002436 , -7.476733 , -0.18669559
0.40029186 , -7.2121263 , -0.20258549
0.38772085 , -8.116106 , -0.20423836
0.74358416 , -0.07706384 , 0.31925982
0.75464994 , 0.13079366 , 0.30799973
0.73251235 , 1.4908441 , 0.33148485
0.7437921 , 1.6185858 , 0.32285875
0.7557395 , 1.7302787 , 0.31379622
0.76688284 , 1.8261231 , 0.30562416
0.7771242 , 1.9064571 , 0.29830676
0.7861856 , 1.971773 , 0.2920292
0.79442793 , 2.022586 , 0.2863066
0.80191505 , 2.05943 , 0.28104165
0.8088012 , 2.0828493 , 0.27595592
0.8151177 , 2.0933807 , 0.2710139
0.8208613 , 2.091522 , 0.26608428
0.8259932 , 2.0777035 , 0.26118454
0.83543044 , 3.3056674 , 0.26818433
0.8403755 , 3.2424643 , 0.26116532
0.84500617 , 3.1702566 , 0.25397095
0.849269 , 3.0895815 , 0.24657817
0.8531369 , 3.0009167 , 0.23900151
0.8566081 , 2.9047039 , 0.2312108
0.85968167 , 2.8013601 , 0.22320977
0.8623607 , 2.6912856 , 0.21498345
0.8646435 , 2.5748641 , 0.20653912
0.8665211 , 2.452463 , 0.19788122
0.8679757 , 2.3244252 , 0.18902673
0.86896586 , 2.1910625 , 0.18000366
0.86724365 , 3.17217 , 0.17126141
0.8666414 , 3.0008855 , 0.16058321
0.86557436 , 2.8271248 , 0.14975576
0.86403763 , 2.6512828 , 0.13877854
0.8620271 , 2.4737036 , 0.1277022
0.85956424 , 2.2947016 , 0.11650986
0.856637 , 2.1145728 , 0.10527533
0.8532698 , 1.9335976 , 0.09397426
0.8494375 , 1.7520491 , 0.08270528
0.8451427 , 1.5701938 , 0.07145584
0.8403908 , 1.3882987 , 0.06031176
0.83518803 , 1.2066388 , 0.049242783
0.81973004 , 1.9276849 , 0.028299611
0.81409574 , 1.7298142 , 0.016851235
0.8072999 , 1.5347443 , 0.0053103897
0.8006965 , 1.3423232 , -0.005277235
0.79304546 , 1.1525855 , -0.016081607
0.7854001 , 0.9658085 , -0.025705855
0.77648145 , 0.7829951 , -0.03469751
1.0037333 , 0.16228174 , 0.15947847
1.000245 , 0.3507971 , 0.15471013
0.99626297 , 0.5253003 , 0.14873256
0.98851055 , 0.6806751 , 0.14466965
0.9797478 , 0.81475043 , 0.14030118
0.95034784 , 2.1485293 , 0.09451451
0.9456694 , 2.2225869 , 0.09042829
0.94034433 , 2.2817962 , 0.08715958
0.9342897 , 2.3268929 , 0.08482293
0.9279453 , 2.3584735 , 0.08265917
0.9214147 , 2.3770733 , 0.08071677
0.9147786 , 2.383208 , 0.078688785
0.9081223 , 2.3773804 , 0.07659317
0.90143734 , 2.3600793 , 0.07425484
0.8947529 , 2.3317685 , 0.07165542
0.8879892 , 2.2928746 , 0.068656854
0.8810508 , 2.2437704 , 0.06519044
0.8752295 , 3.42049 , 0.028478056
0.8677918 , 3.3241265 , 0.025649127
0.8606123 , 3.2203946 , 0.022664247
0.8536198 , 3.1097958 , 0.01939533
0.8467673 , 2.9927783 , 0.015782302
0.8400251 , 2.8697546 , 0.011778401
0.8333632 , 2.741114 , 0.007363544
0.82675177 , 2.6072295 , 0.0025260567
0.82015336 , 2.4684587 , -0.0027446088
0.8135154 , 2.3251445 , -0.008447849
0.80677205 , 2.1776094 , -0.0146067515
0.79981554 , 2.0261545 , -0.021233585
0.7864212 , 2.9407775 , -0.051621716
0.7781063 , 2.7555885 , -0.057842337
0.77021027 , 2.569369 , -0.06428849
0.7626086 , 2.3824618 , -0.071069196
0.7552308 , 2.195172 , -0.0781483
0.7479959 , 2.0077744 , -0.08559169
0.74085826 , 1.8205205 , -0.0932916
0.73370385 , 1.6336445 , -0.10127405
0.7265001 , 1.4473704 , -0.10937469
0.7191002 , 1.2619308 , -0.11759771
0.7115486 , 1.0775733 , -0.12577122
0.7038863 , 0.8946167 , -0.13406102
0.6902089 , 1.5711832 , -0.15279375
0.682963 , 1.3778208 , -0.16071545
0.6756706 , 1.1870147 , -0.16868776
0.669159 , 0.99918205 , -0.17686298
0.84379226 , 1.4765673 , 0.22728859
0.49143034 , -4.140927 , 0.1354263
0.5881763 , -4.6323533 , 0.12571725
0.6967534 , -5.355257 , 0.117226
0.42643726 , -3.8177972 , 0.1376334
0.51258796 , -4.194808 , 0.13005152
0.6137753 , -4.7865033 , 0.12001897
0.727136 , -5.598888 , 0.112698786
0.44214296 , -3.820137 , 0.13315098
0.53515804 , -4.2812424 , 0.12445204
0.64092267 , -4.9741035 , 0.114568956
0.7586981 , -5.8683214 , 0.10859101
0.46078292 , -3.8484392 , 0.12837942
0.5591638 , -4.401641 , 0.11873265
0.66961735 , -5.1932955 , 0.10946441
0.7904351 , -6.1615343 , 0.104924
0.481428 , -3.9051642 , 0.123294935
0.58466244 , -4.5565505 , 0.11303548
0.699816 , -5.4417973 , 0.10475619
0.41293898 , -3.4691713 , 0.12612483
0.5037221 , -3.9927323 , 0.11791525
0.61170506 , -4.7455096 , 0.10750776
0.73140883 , -5.717203 , 0.10046422
0.42904404 , -3.5034583 , 0.12177076
0.5275542 , -4.113199 , 0.112320684
0.6403071 , -4.967133 , 0.10227154
0.76407325 , -6.017157 , 0.09660267
0.44838393 , -3.5634131 , 0.11705764
0.5529218 , -4.267869 , 0.106647775
0.67043954 , -5.2193637 , 0.097407825
0.79689085 , -6.3394246 , 0.0931896
0.46999428 , -3.6518989 , 0.1119802
0.5798625 , -4.457004 , 0.101058275
0.7020295 , -5.4997716 , 0.09295997
0.8280632 , -6.6819935 , 0.09020788
0.4934271 , -3.7716417 , 0.106580906
0.608404 , -4.6797805 , 0.0956999
0.73493326 , -5.805788 , 0.08894978
0.41448125 , -3.1741395 , 0.11134081
0.5185248 , -3.9248188 , 0.10097596
0.6385325 , -4.93448 , 0.090680696
0.76880264 , -6.134838 , 0.08539293
0.43452862 , -3.2637768 , 0.106672004
0.545268 , -4.1126075 , 0.09533978
0.6701858 , -5.218791 , 0.0860669
0.80277216 , -6.4844346 , 0.08230057
0.45709243 , -3.3822489 , 0.101576835
0.57368225 , -4.3349276 , 0.08985566
0.7032546 , -5.53008 , 0.08189581
0.8352881 , -6.852333 , 0.07964923
0.48164868 , -3.5326483 , 0.09612696
0.6037731 , -4.590524 , 0.0846687
0.73755544 , -5.865561 , 0.078191824
0.3984611 , -2.8335543 , 0.10199008
0.5080023 , -3.7172832 , 0.09048569
0.7982442 , -6.4331446 , 0.012068153
0.28130183 , -0.56622136 , 0.07996585
0.45254865 , -2.5154514 , 0.039679177
0.64989966 , -4.7229943 , 0.018397126
0.8429672 , -6.9611993 , 0.008042136
0.31232145 , -0.92410153 , 0.06869471
0.49659997 , -2.995157 , 0.032125577
0.69736 , -5.250958 , 0.012959884
0.88490343 , -7.4865127 , 0.004080123
0.34899956 , -1.3314279 , 0.057239372
0.54251575 , -3.4971666 , 0.024767572
0.7450607 , -5.7875333 , 0.0077236798
0.31468096 , -7.4483614 , 0.16214274
0.47889978 , -5.6944237 , 0.15752074
0.628379 , -4.0329256 , 0.16469799
0.79960454 , -2.540643 , 0.1733774
0.35950586 , -6.9878983 , 0.15949078
0.5134615 , -5.2750626 , 0.15966962
0.6662326 , -3.6995654 , 0.16745494
0.8496042 , -2.3058612 , 0.1774184
0.39768893 , -6.535471 , 0.15826605
0.5484834 , -4.8854747 , 0.16201323
0.7058835 , -3.3995357 , 0.17033
0.90607303 , -2.117229 , 0.18132547
0.43375272 , -6.1006455 , 0.15862663
0.5842864 , -4.526874 , 0.16447516
0.7477895 , -3.1355534 , 0.1734413
0.9759106 , -1.9542583 , 0.17898722
0.46906108 , -5.6899753 , 0.15989393
0.62115395 , -4.2006106 , 0.1670497
0.79252785 , -2.9112592 , 0.17696044
0.3487355 , -6.826531 , 0.16229801
0.5043133 , -5.3071423 , 0.16166505
0.6593678 , -3.9083815 , 0.16977246
0.840711 , -2.730288 , 0.18074888
0.38668516 , -6.4173565 , 0.16127242
0.7926974 , -3.0673935 , 0.17859182
0.34700844 , -6.7068753 , 0.16298108
0.50265664 , -5.2848864 , 0.16257806
0.65912634 , -3.9812884 , 0.17083421
0.8403437 , -2.9133344 , 0.18203881
0.38454166 , -6.318605 , 0.16226342
0.53863376 , -4.953333 , 0.16456033
0.69922876 , -3.7493773 , 0.17384692
0.8920108 , -2.7950494 , 0.18333876
0.4208937 , -5.948354 , 0.16209042
0.57533056 , -4.6543303 , 0.16682984
0.7411826 , -3.557526 , 0.17714994
0.9522509 , -2.689936 , 0.18057825
0.4569246 , -5.600413 , 0.16267738
0.61301386 , -4.389971 , 0.16936286
0.78518903 , -3.407778 , 0.18058261
0.33705962 , -6.5071926 , 0.16385166
0.49305555 , -5.2790074 , 0.16391036
0.6519176 , -4.1624374 , 0.1721677
0.83145994 , -3.298762 , 0.18335292
0.37410232 , -6.158385 , 0.16366698
0.5296136 , -4.987558 , 0.16564168
0.6922424 , -3.9740129 , 0.17525105
0.8811013 , -3.220944 , 0.18401404
0.41034076 , -5.8301964 , 0.16359721
0.56687564 , -4.728895 , 0.16777581
0.734133 , -3.8267236 , 0.17854069
0.9373491 , -3.1576061 , 0.18215431
0.44657603 , -5.524701 , 0.1639929
0.60507584 , -4.505563 , 0.17026372
0.77766716 , -3.7211168 , 0.18170106
0.32708523 , -6.2822876 , 0.16414078
0.48312238 , -5.245233 , 0.164964
0.64440495 , -4.319961 , 0.17307529
0.8230747 , -3.6537647 , 0.18395689
0.36357695 , -5.971924 , 0.16429467
0.520201 , -4.995243 , 0.16648008
0.29526854 , -4.399508 , 0.16272502
0.45962772 , -4.508955 , 0.1680957
0.64168286 , -4.8166323 , 0.1771448
0.8343202 , -5.3484845 , 0.18464237
0.33020326 , -4.3450594 , 0.1634919
0.50073737 , -4.5373363 , 0.17016318
0.6866228 , -4.94761 , 0.17939876
0.8828063 , -5.5642295 , 0.18593284
0.36715472 , -4.317548 , 0.16465764
0.5431877 , -4.599878 , 0.17247097
0.7325103 , -5.111554 , 0.18138382
0.93049467 , -5.8050876 , 0.18724981
0.40574393 , -4.318875 , 0.1662092
0.58687 , -4.6974573 , 0.17489117
0.7793776 , -5.306115 , 0.18307547
0.28030396 , -4.0811305 , 0.16230552
0.44591457 , -4.3510504 , 0.16812177
0.63165367 , -4.829982 , 0.17727208
0.82721364 , -5.5289335 , 0.18452811
0.3148084 , -4.061637 , 0.1631437
0.48763192 , -4.415943 , 0.17033619
0.6774215 , -4.9963512 , 0.17947745
0.87565273 , -5.777904 , 0.1858429
0.35175437 , -4.0688124 , 0.16443953
0.5308112 , -4.514939 , 0.1727485
0.72409534 , -5.1946826 , 0.18142341
0.9232315 , -6.051205 , 0.18713766
0.39062017 , -4.1048555 , 0.16616623
0.5753143 , -4.6486177 , 0.17522024
0.77162224 , -5.4226923 , 0.18309434
0.26447082 , -3.7488768 , 0.16195765
0.43127367 , -4.1719594 , 0.16827334
0.6209756 , -4.8165803 , 0.17760648
0.81988376 , -5.6780467 , 0.18453169
0.29849404 , -3.7627182 , 0.16289783
0.47364157 , -4.272012 , 0.17067045
0.66763616 , -5.017501 , 0.17978965
0.86844313 , -5.9585443 , 0.18581198
0.3353755 , -3.802961 , 0.16435462
0.5176055 , -4.4062443 , 0.17322531
0.71516186 , -5.249377 , 0.18170318
0.9160193 , -6.2621565 , 0.18703368
0.37449864 , -3.8721504 , 0.16629018
0.56298935 , -4.5749445 , 0.17578444
0.76342475 , -5.509857 , 0.1833356
0.24772571 , -3.4043646 , 0.16172141
0.41565374 , -3.9727137 , 0.16862895
0.6095865 , -4.7773848 , 0.17820576
0.81221867 , -5.7965064 , 0.18471874
0.28122914 , -3.4496639 , 0.16280277
0.45871788 , -4.1066003 , 0.17124614
0.6571935 , -5.011961 , 0.18038587
0.8610485 , -6.1069446 , 0.18591481
0.31798387 , -3.5211751 , 0.1644635
0.5035253 , -4.274889 , 0.1739766
0.7056248 , -5.2764735 , 0.18227072
0.9087364 , -6.4389215 , 0.1870143
0.35734054 , -3.6218479 , 0.16665408
0.54984903 , -4.477554 , 0.17664887
0.7546895 , -5.568411 , 0.18385062
0.23003794 , -3.0491858 , 0.16164213
0.39901662 , -3.754394 , 0.1692709
0.5974332 , -4.71349 , 0.17912291
0.80411154 , -5.8851504 , 0.18514909
0.26298684 , -3.123822 , 0.16291428
0.44282714 , -3.9208405 , 0.17214784
0.6460298 , -4.9807644 , 0.181309
0.8533477 , -6.224074 , 0.18621816
0.29955074 , -3.2246344 , 0.16483408
0.48853976 , -4.1220784 , 0.17508015
0.6954081 , -5.2769303 , 0.18316439
0.90127087 , -6.5826674 , 0.18714437
0.33911628 , -3.3550498 , 0.16733928
0.53586 , -4.357689 , 0.17787778
0.74532765 , -5.5992684 , 0.18468004
0.94622576 , -6.9587183 , 0.18805012
0.38133818 , -3.518124 , 0.170291
0.58447534 , -4.626121 , 0.18040647
0.7954595 , -5.944929 , 0.18587041
0.24374677 , -2.7865407 , 0.16330135
0.42595255 , -3.7159462 , 0.17346811
0.63409376 , -4.9250693 , 0.18259372
0.8452234 , -6.311013 , 0.18677595
0.28005278 , -2.9145277 , 0.16554828
0.47263473 , -3.9491203 , 0.17661822
0.68444777 , -5.2518187 , 0.18441007
0.893513 , -6.6946926 , 0.18747728
0.31980634 , -3.0728884 , 0.16844386
0.52100426 , -4.2167063 , 0.17953582
0.73525995 , -5.6034408 , 0.18584724
0.93872756 , -7.09344 , 0.18810792
0.362611 , -3.2650924 , 0.17179848
0.5706865 , -4.516619 , 0.18210149
0.7861652 , -5.976863 , 0.18690893
0.22349596 , -2.4391172 , 0.16405824
0.40809765 , -3.4932313 , 0.17531344
0.62134933 , -4.84615 , 0.18426664
0.83656 , -6.3688984 , 0.18761852
0.25947127 , -2.5920064 , 0.16671592
0.4558152 , -3.7574399 , 0.17868042
0.6726955 , -5.2023215 , 0.18601798
0.88534826 , -6.7763524 , 0.18804112
0.29940274 , -2.7764935 , 0.17009835
0.50527984 , -4.056078 , 0.1816899
0.72442174 , -5.5820274 , 0.18735024
0.93087494 , -7.1962748 , 0.18831
0.34284887 , -2.996547 , 0.17393495
0.5560555 , -4.3864374 , 0.18425125
0.7761415 , -5.982019 , 0.18825589
0.2022335 , -2.0828295 , 0.16532163
0.38929033 , -3.254119 , 0.17781417
0.60777646 , -4.745394 , 0.1863463
0.8272447 , -6.3988614 , 0.18873473
0.23779278 , -2.2581987 , 0.16849415
0.43810657 , -3.5485804 , 0.18137032
0.66012233 , -5.129738 , 0.18798
0.87665296 , -6.828975 , 0.18882196
0.27791455 , -2.4670105 , 0.17248988
0.48870084 , -3.877375 , 0.18441358
0.7127696 , -5.536229 , 0.18915254
0.92262584 , -7.2688704 , 0.18862903
0.3220956 , -2.7138343 , 0.17689602
0.5405855 , -4.237114 , 0.18689959
0.7653208 , -5.9615164 , 0.18984923
0.17997377 , -1.718911 , 0.16729939
0.3695878 , -3.0001764 , 0.18113875
0.5933717 , -4.624287 , 0.18884315
0.8171755 , -6.402006 , 0.19004464
0.21501066 , -1.9141701 , 0.17112389
0.4195553 , -3.324207 , 0.1848142
0.6467197 , -5.0354867 , 0.19026494
0.86729527 , -6.853788 , 0.1897276
0.25537926 , -2.145601 , 0.17590523
0.47129682 , -3.6822484 , 0.18779346
0.7002874 , -5.467377 , 0.19117217
0.9138906 , -7.312753 , 0.18895563
0.30043823 , -2.4184477 , 0.18096483
0.52429473 , -4.07025 , 0.1900926
0.7536673 , -5.9165688 , 0.1915506
0.15676273 , -1.3485721 , 0.17032301
0.34908083 , -2.7331493 , 0.18551296
0.57814753 , -4.484384 , 0.19175425
0.80627775 , -6.3794293 , 0.19135956
0.19113044 , -1.5608996 , 0.17499311
0.40022787 , -3.0860963 , 0.18917468
0.6324994 , -4.9210887 , 0.192808
0.8571479 , -6.851871 , 0.19053636
0.2318876 , -1.8134853 , 0.18080245
0.45311326 , -3.4723976 , 0.19193575
0.6869875 , -5.37695 , 0.19326527
0.9045246 , -7.329214 , 0.18904245
0.2780253 , -2.1121204 , 0.18655597
0.50721735 , -3.8874705 , 0.19387318
0.7411878 , -5.8485565 , 0.19311884
0.13269399 , -0.97306234 , 0.17492919
0.32789373 , -2.4549832 , 0.19124039
0.5621342 , -4.327273 , 0.19504473
0.7945289 , -6.332321 , 0.19233331
0.16619267 , -1.1992648 , 0.1807524
0.38020915 , -2.8360956 , 0.19466037
0.61749274 , -4.788132 , 0.19548139
0.84611875 , -6.8241987 , 0.19081886
0.20763767 , -1.4720939 , 0.18792821
0.43421394 , -3.2495244 , 0.19695543
0.6729078 , -5.266557 , 0.19519523
0.8943447 , -7.319217 , 0.18841383
0.2550854 , -1.7969987 , 0.19425353
0.4894083 , -3.6903875 , 0.19824307
0.72793156 , -5.759085 , 0.19418484
0.9357915 , -7.81106 , 0.18502751
0.30617929 , -2.1678147 , 0.19869828
0.545383 , -4.1545367 , 0.19858909
0.78198165 , -6.262139 , 0.19243103
0.14034918 , -0.8299488 , 0.18958023
0.3596054 , -2.5760574 , 0.20147341
0.60175085 , -4.6382246 , 0.19803227
0.83421147 , -6.771827 , 0.18986546
0.18303755 , -1.1234325 , 0.19851449
0.41468877 , -3.0152903 , 0.20284863
0.6581053 , -5.137882 , 0.19659415
0.88319707 , -7.28338 , 0.1862517
0.23192547 , -1.4757838 , 0.20476797
0.4709488 , -3.4805737 , 0.20298143
0.71397465 , -5.649955 , 0.19427627
0.925565 , -7.7896237 , 0.18104504
0.2841192 , -1.8738207 , 0.20812589
0.52796733 , -3.9677274 , 0.20199677
0.76875484 , -6.1707664 , 0.19104537
0.11418385 , -0.45332718 , 0.204094
0.33856353 , -2.3077643 , 0.20931476
0.5853416 , -4.472952 , 0.20000377
0.8215926 , -6.6963696 , 0.18680069
0.1588805 , -0.7710912 , 0.2145624
0.39466327 , -2.7713215 , 0.20879486
0.6426484 , -4.992598 , 0.19708109
0.8711422 , -7.2222877 , 0.18128638
0.20894226 , -1.1513774 , 0.21801235
0.45193684 , -3.2596111 , 0.20698619
0.6994016 , -5.522995 , 0.19325046
0.9145209 , -7.7421746 , 0.17354836
0.2619938 , -1.5749753 , 0.21737278
0.50995904 , -3.7684515 , 0.20425308
0.754992 , -6.0603023 , 0.18846457
0.37239397 , -7.317141 , 0.22503985
0.37174475 , -5.407359 , 0.18300444
0.31887233 , -3.2805736 , 0.14115097
0.22389385 , -1.1739386 , 0.12471015
0.37570184 , -6.9163275 , 0.21647795
0.36226374 , -4.9066124 , 0.17201684
0.29812214 , -2.7603507 , 0.13378058
0.19405371 , -0.6599739 , 0.13070002
0.37656695 , -6.479808 , 0.20664893
0.34981582 , -4.3923774 , 0.16141294
0.27494103 , -2.2389798 , 0.12811518
0.16258658 , -0.14579386 , 0.14769468
0.3741734 , -6.0119634 , 0.19601266
0.33450437 , -3.8691885 , 0.15151288
0.24945162 , -1.7177265 , 0.12469974
0.36174855 , -7.4684653 , 0.2266193
0.3684383 , -5.5188465 , 0.18497865
0.31645954 , -3.3408518 , 0.14259948
0.22180934 , -1.197433 , 0.12448408
0.36915812 , -7.0612473 , 0.21823142
0.35944334 , -5.0062804 , 0.17393231
0.29582202 , -2.8103466 , 0.13497372
0.19231583 , -0.67883855 , 0.1294204
0.37200683 , -6.6166744 , 0.20858867
0.34732065 , -4.479989 , 0.16325974
0.27273136 , -2.2797809 , 0.12901682
0.16194725 , -0.16312931 , 0.14416872
0.3706764 , -6.139046 , 0.1979321
0.33222252 , -3.944872 , 0.15316002
0.24732818 , -1.750585 , 0.12515439
0.35407332 , -7.6229444 , 0.22844128
0.36559084 , -5.634958 , 0.18700844
0.31431413 , -3.4051106 , 0.14411423
0.21977203 , -1.2236946 , 0.124391325
0.3643087 , -7.2098618 , 0.2200463
0.35701942 , -5.1105576 , 0.17588367
0.293763 , -2.8640108 , 0.13622466
0.19029604 , -0.70000327 , 0.12834035
0.36854526 , -6.7577167 , 0.21025535
0.3451765 , -4.5721016 , 0.16497561
0.27072945 , -2.323924 , 0.12987103
0.15927862 , -0.18133213 , 0.14104317
0.36792868 , -6.2705817 , 0.20043989
0.33025703 , -4.024849 , 0.15518506
0.24536552 , -1.7864774 , 0.12592834
0.352022 , -7.780652 , 0.22912863
0.36330092 , -5.7556906 , 0.18821576
0.583763 , -2.5331712 , -0.25147983
0.6833456 , -1.433839 , -0.09211693
0.6215952 , -2.1208782 , -0.19217043
0.5542143 , -2.7654471 , -0.3025687
0.6584683 , -1.6898001 , -0.13687754
0.5939364 , -2.3573725 , -0.23831686
0.522311 , -3.0001154 , -0.35780317
0.63196707 , -1.937853 , -0.18027586
0.5644594 , -2.5929189 , -0.2882197
0.66951865 , -1.4950625 , -0.12542903
0.6040759 , -2.1795018 , -0.22544722
0.532746 , -2.8303285 , -0.34234703
0.64243317 , -1.7518398 , -0.1685735
0.5746146 , -2.4184513 , -0.27416062
0.68080103 , -1.2957305 , -0.1139958
0.6141909 , -1.9994179 , -0.21286376
0.54307723 , -2.658489 , -0.32708886
0.6530141 , -1.5624521 , -0.15702415
0.5846673 , -2.2420352 , -0.26040447
0.69231796 , -1.0913575 , -0.10264495
0.62429506 , -1.8168888 , -0.20055434
0.5532881 , -2.4846315 , -0.3121097
0.6637236 , -1.369197 , -0.14557989
0.5946105 , -2.0636425 , -0.24695693
0.7040623 , -0.8814719 , -0.091632046
0.6344007 , -1.6316323 , -0.18850152
0.5633592 , -2.3087857 , -0.29742435
0.67455524 , -1.1715891 , -0.13419117
0.60444355 , -1.8831718 , -0.23381561
0.5297972 , -2.556355 , -0.3526374
0.64451545 , -1.4432449 , -0.17668071
0.57327294 , -2.130998 , -0.28304636
0.68546075 , -0.9690432 , -0.12282805
0.61416775 , -1.7004693 , -0.22097062
0.5399969 , -2.3805084 , -0.33679473
0.6546296 , -1.2512861 , -0.16505538
0.5830221 , -1.9512869 , -0.26898512
0.69629467 , -0.7611787 , -0.1115367
0.62378263 , -1.515256 , -0.20840581
0.5500597 , -2.202598 , -0.32139307
0.66469777 , -1.0551499 , -0.15357107
0.592617 , -1.7696433 , -0.25523853
0.7067041 , -0.54784524 , -0.10068947
0.6332773 , -1.3272092 , -0.19609901
0.55998784 , -2.022695 , -0.30635077
0.67463654 , -0.85421854 , -0.14214766
0.60209364 , -1.585926 , -0.2417916
0.71539545 , -0.33061147 , -0.09261086
0.6426679 , -1.1358436 , -0.18401709
0.5698055 , -1.8409448 , -0.29165027
0.41580707 , -6.5722194 , -0.26670104
0.40549022 , -6.7150173 , -0.34989735
0.39092433 , -6.869182 , -0.4571649
0.41603142 , -6.5568547 , -0.30069008
0.40172592 , -6.718876 , -0.39349476
0.42537263 , -6.399593 , -0.2574423
0.41342187 , -6.556277 , -0.33820346
0.39722943 , -6.723941 , -0.44193193
0.42511475 , -6.392126 , -0.29055837
0.4091762 , -6.565073 , -0.38029844
0.43538013 , -6.2191916 , -0.2474621
0.4219084 , -6.3956776 , -0.32691383
0.40404302 , -6.5770097 , -0.42723754
0.43435985 , -6.223661 , -0.28064737
0.41708207 , -6.4095645 , -0.3675742
0.44687524 , -6.0379257 , -0.23649602
0.4307039 , -6.232819 , -0.3159808
0.41127163 , -6.4282064 , -0.41303623
0.4436709 , -6.050658 , -0.27065784
0.4253108 , -6.2520676 , -0.35529056
0.40453696 , -6.4488497 , -0.4625787
0.43964943 , -6.067182 , -0.30533355
0.41882798 , -6.277369 , -0.399302
0.45336324 , -5.8739367 , -0.26016665
0.43376067 , -6.0923324 , -0.34341097
0.41136906 , -6.305585 , -0.4476598
0.44869077 , -5.898355 , -0.29485315
0.42664152 , -6.124314 , -0.38601142
0.46370456 , -5.6968594 , -0.24899927
0.44236758 , -5.930068 , -0.33188853
0.41847178 , -6.160085 , -0.43311486
0.45788565 , -5.7262564 , -0.28435224
0.4346636 , -5.9688826 , -0.3731402
0.4745022 , -5.5234246 , -0.23749945
0.451104 , -5.7650456 , -0.32065743
0.4258117 , -6.012193 , -0.41895303
0.4673654 , -5.5517907 , -0.27362508
0.4428633 , -5.810898 , -0.36066
0.48526075 , -5.3564577 , -0.22628391
0.4599758 , -5.597118 , -0.30962378
0.43336797 , -5.8617854 , -0.40517607
0.47719318 , -5.3767614 , -0.2625668
0.45122522 , -5.6502237 , -0.3485341
0.42264006 , -5.9164557 , -0.45348474
0.46902394 , -5.4264984 , -0.29866895
0.4411267 , -5.708736 , -0.39177576
0.48726988 , -5.2034345 , -0.25125363
0.4597455 , -5.486749 , -0.33671278
0.42970675 , -5.771326 , -0.4391603
0.47829342 , -5.2538366 , -0.2876795
0.44907922 , -5.552954 , -0.37873724
0.49736312 , -5.033512 , -0.23989888
0.46843362 , -5.3205123 , -0.32513052
0.43701535 , -5.6234593 , -0.425059
0.48779035 , -5.0803046 , -0.27659172
0.45722023 , -5.3943615 , -0.3660379
0.507234 , -4.867883 , -0.22869766
0.47730508 , -5.1517334 , -0.31371227
0.44455615 , -5.472797 , -0.41124073
0.49744496 , -4.907196 , -0.26541692
0.46554872 , -5.2329535 , -0.35364583
0.516716 , -4.7064238 , -0.21754935
0.4863704 , -4.9809413 , -0.3023897
0.45232037 , -5.3192863 , -0.39772317
0.50713146 , -4.7356787 , -0.25422564
0.47406584 , -5.068803 , -0.34152028
0.43753874 , -5.4095807 , -0.4454525
0.49561298 , -4.8088665 , -0.2911211
0.4603006 , -5.1629186 , -0.384507
0.516708 , -4.5663733 , -0.24310099
0.48277277 , -4.902145 , -0.32961622
0.4449441 , -5.2611012 , -0.43144184
0.50498205 , -4.636376 , -0.27990085
0.46849012 , -5.003719 , -0.37158197
0.52606726 , -4.3994527 , -0.23207624
0.4916619 , -4.7333503 , -0.31789285
0.45260242 , -5.1097174 , -0.41760173
0.5143958 , -4.464188 , -0.26875228
0.4768826 , -4.841798 , -0.35892978
0.5351488 , -4.2345524 , -0.22105108
0.50071114 , -4.562945 , -0.3063233
0.46049955 , -4.955452 , -0.40397733
0.5237665 , -4.292814 , -0.25770664
0.48546883 , -4.677341 , -0.34652817
0.4423516 , -5.0728836 , -0.45215553
0.509878 , -4.3914742 , -0.29489902
0.46862215 , -4.7983723 , -0.3905922
0.53301877 , -4.122376 , -0.24677864
0.49423382 , -4.510647 , -0.3343565
0.45000443 , -4.92328 , -0.43820637
0.5191062 , -4.219453 , -0.2836266
0.47695637 , -4.6385827 , -0.37745598
0.5421078 , -3.9527493 , -0.2359414
0.5031523 , -4.342066 , -0.32240036
0.45791152 , -4.7708097 , -0.42436507
0.5283343 , -4.0472035 , -0.2725172
0.4854868 , -4.476255 , -0.36456996
0.55101675 , -3.7835 , -0.22509451
0.5121893 , -4.17199 , -0.31065434
0.46605313 , -4.615552 , -0.41065508
0.53751004 , -3.8748727 , -0.26157466
0.49419358 , -4.3116055 , -0.351932
0.5597576 , -3.6141093 , -0.21403219
0.52130115 , -4.0007486 , -0.29912034
0.47440982 , -4.4576235 , -0.39712358
0.5465965 , -3.7023492 , -0.2507838
0.5030516 , -4.144901 , -0.33954042
0.45266917 , -4.6073246 , -0.44545567
0.5304431 , -3.828589 , -0.28780246
0.4829615 , -4.2971644 , -0.38380373
0.5555789 , -3.529373 , -0.24009939
0.5120293 , -3.976404 , -0.32739648
0.46092415 , -4.453441 , -0.43163586
0.5395748 , -3.6555924 , -0.2767005
0.49168608 , -4.1343536 , -0.3707175
0.56445926 , -3.3554993 , -0.22942989
0.52109164 , -3.8063576 , -0.3155037
0.46939155 , -4.2969346 , -0.4178662
0.54866755 , -3.4817066 , -0.2658038
0.5005581 , -3.9693837 , -0.35787988
0.5732563 , -3.180233 , -0.21861723
0.53020257 , -3.6349206 , -0.30386558
0.47804803 , -4.1379347 , -0.4042152
0.55770546 , -3.3067093 , -0.25508648
0.50954926 , -3.802454 , -0.34530252
0.5819977 , -3.002982 , -0.20743239
0.5393301 , -3.4621634 , -0.29248238
0.48686978 , -3.9765813 , -0.39074078
0.5666873 , -3.130278 , -0.24450229
0.5186289 , -3.6337316 , -0.33299497
0.4620583 , -4.1542983 , -0.43950388
0.5484491 , -3.288031 , -0.2813472
0.49583188 , -3.8130283 , -0.37748465
0.57562286 , -2.9519768 , -0.23397645
0.52776676 , -3.4633396 , -0.32096446
0.47090146 , -3.9962204 , -0.4257063
0.5575443 , -3.1123648 , -0.27044332
0.50490767 , -3.6474228 , -0.36447594
0.58453244 , -2.7713256 , -0.2233896
0.536935 , -3.2913227 , -0.3092145
0.4798969 , -3.8358135 , -0.4119588
0.5666098 , -2.934894 , -0.25974274
0.51406956 , -3.4798942 , -0.3517353
0.59344226 , -2.5877898 , -0.21255498
0.54611087 , -3.1176462 , -0.29774317
0.48901966 , -3.6731977 , -0.39835182
0.57564956 , -2.7552698 , -0.2492044
0.5232903 , -3.3105333 , -0.3392773
0.46165657 , -3.8696547 , -0.44805786
0.5552781 , -2.9421847 , -0.2865414
0.49824432 , -3.5084884 , -0.38494745
0.5846753 , -2.57307 , -0.23877148
0.53254443 , -3.139381 , -0.32711136
0.47089183 , -3.7095938 , -0.43425918
0.5644275 , -2.7647288 , -0.275592
0.50754493 , -3.3417873 , -0.3717868
0.59370506 , -2.387823 , -0.22836381
0.5418098 , -2.9664156 , -0.31524155
0.48023385 , -3.5473294 , -0.42042738
0.5735569 , -2.5849936 , -0.2648687
0.5168957 , -3.173169 , -0.35889715
0.6027629 , -2.1990285 , -0.2178573
0.55106854 , -2.7915468 , -0.30366638
0.48965725 , -3.3829536 , -0.40669474
0.5826702 , -2.402622 , -0.2543367
0.526272 , -3.0026731 , -0.3462966
0.611876 , -2.0061471 , -0.20702773
0.5603079 , -2.6146193 , -0.29237852
0.49913698 , -3.2165468 , -0.39315116
0.5917771 , -2.2172105 , -0.24395324
0.5356508 , -2.8302917 , -0.33399627
0.46953076 , -3.4330664 , -0.4436222
0.56951994 , -2.4354033 , -0.28136417
0.508648 , -3.0481753 , -0.37984824
0.6008909 , -2.0282907 , -0.23366807
0.54501164 , -2.6559725 , -0.32200193
0.47918254 , -3.2683897 , -0.4296886
0.57870203 , -2.2536166 , -0.27060264
0.5181652 , -2.8778775 , -0.36681768
0.61003035 , -1.835383 , -0.22342041
0.55433697 , -2.4795983 , -0.3103147
0.48885804 , -3.1016507 , -0.41580927
0.5878553 , -2.068901 , -0.26006642
0.527664 , -2.7056675 , -0.35407943
0.6192172 , -1.6379414 , -0.21311304
0.5636126 , -2.3010042 , -0.29893193
0.4985333 , -2.932902 , -0.40211695
0.59698534 , -1.880869 , -0.24972273
0.53712046 , -2.5315168 , -0.34164616
0.6284809 , -1.4354538 , -0.20245247
0.5728275 , -2.1199484 , -0.2878472
0.5081839 , -2.762188 , -0.38867027
0.6060991 , -1.6890534 , -0.23953794
0.5465111 , -2.3553643 , -0.32952577
0.47664267 , -2.99496 , -0.43983805
0.5819749 , -1.9361454 , -0.27704948
0.5904117 , -1.5426922 , -0.27360493
0.52412724 , -2.2238975 , -0.37166527
0.62497646 , -1.0727392 , -0.22647658
0.5630709 , -1.7974309 , -0.31414455
0.49150318 , -2.4693336 , -0.4219792
0.5991185 , -1.3509057 , -0.26334152
0.533437 , -2.045369 , -0.35894006
0.6338389 , -0.8651696 , -0.21702418
0.5718779 , -1.6128619 , -0.30288765
0.5011171 , -2.29299 , -0.4081729
0.6076247 , -1.1549139 , -0.25336322
0.5425511 , -1.8648516 , -0.3465375
0.6426669 , -0.6521628 , -0.20817609
0.5804266 , -1.4254 , -0.29198745
0.5106054 , -2.1146648 , -0.39466688
0.6158817 , -0.95414233 , -0.2436664
0.55142814 , -1.682199 , -0.33447435
0.475814 , -2.3671777 , -0.4476385
0.58865243 , -1.2345709 , -0.2814488
0.5199523 , -1.9344375 , -0.38145337
0.6237476 , -0.7478439 , -0.23427188
0.56003624 , -1.4972 , -0.32276794
0.4855847 , -2.1884696 , -0.43307194
0.59645694 , -1.0398798 , -0.27126625
0.5291409 , -1.7523268 , -0.36854148
0.6310774 , -0.5355121 , -0.2252051
0.56837225 , -1.309489 , -0.31143224
0.49535576 , -2.0077052 , -0.41900656
0.49911982 , -5.200513 , -0.14595354
0.5790675 , -3.4554803 , -0.13847674
0.64420444 , -1.8336751 , -0.13731456
0.6841395 , -0.3538853 , -0.14786999
0.44293672 , -5.555129 , -0.4062556
0.47352013 , -4.3099256 , -0.4061597
0.49202332 , -3.1626952 , -0.40837237
0.4471166 , -6.169458 , -0.15126196
0.054227926 , 0.7504416 , 0.19201352
-0.08789756 , 2.2528737 , 0.21527725
0.12224687 , -0.11452466 , 0.21034011
0.0010042356 , 1.3620269 , 0.19627196
-0.15331225 , 2.8539093 , 0.24556176
0.07895847 , 0.5064511 , 0.1934409
-0.057193674 , 1.9565796 , 0.21353967
0.14395824 , -0.3395466 , 0.21347013
0.028621607 , 1.0928273 , 0.1959789
-0.11981451 , 2.5354614 , 0.24268948
0.1034381 , 0.26335555 , 0.1950436
-0.026850741 , 1.6635882 , 0.21193437
-0.18612437 , 3.0958366 , 0.28349918
0.055939127 , 0.82619566 , 0.19585784
-0.08673361 , 2.2205424 , 0.23991957
0.12772714 , 0.02070432 , 0.1967453
0.0031407615 , 1.3737502 , 0.21046394
-0.1502169 , 2.7602696 , 0.27968723
0.08296618 , 0.5617977 , 0.19590054
-0.05406282 , 1.9090769 , 0.2372563
0.1518919 , -0.22170362 , 0.1984667
0.032787845 , 1.0868928 , 0.20912941
-0.11479258 , 2.4284565 , 0.27590072
0.10971744 , 0.29932675 , 0.19609042
-0.02179685 , 1.6009682 , 0.2347032
0.17598611 , -0.46391413 , 0.20013848
0.06209773 , 0.8028399 , 0.20792973
-0.0798463 , 2.1003306 , 0.27221656
0.1362123 , 0.03848741 , 0.19640304
0.010069636 , 1.2961149 , 0.23226275
0.20004432 , -0.705788 , 0.20170689
0.09107756 , 0.52139825 , 0.2068613
-0.045372613 , 1.7758188 , 0.26863357
0.1624756 , -0.22093396 , 0.19680831
0.041541927 , 0.9943992 , 0.22993638
0.224081 , -0.94714165 , 0.20313302
0.11973649 , 0.24238646 , 0.20591746
