5.444195e-11 , 6.73e-43 , 5.444195e-11
6.73e-43 , 0.0 , 0.0
0.0 , 0.0 , -1.2734456e-19
4.5914e-41 , 2.4e-44 , 0.507741
0.04464033 , -4.465739 , 0.2734598
-0.2398485 , -8.523693 , 0.17824988
0.44250152 , 0.25035772 , 0.5788704
0.4408917 , 0.2588131 , 0.57944435
0.6633124 , 0.2504118 , 0.75281173
0.64066607 , 1.4236727 , 0.85418546
0.4558389 , 0.17282368 , 0.5589938
0.6897172 , -0.038818058 , 0.6453217
0.64195496 , 0.07333088 , 0.60358053
0.55979323 , 0.1390081 , 0.58449775
0.47507837 , 0.15913524 , 0.5727251
0.57274264 , 0.13393526 , 0.5889253
0.43358907 , 0.25257173 , 0.5557219
0.43562326 , 0.2419239 , 0.5594131
0.44040805 , 0.215328 , 0.5729666
0.68120784 , -0.0031064993 , 0.6805574
0.60487765 , 0.120650925 , 0.5963056
0.7082862 , 0.023937328 , 0.62679213
0.7922039 , 0.0022079109 , 0.66675186
0.73262316 , 0.6499413 , 0.42650518
0.5540264 , 0.14026748 , 0.58341455
0.48333934 , 0.15437235 , 0.5749101
0.58024186 , 0.13201675 , 0.5904896
0.68362314 , 0.05732042 , 0.617914
0.4323814 , 0.31522942 , 0.55523217
0.44416732 , 0.19291209 , 0.5829273
0.690972 , 0.0010083123 , 0.6559579
0.65491086 , 0.06768998 , 0.60788596
0.7328913 , 0.013022247 , 0.633762
0.7997959 , 0.14563428 , 0.66424626
0.8100186 , 1.1617277 , 0.62837803
0.44143584 , 0.21596947 , 0.5708832
0.5058287 , 0.14457123 , 0.5775252
0.604193 , 0.12307387 , 0.5955067
0.70871294 , 0.042705193 , 0.6243494
0.7955886 , 0.060849823 , 0.65699935
0.4621072 , 0.17765868 , 0.57154053
0.6912594 , 0.02185034 , 0.63814884
0.6394326 , 0.09554436 , 0.60130125
0.5562337 , 0.1384226 , 0.58340514
0.6896255 , 0.41319895 , 0.6917432
0.8304387 , 1.6146173 , 0.6464248
0.44662607 , 0.19661658 , 0.57368743
0.6923876 , 0.044405185 , 0.65270007
0.69212776 , 0.06786086 , 0.6172558
0.78773135 , 0.059117608 , 0.64701974
0.6276275 , 0.66519326 , 0.6967125
0.6307852 , 1.324803 , 0.77125406
0.43351468 , 0.31608373 , 0.5816242
0.43193147 , 0.32880738 , 0.58180755
0.622391 , 0.37828755 , 0.72660255
0.6895134 , 0.044434354 , 0.6301677
0.63177466 , 0.107718125 , 0.5980956
0.6789443 , 0.0637037 , 0.6175989
0.6102855 , 0.12228762 , 0.5924106
0.52094865 , 0.1393168 , 0.5771337
0.7464326 , 0.051776484 , 0.63002664
0.7997942 , 0.40893853 , 0.6231293
0.8221085 , 1.5166783 , 0.628713
0.46142167 , 0.18258527 , 0.5729031
0.6939598 , 0.06767639 , 0.6363435
0.6238114 , 0.116152756 , 0.5949996
0.52169925 , 0.13781361 , 0.5770204
0.5347994 , 0.13421863 , 0.5812137
0.65365416 , 0.10289488 , 0.60436577
0.77353626 , 0.0751741 , 0.6345431
0.64502996 , 0.7416984 , 0.67581856
0.61314654 , 1.2141547 , 0.7558189
0.6944754 , 0.07915475 , 0.6351227
0.67161304 , 0.083297074 , 0.61084807
0.5846856 , 0.12952745 , 0.58667034
0.46861303 , 0.169793 , 0.5803402
0.58219576 , 0.12798464 , 0.5885895
0.7051303 , 0.07979338 , 0.6157852
0.8064494 , 0.24690394 , 0.6304526
0.81204665 , 1.4447286 , 0.61574256
0.44547194 , 0.26513198 , 0.5593687
0.44759905 , 0.25296858 , 0.55989164
0.57490563 , 0.1295301 , 0.58459765
0.47489718 , 0.16945861 , 0.5664931
0.5342268 , 0.13067044 , 0.58070916
0.63629717 , 0.113184646 , 0.59873563
0.7432837 , 0.07932747 , 0.6231104
0.80509835 , 0.45500612 , 0.611432
0.63283014 , 1.439768 , 0.7453187
0.6461 , 1.7360501 , 0.74480873
0.8212305 , 1.8658694 , 0.6147573
0.45016992 , 0.23053385 , 0.5611531
0.97379076 , -9.597294 , 0.3318121
0.8084726 , -9.691857 , 0.23991701
0.68632305 , -8.464418 , 0.25470275
0.6724902 , -7.4857197 , 0.25354058
0.4981145 , -3.8244307 , 0.3386026
0.43076304 , -0.7098663 , 0.48804522
0.44152516 , 0.2152649 , 0.5803484
0.9175639 , -6.376879 , 0.39790046
0.5748367 , -0.8490974 , 0.4860418
0.72722816 , -3.3181627 , 0.41979998
0.948561 , -6.854764 , 0.398651
0.6117803 , -1.4043738 , 0.4639786
0.7810926 , -4.2074637 , 0.40865472
1.0230643 , -7.9405723 , 0.40482816
0.4320733 , -0.51880884 , 0.50258416
0.46346402 , 0.19137755 , 0.56018543
0.5751987 , -0.8464217 , 0.48622668
0.77252203 , -4.060779 , 0.41008374
1.0112514 , -7.7545247 , 0.403563
0.66390765 , -7.254317 , 0.25550824
0.5244576 , -0.20538509 , 0.5238448
0.6524897 , -2.055937 , 0.4445315
0.8400045 , -5.1465917 , 0.40131226
0.55649734 , -0.5791036 , 0.49991834
0.6976679 , -2.8041234 , 0.42802596
0.90524065 , -6.1547685 , 0.39824635
0.43937773 , -1.3052815 , 0.44809395
0.4406468 , 0.073499545 , 0.5623416
0.52552265 , -0.2075538 , 0.52407426
0.69072497 , -2.682247 , 0.43026057
0.89480126 , -5.984686 , 0.39843264
0.7773065 , -8.930802 , 0.2422073
0.4791627 , 0.13633595 , 0.5560709
0.5912727 , -1.0615412 , 0.4768082
0.7475831 , -3.6236284 , 0.4148903
0.50983846 , -0.051237624 , 0.53744876
0.6290392 , -1.6487935 , 0.45570064
0.8031552 , -4.5245156 , 0.4052671
0.46085742 , -2.3325372 , 0.39380687
0.43802378 , -0.3535662 , 0.5166119
0.48142388 , 0.13131729 , 0.5564258
0.6235848 , -1.5539167 , 0.45864674
0.79438895 , -4.3748116 , 0.40646532
1.0411692 , -8.074044 , 0.40769425
0.44732204 , 0.12896322 , 0.5713223
0.54097563 , -0.35416588 , 0.5142327
0.67092746 , -2.3254094 , 0.43744823
0.46755344 , 0.17824247 , 0.5629021
0.57312983 , -0.76684684 , 0.4903048
0.717434 , -3.093965 , 0.42228195
0.5002158 , -3.5633059 , 0.3427551
0.4422948 , -1.0495734 , 0.46281296
0.45023254 , 0.12411702 , 0.5712768
0.54230845 , -0.3548854 , 0.514447
0.6709614 , -2.3108075 , 0.43758363
0.86274177 , -5.430432 , 0.3997419
0.97424775 , -9.244928 , 0.36450994
0.5784329 , -5.4115176 , 0.2868711
0.4641331 , -2.3033333 , 0.3936758
0.44231728 , -0.3550161 , 0.5164386
0.4868631 , 0.12168062 , 0.5571451
0.5313077 , -0.21520434 , 0.5249997
0.6529423 , -1.9950186 , 0.44525093
0.83473796 , -4.9735694 , 0.4017509
1.0953369 , -8.729337 , 0.42567232
0.5487125 , -0.4069494 , 0.5112942
0.677357 , -2.392527 , 0.4354031
0.8702127 , -5.5155473 , 0.3994162
0.7985564 , -8.988018 , 0.23738098
0.5667254 , -0.63351184 , 0.49756396
0.7032614 , -2.816243 , 0.42659855
0.9074788 , -6.0715117 , 0.3986772
1.1135314 , -1.1841793 , 0.3669896
0.8075607 , -6.3108706 , 0.24571395
0.863883 , -4.0634413 , 0.2476212
1.0113968 , -2.0808454 , 0.2272795
1.134357 , -0.6401666 , 0.22306314
0.8151207 , 1.9396002 , 0.52795047
0.9989699 , 0.95956063 , 0.4434958
1.2002463 , -0.59899044 , 0.40494117
1.0816258 , -0.42088923 , 0.23658657
0.8414949 , 1.898438 , 0.51234835
1.0326555 , 0.7295424 , 0.43435943
1.2233679 , -0.70987993 , 0.4017147
1.0339482 , -0.16234653 , 0.24935819
0.86914784 , 1.816525 , 0.4974451
1.0671281 , 0.4895534 , 0.42688152
1.2310228 , -0.71268135 , 0.3958111
0.9916353 , 0.117680475 , 0.26187012
0.898068 , 1.6975259 , 0.48331034
1.1020287 , 0.24810612 , 0.421126
1.4333683 , -0.58492893 , 0.13905278
0.9542847 , 0.40663353 , 0.27444777
0.9359531 , 1.4961227 , 0.46696556
1.1454128 , -0.047103923 , 0.4163695
1.2590367 , -0.5921797 , 0.19570592
0.91383475 , 0.7600154 , 0.29039457
0.8011465 , 1.9645884 , 0.3774019
0.7810378 , 1.6857744 , 0.49226516
0.6731656 , 1.5842623 , 0.63185704
0.83365285 , 2.0058022 , 0.5170368
0.99183553 , 1.1574332 , 0.44723785
1.2030495 , -0.37003022 , 0.41475147
1.1064125 , -0.29111493 , 0.22821064
0.8681515 , 1.2400312 , 0.3133533
1.0248902 , 0.93482727 , 0.43841773
1.2294682 , -0.4818054 , 0.4162096
1.0508693 , -0.05132826 , 0.24262418
0.84717196 , 1.4843653 , 0.32642728
1.0583462 , 0.70185757 , 0.43060127
1.2371056 , -0.48881695 , 0.41775328
1.0045235 , 0.2149965 , 0.25686607
0.8296691 , 1.7035314 , 0.3404916
1.0916377 , 0.4672461 , 0.42544046
1.2601631 , -0.23446214 , 0.22544228
0.9645854 , 0.49367502 , 0.2713324
0.8154462 , 1.8910494 , 0.35564214
1.1238055 , 0.24184784 , 0.42325136
1.246155 , -0.36369956 , 0.16731521
0.9297438 , 0.77701163 , 0.2816069
0.8041445 , 2.0458536 , 0.3682381
1.1533794 , 0.035902336 , 0.41897076
1.1685 , -0.29681084 , 0.20151024
0.89956635 , 1.0531759 , 0.30063573
0.72238123 , 2.1202326 , 0.58431315
0.8948811 , 1.91965 , 0.48164287
1.0938447 , 0.50909305 , 0.42206135
1.2589654 , -0.12303095 , 0.1210005
0.9540929 , 0.6636254 , 0.2734612
0.81198454 , 2.0181277 , 0.35898435
0.7766247 , 2.0839202 , 0.4659821
0.6168724 , 1.4732084 , 0.6684772
1.071819 , 1.409555 , 0.15659173
0.77577007 , 2.1911886 , 0.4518382
0.81829333 , 1.9254221 , 0.34865162
0.97576976 , 0.50430346 , 0.26334906
0.9048165 , 1.7988303 , 0.26156363
0.7552715 , 3.1203642 , 0.36816806
1.1728227 , -0.19908144 , 0.43268898
1.005849 , 1.244155 , 0.4450619
0.6769364 , 1.9001427 , 0.62511736
0.6882601 , 3.0619013 , 0.6166422
0.93651605 , 2.1660366 , 0.4444033
0.98022217 , 1.8624761 , 0.417207
1.1782205 , 0.13140936 , 0.29126158
1.1317089 , 0.6640914 , 0.34775195
1.0721698 , 0.9986751 , 0.5880376
1.0276783 , 1.1724104 , 1.1975628
1.0630226 , 0.90709823 , 0.83763283
1.1186408 , 0.5207907 , 0.550104
1.1456894 , 0.5657969 , 0.32301265
0.4872448 , -3.1050868 , 0.26270837
0.4902614 , -3.0809662 , 0.26305905
0.5315996 , -2.7629137 , 0.26306963
0.6177968 , -2.0894036 , 0.26719004
0.709502 , -2.3020134 , 0.114436485
0.6808312 , -2.57892 , 0.1185564
0.49633014 , -2.957779 , 0.26407743
0.5400389 , -2.6583455 , 0.26463506
0.5813039 , -2.3519628 , 0.26646736
0.72034585 , -2.079355 , 0.12342804
1.0417613 , 0.90703344 , 0.40661544
1.1444645 , 0.5370847 , 0.14460291
1.0672312 , 0.5611373 , 0.40741223
1.0283674 , 1.0804857 , 0.41537
0.9997049 , 1.5990837 , 0.42064384
1.0891211 , 1.2560718 , 0.17363556
1.1309276 , 0.76727563 , 0.17627129
1.1985816 , 0.29568994 , 0.18123448
1.0304779 , 1.052846 , 0.43670648
1.023924 , 2.8209937 , 0.34870428
0.94882447 , 3.6653423 , 0.5874314
0.96962214 , 2.3144212 , 0.50596786
1.0383441 , 0.95467037 , 0.4422896
1.0662296 , 1.7062471 , 0.19386053
0.39209965 , -6.0758624 , 0.044801887
0.14816688 , -8.337068 , 0.06979217
0.33207026 , -4.9179306 , 0.21299076
0.42195234 , -4.099841 , 0.21265492
0.60737014 , -2.1640928 , 0.26838973
0.4109557 , -3.975414 , 0.23316869
0.4826247 , -5.1132765 , 0.050989598
0.44411147 , -3.4621227 , 0.25251195
0.27990332 , -5.4804544 , 0.20784828
0.49356806 , -4.971695 , 0.05424673
0.5183715 , -3.1724296 , 0.19605511
1.21362 , 0.24152064 , 0.2159152
1.0832301 , 0.71155846 , 0.7517515
1.1489149 , 0.27401474 , 0.47460583
1.2142226 , -0.0031676698 , 0.2864177
1.0469801 , 0.9138252 , 1.0875837
1.0865293 , 0.65908295 , 0.7518183
1.1597271 , 0.23493591 , 0.47544467
0.3869053 , -6.2043715 , 0.04008619
0.55634254 , -4.1045184 , 0.07844923
0.3635925 , -4.528544 , 0.22116588
0.40073326 , -6.0565033 , 0.04105336
0.5651133 , -3.9741008 , 0.0843417
1.2330816 , -0.10340177 , 0.26927865
1.0675576 , 0.7349045 , 0.9026211
1.1250964 , 0.4289275 , 0.6051473
0.55133474 , -3.1293056 , 0.19442813
1.1794646 , 0.31212386 , 0.29098946
1.0890949 , 0.6759343 , 0.5556679
1.0472559 , 0.8345225 , 1.1820226
1.0882405 , 0.57649684 , 0.7759339
1.1893643 , 0.10078677 , 0.4549684
0.26419437 , -5.647307 , 0.20741712
-0.00074789237 , -8.219335 , 0.229572
0.30377445 , -7.0585833 , 0.040159084
0.5232829 , -4.555946 , 0.06641318
0.2251484 , -7.8026643 , 0.045872267
0.4421684 , -5.589418 , 0.046251882
0.5974959 , -3.5696318 , 0.10478443
1.2587041 , -0.037506226 , 0.3009289
0.5716484 , -3.4132977 , 0.18869872
1.2760571 , -0.16049804 , 0.20536402
1.1276795 , 0.21777634 , 0.4196005
1.0839932 , 0.39632726 , 0.68293107
1.0718145 , 0.40210953 , 1.0726464
1.1067326 , 0.23065488 , 0.7407282
1.2134873 , -0.12509368 , 0.4778701
0.28962675 , -5.378918 , 0.21081358
0.07186946 , -7.589598 , 0.2159853
0.16224045 , -8.397755 , 0.0512777
0.3931539 , -6.1609592 , 0.041880466
0.54939157 , -4.0740166 , 0.08988262
0.32459134 , -4.9824624 , 0.21624917
0.116710864 , -7.169052 , 0.21086372
0.10751678 , -8.874175 , 0.05961452
0.34964052 , -6.632159 , 0.039432567
0.5270314 , -4.491682 , 0.07513188
0.54082584 , -3.1732569 , 0.19400197
1.1853504 , -0.005733546 , 0.29338226
1.1057503 , 0.24499008 , 0.5149816
1.0776305 , 0.3839212 , 0.8159982
1.0841476 , 0.28462836 , 0.9296606
1.1334834 , 0.07854644 , 0.6290103
0.5211248 , -3.3790057 , 0.19337536
1.2274194 , -0.17821597 , 0.23429854
1.1202159 , 0.13986109 , 0.44740087
1.084454 , 0.2852074 , 0.72091067
1.0791079 , 0.26228243 , 1.0281436
1.1147505 , 0.09991476 , 0.7063233
0.4279693 , -3.6498682 , 0.25202757
0.2619034 , -5.690311 , 0.20857261
0.037651975 , -7.9182444 , 0.22032028
0.1880349 , -8.188307 , 0.046994
0.4126672 , -5.952284 , 0.04450995
0.5690825 , -3.8883035 , 0.101370506
0.2989174 , -5.28755 , 0.21261883
0.08356738 , -7.4966707 , 0.21394257
0.13419226 , -8.667151 , 0.053754814
0.3707442 , -6.4208307 , 0.040649734
0.54014766 , -4.3031116 , 0.08425371
1.2464808 , -0.61155087 , 0.27175716
1.1655867 , -0.057682883 , 0.31848857
1.1020174 , 0.15059128 , 0.5461877
1.075627 , 0.26259336 , 1.0648007
1.0910012 , 0.1518233 , 0.88967365
1.1405809 , -0.053548016 , 0.5980081
0.53264725 , -3.3470838 , 0.19270295
1.1950349 , -0.20697495 , 0.26097643
1.1138811 , 0.05360403 , 0.4760788
1.0854647 , 0.16898446 , 0.76050043
1.0855186 , 0.12648305 , 0.9850767
1.1208738 , -0.027256254 , 0.6729896
0.41101405 , -3.9330935 , 0.24158181
0.23332348 , -6.0061812 , 0.2072066
0.0027974334 , -8.247824 , 0.22549993
0.2133825 , -7.977353 , 0.04359395
0.43163902 , -5.7445164 , 0.04804609
0.5879397 , -3.6939905 , 0.11368538
-0.5105501 , -12.733689 , 0.17947726
-0.8675613 , -16.395256 , 0.19128636
-0.6875933 , -17.421707 , 0.051742926
-0.3092264 , -13.766339 , 0.05752755
0.0058847247 , -10.007093 , 0.09526592
-0.08114949 , -11.227106 , 0.05591426
-0.31283534 , -13.909054 , 0.04003072
-0.57933724 , -16.521029 , 0.034895565
0.08139906 , -9.030487 , 0.10179929
0.27538744 , -7.7571263 , 0.09819364
0.41911566 , -6.3202453 , 0.10802497
0.5304277 , -4.835681 , 0.11512693
-1.0646149 , -18.183004 , 0.21215372
-0.76254374 , -15.814837 , 0.23860392
-0.46818376 , -13.151457 , 0.2585723
-0.21802779 , -10.505745 , 0.26208338
0.38637137 , -4.4634585 , 0.24199067
0.24319082 , -5.969917 , 0.22724482
0.056881722 , -7.4173136 , 0.21472012
-0.16534589 , -8.762223 , 0.18762791
0.22713234 , -8.1514635 , 0.09616441
0.37917224 , -6.7458115 , 0.10621151
0.5005485 , -5.2883644 , 0.11440246
0.5916596 , -3.7219357 , 0.11912143
0.33170402 , -5.1093316 , 0.23499332
0.1688924 , -6.5731783 , 0.2226578
-0.032762215 , -7.988994 , 0.20645134
0.13242199 , -8.791083 , 0.09625661
0.30052912 , -7.500479 , 0.101672605
0.43917164 , -6.074935 , 0.111394145
0.54548055 , -4.5942326 , 0.11787822
0.40474236 , -4.218974 , 0.2461362
0.26816747 , -5.727131 , 0.2297102
0.087545216 , -7.162667 , 0.21738628
-0.12874196 , -8.515117 , 0.19189043
0.21459591 , -8.212951 , 0.09696481
0.36805758 , -6.8386087 , 0.107391044
0.49212575 , -5.402646 , 0.11588048
0.58573556 , -3.8688786 , 0.120585136
0.35300317 , -4.869768 , 0.23802586
0.19643553 , -6.3264985 , 0.22507212
-2.9879215e-05 , -7.7328396 , 0.2098858
0.11916779 , -8.804592 , 0.09908309
0.28850377 , -7.5782123 , 0.102729626
0.4291907 , -6.1759524 , 0.11271532
0.53817374 , -4.7202516 , 0.11944731
0.42192903 , -3.973162 , 0.25106874
0.29223192 , -5.4873724 , 0.23229751
0.117423326 , -6.911586 , 0.22005747
-0.093669966 , -8.265633 , 0.19671378
0.20222902 , -8.265047 , 0.097655624
0.35680965 , -6.926847 , 0.10860201
0.4834377 , -5.5125413 , 0.117355295
0.57901067 , -4.010851 , 0.12196932
0.37339342 , -4.6314583 , 0.2412697
0.22311166 , -6.0834703 , 0.22754128
0.03198132 , -7.4791875 , 0.21327622
-0.22419998 , -8.7095785 , 0.16841759
0.27652347 , -7.649798 , 0.10384818
0.41900066 , -6.2727346 , 0.11405761
0.5306931 , -4.8413696 , 0.121039875
0.43736118 , -3.7244387 , 0.2564565
0.31538606 , -5.2503357 , 0.23500133
0.14650041 , -6.664199 , 0.222717
-0.05945322 , -8.015546 , 0.20180354
0.19073218 , -8.30556 , 0.09843507
0.3454556 , -7.010261 , 0.10987459
0.47448212 , -5.618067 , 0.11884303
0.5721416 , -4.1472745 , 0.123441964
0.39288503 , -4.393757 , 0.24472143
0.24890274 , -5.8439636 , 0.23006366
0.063234165 , -7.228491 , 0.21657264
-0.15461235 , -8.481839 , 0.17294823
0.2646571 , -7.7145014 , 0.10509902
0.40862837 , -6.3651843 , 0.115439214
0.5230103 , -4.9576297 , 0.12266636
0.44932306 , -3.4701235 , 0.2608823
0.33763456 , -5.015652 , 0.23782259
0.17476091 , -6.42056 , 0.2253631
-0.02601758 , -7.766147 , 0.20676911
0.18714823 , -8.330755 , 0.10053287
0.33405015 , -7.0885053 , 0.11124433
0.46528116 , -5.7192197 , 0.12035381
0.56522566 , -4.2780395 , 0.12509523
0.41149467 , -4.155869 , 0.24836218
0.27381086 , -5.6078033 , 0.23264478
0.0937222 , -6.981081 , 0.2197563
-0.12054364 , -8.246531 , 0.18363309
0.25289577 , -7.7713714 , 0.10662814
0.3980558 , -6.4531775 , 0.11687652
0.5150624 , -5.0691037 , 0.12432422
0.6030823 , -3.5544796 , 0.12463823
0.3589488 , -4.782878 , 0.24076386
0.20214741 , -6.180651 , 0.2280038
0.00658209 , -7.5183454 , 0.21139985
0.22693948 , -8.339402 , 0.106365144
0.32275456 , -7.161129 , 0.1127549
0.45593002 , -5.81597 , 0.121891275
0.5583223 , -4.403176 , 0.1268746
0.42925996 , -3.916759 , 0.25215295
0.29790452 , -5.374767 , 0.2352966
0.12352104 , -6.7371955 , 0.22283533
-0.08665971 , -8.008817 , 0.19476983
0.24104981 , -7.8190746 , 0.10873644
0.38719308 , -6.53653 , 0.11837725
0.5067404 , -5.175854 , 0.12599781
0.5965947 , -3.7006178 , 0.12660758
0.37925348 , -4.551501 , 0.2438333
0.22854832 , -5.9444127 , 0.23066069
0.03821054 , -7.2728105 , 0.21567063
-0.06782313 , -8.277514 , 0.1358606
0.31171718 , -7.227636 , 0.114435926
0.44649383 , -5.908314 , 0.1234382
0.551424 , -4.5228195 , 0.12870896
0.44608882 , -3.6749349 , 0.256099
0.32122067 , -5.1445284 , 0.23805024
0.1526552 , -6.4969296 , 0.22585025
-0.052123062 , -7.7695117 , 0.2033308
0.22954693 , -7.8553786 , 0.11176169
0.37628102 , -6.614865 , 0.119902745
0.4982236 , -5.2778296 , 0.12763539
0.5898799 , -3.8392143 , 0.12886481
0.39874578 , -4.3210187 , 0.24707219
0.25413948 , -5.711843 , 0.23339479
0.06915197 , -7.030191 , 0.2196847
-0.17006354 , -8.171564 , 0.17490312
0.9721356 , -2.4791365 , 0.23601578
0.84916145 , -4.515821 , 0.24900882
0.8060869 , -6.830963 , 0.24540047
0.8157864 , -9.062216 , 0.24025245
0.81093425 , -6.577119 , 0.2472874
0.8603438 , -4.2824693 , 0.24993746
0.99631375 , -2.2546191 , 0.23238404
1.0910107 , -8.41717 , 0.43904904
1.0215751 , -5.9671726 , 0.4361328
1.012275 , -3.7548 , 0.41288784
1.0740892 , -1.7721629 , 0.38054228
1.0650288 , -1.9368435 , 0.3862506
1.0117275 , -3.9430506 , 0.41721472
1.0275376 , -6.1918454 , 0.4392449
1.1029391 , -8.665137 , 0.4395168
0.80978453 , -7.4054503 , 0.24610767
0.8401119 , -5.0143733 , 0.25123748
0.9420037 , -2.9007342 , 0.24366713
1.25096 , -0.7591295 , 0.16405064
1.0345037 , -2.8215425 , 0.4023289
1.0133172 , -4.9245434 , 0.43068466
1.0565712 , -7.3058352 , 0.44541818
0.8188486 , -8.863216 , 0.24360563
0.81891143 , -6.359378 , 0.25016713
0.8747953 , -4.0734878 , 0.2517243
1.0253878 , -2.028545 , 0.22855388
1.0760819 , -1.6961354 , 0.39070383
1.0172496 , -3.7355473 , 0.418027
1.0273362 , -5.974805 , 0.44145453
1.0973164 , -8.458735 , 0.44617745
0.81596196 , -7.7925115 , 0.24741411
0.8376982 , -5.3483214 , 0.25322425
0.9270898 , -3.1751695 , 0.24832377
1.1699162 , -1.0474361 , 0.18934198
1.0423218 , -2.6071644 , 0.40402582
1.0158263 , -4.7111645 , 0.43204144
1.0541273 , -7.086993 , 0.44891092
0.83070713 , -9.264856 , 0.24784003
0.8217626 , -6.7270985 , 0.25166562
0.86831826 , -4.381905 , 0.25450617
1.0023495 , -2.2898848 , 0.2370517
1.0880014 , -1.4287828 , 0.3993003
1.0232451 , -3.5246704 , 0.41923076
1.0276071 , -5.755551 , 0.4436198
1.0923672 , -8.245153 , 0.451864
0.8233846 , -8.187321 , 0.24902065
0.8367699 , -5.692496 , 0.25515497
0.9145157 , -3.459269 , 0.25256544
1.1200398 , -1.3293992 , 0.20810692
1.0504708 , -2.3826637 , 0.40702367
1.01886 , -4.495908 , 0.43352175
1.0520152 , -6.864648 , 0.45217985
1.1419886 , -9.415175 , 0.44673318
0.82581806 , -7.1041174 , 0.25324407
0.86317587 , -4.7007427 , 0.2571521
0.98196745 , -2.557929 , 0.24435155
1.1014515 , -1.1239532 , 0.41389215
1.0293373 , -3.3094728 , 0.4209425
1.0282332 , -5.534305 , 0.44575107
1.0880527 , -8.025447 , 0.45685586
0.8320669 , -8.589089 , 0.2511525
0.83723205 , -6.046807 , 0.25707868
0.90400755 , -3.75336 , 0.25646526
1.0829107 , -1.6078365 , 0.22274816
1.058787 , -2.1442318 , 0.41187596
1.0223775 , -4.2783737 , 0.43518323
1.0502884 , -6.6392903 , 0.45526305
1.1349943 , -9.211486 , 0.45554867
0.8311255 , -7.4901175 , 0.25496998
0.8594798 , -5.030006 , 0.2596983
0.9641952 , -2.833562 , 0.25070766
1.1226337 , -0.7623428 , 0.43460283
1.0355918 , -3.0884492 , 0.4233631
1.0292392 , -5.3111343 , 0.4478884
1.0841608 , -7.8006186 , 0.461353
0.84216833 , -8.996734 , 0.25406098
0.83900505 , -6.4110856 , 0.25902694
0.8952959 , -4.0576015 , 0.26008192
1.052722 , -1.8857688 , 0.23453952
1.0670377 , -1.8868749 , 0.41928318
1.026257 , -4.0580153 , 0.4371212
1.0489537 , -6.4112873 , 0.4582091
1.1288791 , -8.996865 , 0.46262977
0.8376944 , -7.884686 , 0.25691608
0.8572407 , -5.369674 , 0.2621698
0.9488574 , -3.1175177 , 0.2563204
1.2117133 , -0.7316153 , 0.19533978
1.0419835 , -2.8595665 , 0.4267617
1.0306374 , -5.0859675 , 0.45009002
1.0806384 , -7.5714626 , 0.46548906
0.85396725 , -9.408451 , 0.25798944
0.8420741 , -6.7851315 , 0.2610282
0.8882755 , -4.372113 , 0.26346153
1.0272454 , -2.1657202 , 0.244294
1.0754422 , -1.6038027 , 0.42998162
1.0304326 , -3.8340359 , 0.43946356
1.0480005 , -6.180907 , 0.4610733
1.1232914 , -8.774245 , 0.46870193
1.0493572 , -12.183706 , 0.34968382
1.397904 , -15.883035 , 0.5611876
2.0662527 , -19.234287 , 1.2071398
1.6642945 , -15.589866 , 0.8668746
1.3266087 , -11.884028 , 0.58593696
1.1511371 , -2.479111 , 1.2795545
1.3708786 , -7.6981473 , 1.2638061
1.6723372 , -12.913133 , 1.2407831
1.9943944 , -17.987936 , 1.2222983
1.0963277 , -7.904944 , 0.47342595
1.0388156 , -5.361365 , 0.4592908
1.0410441 , -3.0735474 , 0.4376568
1.1357862 , -0.54952216 , 0.46119982
1.5425087 , -14.351189 , 0.8289546
1.3181293 , -9.166226 , 0.8421331
1.1494027 , -3.932413 , 0.86429125
1.136589 , -1.1741239 , 0.2197554
0.932356 , -3.5158195 , 0.26339698
0.85725373 , -5.849124 , 0.26584744
0.8495606 , -8.437856 , 0.26048967
1.1226391 , -8.713741 , 0.4714303
1.0485852 , -6.1145806 , 0.4628407
1.0323035 , -3.7647483 , 0.44129738
1.0782491 , -1.5010414 , 0.43589824
1.0199485 , -2.2617943 , 0.24774547
0.8869401 , -4.487197 , 0.26502338
0.8443077 , -6.9242673 , 0.262177
0.85961044 , -9.562565 , 0.26008564
1.1707643 , -10.419081 , 0.4313433
1.170705 , -10.381701 , 0.43316585
0.9826824 , -9.497627 , 0.3268927
1.1596601 , -10.053841 , 0.4341236
1.1603781 , -10.014061 , 0.4359038
0.9893315 , -9.790901 , 0.34156698
0.9922576 , -9.505405 , 0.34743485
0.82840514 , -10.167455 , 0.24954443
0.8329679 , -10.322105 , 0.25107145
1.0014354 , -9.768234 , 0.3477973
0.84053934 , -10.77416 , 0.25255674
0.8457119 , -10.932944 , 0.25416648
1.008947 , -10.035355 , 0.3529557
1.038456 , -11.392446 , 0.35352626
1.224578 , -11.353836 , 0.4534807
1.0097314 , -9.766176 , 0.3552208
1.2121679 , -11.011389 , 0.45578948
1.2121329 , -10.969409 , 0.4583404
1.0200208 , -10.035078 , 0.35956386
1.2001299 , -10.622042 , 0.4604197
1.2003777 , -10.576845 , 0.46312764
1.0287309 , -10.307327 , 0.36399722
1.0275768 , -10.025515 , 0.3662022
0.8699555 , -10.735248 , 0.26627085
1.9204484 , -22.172102 , 0.82902503
1.1964046 , -15.776557 , 0.40102
1.6273257 , -20.11597 , 0.6337275
1.6766521 , -18.998934 , 0.7225187
1.274341 , -15.168881 , 0.46692005
0.93222916 , -11.233587 , 0.29050285
1.89687 , -19.43442 , 0.93127847
1.4930346 , -15.060914 , 0.6364898
1.2922066 , -11.712712 , 0.5374194
1.6318536 , -15.633203 , 0.8052326
2.0367353 , -19.454592 , 1.13537
1.5063014 , -17.418694 , 0.6124546
1.1293552 , -13.564049 , 0.38561058
1.2663684 , -11.356318 , 0.51909846
1.5997748 , -15.272907 , 0.781279
1.9981133 , -19.088549 , 1.1074352
1.5367439 , -17.66468 , 0.6337551
1.156157 , -13.830025 , 0.40078193
1.2412243 , -11.001278 , 0.50121546
1.5682666 , -14.913868 , 0.757748
1.9601492 , -18.724096 , 1.0796388
1.5673661 , -17.908503 , 0.65543616
1.1831471 , -14.093205 , 0.4165181
1.2168181 , -10.647399 , 0.4837294
1.5373236 , -14.556161 , 0.7346497
1.9228301 , -18.361162 , 1.0520272
1.5981734 , -18.15024 , 0.67746186
1.2103297 , -14.353607 , 0.43279964
0.88287115 , -10.453858 , 0.27044228
1.506939 , -14.199766 , 0.7119887
1.8861461 , -17.999731 , 1.024639
1.6291709 , -18.389973 , 0.6997939
1.2377098 , -14.611335 , 0.44961593
0.9071919 , -10.735685 , 0.279851
1.4771143 , -13.844779 , 0.6897712
0.6884712 , -1.5995803 , 0.37686157
0.66593635 , -1.7865659 , 0.37672424
0.59907264 , -1.9234196 , 0.37757465
0.5061913 , -2.0418813 , 0.3756073
0.6874614 , -1.6848215 , 0.37041596
0.65124464 , -1.8872466 , 0.370893
0.57675016 , -2.0333362 , 0.3717501
0.48130432 , -2.1733298 , 0.3687298
0.682295 , -1.7822812 , 0.36408818
0.63420016 , -1.9968829 , 0.36519074
0.55280685 , -2.151654 , 0.36580187
0.6818586 , -1.6164075 , 0.358682
0.6733159 , -1.8913203 , 0.35795608
0.61507195 , -2.1146894 , 0.3595867
0.52731824 , -2.278981 , 0.35963383
0.68367 , -1.715552 , 0.35210726
0.66103905 , -2.010935 , 0.35204607
0.5940534 , -2.2400255 , 0.35402605
0.5006037 , -2.4163847 , 0.35315958
0.6824843 , -1.828743 , 0.34555277
0.64593476 , -2.1399696 , 0.34634468
0.57125956 , -2.3725588 , 0.34842917
0.4741339 , -2.5652623 , 0.34631422
0.67713994 , -1.9553825 , 0.33917126
0.62839097 , -2.2773035 , 0.34081444
0.5467335 , -2.5124006 , 0.34269637
0.67800504 , -1.704748 , 0.3336207
0.66782516 , -2.0942533 , 0.33305335
0.60870796 , -2.4219732 , 0.33540598
0.5204875 , -2.6601856 , 0.336721
0.6787734 , -1.8332238 , 0.3270232
0.65503925 , -2.2438025 , 0.32721928
0.58709234 , -2.573242 , 0.33005977
0.4926852 , -2.8170476 , 0.33040467
0.67708105 , -1.9767538 , 0.32048225
0.6392886 , -2.4024713 , 0.32163456
0.56365216 , -2.7306712 , 0.3246982
0.46445227 , -2.984481 , 0.32366624
0.6712848 , -2.1343484 , 0.31415266
0.6210086 , -2.5689259 , 0.31624076
0.53840137 , -2.8942301 , 0.31921905
0.6744155 , -1.7923769 , 0.3082945
0.6613933 , -2.3043492 , 0.30812714
0.6005379 , -2.742125 , 0.31098136
0.51129043 , -3.064417 , 0.31350046
0.6737789 , -1.953011 , 0.30177036
0.64786977 , -2.484822 , 0.30241227
0.5781061 , -2.9212685 , 0.3058069
0.4823296 , -3.2423086 , 0.30741933
0.6712409 , -2.1291127 , 0.29535276
0.6312469 , -2.6739995 , 0.2969495
0.55382645 , -3.105758 , 0.30065948
0.4522209 , -3.429453 , 0.30086654
0.66469455 , -2.319306 , 0.28918582
0.46809992 , -4.828551 , 0.21181017
0.34656745 , -5.4468064 , 0.2154502
0.6182094 , -3.3584177 , 0.20125
0.5389345 , -4.3147464 , 0.20385738
0.4352313 , -5.127065 , 0.2074436
0.6478317 , -2.5698345 , 0.19256192
0.5982835 , -3.680784 , 0.1969033
0.5099201 , -4.631379 , 0.19864939
0.40020928 , -5.424842 , 0.20343156
0.63792056 , -2.9113202 , 0.18786778
0.57513934 , -4.0073256 , 0.19227727
0.4788333 , -4.954981 , 0.19348998
0.3620941 , -5.719333 , 0.1993574
0.6237492 , -3.2597764 , 0.18398432
0.5491639 , -4.3394375 , 0.18734181
0.44581258 , -5.284518 , 0.18854927
0.31897417 , -6.011085 , 0.1942849
0.60546505 , -3.610398 , 0.1803542
0.52061766 , -4.678478 , 0.18215416
0.41095346 , -5.6176524 , 0.18407154
0.6404961 , -2.7266717 , 0.17122073
0.5836503 , -3.962284 , 0.1764007
0.48968518 , -5.025347 , 0.17680095
0.37418094 , -5.950273 , 0.18033262
0.6286251 , -3.1062944 , 0.16719495
0.558746 , -4.317248 , 0.17194739
0.45650882 , -5.3802905 , 0.17139399
0.33472568 , -6.27675 , 0.17729917
0.611902 , -3.4890976 , 0.16428709
0.5310107 , -4.6775913 , 0.16703796
0.4212162 , -5.7426925 , 0.16609046
0.2895696 , -6.5933986 , 0.17378479
0.59129643 , -3.8697417 , 0.1613405
0.5006141 , -5.0451846 , 0.16175745
0.3839438 , -6.1107097 , 0.1611387
0.6320813 , -2.8968253 , 0.15192123
0.567512 , -4.249392 , 0.15769298
0.46768147 , -5.421269 , 0.15619211
0.3448173 , -6.4805217 , 0.15697432
0.6182485 , -3.314088 , 0.14882232
0.54079914 , -4.6314454 , 0.1533376
0.4323113 , -5.806397 , 0.15043119
0.30362868 , -6.8449225 , 0.15429908
0.59858537 , -3.7285697 , 0.14715776
0.51125747 , -5.0188885 , 0.14839214
0.39459082 , -6.2003174 , 0.1445785
0.25783134 , -7.1928744 , 0.15311593
0.5755778 , -4.136209 , 0.14472067
0.47896218 , -5.413924 , 0.14295898
0.35461605 , -6.6017466 , 0.13876504
0.6224711 , -3.0837817 , 0.13518117
0.54982084 , -4.5416136 , 0.14120996
0.44397894 , -5.818019 , 0.13712934
0.31250763 , -7.0079184 , 0.13319685
0.5925835 , -0.56641966 , 0.49762103
0.5002845 , -0.4010308 , 0.50122726
0.6524524 , -1.007031 , 0.50930536
0.64732605 , -0.82467973 , 0.49306276
0.5691311 , -0.5506098 , 0.493996
0.47347328 , -0.42614546 , 0.49725235
0.6638283 , -1.0214521 , 0.49909994
0.6296108 , -0.7841547 , 0.4877516
0.5444148 , -0.5487452 , 0.49044782
0.44579628 , -0.45949984 , 0.4931323
0.66452366 , -1.0115949 , 0.4898635
0.60908735 , -0.75266653 , 0.48334363
0.5186482 , -0.5600021 , 0.48684365
0.41737846 , -0.5003384 , 0.48899618
0.65659297 , -0.9877452 , 0.48202646
0.5864789 , -0.7335375 , 0.47944987
0.4919434 , -0.58304673 , 0.48309928
0.38911584 , -0.54896396 , 0.48502907
0.64258564 , -0.95950186 , 0.47557604
0.5622658 , -0.72811085 , 0.47579253
0.46432108 , -0.6164233 , 0.47919372
0.65908456 , -1.1161761 , 0.4794557
0.6243559 , -0.93457085 , 0.47025582
0.53677064 , -0.7364104 , 0.47218338
0.43578097 , -0.6590269 , 0.47517896
0.65926164 , -1.1148635 , 0.4716569
0.6031375 , -0.91828233 , 0.46572417
0.51019526 , -0.757646 , 0.4685027
0.4065329 , -0.71048975 , 0.47116104
0.65127516 , -1.1057888 , 0.46463805
0.57973397 , -0.9137208 , 0.4616603
0.4826345 , -0.7906396 , 0.46469155
0.37756112 , -0.7712853 , 0.46727687
0.6370616 , -1.095491 , 0.45852062
0.5546707 , -0.922183 , 0.45781207
0.454098 , -0.8342415 , 0.46075258
0.65450543 , -1.2077568 , 0.46025148
0.6183647 , -1.089586 , 0.45321622
0.5282879 , -0.943719 , 0.45400473
0.42459014 , -0.88772243 , 0.45674208
0.6535322 , -1.2167591 , 0.45366088
0.596462 , -1.0922079 , 0.44852385
0.5007877 , -0.97764087 , 0.45013472
0.39434838 , -0.9510187 , 0.45274627
0.6452189 , -1.2240555 , 0.44742206
0.5722276 , -1.1058627 , 0.4442137
0.47225857 , -1.0229787 , 0.44616276
0.36440247 , -1.0247546 , 0.44886735
0.63071567 , -1.2337573 , 0.44168776
0.54624075 , -1.1316204 , 0.44008458
0.44270498 , -1.0788879 , 0.44210532
0.6502637 , -1.2963063 , 0.44156402
0.61154103 , -1.249509 , 0.43645698
0.5188717 , -1.1694996 , 0.43599176
0.50538844 , -2.709043 , 0.3271287
0.37994897 , -3.2628224 , 0.32002673
0.23864087 , -3.6762743 , 0.31305414
0.5736815 , -2.2578118 , 0.32745245
0.47260293 , -2.9292428 , 0.3217166
0.3401376 , -3.4767747 , 0.31412196
0.19554374 , -3.883949 , 0.30768433
0.5490995 , -2.481394 , 0.32281137
0.43731466 , -3.1565168 , 0.31618398
0.29874346 , -3.6950133 , 0.30807582
0.15370397 , -4.100632 , 0.30247855
0.52106154 , -2.7164228 , 0.3177919
0.3997381 , -3.3901625 , 0.31055924
0.2559331 , -3.9169822 , 0.30195117
0.58496064 , -2.1689918 , 0.3181474
0.48989466 , -2.9604697 , 0.31248364
0.36003035 , -3.6296418 , 0.3048113
0.2118117 , -4.142704 , 0.29588357
0.56141394 , -2.4149938 , 0.31383276
0.45592442 , -3.2118468 , 0.30702877
0.31833604 , -3.8742518 , 0.29887247
0.16638717 , -4.373169 , 0.29002208
0.53509086 , -2.6739295 , 0.30908525
0.41936558 , -3.4697857 , 0.30152604
0.27482545 , -4.1229577 , 0.29267687
0.120894566 , -4.6103587 , 0.28437823
0.50564194 , -2.9427717 , 0.30390856
0.3803593 , -3.734077 , 0.29598895
0.2297158 , -4.374479 , 0.2862198
0.57360667 , -2.2950563 , 0.30543277
0.47326168 , -3.218952 , 0.29847875
0.3390149 , -4.0045743 , 0.29035726
0.18322185 , -4.6277766 , 0.2796246
0.5479684 , -2.5786083 , 0.30109853
0.43811512 , -3.5012026 , 0.2929992
0.29543847 , -4.2807813 , 0.28452024
0.13536036 , -4.8828754 , 0.27314326
0.51987565 , -2.873655 , 0.2962018
0.40029654 , -3.7894447 , 0.2875707
0.24976563 , -4.561571 , 0.2783394
0.08626056 , -5.141529 , 0.26696524
0.48902786 , -3.1763828 , 0.29081726
0.359879 , -4.0841103 , 0.28217998
0.2022063 , -4.845053 , 0.2716959
0.5606778 , -2.4281995 , 0.293746
0.4554677 , -3.484217 , 0.28525737
0.3169324 , -4.3855386 , 0.27674052
0.15305834 , -5.128845 , 0.26460183
0.53312856 , -2.7500772 , 0.2894109
0.41916695 , -3.7966487 , 0.27978298
0.2715259 , -4.693587 , 0.2711167
0.102506205 , -5.4111557 , 0.25734714
0.5033257 , -3.0814774 , 0.28430808
0.3801015 , -4.114509 , 0.27446702
0.22374165 , -5.007316 , 0.2651249
0.050031513 , -5.6926084 , 0.25043356
0.4711698 , -3.4175217 , 0.2786651
0.33829305 , -4.438927 , 0.26925465
0.17371623 , -5.3246536 , 0.25853464
0.54571325 , -2.5706964 , 0.28328496
0.43650007 , -3.7559721 , 0.27299407
0.29378715 , -4.7707357 , 0.2640356
0.12170743 , -5.642132 , 0.25113595
0.5166347 , -2.931186 , 0.2789806
0.39907256 , -4.097533 , 0.26756948
0.24663018 , -5.110192 , 0.2586655
0.06805349 , -5.9554048 , 0.24300745
0.48531854 , -3.2985098 , 0.2735713
0.3587709 , -4.444075 , 0.26238993
0.19686382 , -5.4567366 , 0.25295553
0.012293742 , -6.261985 , 0.23493491
0.45204368 , -3.6664348 , 0.26763666
0.3155895 , -4.797366 , 0.2573489
0.14453627 , -5.8086314 , 0.24663974
0.5280337 , -2.7252417 , 0.27432877
0.4163545 , -4.033872 , 0.2619248
0.26956484 , -5.1586585 , 0.25231263
0.08973804 , -6.1623244 , 0.23932692
0.49817568 , -3.124173 , 0.27009267
0.37782133 , -4.403232 , 0.25660384
0.22073819 , -5.528559 , 0.24712925
0.032659143 , -6.511589 , 0.23056993
0.4657792 , -3.5259683 , 0.2641805
0.3362889 , -4.777345 , 0.25156045
0.16914015 , -5.90689 , 0.24161464
-0.026846476 , -6.848332 , 0.22069195
0.43166414 , -3.9231648 , 0.25801244
0.29174724 , -5.1584587 , 0.24664085
0.114782065 , -6.292447 , 0.23552051
-0.09506787 , -7.1717477 , 0.2122776
0.39502764 , -4.3174744 , 0.25239515
0.24423589 , -5.548121 , 0.2416878
0.05763298 , -6.682507 , 0.22846174
0.47740188 , -3.3320575 , 0.26311475
0.3553938 , -4.7131352 , 0.2472259
0.19380242 , -5.94718 , 0.23653263
-0.0024755576 , -7.071681 , 0.21972781
0.4447685 , -3.7647731 , 0.25635824
0.31263152 , -5.113595 , 0.24230142
0.14049204 , -6.35571 , 0.23095089
-0.0662365 , -7.4488688 , 0.2078635
0.41006014 , -4.1873865 , 0.25026038
0.26672918 , -5.52139 , 0.23750429
0.08431922 , -6.7729135 , 0.22467412
-0.14199725 , -7.796222 , 0.19450238
0.3725178 , -4.6062136 , 0.24470966
0.21777342 , -5.9381194 , 0.2325679
0.02531916 , -7.1966176 , 0.21700591
0.68368363 , -0.23807812 , 0.6516734
0.6744233 , -1.1034158 , 0.48777744
0.6576277 , -1.6137171 , 0.35975233
0.60774183 , -2.37793 , 0.24067205
0.67722046 , -0.51877856 , 0.59797126
0.6717566 , -1.2349921 , 0.4570821
0.65071774 , -1.7434914 , 0.32931858
0.5862987 , -2.649734 , 0.21800138
0.6748241 , -0.7393616 , 0.55830216
0.6687091 , -1.3539798 , 0.42642355
0.6418609 , -1.8908781 , 0.29963458
0.5584227 , -2.975687 , 0.2002571
0.67390734 , -0.9226785 , 0.5244233
0.66504705 , -1.4655573 , 0.39565912
0.6302903 , -2.0642307 , 0.271264
0.6704599 , -0.13695587 , 0.6653756
0.6730545 , -1.0793368 , 0.49289882
0.6604898 , -1.5762178 , 0.36489466
0.61498046 , -2.2722607 , 0.24495219
0.66692144 , -0.4453655 , 0.6059934
0.6717308 , -1.2146748 , 0.46215856
0.65464157 , -1.6935778 , 0.3343993
0.5944109 , -2.5241258 , 0.22172178
0.6685653 , -0.6866368 , 0.56439584
0.66977936 , -1.333056 , 0.431524
0.64695525 , -1.826008 , 0.30457777
0.5655894 , -2.8293993 , 0.20314305
0.67076045 , -0.8853405 , 0.52978396
0.667108 , -1.4398915 , 0.4007913
0.63669884 , -1.9823328 , 0.27597374
0.6498127 , -0.014805857 , 0.674086
0.6719851 , -1.0525653 , 0.4980006
0.66354203 , -1.5420752 , 0.3700298
0.622893 , -2.1717026 , 0.24930394
0.65349764 , -0.3581429 , 0.6143787
0.672079 , -1.1936562 , 0.46720764
0.6587639 , -1.6477116 , 0.33948514
0.60414875 , -2.403711 , 0.22555196
0.6621664 , -0.62453955 , 0.5705968
0.6712042 , -1.3130393 , 0.43659914
0.6522903 , -1.7656875 , 0.30954126
0.57827634 , -2.688572 , 0.20622212
0.6683123 , -0.84193724 , 0.5351551
0.66947824 , -1.4164065 , 0.4059047
0.6434612 , -1.9053314 , 0.2807201
0.6114846 , 0.13523728 , 0.746221
0.67169154 , -1.0223999 , 0.503086
0.66686094 , -1.511103 , 0.37515578
0.6314285 , -2.0762606 , 0.25371042
0.63896924 , -0.25455207 , 0.62065333
0.6730944 , -1.1714188 , 0.4722319
0.6631265 , -1.6057662 , 0.3445736
0.6151706 , -2.28851 , 0.22945188
0.6579309 , -0.55156684 , 0.5769606
0.6731652 , -1.2935479 , 0.44165003
0.6578664 , -1.7098368 , 0.3145199
0.5938139 , -2.5529613 , 0.20934351
0.66774905 , -0.79142845 , 0.5405522
0.6722709 , -1.3948224 , 0.41099954
0.6505021 , -1.833184 , 0.28549626
0.5780152 , -2.8185618 , 0.19604112
0.75730526 , 0.20011495 , 0.5904453
0.735187 , -1.2504236 , 0.45137042
0.73412657 , -1.3235779 , 0.32461455
0.71468025 , -1.5542645 , 0.21635276
0.784739 , 0.53946906 , 0.71251684
0.7210037 , 0.10753088 , 0.5660314
0.84155875 , 0.7679485 , 0.5914751
0.8180104 , 0.36700016 , 0.5693551
0.78167635 , 0.010120506 , 0.56016326
0.7370787 , -0.2792255 , 0.5550278
0.84651953 , 0.15364556 , 0.54380393
0.81143624 , -0.1581621 , 0.53676164
0.776868 , -0.41329816 , 0.5318105
0.742988 , -0.6126064 , 0.52817386
0.7151038 , -0.76225317 , 0.5247981
0.80053127 , -0.61806333 , 0.51663053
0.7692396 , -0.77949786 , 0.51012623
0.7414888 , -0.90426695 , 0.5036769
0.71825635 , -0.9989989 , 0.49699134
0.702624 , -1.0706308 , 0.48981416
0.75912243 , -1.0649986 , 0.48403934
0.7362111 , -1.1342146 , 0.47506255
0.7168803 , -1.1890079 , 0.46583846
0.7021599 , -1.2342747 , 0.4562761
0.74997044 , -1.2501035 , 0.4515456
0.7310649 , -1.2850808 , 0.4407686
0.71476597 , -1.3173846 , 0.4298209
0.7015081 , -1.3504183 , 0.41865444
0.69188017 , -1.3873574 , 0.40723008
0.7290901 , -1.354012 , 0.4016211
0.71486056 , -1.3805574 , 0.38956675
0.70264184 , -1.4155036 , 0.37740776
0.6926833 , -1.461022 , 0.36512306
0.6852092 , -1.5190985 , 0.35269228
0.71888155 , -1.3854855 , 0.346378
0.7070058 , -1.4351106 , 0.3337217
0.6964233 , -1.5002698 , 0.32106212
0.6871996 , -1.5822525 , 0.30838433
0.7276044 , -1.3464885 , 0.3017137
0.7151945 , -1.4218684 , 0.28902346
0.70351076 , -1.5163428 , 0.27645293
0.6922502 , -1.6306425 , 0.26398793
0.6813931 , -1.7654151 , 0.251619
0.72698796 , -1.3938439 , 0.24490835
0.7137014 , -1.5258628 , 0.23293485
0.70012665 , -1.67954 , 0.22119313
0.6859788 , -1.8551772 , 0.20965861
0.6711134 , -2.0530932 , 0.19831502
0.7259407 , -1.5502993 , 0.19241986
0.70989525 , -1.7492038 , 0.18202214
0.6925839 , -1.9707321 , 0.1719854
0.6735255 , -2.2150185 , 0.16235098
0.73779905 , -1.6138613 , 0.1568484
0.71948516 , -1.8637804 , 0.14837646
0.6992562 , -2.1378446 , 0.14081648
0.6767759 , -2.4351964 , 0.13476865
0.54491925 , 0.4514582 , 1.0342433
0.6398461 , 1.1570292 , 0.785654
0.62865937 , 0.7370175 , 0.74169225
0.61719483 , 0.33697954 , 0.70526403
0.60432744 , -0.022509081 , 0.68130606
0.59207535 , -0.30068195 , 0.64490527
0.6438775 , 0.15382312 , 0.64866525
0.6405164 , -0.16019627 , 0.6260133
0.63541245 , -0.41443878 , 0.6031504
0.6280185 , -0.6093946 , 0.58110225
0.66694254 , -0.3825979 , 0.577257
0.662589 , -0.59270245 , 0.560428
0.65744555 , -0.757723 , 0.54408205
0.65056455 , -0.8838379 , 0.52849835
0.6450105 , -0.97841233 , 0.51398647
0.68605626 , -0.94259185 , 0.508416
0.6782027 , -1.0369506 , 0.496177
0.6693791 , -1.1100545 , 0.48435774
0.66077006 , -1.1674042 , 0.47305605
0.6544907 , -1.2142985 , 0.4622957
0.6988802 , -1.2300792 , 0.45662448
0.6872366 , -1.2693567 , 0.44687682
0.67556596 , -1.3048496 , 0.43737522
0.66490835 , -1.3402234 , 0.42814475
0.71910596 , -1.330486 , 0.42277977
0.7045018 , -1.3547155 , 0.41420838
0.68968976 , -1.3840877 , 0.40574172
0.67525977 , -1.4211203 , 0.39741194
0.66179377 , -1.4681453 , 0.38922438
0.7210453 , -1.3713248 , 0.38494796
0.703002 , -1.4088467 , 0.37714708
0.68497276 , -1.4598438 , 0.36942083
0.66724235 , -1.5258645 , 0.36178806
0.65012527 , -1.6083009 , 0.3542415
0.7150277 , -1.3908114 , 0.3509921
0.69340503 , -1.4665924 , 0.34376097
0.6716097 , -1.5610389 , 0.33662164
0.6497318 , -1.6749791 , 0.3295804
0.7246815 , -1.3474478 , 0.32707724
0.69949585 , -1.4572971 , 0.3203413
0.6737656 , -1.5882112 , 0.31374446
0.64737105 , -1.7405723 , 0.30731958
0.62024915 , -1.9147639 , 0.30108652
0.7015364 , -1.4528344 , 0.29942405
0.6719956 , -1.6269058 , 0.29352507
0.64130783 , -1.823355 , 0.28795043
0.6091941 , -2.0424063 , 0.2827376
0.57518774 , -2.284216 , 0.27785954
0.6642529 , -1.7007822 , 0.27728006
0.6290589 , -1.9469103 , 0.27310476
0.5918477 , -2.216322 , 0.2692345
0.5524926 , -2.5077264 , 0.2654789
0.64977235 , -1.8286904 , 0.26939622
0.44447133 , 0.22592016 , 0.5797718
0.44657415 , 0.19647536 , 0.57679474
0.4283373 , 0.31623483 , 0.5722575
0.43027472 , 0.26770645 , 0.56793797
0.43246832 , 0.21404345 , 0.56315285
0.43500417 , 0.15531075 , 0.55782497
0.43813702 , 0.09156833 , 0.55164504
0.4418169 , 0.022803081 , 0.5446818
0.44604504 , -0.051048666 , 0.53690267
0.45068267 , -0.13007307 , 0.52846026
0.45565173 , -0.21436834 , 0.51940495
0.46083105 , -0.30404103 , 0.5098646
0.46611488 , -0.39920866 , 0.4999085
0.4713746 , -0.50001234 , 0.48965156
0.42467493 , -0.5748291 , 0.4839072
0.42808875 , -0.71680015 , 0.47332487
0.43146935 , -0.86481315 , 0.4623905
0.4347242 , -1.0186971 , 0.45115748
0.43777412 , -1.1783139 , 0.4396937
0.44055992 , -1.3435441 , 0.42804402
0.44303238 , -1.5142821 , 0.41625524
0.4451526 , -1.6904308 , 0.40436193
0.44688648 , -1.8719016 , 0.39239556
0.44819883 , -2.0586176 , 0.38038814
0.449051 , -2.2505205 , 0.36836696
0.44938034 , -2.4475825 , 0.35637677
0.3830574 , -2.78961 , 0.34771028
0.38096955 , -3.0299625 , 0.33527088
0.3782926 , -3.2746136 , 0.32282466
0.375002 , -3.5233204 , 0.31036755
0.3710733 , -3.7758834 , 0.2979544
0.36651707 , -4.032126 , 0.28555682
0.36130875 , -4.2918854 , 0.2732471
0.35546523 , -4.5550137 , 0.2609863
0.34894675 , -4.8213735 , 0.24887462
0.3417239 , -5.0908427 , 0.23690528
0.33374923 , -5.363321 , 0.22519845
0.32491744 , -5.6387434 , 0.21378912
0.23693208 , -6.2828836 , 0.2009335
0.22596815 , -6.5942364 , 0.18926719
0.21368553 , -6.9071198 , 0.17760254
0.20115997 , -7.221602 , 0.16680527
0.18729502 , -7.5375566 , 0.15602168
0.17279091 , -7.8545513 , 0.14662342
0.15647976 , -8.17125 , 0.13824716
0.42600614 , 0.26065555 , 0.5571662
0.42373085 , 0.23062718 , 0.5550998
0.42103478 , 0.19763911 , 0.5540896
0.41856185 , 0.16250437 , 0.5528059
0.41657528 , 0.12507604 , 0.5506271
0.3836942 , 0.20728818 , 0.5200056
0.3786764 , 0.13934332 , 0.5169691
0.3742129 , 0.06580343 , 0.5133798
0.37005827 , -0.01328336 , 0.50940573
0.36625558 , -0.097905666 , 0.5048674
0.3626684 , -0.18807098 , 0.4999089
0.35921848 , -0.28379872 , 0.49450067
0.35581788 , -0.38511524 , 0.48873717
0.35236546 , -0.49205247 , 0.48262274
0.34876946 , -0.60464936 , 0.47621346
0.3448997 , -0.7229584 , 0.4695017
0.340609 , -0.8470587 , 0.4624826
0.27752134 , -0.9807389 , 0.42377818
0.27097753 , -1.147325 , 0.41679123
0.26446307 , -1.3197345 , 0.40981844
0.25784665 , -1.4977694 , 0.4028134
0.2510341 , -1.6812637 , 0.39575717
0.2439611 , -1.8700739 , 0.38864166
0.23657337 , -2.0640707 , 0.38145822
0.22882557 , -2.2631366 , 0.3742073
0.22067067 , -2.4671626 , 0.3668712
0.2120499 , -2.6760533 , 0.35944661
0.20289257 , -2.8897321 , 0.351889
0.19307783 , -3.1081495 , 0.34417006
0.11126803 , -3.5213656 , 0.30687684
0.09871266 , -3.7820497 , 0.29959634
0.0860394 , -4.0463867 , 0.29246232
0.07312932 , -4.314137 , 0.28533506
0.059922803 , -4.585094 , 0.27825361
0.046351172 , -4.8590775 , 0.27109727
0.032378793 , -5.1359277 , 0.26397926
0.017878486 , -5.415507 , 0.25681674
0.00280302 , -5.6976986 , 0.24980187
-0.013071489 , -5.982395 , 0.24288869
-0.029726226 , -6.269511 , 0.23626254
-0.0471515 , -6.5589333 , 0.22956105
-0.14488055 , -7.2741556 , 0.20131382
-0.16449481 , -7.5979915 , 0.19600512
-0.18492185 , -7.9239573 , 0.19101498
-0.2046319 , -8.251212 , 0.18583423
0.41365176 , 0.3482184 , 0.5543631
0.7603596 , 0.26439637 , 0.35072896
0.6600891 , -0.9783974 , 0.36739165
0.5566625 , -1.8471267 , 0.37933144
0.8234291 , 1.4156061 , 0.34293777
0.7381787 , -0.120378844 , 0.3506452
0.6365493 , -1.274688 , 0.3666744
0.5351271 , -2.1050549 , 0.37638843
0.8112223 , 0.97738546 , 0.33916473
0.715622 , -0.48535874 , 0.3508668
0.61332226 , -1.5631849 , 0.36532277
0.5152815 , -2.3695765 , 0.37300572
0.7918223 , 0.5472962 , 0.33695138
0.6929077 , -0.8317591 , 0.35092327
0.59067875 , -1.8486532 , 0.3633731
0.49788195 , -2.6433532 , 0.3692603
0.77021796 , 0.13097376 , 0.33604178
0.67015004 , -1.1631454 , 0.3505064
0.5689441 , -2.1353686 , 0.36089042
0.83988404 , 1.2904016 , 0.3291468
0.74814904 , -0.26750487 , 0.33590013
0.64750683 , -1.4843559 , 0.3494903
0.54850954 , -2.4270108 , 0.35794395
0.82650054 , 0.84044003 , 0.32540524
0.72604555 , -0.6471235 , 0.3359266
0.6252164 , -1.8004608 , 0.34788075
0.52988106 , -2.7266579 , 0.35460156
0.805473 , 0.39901432 , 0.32335916
0.7039568 , -1.0101256 , 0.3356438
0.60358423 , -2.1161084 , 0.34574443
0.5137896 , -3.0367932 , 0.3509327
0.7830211 , -0.027765688 , 0.32263574
0.6819225 , -1.3610406 , 0.33480033
0.5829654 , -2.435276 , 0.34315884
0.5012745 , -3.3592863 , 0.34702003
0.76075315 , -0.4362026 , 0.3225363
0.66009533 , -1.7052658 , 0.33335233
0.5637689 , -2.7612662 , 0.34019092
0.84597033 , 0.6772729 , 0.31243348
0.73881155 , -0.8265469 , 0.3223647
0.63873696 , -2.047948 , 0.3313737
0.54650223 , -3.0967908 , 0.33689627
0.8227789 , 0.22591528 , 0.31080535
0.71707946 , -1.2026774 , 0.32166228
0.6181743 , -2.3934407 , 0.32897082
0.5318724 , -3.4440296 , 0.33332855
0.7990611 , -0.20857823 , 0.31047884
0.6955557 , -1.5704484 , 0.32028162
0.5987723 , -2.7452242 , 0.32623562
0.52082926 , -3.8046358 , 0.32955208
0.7762469 , -0.62337315 , 0.31052145
0.6744166 , -1.9358865 , 0.31829712
0.5809388 , -3.106032 , 0.32323176
0.8699948 , 0.49330223 , 0.30009726
0.7541221 , -1.0207578 , 0.31013528
0.7648609 , -6.8738694 , 0.2385219
1.0822545 , -1.4366518 , 0.22110552
0.8824072 , -3.2275877 , 0.24173498
0.7981282 , -5.2688303 , 0.24197684
0.7709018 , -7.5638986 , 0.2381205
1.0206383 , -1.8850691 , 0.22558507
0.86053777 , -3.758357 , 0.24351172
0.7948011 , -5.908465 , 0.24211921
0.7809337 , -8.273525 , 0.23751733
0.9734902 , -2.3562617 , 0.23297916
0.844357 , -4.3248715 , 0.2457008
0.79573035 , -6.5798845 , 0.2424423
0.6304596 , 0.6313333 , 0.70338625
0.6938919 , 0.11906462 , 0.6213235
0.63704944 , 0.11577044 , 0.59401935
0.5526657 , 0.12196746 , 0.57934195
0.6735864 , 0.44174954 , 0.6665205
0.68662816 , 0.12658665 , 0.60932344
0.62031555 , 0.11671557 , 0.587991
0.53245217 , 0.1156677 , 0.5746252
0.6945449 , 0.33776104 , 0.6402005
0.6758972 , 0.1294151 , 0.59953105
0.6026395 , 0.10914711 , 0.5825145
0.5112442 , 0.1180841 , 0.5686259
0.70218664 , 0.27673233 , 0.6214541
0.66270465 , 0.12529513 , 0.5913648
0.5842326 , 0.095283136 , 0.57738644
0.48867282 , 0.13778803 , 0.56214297
0.70143116 , 0.23561662 , 0.60723907
0.6477332 , 0.11357083 , 0.5843358
0.56523746 , 0.07845051 , 0.57224816
0.6811067 , 0.7661088 , 0.64955896
0.69519246 , 0.20231634 , 0.5959624
0.6314593 , 0.094643034 , 0.5781024
0.545765 , 0.063761055 , 0.56662625
0.70117223 , 0.5828949 , 0.62615764
0.5698006 , 0.047391277 , 0.566894
0.6888317 , 0.8964692 , 0.6391779
0.6986918 , 0.23438549 , 0.5886928
0.6354361 , 0.075718276 , 0.57184064
0.5507621 , 0.028091606 , 0.56099594
0.70671535 , 0.6869123 , 0.618126
0.6888305 , 0.18401735 , 0.57962656
0.61839455 , 0.04133856 , 0.5660664
0.53185517 , 0.017397547 , 0.5546382
0.71381533 , 0.5301158 , 0.6006992
0.67639387 , 0.13388184 , 0.57186
0.60072064 , 0.0044316337 , 0.5604422
0.51326406 , 0.016584467 , 0.5485386
0.7134126 , 0.4075419 , 0.58689064
0.66212475 , 0.08219295 , 0.5649859
0.58270043 , -0.032057878 , 0.5546817
0.70303583 , 1.1798137 , 0.6211516
0.70777315 , 0.30507046 , 0.57578427
0.6465542 , 0.028521186 , 0.5587022
0.5647276 , -0.064427964 , 0.54860145
0.7187313 , 0.91828674 , 0.6043232
0.6984716 , 0.21379146 , 0.56654763
0.63009113 , -0.026580844 , 0.5527581
0.54731745 , -0.08987096 , 0.5423812
0.7243979 , 0.70265776 , 0.5885585
0.6865835 , 0.12852557 , 0.5585887
0.61309 , -0.08171733 , 0.54692084
0.53077894 , -0.10877066 , 0.5364526
0.7234342 , 0.5239906 , 0.57499886
0.6728616 , 0.04649388 , 0.55149883
0.59592927 , -0.134773 , 0.54099333
0.71939504 , 1.4227065 , 0.603135
0.7177752 , 0.3715469 , 0.5636272
0.657863 , -0.033540893 , 0.54498285
0.5790878 , -0.18351652 , 0.53492576
0.7335217 , 1.1233037 , 0.5896062
0.70872635 , 0.2367273 , 0.55399126
0.859554 , 1.4761662 , 0.49812785
0.79351616 , 0.016098553 , 0.48027557
0.7237654 , -0.9771486 , 0.46145627
0.6679334 , -1.6026733 , 0.45148748
0.8538149 , 1.0633267 , 0.49108705
0.7794675 , -0.30775195 , 0.47198004
0.7125769 , -1.2124014 , 0.45547688
0.6629106 , -1.8076781 , 0.44733754
0.84217584 , 0.6613654 , 0.48370442
0.7657163 , -0.6110528 , 0.4641638
0.70280683 , -1.4426855 , 0.45018098
0.6612245 , -2.0201812 , 0.44344285
0.82797605 , 0.2751392 , 0.47593635
0.75271773 , -0.8969341 , 0.45703855
0.69477946 , -1.6721604 , 0.4454826
0.8871117 , 1.4069963 , 0.48427352
0.8128895 , -0.09171985 , 0.4679895
0.7408588 , -1.1697258 , 0.45068973
0.6888451 , -1.9045634 , 0.44128275
0.87959766 , 0.9801305 , 0.47760996
0.7978528 , -0.43789548 , 0.46020812
0.7304652 , -1.4341989 , 0.44510165
0.6854765 , -2.1431024 , 0.4374704
0.8660316 , 0.5628727 , 0.47062826
0.78352344 , -0.7646904 , 0.45292422
0.72181326 , -1.6950173 , 0.44020066
0.685473 , -2.3903773 , 0.43392193
0.85010076 , 0.16043602 , 0.46328574
0.77041334 , -1.075539 , 0.4463525
0.7151594 , -1.956436 , 0.43588987
0.91664964 , 1.3039143 , 0.47118187
0.833542 , -0.22345626 , 0.4558235
0.7589124 , -1.3750863 , 0.44056347
0.71079284 , -2.222172 , 0.4320655
0.9072797 , 0.86455 , 0.46473074
0.81737566 , -0.58780885 , 0.44861966
0.7493025 , -1.6682882 , 0.43551865
0.70913076 , -2.4953547 , 0.42861912
0.89149135 , 0.43446237 , 0.4579748
0.8023615 , -0.93453825 , 0.44200778
0.7417905 , -1.9598134 , 0.43112612
0.7108782 , -2.7784917 , 0.42543495
0.8735766 , 0.019208461 , 0.45092353
0.7890742 , -1.2677094 , 0.43616652
0.7365564 , -2.2537754 , 0.42728075
0.9480582 , 1.1705174 , 0.45904014
0.8553445 , -0.37773386 , 0.4438959
0.77790356 , -1.5923654 , 0.43111306
0.73381734 , -2.5536718 , 0.4238818
0.9368405 , 0.7196085 , 0.45260328
0.8379034 , -0.7562482 , 0.43731898
0.7690816 , -1.9135361 , 0.42676255
0.733922 , -2.8624046 , 0.4208322
0.9184698 , 0.27875412 , 0.44587234
0.8221195 , -1.1194156 , 0.4315054
0.7627407 , -2.2356892 , 0.42299554
0.7374891 , -3.1822898 , 0.41803104
0.89825594 , -0.1461607 , 0.4389619
0.80862063 , -1.4722682 , 0.42655635
0.7589802 , -2.5625713 , 0.41969934
0.9811097 , 1.0120982 , 0.44809037
0.87811613 , -0.5523255 , 0.43231753
0.7977797 , -1.8203236 , 0.42239952
0.7579367 , -2.8972614 , 0.4167808
0.96818495 , 0.54972845 , 0.44141245
0.85925895 , -0.94115645 , 0.42642274
0.7897671 , -2.1685774 , 0.41888472
0.75987816 , -3.2422683 , 0.41416103
0.9467928 , 0.09964327 , 0.43445116
0.8426516 , -1.3174739 , 0.42153302
0.7846378 , -2.521117 , 0.41585892
0.7653355 , -3.5995972 , 0.41176134
0.92390186 , -0.3320467 , 0.4275086
0.8289458 , -1.6875592 , 0.417624
0.78241134 , -2.8811333 , 0.41320044
0.775085 , -3.9707365 , 0.4094951
0.9015992 , -0.7438187 , 0.421207
0.8184646 , -2.0574038 , 0.41450447
0.78314066 , -3.2511003 , 0.41082397
1.0011451 , 0.36004493 , 0.43132478
0.88120925 , -1.1394453 , 0.41607144
0.8112995 , -2.4318388 , 0.4119508
0.78700155 , -3.6329663 , 0.40867153
0.97617704 , -0.098151214 , 0.42381322
0.8637759 , -1.5260646 , 0.41223755
0.80742824 , -2.8144207 , 0.4097776
0.79442626 , -4.0282807 , 0.40669402
0.95016384 , -0.5338692 , 0.41665173
0.84991795 , -1.9113603 , 0.40950006
0.806798 , -3.2076542 , 0.4078527
0.8061149 , -4.43822 , 0.40483022
0.92544484 , -0.9478265 , 0.41068566
0.8398609 , -2.3016696 , 0.40753126
0.80938375 , -3.613271 , 0.40609264
1.0354524 , 0.15727924 , 0.4225297
0.9034643 , -1.3471881 , 0.40642747
0.833598 , -2.7014828 , 0.40604222
0.8152622 , -4.032491 , 0.4044553
1.0061792 , -0.3084289 , 0.41405043
0.8852788 , -1.7419221 , 0.40379217
0.8310328 , -3.1137185 , 0.40482596
0.8247463 , -4.4662366 , 0.40292397
0.9765349 , -0.7456021 , 0.40647465
0.8713851 , -2.1410348 , 0.40233704
0.83205545 , -3.540142 , 0.40374142
0.8384769 , -4.915236 , 0.40147692
0.949192 , -1.1586798 , 0.40089798
0.86185414 , -2.5509105 , 0.4016012
0.83657897 , -3.981689 , 0.40269592
1.0707368 , -0.05052139 , 0.41519305
0.9256737 , -1.5594965 , 0.39769036
0.856565 , -2.97548 , 0.40125626
0.8445859 , -4.4387245 , 0.40164533
1.0361477 , -0.52358866 , 0.40520874
0.9069173 , -1.9611474 , 0.39640078
0.85535413 , -3.4169605 , 0.40109396
0.8562481 , -4.9113336 , 0.4005971
1.0023159 , -0.95976806 , 0.39704892
0.8931745 , -2.3735456 , 0.3963096
0.85807234 , -3.8764174 , 0.40097138
0.87211263 , -5.399588 , 0.3995835
0.9722644 , -1.3694948 , 0.39202216
0.8843108 , -2.8026564 , 0.39685857
0.86459684 , -4.3540487 , 0.4007768
1.1065123 , -0.25316772 , 0.4094694
0.9474397 , -1.7706978 , 0.3901005
0.8800871 , -3.2516315 , 0.39771953
0.87484163 , -4.849343 , 0.40043375
1.0651351 , -0.73394495 , 0.3972848
0.9284254 , -2.1794026 , 0.39029106
0.8802827 , -3.721971 , 0.3987051
0.8888324 , -5.3613386 , 0.39993736
1.0265704 , -1.1669389 , 0.38845256
0.9150914 , -2.6055892 , 0.39161327
0.88472384 , -4.214145 , 0.39968234
0.9069435 , -5.889104 , 0.39937425
0.9939807 , -1.5720179 , 0.38429916
0.9070742 , -3.054258 , 0.3934851
0.89327705 , -4.727791 , 0.4005222
1.1421957 , -0.43785897 , 0.4054638
0.96833646 , -1.9744303 , 0.38394496
0.9040322 , -3.5276327 , 0.39561996
0.90583336 , -5.261683 , 0.40108868
1.0917746 , -0.92720056 , 0.39016956
0.9495177 , -2.392033 , 0.38571382
0.9057006 , -4.0265346 , 0.39786437
0.9223162 , -5.813753 , 0.4012912
1.048101 , -1.3554002 , 0.38079476
0.9369123 , -2.8336601 , 0.3884857
0.91188735 , -4.55096 , 0.40010214
0.9428575 , -6.381573 , 0.40120578
1.0136042 , -1.7567582 , 0.3780627
0.92995757 , -3.3029182 , 0.39175278
0.92245907 , -5.1002 , 0.40219977
1.1771917 , -0.5879156 , 0.40318307
0.98793876 , -2.1639452 , 0.37955302
0.9282433 , -3.801102 , 0.39529163
0.9373225 , -5.672666 , 0.40396866
1.114086 , -1.0873668 , 0.38360372
0.9698845 , -2.5942335 , 0.3829709
0.93147665 , -4.3284545 , 0.39897412
0.95639527 , -6.2655187 , 0.4051667
1.0654885 , -1.5107971 , 0.3742889
0.9583739 , -3.0540988 , 0.38730612
0.9394498 , -4.8846116 , 0.4026868
0.97962874 , -6.8745413 , 0.40565658
1.030443 , -1.9135052 , 0.37376067
0.95273376 , -3.5456889 , 0.39219105
0.952022 , -5.4686613 , 0.40628847
1.0076474 , -7.495575 , 0.40577152
1.0058384 , -2.3326273 , 0.37731734
0.95252955 , -4.069558 , 0.39744046
0.96911067 , -6.0789666 , 0.40956983
1.1292006 , -1.192548 , 0.37710166
0.9891763 , -2.781301 , 0.3826005
0.95745736 , -4.6255393 , 0.4029056
0.9906885 , -6.712668 , 0.41217217
1.077291 , -1.6157664 , 0.3693917
0.9791632 , -3.2632413 , 0.3889547
0.9672975 , -5.213014 , 0.40842435
1.0167689 , -7.3646216 , 0.41347924
1.0439522 , -2.0320835 , 0.37198442
0.9751339 , -3.779581 , 0.3960782
0.98189217 , -5.830933 , 0.41379482
1.0476764 , -8.026686 , 0.41337332
1.0215831 , -2.4741113 , 0.3781086
0.9766713 , -4.3304825 , 0.4037042
1.001135 , -6.477675 , 0.41874054
1.1332895 , -1.2126911 , 0.36941537
1.0069516 , -2.948447 , 0.3863351
0.98347634 , -4.9155846 , 0.41156116
1.0249794 , -7.150731 , 0.4228669
1.0826771 , -1.6527706 , 0.36704987
0.9988975 , -3.457249 , 0.3960411
0.9953221 , -5.5341387 , 0.4193757
1.0535256 , -7.846111 , 0.4257732
1.0536883 , -2.1047883 , 0.37489936
0.996854 , -4.001458 , 0.40659198
1.0120314 , -6.1849933 , 0.4268721
1.0873482 , -8.555663 , 0.42686838
1.0345962 , -2.5827801 , 0.38684818
1.0004423 , -4.5812993 , 0.41745785
1.0334617 , -6.8664546 , 0.43376932
0.71523046 , 0.94748086 , 0.6204664
0.78665143 , 1.9581661 , 0.48383528
0.9045757 , 1.2509459 , 0.38987702
1.109413 , -0.33882496 , 0.32697654
0.72854555 , 1.385873 , 0.5788022
0.8083598 , 1.9499271 , 0.45874313
0.94584036 , 0.920935 , 0.37215093
1.1749313 , -0.6127544 , 0.3137054
0.74416596 , 1.7107549 , 0.54531634
0.833931 , 1.8466557 , 0.4352598
0.9929701 , 0.5562275 , 0.35636503
1.2487422 , -0.72092414 , 0.2928586
0.761593 , 1.9279082 , 0.51583827
0.86404836 , 1.6570458 , 0.41351798
1.0461406 , 0.1820446 , 0.34248155
0.70012784 , 0.9515878 , 0.63000673
0.7810097 , 2.040001 , 0.4886726
0.89924836 , 1.3944427 , 0.3935644
1.1058108 , -0.16818976 , 0.32991374
0.7166676 , 1.409668 , 0.5856785
0.8030809 , 2.0490406 , 0.4632503
0.9399038 , 1.0746561 , 0.37550113
1.1735554 , -0.44647747 , 0.3171251
0.73527557 , 1.7531142 , 0.55132
0.82859945 , 1.9618062 , 0.4396682
0.9861607 , 0.71850437 , 0.3596599
1.223035 , -0.571738 , 0.3002444
0.7546584 , 1.9887961 , 0.5209087
0.8583356 , 1.7862533 , 0.4173345
1.03799 , 0.350901 , 0.34517702
0.67986363 , 0.95623827 , 0.6409306
0.7750873 , 2.1194024 , 0.49378312
0.8928543 , 1.536059 , 0.3975058
1.0951955 , 0.004618824 , 0.33313206
0.7029906 , 1.4325067 , 0.59315497
0.79748064 , 2.1457024 , 0.46792302
0.93250334 , 1.2266841 , 0.37901706
1.1573178 , -0.27421808 , 0.3206046
0.7261059 , 1.7936084 , 0.5564709
0.8228156 , 2.0747042 , 0.44328055
0.9772714 , 0.87948215 , 0.3619499
1.2201023 , -0.40910032 , 0.30422977
0.7478337 , 2.0473285 , 0.5284556
0.8519873 , 1.9133105 , 0.42337438
1.0267414 , 0.5191974 , 0.3506814
0.65278286 , 0.9595464 , 0.646479
0.769252 , 2.1964052 , 0.49542663
-0.28305277 , -13.869364 , 0.03728307
0.19735448 , -8.570914 , 0.088041514
-0.10325231 , -12.039621 , 0.046854556
-0.45451736 , -15.455782 , 0.03655319
0.06235186 , -10.17996 , 0.065690994
-0.25997156 , -13.621619 , 0.039584823
-0.6397096 , -17.059074 , 0.03679473
-0.08227213 , -11.773086 , 0.0509048
-0.42924678 , -15.216067 , 0.037647292
0.08227327 , -9.886994 , 0.071593754
-0.2371614 , -13.365058 , 0.04229679
-0.61216974 , -16.827187 , 0.03875779
-0.06145262 , -11.496697 , 0.055387046
-0.4042222 , -14.967316 , 0.039122943
0.10242481 , -9.5807705 , 0.07789485
-0.21461153 , -13.099543 , 0.045412235
-0.58476365 , -16.585783 , 0.040047348
-0.040763307 , -11.209708 , 0.060336735
-0.37947193 , -14.709692 , 0.04098646
0.12297957 , -9.259373 , 0.08446103
-0.19230227 , -12.824773 , 0.048939157
-0.5574933 , -16.334953 , 0.04118799
-0.020195736 , -10.911197 , 0.06580349
-0.3550047 , -14.443313 , 0.043232933
0.14419037 , -8.920177 , 0.09075207
-0.17021716 , -12.540173 , 0.05290152
-0.5303761 , -16.074892 , 0.042473458
0.00022150872 , -10.599897 , 0.07184635
-0.33080193 , -14.168186 , 0.045866743
-0.7199958 , -17.725224 , 0.043204624
-0.1483654 , -12.244947 , 0.057342403
-0.50341994 , -15.805874 , 0.04402339
0.020316966 , -10.274378 , 0.078523785
-0.30681205 , -13.884046 , 0.04890857
-0.6900014 , -17.461918 , 0.045494102
-0.12680794 , -11.937895 , 0.06233178
-0.4765803 , -15.5282755 , 0.04588425
0.03987633 , -9.932484 , 0.08587902
-0.2829342 , -13.590426 , 0.052394718
-0.6597737 , -17.189034 , 0.047073122
-0.105640456 , -11.617707 , 0.06798235
-0.44969395 , -15.242254 , 0.048097134
0.057249457 , -9.572294 , 0.093861386
-0.25889528 , -13.286322 , 0.056376297
-0.6292679 , -16.907074 , 0.04853658
-0.08479272 , -11.282078 , 0.07448349
-0.42242786 , -14.947877 , 0.050717596
0.06864573 , -9.1896715 , 0.101898834
-0.23396622 , -12.9710045 , 0.06091774
-0.5983714 , -16.61664 , 0.050096933
0.3578389 , -4.6417236 , 0.22451927
0.15766768 , -6.800234 , 0.20757958
-0.087294675 , -9.059124 , 0.244253
0.2706114 , -5.643497 , 0.21043336
0.047414746 , -7.8824334 , 0.21697842
0.3696007 , -4.543374 , 0.22840592
0.17169045 , -6.698346 , 0.20698327
-0.071457736 , -8.974121 , 0.2374106
0.28386524 , -5.540681 , 0.21264105
0.062635705 , -7.784844 , 0.21394461
0.38100535 , -4.436542 , 0.23299964
0.18605182 , -6.5937066 , 0.20689446
-0.055308647 , -8.885784 , 0.23145057
0.29687673 , -5.4342494 , 0.2151055
0.07807208 , -7.6840386 , 0.21145652
0.39272928 , -4.3237643 , 0.23896013
0.20041326 , -6.4859033 , 0.20728575
-0.0390152 , -8.793682 , 0.22625615
0.30938405 , -5.322619 , 0.21791211
0.09352369 , -7.5795717 , 0.2095087
-0.16483143 , -9.912064 , 0.25587663
0.21453607 , -6.374265 , 0.20811906
-0.022713007 , -8.697448 , 0.2217518
0.32156482 , -5.204725 , 0.2213163
0.108840264 , -7.471091 , 0.20809054
-0.14787 , -9.827333 , 0.24628538
0.2282904 , -6.258052 , 0.2093737
-0.0065067015 , -8.596697 , 0.21788682
0.33366778 , -5.081313 , 0.22549453
0.123917684 , -7.3581424 , 0.20718585
-0.13099135 , -9.737847 , 0.23863421
0.2416598 , -6.136342 , 0.21108745
0.009531279 , -8.491111 , 0.21462491
0.34567183 , -4.9535494 , 0.23035307
0.13869236 , -7.2402844 , 0.20677751
-0.114247546 , -9.643191 , 0.23223777
0.25472862 , -6.008743 , 0.21334727
0.025350366 , -8.380338 , 0.21193786
0.35741007 , -4.8224993 , 0.23549266
0.15313226 , -7.116938 , 0.20685984
-0.09766933 , -9.543033 , 0.22678268
0.26757374 , -5.8752933 , 0.21621543
0.040918145 , -8.264054 , 0.20980293
-0.23012242 , -10.719212 , 0.2554738
0.16724735 , -6.9876504 , 0.2074485
-0.08127646 , -9.43704 , 0.22210579
0.2802008 , -5.7365675 , 0.21966816
0.056212436 , -8.141873 , 0.20820381
-0.21313818 , -10.626005 , 0.24588858
0.1810706 , -6.852075 , 0.20857187
-0.065082625 , -9.324934 , 0.21811256
0.2925366 , -5.592939 , 0.22359616
0.07122694 , -8.01345 , 0.20713358
-0.19628526 , -10.526433 , 0.2381914
0.19463478 , -6.7102404 , 0.21024606
-0.049098983 , -9.206412 , 0.21474476
0.30449945 , -5.4447327 , 0.22781906
0.085966885 , -7.87843 , 0.20659499
-0.17956789 , -10.420222 , 0.23176813
0.20793723 , -6.562263 , 0.21245447
-0.03333231 , -9.081208 , 0.21196634
0.3160187 , -5.291794 , 0.23206605
0.10044807 , -7.7366376 , 0.20659398
-0.16299169 , -10.307106 , 0.2263042
0.22094832 , -6.4084244 , 0.21514633
-0.017786179 , -8.9490385 , 0.2097562
-0.30291042 , -11.548587 , 0.252669
0.11467944 , -7.5879703 , 0.20712861
-0.14656228 , -10.186861 , 0.22162735
0.23361826 , -6.248787 , 0.21824832
-0.0024582045 , -8.8097 , 0.20810309
-0.28577453 , -11.441897 , 0.24372478
0.12865907 , -7.4325104 , 0.20818053
-0.13028587 , -10.05926 , 0.21763942
0.24590865 , -6.0834303 , 0.22167203
0.012654221 , -8.663012 , 0.20699939
-0.26871297 , -11.327649 , 0.23637186
0.1423656 , -7.2703037 , 0.2097141
-0.11416687 , -9.924122 , 0.21428326
0.25778693 , -5.9121532 , 0.22531609
0.027552234 , -8.508923 , 0.2064338
-0.25173038 , -11.205654 , 0.2301697
0.15577248 , -7.101457 , 0.2116819
-0.098209605 , -9.78127 , 0.21152428
-0.4002192 , -12.502194 , 0.25808403
0.04222734 , -8.347399 , 0.20638646
-0.23483424 , -11.075764 , 0.22486545
0.168849 , -6.925908 , 0.21403073
-0.08241811 , -9.630606 , 0.20933893
-0.38247377 , -12.38622 , 0.24829783
0.05666486 , -8.178489 , 0.20682754
-0.21803403 , -10.937837 , 0.22031488
0.1815759 , -6.7436333 , 0.21670605
-0.06680015 , -9.472044 , 0.20770647
-0.36475325 , -12.261988 , 0.24019343
0.07084232 , -8.00217 , 0.20771922
-0.20133933 , -10.791775 , 0.21643417
0.19393678 , -6.554418 , 0.21966082
-0.05136651 , -9.305575 , 0.2066038
-0.34706283 , -12.12939 , 0.23336902
0.08473891 , -7.818449 , 0.20901881
-0.18476202 , -10.63749 , 0.21317151
0.20592809 , -6.358153 , 0.22288577
-0.036134645 , -9.131169 , 0.20600286
-0.32941392 , -11.988357 , 0.22752227
0.09833373 , -7.627203 , 0.21068068
-0.16831492 , -10.474948 , 0.21049045
-0.48572516 , -13.354334 , 0.2512835
-0.021123484 , -8.948834 , 0.20587084
-0.31182072 , -11.838821 , 0.22247297
0.11161524 , -7.4283404 , 0.21265799
-0.15201546 , -10.304112 , 0.20836036
-0.46700698 , -13.218189 , 0.24277663
-0.006355084 , -8.758497 , 0.20617105
-0.29429957 , -11.680755 , 0.21811537
0.1245736 , -7.221623 , 0.21490982
-0.13588257 , -10.124986 , 0.2067513
-0.44829398 , -13.073256 , 0.23555018
0.008152347 , -8.560102 , 0.20686367
-0.27686954 , -11.514131 , 0.21438418
0.13720925 , -7.0068884 , 0.21742718
-0.11993909 , -9.937531 , 0.20563197
-0.42959985 , -12.919523 , 0.22930188
0.022381354 , -8.353474 , 0.20790525
-0.2595515 , -11.338956 , 0.21123424
0.14952174 , -6.783812 , 0.22029477
-0.10420743 , -9.741728 , 0.20496905
-0.41094247 , -12.756984 , 0.2238433
0.03632235 , -8.138455 , 0.20924734
-0.24236949 , -11.155224 , 0.20862924
-0.5746415 , -14.189852 , 0.243659
-0.088711314 , -9.537471 , 0.20472719
-0.39234287 , -12.585654 , 0.21906455
0.049967423 , -7.91475 , 0.21083793
-0.22534889 , -10.962949 , 0.20653614
-0.55461746 , -14.030834 , 0.23636948
-0.07347031 , -9.324653 , 0.20486833
-0.3738253 , -12.405552 , 0.21489885
0.06331904 , -7.6820993 , 0.21263415
-0.20851731 , -10.762098 , 0.2049226
-0.5346125 , -13.862772 , 0.22994061
-0.05850314 , -9.103049 , 0.20534986
-0.35541585 , -12.216714 , 0.21130055
0.07638198 , -7.440079 , 0.21464871
-0.1919019 , -10.552638 , 0.20375547
-0.51464546 , -13.685696 , 0.22420749
-0.043821555 , -8.87242 , 0.20612137
-0.33714297 , -12.019159 , 0.2082331
-0.68680865 , -15.169693 , 0.24234645
-0.17553084 , -10.334452 , 0.20300023
-0.49473906 , -13.499649 , 0.21908621
-0.02943423 , -8.632372 , 0.20712055
-0.31903675 , -11.81292 , 0.20566334
-0.66523486 , -14.994854 , 0.23551166
-0.15942957 , -10.107398 , 0.20261987
-0.47491974 , -13.304677 , 0.21453056
-0.015339187 , -8.382494 , 0.20827045
-0.30112946 , -11.597983 , 0.20355861
-0.6437011 , -14.810789 , 0.22922328
-0.14362215 , -9.871201 , 0.20257288
-0.45521596 , -13.100837 , 0.21050824
-0.0015281965 , -8.122181 , 0.20948836
-0.28345376 , -11.374322 , 0.20188509
-0.6222228 , -14.617542 , 0.2234109
-0.1281268 , -9.625527 , 0.20280972
-0.4356593 , -12.888174 , 0.2069905
0.012025991 , -7.8508205 , 0.21075256
-0.2660443 , -11.141829 , 0.20060654
-0.6008217 , -14.415176 , 0.21805929
-0.112957984 , -9.369858 , 0.20326655
-0.41628286 , -12.666738 , 0.20394777
-0.77943295 , -15.957645 , 0.23266438
-0.24893396 , -10.900337 , 0.19968377
-0.57952344 , -14.203749 , 0.21317862
-0.09811951 , -9.103579 , 0.20385435
-0.3971241 , -12.436543 , 0.20134735
-0.7562014 , -15.755888 , 0.22698198
-0.23215531 , -10.649535 , 0.19907382
-0.5583576 , -13.9833355 , 0.20877326
-0.08360833 , -8.825823 , 0.20443836
-0.37822163 , -12.197573 , 0.1991513
-0.7330539 , -15.544794 , 0.22135785
-0.21573646 , -10.389003 , 0.1987284
-0.537358 , -13.754005 , 0.20483592
-0.06940317 , -8.535601 , 0.20480293
-0.3596169 , -11.949711 , 0.19731513
-0.7100036 , -15.32443 , 0.21591944
-0.19970477 , -10.118093 , 0.19858958
-0.5165638 , -13.515834 , 0.20134814
-0.055460818 , -8.231577 , 0.20467938
-0.34134963 , -11.692752 , 0.19578733
-0.6870713 , -15.09487 , 0.21079573
-0.18408433 , -9.835993 , 0.19857962
-0.49602205 , -13.268849 , 0.19827941
-0.87150687 , -16.690277 , 0.22308977
-0.3234592 , -11.426311 , 0.19451097
-0.37936428 , -11.7650175 , 0.18900357
-0.7258774 , -15.288345 , 0.19952975
-0.22273505 , -9.813472 , 0.19208448
-0.5339407 , -13.38907 , 0.19012357
-0.9114181 , -16.927147 , 0.21030276
-0.36170277 , -11.464953 , 0.18731357
-0.70196337 , -15.018463 , 0.19538707
-0.2087228 , -9.477334 , 0.19085106
-0.5135525 , -13.102163 , 0.18759362
-0.88460183 , -16.662952 , 0.20492642
-0.3448336 , -11.152185 , 0.18556263
-0.67829776 , -14.739935 , 0.191675
-0.19670731 , -9.121192 , 0.18808897
-0.49380583 , -12.80479 , 0.18521214
-0.8575874 , -16.389662 , 0.19976433
-0.32914877 , -10.824897 , 0.18363877
-0.65489817 , -14.452689 , 0.18834285
-1.0521863 , -18.059635 , 0.21016581
-0.47476047 , -12.495956 , 0.1829141
-0.8303114 , -16.107697 , 0.19503544
-0.31537545 , -10.481136 , 0.18142027
-0.63163733 , -14.156153 , 0.18532224
-1.0215523 , -17.782028 , 0.20526852
-0.4561737 , -12.173862 , 0.18067093
-0.8026943 , -15.817645 , 0.19080669
-0.30463222 , -10.116502 , 0.17890735
-0.60804856 , -13.849887 , 0.18254377
-0.9900189 , -17.494871 , 0.19980848
0.44789112 , -4.774065 , 0.17673248
0.3166339 , -6.261834 , 0.1665957
0.14850399 , -7.700862 , 0.15486325
-0.06200065 , -8.986204 , 0.13870879
-0.21737605 , -11.647937 , 0.15810123
-0.47431478 , -14.339852 , 0.14477177
-0.75992656 , -16.911486 , 0.13116987
0.5024713 , -3.9217086 , 0.18485653
1.0782284 , -1.5020572 , 0.6078936
1.106306 , -1.630602 , 0.9024417
1.0696123 , -1.693091 , 0.46229964
1.0908923 , -1.6883695 , 0.740353
1.1236514 , -1.9314921 , 1.0729601
1.0726675 , -1.7767223 , 0.5956932
1.1078095 , -1.9638898 , 0.88897663
1.0654229 , -1.8990504 , 0.44764355
1.0886856 , -1.9866718 , 0.72821474
1.1293781 , -2.2966743 , 1.0577364
1.0686796 , -2.040816 , 0.5829578
1.1096171 , -2.2912087 , 0.8756118
1.1553575 , -2.6707299 , 1.2601734
1.0871739 , -2.2784803 , 0.71600753
1.1353147 , -2.6562042 , 1.0426558
1.0658969 , -2.292362 , 0.5698986
1.111819 , -2.612417 , 0.8623374
1.16567 , -3.064068 , 1.2405738
1.0863473 , -2.5632613 , 0.7036863
1.1415491 , -3.0099337 , 1.027719
1.063903 , -2.5297806 , 0.55679166
1.1144317 , -2.9274237 , 0.84913725
1.176268 , -3.4520366 , 1.221666
1.0861615 , -2.8401036 , 0.6912328
1.1480997 , -3.3577743 , 1.0129226
1.0622904 , -2.7526357 , 0.543905
1.117438 , -3.2359743 , 0.8359904
1.1871514 , -3.8344991 , 1.2033855
1.0865221 , -3.1081927 , 0.67866695
1.1549472 , -3.6995723 , 0.99825984
1.0607438 , -2.9608445 , 0.53145385
1.120796 , -3.5378332 , 0.82287735
1.1982872 , -4.2112827 , 1.1856039
1.0873052 , -3.3665917 , 0.6660454
1.1620492 , -4.0352163 , 0.98372114
1.059024 , -3.1551712 , 0.51958627
1.1244546 , -3.832594 , 0.809784
