5.4470373e-11 , 6.73e-43 , 5.4470373e-11
6.73e-43 , 0.0 , 0.0
0.0 , 0.0 , -1.2734435e-19
4.5914e-41 , 2.1e-44 , -0.03257997
-0.2318019 , -0.49207437 , -0.08481918
-0.30990037 , -1.871175 , -0.116228394
-0.09465691 , 2.2541225 , -0.05922207
-0.094796814 , 2.2708776 , -0.05736235
-0.11003677 , 2.7678568 , -0.08861624
-0.16425094 , 2.9930449 , -0.07225155
-0.11950793 , 2.2213836 , -0.072200626
-0.15330476 , 2.3332982 , -0.06715272
-0.15543248 , 2.0289192 , -0.07426947
-0.15272819 , 2.0295706 , -0.08059537
-0.10016198 , 2.2077065 , -0.066770524
-0.10450682 , 2.0147188 , -0.07115213
-0.13048539 , 2.266102 , -0.077881746
-0.13099876 , 2.262469 , -0.076157145
-0.11562419 , 2.2438552 , -0.067032
-0.14973918 , 2.5372663 , -0.06575796
-0.103772804 , 2.001624 , -0.07700514
-0.09792876 , 2.136646 , -0.09420369
-0.089526124 , 2.5532556 , -0.10928494
-0.08681348 , 2.8365529 , -0.104083255
-0.15150718 , 2.056958 , -0.08100884
-0.10271595 , 2.2084827 , -0.06856311
-0.105206326 , 2.0230088 , -0.07303895
-0.10004069 , 2.0849094 , -0.09054485
-0.12493154 , 2.3447006 , -0.08087201
-0.11886146 , 2.2434125 , -0.06066607
-0.15039703 , 2.436804 , -0.06744933
-0.15400647 , 2.0846102 , -0.07377734
-0.097344086 , 2.2337244 , -0.09872086
-0.087961115 , 2.6941144 , -0.11342812
-0.09318047 , 2.9436514 , -0.10493813
-0.11660609 , 2.2573519 , -0.064416625
-0.106581405 , 2.1676052 , -0.055442404
-0.10517222 , 2.0266306 , -0.07796608
-0.0995303 , 2.163987 , -0.095206216
-0.09202608 , 2.582904 , -0.11001388
-0.12074541 , 2.2516725 , -0.22461262
-0.15066972 , 2.3457055 , -0.06895834
-0.15320528 , 2.061728 , -0.076207876
-0.15041324 , 2.0777504 , -0.08176118
-0.11207063 , 2.8031723 , -0.07369546
-0.099248156 , 3.0582666 , -0.106649466
-0.11902306 , 2.2544022 , -0.052359983
-0.14841774 , 2.4627144 , -0.06821257
-0.101584285 , 2.1380887 , -0.093234405
-0.094948776 , 2.5207894 , -0.107822835
-0.11451662 , 2.8558888 , -0.09103035
-0.1527839 , 2.9893467 , -0.0751607
-0.09804582 , 2.358011 , -0.05419228
-0.09857678 , 2.3745458 , -0.054412834
-0.13528542 , 2.7852976 , -0.07462283
-0.15014958 , 2.3136508 , -0.07015652
-0.15232727 , 2.0637178 , -0.07763462
-0.15080523 , 2.22214 , -0.072362415
-0.15161756 , 2.0570636 , -0.0799384
-0.14586212 , 2.1741982 , -0.075815216
-0.09951864 , 2.3223927 , -0.10200515
-0.08922665 , 2.792947 , -0.10808478
-0.09989191 , 3.0386603 , -0.10687914
-0.12008432 , 2.2756155 , -0.028919501
-0.14803709 , 2.3967028 , -0.06980404
-0.15143414 , 2.0702503 , -0.07914921
-0.14548503 , 2.1814682 , -0.078534365
-0.10995099 , 2.1338105 , -0.0672934
-0.10512265 , 2.0941324 , -0.0881894
-0.09844251 , 2.4505625 , -0.106010966
-0.11404282 , 2.873784 , -0.091112815
-0.1467751 , 2.9692247 , -0.07581717
-0.14744051 , 2.4047348 , -0.070076235
-0.15032005 , 2.19113 , -0.074179046
-0.14999449 , 2.0817838 , -0.082243256
-0.1082929 , 2.2771604 , -0.049746152
-0.10892444 , 2.078881 , -0.076864496
-0.10300632 , 2.2025824 , -0.09652017
-0.09606872 , 2.6939504 , -0.10956606
-0.10035014 , 3.023894 , -0.10699704
-0.12719755 , 2.3288445 , -0.07846923
-0.12791373 , 2.3235838 , -0.07836927
-0.14913352 , 2.099243 , -0.08319984
-0.1366964 , 2.277618 , -0.06638354
-0.111063495 , 2.1463048 , -0.06884191
-0.10692683 , 2.091185 , -0.08624055
-0.10157437 , 2.3309164 , -0.10232378
-0.09360994 , 2.794987 , -0.10779018
-0.146772 , 3.0239635 , -0.07574145
-0.15340169 , 3.0967214 , -0.07484044
-0.10566258 , 3.1303692 , -0.108556874
-0.12951462 , 2.3122969 , -0.07737825
-0.066083334 , 0.04807783 , -0.1696135
-0.11650917 , 0.06415584 , -0.15379454
-0.12908995 , 0.81353647 , -0.15951082
-0.1372602 , 0.6508455 , -0.16037253
-0.15305172 , 1.5295635 , -0.1457676
-0.14337745 , 2.2409813 , -0.11247664
-0.105499215 , 2.319599 , -0.06810003
-0.07376588 , 1.2266576 , -0.17197669
-0.11349646 , 2.210447 , -0.12109675
-0.09741461 , 1.645658 , -0.15086609
-0.06278538 , 0.811751 , -0.18143162
-0.110187545 , 2.08297 , -0.12926123
-0.0903382 , 1.4366027 , -0.15966515
-0.04699719 , 0.51945263 , -0.18732956
-0.14080924 , 2.2794704 , -0.1083793
-0.12880537 , 2.3379385 , -0.08432702
-0.11395611 , 2.2084806 , -0.12108966
-0.09150275 , 1.4656361 , -0.15839878
-0.049797326 , 0.55821973 , -0.18678598
-0.13941513 , 0.67981064 , -0.16018519
-0.11954409 , 2.338361 , -0.10773086
-0.10631875 , 1.9280503 , -0.13748717
-0.08146492 , 1.2040509 , -0.16854584
-0.11634331 , 2.2645721 , -0.11636338
-0.1012256 , 1.7505351 , -0.1459238
-0.07047524 , 0.95074075 , -0.17712627
-0.1502278 , 2.0991893 , -0.122913845
-0.12222049 , 2.362379 , -0.08604169
-0.12007922 , 2.3356183 , -0.10773904
-0.102127954 , 1.7759774 , -0.14469899
-0.07216229 , 0.9847833 , -0.17596632
-0.13070291 , 0.1697086 , -0.15733725
-0.12741561 , 2.3519447 , -0.09077915
-0.11328001 , 2.1542804 , -0.12457175
-0.094822496 , 1.5497283 , -0.15460935
-0.12286136 , 2.3542836 , -0.10234957
-0.1094504 , 2.0151842 , -0.13273755
-0.08673041 , 1.3286425 , -0.16349086
-0.15487026 , 1.8500911 , -0.1352062
-0.138516 , 2.3058808 , -0.10421308
-0.1279483 , 2.3485184 , -0.09076418
-0.11021004 , 2.0357625 , -0.13155729
-0.08794037 , 1.359216 , -0.16221832
-0.043777738 , 0.3981413 , -0.1891723
-0.11795308 , 2.3468332 , -0.08062846
-0.119533926 , 2.3047357 , -0.1115242
-0.104811616 , 1.8492175 , -0.14104457
-0.13186961 , 2.3151896 , -0.08103415
-0.116153225 , 2.2162633 , -0.11988061
-0.09883319 , 1.6605219 , -0.14959869
-0.15505172 , 1.5418761 , -0.14540304
-0.14918877 , 2.149859 , -0.11943814
-0.11853062 , 2.3434665 , -0.08076566
-0.12001106 , 2.3023221 , -0.11152379
-0.10494399 , 1.8473022 , -0.14103207
-0.076341465 , 1.0769074 , -0.17239425
-0.075415865 , -0.020789407 , -0.17098896
-0.14908013 , 1.0739762 , -0.15550314
-0.15539826 , 1.8462627 , -0.13536713
-0.13913988 , 2.3010576 , -0.104346156
-0.12895806 , 2.3417706 , -0.090756446
-0.12212154 , 2.3248389 , -0.107763745
-0.107366025 , 1.9191341 , -0.13742323
-0.08052197 , 1.1788327 , -0.16862124
-0.029425453 , 0.13113955 , -0.19129816
-0.12015972 , 2.2887764 , -0.112738736
-0.10425427 , 1.8189018 , -0.14221947
-0.07402733 , 1.0315764 , -0.17368898
-0.13296758 , 0.014190891 , -0.15413912
-0.118195005 , 2.2399628 , -0.117502525
-0.10067848 , 1.710669 , -0.1470996
-0.06671833 , 0.8758032 , -0.17861027
0.15567473 , -1.4628623 , -0.2407618
-0.06280565 , -0.46624643 , -0.16980733
-0.040573485 , -0.7699071 , -0.17698674
-0.013867797 , -1.1941694 , -0.18220623
-0.037253886 , -0.8395791 , -0.1614592
-0.07119389 , 2.4006681 , -0.11710817
0.0023363347 , 1.0524395 , -0.15960936
0.11167451 , -0.7627686 , -0.21044494
-0.055358108 , -0.54030734 , -0.15774412
-0.061558943 , 2.2340796 , -0.12363282
0.017998898 , 0.780803 , -0.16682842
0.13299455 , -1.0806516 , -0.22211094
-0.07220023 , -0.24227361 , -0.15520449
-0.051038448 , 2.0461073 , -0.13026273
0.034734108 , 0.49661225 , -0.17426918
0.15522085 , -1.4013611 , -0.23705989
-0.08763632 , 0.052979525 , -0.15333681
-0.03956649 , 1.8383425 , -0.1369806
0.052530285 , 0.20148107 , -0.18200397
0.010262926 , -1.5779825 , -0.18028232
-0.10155952 , 0.3437605 , -0.15182701
-0.02386707 , 1.5523719 , -0.14553282
0.07605953 , -0.1791347 , -0.19226842
-0.015143847 , -1.1974163 , -0.16635513
-0.11671585 , 0.6993297 , -0.15015487
-0.15185699 , 2.1978354 , -0.13932297
-0.12619969 , 2.9265819 , -0.11956194
-0.11184731 , 2.9408484 , -0.084331855
-0.06337872 , 2.289225 , -0.12184074
0.0011058487 , 1.1081111 , -0.15781333
0.11206144 , -0.735118 , -0.20874573
-0.049045485 , -0.664755 , -0.15792
-0.13358828 , 1.172867 , -0.14778176
0.016854415 , 0.83381206 , -0.16505423
0.13384135 , -1.0593724 , -0.22023559
-0.066817425 , -0.35944796 , -0.15529898
-0.14090022 , 1.4289341 , -0.14627393
0.033725712 , 0.5461843 , -0.17252052
0.15655915 , -1.3870808 , -0.23488408
-0.08314945 , -0.05650386 , -0.15343186
-0.1465288 , 1.6723944 , -0.14462131
0.051705852 , 0.24703658 , -0.18027496
0.10078643 , -1.7271951 , -0.22317924
-0.097928986 , 0.24226312 , -0.15196595
-0.15048148 , 1.9009823 , -0.14277697
0.070787214 , -0.062411964 , -0.18842791
-0.0011914847 , -1.4194827 , -0.16966903
-0.11108581 , 0.53539366 , -0.15071443
-0.15280412 , 2.113798 , -0.14066587
0.09094651 , -0.38041934 , -0.19722752
-0.022455404 , -1.1074111 , -0.16239639
-0.12256022 , 0.82071537 , -0.14947483
-0.09720779 , 2.8607168 , -0.09615038
-0.037377957 , 1.8490509 , -0.1366416
0.05865526 , 0.15181705 , -0.18242861
0.0181909 , -1.6967511 , -0.17877653
-0.1015845 , 0.29938394 , -0.15156785
-0.15240796 , 1.9612434 , -0.1424051
-0.138173 , 2.9055743 , -0.12465333
-0.12252411 , 2.9940183 , -0.07919449
0.042134326 , -2.1885169 , -0.18579789
-0.14257385 , 2.8473873 , -0.12746531
-0.14996748 , 1.7933913 , -0.14392489
-0.090684146 , 0.06430771 , -0.15248449
-0.09802679 , -0.18064556 , -0.15216555
-0.17324744 , 2.1693933 , -0.14310263
0.15902679 , -1.3826466 , -0.23239654
0.012393556 , 0.9548179 , -0.16138338
-0.11015688 , 2.9813068 , -0.08671315
-0.11820453 , 3.2013597 , -0.08870721
0.034677397 , 0.6153701 , -0.16629054
0.20958127 , -2.149049 , -0.24608417
0.12506106 , -2.0138743 , -0.22954491
0.16890922 , -3.5809743 , -0.16018091
0.34746823 , -5.4218307 , -0.16698077
0.6322841 , -6.6578436 , -0.24658853
0.4354173 , -4.83772 , -0.22971961
0.2711551 , -2.9757326 , -0.23635183
0.14819466 , -3.3435535 , -0.16099067
-0.70726144 , -8.295026 , -0.06794974
-0.7048132 , -8.252001 , -0.06446076
-0.7077448 , -8.381586 , -0.06718943
-0.7173407 , -8.618923 , -0.06883216
-0.43776768 , -8.433435 , 0.025793485
-0.43134895 , -8.207414 , 0.026832744
-0.67819005 , -7.870996 , -0.033203207
-0.68224293 , -7.989493 , -0.053569946
-0.68759364 , -8.11885 , -0.060665134
-0.4116719 , -8.116652 , 0.024685798
0.20687966 , -2.0791214 , -0.2594861
0.035699703 , -2.0009792 , -0.18885721
0.20748736 , -2.056611 , -0.2817085
0.2160766 , -2.226256 , -0.2626154
0.22816512 , -2.3945997 , -0.2589398
0.060029514 , -2.3724864 , -0.18776074
0.054982834 , -2.2570791 , -0.18761434
0.05045708 , -2.1337519 , -0.18521789
0.2278001 , -2.4105453 , -0.25658977
0.21239227 , -4.1232424 , -0.15920338
0.3865475 , -5.917898 , -0.16683799
0.28814816 , -3.2321234 , -0.24310802
0.22871341 , -2.4280052 , -0.25491738
0.0801661 , -2.6447036 , -0.18219377
-1.0312095 , -14.963412 , -0.10899444
-1.2213331 , -16.3054 , -0.16675663
-0.90834564 , -10.81758 , -0.12818314
-0.9902941 , -12.197742 , -0.14649926
-0.7406136 , -9.032146 , -0.08304931
-0.7873375 , -9.336556 , -0.09231811
-0.6879151 , -11.040609 , -0.03314119
-0.72051907 , -8.442835 , -0.0713179
-0.96816367 , -11.4999 , -0.14721955
-0.6651811 , -10.784113 , -0.028245578
-0.5591912 , -7.977458 , -0.0062023574
0.064921595 , -2.331293 , -0.17396215
0.38456073 , -4.300919 , -0.22865266
0.2291514 , -2.4097657 , -0.24663438
0.117413945 , -1.9432966 , -0.23221532
0.5714753 , -6.1167707 , -0.23954727
0.38374656 , -4.2895656 , -0.22861296
0.22817262 , -2.3969836 , -0.24644051
-0.8206895 , -12.4269705 , -0.06452989
-0.547977 , -9.430395 , -0.0040123165
-0.8421274 , -10.027003 , -0.11058838
-0.7967607 , -12.173696 , -0.058932714
-0.5264593 , -9.167939 , -0.0003449857
0.106313646 , -1.8479476 , -0.22207902
0.4689683 , -5.1589007 , -0.23134881
0.29800007 , -3.3077977 , -0.23187299
-0.54021657 , -7.775622 , 0.0035845006
0.118294865 , -2.9917266 , -0.1631443
0.320436 , -5.147887 , -0.16532144
0.6198292 , -6.53115 , -0.24540292
0.395935 , -4.414462 , -0.22866638
0.2152639 , -2.213028 , -0.25068513
-0.9757685 , -11.566191 , -0.15086466
-1.3282688 , -14.968208 , -0.2520694
-0.92626774 , -13.444809 , -0.09058232
-0.59857255 , -10.010981 , -0.014519663
-1.0259213 , -14.361709 , -0.11615076
-0.7273571 , -11.43033 , -0.04297135
-0.46474314 , -8.391631 , 0.010364839
0.11800996 , -1.9847858 , -0.22327495
-0.55609655 , -7.919636 , -0.009205337
0.04800141 , -2.1373713 , -0.17691658
0.21343257 , -4.050853 , -0.16061744
0.4015091 , -5.884307 , -0.17270556
0.55692786 , -5.957092 , -0.23863806
0.3702765 , -4.1250563 , -0.22822866
0.21481302 , -2.2171268 , -0.24630176
-0.9161433 , -10.869759 , -0.13618658
-1.20364 , -13.796884 , -0.21905412
-1.0864533 , -14.848591 , -0.13241719
-0.77925456 , -11.930042 , -0.055595122
-0.5125376 , -8.94223 , 0.0003109665
-0.86366445 , -10.258206 , -0.12105754
-1.1406196 , -13.194953 , -0.20141496
-1.1532459 , -15.4153595 , -0.15007828
-0.83605534 , -12.495841 , -0.06915159
-0.5623769 , -9.536588 , -0.008790111
-0.5247253 , -7.4924045 , -0.01478932
0.111287855 , -2.9082453 , -0.16356932
0.28455654 , -4.777685 , -0.16353443
0.4840911 , -6.6007853 , -0.18283033
0.47757247 , -5.2170715 , -0.23211971
0.30355874 , -3.3653512 , -0.23006764
-0.5424938 , -7.774478 , 0.0048167366
0.06499996 , -2.351385 , -0.17109065
0.23284104 , -4.2507663 , -0.16125712
0.4243628 , -6.080925 , -0.17531532
0.53119296 , -5.716885 , -0.2363194
0.3483197 , -3.8793464 , -0.22822863
-0.6988822 , -8.182409 , -0.06660697
-0.9458138 , -11.189589 , -0.14579777
-1.2396542 , -14.107299 , -0.23046605
-1.0448726 , -14.457434 , -0.12164972
-0.7436854 , -11.542069 , -0.047588058
-0.48321664 , -8.548354 , 0.0052739955
-0.8922995 , -10.581375 , -0.13051079
-1.1752042 , -13.505543 , -0.21230625
-1.1101305 , -15.021987 , -0.13884734
-0.79947084 , -12.108869 , -0.060667858
-0.53118545 , -9.142162 , -0.003437415
0.097115576 , -1.7012823 , -0.22463043
0.12907924 , -3.114414 , -0.1620878
0.3052684 , -4.9756303 , -0.1649402
0.5820846 , -6.797222 , -0.21923213
0.45338848 , -4.9756174 , -0.2307277
0.28298062 , -3.1144018 , -0.23138942
-0.5375994 , -7.6255364 , -0.0025140785
0.082360305 , -2.5630186 , -0.16728908
0.2526481 , -4.4501233 , -0.1621414
0.44767132 , -6.2774816 , -0.17823824
0.5059165 , -5.476371 , -0.23429242
0.32675597 , -3.6322134 , -0.22853525
-0.7249909 , -8.521361 , -0.078609034
-0.97613555 , -11.5061655 , -0.15551327
-1.2764245 , -14.417212 , -0.24226525
-1.004129 , -14.067607 , -0.11125898
-0.70879036 , -11.154232 , -0.039905317
-0.45544547 , -8.157552 , 0.012651134
-0.55074745 , -5.038722 , -0.16736807
-0.75263864 , -7.02567 , -0.23484622
-0.65481246 , -7.5858617 , -0.11765397
-0.44572666 , -5.5880594 , -0.05010185
-0.28121346 , -3.6828718 , -0.02062985
-1.1113898 , -14.310465 , -0.14968438
-0.9905236 , -12.327061 , -0.14310616
-0.86124194 , -10.256853 , -0.14345223
-0.2560797 , -3.319149 , -0.022622844
-0.3209896 , -4.6874037 , -0.016868792
-0.36711395 , -5.9415555 , -0.0042110076
-0.41334257 , -7.177597 , 0.010810039
-0.93389964 , -8.827413 , -0.30019754
-1.0783687 , -10.833204 , -0.3072281
-1.2296131 , -12.899976 , -0.30537263
-1.3677708 , -14.823399 , -0.2949222
-0.6600022 , -7.465806 , -0.07972544
-0.5875475 , -6.239829 , -0.10019811
-0.51060456 , -4.991667 , -0.11497752
-0.4225754 , -3.6781087 , -0.13777909
-0.30280674 , -4.247497 , -0.020691775
-0.35027355 , -5.511017 , -0.008397912
-0.3955581 , -6.748173 , 0.0059656966
-0.4405772 , -7.9175167 , 0.019547787
-0.6264611 , -6.8954086 , -0.08994834
-0.55172575 , -5.6598907 , -0.10605546
-0.4726245 , -4.402992 , -0.122599006
-0.2675266 , -3.45821 , -0.025979355
-0.32251957 , -4.781958 , -0.015386389
-0.3674752 , -6.022118 , -0.0022966044
-0.4129619 , -7.244962 , 0.013589406
-0.6623117 , -7.5270286 , -0.07365999
-0.591409 , -6.317804 , -0.097234204
-0.51560086 , -5.0819983 , -0.112064585
-0.43124402 , -3.7961566 , -0.13428932
-0.29252714 , -4.0380645 , -0.022483522
-0.34027883 , -5.299023 , -0.009788614
-0.3845691 , -6.5274024 , 0.0044185673
-0.4293651 , -7.7110243 , 0.021956544
-0.6296877 , -6.9657807 , -0.08612046
-0.55597526 , -5.742056 , -0.103283904
-0.47852162 , -4.50112 , -0.11927902
-0.25545928 , -3.2288055 , -0.029170983
-0.31269306 , -4.573902 , -0.016797911
-0.35718045 , -5.8066864 , -0.0037890899
-0.40158725 , -7.023866 , 0.012022315
-0.6642482 , -7.582865 , -0.06573775
-0.59511685 , -6.3932467 , -0.094220035
-0.5203471 , -5.1692033 , -0.10920272
-0.43891203 , -3.9069345 , -0.13005
-0.2821144 , -3.8288517 , -0.024518259
-0.3304821 , -5.089271 , -0.011177175
-0.37386155 , -6.3085437 , 0.0027729787
-0.41786593 , -7.498208 , 0.021272587
-0.63272226 , -7.032983 , -0.0819651
-0.5600581 , -5.8216186 , -0.100531474
-0.48404118 , -4.5953135 , -0.11600965
-0.3982193 , -3.2657719 , -0.15579112
-0.30291784 , -4.367377 , -0.018227464
-0.34713262 , -5.5936565 , -0.0052925316
-0.39046732 , -6.803407 , 0.010147432
-0.6656947 , -7.63167 , -0.053066514
-0.5986661 , -6.466109 , -0.0911403
-0.5248632 , -5.2534385 , -0.10639817
-0.4458256 , -4.0118356 , -0.1255861
-0.2716553 , -3.6191056 , -0.026630595
-0.32086614 , -4.8816714 , -0.012547759
-0.36344248 , -6.0918345 , 0.0010826096
-0.4065353 , -7.2820477 , 0.019088076
-0.63555956 , -7.096662 , -0.077382885
-0.5639938 , -5.898632 , -0.09779594
-0.48924163 , -4.68586 , -0.11283594
-0.4064423 , -3.3985398 , -0.15123338
-0.29313746 , -4.1621313 , -0.019635309
-0.33731562 , -5.3830533 , -0.006785264
-0.37960815 , -6.5841737 , 0.0081490055
-0.6659715 , -7.670304 , -0.011544671
-0.60205156 , -6.536294 , -0.08798985
-0.5291683 , -5.334831 , -0.10365676
-0.4521369 , -4.111706 , -0.1212955
-0.26216426 , -3.4073708 , -0.028077666
-0.3113864 , -4.6760926 , -0.013877665
-0.35329086 , -5.877437 , -0.0006148198
-0.3954337 , -7.06443 , 0.016383987
-0.6381584 , -7.156317 , -0.07229865
-0.5677773 , -5.9731336 , -0.09507867
-0.49414757 , -4.7730007 , -0.10978115
-0.41193506 , -3.5161688 , -0.13804972
-0.2833439 , -3.9578612 , -0.020916969
-0.3277643 , -5.174876 , -0.0082486225
-0.3690767 , -6.3666196 , 0.006127522
-0.4086328 , -7.5089946 , 0.025411183
-0.6053326 , -6.6036344 , -0.084777914
-0.53333116 , -5.413475 , -0.10098076
-0.4580204 , -4.207086 , -0.11731845
-0.25216636 , -3.1901937 , -0.02778384
-0.30190152 , -4.4723577 , -0.01513851
-0.34329644 , -5.665449 , -0.0022965742
-0.38442388 , -6.846573 , 0.013656845
-0.64032483 , -7.211194 , -0.06692043
-0.5713071 , -6.045141 , -0.09238235
-0.49869296 , -4.8569455 , -0.1068488
-0.4190634 , -3.6253347 , -0.1291787
-0.27361724 , -3.7541337 , -0.021870947
-0.31858587 , -4.969074 , -0.009673268
-0.35901365 , -6.15107 , 0.004126595
-0.39857563 , -7.301263 , 0.02165947
-0.6086886 , -6.667901 , -0.08154138
-0.5374983 , -5.4894524 , -0.09836506
-0.46368837 , -4.2983737 , -0.11365015
-0.29729626 , -2.975301 , -0.083155036
-0.292297 , -4.270318 , -0.016309816
-0.33339775 , -5.4559875 , -0.003962251
-0.37345698 , -6.6293955 , 0.01106586
-0.64190084 , -7.259946 , -0.06213414
-0.57450444 , -6.114568 , -0.089706406
-0.502846 , -4.937813 , -0.10401878
-0.4256353 , -3.728172 , -0.12291766
-0.26354235 , -3.5501242 , -0.022249587
-0.30952847 , -4.7654185 , -0.01108094
-0.34914523 , -5.937612 , 0.002139663
-0.3883695 , -7.0892053 , 0.018015627
-0.6118604 , -6.7289667 , -0.07837212
-0.5414746 , -5.5629663 , -0.0957794
-0.4689537 , -4.386018 , -0.11020364
-0.38193408 , -3.1226273 , -0.13684936
-0.018707424 , -1.1162448 , -0.18130758
-0.043606617 , -0.7249979 , -0.17598723
-0.06715561 , -0.42591554 , -0.16768962
-0.116729185 , -0.11993576 , -0.15199961
-0.06273147 , -0.48129526 , -0.16886033
-0.03987609 , -0.7855627 , -0.17659041
-0.013852638 , -1.2004788 , -0.18200056
0.018081538 , -0.20694067 , -0.1897906
0.058971252 , -0.5326367 , -0.19446799
0.09432375 , -0.8481906 , -0.20683254
0.14066689 , -1.3091872 , -0.230281
0.13753043 , -1.2870973 , -0.22829847
0.09255553 , -0.84078217 , -0.20586939
0.057405606 , -0.5285129 , -0.19398047
0.014097231 , -0.19272548 , -0.18965165
-0.07093036 , -0.401252 , -0.16471823
-0.044916533 , -0.7033327 , -0.1745795
-0.021032792 , -1.0698076 , -0.18011004
0.015947783 , -1.65809 , -0.18816565
0.118335605 , -1.0877845 , -0.21682502
0.07867829 , -0.71572375 , -0.19993322
0.043344446 , -0.41396615 , -0.19093573
-0.100667275 , -0.2137179 , -0.15359461
-0.056928407 , -0.5553338 , -0.16993248
-0.034260303 , -0.8694419 , -0.17717199
-0.006523889 , -1.3131695 , -0.18284048
0.14810163 , -1.4068909 , -0.23343354
0.10063034 , -0.92813885 , -0.20836622
0.06458366 , -0.602874 , -0.19533513
0.024445815 , -0.27933678 , -0.18880838
-0.073322594 , -0.39915273 , -0.16255254
-0.045075398 , -0.7068892 , -0.17366974
-0.02162075 , -1.0628922 , -0.17943846
0.012857159 , -1.6187334 , -0.18722628
0.12717937 , -1.1908723 , -0.22023073
0.08584439 , -0.7953218 , -0.2018603
0.05053542 , -0.48952988 , -0.19176605
-0.112528116 , -0.1979749 , -0.14910528
-0.057434097 , -0.5578237 , -0.16854958
-0.034003902 , -0.8700868 , -0.17646395
-0.0070636277 , -1.2960808 , -0.18193652
0.1593521 , -1.5332221 , -0.23902652
0.1090392 , -1.0189643 , -0.21094567
0.07185285 , -0.6782349 , -0.19680178
0.033530455 , -0.3619718 , -0.18879126
-0.07627813 , -0.395141 , -0.16005841
-0.045183 , -0.71028405 , -0.1727025
-0.021904867 , -1.0575069 , -0.1787615
0.010780848 , -1.5853876 , -0.18556109
0.13657966 , -1.2989879 , -0.22378966
0.093344525 , -0.8774924 , -0.2038875
0.057765417 , -0.56474 , -0.19281727
0.0021693648 , -0.19878307 , -0.18674205
-0.058360066 , -0.5592247 , -0.16703281
-0.033880226 , -0.8713057 , -0.17571492
-0.0077080163 , -1.2814851 , -0.18104269
0.17095011 , -1.6672242 , -0.2448553
0.11760096 , -1.1136787 , -0.21363616
0.079096586 , -0.755071 , -0.19839557
0.04181615 , -0.44195944 , -0.18938047
-0.08009755 , -0.38914073 , -0.15708043
-0.045322534 , -0.7133744 , -0.17165573
-0.021990668 , -1.053494 , -0.17806399
0.009338028 , -1.556669 , -0.18388934
0.14652078 , -1.4124686 , -0.22749022
0.1011583 , -0.9625039 , -0.20602132
0.065035954 , -0.6400663 , -0.1940512
0.018670356 , -0.2927819 , -0.18563831
-0.05967598 , -0.5593895 , -0.16536516
-0.03379594 , -0.8729197 , -0.17491601
-0.008260113 , -1.2691028 , -0.18017706
0.18324734 , -1.8103515 , -0.2500777
0.12644865 , -1.2125857 , -0.21643136
0.08644626 , -0.83372766 , -0.20010693
0.04970655 , -0.5202193 , -0.19034158
-0.08536125 , -0.381076 , -0.15333547
-0.04560907 , -0.7159742 , -0.17052554
-0.022002075 , -1.0506374 , -0.17734663
0.008155301 , -1.5317298 , -0.18243021
0.15692198 , -1.531796 , -0.23126455
0.109230496 , -1.0506668 , -0.20825331
0.072318666 , -0.715971 , -0.19542983
0.029871326 , -0.38102582 , -0.18618856
-0.061423946 , -0.5582065 , -0.1635494
-0.033733193 , -0.87476176 , -0.17406678
-0.008668681 , -1.2587017 , -0.17934819
0.028523324 , -1.8630693 , -0.18371111
0.1356537 , -1.3159872 , -0.2193095
0.093970366 , -0.914522 , -0.20192198
0.057392836 , -0.5974626 , -0.19151925
-0.0932111 , -0.37107587 , -0.14909525
-0.046096362 , -0.71791416 , -0.1693161
-0.021970734 , -1.0487384 , -0.176611
0.007156938 , -1.5100228 , -0.18118843
0.16781622 , -1.6575563 , -0.23499976
0.117570564 , -1.1422808 , -0.21057029
0.07964608 , -0.7928657 , -0.19692479
0.039351057 , -0.46515372 , -0.18755776
-0.03149652 , -1.1790899 , -0.16676761
0.10312597 , -2.538525 , -0.17558305
0.35543513 , -3.7979596 , -0.23735158
0.2021763 , -2.429412 , -0.21778871
0.067336835 , -1.0718607 , -0.20295261
0.62175786 , -6.3629966 , -0.250736
0.5483391 , -5.5421753 , -0.24731125
0.46685794 , -4.7524304 , -0.24167627
0.3826093 , -4.0389304 , -0.23743708
0.05850212 , -0.6285169 , -0.19119197
0.09582997 , -0.9499487 , -0.20134275
0.13720284 , -1.3472769 , -0.21772721
0.19618252 , -1.9758002 , -0.24760829
0.32091495 , -4.5440736 , -0.18195996
0.38915774 , -5.315368 , -0.18216118
0.45659056 , -6.1332474 , -0.18448955
0.026501607 , -1.8192592 , -0.18129791
-0.008502265 , -1.2551041 , -0.17825013
-0.033267774 , -0.8840249 , -0.1728512
-0.064188965 , -0.5606955 , -0.16101362
0.042776145 , -0.49892974 , -0.18808635
0.0826183 , -0.825472 , -0.197495
0.12098894 , -1.1811005 , -0.2113965
0.17221522 , -1.7094941 , -0.23611985
0.0074210577 , -1.5115483 , -0.18071571
-0.02145854 , -1.055476 , -0.17633931
-0.045864806 , -0.7248966 , -0.1689026
-0.09647278 , -0.37411094 , -0.14809959
-0.0076902695 , 0.15763922 , -0.18394613
-0.005979239 , 0.124854535 , -0.1835892
-0.0731931 , -0.027322121 , -0.16878994
-0.0049472935 , 0.043593865 , -0.18331584
-0.0042220433 , 0.009577811 , -0.182994
-0.06262132 , -0.029226286 , -0.16713814
-0.06763038 , -0.11554681 , -0.17169046
-0.108896784 , 0.007887091 , -0.1505362
-0.10662637 , 0.006277484 , -0.14981307
-0.068282776 , -0.12110041 , -0.16538933
-0.10251473 , 0.055587627 , -0.14921291
-0.1013092 , 0.055400662 , -0.14871874
-0.05767226 , -0.12775506 , -0.16278057
-0.05186305 , 0.10885244 , -0.16551976
0.0004675198 , 0.074618846 , -0.18281728
-0.056662664 , -0.21444185 , -0.29618454
0.0057745753 , -0.013427292 , -0.18260743
0.007868511 , -0.04955999 , -0.18280478
-0.061734002 , -0.21780945 , -0.17122705
0.010331878 , -0.13999487 , -0.18263501
0.01155526 , -0.17756572 , -0.18377294
-0.05041993 , -0.22966781 , -0.16511592
-0.05131596 , -0.32320803 , -0.17383412
-0.09891272 , -0.17837322 , -0.14784583
0.22646168 , -3.4845862 , -0.18728039
-0.008814032 , -1.1881359 , -0.16886579
0.11908317 , -2.5038915 , -0.17818163
0.18509664 , -3.2379413 , -0.1812849
0.042241428 , -1.8914169 , -0.17264083
-0.08254764 , -0.53143543 , -0.15479861
0.20229106 , -2.2975364 , -0.2208305
0.08368 , -0.96810573 , -0.20832518
0.04437979 , -0.69948447 , -0.20105228
0.16718185 , -2.0530765 , -0.21494208
0.31265908 , -3.3993905 , -0.23245032
0.12575905 , -2.706982 , -0.17736161
-0.009086985 , -1.3588902 , -0.1686931
0.03547332 , -0.5950637 , -0.19899195
0.15679312 , -1.9521278 , -0.21387047
0.30085692 , -3.299939 , -0.23075837
0.13787334 , -2.8224316 , -0.17805149
0.0011245452 , -1.4734424 , -0.16967098
0.026614951 , -0.48892298 , -0.19649658
0.14647348 , -1.8510518 , -0.21282868
0.28916353 , -3.2002091 , -0.22913036
0.15017428 , -2.9381273 , -0.17877574
0.011524819 , -1.5879537 , -0.1705371
0.017627915 , -0.37974 , -0.19308235
0.1362172 , -1.7498537 , -0.2118094
0.27757773 , -3.1002238 , -0.22755478
0.16266035 , -3.054061 , -0.17953707
0.022112146 , -1.7025455 , -0.17130879
-0.10576191 , -0.32675692 , -0.14768611
0.12602027 , -1.6485946 , -0.21079594
0.26609653 , -2.9999733 , -0.22602475
0.17533126 , -3.1702466 , -0.18033896
0.032880314 , -1.8172276 , -0.17200771
-0.09706873 , -0.45268497 , -0.15160319
0.115873456 , -1.547247 , -0.2097672
-0.096091926 , -1.4808495 , -0.039854374
-0.10573595 , -1.1765907 , -0.036892008
-0.10942876 , -0.7786878 , -0.03234596
-0.10265722 , -0.25353828 , -0.026221273
-0.10203386 , -1.5221729 , -0.038146
-0.10991796 , -1.1804025 , -0.03491572
-0.111145355 , -0.7392669 , -0.030140582
-0.10087741 , -0.16556087 , -0.023634901
-0.10758812 , -1.5513011 , -0.036401395
-0.1135723 , -1.1709408 , -0.032928023
-0.11203996 , -0.6859699 , -0.027902145
-0.104252145 , -1.909914 , -0.03705628
-0.1126948 , -1.5679443 , -0.03462608
-0.11665162 , -1.1481779 , -0.03093226
-0.11197819 , -0.61854637 , -0.02561214
-0.11022415 , -1.9489347 , -0.035462506
-0.11733219 , -1.5718768 , -0.032833077
-0.119093515 , -1.1120654 , -0.028920796
-0.110876784 , -0.5366303 , -0.02325024
-0.116061404 , -1.9760723 , -0.033844188
-0.121473484 , -1.5629826 , -0.031037847
-0.120812625 , -1.0624712 , -0.026880544
-0.108945586 , -0.43975276 , -0.020796675
-0.121516824 , -1.9910535 , -0.03220379
-0.12507881 , -1.5412406 , -0.029248148
-0.12169462 , -0.9991581 , -0.024799256
-0.1210461 , -2.4103625 , -0.032776825
-0.12651983 , -1.9936355 , -0.030552773
-0.12809642 , -1.5066485 , -0.02745728
-0.121601656 , -0.9218018 , -0.022666942
-0.12680973 , -2.4347227 , -0.031258672
-0.13104524 , -1.9836732 , -0.028911497
-0.13046062 , -1.4591215 , -0.025646932
-0.12041866 , -0.83000976 , -0.020471808
-0.13246529 , -2.447186 , -0.029722644
-0.1350629 , -1.9611653 , -0.02729977
-0.1320861 , -1.398432 , -0.023797357
-0.11826332 , -0.72332895 , -0.018196946
-0.13774857 , -2.4474628 , -0.028175363
-0.13853014 , -1.9262121 , -0.025721993
-0.13286234 , -1.3242179 , -0.02189731
-0.14039104 , -2.927097 , -0.028715143
-0.14257567 , -2.4353244 , -0.026637545
-0.14139336 , -1.878891 , -0.02416044
-0.13265283 , -1.236044 , -0.01994641
-0.14587586 , -2.93651 , -0.027258368
-0.14691256 , -2.4107065 , -0.025143376
-0.14358635 , -1.8191193 , -0.022582702
-0.13131915 , -1.133467 , -0.017947944
-0.15127453 , -2.9339519 , -0.025787853
-0.1507227 , -2.37376 , -0.023721999
-0.14502428 , -1.7465816 , -0.020957157
-0.12887603 , -1.0160596 , -0.015896829
-0.15631202 , -2.9190753 , -0.024314648
-0.20285322 , -2.9021692 , -0.012853968
-0.17064448 , -1.9138691 , -0.009969344
-0.24265103 , -4.565513 , -0.009965604
-0.22443049 , -3.679757 , -0.011754309
-0.20097035 , -2.7587154 , -0.012202488
-0.26182923 , -5.325643 , -0.010633025
-0.24505581 , -4.466891 , -0.009182234
-0.22480233 , -3.5570886 , -0.011763746
-0.19778664 , -2.6002934 , -0.011385743
-0.26535907 , -5.255847 , -0.008801936
-0.24672934 , -4.3569336 , -0.008882474
-0.22443476 , -3.4244697 , -0.011824797
-0.1930911 , -2.4250102 , -0.010500445
-0.2685855 , -5.169749 , -0.007004247
-0.24773997 , -4.237219 , -0.008958467
-0.22318168 , -3.2809563 , -0.011865088
-0.18661009 , -2.2319832 , -0.009855374
-0.27113876 , -5.0674562 , -0.0057522254
-0.24813722 , -4.108528 , -0.009308264
-0.22083291 , -3.1250842 , -0.011795677
-0.29407236 , -5.878995 , -0.0063572703
-0.2728409 , -4.9515705 , -0.005239162
-0.24791144 , -3.9709606 , -0.009853464
-0.21712022 , -2.9547565 , -0.011503357
-0.29720092 , -5.7963953 , -0.004051035
-0.27376562 , -4.8248444 , -0.0053515076
-0.24698725 , -3.824074 , -0.010529113
-0.21173452 , -2.7671845 , -0.010912942
-0.2999902 , -5.694599 , -0.0019254619
-0.27403924 , -4.688985 , -0.0059415554
-0.24522366 , -3.6669772 , -0.011269662
-0.20423302 , -2.5596445 , -0.010253633
-0.3018573 , -5.5750437 , -0.0008216479
-0.27373132 , -4.544728 , -0.0069055334
-0.24240892 , -3.498327 , -0.011989117
-0.3284851 , -6.4344945 , -0.0010184147
-0.3027319 , -5.4420757 , -0.0007617316
-0.272838 , -4.392113 , -0.0081689805
-0.23824315 , -3.316168 , -0.012543387
-0.33142826 , -6.3406057 , 0.0021957261
-0.30282038 , -5.298911 , -0.0014999211
-0.27128822 , -4.2306824 , -0.009671387
-0.23229586 , -3.117486 , -0.012667607
-0.33374906 , -6.2228017 , 0.0046050125
-0.30229083 , -5.147181 , -0.0028626444
-0.2689496 , -4.059573 , -0.01135991
-0.22385475 , -2.897529 , -0.012050354
-0.33475548 , -6.086163 , 0.0051596123
-0.30121765 , -4.9875016 , -0.0047274986
-0.2656286 , -3.8775465 , -0.013191021
-0.3650348 , -6.9895835 , 0.0065873475
-0.33469403 , -5.936822 , 0.00428558
-0.29959428 , -4.819853 , -0.006980524
-0.26105177 , -3.6828985 , -0.015113434
-0.20287053 , 0.8497897 , -0.06358143
-0.19076268 , 0.98561525 , -0.071477324
-0.22690775 , 0.9783314 , -0.055115785
-0.21497242 , 0.8195051 , -0.05787284
-0.2023946 , 0.80156976 , -0.0655032
-0.18881091 , 0.9952267 , -0.072678804
-0.22752774 , 0.84707993 , -0.05549303
-0.21460743 , 0.7258414 , -0.059386734
-0.2017016 , 0.7700148 , -0.067303225
-0.1858573 , 1.0170205 , -0.07380108
-0.22800645 , 0.724657 , -0.056047946
-0.2141079 , 0.6481816 , -0.06110698
-0.2006798 , 0.7540011 , -0.06892434
-0.18174647 , 1.0510051 , -0.07492991
-0.227975 , 0.6127787 , -0.05687273
-0.21347982 , 0.5871624 , -0.06292213
-0.19915254 , 0.75231284 , -0.070364185
-0.1765314 , 1.0975568 , -0.07611601
-0.22757602 , 0.51324236 , -0.057990607
-0.21269318 , 0.5427791 , -0.06473056
-0.19689344 , 0.76401675 , -0.071676046
-0.24200056 , 0.48512745 , -0.055770267
-0.22694065 , 0.42763963 , -0.059368234
-0.21168004 , 0.514507 , -0.06645226
-0.19368142 , 0.7886951 , -0.07293517
-0.24218476 , 0.3724094 , -0.056456476
-0.2261392 , 0.35714304 , -0.060934946
-0.21032374 , 0.5015037 , -0.0680435
-0.18938772 , 0.8264017 , -0.074200414
-0.24195728 , 0.27063408 , -0.05731557
-0.22519 , 0.30239624 , -0.06260342
-0.20845541 , 0.50289184 , -0.06950749
-0.18409556 , 0.87746644 , -0.07551158
-0.24134433 , 0.18105118 , -0.0583834
-0.22406782 , 0.26351228 , -0.0642881
-0.2058704 , 0.5180404 , -0.07088615
-0.2578339 , 0.09577715 , -0.056295827
-0.24045031 , 0.10485441 , -0.05965343
-0.2227045 , 0.24016687 , -0.065921836
-0.20236951 , 0.5467052 , -0.0722333
-0.2576635 , -0.0062996075 , -0.0570824
-0.2393484 , 0.042999808 , -0.06108485
-0.22098576 , 0.2317823 , -0.06746995
-0.19783439 , 0.58898765 , -0.073591694
-0.25720662 , -0.09708676 , -0.057978522
-0.23806627 , -0.0039205085 , -0.06261592
-0.21875298 , 0.23776464 , -0.06893546
-0.19236377 , 0.64521325 , -0.07499344
-0.25636736 , -0.17573945 , -0.059020035
-0.23658654 , -0.035716534 , -0.06418075
-0.21581806 , 0.2577126 , -0.07034925
-0.27512237 , -0.31943282 , -0.057072826
-0.25520962 , -0.24139883 , -0.060213264
-0.23484682 , -0.05254186 , -0.065726176
-0.37750247 , -2.87687 , -0.07195603
-0.3351086 , -2.218822 , -0.0750355
-0.28877315 , -1.478917 , -0.07987896
-0.41541293 , -3.4587858 , -0.07013808
-0.3726878 , -2.8260229 , -0.07330767
-0.3292731 , -2.1353185 , -0.07665762
-0.27918434 , -1.3517966 , -0.0819328
-0.41172275 , -3.4298487 , -0.07154651
-0.36751264 , -2.76347 , -0.07465391
-0.3227216 , -2.0390017 , -0.07848533
-0.26872426 , -1.2095711 , -0.08404363
-0.40735617 , -3.3880303 , -0.0730253
-0.3620081 , -2.6896412 , -0.076048635
-0.31520072 , -1.929024 , -0.08052962
-0.4469585 , -4.006295 , -0.07088377
-0.40237504 , -3.333433 , -0.07450022
-0.35612988 , -2.604627 , -0.07756882
-0.30642167 , -1.8045516 , -0.0827594
-0.4434839 , -3.974801 , -0.07230198
-0.3969216 , -3.2666848 , -0.07592738
-0.3497602 , -2.5080762 , -0.07929367
-0.29612958 , -1.6650052 , -0.08510795
-0.43932885 , -3.9302921 , -0.073878534
-0.39111388 , -3.188631 , -0.07733252
-0.3427096 , -2.3992102 , -0.08128944
-0.28451326 , -1.51021 , -0.08749177
-0.43437034 , -3.8723204 , -0.075530194
-0.38499275 , -3.0999084 , -0.07879349
-0.3347147 , -2.2769208 , -0.08359213
-0.47682622 , -4.547527 , -0.072698966
-0.42873052 , -3.80121 , -0.07713798
-0.37851804 , -3.0006979 , -0.08040566
-0.32543898 , -2.139997 , -0.08618152
-0.47308376 , -4.5012646 , -0.074268505
-0.42261052 , -3.7180288 , -0.07865816
-0.3715795 , -2.8906567 , -0.082262635
-0.31450033 , -1.9874985 , -0.08895938
-0.4684585 , -4.44121 , -0.07607122
-0.4161512 , -3.623995 , -0.08014934
-0.36400083 , -2.7689412 , -0.08445027
-0.30171606 , -1.8191923 , -0.09175939
-0.46286583 , -4.366772 , -0.07794109
-0.40939316 , -3.5199342 , -0.08171861
-0.35552958 , -2.6342478 , -0.087039016
-0.50804585 , -5.0966287 , -0.07400126
-0.45653772 , -4.2787104 , -0.07970075
-0.40229335 , -3.4060905 , -0.08347542
-0.34580898 , -2.4849393 , -0.09005405
-0.50414205 , -5.0362744 , -0.07576419
-0.4497432 , -4.1787233 , -0.081335604
-0.39474598 , -3.2821424 , -0.085518524
-0.33434054 , -2.3194168 , -0.0934098
-0.49903768 , -4.9608483 , -0.07788125
-0.4426303 , -4.0684123 , -0.08295944
-0.3865904 , -3.1472497 , -0.08794025
-0.32052347 , -2.136903 , -0.09684239
-0.4927714 , -4.8696685 , -0.08001757
-0.43522665 , -3.9487267 , -0.08471008
-0.37760183 , -3.000058 , -0.09083422
-0.54046696 , -5.6511555 , -0.074343614
-0.4857528 , -4.76435 , -0.08194767
-0.42748109 , -3.8199246 , -0.08670514
-0.36745083 , -2.8386564 , -0.094289586
-0.53655833 , -5.577839 , -0.07638565
-0.47830528 , -4.647406 , -0.08374607
-0.41928825 , -3.681691 , -0.08904057
-0.35559586 , -2.660661 , -0.09832269
-0.5309468 , -5.4872847 , -0.078958146
-0.47055653 , -4.520744 , -0.08559989
-0.4104974 , -3.5332253 , -0.09180048
-0.3410681 , -2.4639542 , -0.10267573
-0.5239897 , -5.3790936 , -0.0814071
-0.462512 , -4.385329 , -0.08767062
-0.40090975 , -3.3732502 , -0.09507286
-0.5738802 , -6.2084026 , -0.072996244
-0.51633006 , -5.256446 , -0.08355546
-0.4541109 , -4.241381 , -0.090076715
-0.39025053 , -3.1998942 , -0.09897367
-0.57017434 , -6.1238604 , -0.07553002
-0.5082874 , -5.122703 , -0.08565224
-0.44524595 , -4.088568 , -0.092906326
-0.3780519 , -3.0103931 , -0.10365977
-0.56399727 , -6.01826 , -0.078774564
-0.49994126 , -4.979866 , -0.08794817
-0.4357694 , -3.9261146 , -0.096231304
-0.36323133 , -2.800891 , -0.10916611
-0.5564143 , -5.892864 , -0.08159268
-0.4912744 , -4.8288155 , -0.09060399
-0.42549178 , -3.7528458 , -0.10012389
-0.34299564 , -2.568439 , -0.11452729
-0.54824257 , -5.753252 , -0.084166475
-0.4822194 , -4.6696954 , -0.093719706
-0.4141673 , -3.5671093 , -0.10468793
-0.6046808 , -6.6720214 , -0.07222443
-0.53970075 , -5.6032443 , -0.08694075
-0.47266996 , -4.5021334 , -0.0973618
-0.401423 , -3.3664489 , -0.110121764
-0.59793067 , -6.5507727 , -0.0764009
-0.530812 , -5.444681 , -0.09013806
-0.4624781 , -4.325348 , -0.10160518
-0.38638553 , -3.146641 , -0.116850376
-0.59000534 , -6.40854 , -0.0800102
-0.5215559 , -5.278318 , -0.09378447
-0.4514629 , -4.1382246 , -0.106529556
-0.36490598 , -2.899903 , -0.12521954
-0.58151317 , -6.2529545 , -0.084124155
-0.5118396 , -5.1041245 , -0.097979754
-0.43934277 , -3.9391277 , -0.112477064
-0.11172734 , 2.4979017 , -0.07984119
-0.14478967 , 0.6077733 , -0.060129743
-0.23568423 , -2.2064881 , -0.048872545
-0.3967181 , -5.452385 , -0.04241709
-0.11639601 , 2.1629648 , -0.073505305
-0.16040704 , -0.0024049394 , -0.056845598
-0.26834837 , -2.9700856 , -0.04721637
-0.44502497 , -6.2543435 , -0.038385544
-0.12258268 , 1.7480354 , -0.06857569
-0.17992444 , -0.6614311 , -0.05390329
-0.30521652 , -3.7549462 , -0.045887772
-0.4960222 , -7.0490103 , -0.029117137
-0.131147 , 1.2619767 , -0.06439862
-0.20356603 , -1.3627373 , -0.05133523
-0.34613052 , -4.5543156 , -0.044608023
-0.110712074 , 2.5671213 , -0.081170365
-0.1427442 , 0.7120865 , -0.06069917
-0.23146135 , -2.099666 , -0.049183644
-0.39082196 , -5.3611174 , -0.042775124
-0.1157543 , 2.2448485 , -0.0744085
-0.15785816 , 0.10511601 , -0.05736153
-0.26364833 , -2.8655026 , -0.047457717
-0.4388755 , -6.1677136 , -0.039160926
-0.1216976 , 1.839698 , -0.06931598
-0.1768456 , -0.5522808 , -0.05436296
-0.30007565 , -3.6534805 , -0.046080787
-0.48960426 , -6.9658465 , -0.031038053
-0.1298323 , 1.3611234 , -0.06504259
-0.19995353 , -1.2533742 , -0.05173117
-0.34060186 , -4.45672 , -0.044810064
-0.11218682 , 2.6326528 , -0.08233017
-0.14091995 , 0.8166965 , -0.06127842
-0.22732735 , -1.9913359 , -0.049508408
-0.38498864 , -5.268015 , -0.043104976
-0.11603025 , 2.324617 , -0.07536348
-0.1554859 , 0.21335231 , -0.057887085
-0.25901735 , -2.759277 , -0.047711935
-0.43289575 , -6.079459 , -0.039859094
-0.121292874 , 1.930234 , -0.07008147
-0.17391063 , -0.44208708 , -0.05483362
-0.29498357 , -3.5502706 , -0.046282563
-0.48395592 , -6.8819118 , -0.03268311
-0.12883322 , 1.4598768 , -0.06570219
-0.19645831 , -1.1427156 , -0.052139647
-0.33509898 , -4.3573036 , -0.045009743
-0.11455887 , 2.6940122 , -0.08378665
-0.13933018 , 0.92148703 , -0.06186919
-0.22328715 , -1.8815207 , -0.049846936
-0.379151 , -5.173073 , -0.04340977
-0.11692075 , 2.401927 , -0.07638174
-0.15329878 , 0.32222217 , -0.058423232
-0.25445735 , -2.6514277 , -0.047979772
-0.42684796 , -5.9895287 , -0.040485997
-0.121292114 , 2.019401 , -0.0708801
-0.17112605 , -0.33090618 , -0.055315405
-0.28993666 , -3.4453351 , -0.046493895
-0.47787243 , -6.7970743 , -0.0341148
-0.12812614 , 1.5580623 , -0.06638097
-0.19308574 , -1.0307989 , -0.052560776
-0.32960603 , -4.256086 , -0.04520932
-0.53296435 , -7.6156616 , -0.016809491
-0.13148229 , 2.361758 , -0.07281665
-0.17265469 , -0.087348394 , -0.05646618
-0.29214153 , -3.461606 , -0.04709911
-0.48395026 , -7.063702 , -0.036256712
-0.07989402 , 2.7606652 , -0.097478025
-0.07149822 , 2.6332707 , -0.0945544
-0.07746576 , 2.7360585 , -0.09473329
-0.07032611 , 2.5882354 , -0.091423124
-0.0635707 , 2.4323308 , -0.08873515
-0.057354964 , 2.2673893 , -0.086613744
-0.06195544 , 2.3473883 , -0.08692284
-0.056324884 , 2.163762 , -0.084224895
-0.051657308 , 1.9739611 , -0.08174469
-0.04797096 , 1.7787633 , -0.07941671
-0.04535634 , 1.5793663 , -0.0771335
-0.046985812 , 1.6128205 , -0.07737313
-0.044987302 , 1.3956064 , -0.07465544
-0.043966077 , 1.1768861 , -0.071997896
-0.0439372 , 0.95775723 , -0.06936422
-0.044955112 , 0.73932457 , -0.06672673
-0.044614363 , 0.70472044 , -0.06688362
-0.04633137 , 0.46923664 , -0.06401884
-0.048854515 , 0.23634392 , -0.06119778
-0.052216254 , 0.006790414 , -0.058410235
-0.051777504 , -0.0895576 , -0.058521338
-0.05612607 , -0.3353102 , -0.055606585
-0.06111196 , -0.57620883 , -0.05275978
-0.066747986 , -0.8117894 , -0.049977228
-0.07305968 , -1.041643 , -0.0472598
-0.07423123 , -1.2255247 , -0.047104258
-0.08150246 , -1.4691503 , -0.044369724
-0.08925845 , -1.7060372 , -0.041722145
-0.097547874 , -1.9359844 , -0.039162092
-0.10634992 , -2.1588228 , -0.036684167
-0.11056453 , -2.4297564 , -0.036377754
-0.12018933 , -2.6637223 , -0.033967275
-0.13026655 , -2.889987 , -0.03164836
-0.14078863 , -3.1085165 , -0.029408839
-0.14865248 , -3.4436147 , -0.029048987
-0.15972358 , -3.670948 , -0.026933676
-0.1712732 , -3.8902519 , -0.024882343
-0.18333936 , -4.1015787 , -0.02287002
-0.1957593 , -4.3048897 , -0.020870512
-0.20778991 , -4.7125015 , -0.020556375
-0.22029535 , -4.9220476 , -0.018670777
-0.23363233 , -5.123646 , -0.016724594
-0.24760385 , -5.3171744 , -0.014689047
-0.26170978 , -5.5024633 , -0.012554715
-0.27656078 , -5.970814 , -0.011883544
-0.2907586 , -6.1599345 , -0.009441458
-0.3062901 , -6.34043 , -0.0068041445
-0.3224039 , -6.512422 , -0.0040801917
-0.33879817 , -7.0284853 , -0.0009807681
-0.35283765 , -7.2008886 , 0.0037551762
-0.36968672 , -7.361561 , 0.008867063
-0.38743848 , -7.5114555 , 0.014072869
-0.15623079 , 2.773002 , -0.07222669
-0.17095691 , 2.8898504 , -0.068903394
-0.17301023 , 2.7558417 , -0.06704792
-0.17566302 , 2.6147175 , -0.06524675
-0.17867066 , 2.4647357 , -0.06319257
-0.18157016 , 2.3045971 , -0.06097525
-0.19467528 , 2.3869934 , -0.059798826
-0.19800195 , 2.209684 , -0.05873534
-0.201441 , 2.0255473 , -0.057674892
-0.2047855 , 1.8353642 , -0.056706157
-0.21838117 , 1.8874931 , -0.055165004
-0.22229615 , 1.6789737 , -0.054887578
-0.226166 , 1.4673395 , -0.054681264
-0.23000626 , 1.2536968 , -0.05457121
-0.23389576 , 1.039245 , -0.0545945
-0.2495444 , 1.0298667 , -0.0533432
-0.25401804 , 0.7977892 , -0.053714827
-0.25848237 , 0.5670865 , -0.054149006
-0.26304898 , 0.33862522 , -0.05465934
-0.26785165 , 0.11321551 , -0.055253036
-0.28569797 , 0.025279246 , -0.054350495
-0.29092643 , -0.21624097 , -0.055115264
-0.29626626 , -0.45320806 , -0.055923656
-0.30182737 , -0.6851135 , -0.05678047
-0.32164195 , -0.83935016 , -0.056198515
-0.32778195 , -1.0859263 , -0.057168283
-0.33395213 , -1.3262593 , -0.058161937
-0.34034282 , -1.5600727 , -0.05918612
-0.34701464 , -1.7871319 , -0.060249504
-0.36931813 , -2.029491 , -0.06005343
-0.37629887 , -2.2685616 , -0.061151404
-0.3835097 , -2.5001388 , -0.06226621
-0.39103726 , -2.7241516 , -0.06341235
-0.39884332 , -2.940529 , -0.06460122
-0.42331755 , -3.2664006 , -0.064626984
-0.4312189 , -3.4920983 , -0.06572943
-0.4395567 , -3.70984 , -0.06684865
-0.4482675 , -3.9196293 , -0.06800755
-0.47487977 , -4.304594 , -0.068182416
-0.4832032 , -4.5212803 , -0.06910304
-0.49211577 , -4.729991 , -0.06999696
-0.50165826 , -4.930713 , -0.07090142
-0.5114975 , -5.1233025 , -0.07182491
-0.5393981 , -5.5725703 , -0.07164895
-0.54823315 , -5.769732 , -0.07200114
-0.55814904 , -5.9587026 , -0.072218224
-0.568708 , -6.1392627 , -0.07221346
-0.5794331 , -6.311625 , -0.07184805
-0.6082419 , -6.8177037 , -0.071702465
-0.6174751 , -6.990281 , -0.0704816
-0.6277809 , -7.1524935 , -0.06814793
-0.6388814 , -7.306123 , -0.0639926
-0.6730597 , -7.8773813 , -0.066175096
-0.093150645 , 2.2181854 , -0.06000237
-0.09110939 , 2.1658297 , -0.06030698
-0.08127234 , 2.2615738 , -0.045348663
-0.079649374 , 2.1910646 , -0.04529155
-0.07815768 , 2.1164153 , -0.045216843
-0.076777115 , 2.0377505 , -0.045169193
-0.075659215 , 1.9551305 , -0.045016445
-0.07480049 , 1.8685949 , -0.04478003
-0.0742727 , 1.778185 , -0.04440944
-0.074071616 , 1.6839466 , -0.043930445
-0.07422831 , 1.5859317 , -0.043332845
-0.07475494 , 1.4841946 , -0.042632267
-0.07567583 , 1.3787887 , -0.041825987
-0.077019855 , 1.2697634 , -0.04092018
-0.06588472 , 1.3845592 , -0.029582389
-0.06770572 , 1.2699488 , -0.02873965
-0.06974403 , 1.1524932 , -0.027883057
-0.07203863 , 1.0322065 , -0.026993746
-0.074614026 , 0.9090954 , -0.02607449
-0.07748636 , 0.7831611 , -0.025127234
-0.08066892 , 0.65440124 , -0.024164243
-0.084173575 , 0.52281135 , -0.023193058
-0.08801318 , 0.3883856 , -0.022227896
-0.09220288 , 0.25111634 , -0.021276629
-0.096760586 , 0.11099434 , -0.020351553
-0.10171132 , -0.03198811 , -0.019455347
-0.08947549 , 0.16473167 , -0.01077438
-0.09502794 , 0.023710316 , -0.00996391
-0.100746214 , -0.11978352 , -0.009270546
-0.10665958 , -0.26576698 , -0.008700266
-0.11279033 , -0.4142564 , -0.0082510365
-0.11914689 , -0.5652691 , -0.007949968
-0.12574448 , -0.71882224 , -0.007799054
-0.13259149 , -0.8749357 , -0.007829274
-0.13971141 , -1.033632 , -0.008032609
-0.14714363 , -1.1949394 , -0.008416865
-0.15494259 , -1.3588952 , -0.008942225
-0.16320753 , -1.5255512 , -0.009569259
-0.15287495 , -1.1958915 , -0.006803671
-0.16141 , -1.355578 , -0.008131719
-0.1701423 , -1.5172439 , -0.009729116
-0.1790447 , -1.6807442 , -0.011402003
-0.18822712 , -1.8459829 , -0.013249907
-0.19754235 , -2.0130806 , -0.01528674
-0.20692396 , -2.1826484 , -0.01787584
-0.13075629 , 2.2517328 , -0.08169916
-0.13355164 , 2.19765 , -0.0805049
-0.13613397 , 2.138597 , -0.0797428
-0.13856487 , 2.0744264 , -0.07931417
-0.14113931 , 2.0050728 , -0.07890014
-0.13738427 , 2.0987306 , -0.0836025
-0.13992643 , 2.0152092 , -0.08290565
-0.14257629 , 1.9279914 , -0.08222883
-0.14531872 , 1.8371325 , -0.081633285
-0.14824171 , 1.7426766 , -0.08104011
-0.1513368 , 1.6446655 , -0.08048858
-0.15461259 , 1.5431402 , -0.07995558
-0.15806761 , 1.4381425 , -0.07946107
-0.16169289 , 1.3297126 , -0.07899579
-0.16548344 , 1.2178881 , -0.07857191
-0.1694188 , 1.1027027 , -0.07818597
-0.1734785 , 0.98418504 , -0.07784485
-0.16529527 , 1.1132897 , -0.07855503
-0.16948275 , 0.99116975 , -0.07822866
-0.17395526 , 0.86636007 , -0.07799597
-0.17870523 , 0.7388653 , -0.07785163
-0.18372406 , 0.60868025 , -0.077801004
-0.18899906 , 0.4757961 , -0.077846095
-0.19451624 , 0.34020212 , -0.077997714
-0.20025742 , 0.20188645 , -0.078262016
-0.20619999 , 0.060836934 , -0.07865392
-0.212316 , -0.08295954 , -0.079180226
-0.21856616 , -0.22951663 , -0.07985637
-0.22490318 , -0.37884983 , -0.08068066
-0.21437386 , -0.1539258 , -0.08050851
-0.22106983 , -0.29995626 , -0.08157697
-0.22809236 , -0.44842258 , -0.08286237
-0.23540719 , -0.599332 , -0.08438737
-0.24297725 , -0.7526953 , -0.086138345
-0.25077495 , -0.908522 , -0.088161096
-0.2587651 , -1.0668205 , -0.090440504
-0.26694685 , -1.2276018 , -0.09301794
-0.27528957 , -1.3908855 , -0.09586403
-0.28384417 , -1.5567003 , -0.09899188
-0.29257435 , -1.725101 , -0.10236708
-0.30166963 , -1.8962007 , -0.1059104
-0.2910622 , -1.5324699 , -0.1075208
-0.29943228 , -1.6951101 , -0.11091921
-0.30813846 , -1.8589622 , -0.114631414
-0.31764472 , -2.0242946 , -0.11807839
-0.10658931 , 2.3059924 , -0.065931596
-0.14591238 , 1.7463773 , -0.14208144
-0.14852536 , 1.7302567 , -0.14125183
-0.15254323 , 1.7418606 , -0.13983907
-0.14553452 , 1.7218628 , -0.14375445
-0.14583698 , 1.6991036 , -0.14254561
-0.14899135 , 1.6963544 , -0.14184904
-0.15371998 , 1.7213883 , -0.14031586
-0.14372951 , 1.6617619 , -0.1438426
-0.1459161 , 1.6568427 , -0.14313912
-0.14956625 , 1.6660477 , -0.14244631
-0.15504579 , 1.7045618 , -0.14072222
-0.14290334 , 1.6094862 , -0.14410621
-0.14612132 , 1.6186764 , -0.14381896
-0.15026723 , 1.6392272 , -0.14302143
-0.15619768 , 1.6915679 , -0.14102983
-0.14254591 , 1.5637772 , -0.14456365
-0.14643037 , 1.5839683 , -0.1445355
-0.15113842 , 1.6159303 , -0.14355572
-0.14109597 , 1.4939427 , -0.14565755
-0.14245558 , 1.5232798 , -0.14520214
-0.14682923 , 1.5523969 , -0.14524333
-0.15224628 , 1.5963017 , -0.14403053
-0.13902041 , 1.4438646 , -0.14585155
-0.14254455 , 1.486749 , -0.14597955
-0.14732057 , 1.5239234 , -0.14590861
-0.15363498 , 1.5805626 , -0.144423
-0.13806906 , 1.4010756 , -0.14625938
-0.1427596 , 1.4532385 , -0.14683309
-0.14793341 , 1.4987143 , -0.1465114
-0.15512802 , 1.568981 , -0.14470495
-0.13768993 , 1.3640232 , -0.14689612
-0.14306375 , 1.4222145 , -0.14769462
-0.14873013 , 1.47705 , -0.14704284
-0.15568222 , 1.5618086 , -0.14485961
-0.13763352 , 1.3311161 , -0.14773624
-0.14343946 , 1.3935686 , -0.14850545
-0.14980778 , 1.4592496 , -0.14749786
-0.13262592 , 1.207579 , -0.14766407
-0.13777678 , 1.300981 , -0.14871748
-0.14389594 , 1.3675404 , -0.14922565
-0.15127665 , 1.4456303 , -0.14786564
-0.13162825 , 1.1754829 , -0.14824991
-0.13804121 , 1.2726859 , -0.14975543
-0.14447428 , 1.3445947 , -0.14983688
-0.15311559 , 1.4364988 , -0.14812195
-0.1312946 , 1.1480975 , -0.14910139
-0.1383765 , 1.2458441 , -0.15076455
-0.14525174 , 1.3252828 , -0.15033996
-0.15448731 , 1.4321294 , -0.14823641
-0.13133198 , 1.1235877 , -0.15017474
-0.13876514 , 1.2205895 , -0.15167533
-0.14634736 , 1.3101236 , -0.1507467
-0.12447784 , 0.95409584 , -0.14931361
-0.13158002 , 1.1004808 , -0.15138231
-0.089342594 , -0.10988972 , -0.16573276
-0.01603902 , -1.1582488 , -0.1773506
-0.045400165 , -0.68893147 , -0.17709017
-0.06610978 , -0.38328454 , -0.17250498
-0.096028455 , -0.08235107 , -0.16229098
-0.02015359 , -1.0931207 , -0.1798972
-0.04679169 , -0.66977143 , -0.17681387
-0.0679288 , -0.37454647 , -0.17073727
-0.10709222 , -0.041196346 , -0.15778768
-0.023374839 , -1.0417324 , -0.18049623
-0.047989585 , -0.6546695 , -0.17595287
-0.070656344 , -0.36228877 , -0.16831078
-0.12972346 , 2.835738 , -0.07393322
-0.1456706 , 2.375703 , -0.072489135
-0.14902899 , 2.1226964 , -0.08027786
-0.14601956 , 2.1619854 , -0.08568841
-0.13449165 , 2.7426379 , -0.07216216
-0.14554715 , 2.3089135 , -0.07518143
-0.14780886 , 2.1254814 , -0.083224244
-0.14254867 , 2.220542 , -0.08733472
-0.13665597 , 2.6431446 , -0.07233924
-0.14525336 , 2.2565744 , -0.07818123
-0.14633732 , 2.1424136 , -0.08617856
-0.13760178 , 2.2770307 , -0.087296225
-0.13794845 , 2.547323 , -0.07397838
-0.1447875 , 2.2193713 , -0.08136769
-0.14449573 , 2.1719174 , -0.089048564
-0.13217191 , 2.319792 , -0.08669048
-0.13876405 , 2.4609058 , -0.07642775
-0.14412588 , 2.1973839 , -0.08466516
-0.14207451 , 2.2113853 , -0.09164611
-0.12595032 , 2.8052113 , -0.07671549
-0.13925526 , 2.3869178 , -0.079359144
-0.14322774 , 2.1901312 , -0.08799707
-0.13875985 , 2.2561448 , -0.09351256
-0.12846985 , 2.7049754 , -0.07727068
-0.13999638 , 2.2313154 , -0.09446927
-0.1223976 , 2.8154798 , -0.07907094
-0.1362574 , 2.4094987 , -0.08189386
-0.14093536 , 2.2138221 , -0.090631284
-0.13679218 , 2.2696295 , -0.096251026
-0.12489952 , 2.7147954 , -0.079966806
-0.13669607 , 2.3477786 , -0.08518619
-0.1398357 , 2.2164435 , -0.09393607
-0.13285656 , 2.3056955 , -0.097153276
-0.12695152 , 2.6171772 , -0.08168578
-0.13684762 , 2.300512 , -0.08863516
-0.13830651 , 2.2302966 , -0.0969764
-0.1283874 , 2.3368099 , -0.09805143
-0.12860209 , 2.5272026 , -0.08413823
-0.1367073 , 2.2676554 , -0.09213187
-0.13622035 , 2.2522454 , -0.099517606
-0.11484739 , 2.8305492 , -0.08422775
-0.12986611 , 2.4481294 , -0.08709413
-0.13625057 , 2.2485263 , -0.09557201
-0.1335197 , 2.2778358 , -0.10134792
-0.1173398 , 2.7289004 , -0.08563634
-0.13076822 , 2.3818228 , -0.09035057
-0.13543227 , 2.2417862 , -0.09883737
-0.1303031 , 2.3028064 , -0.10263696
-0.11961617 , 2.6313717 , -0.08750591
-0.13132459 , 2.3290756 , -0.09375353
-0.13418998 , 2.2453117 , -0.10177729
-0.12643069 , 2.3256528 , -0.10384789
-0.12163509 , 2.5409937 , -0.08989791
-0.13153717 , 2.2898607 , -0.0971793
-0.13247576 , 2.256053 , -0.10422286
-0.107489645 , 2.8156567 , -0.08972308
-0.123318955 , 2.4604447 , -0.09272259
-0.13139382 , 2.2634542 , -0.100514874
-0.13031729 , 2.2703862 , -0.10611388
-0.10988793 , 2.7134178 , -0.09151297
-0.12463247 , 2.3915086 , -0.09583122
-0.057923093 , 2.0638533 , -0.12912782
-0.08051944 , 1.9603611 , -0.13129056
-0.09616531 , 1.9093869 , -0.13347349
-0.106077716 , 1.913241 , -0.135491
-0.061052434 , 1.9906931 , -0.13131279
-0.083012894 , 1.9108536 , -0.1332425
-0.097203486 , 1.8787446 , -0.1352834
-0.10676667 , 1.8979897 , -0.13705
-0.06453307 , 1.9258349 , -0.13340525
-0.085117206 , 1.8670505 , -0.13511473
-0.098195605 , 1.8520436 , -0.13701338
-0.106841646 , 1.8859192 , -0.13851129
-0.06792632 , 1.8684487 , -0.13538195
-0.086862154 , 1.8282496 , -0.13691528
-0.09927506 , 1.828939 , -0.13867885
-0.046572104 , 1.8752837 , -0.13568874
-0.07103271 , 1.817586 , -0.13723949
-0.088331476 , 1.7938519 , -0.13865368
-0.100532025 , 1.8092893 , -0.14028993
-0.049910836 , 1.8098006 , -0.13777287
-0.07375697 , 1.7723004 , -0.13899158
-0.08965068 , 1.7634037 , -0.1403406
-0.10191044 , 1.7931168 , -0.14184313
-0.053685267 , 1.7522812 , -0.13972858
-0.07607661 , 1.7317559 , -0.14066304
-0.090969406 , 1.7366197 , -0.14198674
-0.10292885 , 1.7805283 , -0.14331576
-0.057379946 , 1.7016429 , -0.14153504
-0.07803408 , 1.6953063 , -0.14228204
-0.09244038 , 1.7133838 , -0.1436004
-0.034203 , 1.6656318 , -0.1423501
-0.06075959 , 1.6567111 , -0.1431965
-0.07972829 , 1.6625298 , -0.14387341
-0.094189584 , 1.6937305 , -0.14518432
-0.037818514 , 1.6090593 , -0.14431523
-0.06372161 , 1.6163871 , -0.14474116
-0.08130078 , 1.6332229 , -0.14545423
-0.09623613 , 1.6778107 , -0.14673036
-0.041933257 , 1.559973 , -0.14611103
-0.06625114 , 1.5797997 , -0.14621264
-0.08291841 , 1.6073624 , -0.14703238
-0.09821416 , 1.6658376 , -0.14821145
-0.045964934 , 1.5170237 , -0.14772353
-0.06840542 , 1.5463971 , -0.14765754
-0.08475542 , 1.5850551 , -0.1486074
-0.020727282 , 1.4356958 , -0.14913835
-0.049640782 , 1.4788177 , -0.14916898
-0.07030057 , 1.515963 , -0.1491138
-0.08697177 , 1.5664954 , -0.15017252
-0.024705669 , 1.3893503 , -0.15096551
-0.052850366 , 1.4441332 , -0.15049317
-0.07209631 , 1.4885623 , -0.15060349
-0.08965744 , 1.5519364 , -0.1517136
-0.02921775 , 1.3498545 , -0.15257625
-0.055588055 , 1.4121046 , -0.1517594
-0.07397985 , 1.464449 , -0.15213083
-0.092589974 , 1.5416615 , -0.15320066
-0.033625755 , 1.3155701 , -0.15396762
-0.05792751 , 1.3823167 , -0.1530312
-0.07615011 , 1.4439665 , -0.15368485
-0.0060752374 , 1.1866645 , -0.15607107
-0.03762196 , 1.284885 , -0.15517265
-0.060002606 , 1.3547871 , -0.15435767
-0.07880146 , 1.4274691 , -0.15524553
-0.010516547 , 1.1518399 , -0.15774359
-0.041090414 , 1.2564844 , -0.15625846
-0.061991222 , 1.3298718 , -0.15576527
-0.0820889 , 1.4152887 , -0.15678819
-0.015492104 , 1.1230704 , -0.15914436
-0.044038165 , 1.229555 , -0.15730888
-0.06410215 , 1.3081254 , -0.15725553
-0.08594618 , 1.4077305 , -0.15827867
-0.020317296 , 1.0983913 , -0.16028582
-0.046557017 , 1.2038611 , -0.158402
-0.06656252 , 1.2901591 , -0.15880717
-0.08923095 , 1.4050505 , -0.15966336
-0.024656229 , 1.0759698 , -0.16122381
-0.048797313 , 1.1796815 , -0.15959503
-0.069604516 , 1.2765164 , -0.160383
0.0048000244 , 0.89748615 , -0.16468954
-0.02839416 , 1.0544308 , -0.16205163
-0.050952014 , 1.1576741 , -0.16091846
-0.07344481 , 1.2676054 , -0.16193996
-0.000715021 , 0.8806148 , -0.16585048
-0.031556785 , 1.0330713 , -0.16287357
-0.05324894 , 1.1387136 , -0.16237445
-0.07817099 , 1.263702 , -0.16343291
-0.0059987665 , 0.8664752 , -0.16670835
-0.03425618 , 1.0118799 , -0.16377771
-0.055944625 , 1.1237215 , -0.16393557
-0.082939886 , 1.2649859 , -0.1648008
-0.01069916 , 0.8530175 , -0.16734946
-0.03665617 , 0.99141073 , -0.1648243
-0.05931446 , 1.1134934 , -0.16554718
0.021280339 , 0.6275023 , -0.1718475
-0.014715254 , 0.8388636 , -0.1678987
-0.03895857 , 0.972614 , -0.16604652
-0.06363937 , 1.1085596 , -0.16713838
0.015142435 , 0.6236566 , -0.17273584
-0.018100847 , 0.82349813 , -0.16847879
-0.041403208 , 0.95667773 , -0.16745149
-0.06915071 , 1.1091411 , -0.16863771
0.00936243 , 0.62091094 , -0.17327212
-0.020989956 , 0.8071871 , -0.16917972
-0.044271078 , 0.94486505 , -0.16901484
-0.07541811 , 1.1152246 , -0.16996917
0.004289284 , 0.6170121 , -0.17358479
-0.023555726 , 0.79076064 , -0.17005698
-0.047883082 , 0.9383103 , -0.17067261
0.038954563 , 0.34293395 , -0.17929634
-1.0509979e-05 , 0.6106702 , -0.17383671
-0.026001092 , 0.7754253 , -0.1711429
-0.052592836 , 0.9377831 , -0.17232203
0.0321039 , 0.35324323 , -0.17987078
-0.0036303618 , 0.6016648 , -0.17416252
-0.028567052 , 0.7626366 , -0.17245224
-0.05876955 , 0.9435046 , -0.17384285
0.0257974 , 0.36267275 , -0.18003863
-0.0067265364 , 0.5905922 , -0.17464195
-0.031546466 , 0.7539858 , -0.17397486
-0.06644769 , 0.9551632 , -0.17511901
0.020349959 , 0.36881253 , -0.17998895
-0.00947596 , 0.57854563 , -0.17531624
-0.035296716 , 0.7510168 , -0.17565636
0.057837915 , 0.045028377 , -0.18714887
0.015762914 , 0.37061548 , -0.17992695
-0.012075469 , 0.56692904 , -0.1762114
-0.04024825 , 0.7549172 , -0.17737582
0.050181776 , 0.07055296 , -0.18735962
0.011891985 , 0.36829758 , -0.17998433
-0.014756741 , 0.55738354 , -0.17734799
-0.04691472 , 0.7661145 , -0.1789472
0.043334443 , 0.09278065 , -0.1871018
0.008562975 , 0.36283004 , -0.1802142
-0.017806515 , 0.5517478 , -0.17873599
-0.05578757 , 0.7840153 , -0.18016347
0.03752337 , 0.10925095 , -0.18665594
0.0056015933 , 0.3555385 , -0.18063484
-0.021593502 , 0.55195725 , -0.18035324
0.0779382 , -0.2650705 , -0.19560136
0.032643776 , 0.11940971 , -0.18626541
0.0028219826 , 0.34795725 , -0.18126088
-0.026604991 , 0.5597715 , -0.18210109
0.06938499 , -0.22331655 , -0.19537899
0.028496766 , 0.12406929 , -0.18603025
8.248009e-06 , 0.34181947 , -0.18211262
-0.033501226 , 0.5762006 , -0.1837499
0.062008094 , -0.18787156 , -0.19462022
0.024900924 , 0.124585256 , -0.18595928
-0.0031055098 , 0.33907935 , -0.18321481
-0.04319883 , 0.6007103 , -0.18494149
0.05585267 , -0.16099502 , -0.19374527
0.02169152 , 0.12246322 , -0.18604381
-0.006865757 , 0.34191215 , -0.18458553
0.09925101 , -0.5860975 , -0.20498294
0.050664254 , -0.14236133 , -0.19300315
0.018695462 , 0.11930738 , -0.18628505
-0.011760044 , 0.35260805 , -0.18619731
0.08972238 , -0.52721107 , -0.20421712
0.04620371 , -0.13043511 , -0.19241676
0.01571374 , 0.116865054 , -0.18669765
-0.018540286 , 0.37311444 , -0.18787378
0.08186484 , -0.47848204 , -0.20285626
0.042299345 , -0.123533 , -0.19194062
0.012506452 , 0.11707562 , -0.18730925
-0.02849312 , 0.40379983 , -0.18913035
0.07537735 , -0.44137904 , -0.20151374
0.038800407 , -0.12003355 , -0.19154392
0.008770172 , 0.12212734 , -0.18816005
-0.04327213 , 0.4416184 , -0.18915166
0.06983969 , -0.41419214 , -0.2003459
0.03554599 , -0.118309274 , -0.1912195
0.004083031 , 0.13450387 , -0.18929546
0.1112278 , -0.84005344 , -0.21435912
0.06501411 , -0.39468518 , -0.19925268
0.03235163 , -0.116648614 , -0.19097885
-0.0022517669 , 0.15693256 , -0.19070782
0.102969944 , -0.7785143 , -0.21224418
0.060753673 , -0.38096997 , -0.19815093
0.028999923 , -0.113202885 , -0.19084755
-0.01167565 , 0.19161627 , -0.19206204
0.09611438 , -0.73153734 , -0.21031351
0.056921456 , -0.37137303 , -0.19701345
0.025228113 , -0.1059428 , -0.19086283
-0.027895644 , 0.23697266 , -0.19205764
0.090151235 , -0.6956454 , -0.20842966
0.053366132 , -0.36427343 , -0.19585103
0.020698218 , -0.092601225 , -0.19107637
0.13401915 , -1.1610514 , -0.22665039
0.08489924 , -0.66818374 , -0.20640552
0.0499137 , -0.3580153 , -0.19469392
0.014895158 , -0.07054148 , -0.19156845
0.12537305 , -1.0879495 , -0.22342923
0.08023682 , -0.6472006 , -0.20422317
0.04636179 , -0.35087016 , -0.19357504
0.006691959 , -0.036513902 , -0.19243756
0.11799946 , -1.0312836 , -0.22013214
0.076034546 , -0.63101447 , -0.20195393
0.042473443 , -0.34102967 , -0.19250964
-0.008000975 , 0.012501309 , -0.19299698
0.111513734 , -0.9863069 , -0.21642081
0.072143175 , -0.618021 , -0.1997031
0.03796329 , -0.32660362 , -0.19148941
-0.11287751 , 2.8930857 , -0.093162514
-0.11453959 , 2.5821955 , -0.12070498
-0.07681389 , 1.3715124 , -0.14867294
0.011453965 , -0.38040072 , -0.17746437
-0.11595921 , 2.9251614 , -0.09877327
-0.10973095 , 2.3633413 , -0.1276731
-0.060107306 , 0.9842571 , -0.15510999
0.040365994 , -0.84808195 , -0.18731253
-0.117544435 , 2.88921 , -0.10542547
-0.10233374 , 2.095616 , -0.13447177
-0.04022096 , 0.56795967 , -0.16162789
0.07167277 , -1.323057 , -0.20192187
-0.11740773 , 2.789334 , -0.11246638
-0.09209495 , 1.783169 , -0.1411044
-0.017165016 , 0.12751612 , -0.16846493
-0.111928664 , 2.9042952 , -0.0926075
-0.1152726 , 2.630482 , -0.11955646
-0.07882563 , 1.430908 , -0.14760458
0.008971432 , -0.33177483 , -0.17609759
-0.115810804 , 2.9481301 , -0.09784014
-0.11082633 , 2.4165528 , -0.1265409
-0.06238367 , 1.0432043 , -0.15404098
0.038025547 , -0.80479145 , -0.18554305
-0.11777748 , 2.9222543 , -0.10434573
-0.10378439 , 2.1525407 , -0.13336775
-0.042703554 , 0.62524635 , -0.16053243
0.069692545 , -1.2862674 , -0.19919823
-0.117956944 , 2.8306103 , -0.11131313
-0.09388486 , 1.8423955 , -0.14001569
-0.019773828 , 0.18181074 , -0.16729885
-0.11309575 , 2.9129126 , -0.09212394
-0.11614434 , 2.6786106 , -0.11841564
-0.08093229 , 1.4912789 , -0.14653705
0.0063378075 , -0.28165233 , -0.1747595
-0.116429225 , 2.9692974 , -0.096953414
-0.11203217 , 2.4699018 , -0.12540852
-0.06476651 , 1.1033195 , -0.15297195
0.035516877 , -0.76003283 , -0.18383496
-0.118379556 , 2.954157 , -0.10322954
-0.10533366 , 2.2099228 , -0.13223773
-0.04531106 , 0.68390733 , -0.15944497
0.06759446 , -1.248164 , -0.19667637
-0.11872305 , 2.871196 , -0.110278614
-0.09577065 , 1.9023045 , -0.13896513
-0.022532988 , 0.23760535 , -0.16612655
-0.11523247 , 2.918574 , -0.09144099
-0.117162846 , 2.7265103 , -0.11711804
-0.61497146 , -7.8800187 , -0.070475176
-0.32492697 , -4.5682425 , -0.01889964
-0.49507704 , -6.620887 , -0.040400945
-0.71159756 , -8.746508 , -0.10211704
-0.39174893 , -5.3984694 , -0.022360729
-0.580629 , -7.480699 , -0.06336697
-0.81522906 , -9.60505 , -0.14063354
-0.46512288 , -6.236651 , -0.03570701
-0.67431027 , -8.340402 , -0.09327809
-0.3665935 , -5.03577 , -0.020440144
-0.5473437 , -7.0863934 , -0.05676921
-0.7751814 , -9.193476 , -0.12996544
-0.43630466 , -5.8583717 , -0.0315811
-0.6380574 , -7.939103 , -0.08492452
-0.3426059 , -4.6806927 , -0.019253189
-0.5151092 , -6.6971273 , -0.05069837
-0.73619765 , -8.786815 , -0.119859286
-0.40861773 , -5.486257 , -0.028025897
-0.60281724 , -7.542513 , -0.077050954
-0.31970796 , -4.3334355 , -0.019049868
-0.48391968 , -6.312978 , -0.0451756
-0.6982542 , -8.384939 , -0.11026956
-0.38204443 , -5.1205482 , -0.02503538
-0.5685729 , -7.1505313 , -0.06966288
-0.29774728 , -3.9940455 , -0.020636432
-0.45376265 , -5.9340553 , -0.040224034
-0.66132456 , -7.9877043 , -0.10116598
-0.35655126 , -4.761437 , -0.022592055
-0.5353156 , -6.7630982 , -0.062778555
-0.76093686 , -8.817325 , -0.1394203
-0.4246146 , -5.560529 , -0.03586589
-0.62538356 , -7.5949163 , -0.09252579
-0.33202383 , -4.40908 , -0.020665504
-0.5030445 , -6.3802047 , -0.056427836
-0.72257686 , -8.420612 , -0.12907696
-0.39642176 , -5.1925645 , -0.032120433
-0.5904222 , -7.2063704 , -0.084341876
-0.3083555 , -4.0633593 , -0.019243086
-0.47177124 , -6.001938 , -0.050649248
-0.6852755 , -8.028422 , -0.11922866
-0.36911118 , -4.830394 , -0.029007068
-0.5564678 , -6.8218703 , -0.07663011
-0.28483656 , -3.7238069 , -0.01850253
-0.44154885 , -5.6284056 , -0.045487396
-0.64900744 , -7.640496 , -0.10982848
-0.34259075 , -4.4741225 , -0.02656069
-0.52360725 , -6.4413586 , -0.06942715
-0.25960225 , -3.3871481 , -0.020117758
-0.4125785 , -5.2598596 , -0.040991608
-0.61376536 , -7.256427 , -0.10084091
-0.7985044 , -9.442302 , -0.10397804
-1.0628319 , -12.383302 , -0.18185297
-1.3810008 , -15.289773 , -0.27539045
-0.90597034 , -10.696145 , -0.13769136
-1.1919593 , -13.599515 , -0.22064027
-0.76420045 , -8.991307 , -0.096194245
-1.0219235 , -11.922301 , -0.17279387
-1.3317114 , -14.813044 , -0.26405168
-0.8690686 , -10.240022 , -0.12945049
-1.147534 , -13.132967 , -0.2106811
-0.73123693 , -8.545469 , -0.08903241
-0.9819209 , -11.462848 , -0.16392477
-1.2834315 , -14.338298 , -0.25292447
-0.8329744 , -9.786762 , -0.12144339
-1.1040663 , -12.668186 , -0.20094067
-0.7001395 , -8.100538 , -0.08219189
-0.94281846 , -11.00531 , -0.15525247
-1.2361857 , -13.865685 , -0.24203402
-0.79778683 , -9.337098 , -0.113854885
-1.0615709 , -12.205381 , -0.19142407
-1.3781372 , -15.0596285 , -0.2881409
-0.9046108 , -10.550143 , -0.1468026
-1.1899884 , -13.395374 , -0.2313948
-0.763756 , -8.890628 , -0.10688548
-1.0200533 , -11.744788 , -0.18213569
-1.3281057 , -14.580321 , -0.27639225
-0.8673217 , -10.097822 , -0.1386402
-1.1448475 , -12.927537 , -0.22101565
-0.7310043 , -8.4457 , -0.100509614
-0.9795158 , -11.286681 , -0.17308517
-1.2791761 , -14.103662 , -0.26474842
-0.8310231 , -9.648596 , -0.13087249
-1.1007667 , -12.462345 , -0.21090177
-0.69935095 , -8.000707 , -0.09438881
-0.93996537 , -10.831348 , -0.16429578
-1.2313584 , -13.629842 , -0.25334775
-0.7958064 , -9.202189 , -0.123601474
-1.057747 , -11.999989 , -0.20105807
-0.6684704 , -7.5551972 , -0.08824074
-0.90142125 , -10.379052 , -0.15581155
-1.1846603 , -13.159042 , -0.24222851
-0.76169896 , -8.757909 , -0.116845034
-1.0157892 , -11.540659 , -0.19149323
-1.3207445 , -14.311038 , -0.28862527
-0.8639173 , -9.929886 , -0.14769268
-1.1390858 , -12.691436 , -0.23140727
-0.72862357 , -8.31504 , -0.11050477
-0.97489655 , -11.084553 , -0.1822242
-1.2713966 , -13.83413 , -0.2764792
-0.8274833 , -9.48372 , -0.13999313
-1.0946366 , -12.227186 , -0.22089352
-0.6964419 , -7.8733845 , -0.10442942
-0.9350771 , -10.631813 , -0.17327784
-1.2232308 , -13.360716 , -0.26457897
-0.7921188 , -9.040234 , -0.13273281
-1.0513122 , -11.766452 , -0.21069609
-0.66503584 , -7.4333677 , -0.09857947
-0.89634126 , -10.182501 , -0.16468738
-1.1762469 , -12.890954 , -0.25298417
-0.7577795 , -8.599142 , -0.12588684
-1.0091126 , -11.309368 , -0.20082697
-0.63435364 , -6.995938 , -0.09333386
-0.8586943 , -9.736554 , -0.15648213
-1.1304433 , -12.424995 , -0.2417212
-0.7243955 , -8.160378 , -0.11940253
-0.9680379 , -10.856041 , -0.19130239
-1.2604016 , -13.531587 , -0.28813094
-0.8221251 , -9.293849 , -0.14867674
-1.0858169 , -11.962969 , -0.23080425
-0.6919017 , -7.72424 , -0.11323766
-0.9280874 , -10.406516 , -0.18214083
-1.212082 , -13.060023 , -0.27568865
-0.7866032 , -8.854274 , -0.14126755
-1.0423636 , -11.504992 , -0.22024435
-0.660262 , -7.2913227 , -0.1074166
-0.88925505 , -9.960785 , -0.17335847
-1.1649957 , -12.592663 , -0.26359832
-0.7520863 , -8.41786 , -0.1342399
-1.0000783 , -11.051144 , -0.2100525
-0.629475 , -6.862441 , -0.10211321
-0.8515262 , -9.518806 , -0.16496482
-1.1191344 , -12.129616 , -0.25188315
-0.71853477 , -7.984829 , -0.12758186
-0.9589534 , -10.601473 , -0.20023966
-1.246462 , -13.19847 , -0.2996784
-0.81487674 , -9.080569 , -0.1569618
-1.0744892 , -11.67097 , -0.24055497
-0.6859226 , -7.555608 , -0.12129996
-0.9189777 , -10.156 , -0.19081537
-1.1981755 , -12.730146 , -0.28664955
-0.77927744 , -8.646138 , -0.14934726
-1.0310497 , -11.216794 , -0.2296217
-0.65424335 , -7.1307707 , -0.11543665
-0.880135 , -9.714734 , -0.18178606
-1.1511594 , -12.266475 , -0.27401966
-0.7447001 , -8.215703 , -0.14212148
-0.98880345 , -10.767134 , -0.21908985
-0.62350684 , -6.710982 , -0.110090524
-0.8424041 , -9.277701 , -0.17315497
-1.1053984 , -11.807517 , -0.2618277
-0.71112514 , -7.78958 , -0.13529436
-0.9477354 , -10.32202 , -0.20896508
-0.5937361 , -6.2969246 , -0.10541713
-0.8057618 , -8.84499 , -0.16492411
-1.0608771 , -11.353325 , -0.25007153
-0.6785438 , -7.3681974 , -0.12889172
-0.90782744 , -9.881478 , -0.19925173
-1.1818255 , -12.374231 , -0.29741067
-0.77018595 , -8.41676 , -0.15709765
-1.0175779 , -10.903931 , -0.23874994
-0.6469582 , -6.9520535 , -0.12296136
-0.8690593 , -9.44556 , -0.18995349
-1.1350458 , -11.915491 , -0.28418085
-0.7356596 , -7.9932623 , -0.14968541
-0.97548217 , -10.459359 , -0.22786313
-0.616378 , -6.541679 , -0.117577285
-0.83140963 , -9.01435 , -0.18107419
-1.089536 , -11.461763 , -0.27147713
-0.7021728 , -7.5748243 , -0.1427061
-0.934569 , -10.019638 , -0.21741235
-0.5868178 , -6.1376066 , -0.112827346
-0.79485846 , -8.587987 , -0.17261963
-1.0452735 , -11.013057 , -0.25927046
-0.66972303 , -7.1618304 , -0.13619025
-0.8948165 , -9.584811 , -0.20740019
-0.5582951 , -5.740332 , -0.10875165
-0.75938916 , -8.166674 , -0.16459934
-1.0022355 , -10.569379 , -0.24754387
-0.63831323 , -6.7546983 , -0.13018414
-0.8562028 , -9.154949 , -0.19783102
-1.1170343 , -11.543686 , -0.2939978
-0.72499037 , -7.750669 , -0.15702787
-0.9603974 , -10.130737 , -0.23628879
-0.6079503 , -6.3538465 , -0.124753796
-0.8187069 , -8.730167 , -0.18871191
-1.0719188 , -11.096303 , -0.28074554
-0.6916555 , -7.340281 , -0.14992554
-0.9197348 , -9.697155 , -0.22550242
-0.5786416 , -5.9596896 , -0.119979106
-0.7823105 , -8.31062 , -0.18005319
-1.0280447 , -10.654097 , -0.2680654
-0.6593831 , -6.9358425 , -0.14332014
-0.88022304 , -9.268674 , -0.21518673
-0.5503942 , -5.5725904 , -0.11591008
-0.7469985 , -7.8965154 , -0.1718687
-0.98538387 , -10.217047 , -0.2559173
-0.62817496 , -6.5377088 , -0.13725005
-0.8418384 , -8.845364 , -0.20534821
-1.0975648 , -11.155817 , -0.30333588
-0.7127598 , -7.488094 , -0.16417557
-0.9439083 , -9.785141 , -0.24428059
-0.59803534 , -6.1462145 , -0.13177034
-0.80455893 , -8.427333 , -0.19599786
-1.0529741 , -10.715874 , -0.28954962
-0.6795869 , -7.085638 , -0.15699366
-0.90359056 , -9.358379 , -0.23314717
-0.56896853 , -5.76169 , -0.1269603
-0.76836455 , -8.014719 , -0.18715088
-1.0096056 , -10.281168 , -0.2763827
-0.6474759 , -6.6894393 , -0.15034531
-0.86440367 , -8.936785 , -0.22251791
-0.54097825 , -5.3844 , -0.12291887
-0.73323715 , -7.6076994 , -0.1788258
-0.96742797 , -9.851647 , -0.26380226
-0.6164258 , -6.2998166 , -0.14425734
-0.82632214 , -8.520398 , -0.21240106
-0.5140615 , -5.0145736 , -0.11969336
-0.69916105 , -7.206479 , -0.17104316
-0.926411 , -9.427275 , -0.25177282
-0.58643943 , -5.9170666 , -0.13876627
-0.7893208 , -8.109285 , -0.20281108
-1.033153 , -10.325754 , -0.2978099
-0.66612226 , -6.8113003 , -0.163824
-0.88652515 , -9.008017 , -0.24027956
-0.55752194 , -5.5414867 , -0.13393098
-0.7533759 , -7.703535 , -0.19376758
-0.9903871 , -9.899505 , -0.2841708
-0.6341093 , -6.4224215 , -0.1571885
-0.8477421 , -8.593857 , -0.2293211
-0.52968216 , -5.173304 , -0.12985814
-0.7184631 , -7.3032613 , -0.1852933
-0.94877994 , -9.47839 , -0.2711629
-0.60311306 , -6.040141 , -0.1511559
-0.8100338 , -8.184786 , -0.21890624
-0.5029281 , -4.812697 , -0.12673907
-0.6845588 , -6.9086003 , -0.17741251
-0.90830064 , -9.062337 , -0.25873944
-0.5731283 , -5.6647544 , -0.14574686
-0.7733717 , -7.780807 , -0.20905146
-0.47725913 , -4.459668 , -0.124800354
-0.6516392 , -6.519728 , -0.17014891
-0.86891943 , -8.651275 , -0.24688044
-0.5441538 , -5.296585 , -0.14099114
-0.73772603 , -7.3819327 , -0.19977817
-0.97081876 , -9.51453 , -0.29139376
-0.6196813 , -6.136841 , -0.1635243
-0.5821733 , -5.5970635 , -0.16265196
-0.7864731 , -7.647295 , -0.23075864
-0.48158652 , -4.442134 , -0.13961636
-0.66289425 , -6.4224944 , -0.18816335
-0.8825027 , -8.482536 , -0.27179983
-0.5518288 , -5.2288313 , -0.15722169
-0.7504118 , -7.255959 , -0.22031309
-0.45482168 , -4.098965 , -0.13748923
-0.6300532 , -6.042745 , -0.18051748
-0.8441017 , -8.086706 , -0.25923458
-0.5222562 , -4.8667135 , -0.15247948
-0.715293 , -6.868958 , -0.21049288
-0.42892662 , -3.7634048 , -0.13748325
-0.59803003 , -5.6680436 , -0.17354636
-0.80678046 , -7.6952834 , -0.24728371
-0.49338728 , -4.5107903 , -0.14841487
-0.68108726 , -6.486248 , -0.20131257
-0.9040833 , -8.513802 , -0.29090694
-0.56679815 , -5.2986093 , -0.16726333
-0.77052593 , -7.3079753 , -0.23596607
-0.46491924 , -4.161169 , -0.14500818
-0.64781696 , -6.1078453 , -0.19278677
-0.8656698 , -8.123496 , -0.2773986
-0.5364056 , -4.934614 , -0.16167645
-0.7353261 , -6.9245214 , -0.22529294
-0.43686852 , -3.8173382 , -0.14228538
-0.6156097 , -5.7339067 , -0.18493204
-0.82845557 , -7.7374673 , -0.26453993
-0.5307628 , -7.2262607 , -0.036851104
-0.4706723 , -5.991291 , -0.05335993
-0.40873703 , -4.738341 , -0.06733602
-0.3296598 , -3.3825922 , -0.082993954
-1.2015817 , -14.007245 , -0.22425461
-1.0667247 , -11.996273 , -0.22501701
-0.92680943 , -9.931442 , -0.22456136
-0.5563658 , -7.7918725 , -0.023623273
0.2626603 , -2.8495874 , -0.22614297
0.43504083 , -4.712657 , -0.2301595
0.18082337 , -1.8322496 , -0.23171182
0.33925754 , -3.7206137 , -0.22560765
0.526037 , -5.556671 , -0.23803964
0.25127682 , -2.713035 , -0.22524767
0.42250153 , -4.575475 , -0.22939926
0.1702149 , -1.7054522 , -0.23020993
0.32739484 , -3.5836873 , -0.22485794
0.5127776 , -5.419502 , -0.23706219
0.23998544 , -2.5790644 , -0.22425877
0.41000226 , -4.4388995 , -0.22860916
0.61037767 , -6.2577868 , -0.24938819
0.31559157 , -3.4480588 , -0.22403792
0.49954128 , -5.2826924 , -0.23608595
0.22882754 , -2.4479597 , -0.22320333
0.39755023 , -4.303068 , -0.22778527
0.59632593 , -6.1199856 , -0.24797118
0.30386013 , -3.3139899 , -0.22314979
0.486335 , -5.146342 , -0.23510614
0.21784373 , -2.3198705 , -0.2221041
0.38515398 , -4.1681437 , -0.22692466
0.5822781 , -5.982409 , -0.24659632
0.29221797 , -3.1817176 , -0.22220004
0.47316688 , -5.0105624 , -0.2341185
0.2070656 , -2.1948931 , -0.22097586
0.3728235 , -4.034285 , -0.22602569
0.568243 , -5.8451495 , -0.24525954
0.28068563 , -3.0514688 , -0.22119844
0.46004602 , -4.8754673 , -0.23311946
0.19651724 , -2.0730348 , -0.21982478
0.36057034 , -3.9016666 , -0.22508833
0.55423087 , -5.708306 , -0.2439528
0.2692856 , -2.9234219 , -0.22015646
0.44698238 , -4.7411814 , -0.23210615
0.1862126 , -1.9542799 , -0.21864949
0.34840754 , -3.7704537 , -0.22411445
