0.38641658 , 2.6922967 , 0.15142715
0.35446763 , 2.1849737 , 0.14073546
0.29179654 , 1.0147856 , 0.12071359
0.25988555 , -0.19609998 , 0.09460764
0.421655 , 1.8713354 , 0.070998915
0.4777731 , 2.9238298 , 0.07756227
0.24831934 , -1.4384303 , 0.06456977
0.2493472 , -1.4356357 , 0.06397335
0.08473569 , -2.1568372 , 0.050693396
0.086085536 , -2.2792728 , 0.0421311
0.2753794 , -1.5503463 , 0.049888268
0.16143124 , -1.94747 , 0.04412461
0.21504962 , -1.8015705 , 0.046857048
0.26080245 , -1.6933521 , 0.04723253
0.24126956 , -1.5773427 , 0.058069628
0.21152234 , -1.7056383 , 0.055538587
0.3164615 , -1.4614116 , 0.03551924
0.31518784 , -1.4858997 , 0.035882164
0.28175554 , -1.5180947 , 0.05120297
0.13439178 , -2.0230439 , 0.04212433
0.20095445 , -1.7452558 , 0.055520236
0.16662471 , -1.8638127 , 0.0568632
0.1299168 , -2.0309036 , 0.058164515
0.10144695 , -2.1820157 , 0.05576088
0.26407436 , -1.7004457 , 0.046691205
0.23983239 , -1.6115596 , 0.055981956
0.209093 , -1.728078 , 0.054932572
0.17486869 , -1.8368853 , 0.05618582
0.32068256 , -1.4253242 , 0.034062237
0.2781901 , -1.5686624 , 0.048811227
0.15191372 , -1.9811666 , 0.043110356
0.20743322 , -1.8371042 , 0.046089247
0.1580861 , -1.9058788 , 0.056358483
0.116867095 , -2.0795531 , 0.057162814
0.10781058 , -2.2203233 , 0.05554407
0.28308046 , -1.555814 , 0.024943907
0.23364322 , -1.664194 , 0.0542376
0.20113696 , -1.7652692 , 0.05456216
0.16639231 , -1.877097 , 0.055752832
0.12937029 , -2.0314925 , 0.056330714
0.2744661 , -1.6090139 , 0.04665329
0.16721767 , -1.9477682 , 0.043846615
0.21914393 , -1.8205806 , 0.04619489
0.2637632 , -1.7232533 , 0.046146367
0.083618686 , -2.1193237 , 0.04272445
0.1071306 , -2.2580545 , 0.055163674
0.2784122 , -1.6048399 , 0.049078226
0.15260339 , -1.9867406 , 0.042867657
0.17186671 , -1.8666888 , 0.054913837
0.13567713 , -2.005791 , 0.055293176
0.08336389 , -2.1481123 , 0.04899468
0.09058882 , -2.218418 , 0.039864097
0.25418082 , -1.4567926 , 0.058436815
0.25508863 , -1.4593594 , 0.06100468
0.09440057 , -2.0946372 , 0.03898364
0.17450069 , -1.9372247 , 0.04403418
0.22483793 , -1.8199141 , 0.04605659
0.18979576 , -1.9050215 , 0.044681676
0.23753999 , -1.7991343 , 0.046107646
0.28022757 , -1.7062893 , 0.044129737
0.15325692 , -1.940608 , 0.05456074
0.10478839 , -2.0922701 , 0.05349027
0.10707025 , -2.2274659 , 0.054840498
0.2753145 , -1.6419634 , 0.046559766
0.16568093 , -1.9654104 , 0.043416154
0.23038085 , -1.8204114 , 0.045877576
0.28005832 , -1.7141641 , 0.04401514
0.22476456 , -1.7382897 , 0.052592084
0.18449461 , -1.8436873 , 0.0536548
0.14286567 , -1.9816401 , 0.05415683
0.08095025 , -2.1293008 , 0.047528554
0.09089004 , -2.1863182 , 0.03927095
0.16589767 , -1.968447 , 0.043376483
0.19823636 , -1.8956534 , 0.044817556
0.2514417 , -1.7841951 , 0.045767438
0.24662511 , -1.663124 , 0.05390183
0.20855927 , -1.7877531 , 0.052671097
0.1673581 , -1.9000715 , 0.053761836
0.12223486 , -2.0521743 , 0.052956924
0.10658335 , -2.2070646 , 0.054938335
0.3138354 , -1.5541413 , 0.033782806
0.3123632 , -1.5781016 , 0.03369193
0.25648236 , -1.7810098 , 0.04551695
0.2983145 , -1.6715097 , 0.039799538
0.22517446 , -1.7531954 , 0.05213764
0.19021124 , -1.8402013 , 0.05295704
0.15433602 , -1.9465522 , 0.053565893
0.10801698 , -2.0803967 , 0.052078314
0.092971854 , -2.1942356 , 0.039929368
0.091757625 , -2.233894 , 0.04047975
0.10566052 , -2.2479327 , 0.054657355
0.31014374 , -1.6127481 , 0.03440206
0.2593916 , -1.1169095 , -0.016688585
0.28030264 , -1.0527381 , 0.045829747
0.28136864 , -0.75739 , 0.059656434
0.29025045 , -1.4137027 , 0.059951417
0.2958281 , -1.8378688 , 0.057629596
0.280818 , -2.0022402 , 0.049574308
0.2553024 , -1.6512328 , 0.0576838
0.2375062 , -1.1462486 , -0.013583359
0.28775564 , -2.008759 , 0.03189213
0.2729791 , -1.8861376 , 0.01046416
0.25273764 , -1.4938917 , -0.028945211
0.28374887 , -2.0143054 , 0.027361859
0.26824495 , -1.8071263 , 0.0016888838
0.24669534 , -1.3681071 , -0.045724615
0.27739668 , -1.992191 , 0.049574666
0.30631393 , -1.7069725 , 0.037218943
0.28736174 , -2.0147002 , 0.03188451
0.26916397 , -1.8298573 , 0.0030280224
0.24847196 , -1.4060764 , -0.04301904
0.2906044 , -1.482119 , 0.060319755
0.29328993 , -1.9434674 , 0.036528096
0.27974623 , -1.9975723 , 0.021679409
0.2635183 , -1.7258726 , -0.008599723
0.2890212 , -2.0033174 , 0.03393854
0.27577195 , -1.9543321 , 0.014872865
0.25832725 , -1.6243843 , -0.020783132
0.28478882 , -2.030851 , 0.050626475
0.26307842 , -1.836151 , 0.05259688
0.2926035 , -1.948029 , 0.03657793
0.27635658 , -1.9691085 , 0.015911965
0.25951976 , -1.6547201 , -0.018891577
0.29149652 , -1.3102932 , 0.05104975
0.30023095 , -1.7829865 , 0.038114406
0.28500283 , -2.0333772 , 0.030069847
0.27169782 , -1.9010528 , 0.0068622613
0.2942874 , -1.9030343 , 0.037601665
0.28143582 , -2.0326214 , 0.02503605
0.26734987 , -1.8264667 , -0.0025100522
0.2893948 , -2.0080192 , 0.05368281
0.272247 , -1.9842404 , 0.04972378
0.2990012 , -1.7881366 , 0.038356625
0.2817738 , -2.0391493 , 0.025818858
0.26817486 , -1.8493913 , -0.0010772605
0.24900863 , -1.4513803 , -0.050730985
0.25855744 , -1.7906678 , 0.053411134
0.28955552 , -1.9865919 , 0.035668515
0.27780804 , -2.0138488 , 0.018880634
0.30131912 , -1.7074323 , 0.0383147
0.28592327 , -2.0345607 , 0.0324359
0.2741941 , -1.9712164 , 0.011582143
0.29109964 , -1.943163 , 0.05746153
0.27978647 , -2.0500786 , 0.050135966
0.257653 , -1.7955577 , 0.0531636
0.28884658 , -1.9912623 , 0.03570598
0.2776612 , -2.0254612 , 0.018874288
0.26344675 , -1.7776215 , -0.0135005545
0.2601423 , -1.3635635 , -0.016098455
0.29067826 , -1.7900097 , 0.061083514
0.28738973 , -2.0312438 , 0.053729758
0.27044076 , -1.9935788 , 0.049657557
0.296598 , -1.7979256 , 0.03886965
0.28953192 , -1.9659065 , 0.036818657
0.27881607 , -2.0493774 , 0.021639062
0.26580277 , -1.8410277 , -0.008555095
0.24359669 , -1.4476054 , -0.066003904
0.28730476 , -2.0069444 , 0.03536239
0.27695677 , -2.0381286 , 0.017896667
0.26339433 , -1.8018488 , -0.015204311
0.28055775 , -1.4470836 , 0.04840374
0.2852921 , -2.0381474 , 0.03352118
0.27509573 , -2.0218434 , 0.01377912
0.2608467 , -1.7610909 , -0.02253865
0.4883521 , -7.281402 , -0.051643606
0.27292183 , -3.3013983 , 0.055277027
0.28140977 , -4.944972 , 0.060971547
0.2952854 , -6.5862937 , 0.06819953
0.24157198 , -6.5850434 , 0.059468925
0.18060614 , -2.8336327 , 0.035445724
0.27801564 , -4.341738 , 0.011475541
0.4265583 , -6.489266 , -0.02923483
0.218843 , -6.2194314 , 0.058264453
0.19309895 , -3.0257878 , 0.032832403
0.298266 , -4.6560116 , 0.006021955
0.45663983 , -6.8919597 , -0.035916716
0.19783132 , -5.8619123 , 0.057184476
0.20669094 , -3.2396886 , 0.029778844
0.3200911 , -4.9884787 , 0.00011681945
0.48860985 , -7.3069406 , -0.04119662
0.17863466 , -5.513456 , 0.05604489
0.22147174 , -3.474845 , 0.026279708
0.3435437 , -5.3380146 , -0.006212874
0.30184495 , -7.546841 , 0.06509837
0.16130961 , -5.1755753 , 0.054806832
0.24177107 , -3.7975674 , 0.021253405
0.37511292 , -5.7948394 , -0.014652126
0.2681658 , -7.055908 , 0.060822826
0.14237902 , -4.7676373 , 0.05310824
0.0913411 , -3.0852406 , 0.04520517
0.086591035 , -2.202547 , 0.047701232
0.116570115 , -2.1695433 , 0.04225683
0.18871026 , -2.9836445 , 0.033684622
0.27383885 , -4.3057394 , 0.013029442
0.42436814 , -6.48007 , -0.026907766
0.22474004 , -6.39731 , 0.058378257
0.120488636 , -4.2368956 , 0.050572325
0.29422045 , -4.6223474 , 0.007742487
0.45525223 , -6.8879538 , -0.033516936
0.20237845 , -6.029127 , 0.057271224
0.11048179 , -3.953462 , 0.04909028
0.31618667 , -4.957926 , 0.0019180118
0.48893827 , -7.3078537 , -0.039053757
0.1820197 , -5.669702 , 0.05619932
0.10216217 , -3.6862884 , 0.047747914
0.33978257 , -5.3109956 , -0.004259407
0.42426673 , -7.755901 , 0.014264978
0.16369772 , -5.320994 , 0.05510255
0.095464796 , -3.4373891 , 0.046649087
0.36507472 , -5.6810703 , -0.010745179
0.28513497 , -7.358054 , 0.061535463
0.14736609 , -4.983467 , 0.053481862
0.090271264 , -3.206722 , 0.045323268
0.39211336 , -6.066608 , -0.01793612
0.2565363 , -6.965777 , 0.06046525
0.13302769 , -4.659591 , 0.05266996
0.13844265 , -2.3692958 , 0.040467255
0.22049439 , -3.5086007 , 0.02627329
0.3471853 , -5.4400177 , -0.0060666497
0.30784693 , -7.7218957 , 0.065301985
0.15817602 , -5.271031 , 0.05462384
0.09229413 , -3.3888867 , 0.046256978
0.08360882 , -2.317378 , 0.046624735
0.10056843 , -2.128857 , 0.040976513
0.30794224 , -8.443509 , 0.06812921
0.08241583 , -2.3993955 , 0.045821108
0.09589974 , -3.5790715 , 0.047111183
0.17076087 , -5.5515304 , 0.055565294
0.16162513 , -6.011611 , 0.054641124
0.07688014 , -3.37816 , 0.044642445
0.48523405 , -7.321481 , -0.036823988
0.2855159 , -4.5200253 , 0.01089026
0.12030875 , -2.2137976 , 0.041951593
0.12431468 , -2.317675 , 0.042677037
0.313434 , -5.098137 , 0.0085014785
0.5371193 , -8.417561 , -0.038760092
0.43416947 , -8.135463 , 0.019685691
0.5028059 , -10.189434 , 0.009595078
0.7347874 , -12.584435 , -0.088340685
1.1012273 , -14.174826 , -0.45365876
0.8489958 , -11.827807 , -0.2694486
0.6367662 , -9.40024 , -0.11967385
0.47681272 , -9.86751 , 0.018495334
0.08903499 , -2.9795787 , -0.011534733
0.08880981 , -2.9804926 , -0.013563393
0.074771635 , -3.1473672 , -0.015318389
0.047176685 , -3.4982033 , -0.016201084
0.056502685 , -3.3655024 , 0.06934276
0.06779339 , -3.1931896 , 0.06371541
0.093882866 , -2.9509912 , -0.02193698
0.07891241 , -3.1112955 , -0.01894114
0.064339526 , -3.28039 , -0.015813423
0.05517382 , -3.4080863 , 0.07333698
0.53736806 , -8.263516 , -0.040118735
0.31407523 , -8.136013 , 0.069861986
0.54118884 , -8.210189 , -0.03680233
0.5508682 , -8.471451 , -0.04219221
0.5635358 , -8.736504 , -0.045099184
0.3316955 , -8.682783 , 0.06699839
0.33426133 , -8.489691 , 0.06726347
0.3392952 , -8.298152 , 0.06696481
0.5715564 , -8.720001 , -0.054584354
0.5299605 , -11.488369 , 0.008618708
0.8153904 , -14.349696 , -0.08825243
0.65446794 , -10.018888 , -0.09412479
0.5749249 , -8.736623 , -0.058447134
0.34964254 , -9.096792 , 0.061226193
0.071851335 , -3.1758063 , 0.040800847
0.12700756 , -2.477827 , 0.00061936583
0.11416499 , -2.746196 , -0.015150398
0.0652658 , -3.4167676 , -0.023082972
0.044143733 , -3.5455234 , -0.014344347
0.10425932 , -2.843072 , -0.008469731
0.09512162 , -2.707784 , 0.077964224
0.09765102 , -2.8695056 , -0.008633249
0.12289752 , -2.6455479 , -0.021602334
0.094647184 , -2.7143106 , 0.0788438
0.09252028 , -2.8837557 , 0.009403315
0.37315938 , -8.553283 , 0.05450538
0.78151625 , -11.091568 , -0.22506914
0.58436775 , -8.653745 , -0.07889149
0.5815314 , -8.046269 , 0.024537282
1.0174358 , -13.393716 , -0.39773425
0.77943975 , -11.058002 , -0.22508417
0.5836931 , -8.632388 , -0.07916336
0.10770002 , -2.5300412 , 0.06736231
0.08986875 , -2.8067462 , 0.07771143
0.11210428 , -2.7467465 , -0.010993299
0.10665482 , -2.5385237 , 0.07001926
0.08962277 , -2.8083875 , 0.07651983
0.36579096 , -7.913842 , 0.021987729
0.88614184 , -12.148882 , -0.30291563
0.66971564 , -9.783963 , -0.14858386
0.09287372 , -2.856589 , -0.0025367916
0.4422355 , -9.371031 , 0.030181827
0.69632107 , -12.110813 , -0.07389025
1.0744618 , -13.8586645 , -0.4456224
0.79267776 , -11.178799 , -0.23751503
0.568728 , -8.390971 , -0.06720551
0.12721342 , -2.5843952 , -0.02319692
0.16323343 , -2.2166066 , -0.08358923
0.12077208 , -2.3805168 , 0.052898612
0.09279085 , -2.7314532 , 0.07979008
0.13293082 , -2.260756 , 0.0360575
0.1026495 , -2.5800326 , 0.07620795
0.08918314 , -2.8204336 , 0.0687171
0.44795832 , -8.098863 , 0.013003909
0.090881854 , -2.7843492 , 0.0098331515
0.35955226 , -8.261587 , 0.060769312
0.55979955 , -10.6062565 , -0.016191535
0.7917948 , -12.872996 , -0.13043669
0.98354006 , -12.962769 , -0.39016423
0.7537681 , -10.69794 , -0.21912464
0.5634369 , -8.358893 , -0.075847626
0.12766853 , -2.5472834 , -0.017825462
0.15954274 , -2.2232864 , -0.061292198
0.14654042 , -2.108383 , 0.024471084
0.1127506 , -2.4335623 , 0.07212985
0.091234975 , -2.7199519 , 0.076792404
0.122784495 , -2.5912154 , -0.013220063
0.15419751 , -2.2711954 , -0.05007459
0.15519588 , -2.0287719 , 0.011594843
0.11985483 , -2.3506043 , 0.06564558
0.094912 , -2.6575592 , 0.08041358
0.091690764 , -2.7976553 , 0.023101011
0.43649644 , -9.187742 , 0.03110923
0.6467226 , -11.482735 , -0.055765748
0.8920115 , -13.724846 , -0.19031462
0.8842479 , -12.023757 , -0.31678748
0.6706786 , -9.745416 , -0.16059884
0.06895623 , -2.778889 , -0.01323424
0.38175198 , -8.505169 , 0.051448148
0.58290666 , -10.813334 , -0.027217846
0.8172584 , -13.056321 , -0.14758554
0.9480941 , -12.61061 , -0.3674215
0.7245647 , -10.35824 , -0.20117767
0.105457045 , -2.7472415 , -0.008009462
0.13352409 , -2.4773505 , -0.021360092
0.16613962 , -2.1484277 , -0.06894667
0.14460938 , -2.109901 , 0.03208653
0.111374825 , -2.4385095 , 0.07557688
0.08993889 , -2.721879 , 0.0732467
0.12846893 , -2.5231426 , -0.015953213
0.16073063 , -2.1961064 , -0.057001032
0.15330032 , -2.0286386 , 0.019686911
0.11826932 , -2.3560183 , 0.07010842
0.09406278 , -2.6588562 , 0.07924074
0.41710672 , -7.6982517 , 0.015613886
0.45792952 , -9.411945 , 0.022672914
0.6706458 , -11.678035 , -0.069177344
1.0082488 , -13.900158 , -0.34825101
0.8515011 , -11.677979 , -0.29615074
0.6437856 , -9.411828 , -0.14393744
0.0965199 , -2.762746 , -0.003533046
0.4030546 , -8.738739 , 0.04295959
0.6060584 , -11.014704 , -0.03894511
0.8427877 , -13.235412 , -0.1654265
0.91363084 , -12.262185 , -0.34531814
0.69617474 , -10.022442 , -0.1837041
0.11082144 , -2.696247 , -0.0056018876
0.13955866 , -2.404942 , -0.025445761
0.17282611 , -2.0735474 , -0.07704769
0.14265504 , -2.1123152 , 0.03933117
0.11003415 , -2.4439135 , 0.078425795
0.08848094 , -2.7260718 , 0.06590992
0.49052155 , 3.0879445 , 0.001521169
0.5464356 , 3.6584697 , -0.06599388
0.51832926 , 3.818752 , 0.023712808
0.45920378 , 3.2507787 , 0.08680508
0.4009334 , 2.6340864 , 0.13005708
0.2433586 , -0.73766804 , 0.0063665207
0.3472855 , 0.87120885 , 0.005593019
0.44969386 , 2.4979782 , 0.0028229773
0.38763997 , 2.4372165 , 0.14138556
0.31975397 , 1.1770319 , 0.14657623
0.23279065 , -0.33290836 , 0.13093087
0.1435008 , -1.8225456 , 0.10150351
0.5629817 , 3.6183517 , -0.120869376
0.45959896 , 2.0464525 , -0.12560007
0.3528056 , 0.4147384 , -0.12374767
0.2438555 , -1.1704108 , -0.11549444
0.14399907 , -2.1492531 , -0.013632539
0.24059045 , -0.700366 , 0.0037110294
0.34199628 , 0.8238709 , 0.024634892
0.42650914 , 2.1887646 , 0.05629765
0.3442891 , 1.6205136 , 0.14990509
0.26092917 , 0.15185283 , 0.1374149
0.17135872 , -1.3656738 , 0.11345253
0.09154667 , -2.6678774 , 0.060984846
0.18387267 , -1.5411508 , -0.0062138382
0.28532726 , -0.031862397 , 0.012789139
0.3826614 , 1.45444 , 0.037242066
0.38129485 , 2.3036354 , 0.14789009
0.308521 , 0.98707634 , 0.14624272
0.22124445 , -0.5271531 , 0.12894967
0.13313961 , -1.9952806 , 0.095946565
0.13304396 , -2.3100584 , -0.016155
0.22743662 , -0.89209276 , 0.002344615
0.32926643 , 0.6304753 , 0.023004921
0.4177911 , 2.0288918 , 0.053879138
0.3515384 , 1.7651103 , 0.15220213
0.2704462 , 0.32205558 , 0.14022744
0.18157536 , -1.1963326 , 0.11771072
0.09924258 , -2.5499198 , 0.06504217
0.1713955 , -1.7206969 , -0.0079762805
0.27212337 , -0.22693555 , 0.01139886
0.37089562 , 1.2690189 , 0.03519755
0.38442445 , 2.401895 , 0.14831431
0.3169784 , 1.1466395 , 0.1487362
0.23120965 , -0.35447374 , 0.13225314
0.1430712 , -1.8365695 , 0.101758145
0.12263837 , -2.4620304 , -0.019425899
0.21437058 , -1.0814415 , 0.00095619867
0.3163842 , 0.4364714 , 0.02139068
0.40806723 , 1.8607233 , 0.05124679
0.35823655 , 1.9031973 , 0.15470947
0.2797208 , 0.49012858 , 0.1429662
0.19173548 , -1.0258131 , 0.12181963
0.10788297 , -2.4171226 , 0.07339064
0.15916938 , -1.8956679 , -0.0099170245
0.25891837 , -0.42088377 , 0.01003018
0.35879177 , 1.0811356 , 0.03313933
0.4357812 , 2.3565283 , 0.07530673
0.32503423 , 1.302139 , 0.15124469
0.24099506 , -0.18263526 , 0.13543494
0.15305883 , -1.6741936 , 0.107404105
0.11261755 , -2.6021202 , -0.022778159
0.20140585 , -1.2680035 , -0.00043565076
0.30338138 , 0.24231258 , 0.019812632
0.39752758 , 1.6864955 , 0.04840182
0.3643098 , 2.0335891 , 0.15758187
0.2887359 , 0.65566677 , 0.14562929
0.20182191 , -0.85467535 , 0.12574618
0.11702726 , -2.2741222 , 0.08346225
0.14724736 , -2.0652928 , -0.012007844
0.24575055 , -0.61333853 , 0.008700595
0.34643584 , 0.8914614 , 0.031107076
0.4289914 , 2.2167816 , 0.07293435
0.332627 , 1.4530165 , 0.15379223
0.2505736 , -0.0120404465 , 0.13848843
0.16305566 , -1.5091146 , 0.112738125
0.1014206 , -2.7239673 , -0.034875873
0.18855938 , -1.4513414 , -0.0017968662
0.29028887 , 0.0484114 , 0.01828877
0.38637206 , 1.5077276 , 0.045458615
0.36953688 , 2.1544273 , 0.16086556
0.2974353 , 0.8182362 , 0.14821644
0.2117811 , -0.683434 , 0.12947574
0.12645546 , -2.1239116 , 0.09286481
0.13562524 , -2.2285159 , -0.014032657
0.2326217 , -0.80391747 , 0.007430876
0.3338636 , 0.70058346 , 0.029135786
0.4207809 , 2.0625274 , 0.068264216
0.33979052 , 1.5986489 , 0.15639585
0.25999966 , 0.15693758 , 0.14141361
0.17312215 , -1.3420854 , 0.11770894
0.09475628 , -2.6519153 , 0.044158593
0.17595531 , -1.6309881 , -0.0030617933
0.2772136 , -0.14486323 , 0.016833508
0.374842 , 1.3254871 , 0.04255515
0.37285134 , 2.2619987 , 0.16288549
0.30561528 , 0.97736174 , 0.15073197
0.2214307 , -0.51257217 , 0.13301261
0.1358079 , -1.9684942 , 0.10093637
0.12402971 , -2.383772 , -0.015333728
0.21938694 , -0.9922129 , 0.0062447614
0.32097346 , 0.50903326 , 0.02724527
0.41101032 , 1.8989867 , 0.06252182
0.34676686 , 1.7382536 , 0.15905838
0.26944104 , 0.3239084 , 0.14422625
0.18343623 , -1.1737633 , 0.12233275
0.103886865 , -2.5267448 , 0.07110765
0.16391814 , -1.8063705 , -0.004117274
0.26438206 , -0.33714077 , 0.015449962
0.36324576 , 1.140616 , 0.03976982
0.40771762 , 2.3493493 , 0.11929663
0.31310812 , 1.132633 , 0.15320925
0.23067075 , -0.34244034 , 0.13639486
0.14494999 , -1.8091246 , 0.107934415
0.11229373 , -2.5287695 , -0.014557181
0.2059366 , -1.1779037 , 0.005153795
0.3077164 , 0.31719694 , 0.02542338
0.4000892 , 1.7288934 , 0.05702645
0.3530063 , 1.8704245 , 0.1618965
0.278526 , 0.4882593 , 0.14699976
0.19353542 , -1.0049598 , 0.12670161
0.112894334 , -2.3895514 , 0.086238146
0.15206315 , -1.9764467 , -0.004829102
0.25150162 , -0.5278414 , 0.014097918
0.3512789 , 0.9540277 , 0.037078004
0.43359426 , 2.2318673 , 0.099043995
0.29383686 , -6.2842846 , 0.06660394
0.28022137 , -4.6285667 , 0.059428707
0.27223474 , -2.9778612 , 0.05385237
0.27553055 , -1.5398954 , 0.04654796
0.27326906 , -3.1797435 , 0.054008815
0.2827184 , -4.8417125 , 0.059732035
0.2979539 , -6.5056615 , 0.067237064
0.25441566 , -1.9323603 , -0.07994352
0.31644675 , -3.5702832 , -0.07625613
0.38511354 , -5.225169 , -0.071065195
0.4647982 , -6.8704896 , -0.05949442
0.4600941 , -6.768182 , -0.0618414
0.38066086 , -5.1086383 , -0.07269303
0.31187338 , -3.4447694 , -0.077721775
0.24984643 , -1.7992384 , -0.081517406
0.27155337 , -2.6528244 , 0.051775463
0.27953815 , -4.3198137 , 0.057345007
0.29342148 , -5.9968095 , 0.06426827
0.3134905 , -7.6196814 , 0.071808696
0.42439285 , -6.0638404 , -0.0691287
0.350001 , -4.3868327 , -0.07633233
0.2836053 , -2.7191963 , -0.08059322
0.2724626 , -1.7257451 , 0.04707788
0.27482262 , -3.3902326 , 0.05379021
0.28637123 , -5.0730915 , 0.059736777
0.30391142 , -6.754905 , 0.06779662
0.47454342 , -7.0186367 , -0.06110087
0.39195386 , -5.343191 , -0.07412974
0.3208373 , -3.6585824 , -0.07952931
0.2564368 , -1.9897827 , -0.08353418
0.2713171 , -2.4548988 , 0.05018605
0.27977368 , -4.139259 , 0.05581685
0.2945447 , -5.8358836 , 0.06261585
0.31579813 , -7.499575 , 0.07189884
0.43770143 , -6.3102818 , -0.06997489
0.36047357 , -4.613562 , -0.078027606
0.2919155 , -2.9247375 , -0.082505815
0.2735293 , -1.5173886 , 0.04481275
0.27442205 , -3.1986632 , 0.05228693
0.28663364 , -4.8993998 , 0.05813219
0.30493638 , -6.604579 , 0.0661135
0.48960176 , -7.2723336 , -0.059631474
0.40372 , -5.582676 , -0.075566866
0.3302108 , -3.877319 , -0.08136622
0.26362473 , -2.18618 , -0.085476026
0.27088672 , -2.2525966 , 0.04857307
0.27969155 , -3.9543009 , 0.054278933
0.2952572 , -5.6698327 , 0.06090585
0.3176 , -7.367281 , 0.07043544
0.45147806 , -6.5611634 , -0.07070082
0.3713458 , -4.8451643 , -0.07974021
0.30057794 , -3.1352897 , -0.084427096
0.23778327 , -1.4448414 , -0.088981844
0.2738742 , -3.0027301 , 0.050767906
0.2867416 , -4.7211647 , 0.05650143
0.30584282 , -6.4479885 , 0.06426568
0.50570285 , -7.528275 , -0.057493042
0.4161129 , -5.8269916 , -0.07698126
0.34009176 , -4.1009164 , -0.08322165
0.27138942 , -2.3880396 , -0.0874106
0.2703281 , -2.0458348 , 0.04695474
0.27932352 , -3.7649422 , 0.05272394
0.2956313 , -5.4988427 , 0.05914437
0.31884527 , -7.22536 , 0.068339415
0.46576542 , -6.8163166 , -0.07128798
0.38265133 , -5.0816774 , -0.081462145
0.3096207 , -3.3507955 , -0.08636025
0.24345276 , -1.6367067 , -0.09054805
0.27313524 , -2.8024142 , 0.04923637
0.28662282 , -4.538457 , 0.054847892
0.3064956 , -6.2856236 , 0.062323824
0.5229961 , -7.7851973 , -0.05575301
0.42907602 , -6.076093 , -0.0783679
0.3504393 , -4.3293796 , -0.08509644
0.2796195 , -2.5951424 , -0.089360796
0.26976904 , -1.834527 , 0.0453925
0.2787154 , -3.5712 , 0.051156253
0.29574597 , -5.323096 , 0.05734903
0.31973252 , -7.075373 , 0.066061646
0.48066366 , -7.07542 , -0.07177006
0.39445034 , -5.323104 , -0.0831948
0.31908745 , -3.571202 , -0.08831372
0.25035048 , -1.8345366 , -0.09236588
0.27219427 , -2.5976782 , 0.04770724
0.28625175 , -4.3513184 , 0.053180702
0.30686224 , -6.117846 , 0.06033606
0.33638152 , -7.848985 , 0.06904867
0.44258904 , -6.3299127 , -0.07973489
0.36124244 , -4.562728 , -0.08699672
0.2882747 , -2.8073394 , -0.091339156
0.26939613 , -1.6185554 , 0.043945465
0.2778754 , -3.3730767 , 0.0495862
0.2956142 , -5.1427264 , 0.055538006
0.32031703 , -6.9183373 , 0.06376854
0.496204 , -7.3380103 , -0.07224898
0.4067639 , -5.56944 , -0.08494643
0.32899052 , -3.796482 , -0.09029868
0.2579871 , -2.0379658 , -0.094291076
0.24548936 , -1.0948912 , 0.0153195765
0.21212909 , -0.79992163 , -0.076217026
0.16607007 , -0.57403845 , -0.4834786
0.19331492 , -0.8206623 , -0.29034033
0.220221 , -1.1222904 , -0.14936128
0.95835346 , -12.036721 , -0.4883203
0.7046417 , -8.516144 , -0.49282444
0.46122453 , -4.9978876 , -0.49469957
0.22875631 , -1.5239912 , -0.49300402
0.28320986 , -2.6726408 , -0.09539968
0.3578081 , -4.4559054 , -0.09124159
0.4404379 , -6.252471 , -0.084684186
0.53859127 , -8.010626 , -0.06616106
0.36415637 , -4.0189376 , -0.21766049
0.5521533 , -7.5290737 , -0.21392043
0.74915653 , -11.053097 , -0.21050858
0.33782384 , -7.672425 , 0.06543057
0.30741554 , -5.8926325 , 0.057502564
0.28559685 , -4.0981135 , 0.05080305
0.27063558 , -2.3176446 , 0.04558922
0.26064423 , -2.1064687 , -0.09536017
0.3326087 , -3.8754265 , -0.09139505
0.41144213 , -5.6586647 , -0.08598182
0.5022167 , -7.4357176 , -0.07300294
0.32109416 , -6.8729086 , 0.06281466
0.29588214 , -5.0865617 , 0.05476971
0.2776669 , -3.307801 , 0.04890994
0.26922438 , -1.5438607 , 0.043392535
0.19695953 , -0.58709234 , -0.08090475
0.19986284 , -0.64222986 , -0.083429635
0.26406503 , -1.2436147 , -0.024246112
0.21510895 , -0.89479285 , -0.0868671
0.21902794 , -0.94990575 , -0.08285545
0.2600847 , -1.1041799 , -0.023335535
0.25770947 , -1.3254011 , -0.022237072
0.27118936 , -0.8737798 , 0.040547013
0.2680742 , -0.79717433 , 0.044300992
0.26116535 , -1.2015908 , -0.02701583
0.25958702 , -0.5193753 , 0.043510176
0.2571708 , -0.44085985 , 0.0424433
0.2587787 , -1.0774199 , -0.021293886
0.21123332 , -0.15808825 , -0.023678318
0.17520276 , -0.21314372 , -0.09058763
0.25519377 , -1.2904744 , -0.02458269
0.18904956 , -0.47389647 , -0.091341764
0.19213699 , -0.5312463 , -0.09227184
0.25717458 , -1.1636467 , -0.025907021
0.2083225 , -0.7943221 , -0.09255168
0.21269971 , -0.85323787 , -0.093600295
0.2535002 , -1.0359143 , -0.02656872
0.25252968 , -1.2570829 , -0.027572628
0.26363042 , -0.7750897 , 0.040055864
0.07888463 , 1.3628179 , -0.22098921
0.17647374 , 0.73356456 , -0.0046149585
0.099018194 , 1.4796607 , -0.11210913
0.1629159 , -0.011706607 , -0.15929246
0.20634012 , -0.39059222 , -0.032787558
0.25978568 , -0.8670123 , 0.03491033
0.056975145 , 1.3703221 , -0.32445344
0.12138495 , 0.597126 , -0.17307904
0.20878373 , -0.8021815 , -0.12615602
0.16788393 , -0.34124565 , -0.25814122
0.1291134 , 0.030865664 , -0.43959975
0.18147299 , -0.1955648 , -0.10136818
0.22664922 , -0.5967151 , 0.0014224962
0.21395634 , -0.8702268 , -0.11787868
0.17299971 , -0.40882438 , -0.24584052
0.13520016 , -0.040408432 , -0.4230697
0.18001355 , -0.20699269 , -0.11213462
0.22371085 , -0.59257364 , -0.004689118
0.21906935 , -0.9379297 , -0.110031456
0.1780039 , -0.47562647 , -0.23384526
0.14109898 , -0.11053954 , -0.40690187
0.17872167 , -0.21996546 , -0.123296276
0.22096698 , -0.5906342 , -0.011172993
0.22407098 , -1.0055717 , -0.10265573
0.18290131 , -0.5416135 , -0.22215392
0.14681934 , -0.1795815 , -0.3910999
0.17759167 , -0.23441273 , -0.13485506
0.21841867 , -0.5908781 , -0.018023564
0.28009367 , -1.0512179 , 0.040028434
0.18769768 , -0.6068238 , -0.21076751
0.15236835 , -0.24755237 , -0.37565842
0.17661761 , -0.25026655 , -0.14681326
0.21606289 , -0.59320045 , -0.025240246
0.26948547 , -1.0320027 , 0.037950337
0.19239227 , -0.6712075 , -0.19968806
0.13174726 , -2.1879687 , 0.12763287
0.17858689 , -1.3441613 , 0.12773967
0.21843284 , -0.518908 , 0.12566534
0.25307932 , 0.2346345 , 0.12192125
0.14347525 , -1.9879866 , 0.12871774
0.18917094 , -1.1292766 , 0.1286496
0.22825247 , -0.3001766 , 0.12599285
0.26217198 , 0.44466728 , 0.12181964
0.15512659 , -1.7811701 , 0.1298391
0.19967745 , -0.90792173 , 0.12943786
0.23810558 , -0.07898816 , 0.12613855
0.117404744 , -2.4437084 , 0.12987632
0.16661617 , -1.5668755 , 0.1309859
0.21016876 , -0.680816 , 0.13004947
0.24794726 , 0.14329217 , 0.12609808
0.12893379 , -2.240712 , 0.13098055
0.17796552 , -1.3446624 , 0.13211238
0.22068618 , -0.44910473 , 0.13044252
0.2577027 , 0.36523086 , 0.12587148
0.14100885 , -2.0307794 , 0.1321616
0.18923357 , -1.1145095 , 0.13314624
0.23124094 , -0.21426387 , 0.13059461
0.26730195 , 0.5853774 , 0.12545872
0.15314484 , -1.8129286 , 0.13342519
0.200485 , -0.87695664 , 0.13400735
0.2418107 , 0.022030784 , 0.13050449
0.11424357 , -2.5074713 , 0.13256341
0.16520716 , -1.5862806 , 0.1347419
0.21176712 , -0.63312453 , 0.13462658
0.25233915 , 0.2580403 , 0.13018802
0.12590504 , -2.2961612 , 0.13371398
0.1772064 , -1.3503145 , 0.13603906
0.22309622 , -0.38462543 , 0.1349563
0.2627391 , 0.49206993 , 0.12966886
0.13832544 , -2.0770466 , 0.13500656
0.18920441 , -1.1051261 , 0.13721605
0.23445572 , -0.1334248 , 0.13497405
0.2729088 , 0.72252154 , 0.12896729
0.15095006 , -1.8487935 , 0.13643336
0.201263 , -0.8515494 , 0.13817361
0.24580134 , 0.118317425 , 0.13468446
0.11085712 , -2.5722404 , 0.13449953
0.16359715 , -1.6102757 , 0.13794275
0.21341126 , -0.59109646 , 0.13883539
0.2570655 , 0.3684189 , 0.1341194
0.12265935 , -2.3536623 , 0.13570286
0.176271 , -1.3609169 , 0.13942927
0.22563381 , -0.32580405 , 0.13915159
0.2681559 , 0.61483526 , 0.13332932
0.13541786 , -2.1262753 , 0.137123
0.18904175 , -1.1009914 , 0.1407635
0.2378773 , -0.0580798 , 0.13909554
0.27895293 , 0.8557581 , 0.13236524
0.14852452 , -1.8883477 , 0.13873821
0.26806304 , 0.50257933 , 0.14975032
0.31649843 , 1.5693282 , 0.14144254
0.1545298 , -1.7369711 , 0.14119238
0.22163643 , -0.44623888 , 0.149384
0.28347182 , 0.8202258 , 0.14917561
0.10687476 , -2.594584 , 0.1290536
0.17051685 , -1.4305952 , 0.14354517
0.23884 , -0.11132332 , 0.15031658
0.29816306 , 1.1280466 , 0.14794429
0.120986044 , -2.3440967 , 0.13140474
0.18735318 , -1.1086217 , 0.14546838
0.25613725 , 0.2261987 , 0.15101436
0.31197727 , 1.4202858 , 0.14605455
0.13582195 , -2.0712752 , 0.13452844
0.20490961 , -0.7748923 , 0.14708133
0.27328837 , 0.5631563 , 0.1514247
0.3249712 , 1.6917428 , 0.1439107
0.15154311 , -1.774177 , 0.13756076
0.22299762 , -0.43274948 , 0.14850666
0.2899925 , 0.89578116 , 0.15141505
0.10279884 , -2.6467288 , 0.12117293
0.16840555 , -1.4561535 , 0.14005703
0.24142306 , -0.08514316 , 0.14981526
0.30587426 , 1.2191563 , 0.150735
0.117033936 , -2.3960116 , 0.12400275
0.18631445 , -1.1222605 , 0.14214095
0.25998554 , 0.2650908 , 0.15102611
0.32055753 , 1.5264957 , 0.14905609
0.13201435 , -2.1172414 , 0.12781936
0.2050236 , -0.7767973 , 0.1440466
0.2784587 , 0.61496365 , 0.15210749
0.33399928 , 1.8093945 , 0.14643028
0.14836292 , -1.8100466 , 0.13116705
0.22429706 , -0.4231508 , 0.14592718
0.29655954 , 0.9610403 , 0.15296276
0.09869984 , -2.693662 , 0.10877009
0.1662364 , -1.480971 , 0.13387011
0.2439304 , -0.064223625 , 0.14785682
0.3138998 , 1.2989705 , 0.15337269
0.11283275 , -2.4451945 , 0.11256167
0.18529074 , -1.1362952 , 0.13635503
0.26373082 , 0.2972201 , 0.14985622
0.32992658 , 1.6224335 , 0.15282446
0.1279253 , -2.1598263 , 0.11732875
0.20517145 , -0.78041846 , 0.13890307
0.28349382 , 0.65829897 , 0.15191318
0.34408724 , 1.9207747 , 0.15035145
0.14517087 , -1.8424567 , 0.12109806
0.22561643 , -0.41665462 , 0.14161755
0.30298012 , 1.0157703 , 0.15401068
0.09451164 , -2.733473 , 0.088996075
0.1642231 , -1.5035193 , 0.12458053
0.24642065 , -0.047839552 , 0.14447731
0.32188046 , 1.3657327 , 0.15614174
0.21392299 , -1.4116225 , 0.058981497
0.27171445 , -1.0114728 , 0.060156338
0.09825031 , -2.312038 , 0.054676887
0.16667734 , -1.76105 , 0.05640505
0.22863074 , -1.2931294 , 0.059923556
0.28539464 , -0.8834707 , 0.060043033
0.11526981 , -2.1824615 , 0.05512484
0.18196316 , -1.6326491 , 0.057651963
0.24331029 , -1.1710095 , 0.060634248
0.29865602 , -0.74591273 , 0.059745315
0.13204318 , -2.0478199 , 0.05574364
0.19720495 , -1.5034018 , 0.058834895
0.25791988 , -1.0437969 , 0.061094124
0.31135726 , -0.59850496 , 0.059384096
0.14814165 , -1.909797 , 0.05657428
0.21245438 , -1.3725789 , 0.059884347
0.2723677 , -0.9100495 , 0.061308008
0.32341155 , -0.4417708 , 0.059060168
0.16390176 , -1.7696048 , 0.057558842
0.22772317 , -1.239144 , 0.060757067
0.28651336 , -0.76858675 , 0.06132045
0.11187513 , -2.2303216 , 0.056594085
0.17956582 , -1.6277981 , 0.058602095
0.24298543 , -1.1018987 , 0.06142837
0.30019483 , -0.6187652 , 0.061214745
0.12865001 , -2.0849366 , 0.057124484
0.19525848 , -1.4843018 , 0.059613764
0.2581728 , -0.95961434 , 0.061892312
0.31327885 , -0.4606377 , 0.06108639
0.1450003 , -1.9355974 , 0.05778264
0.2110284 , -1.3385628 , 0.060527034
0.2731716 , -0.8111941 , 0.062168475
0.32569897 , -0.29488283 , 0.061008167
0.16109493 , -1.7831879 , 0.05854944
0.22687156 , -1.1897371 , 0.06130121
0.2878306 , -0.65587515 , 0.062307198
0.10855641 , -2.2828848 , 0.05784552
0.1771554 , -1.6281424 , 0.059367098
0.24273854 , -1.0368633 , 0.061918758
0.30198678 , -0.49340937 , 0.06238185
0.12522343 , -2.1266952 , 0.05829052
0.19331318 , -1.4704251 , 0.060171187
0.2585353 , -0.87902397 , 0.06238387
0.31550512 , -0.32412815 , 0.06246676
0.14178799 , -1.9661045 , 0.058789436
0.20961809 , -1.3096273 , 0.060910884
0.27412668 , -0.7155046 , 0.062723644
0.32831824 , -0.14884764 , 0.062614605
0.1582194 , -1.8016459 , 0.059343487
0.22605515 , -1.1451256 , 0.061557177
0.28934878 , -0.545948 , 0.06298657
0.10531502 , -2.339758 , 0.058891647
0.17469186 , -1.633544 , 0.05992416
0.24255429 , -0.9762556 , 0.062103305
0.18497247 , -1.419789 , 0.054931
0.2713676 , -0.3165069 , 0.055970024
0.34748703 , 0.6967226 , 0.06393941
0.1234071 , -2.2183685 , 0.057402987
0.20615944 , -1.1467577 , 0.053885616
0.2925889 , -0.031788394 , 0.0568752
0.36377272 , 0.9500967 , 0.06631071
0.14189446 , -1.9733558 , 0.055706795
0.22790992 , -0.86304176 , 0.053240966
0.31335667 , 0.252723 , 0.058339868
0.37827235 , 1.1943535 , 0.0688807
0.16175413 , -1.7145956 , 0.053905256
0.24998799 , -0.5708599 , 0.053079624
0.3333183 , 0.53378594 , 0.060377844
0.10337553 , -2.5115428 , 0.057112947
0.1827779 , -1.4413916 , 0.052246265
0.27217227 , -0.27283633 , 0.05345391
0.3520532 , 0.8081522 , 0.062944874
0.12003099 , -2.2727597 , 0.055206392
0.20468223 , -1.1545757 , 0.05096291
0.29423818 , 0.0281177 , 0.054418735
0.3691162 , 1.0729462 , 0.0659247
0.13866712 , -2.020153 , 0.0529806
0.22716895 , -0.8561929 , 0.05019118
0.31592315 , 0.328755 , 0.056043573
0.3841206 , 1.3260535 , 0.06915955
0.15900126 , -1.7514887 , 0.05067818
0.24998395 , -0.5488794 , 0.049984727
0.33688316 , 0.6254179 , 0.058395162
0.10046237 , -2.5707967 , 0.05447795
0.1806884 , -1.4662911 , 0.04865076
0.2729162 , -0.23546708 , 0.050373666
0.35665375 , 0.9141293 , 0.06148576
0.116791315 , -2.3277895 , 0.05198792
0.20331095 , -1.1661118 , 0.047164157
0.29576594 , 0.081066824 , 0.05140715
0.37465492 , 1.1910363 , 0.065203935
0.13556968 , -2.0685833 , 0.04910215
0.22650668 , -0.85370296 , 0.04631909
0.3183069 , 0.39744067 , 0.05317178
0.39029583 , 1.4532112 , 0.06929541
0.15642823 , -1.7904696 , 0.04621922
0.25001377 , -0.5321036 , 0.046125393
0.34023774 , 0.70982313 , 0.05578982
0.097886674 , -2.6280274 , 0.050565455
0.17880797 , -1.4935557 , 0.043834183
0.27363446 , -0.20427698 , 0.046587564
0.36110935 , 1.0136482 , 0.059377607
0.11376779 , -2.3825421 , 0.04733951
0.20213139 , -1.1804984 , 0.042209696
0.29718912 , 0.12683144 , 0.047742452
0.38024396 , 1.3038186 , 0.06392366
0.1327209 , -2.117733 , 0.043606978
0.22599202 , -0.85485196 , 0.041373238
0.32048234 , 0.4580615 , 0.049673572
0.39675707 , 1.5757945 , 0.06911876
0.15418352 , -1.8304275 , 0.040072665
0.2501371 , -0.51998353 , 0.041285817
0.3432681 , 0.7857082 , 0.052526373
0.09578825 , -2.6818101 , 0.044850618
0.1772673 , -1.5220214 , 0.037397493
0.27438328 , -0.17891054 , 0.04193288
0.36518082 , 1.1050702 , 0.056518495
0.11107399 , -2.436008 , 0.040658046
0.20124342 , -1.1967137 , 0.035753887
0.29856148 , 0.16549568 , 0.043340575
0.38558045 , 1.4100236 , 0.061864916
0.1303126 , -2.1664538 , 0.03581617
0.22570601 , -0.8588046 , 0.03506197
0.32248893 , 0.5102453 , 0.045577135
0.40332532 , 1.6935295 , 0.06843528
0.15247509 , -1.869898 , 0.03163214
0.2504276 , -0.5118405 , 0.035245866
0.34595072 , 0.851925 , 0.048766416
0.09435747 , -2.7303996 , 0.036554325
0.17622215 , -1.550295 , 0.028850947
0.2752364 , -0.15882406 , 0.03628399
0.36866847 , 1.186232 , 0.053134456
0.10890517 , -2.487091 , 0.03099617
0.20076227 , -1.2136333 , 0.027407123
0.2999639 , 0.19744843 , 0.03819747
0.39018825 , 1.5070719 , 0.0590992
0.12867579 , -2.2131417 , 0.02471267
0.22574733 , -0.86465645 , 0.027113328
0.32442248 , 0.55411154 , 0.041044578
0.40946087 , 1.8051935 , 0.06716313
0.15157877 , -1.9069443 , 0.020134114
0.25097856 , -0.50690824 , 0.027869454
0.34839106 , 0.90798044 , 0.0449332
0.42390582 , 2.069736 , 0.07650355
0.17585315 , -1.5768322 , 0.01768811
0.27628747 , -0.14333577 , 0.029631246
0.37159845 , 1.2552276 , 0.0500646
0.10770623 , -2.5346184 , 0.016547281
0.20083152 , -1.230105 , 0.016945647
0.30150005 , 0.22331266 , 0.032385014
0.3936899 , 1.5907657 , 0.056853753
0.12839516 , -2.2551677 , 0.0086975
0.22624214 , -0.8714741 , 0.017614642
0.32641453 , 0.5902052 , 0.03617824
0.4140088 , 1.906362 , 0.06641149
0.15186067 , -1.9392039 , 0.0049003325
0.25191078 , -0.5043255 , 0.019403294
0.35080343 , 0.9542521 , 0.041088935
0.42995304 , 2.184488 , 0.08102099
0.17638668 , -1.600192 , 0.0044971243
0.27762094 , -0.13168734 , 0.022248799
0.37431175 , 1.311591 , 0.04758669
0.096285924 , -2.1738439 , 0.05669537
0.10475388 , -2.3705978 , 0.08055119
0.10126016 , -2.5982838 , 0.09607429
0.094767615 , -2.7547472 , 0.08788391
0.0988564 , -2.2197351 , 0.06282144
0.10400761 , -2.4354098 , 0.08530268
0.09894772 , -2.658281 , 0.0974981
0.09325667 , -2.7819967 , 0.07528701
0.100925066 , -2.2711186 , 0.06872996
0.1027104 , -2.5024698 , 0.08949413
0.096567996 , -2.713777 , 0.097388536
0.09239818 , -2.7941937 , 0.051601272
0.10202411 , -2.3292851 , 0.07437426
0.10095426 , -2.569961 , 0.093011625
0.09429318 , -2.762893 , 0.0950279
0.08887036 , -2.1837316 , 0.05544366
0.102218196 , -2.39335 , 0.07966691
0.0988492 , -2.636102 , 0.0957022
0.09235862 , -2.8032563 , 0.089195736
0.09465554 , -2.232176 , 0.061673015
0.101638876 , -2.4616523 , 0.08451277
0.09652385 , -2.699147 , 0.09733053
0.091117784 , -2.8315833 , 0.0777396
0.0979454 , -2.286227 , 0.06766351
0.10041623 , -2.5322874 , 0.088813
0.09413164 , -2.7573345 , 0.0975052
0.09122297 , -2.8430085 , 0.056331463
0.099558614 , -2.3474116 , 0.07338635
0.09867768 , -2.6033216 , 0.092457056
0.091866456 , -2.8087444 , 0.09556387
0.0840023 , -2.1916597 , 0.053980142
0.099986404 , -2.414801 , 0.07876331
0.096555546 , -2.672857 , 0.09530077
0.089999914 , -2.8509934 , 0.09038108
0.09197135 , -2.2430117 , 0.060473792
0.09950731 , -2.4866323 , 0.08370353
0.09419512 , -2.7390342 , 0.09712539
0.08896872 , -2.8806977 , 0.07998277
0.095841385 , -2.2998736 , 0.066573195
0.09831118 , -2.560891 , 0.08811105
0.091764435 , -2.7999945 , 0.097569816
0.08958267 , -2.8924904 , 0.060534146
0.09764269 , -2.3641503 , 0.07238135
0.09655409 , -2.6355321 , 0.091879144
0.089471355 , -2.8537698 , 0.09602332
0.08590423 , -2.197204 , 0.05256585
0.098128766 , -2.4349165 , 0.07784362
0.09438489 , -2.708544 , 0.09487151
0.08760141 , -2.897996 , 0.091448024
0.09159586 , -2.2520607 , 0.059261754
0.09764742 , -2.5103257 , 0.082877174
0.0919604 , -2.7779486 , 0.0968846
0.08660244 , -2.929333 , 0.08203289
0.09480634 , -2.3119645 , 0.065474264
0.09641295 , -2.5882616 , 0.087390155
0.08945731 , -2.8417802 , 0.09758563
0.08726164 , -2.9423988 , 0.06433726
0.09633982 , -2.3794448 , 0.0713666
0.09459255 , -2.6665778 , 0.09127941
0.087087385 , -2.8980074 , 0.09641144
0.08869753 , -2.9606724 , 0.027800296
0.0903047 , -2.4995902 , 0.06336417
0.07745553 , -2.9907634 , 0.08588013
0.062954284 , -3.3836026 , 0.09742935
0.05767456 , -3.5162785 , 0.07029649
0.106924534 , -2.2405374 , 0.060471024
0.10208297 , -2.2344584 , 0.0645141
0.110217355 , -2.3471026 , 0.06486744
0.11021967 , -2.3477535 , 0.06810021
0.10885573 , -2.3423681 , 0.07168467
0.1064663 , -2.3290713 , 0.075580455
0.10952193 , -2.4866214 , 0.076312155
0.10976924 , -2.4809268 , 0.0797106
0.10914864 , -2.4675086 , 0.08317172
0.10812287 , -2.4462082 , 0.08666141
0.10730077 , -2.4172573 , 0.090114996
0.10708878 , -2.6391022 , 0.09113112
0.107302636 , -2.6160793 , 0.09425397
0.10723023 , -2.585781 , 0.09733502
0.10726749 , -2.5485096 , 0.10035642
0.10802129 , -2.5046127 , 0.10330217
0.103255175 , -2.7831697 , 0.10448391
0.10395673 , -2.743336 , 0.10720034
0.10467155 , -2.6970506 , 0.10984352
0.10577867 , -2.6445756 , 0.11240868
0.097189814 , -2.9629629 , 0.11365757
0.098570086 , -2.9132786 , 0.11600829
0.0998644 , -2.8575785 , 0.1182683
0.10140225 , -2.7961059 , 0.12043681
0.10347722 , -2.7290986 , 0.12251355
0.091340326 , -3.0895915 , 0.12354355
0.093149856 , -3.024162 , 0.12535746
0.095131375 , -2.953475 , 0.12705621
0.0975441 , -2.8778005 , 0.12864722
0.100538164 , -2.7973652 , 0.13014287
0.08487352 , -3.1899989 , 0.13074887
0.08726301 , -3.1100476 , 0.13183978
0.09008485 , -3.0259013 , 0.13279131
0.09346813 , -2.9378088 , 0.13363141
0.07557479 , -3.3471246 , 0.13388054
0.07827874 , -3.258104 , 0.13414045
0.081427805 , -3.1659918 , 0.13419649
0.08528285 , -3.0710301 , 0.13409865
0.089699216 , -2.973225 , 0.13389008
0.069145955 , -3.3893108 , 0.13296776
0.072228484 , -3.2900891 , 0.13173808
0.07634686 , -3.189219 , 0.13023971
0.081336156 , -3.0864885 , 0.12851128
0.086693786 , -2.9814935 , 0.12653224
0.063891426 , -3.3923812 , 0.12386347
0.06752742 , -3.2859952 , 0.12026836
0.07270214 , -3.1777534 , 0.11599297
0.07880973 , -3.0674706 , 0.11080993
0.058874838 , -3.478341 , 0.10819339
0.060375065 , -3.3651683 , 0.101353474
0.06556505 , -3.2470665 , 0.092846446
0.07263559 , -3.1243162 , 0.081927285
0.084308594 , -2.2138867 , 0.043158244
0.08302679 , -2.3126369 , 0.044541635
0.0835676 , -2.3151672 , 0.04603875
0.08410133 , -2.3144548 , 0.047179967
0.084310345 , -2.3074281 , 0.04776707
0.08396123 , -2.291981 , 0.048055932
0.07680777 , -2.4436195 , 0.049900934
0.079325356 , -2.4366746 , 0.050468564
0.08137512 , -2.421891 , 0.050921123
0.08312141 , -2.3991013 , 0.051371314
0.06975222 , -2.6001654 , 0.052387018
0.07351849 , -2.5838642 , 0.05294685
0.076748274 , -2.559994 , 0.05349795
0.07969052 , -2.5287998 , 0.054071616
0.08288194 , -2.490635 , 0.054700773
0.06703691 , -2.7514894 , 0.055212695
0.07111152 , -2.7178836 , 0.055802878
0.07488796 , -2.67755 , 0.05639505
0.07873327 , -2.6307645 , 0.056998346
0.08313365 , -2.5778077 , 0.057614192
0.0648029 , -2.8899596 , 0.057836685
0.06923776 , -2.8400843 , 0.058366533
0.07363574 , -2.7841873 , 0.058878012
0.07832086 , -2.7225118 , 0.059368502
0.05818835 , -3.0703259 , 0.059474282
0.06315819 , -3.0105703 , 0.059901863
0.068025686 , -2.9452567 , 0.060286634
0.07303588 , -2.8746502 , 0.0606207
0.07840597 , -2.7989955 , 0.060886163
0.057177518 , -3.182449 , 0.060882952
0.062411163 , -3.1075191 , 0.061113752
0.067686 , -3.027984 , 0.06125426
0.0732254 , -2.9441304 , 0.061276264
0.07909438 , -2.8561535 , 0.06113992
0.05746697 , -3.2634332 , 0.06113234
0.06281172 , -3.175228 , 0.060989615
0.06844889 , -3.083732 , 0.0606413
0.074445784 , -2.9891047 , 0.06002681
0.054060895 , -3.404509 , 0.059804823
0.059050165 , -3.3082619 , 0.059141092
0.064517595 , -3.209992 , 0.058116954
0.07068309 , -3.1097283 , 0.05664934
0.07726641 , -3.0072107 , 0.05466515
0.056861766 , -3.4199991 , 0.05404571
0.06155169 , -3.3158987 , 0.051585995
0.06792977 , -3.2104049 , 0.048431743
0.07547249 , -3.1030796 , 0.04458273
0.08325563 , -2.9938293 , 0.04004405
0.058178637 , -3.4018981 , 0.035919815
0.0648256 , -3.2891722 , 0.028923858
0.074073695 , -3.1726456 , 0.021020826
0.08472938 , -3.0532634 , 0.012340529
0.050991092 , -3.488639 , 0.0018430606
0.24670038 , -1.4060622 , 0.066268764
0.24495338 , -1.3498014 , 0.068546884
0.25400037 , -1.0761793 , 0.07028656
0.25270286 , -1.0115054 , 0.07275244
0.25150567 , -0.94596153 , 0.0752584
0.25029558 , -0.8797368 , 0.07790244
0.24924543 , -0.8130093 , 0.08052533
0.24829584 , -0.74593633 , 0.08316913
0.24752027 , -0.67865527 , 0.085759796
0.24688667 , -0.6112868 , 0.08831631
0.24641076 , -0.5439405 , 0.09081125
0.24607831 , -0.47671714 , 0.09325081
0.24588206 , -0.4097122 , 0.09562286
0.2458108 , -0.34301546 , 0.097933106
0.26227817 , 0.020114258 , 0.10067348
0.26270798 , 0.09426583 , 0.10301846
0.26336366 , 0.16754928 , 0.105261855
0.26422575 , 0.23990431 , 0.10739991
0.26527536 , 0.31128076 , 0.10944247
0.26649204 , 0.381633 , 0.111387685
0.26785582 , 0.45091897 , 0.1132463
0.2693445 , 0.51909846 , 0.11501909
0.27093384 , 0.5861328 , 0.116721
0.272597 , 0.6519839 , 0.11835664
0.27429873 , 0.7166129 , 0.119949505
0.27600032 , 0.77997667 , 0.121511675
0.29994982 , 1.2288545 , 0.12466892
0.30237567 , 1.2952524 , 0.12603407
0.30495164 , 1.3600082 , 0.12730396
0.3076209 , 1.4231243 , 0.12853625
0.3103515 , 1.4846058 , 0.12972459
0.3130833 , 1.5444583 , 0.13093932
0.31579998 , 1.6026869 , 0.13215454
0.31844303 , 1.6593012 , 0.13344981
0.32101247 , 1.7143143 , 0.13477454
0.32350534 , 1.7677473 , 0.13616602
0.32593817 , 1.8196299 , 0.13753971
0.32839063 , 1.8700103 , 0.13886732
0.36652762 , 2.3640258 , 0.14538567
0.36914104 , 2.4111092 , 0.14685817
0.37215662 , 2.4562445 , 0.1485428
0.37459934 , 2.4996533 , 0.14967608
0.37734383 , 2.5413446 , 0.15099452
0.3796104 , 2.5811634 , 0.15156966
0.38218012 , 2.6186006 , 0.15193179
0.32004055 , -1.3624165 , 0.037792407
0.3198806 , -1.3049061 , 0.03957988
0.32004553 , -1.246503 , 0.040957823
0.32015523 , -1.1873196 , 0.04244775
0.32037818 , -1.1274334 , 0.043956034
0.33418927 , -0.8346162 , 0.048998814
0.3348286 , -0.7656883 , 0.050202858
0.33544934 , -0.69641644 , 0.051344097
0.33601722 , -0.6269622 , 0.052500516
0.33659846 , -0.55746156 , 0.05361944
0.33719966 , -0.48803163 , 0.05472971
0.33784518 , -0.41877618 , 0.05580564
0.33855125 , -0.3497908 , 0.05685812
0.33932954 , -0.28116438 , 0.05787211
0.34019804 , -0.21298121 , 0.058853213
0.34116665 , -0.14532205 , 0.059793536
0.34225225 , -0.078265615 , 0.060700983
0.3610034 , 0.30746788 , 0.06359152
0.3626003 , 0.38101628 , 0.06423085
0.36416867 , 0.45345092 , 0.06481226
0.3657316 , 0.5247342 , 0.06534278
0.36730704 , 0.594831 , 0.06583752
0.36890063 , 0.66370964 , 0.066296
0.37051648 , 0.73134077 , 0.066732965
0.37214985 , 0.79769707 , 0.06714711
0.37379175 , 0.86275154 , 0.06755982
0.37542906 , 0.9264779 , 0.06796849
0.37703222 , 0.98884815 , 0.068403326
0.37857404 , 1.049829 , 0.06885316
0.40438965 , 1.514322 , 0.0694512
0.4067788 , 1.5769912 , 0.06982654
0.4090332 , 1.6379164 , 0.0702179
0.41115606 , 1.6971092 , 0.07071978
0.4131286 , 1.7545753 , 0.07128315
0.41494027 , 1.8103199 , 0.072034985
0.41656193 , 1.8643532 , 0.072890736
0.41805348 , 1.916698 , 0.07394846
0.41940442 , 1.9673966 , 0.07504573
0.42081004 , 2.016499 , 0.07618677
0.4221714 , 2.0640798 , 0.07719893
0.4236075 , 2.110222 , 0.07818301
0.46075982 , 2.6080296 , 0.07841824
0.46199328 , 2.6504204 , 0.07885904
0.46370056 , 2.6918964 , 0.07924068
0.46501544 , 2.732331 , 0.07931773
0.29300326 , -1.1016026 , 0.056023706
0.1445066 , -3.2766802 , 0.04848228
0.19438004 , -2.9191332 , 0.051588822
0.24253906 , -2.48795 , 0.05408154
0.108474046 , -3.563455 , 0.047584202
0.15763585 , -3.2413201 , 0.049519595
0.20685582 , -2.846381 , 0.052736115
0.25438678 , -2.3840387 , 0.054737583
0.121120855 , -3.54888 , 0.048172615
0.17059878 , -3.1934605 , 0.05068239
0.2191099 , -2.7608004 , 0.053793486
0.26606748 , -2.2702122 , 0.055239007
0.13427763 , -3.5239692 , 0.048943844
0.18338008 , -3.1322548 , 0.051911816
0.23112473 , -2.6628366 , 0.054726236
0.2774604 , -2.14711 , 0.05558993
0.14743577 , -3.4876275 , 0.049901407
0.19594635 , -3.0572407 , 0.05313921
0.24290319 , -2.553112 , 0.055514816
0.11391162 , -3.8311787 , 0.048886638
0.16045369 , -3.4386652 , 0.05102217
0.20825772 , -2.9683812 , 0.054300003
0.25446844 , -2.4323237 , 0.05615313
0.12604958 , -3.8050194 , 0.049536258
0.17328826 , -3.3760028 , 0.052258182
0.22028221 , -2.866013 , 0.055344604
0.26584464 , -2.3011475 , 0.0566445
0.13882624 , -3.7673836 , 0.0503738
0.1859003 , -3.2988737 , 0.053540044
0.2320059 , -2.7507405 , 0.056243256
0.2769743 , -2.1601715 , 0.0569955
0.15171564 , -3.7171235 , 0.051407445
0.19824046 , -3.206959 , 0.054790612
0.24343765 , -2.623301 , 0.056985594
0.28740722 , -2.009859 , 0.057209242
0.16449814 , -3.6530008 , 0.05260736
0.2102613 , -3.100409 , 0.055942126
0.25460804 , -2.4844432 , 0.057576668
0.13276519 , -4.083221 , 0.050968837
0.17708138 , -3.573943 , 0.053911597
0.22193144 , -2.979756 , 0.056947503
0.26555777 , -2.3348296 , 0.058029804
0.14501233 , -4.031302 , 0.051858008
0.18939632 , -3.479279 , 0.055234943
0.2332427 , -2.8457725 , 0.057783272
0.27628613 , -2.174988 , 0.058356237
0.15749052 , -3.9655933 , 0.052959576
0.20137632 , -3.3688762 , 0.056490265
0.24421023 , -2.699318 , 0.058447797
0.2865037 , -2.0053089 , 0.05855474
0.16990687 , -3.8847604 , 0.054234046
0.21296875 , -3.24311 , 0.05760888
0.25486925 , -2.5412042 , 0.058956772
0.1414157 , -4.3833895 , 0.05240965
0.18210989 , -3.7877202 , 0.055598807
0.2703556 , -2.5701153 , 0.05722812
0.28102168 , -6.830332 , 0.06669387
0.27358875 , -5.307406 , 0.06467925
0.26974398 , -3.7496884 , 0.059813853
0.27219826 , -2.2058444 , 0.05497755
0.28477523 , -6.5557365 , 0.06797749
0.2755735 , -4.9813075 , 0.06296978
0.27080137 , -3.3952816 , 0.05779757
0.27458176 , -1.8308138 , 0.052209087
0.28743497 , -6.25467 , 0.067171186
0.27681386 , -4.640634 , 0.060872477
0.27132344 , -3.0280888 , 0.05555455
0.09898058 , -2.0821035 , 0.041301902
0.1760736 , -1.9667723 , 0.04360712
0.22520809 , -1.8681213 , 0.045037415
0.26774132 , -1.785857 , 0.04454458
0.12682915 , -2.0561945 , 0.04284586
0.18934919 , -1.9549679 , 0.043887172
0.23589748 , -1.8667831 , 0.044841424
0.2769968 , -1.7862023 , 0.04356508
0.14623515 , -2.0391302 , 0.04322437
0.20170449 , -1.9479893 , 0.044001725
0.24607962 , -1.8676747 , 0.044536743
0.28585178 , -1.7830812 , 0.042184994
0.16239057 , -2.0277805 , 0.043416042
0.2133106 , -1.9447411 , 0.043991227
0.25578797 , -1.8696798 , 0.044120427
0.29464644 , -1.7712362 , 0.039846815
0.17668158 , -2.0210133 , 0.04348634
0.2242731 , -1.9442263 , 0.043877028
0.2650414 , -1.8715162 , 0.04355963
0.12956953 , -2.0808346 , 0.043827124
0.18971464 , -2.0178409 , 0.04345421
0.23466007 , -1.9454961 , 0.043671157
0.27383664 , -1.8715041 , 0.042756625
0.14832398 , -2.0782278 , 0.04401086
0.26459318 , -1.9100417 , 0.042981785
0.13296397 , -2.0995486 , 0.043892015
0.19108327 , -2.0500896 , 0.04326853
0.2350119 , -1.9831141 , 0.043120213
0.27315143 , -1.90878 , 0.042151466
0.15103136 , -2.1023571 , 0.04407803
0.20295979 , -2.052368 , 0.04301631
0.24466632 , -1.9852242 , 0.042772487
0.28129125 , -1.902339 , 0.040874273
0.16627693 , -2.108339 , 0.043749716
0.21407504 , -2.055462 , 0.04271285
0.25381202 , -1.9863884 , 0.04231485
0.2893613 , -1.8877627 , 0.03920027
0.17988013 , -2.115362 , 0.04328479
0.22452989 , -2.0586202 , 0.042356975
0.26246494 , -1.9854081 , 0.04169507
0.13718604 , -2.154613 , 0.043411214
0.1923205 , -2.1225166 , 0.04278751
0.23438823 , -2.0610812 , 0.04194305
0.27064627 , -1.9806739 , 0.040821917
0.15456484 , -2.164835 , 0.043685008
0.20385213 , -2.129166 , 0.042273987
0.24369226 , -2.0620415 , 0.041457552
0.2784507 , -1.9701461 , 0.0396352
0.16918774 , -2.1781 , 0.043352213
0.2146243 , -2.1347044 , 0.04174048
0.2524713 , -2.0605989 , 0.0408733
0.286105 , -1.9522058 , 0.038280882
0.1822609 , -2.1913457 , 0.042740222
0.2247289 , -2.1385098 , 0.04117901
0.26075166 , -2.055656 , 0.04014309
0.14228453 , -2.2305157 , 0.042561147
0.19424838 , -2.2030823 , 0.042030703
0.23422503 , -2.1399283 , 0.04057864
0.26858142 , -2.0458512 , 0.039214432
0.15892644 , -2.245425 , 0.04272789
0.20536904 , -2.2124913 , 0.041291032
0.20796649 , -3.1413078 , 0.030003794
0.23185025 , -2.9232452 , 0.027636321
0.25128588 , -2.6385982 , 0.024662726
0.26921728 , -2.2875926 , 0.022741517
0.21697553 , -3.1417966 , 0.028621022
0.23849657 , -2.8956337 , 0.026015392
0.25629917 , -2.5771685 , 0.023133436
0.2733546 , -2.200408 , 0.021681748
0.22527993 , -3.1340237 , 0.027186843
0.2444509 , -2.856506 , 0.024326665
0.2608547 , -2.5046284 , 0.021678781
0.2767554 , -2.1051805 , 0.020724608
0.23270117 , -3.1168134 , 0.025646687
0.24976067 , -2.8053064 , 0.022618042
0.26501694 , -2.4214315 , 0.020322114
0.22052756 , -3.3655891 , 0.026632972
0.23928332 , -3.088943 , 0.023986185
0.2544797 , -2.7418253 , 0.020934979
0.26882666 , -2.328199 , 0.019077014
0.22832094 , -3.3572705 , 0.025065102
0.24508706 , -3.0493088 , 0.0222243
0.25867182 , -2.666173 , 0.019314835
0.27225 , -2.2256267 , 0.017941196
0.23564553 , -3.339394 , 0.023451576
0.2501662 , -2.9970737 , 0.020403232
0.26240593 , -2.578723 , 0.017784623
0.27502254 , -2.1143734 , 0.016893307
0.24216902 , -3.3108344 , 0.02173906
0.25457665 , -2.9317646 , 0.018575525
0.2657461 , -2.4800391 , 0.016360069
0.2347237 , -3.6125937 , 0.022842484
0.24785249 , -3.2704065 , 0.019913057
0.25838283 , -2.853298 , 0.01679112
0.26873568 , -2.370791 , 0.015044488
0.24120907 , -3.5937953 , 0.021099804
0.25272524 , -3.217051 , 0.017994946
0.26165667 , -2.761936 , 0.0150882285
0.27136198 , -2.2516603 , 0.0138275605
0.24743538 , -3.564223 , 0.019304924
0.25683707 , -3.1500068 , 0.016032131
0.2644715 , -2.6581976 , 0.013489324
0.2734322 , -2.1232576 , 0.012684513
0.2529546 , -3.5227416 , 0.01740823
0.2602524 , -3.0689237 , 0.014082685
0.26689324 , -2.542749 , 0.012001041
0.25063637 , -3.882842 , 0.018606082
0.25763905 , -3.4681609 , 0.015399388
0.2630471 , -2.9738808 , 0.012199215
0.26896963 , -2.4162967 , 0.01061612
0.2557426 , -3.8518798 , 0.016696723
0.2614809 , -3.3994534 , 0.0133080175
0.26530182 , -2.8653157 , 0.010418056
0.27070782 , -2.2794995 , 0.009316436
0.26075235 , -3.8090162 , 0.014719117
0.26452458 , -3.315956 , 0.011191343
0.26709494 , -2.743901 , 0.0087553095
0.27198592 , -2.1329112 , 0.008074786
0.26515198 , -3.7530475 , 0.012626969
0.26684386 , -3.217482 , 0.009114058
0.268496 , -2.6104076 , 0.0072078207
0.26833242 , -4.176251 , 0.013923173
0.26872486 , -3.6827333 , 0.010418245
0.2685261 , -3.1043103 , 0.0071294648
0.26955914 , -2.4655817 , 0.0057572606
0.27200904 , -4.131582 , 0.011847768
0.27142364 , -3.5970647 , 0.00813694
0.26965955 , -2.9770737 , 0.0052694217
0.27031022 , -2.3100579 , 0.0043763127
0.2756879 , -4.073937 , 0.009679106
0.27328923 , -3.4955003 , 0.005854688
0.27032617 , -2.836607 , 0.003542798
0.2706923 , -2.1443224 , 0.003033945
0.27884677 , -4.0019913 , 0.007374874
0.27440706 , -3.3780591 , 0.0036429348
0.27059925 , -2.683793 , 0.0019375928
0.2702665 , -1.9687239 , 0.0016925863
0.2811843 , -3.9144127 , 0.004945634
0.27487537 , -3.245254 , 0.001552399
0.27054095 , -2.519434 , 0.00042504058
0.29009432 , -4.4331226 , 0.0065363185
0.28261617 , -3.810212 , 0.002456827
0.27478665 , -3.0979235 , -0.0003926267
0.27019635 , -2.3441558 , -0.0010335224
0.29233032 , -4.359247 , 0.004164718
0.283186 , -3.6890125 , -1.6183758e-06
0.27422255 , -2.937059 , -0.0021907946
0.26956582 , -2.1583724 , -0.002477899
0.29412028 , -4.2698526 , 0.0016266068
0.28299433 , -3.551097 , -0.0023537672
0.2732572 , -2.763657 , -0.0038599013
0.268397 , -1.9623215 , -0.0039480603
0.29508594 , -4.1634736 , -0.0010474545
0.282149 , -3.39724 , -0.004557243
0.27196085 , -2.5785978 , -0.0054355576
0.3100705 , -4.756239 , 0.00077207753
0.29511493 , -4.0391603 , -0.003760672
0.2807416 , -3.2284815 , -0.0065997117
0.27039954 , -2.3825364 , -0.0069679567
0.3107536 , -4.6648374 , -0.0018249679
0.2942645 , -3.8967779 , -0.0064021866
0.27884725 , -3.0459452 , -0.008487681
0.26862568 , -2.1758378 , -0.008512337
0.31103975 , -4.5566087 , -0.0046305615
0.29265472 , -3.736941 , -0.008898117
0.27653477 , -2.8507223 , -0.010240803
0.26657093 , -1.9585971 , -0.010120468
0.31048337 , -4.4299173 , -0.007581239
0.2903993 , -3.5607119 , -0.011222936
0.2738782 , -2.643784 , -0.011894022
0.33201158 , -5.100817 , -0.0054349676
0.3089628 , -4.283921 , -0.0105355345
0.28758293 , -3.369306 , -0.013381535
0.27096426 , -2.425871 , -0.013503149
0.3310277 , -4.9906797 , -0.008287407
0.3065648 , -4.1188517 , -0.013363322
0.2842671 , -3.163932 , -0.0153897125
0.26789665 , -2.197371 , -0.015143508
0.32966265 , -4.86225 , -0.011406688
0.30343097 , -3.9357436 , -0.016005382
0.28050706 , -2.9457285 , -0.01726609
0.2647728 , -1.9582533 , -0.016895296
0.32741633 , -4.7136893 , -0.0146721825
0.29967448 , -3.7359536 , -0.01846387
0.27637056 , -2.7157362 , -0.019036157
0.35598114 , -5.466255 , -0.012030905
0.3241905 , -4.544403 , -0.01788027
0.29536572 , -3.520832 , -0.0207657
0.27195662 , -2.4748244 , -0.020746678
0.3532055 , -5.336369 , -0.015185233
0.3201197 , -4.3551774 , -0.020892683
0.29054713 , -3.291611 , -0.022937771
0.26741758 , -2.2235298 , -0.02248383
0.35002273 , -5.186431 , -0.0186876
0.3153623 , -4.147549 , -0.023685658
0.28525344 , -3.049406 , -0.024998546
0.2629974 , -1.9618194 , -0.024373671
0.34589878 , -5.014404 , -0.022313299
0.31001988 , -3.923148 , -0.026299443
0.279533 , -2.7952573 , -0.026960047
0.38205394 , -5.8520913 , -0.018929178
0.34081066 , -4.820216 , -0.025781294
0.3041416 , -3.6834002 , -0.028784899
0.27347633 , -2.5301394 , -0.028842496
0.37733236 , -5.701579 , -0.022453142
0.33495283 , -4.6054583 , -0.028976776
0.2977476 , -3.429497 , -0.03118081
0.26726323 , -2.2548473 , -0.030710557
0.3721283 , -5.5287676 , -0.026437664
0.32848343 , -4.3722124 , -0.031938743
0.29084918 , -3.16246 , -0.0335087
0.26126143 , -1.9696261 , -0.032724347
0.36591858 , -5.3315287 , -0.030467656
0.32147792 , -4.122316 , -0.034751147
0.2834669 , -2.8832307 , -0.03577284
0.4103123 , -6.257394 , -0.02594218
0.35882357 , -5.1108174 , -0.034191296
0.3139585 , -3.857199 , -0.037485898
0.27565792 , -2.5927587 , -0.037963998
0.4034254 , -6.0856237 , -0.029950252
0.35108516 , -4.8692827 , -0.03758173
0.30592224 , -3.5779595 , -0.04019164
0.26757833 , -2.2920432 , -0.040084746
0.39593455 , -5.8884416 , -0.034566652
0.3428295 , -4.609497 , -0.040764473
0.29735813 , -3.285476 , -0.04289464
0.25965002 , -1.9819003 , -0.042243835
0.38742688 , -5.664078 , -0.039030775
0.3340917 , -4.333386 , -0.04386106
0.28825974 , -2.9805121 , -0.04560042
0.25306892 , -1.6619673 , -0.044833336
0.37821925 , -5.4153385 , -0.043012083
0.3248643 , -4.042311 , -0.0469555
0.27864185 , -2.6638286 , -0.048291255
0.43146023 , -6.4878993 , -0.037448835
0.36853722 , -5.146033 , -0.046666328
0.31512216 , -3.7372391 , -0.050099246
0.26858616 , -2.3363228 , -0.050919738
0.42132193 , -6.264344 , -0.04290761
0.35843685 , -4.8590093 , -0.050199807
0.30483493 , -3.4188797 , -0.053319026
0.25841698 , -1.9991901 , -0.05343383
0.4103549 , -6.0107512 , -0.047810026
0.34790578 , -4.556149 , -0.05374633
0.29397523 , -3.087791 , -0.056623258
0.24946576 , -1.6534946 , -0.056076102
0.39899766 , -5.7327743 , -0.0521541
0.3369076 , -4.2386866 , -0.05737939
0.28252655 , -2.7444682 , -0.06000595
0.46126667 , -6.907436 , -0.044557437
0.38734093 , -5.4350185 , -0.056317266
0.32539746 , -3.9074333 , -0.061133143
0.2705036 , -2.389429 , -0.063446134
0.4480685 , -6.6543655 , -0.051091686
0.37535006 , -5.120299 , -0.060504444
0.31332996 , -3.5629249 , -0.065019034
0.25804216 , -2.0233629 , -0.066880964
0.4346593 , -6.369712 , -0.056664135
0.3629683 , -4.790339 , -0.064789504
0.30066356 , -3.2055194 , -0.069041975
0.24597761 , -1.6476779 , -0.07006989
0.4211944 , -6.0618973 , -0.06201365
0.35013613 , -4.446207 , -0.069173016
0.28736612 , -2.8354607 , -0.073206075
0.097073525 , -2.0883138 , 0.046547383
0.1273911 , -2.6248033 , 0.04122706
0.18569738 , -3.9818656 , 0.033629313
0.300234 , -6.0201287 , 0.018760541
0.102520116 , -2.137466 , 0.045645162
0.13703483 , -2.8807569 , 0.039732732
0.20720328 , -4.423705 , 0.030960869
0.33815494 , -6.600147 , 0.014271972
0.10892233 , -2.2389367 , 0.044367794
0.14896424 , -3.1846383 , 0.03810076
0.23250146 , -4.9057727 , 0.027746564
0.3804018 , -7.2064896 , 0.0110525135
0.11586639 , -2.3902931 , 0.042991593
0.16362426 , -3.5360622 , 0.03625744
0.26185286 , -5.425373 , 0.02394375
0.08744181 , -2.0931482 , 0.04670655
0.123845994 , -2.5908017 , 0.041562177
0.18141231 , -3.9333012 , 0.03409265
0.29547864 , -5.978822 , 0.019611219
0.09732015 , -2.1305134 , 0.046015635
0.13345261 , -2.8410146 , 0.040064357
0.20269597 , -4.3747964 , 0.03149869
0.33363107 , -6.5626645 , 0.0151111735
0.10521499 , -2.222009 , 0.044766597
0.14522548 , -3.1402984 , 0.038476624
0.22778037 , -4.8575735 , 0.02840408
0.37666103 , -7.1729107 , 0.011638219
0.112609565 , -2.364729 , 0.043306615
0.15966342 , -3.4885356 , 0.036627475
0.25695205 , -5.3790565 , 0.024668252
0.080966 , -2.1023757 , 0.047057353
0.12064673 , -2.5576425 , 0.041936837
0.17719048 , -3.883731 , 0.034569785
0.29045695 , -5.9352612 , 0.02047806
0.09414065 , -2.1265857 , 0.04644876
0.13013053 , -2.8016458 , 0.04041406
0.1982 , -4.3245673 , 0.032036874
0.3286247 , -6.5227647 , 0.015985122
0.102603704 , -2.2072706 , 0.044991445
0.14168026 , -3.0958405 , 0.03872715
0.22300424 , -4.8077173 , 0.028938606
0.37216654 , -7.13693 , 0.012138998
0.11000952 , -2.3407502 , 0.04405447
0.15584132 , -3.440506 , 0.037277862
0.25190276 , -5.330834 , 0.025645368
0.085605316 , -2.1166081 , 0.04701893
0.11788381 , -2.525465 , 0.04170314
0.41848642 , 2.3558888 , 0.06773154
0.34883988 , 1.6438781 , 0.14243336
0.39551893 , 2.1436336 , 0.09774478
0.4453367 , 2.635736 , 0.038989473
0.37398875 , 1.9302347 , 0.12276662
0.41962186 , 2.416669 , 0.0742401
0.47474432 , 2.9217834 , 0.004949945
0.39674786 , 2.2009225 , 0.10308988
0.446063 , 2.6970913 , 0.04668259
0.37472728 , 1.9805032 , 0.12743792
0.42061564 , 2.4750202 , 0.08046477
0.47507972 , 2.9843242 , 0.0142352665
0.39769012 , 2.2547288 , 0.10821937
0.44669157 , 2.7561145 , 0.053991564
0.37495166 , 2.025408 , 0.13211106
0.4214173 , 2.53062 , 0.08643457
0.47530377 , 3.0443919 , 0.022963028
0.39828095 , 2.3044214 , 0.1131337
0.4472022 , 2.8126647 , 0.060960684
0.37454093 , 2.0639925 , 0.13702272
0.4219649 , 2.5830483 , 0.09217451
0.47540906 , 3.1018693 , 0.031206684
0.39845243 , 2.3492599 , 0.11782226
0.44756374 , 2.8665755 , 0.06762946
0.37329394 , 2.0950024 , 0.14292377
0.42218626 , 2.6317797 , 0.09770442
0.47539207 , 3.1566644 , 0.039026566
0.39813417 , 2.3883984 , 0.12226145
0.44773015 , 2.9176102 , 0.07403129
0.5059028 , 3.4541292 , 0.005715284
0.42199904 , 2.6761603 , 0.10303649
0.47524872 , 3.2087169 , 0.046480406
0.39724997 , 2.4208353 , 0.1264101
0.44764152 , 2.9654346 , 0.08019488
0.505323 , 3.507334 , 0.014493687
0.42130983 , 2.7154107 , 0.108172216
0.4749635 , 3.2579777 , 0.05361769
0.3957112 , 2.4453743 , 0.13021797
0.4472292 , 3.0095887 , 0.08614693
0.50458515 , 3.5574806 , 0.02282666
0.42000952 , 2.7486043 , 0.11309983
0.47450072 , 3.304343 , 0.060472973
0.39336893 , 2.4604514 , 0.13374825
0.44642383 , 3.0494816 , 0.09191383
0.50371057 , 3.6045895 , 0.030777736
0.41796216 , 2.7746105 , 0.11779433
0.4738129 , 3.3475852 , 0.06706776
0.38976955 , 2.4633317 , 0.13803087
0.4451742 , 3.0844207 , 0.09751899
0.5027098 , 3.6487932 , 0.038409557
0.1223031 , -2.5676093 , -0.008845974
0.15362003 , -2.2462075 , -0.03875145
0.18794611 , -1.9168108 , -0.10040793
0.13882847 , -2.3830113 , -0.018345466
0.17244488 , -2.0432186 , -0.06261087
0.12585466 , -2.5144765 , -0.0071466905
0.15688986 , -2.1819775 , -0.03400423
0.19196744 , -1.84203 , -0.092486516
0.14201386 , -2.3234172 , -0.015457801
0.1759579 , -1.9746662 , -0.056303337
0.12893215 , -2.4655302 , -0.0068852613
0.1601221 , -2.1183882 , -0.029621392
0.1957794 , -1.768185 , -0.08476941
0.14525945 , -2.2656736 , -0.0128782885
0.17936356 , -1.9067876 , -0.0503355
0.13050835 , -2.4142458 , -0.009403004
0.16333628 , -2.0556903 , -0.02559879
0.19943275 , -1.6952131 , -0.07732675
0.14843495 , -2.2101011 , -0.010789958
0.18269368 , -1.8396122 , -0.044723682
0.22062139 , -1.4852668 , -0.11007067
0.16653301 , -1.9940901 , -0.021938525
0.20296076 , -1.6231037 , -0.07019539
0.15124126 , -2.1554668 , -0.009498536
0.18596682 , -1.7732214 , -0.039478187
0.22432607 , -1.4082016 , -0.101658516
0.16969065 , -1.9337376 , -0.018674238
0.20638749 , -1.5518377 , -0.06339902
0.15349229 , -2.0986264 , -0.009196119
0.18919356 , -1.7076958 , -0.034607835
0.22789639 , -1.3320966 , -0.09340751
0.17273718 , -1.8743876 , -0.015883708
0.20973147 , -1.4814119 , -0.05695381
0.15543036 , -2.0361283 , -0.009801223
0.19237499 , -1.6430873 , -0.030126425
0.23135304 , -1.2569206 , -0.0854445
0.175573 , -1.8150195 , -0.013646129
0.21300724 , -1.4118326 , -0.050871994
0.1575334 , -1.9661489 , -0.010897952
0.19549693 , -1.5793294 , -0.02605819
0.23471333 , -1.1826406 , -0.07781443
0.17817661 , -1.7539036 , -0.011953847
0.21622439 , -1.3430938 , -0.045165066
0.25774524 , -0.9547154 , -0.11080421
0.19852842 , -1.5160683 , -0.022432283
0.2379926 , -1.10923 , -0.07053793
0.1806774 , -1.6891911 , -0.010672154
0.21938668 , -1.275153 , -0.039846517
0.26105884 , -0.8771765 , -0.10197746
0.20144382 , -1.4525778 , -0.019257061
0.24120386 , -1.0366554 , -0.06362681
0.1833048 , -1.6197432 , -0.009587498
0.2224903 , -1.2078569 , -0.034931026
0.26427338 , -0.8005312 , -0.09348493
0.20425996 , -1.3878053 , -0.016485957
0.24435723 , -0.96487355 , -0.057089847
0.18625753 , -1.5454164 , -0.008399932
0.22552866 , -1.14089 , -0.030427335
0.2674087 , -0.7247255 , -0.085357584
0.20705862 , -1.3207031 , -0.0140055055
0.24745919 , -0.8937962 , -0.050934963
0.18962795 , -1.4669687 , -0.0063802204
0.22850356 , -1.0737273 , -0.026323618
0.27048084 , -0.64970887 , -0.07760734
0.20996344 , -1.250543 , -0.011659633
0.25051382 , -0.8232684 , -0.04516792
0.29491365 , -0.40728694 , -0.110537246
0.23144098 , -1.0057187 , -0.022572875
0.2735024 , -0.5754156 , -0.07023769
0.21309257 , -1.1771709 , -0.009283029
0.2535258 , -0.7530269 , -0.039787214
0.29784217 , -0.32976484 , -0.10145525
0.23439613 , -0.9362193 , -0.019088866
0.27648324 , -0.5017567 , -0.06324877
0.21651469 , -1.1009535 , -0.0066846004
0.2565071 , -0.68271285 , -0.034775976
0.30071247 , -0.25298116 , -0.092801794
0.23744401 , -0.86479557 , -0.015757624
0.27943158 , -0.428593 , -0.056637716
0.22024158 , -1.0226831 , -0.0035326092
0.2594826 , -0.61190075 , -0.03009472
0.30354127 , -0.17686817 , -0.08456173
0.24065624 , -0.79132366 , -0.01245636
0.28235695 , -0.35573217 , -0.050395753
0.3291425 , 0.073733136 , -0.119156435
0.26249197 , -0.5402019 , -0.025679728
0.30634108 , -0.10134332 , -0.07671996
0.24408127 , -0.71605027 , -0.009063358
0.28527337 , -0.28292394 , -0.0445039
0.3317667 , 0.1516135 , -0.10940131
0.26558322 , -0.46734738 , -0.021448623
0.30912238 , -0.026302787 , -0.06926099
0.2477329 , -0.6395048 , -0.00544318
0.28820217 , -0.20990112 , -0.03892907
0.33435747 , 0.2288504 , -0.10016723
0.26880234 , -0.39328548 , -0.017310169
0.3118955 , 0.04839005 , -0.062166963
0.25159472 , -0.5624481 , -0.0014040931
0.29117167 , -0.13642101 , -0.033623144
0.33692977 , 0.30550367 , -0.09140018
0.2721815 , -0.31819174 , -0.013172236
0.31467316 , 0.122894265 , -0.05541486
0.25562948 , -0.48574534 , 0.003329903
0.2942143 , -0.06233559 , -0.028525613
0.33949432 , 0.38164237 , -0.083054796
0.27573302 , -0.24247755 , -0.008941372
0.31747168 , 0.19737737 , -0.048973903
0.36585402 , 0.6401197 , -0.117377274
0.29735994 , 0.012369748 , -0.023568911
0.34206006 , 0.45734453 , -0.07509417
0.27944764 , -0.1667241 , -0.0045108725
0.32031104 , 0.27197832 , -0.042804744
0.36817303 , 0.7172643 , -0.10749409
0.30063036 , 0.087537035 , -0.018683502
0.34463608 , 0.5327006 , -0.06748445
0.2832993 , -0.09165737 , 0.0002590981
0.32321265 , 0.34677616 , -0.036860276
0.37049142 , 0.79381466 , -0.09815153
0.3040344 , 0.16284798 , -0.013799787
0.3472332 , 0.6077977 , -0.060190994
0.2872497 , -0.018078797 , 0.0055463323
0.3261962 , 0.421751 , -0.03108854
0.37281498 , 0.8697948 , -0.08926401
0.3075672 , 0.23782685 , -0.00884461
0.34986365 , 0.68270516 , -0.05317626
0.29125747 , 0.05313651 , 0.011500147
0.32927585 , 0.49677047 , -0.025435744
0.37514824 , 0.94522893 , -0.08076915
0.3112107 , 0.31188124 , -0.0037312063
0.35254034 , 0.75744766 , -0.046399217
0.40209398 , 1.2092745 , -0.114818856
0.33245796 , 0.57157457 , -0.019848527
0.37749565 , 1.0201396 , -0.07261697
0.31493717 , 0.38431203 , 0.0016552154
0.35527483 , 0.831988 , -0.03981617
0.40416142 , 1.2849741 , -0.10485422
0.33573952 , 0.6457876 , -0.014273658
0.37986243 , 1.0945345 , -0.064763226
0.31871107 , 0.4543487 , 0.007466241
0.35807517 , 0.9062066 , -0.033382233
0.40623286 , 1.3598894 , -0.09539079
0.33910888 , 0.7189214 , -0.008654532
0.38225392 , 1.1683949 , -0.057165742
0.32249305 , 0.52114505 , 0.013860139
0.36094448 , 0.97989863 , -0.027052764
0.40830645 , 1.4339819 , -0.08633821
0.34254685 , 0.79039484 , -0.0029233622
0.38467455 , 1.2416593 , -0.04978281
0.43614435 , 1.7025325 , -0.12212873
0.36387995 , 1.0527675 , -0.020784348
0.41038075 , 1.507206 , -0.077630535
0.34602877 , 0.8595341 , 0.003011477
0.3871266 , 1.3142146 , -0.042572744
0.43794447 , 1.7765149 , -0.111521356
0.36687315 , 1.1244317 , -0.014534415
0.41245475 , 1.5794998 , -0.06921508
0.3495254 , 0.92558426 , 0.009281808
0.3896091 , 1.3858865 , -0.03549393
0.43973154 , 1.8493531 , -0.10146424
0.36991066 , 1.1944238 , -0.008258922
0.41452718 , 1.6507765 , -0.061045982
0.35300422 , 0.98769987 , 0.016071107
0.39211717 , 1.4564368 , -0.028505094
0.44149745 , 1.9209543 , -0.091845356
0.37297553 , 1.262196 , -0.0019076393
0.4165957 , 1.7209153 , -0.05308082
0.3564259 , 1.0449421 , 0.02358056
0.39464185 , 1.5255611 , -0.02156552
0.4432356 , 1.9912214 , -0.08258457
0.37604854 , 1.3271148 , 0.004584764
0.41865617 , 1.7897537 , -0.045278437
0.47186962 , 2.2664535 , -0.11810402
0.3971703 , 1.592888 , -0.01463509
0.44494018 , 2.0600445 , -0.07362255
0.3791098 , 1.3884537 , 0.011314447
0.42070225 , 1.8570831 , -0.03759772
0.4733052 , 2.3361018 , -0.10746495
0.399686 , 1.6579776 , -0.007673812
0.44660565 , 2.127296 , -0.06491134
0.3821402 , 1.4453781 , 0.018439073
0.42272475 , 1.9226404 , -0.029996237
0.4746838 , 2.404017 , -0.09729057
0.40216988 , 1.7203187 , -0.00064012787
0.44822645 , 2.1928234 , -0.0564089
0.38512015 , 1.496913 , 0.026236637
0.42471105 , 1.9861027 , -0.022429837
0.47599474 , 2.4700732 , -0.08749198
0.4046015 , 1.7793266 , 0.0065129283
0.44979686 , 2.2564428 , -0.048075452
0.388023 , 1.541903 , 0.03516116
0.42664415 , 2.0470767 , -0.01485267
0.4772291 , 2.534143 , -0.07800788
0.40696204 , 1.8343303 , 0.013845729
0.451311 , 2.3179302 , -0.03987034
0.5069089 , 2.8182175 , -0.11331431
0.42850137 , 2.105095 , -0.007218054
0.4509511 , 2.4736557 , -0.00041913404
0.50267893 , 2.9921112 , -0.0638883
0.4295604 , 2.2307374 , 0.031261537
0.47586402 , 2.756806 , -0.026246719
0.532989 , 3.2855425 , -0.09756067
0.4520124 , 2.5167124 , 0.007894618
0.50312215 , 3.0443816 , -0.054754436
0.4305888 , 2.2612414 , 0.040334925
0.47665152 , 2.8040771 , -0.017845588
0.5330751 , 3.3387423 , -0.08718411
0.45286185 , 2.5539834 , 0.016413026
0.5034597 , 3.0937989 , -0.045804076
0.43142897 , 2.2833483 , 0.050842024
0.47732115 , 2.8471513 , -0.009391849
0.5329797 , 3.3890626 , -0.07713554
0.45344993 , 2.5843956 , 0.025181226
0.5037052 , 3.1401 , -0.03698576
0.56532264 , 3.6922715 , -0.11325392
0.4778491 , 2.8853085 , -0.00083977194
0.53271604 , 3.436523 , -0.06739453
0.45372173 , 2.6066391 , 0.034228697
0.5038674 , 3.1828845 , -0.028242012
0.5647122 , 3.7406592 , -0.10210255
0.4782182 , 2.9176848 , 0.007839914
0.5323262 , 3.4811275 , -0.05792572
0.4536209 , 2.6189523 , 0.043525185
0.50395787 , 3.2216296 , -0.01951679
0.56382066 , 3.7857995 , -0.09131906
0.15086241 , -1.8787279 , 0.044608947
0.24516352 , -0.39437363 , 0.06881485
0.33881012 , 1.119008 , 0.08794264
0.41214332 , 2.400524 , 0.10353028
0.27587608 , -0.4856394 , -0.056741558
0.38197535 , 1.1328187 , -0.06002676
0.485719 , 2.7529814 , -0.061115522
0.10912946 , -2.5442336 , 0.026312048
0.59521484 , -8.614655 , -0.1530033
0.7799381 , -10.58272 , -0.30343255
0.50833124 , -7.487493 , -0.08637364
0.6732637 , -9.462811 , -0.22054942
0.87178797 , -11.392925 , -0.39105034
0.5784606 , -8.361616 , -0.14829737
0.75676423 , -10.276826 , -0.29675537
0.49434528 , -7.261973 , -0.08265259
0.653678 , -9.185593 , -0.21491028
0.8454514 , -11.062673 , -0.38347423
0.5622285 , -8.111994 , -0.14362243
0.7341999 , -9.974997 , -0.29016456
0.9390578 , -11.822512 , -0.48108527
0.6346835 , -8.912208 , -0.20935756
0.8197372 , -10.736437 , -0.37596405
0.546486 , -7.8659167 , -0.1389684
0.71224153 , -9.677211 , -0.28365955
0.90998 , -11.471976 , -0.47301617
0.6162586 , -8.642608 , -0.20387991
0.79464555 , -10.41424 , -0.36852267
0.5312107 , -7.6235685 , -0.13433547
0.6908812 , -9.383442 , -0.27723882
0.8815533 , -11.125441 , -0.46483096
0.5983801 , -8.376793 , -0.19846614
0.7701723 , -10.096094 , -0.36115262
0.5163911 , -7.3851266 , -0.1297325
0.6701068 , -9.093668 , -0.27089944
0.8537733 , -10.782932 , -0.45664883
0.58102596 , -8.114785 , -0.19310679
0.7463101 , -9.782007 , -0.35385564
0.50202066 , -7.1507783 , -0.12517397
0.64990485 , -8.80787 , -0.2646377
0.82663345 , -10.444481 , -0.44848707
0.5641767 , -7.8566446 , -0.18779509
0.72305 , -9.471983 , -0.34663284
0.48809856 , -6.9206758 , -0.12067785
0.63026017 , -8.526045 , -0.25844908
