0.29221863 , 1.7187666 , 0.47903895
0.26709345 , 1.5997082 , 0.5194834
0.24290393 , 1.1360548 , 0.56126696
0.22500432 , 0.5930727 , 0.58797556
0.2944344 , 1.473953 , 0.47754988
0.3236892 , 1.9147061 , 0.42378378
0.2050056 , -0.3695895 , 0.56693566
0.20605598 , -0.36879385 , 0.5592428
0.28374794 , -1.2378343 , 0.6600332
0.20494424 , -0.5787331 , 0.70556116
0.23515978 , -0.5150317 , 0.5452372
0.29797062 , -1.1014096 , 0.591186
0.2988353 , -0.8559878 , 0.56875384
0.28467324 , -0.7263635 , 0.55423343
0.2106451 , -0.55325526 , 0.5601858
0.25576732 , -0.7423318 , 0.56588644
0.2729984 , -0.3909005 , 0.53777087
0.27033773 , -0.41835245 , 0.52991456
0.22558433 , -0.4615632 , 0.59825844
0.28343004 , -1.2029908 , 0.61286604
0.2728405 , -0.783242 , 0.5693578
0.32855216 , -0.9423009 , 0.5942133
0.37232494 , -1.2128619 , 0.6334186
0.3462399 , -1.040055 , 0.26781613
0.28352165 , -0.728303 , 0.5520333
0.2136944 , -0.5950108 , 0.55942243
0.2600266 , -0.7612452 , 0.5649648
0.31549093 , -0.88930184 , 0.5856901
0.28721422 , -0.34666383 , 0.5269824
0.23107404 , -0.5216284 , 0.54809564
0.29363272 , -1.1150738 , 0.5979445
0.30042464 , -0.87802076 , 0.57005316
0.34260052 , -0.98891777 , 0.6003904
0.37645522 , -1.2080507 , 0.6434679
0.37725386 , -0.7743069 , 0.525483
0.22383012 , -0.4984561 , 0.53176445
0.22318006 , -0.66913974 , 0.5582438
0.27312043 , -0.79255444 , 0.5663233
0.3297747 , -0.9285804 , 0.5908295
0.3762919 , -1.1649693 , 0.62968445
0.23659013 , -0.5713954 , 0.54611236
0.2991691 , -1.0305678 , 0.58668315
0.29821885 , -0.8415071 , 0.56529886
0.28372344 , -0.7473729 , 0.55054593
0.2989257 , -1.1302303 , 0.6586115
0.3791098 , -0.4117813 , 0.6588403
0.23125206 , -0.55191535 , 0.5455074
0.2933483 , -1.0771681 , 0.5959483
0.3213333 , -0.8912165 , 0.5831945
0.3736324 , -1.1044254 , 0.6188156
0.26596478 , -0.99959874 , 0.7269359
0.2106237 , -0.5940822 , 0.73712945
0.2076266 , -0.38590434 , 0.56029266
0.208279 , -0.38298368 , 0.56020135
0.23954134 , -1.102754 , 0.651271
0.3007054 , -0.9834175 , 0.58128476
0.29692018 , -0.8293891 , 0.562306
0.30209905 , -0.921163 , 0.57345504
0.29321325 , -0.8092488 , 0.5577248
0.2777442 , -0.7176158 , 0.54209536
0.3519442 , -0.976829 , 0.5969866
0.38388237 , -1.0792849 , 0.6205444
0.3806043 , -0.4311787 , 0.6134316
0.23593922 , -0.6075145 , 0.544373
0.29832116 , -0.99835384 , 0.5843116
0.29549646 , -0.82175636 , 0.5592323
0.2778284 , -0.7261997 , 0.54155475
0.23754096 , -0.75816995 , 0.55433244
0.30110893 , -0.8410936 , 0.56955975
0.36744237 , -1.024771 , 0.60458004
0.27497983 , -0.9132788 , 0.63112754
0.20920295 , -0.60503703 , 0.6684313
0.2982798 , -0.98778665 , 0.58305985
0.30187327 , -0.88617027 , 0.568584
0.28849852 , -0.7977879 , 0.551809
0.20709229 , -0.6392976 , 0.55624825
0.26258048 , -0.8008074 , 0.5566906
0.32973152 , -0.8929953 , 0.58057946
0.38687307 , -1.0681705 , 0.6136285
0.3796951 , -0.45618063 , 0.6019642
0.2803454 , -0.5010359 , 0.5282928
0.2779869 , -0.52842945 , 0.528011
0.28667703 , -0.79615855 , 0.549338
0.27080724 , -0.64937556 , 0.531485
0.23748071 , -0.77283806 , 0.5521826
0.29212642 , -0.82985127 , 0.5633422
0.35133013 , -0.94371027 , 0.5897102
0.38957897 , -1.0122236 , 0.6042503
0.21170065 , -0.43951344 , 0.6720342
0.20407534 , -0.27137908 , 0.6725685
0.3748757 , -0.19162036 , 0.59261143
0.2718114 , -0.5689853 , 0.5279505
0.18393993 , -2.525454 , 0.2128611
0.24689755 , -2.5278583 , 0.21057937
0.31994554 , -3.329647 , 0.18618537
0.2670964 , -3.007876 , 0.18500993
0.25290224 , -2.9949677 , 0.24455883
0.20234087 , -1.7908834 , 0.4110269
0.19413851 , -0.6206957 , 0.55158484
0.3064423 , -3.6210227 , 0.27566007
0.30176616 , -1.8892049 , 0.4331866
0.3002701 , -2.8966272 , 0.33467013
0.23962784 , -3.0829399 , 0.24558952
0.30418366 , -2.2129393 , 0.40478382
0.2907372 , -3.0404701 , 0.30853158
0.20355558 , -2.9233918 , 0.22617234
0.1994103 , -1.6339985 , 0.42994884
0.2704933 , -0.7068782 , 0.52320945
0.30029315 , -1.8776281 , 0.43320328
0.29178488 , -3.01003 , 0.31216964
0.20942055 , -2.9435704 , 0.22853096
0.26563707 , -3.0039978 , 0.18494193
0.29081342 , -1.3384489 , 0.47773167
0.30353615 , -2.4914556 , 0.3769038
0.2757182 , -3.096159 , 0.282953
0.29630575 , -1.6743689 , 0.44959244
0.30071327 , -2.730352 , 0.34971288
0.25496915 , -3.0835993 , 0.25844756
0.21269715 , -2.1360583 , 0.36170396
0.19352685 , -0.9675058 , 0.5151483
0.28972772 , -1.3351116 , 0.47782192
0.3006532 , -2.6865435 , 0.35351872
0.25837007 , -3.0777972 , 0.2617839
0.24209861 , -2.6539328 , 0.19552675
0.27569324 , -0.8411474 , 0.5162096
0.29933003 , -1.9931608 , 0.42098194
0.29386184 , -2.8978434 , 0.32313412
0.28468823 , -1.1474916 , 0.49321654
0.30093336 , -2.29127 , 0.3926951
0.2832692 , -3.00959 , 0.29719955
0.23009516 , -2.5509746 , 0.30011514
0.19828673 , -1.4696721 , 0.4487712
0.27567884 , -0.8459291 , 0.51640034
0.30021128 , -2.2407155 , 0.39669114
0.28481787 , -2.9837222 , 0.30080605
0.19494109 , -2.8206987 , 0.22207612
0.19593471 , -0.8483978 , 0.5306592
0.29062313 , -1.466777 , 0.46602497
0.29963362 , -2.5400856 , 0.36502564
0.27049097 , -0.69740635 , 0.5260792
0.29513466 , -1.7856324 , 0.4374143
0.2959562 , -2.748306 , 0.33805624
0.24785028 , -2.8359704 , 0.24861155
0.20943068 , -1.9588121 , 0.37967214
0.1973815 , -0.8530789 , 0.5305981
0.2898621 , -1.4609838 , 0.46610674
0.2987437 , -2.5184543 , 0.36498082
0.26798186 , -3.0122504 , 0.27184772
0.19833036 , -2.5035179 , 0.21001145
0.26415035 , -3.0006924 , 0.20161904
0.22999744 , -2.507708 , 0.30006534
0.19977567 , -1.4580911 , 0.44861102
0.27595842 , -0.8552496 , 0.51681566
0.28679183 , -1.3211915 , 0.4782297
0.29830506 , -2.3901567 , 0.37672403
0.2752908 , -2.9747062 , 0.28239623
0.17558265 , -2.6283288 , 0.21645552
0.28963673 , -1.4967197 , 0.46216568
0.2973823 , -2.5195975 , 0.3610191
0.26645008 , -2.9790034 , 0.26819763
0.25446922 , -2.54062 , 0.19884583
0.29198328 , -1.6701671 , 0.4457693
0.29561657 , -2.6325376 , 0.34553576
0.256095 , -2.9598715 , 0.25456142
0.96311456 , -3.863356 , 0.052518494
0.31550536 , -2.513757 , 0.20245497
0.3778328 , -2.7712796 , 0.19381993
0.4793869 , -3.3798578 , 0.17709555
0.51773 , -2.1648946 , 0.20568524
0.31895036 , 1.2617261 , 0.4390798
0.4879989 , 0.8762235 , 0.3142978
0.84642106 , -1.9959288 , 0.1593951
0.47658983 , -1.5160083 , 0.20987886
0.33740908 , 1.3666446 , 0.41987684
0.53008825 , 0.6016522 , 0.29271227
0.94655234 , -2.717784 , 0.122642174
0.4414983 , -0.9286124 , 0.21295413
0.35875553 , 1.4187605 , 0.40057653
0.5778703 , 0.25556144 , 0.27026096
1.091975 , -3.5349398 , 0.06958084
0.4128681 , -0.40088305 , 0.2160714
0.38336802 , 1.4143991 , 0.3810569
0.6320033 , -0.16279767 , 0.24670418
0.8378384 , -4.0239186 , 0.16634977
0.39041296 , 0.06563185 , 0.22014582
0.41939476 , 1.3176881 , 0.35614344
0.7095976 , -0.7914045 , 0.215216
0.57984805 , -2.9689689 , 0.20566158
0.37035042 , 0.5602323 , 0.22727193
0.36376205 , 1.4513075 , 0.3097185
0.39262497 , 0.26424834 , 0.4592723
0.23980974 , 0.112295136 , 0.5546507
0.33014083 , 1.4199582 , 0.42535388
0.48114187 , 1.0177972 , 0.3199211
0.84392565 , -1.8746681 , 0.16422145
0.48668566 , -1.7119488 , 0.21386449
0.35457623 , 1.0925268 , 0.24239124
0.5231775 , 0.7476403 , 0.2985276
0.93781406 , -2.6083653 , 0.12877798
0.44733098 , -1.0828142 , 0.21560296
0.35116306 , 1.3067753 , 0.25357005
0.5707422 , 0.40264028 , 0.27567482
1.0433567 , -3.4425588 , 0.08195076
0.41562828 , -0.51509196 , 0.21785386
0.35091004 , 1.4586664 , 0.26718384
0.624267 , -0.016923273 , 0.25213385
0.8947347 , -4.4659014 , 0.07252494
0.3908438 , -0.011985635 , 0.22150736
0.3532214 , 1.5462308 , 0.28323025
0.6842846 , -0.51469016 , 0.22758475
0.5826471 , -3.502366 , 0.2054923
0.3721458 , 0.4296157 , 0.22401729
0.35735905 , 1.5752355 , 0.2991353
0.7512874 , -1.0913312 , 0.19824193
0.5305922 , -2.6791914 , 0.21689183
0.35910878 , 0.80291677 , 0.23419175
0.2564563 , 0.8704511 , 0.50416833
0.37872443 , 1.5867872 , 0.38027582
0.6397667 , -0.11751523 , 0.24293548
0.60395306 , -4.2901573 , 0.17443344
0.381718 , 0.12805364 , 0.22281043
0.3520401 , 1.6257843 , 0.2870422
0.38560644 , 0.7550739 , 0.42436013
0.20762937 , -0.17113431 , 0.59326273
0.6286025 , -5.160999 , 0.1717638
0.3814133 , 0.96594274 , 0.4053266
0.34674034 , 1.6048739 , 0.27509585
0.3937927 , -0.23691931 , 0.22130239
0.30712882 , -0.120496325 , 0.223904
0.28660023 , 2.4810932 , 0.2938465
1.0006821 , -3.366102 , 0.09286293
0.5037852 , 0.9949299 , 0.31033716
0.23334375 , 0.4055732 , 0.5464807
0.19483617 , 1.3509984 , 0.535129
0.51022863 , 1.2345625 , 0.29972342
1.0916703 , -4.8671126 , 0.07845074
0.91944456 , -5.1975274 , 0.11978055
1.0500251 , -9.41185 , 0.350487
1.5076582 , -14.193373 , 0.4641598
2.235438 , -17.359175 , 0.13602503
1.7369224 , -12.686425 , 0.15549485
1.3228788 , -7.8191895 , 0.11481921
0.9988452 , -8.785425 , 0.33192825
0.2872399 , -1.1352935 , 0.4342051
0.28624308 , -1.1350833 , 0.43615925
0.29480478 , -1.220485 , 0.43539944
0.3039975 , -1.4107926 , 0.43706408
0.29765913 , -1.3396477 , 0.4856044
0.29357514 , -1.245285 , 0.48657423
0.23980892 , -1.1024902 , 0.44937104
0.29875228 , -1.2003688 , 0.44563392
0.29936025 , -1.29538 , 0.44322184
0.29715306 , -1.3701208 , 0.49203458
1.1109903 , -5.0330024 , 0.059419606
0.63280684 , -4.9488425 , 0.16524899
1.1212441 , -5.108691 , 0.0549565
1.1375533 , -5.40819 , 0.06458832
1.1636556 , -5.7098584 , 0.069108896
0.6809748 , -5.785114 , 0.18493031
0.6846558 , -5.6373434 , 0.18650655
0.7002435 , -5.484026 , 0.1916592
1.1810263 , -5.9919515 , 0.078105204
1.1378229 , -11.013083 , 0.34888393
1.6998012 , -16.50033 , 0.46464503
1.3705773 , -8.130943 , 0.1095641
1.1885365 , -6.090595 , 0.08156355
0.7275485 , -6.4499106 , 0.20309818
0.3063285 , -1.2700794 , 0.35717347
0.31868842 , -0.93377274 , 0.3158003
0.3021325 , -1.0179698 , 0.3755793
0.30730888 , -1.3700447 , 0.3616254
0.30490097 , -1.4310563 , 0.42850646
0.2938166 , -1.0604411 , 0.4076575
0.29474846 , -1.000568 , 0.42013472
0.2858728 , -1.0776694 , 0.4286064
0.3074606 , -0.97234476 , 0.3601905
0.29385233 , -1.0017426 , 0.4249827
0.26459134 , -1.0904661 , 0.46306244
0.78265345 , -6.1197953 , 0.23016898
1.6054138 , -11.266533 , 0.14946893
1.2238852 , -6.3298893 , 0.089762785
0.92499834 , -5.0604544 , 0.11526712
2.0688255 , -15.888959 , 0.150187
1.6015049 , -11.223755 , 0.14953
1.2250488 , -6.305001 , 0.08909254
0.30283105 , -0.92338413 , 0.39189866
0.2871924 , -1.0418824 , 0.45188168
0.29959753 , -1.0122805 , 0.39114332
0.30187324 , -0.925138 , 0.3966991
0.2862117 , -1.0420202 , 0.45707247
0.91249347 , -4.8054075 , 0.09988084
1.8093747 , -13.431335 , 0.15753692
1.3920054 , -8.680392 , 0.12731218
0.3054229 , -1.0565386 , 0.46936622
0.9344034 , -7.863535 , 0.30662638
1.4295346 , -13.382387 , 0.4545265
2.1819167 , -16.875553 , 0.13883801
1.6270456 , -11.515288 , 0.15182514
1.2062925 , -5.836502 , 0.077746436
0.30924004 , -0.94204307 , 0.3575524
0.32724112 , -0.79239887 , 0.28344953
0.30912408 , -0.8589605 , 0.3703544
0.2912923 , -1.0047032 , 0.43973878
0.31452256 , -0.80861646 , 0.35049313
0.29884878 , -0.93887335 , 0.41101843
0.28476638 , -1.0482688 , 0.4745158
0.9594555 , -5.23613 , 0.12729144
0.29329938 , -1.0121446 , 0.46149635
0.81035846 , -5.6955 , 0.23606311
1.1577257 , -10.511333 , 0.396209
1.6138572 , -15.076598 , 0.48534477
1.9987446 , -15.2562275 , 0.15158814
1.5495479 , -10.696955 , 0.14900014
1.228114 , -5.8785167 , 0.07923576
0.30887732 , -0.916611 , 0.36995772
0.3243574 , -0.78446907 , 0.3067506
0.31945136 , -0.737984 , 0.3379489
0.30391714 , -0.8699846 , 0.3995071
0.29132897 , -0.9907326 , 0.46044505
0.3064163 , -0.9330462 , 0.38278574
0.3217891 , -0.80212444 , 0.31955868
0.3229163 , -0.7038396 , 0.32531312
0.30736262 , -0.8344815 , 0.38765216
0.2939784 , -0.96132845 , 0.44769704
0.29482517 , -1.0074064 , 0.46884465
0.9246092 , -7.640578 , 0.3108695
1.3259095 , -12.307752 , 0.44024834
1.8131857 , -16.81717 , 0.49817708
1.8016121 , -13.396829 , 0.15801494
1.3939835 , -8.783616 , 0.13224432
0.29536864 , -0.9980974 , 0.4646391
0.8288068 , -6.23432 , 0.26326883
1.1998346 , -10.982474 , 0.41070968
1.6627957 , -15.502936 , 0.49103937
1.9269717 , -14.606396 , 0.1547979
1.4921391 , -10.056125 , 0.1451075
0.29736263 , -0.99317247 , 0.43043324
0.31184882 , -0.88421416 , 0.36226785
0.32700005 , -0.7506573 , 0.29880658
0.31837982 , -0.7350825 , 0.34570065
0.30309787 , -0.86857045 , 0.40674376
0.29282504 , -0.98550236 , 0.4688711
0.30944464 , -0.9014002 , 0.37493163
0.32450652 , -0.76816976 , 0.3117665
0.32190594 , -0.7003395 , 0.33296928
0.3064588 , -0.8331048 , 0.39492702
0.29433414 , -0.9582142 , 0.4554264
0.93245494 , -4.430608 , 0.0953463
0.9587851 , -8.145198 , 0.33085757
1.3704706 , -12.756258 , 0.4514644
2.0453424 , -17.231045 , 0.31208333
1.7354767 , -12.755391 , 0.15797412
1.3425552 , -8.141903 , 0.12528537
0.2970549 , -0.98509413 , 0.46704063
0.85470235 , -6.7679334 , 0.28639808
1.2419462 , -11.441651 , 0.4241714
1.7119774 , -15.923005 , 0.49545237
1.8568984 , -13.961525 , 0.15694353
1.4355414 , -9.421343 , 0.14041819
0.30093694 , -0.96913564 , 0.42059758
0.3147519 , -0.85114235 , 0.35464907
0.32965767 , -0.7167872 , 0.2907536
0.31734532 , -0.7325645 , 0.35339352
0.30246076 , -0.86718285 , 0.41399002
0.29497814 , -0.9772308 , 0.47772574
0.3546971 , 1.7931224 , 0.35741284
0.38849664 , 2.1353004 , 0.29579547
0.37199402 , 2.2298074 , 0.33762273
0.33601886 , 1.8901498 , 0.4035759
0.30463377 , 1.5346242 , 0.45419306
0.3554266 , -0.06749811 , 0.31939957
0.3765768 , 0.7327268 , 0.31456232
0.38368025 , 1.5509464 , 0.31009734
0.29805124 , 1.4117608 , 0.46115503
0.304594 , 0.70060104 , 0.46634287
0.3151425 , 0.06485714 , 0.4702057
0.31381953 , -0.5367447 , 0.47487915
0.41205993 , 2.1297035 , 0.24514993
0.40542004 , 1.3227339 , 0.24597628
0.38958263 , 0.5047165 , 0.25147828
0.3578835 , -0.2813918 , 0.25997964
0.32339415 , -0.6775421 , 0.42938834
0.3377174 , -0.08206726 , 0.4224387
0.3327613 , 0.5436654 , 0.41549924
0.32678765 , 1.2274667 , 0.40162417
0.30092087 , 0.91123116 , 0.46557283
0.31202233 , 0.25963953 , 0.46967113
0.3162248 , -0.35013726 , 0.4738791
0.2986825 , -0.9336555 , 0.48064658
0.33323175 , -0.4215301 , 0.4269356
0.33651215 , 0.1847249 , 0.4203415
0.32894433 , 0.8297476 , 0.41211778
0.29738203 , 1.3078369 , 0.4620654
0.30537313 , 0.61311185 , 0.46827248
0.31538248 , -0.01608079 , 0.47207594
0.31180862 , -0.61215246 , 0.4769993
0.31928822 , -0.7513136 , 0.4322347
0.33703816 , -0.1617554 , 0.42474794
0.33317983 , 0.45804903 , 0.41796386
0.32626158 , 1.1306487 , 0.4061658
0.2992643 , 0.98481476 , 0.46644795
0.3101697 , 0.32699263 , 0.47063544
0.3161197 , -0.28498575 , 0.47467408
0.30244264 , -0.8674113 , 0.48104993
0.33096567 , -0.49803653 , 0.42942682
0.33659363 , 0.102751546 , 0.42264634
0.32921767 , 0.74050957 , 0.41493174
0.29738376 , 1.392305 , 0.4646909
0.30339268 , 0.6831443 , 0.46927288
0.31404877 , 0.049857166 , 0.4729828
0.31300378 , -0.54745036 , 0.47763574
0.31455594 , -0.82364213 , 0.4352887
0.33610636 , -0.24063501 , 0.42706951
0.33359918 , 0.37340868 , 0.42037973
0.32600164 , 1.0361363 , 0.41026646
0.29779965 , 1.0596542 , 0.46749213
0.30823532 , 0.39466032 , 0.47162876
0.3156854 , -0.21999657 , 0.47548383
0.3052669 , -0.80256474 , 0.48139337
0.3282985 , -0.57348865 , 0.4319905
0.33653882 , 0.021590339 , 0.4249339
0.32959247 , 0.6525169 , 0.41763654
0.32505885 , 1.3557158 , 0.39949185
0.30146873 , 0.75386834 , 0.47033703
0.31252852 , 0.11589728 , 0.47391382
0.31379563 , -0.48314303 , 0.4782833
0.30896664 , -0.8942212 , 0.43869773
0.33489358 , -0.31867015 , 0.4294092
0.33399346 , 0.28969124 , 0.4227484
0.32596344 , 0.94350415 , 0.41381103
0.29659343 , 1.1361138 , 0.46892697
0.30624664 , 0.46272522 , 0.47266215
0.31494927 , -0.15508564 , 0.47631544
0.30748442 , -0.73864144 , 0.48170212
0.32519576 , -0.64775044 , 0.43464336
0.33631405 , -0.05876775 , 0.42720765
0.33003688 , 0.5656698 , 0.42023665
0.32407126 , 1.2540092 , 0.40721428
0.29963607 , 0.8254104 , 0.47151205
0.31085452 , 0.18211329 , 0.4748755
0.31420863 , -0.41910177 , 0.4789573
0.30186763 , -0.9624791 , 0.44301933
0.3333715 , -0.39580348 , 0.43177196
0.33433548 , 0.20685518 , 0.42507327
0.32610893 , 0.8524827 , 0.41699845
0.2957291 , 1.2147834 , 0.47106948
0.3042391 , 0.53127694 , 0.47375053
0.31394932 , -0.090172894 , 0.47717425
0.30923265 , -0.67533326 , 0.48204744
0.32162902 , -0.720647 , 0.4374069
0.3358943 , -0.13832262 , 0.4294716
0.3305283 , 0.47988456 , 0.4227423
0.32348463 , 1.1559644 , 0.41222072
0.29791388 , 0.89792514 , 0.47286713
0.3090388 , 0.2485744 , 0.47587413
0.31424132 , -0.35522902 , 0.47966507
0.2993998 , -0.92126524 , 0.4861484
0.33148658 , -0.4719482 , 0.43416256
0.33457783 , 0.124873534 , 0.42736
0.32638633 , 0.76289004 , 0.41992873
0.29522467 , 1.2965802 , 0.47405896
0.30227897 , 0.6004145 , 0.47491163
0.3127565 , -0.025180172 , 0.4780623
0.31062248 , -0.61241215 , 0.4824644
0.31761104 , -0.79194504 , 0.44031727
0.3352909 , -0.21706381 , 0.4317325
0.33107507 , 0.39508876 , 0.42516747
0.32322413 , 1.0605294 , 0.41620162
0.29630163 , 0.9716281 , 0.47448304
0.30706632 , 0.31535614 , 0.47691262
0.31386545 , -0.29143795 , 0.480403
0.30219918 , -0.8594631 , 0.4858653
0.3291408 , -0.5469954 , 0.4365899
0.3346419 , 0.04372476 , 0.42961925
0.3267188 , 0.67458934 , 0.42266932
0.30884796 , 1.3823161 , 0.44561583
0.30041805 , 0.6702243 , 0.47615847
0.31141993 , 0.039942585 , 0.4789723
0.31169716 , -0.54974514 , 0.48294264
0.31309855 , -0.86125124 , 0.4433593
0.33450508 , -0.29493734 , 0.43400875
0.33167288 , 0.31124428 , 0.42753354
0.32325733 , 0.96717346 , 0.41963512
0.29493058 , 1.046874 , 0.47640303
0.30505177 , 0.38258755 , 0.47798064
0.31321824 , -0.22759338 , 0.48114672
0.30443904 , -0.7981313 , 0.4857515
0.32641527 , -0.6208813 , 0.43908936
0.3345782 , -0.036656693 , 0.43188187
0.32715538 , 0.5874237 , 0.42528412
0.321623 , 1.2828214 , 0.41600668
0.45627847 , -3.2634969 , 0.18340744
0.3645446 , -2.7214794 , 0.19699004
0.3055302 , -2.4936426 , 0.204788
0.26011747 , -2.455831 , 0.20760927
0.31170866 , -2.5164604 , 0.20544483
0.37405 , -2.7915459 , 0.1973514
0.47314376 , -3.4125357 , 0.1832137
0.22774626 , -2.457062 , 0.208468
0.38942415 , -2.5508633 , 0.18728513
0.5721407 , -2.8701408 , 0.15574463
0.8460031 , -3.5939906 , 0.090835884
0.8200726 , -3.5656228 , 0.09788502
0.55711955 , -2.8614583 , 0.15846124
0.37676927 , -2.5450933 , 0.1887539
0.2121418 , -2.4488056 , 0.2100502
0.29622155 , -2.4747963 , 0.20863383
0.35378084 , -2.6951852 , 0.20179233
0.43933976 , -3.199694 , 0.19104466
0.62874895 , -4.312648 , 0.1703935
0.6932386 , -3.2292702 , 0.13042857
0.47503293 , -2.7087445 , 0.1736052
0.30685154 , -2.4796467 , 0.19799659
0.26700297 , -2.4284887 , 0.21210796
0.319327 , -2.554816 , 0.2073969
0.38677582 , -2.8983262 , 0.19928417
0.49683234 , -3.6306205 , 0.18592119
0.87452555 , -3.810934 , 0.08574542
0.5881792 , -2.9824083 , 0.15280901
0.39857498 , -2.5933359 , 0.18544404
0.2322982 , -2.434916 , 0.20699598
0.2898123 , -2.458491 , 0.21207784
0.347398 , -2.6906826 , 0.20558207
0.43024707 , -3.1923823 , 0.19639756
0.59064215 , -4.259595 , 0.18421903
0.73317385 , -3.4127986 , 0.122451924
0.5006381 , -2.7965019 , 0.16938345
0.32646203 , -2.5037038 , 0.19516206
0.25758672 , -2.400908 , 0.21632977
0.31361142 , -2.5427065 , 0.2108785
0.38052043 , -2.8929353 , 0.2034819
0.48644432 , -3.6102772 , 0.19327211
0.93665695 , -4.088479 , 0.07426748
0.6215666 , -3.1201916 , 0.14704
0.42159474 , -2.653472 , 0.18212755
0.25232145 , -2.4340956 , 0.20406064
0.2831126 , -2.4354484 , 0.21564774
0.3411496 , -2.681075 , 0.20927182
0.42193237 , -3.181475 , 0.20132749
0.56763476 , -4.209914 , 0.19402483
0.7770313 , -3.619731 , 0.11435122
0.5281436 , -2.8985827 , 0.16503142
0.3470643 , -2.5393643 , 0.19234197
0.16147326 , -2.3847246 , 0.21557812
0.30738324 , -2.5245965 , 0.21437396
0.37390423 , -2.8831127 , 0.20753168
0.47591582 , -3.5873196 , 0.19958888
1.008522 , -4.4052563 , 0.063822955
0.6570031 , -3.276409 , 0.14107676
0.44563985 , -2.7261348 , 0.17871852
0.27240324 , -2.4456816 , 0.20123446
0.27588677 , -2.4051988 , 0.21943356
0.33487162 , -2.6662154 , 0.21292338
0.41407543 , -3.1670496 , 0.20596974
0.5504172 , -4.161128 , 0.20163408
0.82523376 , -3.8523085 , 0.10620326
0.55762184 , -3.015804 , 0.16050778
0.3686956 , -2.5866742 , 0.18949465
0.18870911 , -2.3686342 , 0.21091329
0.30075347 , -2.5001454 , 0.21792015
0.36715668 , -2.86871 , 0.21148159
0.4657423 , -3.5618224 , 0.20521156
1.099701 , -4.775259 , 0.05491084
0.6949971 , -3.4525323 , 0.13493256
0.4709844 , -2.8118887 , 0.17518915
0.29290634 , -2.4692209 , 0.19850522
0.26770315 , -2.3670611 , 0.22345412
0.328369 , -2.6458251 , 0.21656148
0.40634766 , -3.1489508 , 0.21039034
0.53554946 , -4.1128035 , 0.20800124
0.87815523 , -4.113562 , 0.09807889
0.58906984 , -3.1492002 , 0.1558069
0.3913405 , -2.6458776 , 0.1865973
0.2117436 , -2.3669477 , 0.20716648
0.29371345 , -2.4689655 , 0.22153519
0.36032662 , -2.8495643 , 0.2153574
0.45600146 , -3.53379 , 0.21033542
0.65876794 , -4.9254236 , 0.22614583
0.7359564 , -3.6501987 , 0.12864107
0.49782163 , -2.9113784 , 0.17152472
0.31404322 , -2.5044787 , 0.19584516
0.25781336 , -2.3200705 , 0.22750042
0.32157546 , -2.6195996 , 0.22020526
0.39866406 , -3.1270137 , 0.21463883
0.52198213 , -4.064409 , 0.21358174
0.9367064 , -4.407296 , 0.08990635
0.62263834 , -3.2999175 , 0.1509295
0.4150805 , -2.717325 , 0.18362685
0.23366436 , -2.3783734 , 0.20401633
0.18422614 , -1.5900826 , 0.29409406
0.093591325 , -0.5877188 , 0.41616362
-0.077788375 , 0.27445528 , 0.15753049
0.023428854 , -0.6648319 , 0.19870761
0.10559067 , -1.6748519 , 0.20208499
1.8941567 , -14.719549 , 0.13486803
1.2670306 , -9.952986 , 0.13447745
0.6600291 , -5.27162 , 0.14269832
0.07451989 , -0.8669237 , 0.15520772
0.2998693 , -2.48241 , 0.19688477
0.4870935 , -2.9294164 , 0.17395462
0.7237704 , -3.6984649 , 0.13396622
1.151255 , -5.2448 , 0.06421113
0.44258362 , -4.0062456 , 0.49921316
0.9154609 , -8.623399 , 0.50893354
1.4256579 , -13.388898 , 0.5120671
0.616543 , -4.812212 , 0.2310562
0.44430456 , -3.5047116 , 0.21737336
0.35132596 , -2.8216085 , 0.22100148
0.28342655 , -2.4149883 , 0.22697665
0.24072029 , -2.3829193 , 0.20294192
0.42363957 , -2.7485025 , 0.18260051
0.63531065 , -3.365737 , 0.14930867
0.95935786 , -4.534322 , 0.087468624
0.518832 , -4.0656977 , 0.21633947
0.39666572 , -3.1279554 , 0.21662983
0.31938592 , -2.6120195 , 0.22191922
0.2535117 , -2.2976255 , 0.22919245
0.14010444 , -2.5180616 , 0.21655287
0.13849348 , -2.4946685 , 0.2163151
0.16827762 , -2.4797375 , 0.21080536
0.1353992 , -2.4712267 , 0.21570033
0.1308292 , -2.4496992 , 0.21766265
0.17198525 , -2.4489863 , 0.21585143
0.19081855 , -2.4193466 , 0.21441466
0.2542432 , -2.4296424 , 0.21758312
0.2570287 , -2.4056542 , 0.2217892
0.15469734 , -2.3828135 , 0.17808004
0.26566103 , -2.3778021 , 0.2197048
0.26593477 , -2.3550446 , 0.22045662
0.15698704 , -2.3465168 , 0.23255956
0.18807967 , -2.3217256 , 0.21898282
0.108424775 , -2.2966766 , 0.2175793
0.18330932 , -2.3272936 , 0.21966194
0.114610665 , -2.2807 , 0.21751067
0.113713644 , -2.2611578 , 0.21638754
0.14931163 , -2.2819557 , 0.21351998
0.11272269 , -2.2494192 , 0.21693249
0.109156266 , -2.2285566 , 0.21731684
0.15122575 , -2.237064 , 0.22097637
0.17699681 , -2.2397678 , 0.22085658
0.2400351 , -2.2035182 , 0.22333081
-0.23890476 , 2.6395473 , 0.48129636
0.077333 , -0.16074589 , 0.3276933
-0.15269218 , 1.9820913 , 0.44254696
-0.03790543 , 0.7002366 , 0.4673407
0.094750695 , -0.5586396 , 0.36959016
0.200584 , -1.9210283 , 0.24275565
-0.27735853 , 1.6561602 , 0.19556656
-0.06595971 , -0.52594537 , 0.20533627
0.07603478 , -1.7526116 , 0.206307
-0.02562786 , -0.4016441 , 0.20154995
-0.15352385 , 0.8463416 , 0.17240901
0.020415826 , 0.16841617 , 0.43556365
0.14312525 , -1.1125325 , 0.3180493
0.08194442 , -1.8714067 , 0.20749201
-0.012152508 , -0.5348515 , 0.20213543
-0.13605657 , 0.70006055 , 0.17659663
0.013712075 , 0.22409937 , 0.4428596
0.13584226 , -1.0270016 , 0.32868502
0.084881485 , -1.988128 , 0.20901988
0.0008338976 , -0.66539586 , 0.20255926
-0.11912935 , 0.5567364 , 0.18039224
0.0073339646 , 0.27606013 , 0.44973856
0.12876754 , -0.94558394 , 0.3392188
0.08147122 , -2.1042738 , 0.21132183
0.013335911 , -0.7932118 , 0.20283416
-0.10272245 , 0.41622326 , 0.18381557
0.0012696702 , 0.3244703 , 0.4561942
0.12188684 , -0.86826557 , 0.34962156
0.21098639 , -2.1627283 , 0.22874577
0.025353326 , -0.9182289 , 0.20299254
-0.08682481 , 0.2785376 , 0.186896
-0.004488265 , 0.36941385 , 0.46221727
0.11520175 , -0.79508495 , 0.35985792
0.20112461 , -2.0568924 , 0.2369233
0.036883976 , -1.0403924 , 0.20305903
0.2817162 , -1.3735145 , 0.5612675
0.28934124 , -0.7683003 , 0.55978113
0.27441493 , -0.16451295 , 0.55971843
0.25521362 , 0.44072568 , 0.5601316
0.28699765 , -1.2112322 , 0.55913466
0.2871806 , -0.6104029 , 0.5582166
0.2701417 , -0.0052918848 , 0.55837715
0.2528065 , 0.6036419 , 0.559004
0.28994805 , -1.0514487 , 0.5571145
0.28423163 , -0.45247063 , 0.5567331
0.26600662 , 0.15510872 , 0.55707663
0.2724827 , -1.4983248 , 0.5573395
0.2909389 , -0.89353895 , 0.5552495
0.2807499 , -0.29401806 , 0.5553121
0.26221162 , 0.31697944 , 0.55580556
0.28060353 , -1.3337516 , 0.55505127
0.29039356 , -0.73668456 , 0.5535457
0.27696225 , -0.13462871 , 0.5539366
0.2589886 , 0.4805482 , 0.55455524
0.28662857 , -1.1726577 , 0.5527997
0.28869036 , -0.58004403 , 0.5519798
0.27307376 , 0.02603674 , 0.55259144
0.25666475 , 0.64599884 , 0.5533167
0.29027936 , -1.0145818 , 0.550678
0.2861522 , -0.42288944 , 0.5505148
0.26927584 , 0.18824185 , 0.5512635
0.27151975 , -1.4536916 , 0.55077755
0.29186156 , -0.8586287 , 0.54874516
0.28305307 , -0.26466087 , 0.5491152
0.2657598 , 0.3521834 , 0.54994214
0.28009266 , -1.290955 , 0.5484209
0.29179847 , -0.70367324 , 0.54700905
0.27962607 , -0.10495159 , 0.5477535
0.26274243 , 0.51800823 , 0.5486199
0.28675398 , -1.1320453 , 0.54610175
0.29049614 , -0.54862624 , 0.5454356
0.27607328 , 0.056531336 , 0.5464101
0.26051277 , 0.68583363 , 0.54729134
0.29102883 , -0.97637695 , 0.5439262
0.28830886 , -0.39261928 , 0.54397374
0.2725776 , 0.21999764 , 0.54506916
0.27125874 , -1.4059033 , 0.5438316
0.2931438 , -0.82282805 , 0.54196334
0.2855329 , -0.23504616 , 0.5425779
0.26931852 , 0.38558853 , 0.54371697
0.28017193 , -1.2461294 , 0.5414319
0.29351184 , -0.67003536 , 0.5402163
0.28241214 , -0.075503394 , 0.5412166
0.26649597 , 0.5533865 , 0.5423427
0.28735933 , -1.0903132 , 0.53908145
0.29256207 , -0.5167563 , 0.538638
0.2791502 , 0.086288884 , 0.5398693
0.26436666 , 0.72343326 , 0.54093915
0.29216695 , -0.9377119 , 0.5368974
0.28771928 , 0.36240226 , 0.51324975
0.2769056 , 1.0341009 , 0.5146548
0.30224267 , -0.661328 , 0.5096811
0.29824886 , -0.09267464 , 0.5104978
0.2854025 , 0.530925 , 0.5117567
0.28726798 , -1.0430459 , 0.50782734
0.30372557 , -0.51747125 , 0.50816673
0.2960468 , 0.06453577 , 0.5088357
0.28344074 , 0.70406044 , 0.51028335
0.29563034 , -0.90837926 , 0.5056421
0.30385393 , -0.37011644 , 0.5065685
0.293647 , 0.22502786 , 0.5071603
0.28195232 , 0.882272 , 0.50876033
0.30121675 , -0.7734027 , 0.504101
0.3029865 , -0.21944667 , 0.50487834
0.29125363 , 0.38912186 , 0.50549346
0.2810267 , 1.0654975 , 0.5070402
0.30456582 , -0.63468117 , 0.50272596
0.30141425 , -0.06561052 , 0.5031124
0.28906098 , 0.55732846 , 0.50386626
0.2895411 , -1.0118655 , 0.50063336
0.30622894 , -0.49150077 , 0.50121474
0.29938567 , 0.091376014 , 0.5012887
0.28725052 , 0.73039603 , 0.50231177
0.298017 , -0.8822785 , 0.49867293
0.3065996 , -0.34431747 , 0.4995224
0.29712245 , 0.25164035 , 0.49942648
0.2859611 , 0.9092515 , 0.50082076
0.30343583 , -0.7499507 , 0.49746725
0.30597916 , -0.19362387 , 0.4976774
0.29483187 , 0.4154633 , 0.4975505
0.2852301 , 1.0945262 , 0.49923334
0.30681264 , -0.6117967 , 0.49616084
0.30462864 , -0.039701354 , 0.4957104
0.29271814 , 0.5833159 , 0.49569932
0.29187727 , -0.9893436 , 0.4939919
0.30867836 , -0.46839195 , 0.49453348
0.30278406 , 0.117372304 , 0.49364686
0.29099056 , 0.75594896 , 0.4939375
0.30026248 , -0.86410075 , 0.49255306
0.30931634 , -0.32076058 , 0.49263093
0.30066285 , 0.27769104 , 0.49150914
0.28985205 , 0.934554 , 0.49236026
0.30541623 , -0.7322305 , 0.49162042
0.30896536 , -0.16957124 , 0.4905102
0.298471 , 0.44150245 , 0.48931995
0.2894116 , 1.1207896 , 0.49099398
0.30887917 , -0.59302354 , 0.4901188
0.30785713 , -0.015168976 , 0.48821703
0.29641178 , 0.60921943 , 0.487106
0.29405987 , -0.97902364 , 0.48851338
0.3110003 , -0.44843906 , 0.48813042
0.3062152 , 0.14234132 , 0.48579147
0.2946979 , 0.7814774 , 0.48491165
0.30253404 , -0.8212469 , 0.5430234
0.28642106 , -0.31606817 , 0.54538727
0.28452706 , -1.8423332 , 0.54854935
0.31136325 , -1.2727562 , 0.5405745
0.29910696 , -0.6821958 , 0.54270166
0.28288773 , -0.18562599 , 0.5442162
0.29911616 , -1.718989 , 0.5446116
0.3099867 , -1.1172855 , 0.539325
0.29547936 , -0.54598415 , 0.54224837
0.2796098 , -0.050739262 , 0.542915
0.30793557 , -1.5795271 , 0.5411135
0.30753168 , -0.9636231 , 0.5386133
0.29178396 , -0.41101778 , 0.5415935
0.27673903 , 0.08923758 , 0.5415877
0.31205574 , -1.4289598 , 0.53832364
0.304437 , -0.81336266 , 0.5381549
0.2881368 , -0.27557865 , 0.54071796
0.2748096 , 0.23428659 , 0.5403295
0.3129735 , -1.2722727 , 0.53629464
0.30097705 , -0.6666648 , 0.53773826
0.284648 , -0.1381086 , 0.5396471
0.29877913 , -1.7221211 , 0.5388099
0.31185985 , -1.1136605 , 0.5349178
0.2973358 , -0.52275586 , 0.537226
0.28143647 , 0.002548235 , 0.53844285
0.30804735 , -1.575015 , 0.53613394
0.3095134 , -0.9560434 , 0.53399724
0.2936494 , -0.38035715 , 0.53654367
0.27867723 , 0.14701322 , 0.53718215
0.3128546 , -1.4205583 , 0.5338085
0.30644748 , -0.8009672 , 0.53332263
0.29003105 , -0.2380316 , 0.53566825
0.276841 , 0.29543048 , 0.5359305
0.3143452 , -1.2618133 , 0.53192914
0.30298793 , -0.6487969 , 0.5327166
0.2865889 , -0.09446213 , 0.53461844
0.298624 , -1.7155762 , 0.533017
0.31361005 , -1.1015515 , 0.53048027
0.29934758 , -0.49905273 , 0.5320536
0.28344664 , 0.051347807 , 0.5334409
0.3080623 , -1.5614928 , 0.53096944
0.31147543 , -0.9418693 , 0.5293656
0.2956753 , -0.3507645 , 0.5312613
0.28078622 , 0.19999534 , 0.53219014
0.31344703 , -1.4034728 , 0.5290499
0.3085125 , -0.78398687 , 0.5284522
0.29208827 , -0.2027867 , 0.53031385
0.2790163 , 0.35173294 , 0.53091216
0.31551468 , -1.2431993 , 0.5273453
0.30509973 , -0.6282705 , 0.52761084
0.28869614 , -0.05404735 , 0.52922124
0.29875958 , -1.7001715 , 0.5272598
0.31522143 , -1.0822415 , 0.52587664
0.30148607 , -0.47441792 , 0.52674145
0.32360664 , -0.65927744 , 0.48771015
0.31262138 , -0.07080236 , 0.48547053
0.2999407 , 0.560879 , 0.48372734
0.31938323 , -1.0708933 , 0.48707032
0.32243475 , -0.5080883 , 0.48552227
0.30972895 , 0.09046341 , 0.48319378
0.29895487 , 0.73266953 , 0.4815837
0.32300577 , -0.92170185 , 0.4853503
0.32050395 , -0.3551265 , 0.4832423
0.3070362 , 0.25460517 , 0.4808779
0.29898342 , 0.9070422 , 0.47943157
0.32477477 , -0.77404666 , 0.48335677
0.31808132 , -0.19984798 , 0.48090544
0.30473754 , 0.42183313 , 0.47852853
0.31392205 , -1.1772641 , 0.48246637
0.32509917 , -0.6261579 , 0.48114008
0.31539533 , -0.04191455 , 0.47852138
0.30303103 , 0.59227496 , 0.47616196
0.31972426 , -1.0293907 , 0.48089004
0.32433686 , -0.47673103 , 0.47879037
0.31265453 , 0.1189469 , 0.47608426
0.3021177 , 0.7659153 , 0.47379908
0.32357255 , -0.88436264 , 0.4790109
0.32277563 , -0.32502988 , 0.47637147
0.31006187 , 0.28302288 , 0.47358367
0.30219015 , 0.9425834 , 0.47144848
0.32571223 , -0.7400157 , 0.47680357
0.3206618 , -0.17068094 , 0.47390673
0.3078263 , 0.45062336 , 0.47101662
0.3137986 , -1.1330608 , 0.47628146
0.32648775 , -0.5944247 , 0.47438398
0.31821865 , -0.01344965 , 0.47139296
0.30616894 , 0.6220166 , 0.46839988
0.31976938 , -0.99013215 , 0.4746484
0.3261775 , -0.44649488 , 0.47187212
0.31565562 , 0.1468977 , 0.46881333
0.30531472 , 0.79729396 , 0.4657738
0.32388553 , -0.8495107 , 0.47257122
0.3250218 , -0.29579422 , 0.46932226
0.31317818 , 0.3106696 , 0.46614537
0.30545673 , 0.9762475 , 0.46318218
0.32646403 , -0.70832855 , 0.47011065
0.32324988 , -0.14217183 , 0.4667385
0.31100115 , 0.47827673 , 0.46337005
0.31312725 , -1.0922939 , 0.4700776
0.32775497 , -0.5646483 , 0.46747947
0.3210822 , 0.01448324 , 0.46410355
0.3093629 , 0.65018874 , 0.46048942
0.3193844 , -0.954584 , 0.4683985
0.32794312 , -0.41779682 , 0.4648126
0.31872907 , 0.17434733 , 0.46139187
0.30852664 , 0.8267621 , 0.4575508
0.3238712 , -0.8183096 , 0.46606025
0.32722825 , -0.26773822 , 0.46213663
0.31639507 , 0.3377169 , 0.4585725
0.30873296 , 1.0079361 , 0.45465022
0.3270011 , -0.6797587 , 0.4633131
0.32583034 , -0.11455336 , 0.45943168
0.3142904 , 0.505053 , 0.455611
0.31165618 , -1.0567989 , 0.46396267
0.32888415 , -0.5373286 , 0.46047994
0.323971 , 0.041750938 , 0.45666796
0.31265187 , 0.67700315 , 0.4524799
0.31841356 , -0.92442864 , 0.46221304
0.32961637 , -0.39100245 , 0.457667
0.3218635 , 0.20129026 , 0.4538149
0.31176868 , 0.8543111 , 0.4491965
0.32347232 , -0.79194754 , 0.45951098
0.32937604 , -0.24115352 , 0.45485562
0.3197123 , 0.36432427 , 0.4508404
0.3119697 , 1.0374162 , 0.44588938
0.32730764 , -0.6549724 , 0.4564698
0.32838333 , -0.08805552 , 0.45200357
0.3177197 , 0.5312941 , 0.44770643
0.3090319 , -1.0287482 , 0.45812967
0.3298575 , -0.5128791 , 0.45345885
0.32686463 , 0.06819471 , 0.4490724
0.31610206 , 0.70289606 , 0.44436398
0.31670347 , -0.90161306 , 0.45617604
0.33117408 , -0.36643037 , 0.45048785
0.3250387 , 0.22766559 , 0.44603014
0.3151277 , 0.8801716 , 0.440766
0.32267848 , -0.7714767 , 0.4529767
0.3314401 , -0.21630807 , 0.44749305
0.32311395 , 0.39057875 , 0.44284824
0.3151794 , 1.0643836 , 0.4369668
0.32737902 , -0.6344398 , 0.44968885
0.33088303 , -0.06290377 , 0.44442058
0.32129067 , 0.55732274 , 0.43949538
0.31670552 , 1.2559205 , 0.43337038
0.33064973 , -0.49162325 , 0.44648907
0.32973644 , 0.09363597 , 0.441231
0.3197678 , 0.72851366 , 0.43592608
0.31419754 , -0.8883135 , 0.45034918
0.3325834 , -0.3443587 , 0.4432704
0.32822615 , 0.25335592 , 0.43789458
0.31876153 , 0.90515184 , 0.4320614
0.32154813 , -0.7574319 , 0.4466197
0.33338696 , -0.19344762 , 0.43996343
0.32656837 , 0.41646266 , 0.43437663
0.3185718 , 1.0889617 , 0.42777476
0.3271929 , -0.6183953 , 0.44306278
0.33329317 , -0.039326176 , 0.43655494
0.32496563 , 0.5833009 , 0.43064234
0.31981117 , 1.2825345 , 0.423194
0.3312268 , -0.4737675 , 0.43936133
0.33255807 , 0.117899805 , 0.43297106
0.32363006 , 0.75443727 , 0.4265635
0.29393098 , -1.5229391 , 0.60964155
0.28264108 , -1.8590891 , 0.56298846
0.28445432 , -1.5634416 , 0.52952117
0.29492632 , -1.1252953 , 0.48767263
0.2885709 , -1.6950774 , 0.59078664
0.2812678 , -1.8345404 , 0.5558175
0.28633818 , -1.4619098 , 0.51999503
0.2960885 , -1.0550281 , 0.47793093
0.28496388 , -1.80582 , 0.57955265
0.2808166 , -1.781789 , 0.548191
0.2885712 , -1.3582133 , 0.5100139
0.29602262 , -1.0103662 , 0.46983954
0.28235546 , -1.86798 , 0.5713695
0.28126848 , -1.70642 , 0.5399615
0.2907835 , -1.2583206 , 0.49974772
0.28761822 , -1.4743978 , 0.614975
0.2804722 , -1.8888192 , 0.5641985
0.28253135 , -1.6146076 , 0.5311069
0.29250923 , -1.1680188 , 0.48946318
0.28362778 , -1.670784 , 0.593462
0.27931765 , -1.8735383 , 0.557071
0.28442037 , -1.5128473 , 0.5216761
0.2931758 , -1.0933487 , 0.47961366
0.28146267 , -1.8019203 , 0.58121866
0.2789705 , -1.8272853 , 0.5495377
0.28664958 , -1.407649 , 0.5117711
0.2922283 , -1.042218 , 0.47114128
0.2798089 , -1.8810033 , 0.5726613
0.27946922 , -1.7559098 , 0.5414181
0.2888217 , -1.3053015 , 0.5015524
0.2785683 , -1.4116691 , 0.62099624
0.278448 , -1.9154708 , 0.56539595
0.28076115 , -1.6659355 , 0.53267276
0.29039222 , -1.2117985 , 0.4912702
0.27777916 , -1.6365528 , 0.59636825
0.27754614 , -1.9106044 , 0.55830294
0.28268483 , -1.5642457 , 0.5233412
0.29054916 , -1.133121 , 0.48134473
0.27800757 , -1.7908559 , 0.58295697
0.27730787 , -1.8717307 , 0.5508606
0.2849643 , -1.4577438 , 0.5135176
0.28787535 , -1.0764277 , 0.4726076
0.27755907 , -1.888932 , 0.573967
0.27785334 , -1.805007 , 0.5428515
0.28719896 , -1.3530877 , 0.5033539
0.26445118 , -1.3315283 , 0.63070285
0.27674216 , -1.9386487 , 0.56658334
0.27918136 , -1.7173467 , 0.5342178
0.28882244 , -1.2565571 , 0.49308687
0.2720294 , -1.5909581 , 0.59944344
0.27606145 , -1.9454606 , 0.55951476
0.2811635 , -1.6160549 , 0.52498853
0.28893852 , -1.1742165 , 0.48311293
0.2753866 , -1.77174 , 0.5847831
0.27589735 , -1.914931 , 0.55216
0.28354758 , -1.5084617 , 0.51525044
0.28548813 , -1.1128234 , 0.47420886
0.27600664 , -1.8911554 , 0.57529604
0.2764653 , -1.8535793 , 0.54426163
0.28595874 , -1.4016364 , 0.50514704
0.28334343 , -1.1045754 , 0.4699469
0.29505292 , -1.571984 , 0.5894274
0.2768799 , -2.3134434 , 0.55491906
0.2848008 , -1.919304 , 0.5190663
0.29966542 , -1.4860016 , 0.47803667
0.35644802 , -1.1516746 , 0.59377366
0.32564428 , -1.3806955 , 0.5878116
0.37191728 , -1.1062427 , 0.5835661
0.3575308 , -1.3402349 , 0.57840896
0.33844024 , -1.5284971 , 0.57827544
0.31740975 , -1.6627617 , 0.5812488
0.35826102 , -1.5830004 , 0.57812977
0.33892202 , -1.7274985 , 0.5789144
0.32166308 , -1.8279746 , 0.5805908
0.30603027 , -1.8873466 , 0.58269453
0.2937817 , -1.9106561 , 0.5846979
0.31919307 , -2.0355847 , 0.5839896
0.30465052 , -2.0600863 , 0.5843018
0.29275241 , -2.0567398 , 0.5845479
0.28351775 , -2.0297468 , 0.5845712
0.27783602 , -1.983256 , 0.5842567
0.28831148 , -2.2143037 , 0.58447886
0.27969638 , -2.1625247 , 0.58322227
0.2732253 , -2.0963957 , 0.5817752
0.2691063 , -2.018676 , 0.5800901
0.27469018 , -2.2877045 , 0.58047813
0.26904026 , -2.201902 , 0.5781536
0.26492795 , -2.1084054 , 0.5756964
0.26245943 , -2.009002 , 0.57307416
0.2618008 , -1.9053158 , 0.5702685
0.26224667 , -2.1811812 , 0.56992877
0.26005083 , -2.0709333 , 0.56678915
0.25895432 , -1.9587823 , 0.563547
0.2590521 , -1.8457253 , 0.5601858
0.260496 , -1.732637 , 0.5566965
0.25925303 , -1.9949024 , 0.55577046
0.25918978 , -1.8776671 , 0.5521514
0.25979322 , -1.7617846 , 0.54846764
0.2611958 , -1.6477045 , 0.5447022
0.26257977 , -1.894938 , 0.5433753
0.26322204 , -1.7789173 , 0.53960174
0.2640925 , -1.6655433 , 0.53581476
0.2651741 , -1.5549154 , 0.5319824
0.26673838 , -1.4471579 , 0.5280619
0.27059504 , -1.6786053 , 0.52669054
0.2715775 , -1.57179 , 0.5230594
0.2722282 , -1.4677265 , 0.51940906
0.27259773 , -1.3664064 , 0.5156441
0.27317682 , -1.2681758 , 0.5116513
0.28129113 , -1.4980069 , 0.5112492
0.28159323 , -1.4021704 , 0.50813127
0.2811163 , -1.3081409 , 0.50485516
0.27970147 , -1.2167324 , 0.50122774
0.29101515 , -1.4625798 , 0.5014712
0.2913528 , -1.3757042 , 0.49923638
0.29057455 , -1.290155 , 0.4970793
0.2890936 , -1.2070282 , 0.49505034
0.20177008 , -1.16066 , 0.6867976
0.2084306 , -0.8204014 , 0.66771644
0.21510717 , -1.08877 , 0.6517233
0.22315107 , -1.3271177 , 0.6361785
0.23012112 , -1.5154898 , 0.61970747
0.23640293 , -1.6448487 , 0.603273
0.22674358 , -1.5434895 , 0.60629636
0.23617339 , -1.691811 , 0.5957984
0.24439426 , -1.7939283 , 0.5854994
0.25091076 , -1.8530456 , 0.5759837
0.24142149 , -1.9215844 , 0.5742581
0.24848811 , -1.9837384 , 0.56773627
0.25523967 , -2.0123463 , 0.56153613
0.26096216 , -2.0117435 , 0.55578
0.26673368 , -1.9865745 , 0.5505871
0.2612 , -2.1924055 , 0.5481648
0.26585776 , -2.1626296 , 0.5441811
0.27009442 , -2.1145115 , 0.54038376
0.2742843 , -2.0512514 , 0.53681093
0.27919337 , -1.9758375 , 0.5334666
0.27638936 , -2.2390637 , 0.531136
0.27913678 , -2.1566803 , 0.5282286
0.28191468 , -2.0659575 , 0.5253775
0.28511822 , -1.9688385 , 0.52259064
0.28651863 , -2.2462823 , 0.52048296
0.28803563 , -2.1417437 , 0.51790065
0.2895843 , -2.0336769 , 0.51528335
0.2913997 , -1.9232994 , 0.5126429
0.29378006 , -1.8117008 , 0.50997776
0.29658213 , -2.0800316 , 0.5083529
0.29708752 , -1.9633504 , 0.5057085
0.29771432 , -1.847167 , 0.5029935
0.29866356 , -1.7320865 , 0.5002124
0.3002485 , -1.6186247 , 0.4973647
0.30400994 , -1.8680335 , 0.49606723
0.30364245 , -1.75223 , 0.49314925
0.3033425 , -1.6389052 , 0.4901521
0.3033302 , -1.528242 , 0.4870879
0.30954924 , -1.763708 , 0.4859531
0.308442 , -1.6531914 , 0.4827392
0.30719802 , -1.5455892 , 0.47946608
0.3058262 , -1.4408244 , 0.4761811
0.3045492 , -1.3390238 , 0.47294104
0.31090057 , -1.567496 , 0.47151488
0.30916682 , -1.4681922 , 0.4679396
0.3069574 , -1.370944 , 0.46448973
0.30408648 , -1.2760607 , 0.46131614
0.3001109 , -1.1845775 , 0.45854452
0.3081459 , -1.4247984 , 0.45601717
0.3054274 , -1.3357936 , 0.45270577
0.30155906 , -1.2483988 , 0.449877
0.29541156 , -1.164065 , 0.44791883
0.30542454 , -1.4261271 , 0.44689262
0.2041671 , -0.34983984 , 0.57115257
0.20327088 , -0.30820745 , 0.57456523
0.22059065 , 0.016754579 , 0.5824445
0.2198652 , 0.055755883 , 0.5845627
0.21909009 , 0.09305806 , 0.58659685
0.21872851 , 0.12882367 , 0.588154
0.21877377 , 0.1631243 , 0.58919156
0.21934876 , 0.1959494 , 0.58963275
0.2203149 , 0.22728306 , 0.58958954
0.22164287 , 0.257116 , 0.5891075
0.22324365 , 0.28544816 , 0.5882637
0.22505946 , 0.31228566 , 0.58711237
0.22703137 , 0.33763805 , 0.58570933
0.22909641 , 0.36151809 , 0.58410084
0.22789879 , 0.6874557 , 0.58445317
0.2295314 , 0.70851874 , 0.5826078
0.2313548 , 0.7284663 , 0.5805475
0.23332871 , 0.7473248 , 0.57831156
0.2354142 , 0.7651183 , 0.5759251
0.23758195 , 0.7818685 , 0.5734167
0.2398062 , 0.7975965 , 0.5708015
0.2420665 , 0.8123224 , 0.5680977
0.24434611 , 0.82606596 , 0.5653125
0.24663022 , 0.8388465 , 0.5624568
0.24890618 , 0.8506831 , 0.55953336
0.2511601 , 0.8615943 , 0.55654997
0.24781805 , 1.2058611 , 0.5538469
0.25012875 , 1.216621 , 0.5506669
0.2524899 , 1.2266799 , 0.54740405
0.25489068 , 1.2360506 , 0.544057
0.25732216 , 1.2447454 , 0.5406342
0.25978127 , 1.2527748 , 0.53712636
0.26226148 , 1.2601488 , 0.53354174
0.26475972 , 1.2668757 , 0.5298692
0.26726624 , 1.272963 , 0.5261227
0.2697663 , 1.278415 , 0.52229893
0.27224267 , 1.2832321 , 0.51842225
0.27466297 , 1.2874088 , 0.51450115
0.27300847 , 1.6588494 , 0.5094159
0.27573413 , 1.664307 , 0.5052177
0.27843532 , 1.66933 , 0.5009101
0.28121194 , 1.6739445 , 0.49662918
0.28395897 , 1.6781818 , 0.49225447
0.286749 , 1.6820369 , 0.48791426
0.2894988 , 1.6854433 , 0.48349544
0.27619058 , -0.29423118 , 0.5356393
0.27327153 , -0.24931313 , 0.538669
0.27046263 , -0.20691834 , 0.5420205
0.26936147 , -0.16597354 , 0.5440418
0.26879522 , -0.12630038 , 0.5456359
0.27849984 , 0.19700888 , 0.5430155
0.2763285 , 0.2309082 , 0.54451466
0.27471694 , 0.26342547 , 0.5454897
0.27374646 , 0.2945266 , 0.54579484
0.27322713 , 0.32419798 , 0.5456489
0.27312422 , 0.35244092 , 0.5450204
0.27338248 , 0.37926602 , 0.5440102
0.27393892 , 0.4046888 , 0.5426373
0.27475908 , 0.4287268 , 0.5409733
0.27578494 , 0.45139912 , 0.53904694
0.27699128 , 0.4727249 , 0.5369099
0.27833775 , 0.49272224 , 0.53458345
0.27437755 , 0.82184786 , 0.52985024
0.27555406 , 0.83980364 , 0.5274467
0.27688456 , 0.85675627 , 0.52486515
0.2783373 , 0.8727334 , 0.5221312
0.27988803 , 0.88775784 , 0.5192596
0.28152075 , 0.90185046 , 0.51626784
0.28322425 , 0.9150306 , 0.5131636
0.28499168 , 0.9273172 , 0.5099575
0.2868198 , 0.93872845 , 0.50665164
0.28870752 , 0.9492824 , 0.5032523
0.29065803 , 0.9589964 , 0.49975798
0.29267445 , 0.96788704 , 0.49617434
0.2890792 , 1.3181329 , 0.490892
0.291251 , 1.3272922 , 0.48718676
0.29345086 , 1.3358164 , 0.48338065
0.29567942 , 1.3437171 , 0.4794624
0.29794464 , 1.3510044 , 0.47544685
0.30024475 , 1.3576871 , 0.47131568
0.30258682 , 1.363773 , 0.46708968
0.30495507 , 1.3692672 , 0.4627538
0.30735427 , 1.3741714 , 0.45833924
0.30975106 , 1.3784826 , 0.4538354
0.31215492 , 1.3821878 , 0.44927648
0.31451747 , 1.3852553 , 0.44464716
0.31393376 , 1.7634224 , 0.43881294
0.31690007 , 1.7680895 , 0.43422443
0.3198336 , 1.77246 , 0.42954904
0.3226708 , 1.7765219 , 0.42491624
0.25344962 , 0.0082769655 , 0.5580591
0.3420237 , 0.31646672 , 0.2750662
0.30381185 , -0.78740066 , 0.28166974
0.26443183 , -1.7240468 , 0.28757986
0.358462 , 1.2310418 , 0.2704486
0.33197534 , 0.026066545 , 0.27185866
0.2943775 , -1.0391593 , 0.2787136
0.25592276 , -1.954731 , 0.28356093
0.35630238 , 0.9166912 , 0.26616162
0.32213527 , -0.25724086 , 0.26890615
0.2854493 , -1.2854415 , 0.27559924
0.24821548 , -2.186958 , 0.279349
0.348503 , 0.60871506 , 0.26217672
0.31274638 , -0.5329743 , 0.26614007
0.2769868 , -1.5275326 , 0.27226958
0.24207708 , -2.422038 , 0.27499443
0.33909026 , 0.30667531 , 0.2585225
0.30390152 , -0.8008566 , 0.26345935
0.26896733 , -1.7669669 , 0.26870295
0.35655782 , 1.1738648 , 0.25625384
0.32958403 , 0.010742672 , 0.25521013
0.29560205 , -1.0610821 , 0.26074046
0.26142412 , -2.0053246 , 0.26491413
0.35508046 , 0.8608687 , 0.25190914
0.3205046 , -0.2783498 , 0.25224078
0.2877979 , -1.3144614 , 0.25786832
0.25451988 , -2.2440388 , 0.26094714
0.34703293 , 0.5543792 , 0.24775417
0.31203535 , -0.5595835 , 0.2495621
0.28042546 , -1.5623523 , 0.25476742
0.24880676 , -2.484275 , 0.25686792
0.33754784 , 0.25320342 , 0.24390721
0.3042077 , -0.8321378 , 0.24705176
0.2734387 , -1.8064132 , 0.2514174
0.24616365 , -2.7269013 , 0.25275806
0.3282945 , -0.042641528 , 0.24045509
0.29696658 , -1.0958526 , 0.24454653
0.26683474 , -2.0482886 , 0.2478494
0.3566837 , 0.7436332 , 0.23978166
0.31974304 , -0.3320547 , 0.2374523
0.29021835 , -1.3514307 , 0.24189484
0.2606992 , -2.2893503 , 0.24412917
0.34792167 , 0.4452905 , 0.23534562
0.31200588 , -0.6133801 , 0.2348555
0.28386915 , -1.6003027 , 0.23900175
0.25538042 , -2.5305626 , 0.24034111
0.33793497 , 0.15112716 , 0.23122266
0.30503634 , -0.88520426 , 0.23251157
0.2778467 , -1.8442647 , 0.2358474
0.25228065 , -2.772489 , 0.23658311
0.3285962 , -0.1388503 , 0.22758728
0.2987068 , -1.1470196 , 0.23021287
0.2721107 , -2.0850465 , 0.23248106
0.36186996 , 0.5606026 , 0.2297969
0.32030153 , -0.42295098 , 0.22454467
0.2938242 , -2.4689825 , 0.19190478
0.5021742 , -3.1535254 , 0.17078973
0.38823348 , -2.6219656 , 0.18208404
0.3269056 , -2.4500804 , 0.19138134
0.2848984 , -2.5023003 , 0.19425122
0.47290266 , -3.1347923 , 0.17129545
0.37503895 , -2.6372778 , 0.18670525
0.31692374 , -2.4706235 , 0.19548889
0.2741944 , -2.5257306 , 0.19635698
0.4506021 , -3.1083217 , 0.17753457
0.36240643 , -2.6428227 , 0.19209957
0.30658904 , -2.4783583 , 0.19991912
0.23595917 , -0.88151085 , 0.6276439
0.300616 , -0.9125589 , 0.5715255
0.2973823 , -0.83279383 , 0.55562747
0.28257766 , -0.80467325 , 0.5421598
0.26655445 , -0.8954511 , 0.5964955
0.30223247 , -0.86390066 , 0.5625578
0.29441285 , -0.8340969 , 0.54971385
0.27924395 , -0.8088448 , 0.535979
0.2843232 , -0.8649706 , 0.57701766
0.30209267 , -0.83502895 , 0.5550007
0.29110163 , -0.84709275 , 0.5437691
0.27644497 , -0.80671054 , 0.5292667
0.29443496 , -0.82609975 , 0.56348455
0.30073142 , -0.8254972 , 0.5483181
0.2876252 , -0.86780715 , 0.5377101
0.27463073 , -0.7954384 , 0.5229153
0.29983306 , -0.7942751 , 0.55324984
0.2985156 , -0.833392 , 0.54210216
0.2841875 , -0.89203817 , 0.5314254
0.26244888 , -0.59743124 , 0.57603097
0.30220747 , -0.7765657 , 0.5450216
0.29571095 , -0.8558765 , 0.53608155
0.28109556 , -0.91540813 , 0.5248129
0.28131193 , -0.6305353 , 0.55772007
0.28473887 , -0.9352441 , 0.52453005
0.26401365 , -0.45134673 , 0.5649246
0.3023086 , -0.7286616 , 0.53570694
0.29609182 , -0.8665485 , 0.52807087
0.28183714 , -0.9682889 , 0.5178415
0.28190842 , -0.5105767 , 0.5480731
0.30277985 , -0.74390817 , 0.5289684
0.2929675 , -0.91129786 , 0.52209127
0.28004667 , -0.99765104 , 0.5111462
0.29306692 , -0.54768217 , 0.5353579
0.3018525 , -0.77479315 , 0.5228556
0.28968588 , -0.96295816 , 0.51593775
0.2800321 , -1.0247402 , 0.5051603
0.29942554 , -0.58012307 , 0.5256841
0.29996228 , -0.8201743 , 0.51703787
0.28651866 , -1.0178559 , 0.50953865
0.26614732 , -0.13357288 , 0.5451391
0.3025244 , -0.6180386 , 0.5179108
0.2974203 , -0.8778662 , 0.51128435
0.28389847 , -1.0727986 , 0.50295866
0.28287145 , -0.24516551 , 0.5308994
0.3034235 , -0.666323 , 0.5112625
0.29447526 , -0.94505197 , 0.5054351
0.28247944 , -1.1264403 , 0.4965351
0.29359692 , -0.33487344 , 0.51876086
0.3028211 , -0.7266673 , 0.50523734
0.29136807 , -1.0186087 , 0.4993912
0.28296533 , -1.1806905 , 0.4907277
0.30000058 , -0.41440198 , 0.50892687
0.30118668 , -0.79880637 , 0.49950078
0.2883989 , -1.0954967 , 0.49313596
0.27083954 , 0.1783958 , 0.525398
0.3033144 , -0.49321228 , 0.50087357
0.29885587 , -0.88126385 , 0.49382532
0.28600368 , -1.1734648 , 0.4868004
0.28648984 , 0.024000218 , 0.5135042
0.30445597 , -0.5771031 , 0.4939924
0.35588825 , 1.1204826 , 0.40316916
0.3325775 , -0.07980447 , 0.39367038
0.31203207 , -1.0657296 , 0.3853281
0.29641968 , -1.8831342 , 0.38104016
0.35652974 , 0.8203669 , 0.39618933
0.3288555 , -0.33792558 , 0.38710466
0.30849645 , -1.2883556 , 0.37975672
0.294816 , -2.0952017 , 0.3766641
0.35305932 , 0.52629876 , 0.38946107
0.32501706 , -0.58963335 , 0.38078377
0.30492884 , -1.5094945 , 0.37449595
0.2954491 , -2.3124712 , 0.37265223
0.34820023 , 0.23883197 , 0.38291642
0.32104394 , -0.8355204 , 0.37472165
0.30145535 , -1.7304403 , 0.36956963
0.377211 , 1.1688021 , 0.384143
0.34306717 , -0.041668616 , 0.37652004
0.31692818 , -1.0763358 , 0.36894062
0.2982502 , -1.9526411 , 0.36499286
0.3756586 , 0.85923386 , 0.37744626
0.33798817 , -0.31500378 , 0.3702634
0.31270206 , -1.3130636 , 0.36347175
0.29568842 , -2.1775675 , 0.36077046
0.36980778 , 0.5558009 , 0.3711389
0.3329749 , -0.5811235 , 0.36416218
0.3084317 , -1.5469568 , 0.35834372
0.29486072 , -2.406587 , 0.3569047
0.36281598 , 0.25863308 , 0.36506876
0.32794985 , -0.84020334 , 0.35825872
0.30420136 , -1.7794721 , 0.3535724
0.40253866 , 1.1610732 , 0.3647982
0.35584536 , -0.03191358 , 0.35912088
0.32285333 , -1.0927783 , 0.35261452
0.30012318 , -2.012132 , 0.34915724
0.39842433 , 0.84786654 , 0.35837558
0.3491672 , -0.31529462 , 0.35323495
0.31767768 , -1.3398253 , 0.3472914
0.296446 , -2.246372 , 0.34508827
0.38975412 , 0.54090655 , 0.3525068
0.34272134 , -0.5909379 , 0.3474151
0.31245673 , -1.5827128 , 0.34233075
0.2939858 , -2.4834294 , 0.34136108
0.38029 , 0.23974499 , 0.34694514
0.33636844 , -0.858539 , 0.3417266
0.30724 , -1.8230247 , 0.3377426
0.4324139 , 1.090821 , 0.34500533
0.37120566 , -0.055335067 , 0.34148407
0.33000407 , -1.1183486 , 0.33626962
0.3020839 , -2.0623333 , 0.3335101
0.42535213 , 0.78052604 , 0.33889547
0.3626651 , -0.34343225 , 0.3360057
0.32358983 , -1.3712846 , 0.33113882
0.29711577 , -2.302008 , 0.32960582
0.41333553 , 0.47631544 , 0.33352602
0.35450917 , -0.62340295 , 0.33050215
0.3171357 , -1.6188062 , 0.3263902
0.29286104 , -2.5431104 , 0.32601547
0.40099975 , 0.17710079 , 0.32852936
0.3465319 , -0.8944179 , 0.325065
0.31066528 , -1.8626176 , 0.32202896
0.46737322 , 0.9530975 , 0.32466462
0.38948536 , -0.11684383 , 0.3235939
0.33859044 , -1.1564237 , 0.319835
0.30418956 , -2.1043353 , 0.31801876
0.45700186 , 0.6527057 , 0.3189456
0.37878552 , -0.40413138 , 0.31854516
0.33062342 , -1.4102778 , 0.31494054
0.29772836 , -2.345233 , 0.31430814
0.4410182 , 0.35772195 , 0.31416515
0.36861128 , -0.68293774 , 0.31337485
0.32262278 , -1.6575397 , 0.3104533
0.2915218 , -2.5861325 , 0.3108651
0.42535186 , 0.066432975 , 0.30980474
0.35868654 , -0.9518715 , 0.3082123
0.31459293 , -1.9000554 , 0.30637455
0.28706688 , -2.8274467 , 0.3077162
0.41104755 , -0.22070876 , 0.30543014
0.3488374 , -1.2105947 , 0.30324325
0.3065128 , -2.139512 , 0.30264652
0.49402153 , 0.45898432 , 0.29837644
0.39784893 , -0.5015931 , 0.30081803
0.33898407 , -1.4599344 , 0.2986275
0.2983184 , -2.3770914 , 0.29918393
0.4733296 , 0.18020585 , 0.2943221
0.38530773 , -0.7735648 , 0.2959841
0.32909963 , -1.7015687 , 0.2944523
0.28999555 , -2.6133149 , 0.29592228
0.45380384 , -0.096930206 , 0.29069427
0.37308142 , -1.0346649 , 0.2911145
0.31916955 , -1.9375135 , 0.2907193
0.28234902 , -2.848119 , 0.29287842
0.4362951 , -0.37143943 , 0.28691673
0.36097485 , -1.2843405 , 0.286442
0.30915192 , -2.1695824 , 0.28735295
0.53711945 , 0.19531733 , 0.27705127
0.4201996 , -0.6401182 , 0.2827405
0.34889007 , -1.5234375 , 0.28215042
0.298931 , -2.3989277 , 0.2842277
0.5108253 , -0.06011627 , 0.2738881
0.40488872 , -0.8993095 , 0.2782467
0.33677235 , -1.7537533 , 0.27833858
0.28829738 , -2.6257677 , 0.28122336
0.48683572 , -0.31688038 , 0.2710976
0.38996905 , -1.1465412 , 0.27370262
0.32457763 , -1.9774673 , 0.2750162
0.27735442 , -2.849423 , 0.27831522
0.46564385 , -0.57291305 , 0.26794037
0.37523586 , -1.3811718 , 0.2693832
0.31224403 , -2.196575 , 0.27210477
0.58716565 , -0.14342347 , 0.25469655
0.44617975 , -0.8234303 , 0.26418874
0.36056843 , -1.6041163 , 0.2654805
0.2996352 , -2.412333 , 0.26944503
0.5541404 , -0.36790824 , 0.252639
0.4276329 , -1.0636547 , 0.26005226
0.34586796 , -1.817243 , 0.26209584
0.28643087 , -2.6247838 , 0.2668392
0.5249812 , -0.59787315 , 0.2508059
0.40958893 , -1.2907822 , 0.2559004
0.3310393 , -2.022812 , 0.25925314
0.27214122 , -2.8325784 , 0.2641653
0.49953505 , -0.82933223 , 0.24827719
0.39184278 , -1.5042734 , 0.252033
0.31598303 , -2.2229838 , 0.25689515
0.6452231 , -0.5610328 , 0.23097381
0.47613013 , -1.0553174 , 0.24494255
0.37423936 , -1.7051507 , 0.24862663
0.30055368 , -2.4192703 , 0.25486127
0.6039618 , -0.74687064 , 0.23027469
0.4538066 , -1.2699631 , 0.24122679
0.3566163 , -1.8952525 , 0.24577104
0.28440988 , -2.6118433 , 0.25287995
0.56879234 , -0.94367284 , 0.229508
0.43216878 , -1.470488 , 0.23760483
0.33880186 , -2.0767474 , 0.24350204
0.2666941 , -2.7988899 , 0.25066257
0.5383895 , -1.1442572 , 0.22758228
0.41100684 , -1.6566732 , 0.23436539
0.32062462 , -2.2518067 , 0.24180223
0.71281964 , -1.062763 , 0.20524472
0.5103457 , -1.3388498 , 0.22468442
0.39011043 , -1.8296403 , 0.23164424
0.30190137 , -2.4222193 , 0.24056211
0.66111493 , -1.2017728 , 0.20623523
0.48363423 , -1.5208824 , 0.22154932
0.369235 , -1.9910538 , 0.22950545
0.2823151 , -2.5886772 , 0.2395025
0.61887175 , -1.3588126 , 0.20663542
0.4579053 , -1.6881465 , 0.21871458
0.34811297 , -2.1427658 , 0.22798295
0.2609263 , -2.749566 , 0.23814335
0.5825972 , -1.5215292 , 0.20526755
0.4329132 , -1.8409121 , 0.21640521
0.3264669 , -2.2866623 , 0.22709037
0.79246753 , -1.6532723 , 0.17645814
0.549063 , -1.6769373 , 0.20294443
0.40836173 , -1.9803101 , 0.21469688
0.3040123 , -2.4245372 , 0.22679982
0.7265566 , -1.736891 , 0.17961472
0.51729745 , -1.8187556 , 0.20075801
0.38390902 , -2.1076682 , 0.21361613
0.2803989 , -2.5577135 , 0.22694741
0.67579025 , -1.8473758 , 0.18124281
0.48696643 , -1.9459598 , 0.19918832
0.35918412 , -2.2243135 , 0.21317191
0.25478917 , -2.6857815 , 0.22701202
0.6323991 , -1.9641079 , 0.18043613
0.45772135 , -2.0592663 , 0.19834293
0.33379042 , -2.3315315 , 0.21336767
0.22397201 , -2.803779 , 0.22603573
0.59238297 , -2.0714066 , 0.17917503
0.42914653 , -2.1596205 , 0.19822091
0.30729383 , -2.4306028 , 0.21420999
0.8015518 , -2.3585718 , 0.14862742
0.55488986 , -2.165075 , 0.17874701
0.40079144 , -2.247844 , 0.19878462
0.27917498 , -2.522862 , 0.21569619
0.7400394 , -2.4144697 , 0.15153849
0.51945347 , -2.2455204 , 0.17937712
0.3721814 , -2.3245826 , 0.19997719
0.24856524 , -2.6093864 , 0.21762456
0.6877913 , -2.4744358 , 0.15176496
0.4855379 , -2.3135514 , 0.18098892
0.342808 , -2.3903174 , 0.20173669
0.21228994 , -2.6881955 , 0.21882993
0.6402468 , -2.5232048 , 0.15318546
0.4525799 , -2.3696578 , 0.18341973
0.31209558 , -2.4454026 , 0.20401712
0.8875891 , -3.0756402 , 0.10889065
0.5963919 , -2.5605607 , 0.15652652
0.4200098 , -2.413992 , 0.18647252
0.27930856 , -2.4901605 , 0.2068256
0.81146735 , -3.0664816 , 0.11352899
0.5553793 , -2.587599 , 0.16135703
0.38724673 , -2.4464164 , 0.18995774
0.24324183 , -2.525191 , 0.21029915
0.7481882 , -3.0544672 , 0.119275376
0.5164167 , -2.6046827 , 0.16706319
0.353679 , -2.46653 , 0.19373195
0.20062013 , -2.5519192 , 0.21453623
0.6923219 , -3.0336723 , 0.12935719
0.47875887 , -2.611567 , 0.17309114
0.31861958 , -2.4736419 , 0.1976954
0.31353942 , -0.59918594 , 0.57493806
0.33994982 , 1.0857706 , 0.41327152
0.39947978 , 1.1426812 , 0.2952637
0.6037386 , -1.2104006 , 0.20345598
0.31918085 , -0.09642069 , 0.5275783
0.34728464 , 1.3059084 , 0.38216466
0.43041337 , 0.8239967 , 0.27170902
0.69633734 , -2.1732569 , 0.17857939
0.3247117 , 0.36732504 , 0.48798507
0.35775802 , 1.4158468 , 0.3528331
0.47193795 , 0.3519947 , 0.249709
0.82291913 , -3.3232074 , 0.14208473
0.3301733 , 0.77512074 , 0.4522669
0.37295303 , 1.3997186 , 0.32535127
0.5263793 , -0.27937147 , 0.22878379
0.30487704 , -0.63951653 , 0.5851665
0.3360788 , 1.1087216 , 0.41893396
0.3946042 , 1.2455814 , 0.2997064
0.5965851 , -1.0729966 , 0.20769401
0.3119445 , -0.12519151 , 0.53522974
0.34344402 , 1.348876 , 0.38749343
0.42462704 , 0.94140166 , 0.27585596
0.6868288 , -2.0365138 , 0.1838303
0.31900886 , 0.35193977 , 0.49472633
0.35361186 , 1.4794065 , 0.35797757
0.4649794 , 0.48078147 , 0.2537949
0.80616957 , -3.1888232 , 0.15089118
0.32551143 , 0.77597654 , 0.45823994
0.36820853 , 1.4829308 , 0.32999703
0.5178031 , -0.1435653 , 0.23254567
0.29329273 , -0.67778987 , 0.59658957
0.33190298 , 1.1283692 , 0.42478445
0.388979 , 1.3472553 , 0.30432808
0.58530223 , -0.9338009 , 0.21201491
0.30335948 , -0.15427804 , 0.54333544
0.3392898 , 1.3885227 , 0.3929442
0.41784942 , 1.0584745 , 0.28011954
0.6698528 , -1.8980081 , 0.18882285
0.31288326 , 0.3345996 , 0.5010102
0.34908658 , 1.5400732 , 0.36263132
0.45668355 , 0.61031616 , 0.25721946
0.7717875 , -3.0519166 , 0.15761915
0.32070598 , 0.77391976 , 0.4657262
0.3629852 , 1.5637876 , 0.33609986
0.507419 , -0.006299439 , 0.23809293
0.2766642 , -0.7142665 , 0.6053694
0.3276077 , 1.1447388 , 0.42852136
0.35185745 , 1.424306 , 0.3770154
0.30440262 , 0.92941725 , 0.45925462
0.33335176 , 1.2725424 , 0.4101225
0.36692646 , 1.5944079 , 0.34745514
0.31578854 , 1.1103975 , 0.4390553
0.34765813 , 1.4468979 , 0.38449013
0.382985 , 1.7649053 , 0.31293473
0.32914612 , 1.291556 , 0.41669688
0.36268216 , 1.6189504 , 0.35578296
0.31172088 , 1.1255505 , 0.444773
0.34344545 , 1.4685696 , 0.39177927
0.37863562 , 1.7908502 , 0.32292706
0.32495502 , 1.3097289 , 0.42309037
0.35841793 , 1.6425867 , 0.36387938
0.30775663 , 1.1401113 , 0.45024186
0.33923882 , 1.4894179 , 0.39887944
0.37426344 , 1.8158917 , 0.33229807
0.32079762 , 1.3271748 , 0.4293041
0.35415038 , 1.6653918 , 0.37176588
0.30395973 , 1.1543359 , 0.45532566
0.33505788 , 1.509544 , 0.40578502
0.3698837 , 1.8401012 , 0.34123123
0.3166921 , 1.3440028 , 0.43534142
0.34989712 , 1.687454 , 0.37945074
0.30045137 , 1.1686169 , 0.45967427
0.3309227 , 1.5290668 , 0.41248974
0.36551085 , 1.8635501 , 0.3498418
0.31265905 , 1.3603501 , 0.44120577
0.34567574 , 1.7088656 , 0.38693365
0.38215977 , 2.0397117 , 0.31578228
0.32685316 , 1.5481036 , 0.41898856
0.36115992 , 1.8863186 , 0.35819364
0.30872193 , 1.3763611 , 0.4468926
0.34150353 , 1.7297349 , 0.39420846
0.37763175 , 2.063428 , 0.3255814
0.3228708 , 1.5667986 , 0.42527974
0.3568459 , 1.9084891 , 0.36631817
0.30492246 , 1.3922917 , 0.45235527
0.33739552 , 1.7501649 , 0.40126505
0.3731404 , 2.0865211 , 0.3348316
0.31899467 , 1.5852878 , 0.4313653
0.35258213 , 1.9301597 , 0.37422717
0.30141813 , 1.4086087 , 0.45733207
0.33336115 , 1.7702794 , 0.40809032
0.36870044 , 2.109064 , 0.34371534
0.3152806 , 1.603784 , 0.43724757
0.3483752 , 1.9514197 , 0.38192007
0.29825744 , 1.4266013 , 0.4598633
0.32939908 , 1.790177 , 0.41466916
0.36432725 , 2.1311471 , 0.3523233
0.30730093 , -0.91189945 , 0.3981453
0.32110587 , -0.7813866 , 0.33448797
0.3357281 , -0.647914 , 0.26933452
0.31480283 , -0.8312851 , 0.36949956
0.3291239 , -0.6939834 , 0.3062065
0.30987734 , -0.8755121 , 0.40571576
0.3225825 , -0.74468905 , 0.34177363
0.33713654 , -0.6071282 , 0.276794
0.31680807 , -0.7954538 , 0.3768327
0.33052564 , -0.65572435 , 0.3136925
0.31242985 , -0.83844596 , 0.41368893
0.32420284 , -0.70810676 , 0.3490424
0.33863336 , -0.5667627 , 0.28441647
0.31876886 , -0.75947016 , 0.38419703
0.33200088 , -0.6177511 , 0.32113904
0.31515995 , -0.8027342 , 0.42220613
0.3258279 , -0.6716553 , 0.35630986
0.34012583 , -0.5268123 , 0.29209366
0.32062083 , -0.7233823 , 0.3916521
0.3334523 , -0.58005905 , 0.32854676
0.34873414 , -0.4359472 , 0.26331672
0.32737136 , -0.6353363 , 0.3635937
0.3415443 , -0.48729295 , 0.2997718
0.32241437 , -0.6876342 , 0.39929637
0.33481377 , -0.54267293 , 0.33592132
0.35017413 , -0.39428657 , 0.27013656
0.32879052 , -0.5992215 , 0.37091577
0.34283942 , -0.44821447 , 0.3074227
0.3241851 , -0.6532888 , 0.4071768
0.3360433 , -0.50561446 , 0.34327272
0.35146406 , -0.35314858 , 0.27765888
0.33007827 , -0.56346804 , 0.37830704
0.34397897 , -0.40960518 , 0.315033
0.32586545 , -0.6214651 , 0.41520485
0.33711746 , -0.4689488 , 0.3506155
0.3525765 , -0.3125617 , 0.28542534
0.33124933 , -0.52849686 , 0.3857978
0.34494284 , -0.3714916 , 0.32259834
0.32733577 , -0.59301144 , 0.42310274
0.33802575 , -0.4327689 , 0.35796824
0.3534945 , -0.27256575 , 0.29326499
0.3323019 , -0.49491626 , 0.3933939
0.34572002 , -0.33392712 , 0.33012098
0.36276963 , -0.17257795 , 0.26345086
0.33876917 , -0.39727783 , 0.3653508
0.35420826 , -0.2331971 , 0.3011029
0.3331997 , -0.46343997 , 0.40106064
0.3463053 , -0.29697722 , 0.33760807
0.36347237 , -0.13112572 , 0.2708441
0.33935037 , -0.36277813 , 0.372776
0.3547131 , -0.19450629 , 0.3089045
0.33387935 , -0.43460286 , 0.40871954
0.34669867 , -0.26076135 , 0.34507054
0.36394906 , -0.090397894 , 0.27868816
0.33976388 , -0.32970303 , 0.38024014
0.35500774 , -0.15654759 , 0.316655
0.33428112 , -0.40874374 , 0.41623667
0.34690213 , -0.2254444 , 0.35251987
0.36420104 , -0.050448813 , 0.28669447
0.3399873 , -0.29848957 , 0.3877195
0.35509366 , -0.1194029 , 0.32435042
0.33436164 , -0.38590097 , 0.4234026
0.34691742 , -0.19127515 , 0.35996282
0.36423007 , -0.011330677 , 0.29473156
0.3399879 , -0.26953888 , 0.39517438
0.35497385 , -0.083174385 , 0.3319923
0.3742294 , 0.09858416 , 0.26373547
0.34674 , -0.15853967 , 0.36739603
0.3640394 , 0.026890948 , 0.30273813
0.33973095 , -0.2430845 , 0.40255377
0.354652 , -0.048011474 , 0.3395842
0.37403294 , 0.13897966 , 0.27176964
0.3463586 , -0.12755552 , 0.37480384
0.36363333 , 0.06414377 , 0.31068566
0.33919296 , -0.21923964 , 0.40979153
0.35413 , -0.014092679 , 0.34712794
0.37360215 , 0.17839643 , 0.27999577
0.34575534 , -0.09858179 , 0.38216066
0.363017 , 0.1003303 , 0.31856152
0.3383623 , -0.197939 , 0.41679734
0.35340697 , 0.018364519 , 0.35462016
0.37294573 , 0.21677713 , 0.28826267
0.34491315 , -0.0718185 , 0.38943583
0.3621951 , 0.1353368 , 0.32636017
0.383796 , 0.3353307 , 0.25601518
0.35247758 , 0.04915085 , 0.36205056
0.3720715 , 0.25405315 , 0.29649258
0.3438191 , -0.047340043 , 0.39659715
0.36117157 , 0.16902055 , 0.33407772
0.38294497 , 0.3749359 , 0.26449922
0.35133448 , 0.07806967 , 0.36940253
0.37098685 , 0.29015014 , 0.3046468
0.34247017 , -0.025147498 , 0.40361053
0.35994804 , 0.20123242 , 0.34170896
0.38185728 , 0.41337496 , 0.27307424
0.34996977 , 0.10499157 , 0.37665543
0.36969885 , 0.3249757 , 0.31270593
0.3408709 , -0.005128318 , 0.41043913
0.35852435 , 0.23181543 , 0.34924564
0.38054773 , 0.45059788 , 0.28163648
0.3483795 , 0.12983954 , 0.3837874
0.36821347 , 0.35843083 , 0.3206589
0.33903423 , 0.012859552 , 0.41705045
0.35689878 , 0.26064134 , 0.35667595
0.37902856 , 0.48654768 , 0.29012352
0.34656435 , 0.15262721 , 0.39077696
0.36653548 , 0.39040375 , 0.32849744
0.39089802 , 0.61680293 , 0.25671312
0.3550703 , 0.28760767 , 0.3639857
0.3773103 , 0.52116454 , 0.2985005
0.3445324 , 0.17341368 , 0.39760408
0.36466825 , 0.42079186 , 0.336213
0.38918972 , 0.65386605 , 0.26583368
0.35303953 , 0.31267166 , 0.3711594
0.37540236 , 0.5543787 , 0.30674863
0.34229657 , 0.19233553 , 0.40425286
0.36261463 , 0.44949973 , 0.34379584
0.3872692 , 0.6895862 , 0.27479693
0.35081124 , 0.33583087 , 0.37818164
0.37331268 , 0.5861213 , 0.31485662
0.33987534 , 0.20954485 , 0.41072258
0.36037746 , 0.4764649 , 0.35123503
0.38515314 , 0.72393 , 0.28359666
0.34839407 , 0.35714877 , 0.3850374
0.37104827 , 0.6163216 , 0.32281563
0.3372878 , 0.22525202 , 0.41704884
0.35796133 , 0.5016511 , 0.35851902
0.38285565 , 0.7568646 , 0.29222462
0.3458016 , 0.37671837 , 0.39171228
0.3686154 , 0.64492357 , 0.33061704
0.39581507 , 0.8991039 , 0.25820842
0.35537276 , 0.5250703 , 0.3656364
0.38038903 , 0.78835255 , 0.30067566
0.3430507 , 0.394689 , 0.3981946
0.3660205 , 0.6718833 , 0.33825177
0.39332712 , 0.9330567 , 0.26770556
0.35262164 , 0.54676354 , 0.37257636
0.37776405 , 0.81836134 , 0.3089459
0.34016216 , 0.41121963 , 0.40448597
0.36327055 , 0.69718647 , 0.34571025
0.39066458 , 0.9656098 , 0.27689388
0.34972045 , 0.5668212 , 0.3793284
0.37499052 , 0.8468609 , 0.317031
0.33715758 , 0.42651558 , 0.41063038
0.3603743 , 0.7208399 , 0.35298306
0.38784507 , 0.9967628 , 0.2858147
0.34668517 , 0.5853539 , 0.3858816
0.37207794 , 0.8738361 , 0.32492512
0.40190783 , 1.1481072 , 0.25019932
0.357342 , 0.74288696 , 0.36006147
0.38488382 , 1.0265126 , 0.29449236
0.34353346 , 0.6025157 , 0.39222404
0.3690361 , 0.89928365 , 0.33262104
0.398897 , 1.1801158 , 0.26035267
0.35418633 , 0.7633913 , 0.3669377
0.38179433 , 1.0548623 , 0.30294052
0.34028596 , 0.61846936 , 0.39834583
0.36587554 , 0.9232235 , 0.3401106
0.39574006 , 1.2107801 , 0.2700145
0.35092124 , 0.78245234 , 0.37360498
0.37858912 , 1.0818185 , 0.31116512
0.33696443 , 0.6334192 , 0.40425807
0.36260808 , 0.9456903 , 0.34738544
0.39245707 , 1.2401303 , 0.2792789
0.34756276 , 0.8001835 , 0.3800563
0.37528032 , 1.1074011 , 0.31916627
0.33359373 , 0.6475695 , 0.41006064
0.35924682 , 0.966745 , 0.35443762
0.3890654 , 1.2681946 , 0.28821418
0.3441273 , 0.816733 , 0.3862823
0.3718805 , 1.1316397 , 0.32693997
0.4041119 , 1.4296947 , 0.25276285
0.35580635 , 0.9864601 , 0.36126056
0.38558036 , 1.2950062 , 0.29686245
0.34063253 , 0.83225876 , 0.39226732
0.36840287 , 1.1545821 , 0.33447942
0.40051657 , 1.4584554 , 0.2629764
0.35230187 , 1.004932 , 0.36784914
0.38201615 , 1.3206019 , 0.3052468
0.3370961 , 0.8469612 , 0.3979861
0.36486188 , 1.1762862 , 0.34177643
0.39683136 , 1.4860462 , 0.27263317
0.34874925 , 1.0222632 , 0.37419972
0.37838638 , 1.3450309 , 0.31337714
0.33353916 , 0.8610571 , 0.40342143
0.36127308 , 1.1968287 , 0.34882212
0.39307442 , 1.5125177 , 0.2818558
0.34516346 , 1.0385807 , 0.38030806
0.3747051 , 1.3683496 , 0.32125473
0.32998818 , 0.8748323 , 0.40873048
0.3576534 , 1.216292 , 0.35560822
0.38926145 , 1.5379257 , 0.29072568
0.3415583 , 1.0540168 , 0.38616437
0.37098676 , 1.3906305 , 0.32887518
0.40510148 , 1.707597 , 0.2558205
0.35402054 , 1.2347746 , 0.36212796
0.35247895 , 1.4293526 , 0.36313954
0.38463923 , 1.7666707 , 0.30181772
0.33626777 , 1.2566897 , 0.39125004
0.36598215 , 1.6109711 , 0.33809945
0.40070814 , 1.9423391 , 0.2690037
0.34887823 , 1.4472269 , 0.36909312
0.3806173 , 1.7889411 , 0.30998743
0.33276725 , 1.2713951 , 0.39586583
0.36218226 , 1.6310811 , 0.34499562
0.39647478 , 1.9657679 , 0.27834204
0.3453496 , 1.4647384 , 0.37474623
0.37661844 , 1.8106186 , 0.31787533
0.3292274 , 1.286417 , 0.39916047
0.35843024 , 1.6507756 , 0.35158855
0.3922624 , 1.9885638 , 0.28729412
0.34191266 , 1.4820822 , 0.38009396
0.37265405 , 1.8317978 , 0.32547817
0.40919644 , 2.1665258 , 0.25241446
0.35473824 , 1.67017 , 0.3578725
0.3880817 , 2.0108144 , 0.29592156
0.3385548 , 1.4995028 , 0.3851146
0.36873055 , 1.8525918 , 0.33278883
0.4047687 , 2.1895103 , 0.2625426
0.35110667 , 1.6894137 , 0.36384934
0.38394123 , 2.0326056 , 0.30425227
0.3353004 , 1.5175978 , 0.38973406
0.3648423 , 1.8730919 , 0.33979896
0.40040606 , 2.211997 , 0.27207014
0.32104245 , -0.5602735 , 0.45149615
0.32652763 , 0.040265378 , 0.4457689
0.31808212 , 0.6742078 , 0.44014615
0.31225038 , 1.3795297 , 0.4270301
0.36716253 , 0.05724252 , 0.28753302
0.38824865 , 0.86373353 , 0.28110301
0.39662477 , 1.6806632 , 0.27735075
0.30682155 , -0.86463076 , 0.45630267
1.1555274 , -7.2385345 , 0.13040072
1.5389901 , -11.4068775 , 0.1598182
0.9581503 , -4.826366 , 0.10011353
1.3120564 , -9.145959 , 0.15208837
1.7236131 , -13.183513 , 0.15221117
1.1064445 , -6.8581533 , 0.12995455
1.4802063 , -10.9530325 , 0.16016528
0.9109836 , -4.51501 , 0.103504814
1.2592202 , -8.7354965 , 0.15164658
1.6595563 , -12.690986 , 0.15365265
1.0585976 , -6.4885964 , 0.1303566
1.4226769 , -10.506767 , 0.16052759
1.849929 , -14.375777 , 0.13418667
1.2078354 , -8.333118 , 0.15142304
1.5966762 , -12.205672 , 0.15505059
1.0119492 , -6.132475 , 0.13152549
1.3664888 , -10.068398 , 0.16093236
1.7811033 , -13.849176 , 0.13569851
1.1578425 , -7.939592 , 0.1514942
1.5350705 , -11.727861 , 0.15642212
0.9666056 , -5.7920656 , 0.13328184
1.3116728 , -9.63826 , 0.1614081
1.7135266 , -13.329513 , 0.13760625
1.1091753 , -7.556004 , 0.151913
1.4747862 , -11.257832 , 0.15778299
0.9227379 , -5.468836 , 0.13542034
1.2582253 , -9.216792 , 0.1619841
1.6472356 , -12.817047 , 0.13965216
1.0617975 , -7.183505 , 0.1526965
1.4158394 , -10.79591 , 0.15914816
0.88050514 , -5.163771 , 0.1377605
1.2061294 , -8.804478 , 0.1626885
1.582244 , -12.312083 , 0.14178377
1.0157055 , -6.8233576 , 0.15382409
1.3582308 , -10.342422 , 0.16053222
0.84003174 , -4.877159 , 0.1401709
1.1553613 , -8.401924 , 0.16354436
