0.14131565 , -1.9286907 , -0.18641397
0.07063161 , -3.054111 , -0.19030406
0.01724417 , -4.3704586 , -0.1871411
0.012695279 , -5.3529806 , -0.17297015
0.15304986 , -3.4391232 , -0.15066421
0.24171422 , -2.0542412 , -0.1624996
0.07298658 , -5.2003827 , -0.13482584
0.07267081 , -5.2307024 , -0.13588536
0.09648334 , -1.2223995 , -0.08537347
0.12453204 , -0.60708934 , -0.04702884
0.051690597 , -4.959581 , -0.08993287
0.103102855 , -2.1202173 , -0.053643364
0.095856845 , -3.0028453 , -0.05906627
0.08053544 , -3.94479 , -0.05848718
0.08703842 , -4.845246 , -0.14311878
0.105102524 , -3.8275075 , -0.13758104
0.043659538 , -5.1886477 , -0.07020039
0.043613903 , -5.155203 , -0.07030874
0.06121317 , -5.0812144 , -0.10199608
0.1022674 , -1.7532401 , -0.048777822
0.10651886 , -3.5147018 , -0.13438563
0.10870486 , -2.612864 , -0.12734695
0.110076375 , -1.7164595 , -0.12199282
0.11499725 , -1.0634419 , -0.12209971
0.078337766 , -4.0163717 , -0.05775166
0.09305816 , -4.7510314 , -0.14135452
0.10609023 , -3.7416186 , -0.1358536
0.10830372 , -2.8216789 , -0.12824988
0.03620988 , -5.351888 , -0.06519336
0.05126357 , -4.98397 , -0.09924452
0.10318726 , -1.9721934 , -0.050034273
0.09729322 , -2.8551738 , -0.057595357
0.109386146 , -2.4000716 , -0.125133
0.10734716 , -1.4803526 , -0.11928079
0.12241757 , -0.8297571 , -0.118566126
0.060862057 , -5.0432343 , -0.10063069
0.10086988 , -4.4956136 , -0.13957144
0.10730454 , -3.5049007 , -0.13281721
0.10898361 , -2.6083386 , -0.12590621
0.10999423 , -1.7133486 , -0.11787663
0.05886102 , -4.8971 , -0.09861825
0.10276228 , -2.18537 , -0.051896885
0.09438067 , -3.0634103 , -0.05738199
0.07761088 , -4.003343 , -0.056738295
0.09857252 , -1.2642182 , -0.2518861
0.12778386 , -0.6028721 , -0.1182487
0.052934013 , -4.9590163 , -0.098869786
0.10318149 , -1.9683772 , -0.048406918
0.10891942 , -2.7445388 , -0.12589487
0.11023411 , -1.8598802 , -0.12067648
0.10252311 , -1.1244097 , -0.07238601
0.11745376 , -0.788135 , -0.041927
0.07561924 , -5.3311296 , -0.13614799
0.07575904 , -5.360725 , -0.13612941
0.0908267 , -1.3362888 , -0.02096346
0.102177225 , -2.2894657 , -0.05252717
0.092611305 , -3.1654074 , -0.05684881
0.100259595 , -2.5322247 , -0.054285508
0.088400036 , -3.416779 , -0.05651948
0.065429725 , -4.38909 , -0.056048702
0.10983919 , -2.288541 , -0.12250849
0.10202099 , -1.3522103 , -0.1090676
0.123236224 , -0.7124201 , -0.11622929
0.058109123 , -4.873101 , -0.0973295
0.10283124 , -2.1453505 , -0.0504203
0.09068304 , -3.2677655 , -0.056282233
0.06510209 , -4.3824644 , -0.05575401
0.1068214 , -4.142094 , -0.13513376
0.108928055 , -3.053834 , -0.12679113
0.110158294 , -2.0380032 , -0.120879516
0.10088273 , -1.1374458 , -0.07459569
0.11284006 , -0.8982848 , -0.040721714
0.10281626 , -2.1440563 , -0.050137542
0.09873557 , -2.6676352 , -0.05455546
0.082447 , -3.7082567 , -0.055585768
0.09219459 , -4.803301 , -0.1330432
0.10862401 , -3.6704564 , -0.13127661
0.109466694 , -2.633445 , -0.12356117
0.109025665 , -1.5874197 , -0.12092465
0.12013464 , -0.7860323 , -0.11542792
0.03674854 , -5.156915 , -0.06332552
0.036899623 , -5.113067 , -0.062768266
0.07980506 , -3.8181882 , -0.055144444
0.040084258 , -4.7940955 , -0.059630822
0.10767451 , -4.130333 , -0.133955
0.10918182 , -3.1902313 , -0.12695566
0.10990221 , -2.3194053 , -0.12164369
0.10401567 , -1.3792406 , -0.123641446
0.116837144 , -0.8224239 , -0.04180366
0.123990536 , -0.63791907 , -0.04185547
0.12529172 , -0.5636128 , -0.116426244
0.036961854 , -5.0332384 , -0.061933137
0.06453847 , -2.0991879 , 0.00049360417
0.048654594 , -2.1024318 , -0.0026148148
0.02979602 , -2.061324 , -0.015747303
0.056114487 , -2.0612593 , -0.014937336
0.08647906 , -2.5695179 , -0.041872133
0.11817812 , -3.9273334 , -0.09221355
0.091433 , -4.969039 , -0.13032438
0.0059516006 , -2.2048168 , -0.029052842
0.02133793 , -3.8303308 , -0.04630788
0.018504532 , -2.711554 , -0.03819773
0.037953176 , -2.0945761 , -0.020010082
0.020041017 , -3.4864867 , -0.044671632
0.021290455 , -2.472425 , -0.034320775
0.051739503 , -2.0494483 , -0.01213455
0.11792498 , -4.055429 , -0.09717398
0.032465994 , -4.88448 , -0.05734209
0.022343189 , -3.8161652 , -0.04627398
0.021430997 , -2.5028448 , -0.034879148
0.05047807 , -2.052255 , -0.013417527
0.059350546 , -2.0683246 , -0.015476034
0.026250612 , -4.324124 , -0.048876602
0.019952068 , -3.1553392 , -0.042568177
0.026924815 , -2.2833028 , -0.029523363
0.024479471 , -3.9918954 , -0.04711133
0.020296734 , -2.8578155 , -0.03987239
0.034900997 , -2.1482809 , -0.023793604
0.115262106 , -3.5115616 , -0.07844192
0.10544335 , -4.6378474 , -0.119094916
0.027042111 , -4.3047943 , -0.048856515
0.0207995 , -2.8953416 , -0.040256817
0.034226634 , -2.1645844 , -0.024656344
0.06188495 , -2.063893 , -0.005745454
0.030247234 , -4.7370625 , -0.054298323
0.023592783 , -3.6465182 , -0.04553017
0.022589006 , -2.5970395 , -0.036408104
0.028950794 , -4.456445 , -0.05022686
0.02265994 , -3.3174894 , -0.04369288
0.026249172 , -2.3834724 , -0.032178264
0.1049368 , -3.0094178 , -0.060014404
0.11687666 , -4.142416 , -0.10185939
0.030205848 , -4.7140365 , -0.054225583
0.023365555 , -3.3578892 , -0.04395246
0.026180571 , -2.4105859 , -0.032790415
0.063485466 , -2.04701 , -0.010016069
0.10001738 , -4.7023735 , -0.12325514
0.028009584 , -4.133579 , -0.047992226
0.022964131 , -3.0064352 , -0.04130051
0.026339196 , -4.8215985 , -0.05799539
0.026676456 , -3.8057559 , -0.04636606
0.023816079 , -2.7314906 , -0.038278937
0.09073319 , -2.5911531 , -0.04315833
0.11715499 , -3.614737 , -0.08338585
0.10039755 , -4.679354 , -0.12314531
0.02902759 , -4.1156487 , -0.047970425
0.024016976 , -3.0001907 , -0.04123164
0.033839166 , -2.2205777 , -0.026999788
0.08170127 , -2.0877366 , 0.0013134967
0.07295321 , -2.2206807 , -0.02541285
0.105401136 , -2.9969313 , -0.05996104
0.11711429 , -4.106559 , -0.101686664
0.031783666 , -4.6679926 , -0.05404261
0.030867811 , -4.227707 , -0.048765715
0.0252925 , -3.1178021 , -0.042248584
0.03192482 , -2.2839694 , -0.029204713
0.088241935 , -2.0620375 , -0.0033443635
0.030405492 , -4.044916 , -0.047690175
0.025535006 , -2.9508114 , -0.040741686
0.036038857 , -2.2024949 , -0.026145404
0.0714686 , -2.077151 , -0.0005368653
0.029915882 , -3.8589323 , -0.04674675
0.026117187 , -2.794895 , -0.03901636
0.041169196 , -2.1379764 , -0.022808349
0.12892395 , -2.2274654 , -0.014525683
0.063973404 , -2.1158445 , -0.001087217
0.08613501 , -2.1444874 , -0.0036864907
0.11073135 , -2.1902854 , -0.005740072
0.119991764 , -2.191454 , -0.011849256
0.11943781 , -1.5485498 , -0.03666767
0.13014172 , -1.9026196 , -0.026839703
0.13559328 , -2.1834164 , -0.016645733
0.11773225 , -2.157852 , -0.016001556
0.12169014 , -1.5965939 , -0.035227768
0.13195963 , -1.9535108 , -0.025124181
0.13573438 , -2.214841 , -0.015726797
0.11532513 , -2.1187572 , -0.020648759
0.123901054 , -1.6478719 , -0.03373133
0.13365982 , -2.0031528 , -0.023397475
0.13504387 , -2.24179 , -0.015594712
0.11278136 , -2.0744944 , -0.025687989
0.12607569 , -1.7015475 , -0.03218274
0.13521005 , -2.0510075 , -0.021679597
0.12517235 , -2.2558978 , -0.0055009276
0.11014219 , -2.0252254 , -0.031057132
0.1286385 , -1.7719667 , -0.030184247
0.13674566 , -2.1074767 , -0.0195941
0.12319991 , -2.2265244 , -0.00848961
0.106769875 , -1.9576926 , -0.038148906
0.09347335 , -1.5827736 , -0.077074215
0.092623726 , -1.2690456 , -0.11238449
0.10676629 , -1.2535714 , -0.04233621
0.122612186 , -1.5526228 , -0.035565294
0.13232909 , -1.8691375 , -0.02728052
0.13842598 , -2.1781826 , -0.017030213
0.11980504 , -2.1692889 , -0.014989017
0.10224161 , -1.8507984 , -0.048644166
0.1342762 , -1.924737 , -0.02559753
0.138712 , -2.2135003 , -0.01600862
0.11735022 , -2.1283367 , -0.019474953
0.09981823 , -1.7850994 , -0.054841507
0.1361159 , -1.9789933 , -0.023867378
0.13828145 , -2.2443056 , -0.015587605
0.11467875 , -2.0819345 , -0.024417335
0.0976028 , -1.7165402 , -0.061167132
0.13782126 , -2.0313861 , -0.022166036
0.13349187 , -2.2724652 , -0.011565284
0.1118648 , -2.0301032 , -0.029737197
0.09565191 , -1.6457163 , -0.067570664
0.13935675 , -2.081216 , -0.020518044
0.12687999 , -2.2485068 , -0.0073149367
0.10899085 , -1.9733838 , -0.0352013
0.09402227 , -1.5734367 , -0.073880136
0.1406875 , -2.1280353 , -0.018789217
0.12481688 , -2.2182543 , -0.010480723
0.1061149 , -1.9117999 , -0.041243162
0.11723777 , -1.2536255 , -0.040659253
0.13018863 , -1.6452769 , -0.03204357
0.1401926 , -2.0400174 , -0.021619014
0.13065965 , -2.2727256 , -0.006626209
0.11175241 , -2.0111744 , -0.03109158
0.09512999 , -1.605192 , -0.06917979
0.09263416 , -1.2184594 , -0.10628823
0.10849554 , -1.1116273 , -0.04275383
0.14710625 , -2.3304698 , -0.0067313383
0.092213504 , -1.2458948 , -0.10245232
0.09669672 , -1.6515386 , -0.06441216
0.11447981 , -2.051509 , -0.027063575
0.12356562 , -2.0112827 , -0.026970504
0.09522798 , -1.2730315 , -0.07279118
0.14378119 , -2.246088 , -0.01565942
0.1372113 , -1.871992 , -0.026520932
0.11415718 , -1.1526355 , -0.04237076
0.13374174 , -0.6844953 , -0.042021655
0.15869743 , -1.8132465 , -0.025749123
0.1678605 , -2.3310935 , -0.016082058
0.13855909 , -2.2921782 , -0.011628827
0.140984 , -2.348965 , 0.016478844
0.14558557 , -2.380464 , 0.032325078
0.14858809 , -2.3929758 , 0.04113976
0.14659388 , -2.3733127 , 0.020204645
0.14400063 , -2.3300252 , -0.0022886589
0.13946444 , -2.3406348 , 0.014142808
0.1866592 , -0.8717506 , -0.18438469
0.18607901 , -0.875655 , -0.18492627
0.18380973 , -0.8254026 , -0.18723565
0.17897494 , -0.7462654 , -0.18949248
0.16025005 , -0.7819268 , -0.21324003
0.15976031 , -0.8318302 , -0.21769932
0.17473109 , -0.9234003 , -0.1887165
0.18312275 , -0.8680335 , -0.19076028
0.17975596 , -0.8218723 , -0.190195
0.1591757 , -0.7956519 , -0.21301666
0.15639545 , -2.3141155 , -0.01618661
0.13901386 , -2.3024547 , -0.006777251
0.15095413 , -2.3062425 , -0.016995003
0.15805225 , -2.3277874 , -0.016334696
0.16439295 , -2.3502748 , -0.016040457
0.14754352 , -2.3413284 , -0.0050181663
0.1425555 , -2.3221915 , -0.0050637126
0.13685952 , -2.3016489 , -0.005003363
0.15622054 , -2.3379564 , -0.014836645
0.16562094 , -2.4366758 , 0.016912296
0.1649711 , -2.4233186 , 0.032463536
0.16843538 , -2.4157658 , -0.0073657287
0.15440947 , -2.3356397 , -0.0141681535
0.15284064 , -2.3695493 , -0.0024853346
0.2245688 , 0.038856193 , -0.1443415
0.26424316 , 0.28482628 , -0.12620333
0.21734783 , -0.57520616 , -0.16028932
0.21845314 , -0.36934486 , -0.15734252
0.1812778 , -0.71255344 , -0.18682663
0.2001116 , -0.781524 , -0.1723596
0.18453129 , -0.5413276 , -0.175381
0.19287491 , -0.89228666 , -0.17997944
0.22820535 , -0.4696567 , -0.15457866
0.18182774 , -0.5806089 , -0.17815162
0.17647718 , -0.94736606 , -0.20783976
0.13472053 , -2.3018055 , 0.000901634
0.14511515 , -2.3623636 , 0.01438007
0.14122999 , -2.3048918 , -0.010415348
0.13370866 , -2.2852468 , -0.013858551
0.1470653 , -2.3863888 , 0.035117056
0.14467102 , -2.360892 , 0.014393003
0.14052813 , -2.3025944 , -0.01037361
0.203929 , -0.31777412 , -0.15955845
0.16909078 , -0.77375895 , -0.19458894
0.20856197 , -0.693487 , -0.16651754
0.20043969 , -0.35892713 , -0.16199844
0.1670693 , -0.8096415 , -0.19778427
0.13530882 , -2.2796247 , -0.012627307
0.14547937 , -2.3738391 , 0.024347613
0.14244305 , -2.335076 , 0.0028659988
0.1914079 , -0.9732449 , -0.2143122
0.13547905 , -2.322727 , 0.0106217135
0.14297707 , -2.3727894 , 0.03047927
0.14704841 , -2.3906004 , 0.040290914
0.1440323 , -2.3608243 , 0.016098732
0.1384558 , -2.2916749 , -0.013147923
0.23035465 , -0.4581695 , -0.15389013
0.28843734 , 0.11181676 , -0.12759724
0.22154745 , -0.14371392 , -0.14856745
0.17382164 , -0.69669616 , -0.18676771
0.23879455 , 0.01330967 , -0.1391698
0.1903856 , -0.47952726 , -0.16966392
0.16077161 , -0.91154337 , -0.2085686
0.14329946 , -2.2817113 , -0.013355447
0.16908364 , -0.9856468 , -0.203713
0.12798136 , -2.2781186 , -0.0012178798
0.13742256 , -2.3457332 , 0.021758907
0.14208494 , -2.3798368 , 0.037054718
0.144495 , -2.3809555 , 0.03432564
0.1411941 , -2.3476248 , 0.013662412
0.13453355 , -2.2817624 , -0.011191847
0.22180298 , -0.5686464 , -0.15906481
0.27108553 , -0.07196678 , -0.1364009
0.25111625 , 0.1066935 , -0.13277605
0.19885117 , -0.39318466 , -0.16277389
0.16267534 , -0.85474443 , -0.19894795
0.21309309 , -0.66525984 , -0.16390514
0.2608358 , -0.17396492 , -0.14091615
0.26291484 , 0.2032487 , -0.1266315
0.20828287 , -0.29503012 , -0.15642035
0.16824579 , -0.77319545 , -0.19084132
0.16430306 , -1.0360479 , -0.2008765
0.13177468 , -2.3093374 , 0.010316182
0.1392356 , -2.3602593 , 0.027981669
0.14311679 , -2.3906045 , 0.043483336
0.14289176 , -2.368327 , 0.026047766
0.13907452 , -2.325472 , 0.0049640816
0.1671104 , -1.0104504 , -0.20663692
0.12817542 , -2.2845192 , 0.0028730724
0.13728788 , -2.348147 , 0.023648513
0.14178252 , -2.3822079 , 0.03890552
0.1435019 , -2.376235 , 0.03182899
0.1399505 , -2.33902 , 0.011152564
0.1865157 , -0.96081823 , -0.18136568
0.2273719 , -0.5157451 , -0.15634543
0.2779987 , -0.013873318 , -0.13399278
0.24464409 , 0.046027087 , -0.13608003
0.1934975 , -0.45675492 , -0.1665082
0.15840732 , -0.9129294 , -0.20390993
0.21831767 , -0.6146371 , -0.16111918
0.2675898 , -0.115749925 , -0.13848501
0.25638157 , 0.14409138 , -0.13000923
0.20260909 , -0.35893658 , -0.15999645
0.16381936 , -0.8328078 , -0.19537006
0.12995572 , -2.2582986 , -0.011768146
0.13227963 , -2.314103 , 0.012865247
0.1389693 , -2.3623366 , 0.029753607
0.14409077 , -2.3936756 , 0.045107562
0.14181544 , -2.3623657 , 0.023610404
0.13772506 , -2.3142092 , 0.0022421177
0.16476552 , -1.0351694 , -0.20543537
0.12908977 , -2.2912009 , 0.006214649
0.1371221 , -2.3505182 , 0.025487028
0.14153005 , -2.384993 , 0.040796887
0.14247724 , -2.3709843 , 0.029360464
0.13869734 , -2.3296096 , 0.008608745
0.19061463 , -0.9218045 , -0.17737535
0.23322381 , -0.46105537 , -0.15369643
0.28505778 , 0.04452882 , -0.13162477
0.23821482 , -0.015642637 , -0.13939415
0.18825093 , -0.52032423 , -0.17034721
0.15451367 , -0.9704444 , -0.20976706
0.3359806 , -0.5694355 , -0.16008434
0.4340142 , 0.42830226 , -0.14343587
0.38541242 , 0.7058828 , -0.13043961
0.28141764 , -0.28608647 , -0.15373172
0.18758906 , -1.3302314 , -0.17380515
0.293973 , 0.33673114 , -0.11639603
0.34183922 , 0.5760886 , -0.11325541
0.3919689 , 0.85844034 , -0.11615663
0.16963686 , -1.5956517 , -0.17122403
0.16148497 , -1.5074749 , -0.17916192
0.15034671 , -1.4002129 , -0.18634693
0.14394611 , -1.2127844 , -0.19832335
0.4976767 , 1.0211103 , -0.13484158
0.4478602 , 0.78224355 , -0.13670337
0.38484463 , 0.49930587 , -0.1340672
0.32861105 , 0.2946169 , -0.12762462
0.1835562 , -1.1507937 , -0.18027642
0.20223744 , -1.3643546 , -0.17595802
0.23002835 , -1.4863096 , -0.1731801
0.25346816 , -1.5723879 , -0.16827507
0.1631364 , -1.5474342 , -0.17786515
0.15320094 , -1.4514761 , -0.18386047
0.14416867 , -1.2921607 , -0.19406448
0.15072782 , -1.0201141 , -0.21222484
0.1890476 , -1.2664554 , -0.17802456
0.21338725 , -1.4368106 , -0.17475846
0.2406988 , -1.5372987 , -0.17158584
0.16403793 , -1.6139011 , -0.1745205
0.15850385 , -1.5214325 , -0.18030992
0.14778478 , -1.4016283 , -0.18797363
0.14324865 , -1.1962404 , -0.20093137
0.18160059 , -1.1291429 , -0.18157491
0.19784409 , -1.3618743 , -0.17637998
0.22497386 , -1.4979055 , -0.17356047
0.24928428 , -1.5899035 , -0.16915876
0.1617724 , -1.5852103 , -0.17785406
0.15301193 , -1.4870957 , -0.18341841
0.14370362 , -1.3326074 , -0.19303471
0.1472907 , -1.0721551 , -0.21094598
0.18575299 , -1.253524 , -0.17874047
0.20853291 , -1.4408877 , -0.17509681
0.23588148 , -1.5524944 , -0.1721084
0.16103573 , -1.6583769 , -0.17552829
0.15781713 , -1.5575312 , -0.18013135
0.1476386 , -1.4389606 , -0.18728575
0.14206904 , -1.2408825 , -0.19946036
0.18017185 , -1.1039933 , -0.183184
0.19368133 , -1.3566365 , -0.17681842
0.21996215 , -1.5074508 , -0.17390989
0.24500266 , -1.6067117 , -0.17001638
0.16011035 , -1.6246226 , -0.1779328
0.15271634 , -1.5232136 , -0.18302236
0.14332184 , -1.3727463 , -0.19203973
0.14461529 , -1.122559 , -0.20873523
0.18280917 , -1.2375424 , -0.17953587
0.20382972 , -1.4424602 , -0.17542297
0.23102044 , -1.5661254 , -0.17256989
0.25078803 , -1.6683482 , -0.16679637
0.15691867 , -1.5946944 , -0.18001634
0.1474591 , -1.476432 , -0.18664464
0.14109328 , -1.2848676 , -0.19800699
0.1793483 , -1.0749706 , -0.18510194
0.18976735 , -1.348576 , -0.17726807
0.21501535 , -1.5148196 , -0.17422542
0.24059881 , -1.6225971 , -0.17076245
0.15812227 , -1.6658709 , -0.17818928
0.15229407 , -1.5599519 , -0.18268088
0.14299886 , -1.4126879 , -0.19109671
0.14246097 , -1.1716882 , -0.2062676
0.18025358 , -1.2184215 , -0.18040548
0.19930291 , -1.4414458 , -0.17573391
0.22614288 , -1.5780221 , -0.17296952
0.2475472 , -1.6842588 , -0.16812992
0.15578456 , -1.6330786 , -0.1799823
0.14722353 , -1.5141532 , -0.18605731
0.14028008 , -1.328315 , -0.19662014
0.17931516 , -1.0412505 , -0.1879332
0.18612179 , -1.337631 , -0.17772157
0.21015559 , -1.5198992 , -0.17450678
0.2360864 , -1.6373439 , -0.17138629
0.15574986 , -1.7091757 , -0.1787357
0.15171759 , -1.5974405 , -0.18240161
0.14270036 , -1.4525459 , -0.19021554
0.14068495 , -1.2198114 , -0.20393127
0.17811014 , -1.1960294 , -0.18130901
0.1949675 , -1.437766 , -0.17602645
0.22126964 , -1.5880276 , -0.17331052
0.24375366 , -1.6996502 , -0.16920124
0.1544035 , -1.6728501 , -0.1800509
0.14692907 , -1.5522326 , -0.18552864
0.13962545 , -1.3713306 , -0.19532332
0.14680137 , -1.0814646 , -0.21675193
0.18280086 , -1.3237469 , -0.17816444
0.20542464 , -1.522594 , -0.17475434
0.23150225 , -1.6507503 , -0.17190057
0.1527148 , -1.7548128 , -0.17965212
0.15093581 , -1.6358175 , -0.18219206
0.14235814 , -1.4924364 , -0.189401
0.13912496 , -1.2671274 , -0.2018367
0.17631821 , -1.1701517 , -0.18211806
0.1907929 , -1.4313426 , -0.17629604
0.21639316 , -1.5959957 , -0.1735974
0.23975612 , -1.7143779 , -0.17004786
0.15277676 , -1.7141932 , -0.1802438
0.14659461 , -1.5907865 , -0.18506145
0.13916121 , -1.4140279 , -0.19412264
0.14370829 , -1.1351291 , -0.21132587
0.17993172 , -1.3068551 , -0.1785713
0.2008999 , -1.5228144 , -0.17496891
0.22690776 , -1.662628 , -0.17232217
0.1959686 , -1.8037097 , -0.1743484
0.14991438 , -1.6752117 , -0.18205684
0.14193454 , -1.5324478 , -0.18865237
0.13770321 , -1.3137417 , -0.19996794
0.17484783 , -1.1404939 , -0.18255585
0.18675502 , -1.422135 , -0.17653902
0.21151121 , -1.6018143 , -0.17383617
0.23556153 , -1.7282363 , -0.17072634
0.15082166 , -1.757336 , -0.18056397
0.14611503 , -1.6299809 , -0.18465172
0.13871671 , -1.4565933 , -0.19300814
0.14120199 , -1.1873478 , -0.20762847
0.1774056 , -1.2867581 , -0.1789122
0.19652125 , -1.5204201 , -0.17515498
0.22227485 , -1.6727661 , -0.17266819
0.24156864 , -1.8009222 , -0.16868718
0.10576481 , -2.1790078 , -0.005219603
0.08128623 , -2.1381931 , -0.002973186
0.06034471 , -2.1116595 , -0.00031732523
0.061551373 , -2.097096 , 0.0026737852
0.062257703 , -2.1150627 , -0.0004205171
0.08401319 , -2.1422706 , -0.0029829012
0.10870294 , -2.1869814 , -0.005202566
0.07019456 , -2.098979 , 0.00030673775
0.068450935 , -2.1203957 , -0.0033033588
0.09144803 , -2.1504266 , -0.0066943057
0.120898716 , -2.2029018 , -0.011974304
0.11844821 , -2.19774 , -0.011342681
0.089213096 , -2.1477556 , -0.0061938227
0.06735646 , -2.1187887 , -0.0026969637
0.07388966 , -2.1005907 , 0.0015256271
0.057292458 , -2.1097386 , 0.00072426733
0.07653615 , -2.1324368 , -0.0019367406
0.10093094 , -2.1698625 , -0.0042695585
0.12603153 , -2.2503057 , -0.005950721
0.10559672 , -2.1718516 , -0.008470538
0.07822235 , -2.133635 , -0.004378012
0.06447008 , -2.1105285 , -0.00059425936
0.056020524 , -2.1064332 , 0.002959273
0.0643537 , -2.118607 , -0.00029084532
0.08685764 , -2.1467588 , -0.0027307642
0.11188544 , -2.1967447 , -0.005014126
0.122132964 , -2.209069 , -0.012203284
0.09272163 , -2.1527767 , -0.006248824
0.06947811 , -2.1222582 , -0.0025220227
0.0702982 , -2.107595 , 0.002279731
0.0557762 , -2.1111538 , 0.001501861
0.073581845 , -2.1294053 , -0.001144352
0.09784826 , -2.1651475 , -0.0034796542
0.12338823 , -2.2374012 , -0.005938257
0.10920223 , -2.1796818 , -0.0087861195
0.08121655 , -2.1375918 , -0.004317401
0.065139316 , -2.11439 , -0.00036908413
0.061144557 , -2.114799 , 0.003587379
0.062026177 , -2.1175652 , 0.00044771854
0.083873995 , -2.1430402 , -0.0019294493
0.108998805 , -2.1902966 , -0.004273531
0.12574916 , -2.2218072 , -0.01338662
0.096309744 , -2.158422 , -0.0063384613
0.07183965 , -2.1256971 , -0.002404232
0.06819092 , -2.1127899 , 0.0025424813
0.05478281 , -2.1146202 , 0.0022607374
0.07074293 , -2.1268582 , -0.00038365583
0.09478187 , -2.1605904 , -0.0026800863
0.120402016 , -2.2268143 , -0.005397811
0.11285954 , -2.1885233 , -0.009173463
0.08437659 , -2.1419363 , -0.004291261
0.06623635 , -2.1178133 , -0.00023736637
0.09699899 , -2.120773 , 0.009323853
0.059895176 , -2.117746 , 0.0011408475
0.080860056 , -2.1395493 , -0.0011445448
0.106010914 , -2.1842692 , -0.0034689815
0.12905161 , -2.236187 , -0.015399478
0.0999102 , -2.164794 , -0.006467646
0.07438033 , -2.129254 , -0.0023263013
0.067037426 , -2.1167328 , 0.0025969392
0.054491844 , -2.120674 , 0.0029551652
0.068034805 , -2.1249902 , 0.00033898762
0.091718465 , -2.1562188 , -0.0018779287
0.117423534 , -2.2176635 , -0.0045359787
0.116540276 , -2.1984289 , -0.009639793
0.08767237 , -2.146742 , -0.004296628
0.06770042 , -2.1209943 , -0.00016238508
0.08303825 , -2.1266282 , 0.008141559
0.058047425 , -2.1194685 , 0.0017708449
0.077868596 , -2.136398 , -0.00038300562
0.10297214 , -2.1785798 , -0.0026362133
0.13162367 , -2.2524493 , -0.01726678
0.10354052 , -2.1719563 , -0.0066350554
0.077103615 , -2.1330357 , -0.0022790725
0.066603474 , -2.119843 , 0.0025651148
0.055279702 , -2.1300385 , 0.0034465913
0.06547262 , -2.1240115 , 0.0010125466
0.088641115 , -2.1520665 , -0.00108378
0.1144264 , -2.2094793 , -0.003576952
0.120195046 , -2.209475 , -0.010169104
0.091066346 , -2.152088 , -0.0043298183
0.069475025 , -2.1241024 , -0.00012328863
0.07663544 , -2.1303263 , 0.0069174585
0.056568984 , -2.1231058 , 0.0023064404
0.07493509 , -2.1337252 , 0.000345807
0.09990179 , -2.1731894 , -0.0017988926
0.12560631 , -2.254473 , -0.0048412923
0.107200734 , -2.179964 , -0.0068347687
0.079998665 , -2.1371322 , -0.0022559294
0.06675073 , -2.1224387 , 0.002499356
0.058195308 , -2.1438904 , 0.0034179445
0.06309591 , -2.1241643 , 0.0016219842
0.0855605 , -2.148195 , -0.000307812
0.111398704 , -2.2019987 , -0.0026163429
0.123791285 , -2.2217476 , -0.010701683
0.09453976 , -2.1580427 , -0.004386477
0.07152438 , -2.127276 , -0.00010700934
0.07293813 , -2.1325917 , 0.0062216544
0.082882546 , -2.34393 , 0.0073479274
0.09699297 , -2.563773 , 0.019989062
0.13463715 , -2.758753 , 0.04923138
0.11288062 , -2.5463777 , 0.03246416
0.101549886 , -2.324137 , 0.01562524
0.13688992 , -2.3931365 , 0.045131788
0.12310557 , -2.431766 , 0.047410075
0.117411844 , -2.5426989 , 0.048428096
0.13092063 , -2.7130063 , 0.0485003
0.067829266 , -2.1280696 , 0.0039819567
0.07855653 , -2.1361332 , -0.0011541985
0.105033 , -2.1773765 , -0.0056636897
0.1328676 , -2.2626994 , -0.013562958
0.10355062 , -2.5856605 , 0.03550182
0.108437486 , -2.4554157 , 0.04051561
0.12590118 , -2.3976247 , 0.043998223
0.121962644 , -2.2395017 , -0.0029984228
0.09576574 , -2.1666372 , -0.0006065287
0.071143776 , -2.1313572 , 0.0013187537
0.055386525 , -2.1324892 , 0.0027775082
0.07219124 , -2.134128 , 0.0061673378
0.07231393 , -2.1285925 , -1.368246e-05
0.095737375 , -2.1603491 , -0.0043297843
0.12498695 , -2.2264585 , -0.010738045
0.11039713 , -2.1999176 , -0.002198227
0.084525 , -2.1471307 , 3.0247631e-05
0.062343337 , -2.124867 , 0.0018634932
0.060195077 , -2.1515324 , 0.0031691215
0.055565488 , -2.1213634 , 0.002199577
0.058076974 , -2.1241245 , 0.0028789868
0.07980659 , -2.1004062 , 0.0019159195
0.06841133 , -2.1217759 , 0.004488055
0.07236667 , -2.124133 , 0.0054035475
0.068228066 , -2.1175256 , 0.003153973
0.081210904 , -2.1114168 , 0.0020034146
0.043791562 , -2.1311953 , 0.002009726
0.04179696 , -2.1373641 , 0.003115819
0.08364751 , -2.1284335 , 0.0046403804
0.035225976 , -2.1454968 , 0.004019645
0.034201503 , -2.1502972 , 0.004640276
0.07293035 , -2.146609 , 0.007439131
0.041823283 , -2.1557555 , 0.005286741
0.055463042 , -2.1596525 , 0.005961897
0.08060418 , -2.142687 , -0.13854687
0.062013928 , -2.162879 , 0.0067586084
0.064514585 , -2.1670504 , 0.007143746
0.08698281 , -2.1625922 , 0.006522905
0.075134285 , -2.1712778 , 0.00784148
0.07901745 , -2.176323 , 0.007955458
0.07577777 , -2.1762137 , 0.008309466
0.087134406 , -2.17553 , 0.0067332913
0.047785092 , -2.181603 , 0.008051358
0.11766158 , -2.8801835 , 0.034820132
0.06661544 , -2.4942257 , 0.011595275
0.099507004 , -2.7580023 , 0.02394376
0.109710015 , -2.7291238 , 0.02875649
0.08757571 , -2.5081944 , 0.014717495
0.06579946 , -2.252885 , 0.008029275
0.114165016 , -2.7204113 , 0.03602695
0.087089404 , -2.4414377 , 0.017270034
0.093287855 , -2.2890596 , 0.011024347
0.108404964 , -2.5356255 , 0.029079564
0.13010576 , -2.7549894 , 0.046004653
0.10047117 , -2.639965 , 0.022885833
0.08033233 , -2.4121244 , 0.010415414
0.0935337 , -2.2650895 , 0.009881555
0.10711022 , -2.5152988 , 0.027665785
0.12817055 , -2.7351964 , 0.044667527
0.1023485 , -2.6549487 , 0.024052875
0.0822513 , -2.4296806 , 0.011111805
0.09411096 , -2.2396321 , 0.00893887
0.10590328 , -2.4949524 , 0.02624333
0.12627903 , -2.7154312 , 0.043337625
0.104226165 , -2.6698225 , 0.025228944
0.08405304 , -2.4467733 , 0.011892527
0.09490593 , -2.211945 , 0.0085467575
0.104794785 , -2.4745939 , 0.024819087
0.12443402 , -2.6956954 , 0.042006455
0.10610941 , -2.6845934 , 0.026409745
0.08577029 , -2.4634829 , 0.01274173
0.06651706 , -2.196366 , 0.007221665
0.1037985 , -2.4542391 , 0.023393027
0.122636914 , -2.6759741 , 0.040669847
0.10800379 , -2.6992853 , 0.02759355
0.08742743 , -2.4798431 , 0.013649097
0.07124758 , -2.2255964 , 0.0072385916
0.10293143 , -2.4338868 , 0.021968829
0.111913726 , -1.7739387 , -0.18283407
0.097422995 , -2.4189367 , -0.18329771
0.080602914 , -3.077333 , -0.18373922
0.056796886 , -3.7256622 , -0.18288386
0.10833985 , -1.9193798 , -0.18340923
0.094064966 , -2.5591168 , -0.18388812
0.07619171 , -3.206555 , -0.18402238
0.051147293 , -3.835024 , -0.18291098
0.105090804 , -2.0614676 , -0.18399122
0.090618946 , -2.6944525 , -0.18437605
0.07153826 , -3.3282747 , -0.1842207
0.11763239 , -1.5819408 , -0.18455185
0.10199496 , -2.1998894 , -0.18453957
0.08707106 , -2.8241062 , -0.18475512
0.06660439 , -3.4421878 , -0.18437389
0.113183945 , -1.7226977 , -0.18498924
0.098964974 , -2.3341155 , -0.18502112
0.08340854 , -2.9472997 , -0.1850361
0.061431307 , -3.5483181 , -0.18451549
0.10960535 , -1.8599783 , -0.18544154
0.09595467 , -2.4634602 , -0.18541604
0.079604864 , -3.0634363 , -0.18524602
0.056341987 , -3.6469643 , -0.18467118
0.10648659 , -1.9934869 , -0.18587203
0.092941314 , -2.5871766 , -0.18571873
0.07561127 , -3.1721952 , -0.18542182
0.1193514 , -1.5354561 , -0.18665633
0.10361836 , -2.1227283 , -0.18624283
0.08991096 , -2.7045572 , -0.18593684
0.07137197 , -3.273571 , -0.18560022
0.11474935 , -1.6686001 , -0.18699166
0.10090007 , -2.247035 , -0.18653046
0.08684313 , -2.8150315 , -0.18609111
0.06689427 , -3.3678467 , -0.18580912
0.11117861 , -1.7979987 , -0.18731356
0.09828608 , -2.3656704 , -0.18672967
0.0836975 , -2.9182527 , -0.18621406
0.062411897 , -3.4555316 , -0.18606696
0.108210474 , -1.923174 , -0.18758371
0.09575638 , -2.47794 , -0.1868489
0.080409065 , -3.0141633 , -0.18634465
0.12138271 , -1.4856602 , -0.18864603
0.10559741 , -2.0434499 , -0.18776816
0.093294546 , -2.583275 , -0.18690568
0.07690398 , -3.1030138 , -0.18651985
0.1166447 , -1.6115916 , -0.18887597
0.10322414 , -2.1580334 , -0.18785617
0.09087079 , -2.6812918 , -0.18692608
0.073158175 , -3.1853325 , -0.18676637
0.11308772 , -1.733486 , -0.18906264
0.10104499 , -2.2661684 , -0.18785855
0.08843064 , -2.7718494 , -0.18694481
0.06932786 , -3.2618542 , -0.18709877
0.11028033 , -1.8506728 , -0.1891633
0.10966139 , -2.307775 , -0.18755157
0.09803647 , -2.6222146 , -0.18832077
0.118855014 , -1.6742612 , -0.19345726
0.114383444 , -2.0359163 , -0.18942012
0.10996447 , -2.3424907 , -0.18720773
0.12977102 , -1.3298234 , -0.19742501
0.11824614 , -1.7479144 , -0.19256583
0.11527036 , -2.0826476 , -0.18869765
0.11004657 , -2.3715134 , -0.1870226
0.12622862 , -1.4242922 , -0.19693674
0.1183451 , -1.8119249 , -0.19166465
0.1164084 , -2.1211915 , -0.18798609
0.10977955 , -2.3963895 , -0.18708144
0.12401077 , -1.5104609 , -0.1959929
0.11906461 , -1.8665701 , -0.19074453
0.11767148 , -2.1521068 , -0.18731232
0.10910608 , -2.4192543 , -0.18748912
0.12285243 , -1.5863216 , -0.19487508
0.12030816 , -1.9121579 , -0.18979502
0.11891562 , -2.176169 , -0.18671367
0.13411303 , -1.2585315 , -0.20011114
0.122658096 , -1.6516403 , -0.1937419
0.12197244 , -1.9490402 , -0.18881895
0.119985364 , -2.1944265 , -0.18624322
0.1303779 , -1.3488209 , -0.19935949
0.123308234 , -1.7068778 , -0.19258857
0.12394292 , -1.9776697 , -0.18783253
0.12071855 , -2.208315 , -0.18598668
0.12813464 , -1.4289712 , -0.19802293
0.12467377 , -1.7524991 , -0.1913816
0.12609032 , -1.9986488 , -0.18686345
0.12092701 , -2.219899 , -0.18609352
0.12721305 , -1.497326 , -0.19659331
0.12663423 , -1.7889067 , -0.19010738
0.1282712 , -2.012768 , -0.18594928
0.13904715 , -1.1860806 , -0.2037329
0.12746096 , -1.5545348 , -0.19514509
0.12907268 , -1.8165232 , -0.18877378
0.13033254 , -2.0210447 , -0.18513867
0.13489886 , -1.2727907 , -0.20246835
0.12867793 , -1.6014056 , -0.1936051
0.13186696 , -1.8358586 , -0.18740574
0.13210942 , -2.0247774 , -0.18450129
0.13259323 , -1.3464789 , -0.20061505
0.13069305 , -1.6384988 , -0.19193853
0.13488428 , -1.847561 , -0.18604071
0.13336645 , -2.025709 , -0.18417118
0.13197121 , -1.4072243 , -0.19873162
0.13336526 , -1.6662748 , -0.19015335
0.13798113 , -1.8524532 , -0.18472362
0.14458603 , -1.1137458 , -0.20914781
0.13269825 , -1.4566213 , -0.19667056
0.13656537 , -1.6852072 , -0.18828917
0.1410064 , -1.8515613 , -0.18350622
0.10767661 , -2.9663255 , -0.09634452
0.1031207 , -3.8817832 , -0.09394548
0.109554455 , -1.5061897 , -0.09986203
0.11009767 , -2.3208234 , -0.09966226
0.107478924 , -3.1707718 , -0.09699743
0.10243014 , -4.090777 , -0.09597014
0.110087425 , -1.7045062 , -0.10145331
0.1101596 , -2.5143857 , -0.1006584
0.10737885 , -3.3765278 , -0.097749345
0.1010762 , -4.2896976 , -0.098669186
0.11100969 , -1.8979344 , -0.10294763
0.11019719 , -2.708212 , -0.10148323
0.107370466 , -3.5820029 , -0.09876846
0.09859474 , -4.474791 , -0.10187636
0.11159969 , -2.0877872 , -0.10427131
0.11028884 , -2.9028802 , -0.1022111
0.107357 , -3.784567 , -0.10022238
0.095474094 , -4.64381 , -0.10532402
0.11197095 , -2.275361 , -0.105406165
0.11048936 , -3.0983608 , -0.10294161
0.107097596 , -3.9808276 , -0.10221423
0.112157375 , -1.6781814 , -0.10738289
0.11226968 , -2.461767 , -0.106370606
0.11082408 , -3.293881 , -0.10379875
0.10620826 , -4.1673117 , -0.10472323
0.11285381 , -1.8641249 , -0.10871114
0.11260233 , -2.647791 , -0.10721029
0.111265205 , -3.4878383 , -0.10491931
0.10433563 , -4.34126 , -0.10760912
0.11347973 , -2.0466678 , -0.10992145
0.11304396 , -2.833771 , -0.107994355
0.11169436 , -3.6778686 , -0.106420524
0.101830296 , -4.5010514 , -0.11067853
0.1140047 , -2.2268202 , -0.11099421
0.11364226 , -3.019482 , -0.10881284
0.111872904 , -3.861181 , -0.10835448
0.11454848 , -1.6503174 , -0.113080375
0.114533946 , -2.4054136 , -0.11194508
0.11440859 , -3.2040508 , -0.109770894
0.11146501 , -4.035112 , -0.110681266
0.11494585 , -1.8283471 , -0.11426958
0.11516084 , -2.5829728 , -0.1128152
0.11529618 , -3.3859482 , -0.11097292
0.110189535 , -4.1976447 , -0.11328662
0.11556078 , -2.0031104 , -0.11538744
0.11595335 , -2.759609 , -0.113666214
0.116172865 , -3.56313 , -0.11249496
0.10829816 , -4.347631 , -0.11602824
0.11621667 , -2.1753445 , -0.11641504
0.11695009 , -2.9349372 , -0.11457498
0.11680821 , -3.7333615 , -0.11435609
0.11726165 , -1.6205436 , -0.11853506
0.11696659 , -2.345615 , -0.11736583
0.118148685 , -3.1080399 , -0.115624815
0.14126156 , -2.0474586 , -0.1491564
0.15293278 , -2.5282233 , -0.15049365
0.16260485 , -2.983671 , -0.15108159
0.13909815 , -1.6457701 , -0.14928854
0.14488256 , -2.1461632 , -0.15055119
0.15765843 , -2.6071937 , -0.15185001
0.16542774 , -3.0491407 , -0.1520259
0.14025679 , -1.7560222 , -0.15044613
0.14911604 , -2.237199 , -0.15196836
0.16236922 , -2.678723 , -0.15311924
0.16791335 , -3.1104386 , -0.15280722
0.14250344 , -1.8600847 , -0.15175657
0.15384153 , -2.3202808 , -0.15337673
0.16687079 , -2.7433796 , -0.15425217
0.14380892 , -1.4685564 , -0.15187033
0.14569323 , -1.9569197 , -0.15316689
0.15892433 , -2.3953238 , -0.15474793
0.17097576 , -2.8020546 , -0.15520047
0.14339055 , -1.5774801 , -0.15290259
0.14969175 , -2.045822 , -0.15461086
0.16421294 , -2.4624488 , -0.15604866
0.17455934 , -2.855935 , -0.1559289
0.14450304 , -1.6807802 , -0.15414135
0.15436162 , -2.12644 , -0.15604101
0.1695377 , -2.5220199 , -0.15723705
0.1776867 , -2.9064045 , -0.15643276
0.14690293 , -1.7770464 , -0.15555365
0.15956633 , -2.1986663 , -0.15742856
0.1747152 , -2.574694 , -0.15826192
0.14867394 , -1.4038818 , -0.1553328
0.15038851 , -1.8651617 , -0.15704197
0.16516615 , -2.2625606 , -0.15874931
0.17956309 , -2.6214669 , -0.15906487
0.14794083 , -1.5070009 , -0.15641123
0.15476923 , -1.9445772 , -0.15851764
0.17101088 , -2.318352 , -0.15997395
0.18392935 , -2.6637068 , -0.15958996
0.1489982 , -1.6038696 , -0.15776329
0.15987499 , -2.0151653 , -0.15993473
0.17693652 , -2.366476 , -0.16106464
0.18776056 , -2.703112 , -0.15980956
0.15156843 , -1.6926793 , -0.15929659
0.16555583 , -2.077 , -0.1612717
0.18276885 , -2.4076285 , -0.16197301
0.15383154 , -1.3366176 , -0.15877888
0.15536465 , -1.7723398 , -0.16085088
0.17166777 , -2.13027 , -0.16250958
0.18833481 , -2.4428308 , -0.16263713
0.1527228 , -1.4346321 , -0.15992592
0.16013093 , -1.842589 , -0.16232622
0.17806037 , -2.1752942 , -0.16362324
0.19347753 , -2.4735215 , -0.16298062
0.15374121 , -1.5255625 , -0.16144072
0.16566956 , -1.9035624 , -0.16369002
0.184572 , -2.212563 , -0.16458003
0.1980672 , -2.5016425 , -0.16293098
0.1565192 , -1.6071482 , -0.16310403
0.1718217 , -1.9555005 , -0.16493076
0.19103281 , -2.2427886 , -0.16533884
0.15925355 , -1.2670908 , -0.1623666
0.16064297 , -1.678563 , -0.16468482
0.17843975 , -1.9986998 , -0.1660342
0.19727582 , -2.2669628 , -0.16584544
0.15770268 , -1.3608062 , -0.16363274
0.16579413 , -1.739976 , -0.16610019
0.18537162 , -2.0335538 , -0.16697948
0.20315021 , -2.286465 , -0.1660212
0.1587462 , -1.4461526 , -0.16537687
0.1717599 , -1.7917775 , -0.16734165
0.19245507 , -2.060603 , -0.16774018
0.20850433 , -2.303257 , -0.16575266
0.16178796 , -1.5205597 , -0.16713485
0.17837706 , -1.8343372 , -0.16840693
0.19951974 , -2.0805774 , -0.16828512
0.1648868 , -1.1958042 , -0.16635525
0.16624965 , -1.5838959 , -0.16864401
0.18549427 , -1.8680351 , -0.16928712
0.20639679 , -2.0944395 , -0.16857639
0.16285633 , -1.2861334 , -0.16786146
0.1717792 , -1.6368289 , -0.16988206
0.19295608 , -1.8933278 , -0.16996863
0.21293296 , -2.1034493 , -0.16855982
0.16406612 , -1.3658727 , -0.1698798
0.17816421 , -1.6799265 , -0.17086613
0.2005975 , -1.9108056 , -0.17043547
0.21897738 , -2.1093388 , -0.16813555
0.16742486 , -1.4329301 , -0.17156282
0.1852388 , -1.7136374 , -0.1716055
0.20824492 , -1.9212294 , -0.17066984
0.22427519 , -2.1147897 , -0.16710016
0.1722191 , -1.4883814 , -0.17276819
0.19284639 , -1.7384036 , -0.17210615
0.21572217 , -1.925564 , -0.1706516
0.16824171 , -1.2114054 , -0.17328131
0.17811573 , -1.5332333 , -0.1735641
0.20082685 , -1.754739 , -0.17237397
0.22285967 , -1.9250084 , -0.17035763
0.16982704 , -1.2847072 , -0.17534237
0.18490846 , -1.5681112 , -0.17400478
0.20901062 , -1.7632853 , -0.17240857
0.22948198 , -1.9210597 , -0.16974998
0.17351243 , -1.3442051 , -0.17637773
0.19243069 , -1.5934931 , -0.1741627
0.21722166 , -1.7648405 , -0.17220905
0.23521249 , -1.9158334 , -0.16870007
0.17860277 , -1.3921 , -0.17656523
0.20050877 , -1.6099046 , -0.17405014
0.22527155 , -1.7604163 , -0.1717327
0.09989587 , -1.3590771 , -0.099564165
0.11552299 , -1.4878864 , -0.13761027
0.12654245 , -1.4750041 , -0.16169506
0.14600034 , -1.2556355 , -0.17921215
0.10543625 , -1.3828967 , -0.1111522
0.11820271 , -1.4925168 , -0.14427987
0.1303909 , -1.4331357 , -0.16622181
0.15287097 , -1.1719562 , -0.18431804
0.10969774 , -1.4059025 , -0.12071513
0.12091054 , -1.4881206 , -0.15036215
0.134892 , -1.3799739 , -0.17040335
0.16029409 , -1.084611 , -0.19207105
0.1131628 , -1.4263015 , -0.12904347
0.123815335 , -1.4732977 , -0.15590483
0.1401486 , -1.3161687 , -0.17440782
0.09912873 , -1.2991171 , -0.09741147
0.116156615 , -1.4419582 , -0.13650145
0.127078 , -1.4471471 , -0.16094798
0.14624746 , -1.2427578 , -0.17855144
0.10567172 , -1.3257202 , -0.10948453
0.11891492 , -1.4507143 , -0.1432702
0.13084698 , -1.4092966 , -0.16554323
0.15325236 , -1.1612631 , -0.18346988
0.11029043 , -1.3516171 , -0.11930273
0.12163827 , -1.4506229 , -0.14944202
0.13525595 , -1.3598857 , -0.16977641
0.16111027 , -1.0743986 , -0.19066343
0.11392465 , -1.375365 , -0.12779672
0.1245107 , -1.4401432 , -0.15506874
0.1404262 , -1.2995104 , -0.17380165
0.10130649 , -1.2375683 , -0.09515524
0.11700435 , -1.3948271 , -0.13537696
0.12770344 , -1.4182506 , -0.16019036
0.14647982 , -1.2291452 , -0.17790666
0.107015535 , -1.2672812 , -0.10774942
0.11979319 , -1.4077305 , -0.14224675
0.13137369 , -1.3844706 , -0.16485567
0.15357624 , -1.1501199 , -0.18266544
0.11142972 , -1.2961066 , -0.11785292
0.12250195 , -1.411979 , -0.14850917
0.13566351 , -1.3388655 , -0.16914375
0.16201611 , -1.0644406 , -0.1893928
0.115016654 , -1.3231978 , -0.1265255
0.12532032 , -1.4058881 , -0.15422052
0.14070328 , -1.2819839 , -0.17319575
0.10488146 , -1.1745842 , -0.09265672
0.118080966 , -1.3464706 , -0.1342342
0.12842396 , -1.3883065 , -0.15942138
0.14662749 , -1.2147678 , -0.17727406
0.1091281 , -1.2075958 , -0.10592106
0.120846294 , -1.3635446 , -0.14120813
0.13197394 , -1.358654 , -0.16415823
0.15362282 , -1.1384543 , -0.18189815
0.11301999 , -1.239362 , -0.11635495
0.12350809 , -1.3721715 , -0.14756252
0.13611482 , -1.3169131 , -0.16850379
0.16208535 , -1.0546274 , -0.18823576
0.1164044 , -1.2697812 , -0.12522472
0.12625006 , -1.3705187 , -0.15335938
0.1409753 , -1.2635847 , -0.17258757
0.17137049 , -0.9469274 , -0.2012094
0.13880718 , -0.63189936 , -0.113649264
0.14554468 , -0.91941905 , -0.1461057
0.15314038 , -0.9892056 , -0.16758299
0.16823514 , -0.82354534 , -0.1866245
0.12313136 , -0.9708428 , -0.13241395
0.11874371 , -1.1089468 , -0.13824718
0.13736306 , -0.67927116 , -0.13924119
0.13467969 , -0.815149 , -0.14363731
0.13093707 , -0.95244706 , -0.14739653
0.1260541 , -1.0880245 , -0.15036489
0.14794323 , -0.6707741 , -0.15240824
0.14289351 , -0.8091446 , -0.15494074
0.13773766 , -0.9439777 , -0.15718463
0.13235727 , -1.0741014 , -0.15914387
0.12693743 , -1.198793 , -0.1608852
0.14967418 , -0.81678444 , -0.16261749
0.1434914 , -0.94426316 , -0.16431908
0.13759024 , -1.0660555 , -0.16591026
0.13198645 , -1.1820629 , -0.16741161
0.12684569 , -1.2923347 , -0.16884774
0.14800507 , -0.9479548 , -0.1700883
0.14173125 , -1.0594 , -0.17151678
0.13595031 , -1.1651498 , -0.17289388
0.13070092 , -1.2653449 , -0.17422554
0.1514899 , -0.9484709 , -0.17511241
0.14503291 , -1.0485762 , -0.17643072
0.13916028 , -1.1432691 , -0.17770937
0.13391256 , -1.232715 , -0.17894667
0.12929751 , -1.31708 , -0.18014234
0.14791664 , -1.0287354 , -0.18085061
0.14202528 , -1.1121851 , -0.18203749
0.1368651 , -1.1907821 , -0.18318352
0.13241743 , -1.2646843 , -0.18428242
0.12861173 , -1.3340248 , -0.1853275
0.1449898 , -1.0687786 , -0.18597087
0.1399483 , -1.136869 , -0.18703775
0.13575909 , -1.200726 , -0.18805484
0.13231915 , -1.2604539 , -0.18900883
0.14852637 , -1.011242 , -0.18959445
0.14356495 , -1.069548 , -0.19060649
0.1396179 , -1.1241335 , -0.19157544
0.13663064 , -1.1750561 , -0.19248155
0.13435823 , -1.2223074 , -0.19331522
0.1481962 , -0.9890456 , -0.19402698
0.14430067 , -1.0354297 , -0.19500247
0.14167842 , -1.0785264 , -0.19594207
0.14008951 , -1.1182362 , -0.1968499
0.13914289 , -1.1545151 , -0.19776009
0.15019178 , -0.937821 , -0.1985826
0.14760529 , -0.9739156 , -0.19970721
0.14651187 , -1.0064223 , -0.20097832
0.1466067 , -1.0355513 , -0.20254889
0.15769073 , -0.839869 , -0.20294152
0.15443486 , -0.8690735 , -0.20468172
0.15377036 , -0.8932948 , -0.20706148
0.1548227 , -0.9133564 , -0.21058875
0.10453633 , -1.0427858 , -0.049305126
0.12409855 , -0.61915493 , -0.05375388
0.11870567 , -0.74977255 , -0.058288075
0.11386502 , -0.88515854 , -0.062282026
0.10957306 , -1.0223734 , -0.06631335
0.105604455 , -1.1575325 , -0.07063396
0.122109145 , -0.7372463 , -0.072789095
0.118143424 , -0.8748873 , -0.07661426
0.11479828 , -1.0091743 , -0.08045463
0.111755684 , -1.1387234 , -0.084297374
0.1268463 , -0.7439476 , -0.08623799
0.12320168 , -0.8765872 , -0.08976085
0.12017827 , -1.0038862 , -0.093212634
0.11752208 , -1.1255187 , -0.09659053
0.11522344 , -1.2413778 , -0.09986454
0.12905289 , -0.8850615 , -0.10185051
0.12606506 , -1.0025636 , -0.10489285
0.12351491 , -1.1142763 , -0.10785089
0.121378966 , -1.2202941 , -0.11071707
0.119737275 , -1.3207667 , -0.11348128
0.13258068 , -0.9992182 , -0.11548265
0.12999521 , -1.0998935 , -0.11808121
0.12790088 , -1.1951398 , -0.120599665
0.12631132 , -1.2851231 , -0.12303493
0.1397817 , -0.9883129 , -0.12499991
0.13706267 , -1.0775567 , -0.12728134
0.13493717 , -1.1617401 , -0.1294939
0.13338763 , -1.2410302 , -0.13163808
0.13238436 , -1.3155799 , -0.13371807
0.14479938 , -1.0435591 , -0.13548599
0.14256294 , -1.1168667 , -0.13742378
0.1410136 , -1.1857291 , -0.13930994
0.14010964 , -1.250281 , -0.1411509
0.13972642 , -1.310616 , -0.14295582
0.15082777 , -1.0585144 , -0.14446895
0.14916961 , -1.1175989 , -0.14614421
0.14834657 , -1.1728592 , -0.1478015
0.14821574 , -1.2243394 , -0.14945067
0.15975289 , -0.9861869 , -0.15081443
0.15774198 , -1.0364958 , -0.15237568
0.15687615 , -1.0834448 , -0.15396401
0.15704149 , -1.126994 , -0.15558584
0.15791313 , -1.1670681 , -0.15723523
0.16641788 , -0.9445965 , -0.15855859
0.16522944 , -0.9843327 , -0.16034997
0.16567886 , -1.0207003 , -0.16223283
0.16733159 , -1.0536195 , -0.16414906
0.16961953 , -1.0834075 , -0.16601849
0.17235957 , -0.88203275 , -0.1687151
0.1731119 , -0.91107976 , -0.17164642
0.17568795 , -0.9358508 , -0.17461285
0.17929979 , -0.9576746 , -0.17739831
0.17678018 , -0.79010206 , -0.18295278
0.07121135 , -5.185459 , -0.13581839
0.06891966 , -5.1742096 , -0.13660546
0.046377257 , -5.590139 , -0.15486448
0.04383234 , -5.548352 , -0.15532549
0.041374225 , -5.501063 , -0.15572694
0.039217975 , -5.4486365 , -0.15622109
0.037426613 , -5.391421 , -0.15686445
0.036070433 , -5.3297467 , -0.15769914
0.035109226 , -5.263912 , -0.15868047
0.034540515 , -5.194194 , -0.15979604
0.03433161 , -5.1208544 , -0.16100843
0.034473985 , -5.0441413 , -0.16230793
0.034957808 , -4.9642854 , -0.1636771
0.03578575 , -4.881492 , -0.16511644
0.011619377 , -5.162199 , -0.17584592
0.012954213 , -5.0584307 , -0.17651825
0.014614754 , -4.953169 , -0.17721675
0.016601171 , -4.84659 , -0.17794007
0.018902324 , -4.7388453 , -0.17868833
0.021501131 , -4.6300726 , -0.17945193
0.02437881 , -4.5203996 , -0.18022633
0.027515875 , -4.409949 , -0.181003
0.030893123 , -4.298836 , -0.18177748
0.034491546 , -4.1871743 , -0.18254338
0.03829213 , -4.0750685 , -0.18329687
0.04227602 , -3.9626174 , -0.18403244
0.025744896 , -4.0974236 , -0.18843786
0.030666433 , -3.971326 , -0.18873508
0.03586896 , -3.8457716 , -0.18903492
0.04132575 , -3.7208383 , -0.18932725
0.047007322 , -3.5965908 , -0.18960334
0.052884333 , -3.4730875 , -0.18985069
0.058927003 , -3.3503842 , -0.19006036
0.06510503 , -3.2285335 , -0.19021773
0.071388975 , -3.1075873 , -0.19031459
0.07774765 , -2.9875977 , -0.19033551
0.08414822 , -2.868618 , -0.1902717
0.09055055 , -2.7507048 , -0.19010212
0.08744353 , -2.7614024 , -0.18934049
0.09495577 , -2.6366758 , -0.18895155
0.102655925 , -2.5134025 , -0.18847382
0.11034855 , -2.39146 , -0.18795879
0.11810746 , -2.2707946 , -0.18729551
0.12590185 , -2.1515205 , -0.1867008
0.13389531 , -2.034115 , -0.18630543
0.044927586 , -5.2842193 , -0.071077295
0.048977297 , -5.2690244 , -0.07356017
0.053270604 , -5.2477374 , -0.07628567
0.058136668 , -5.220008 , -0.07930414
0.06314898 , -5.185824 , -0.082147
0.048787005 , -5.572299 , -0.076139055
0.05311394 , -5.510656 , -0.079518296
0.05743342 , -5.444684 , -0.08296991
0.061845604 , -5.3747454 , -0.08654354
0.066312395 , -5.301141 , -0.090111226
0.07085446 , -5.2241335 , -0.093694605
0.07547448 , -5.143966 , -0.097237535
0.08017416 , -5.0608673 , -0.1007446
0.084968805 , -4.975052 , -0.10418517
0.08986863 , -4.8867216 , -0.10755662
0.09490389 , -4.796064 , -0.11083402
0.10011037 , -4.7032475 , -0.1140025
0.08250878 , -4.948416 , -0.11183808
0.088214226 , -4.836526 , -0.115182415
0.09387911 , -4.7237515 , -0.11849436
0.09954702 , -4.610234 , -0.12174002
0.10524607 , -4.496098 , -0.124903575
0.1109954 , -4.3814573 , -0.12797333
0.11680924 , -4.2664194 , -0.13094491
0.1226992 , -4.151084 , -0.1338139
0.12867561 , -4.0355496 , -0.1365778
0.1347488 , -3.9199088 , -0.13923235
0.14093003 , -3.804251 , -0.14177167
0.1472323 , -3.6886628 , -0.14418615
0.13554941 , -3.79068 , -0.14381918
0.14281839 , -3.6631374 , -0.14619894
0.15000345 , -3.5364656 , -0.14850578
0.15713944 , -3.410722 , -0.15071099
0.16424164 , -3.2859578 , -0.15279703
0.17132115 , -3.162219 , -0.15474737
0.1783785 , -3.039547 , -0.15655367
0.18542016 , -2.9179785 , -0.15820725
0.19245292 , -2.7975483 , -0.15972012
0.19947915 , -2.678293 , -0.16109312
0.20650095 , -2.560257 , -0.16235846
0.21340396 , -2.443514 , -0.16344321
0.21425615 , -2.430984 , -0.16238411
0.22266556 , -2.3083436 , -0.1631164
0.2309966 , -2.1865985 , -0.16378516
0.23890676 , -2.065935 , -0.16406445
0.044466134 , -5.631541 , -0.11164266
0.10207435 , -2.0671272 , -0.06327454
0.10487739 , -2.4217045 , -0.06035753
0.10496314 , -2.6978679 , -0.0572503
0.0973445 , -1.7785844 , -0.06265018
0.103063315 , -2.1569028 , -0.06117788
0.104313046 , -2.480623 , -0.05797042
0.103854425 , -2.7255192 , -0.05527472
0.09901983 , -1.8815843 , -0.060879838
0.10346584 , -2.2368867 , -0.058991835
0.10339428 , -2.5284927 , -0.055615336
0.102566525 , -2.744299 , -0.05348464
0.10071035 , -1.9764979 , -0.059032626
0.10332507 , -2.3066826 , -0.056728344
0.102185465 , -2.565632 , -0.053339887
0.10093686 , -2.7549756 , -0.0518976
0.10188829 , -2.0629766 , -0.057103157
0.102687314 , -2.365984 , -0.054407466
0.100761496 , -2.592598 , -0.05119074
0.099104054 , -1.8180985 , -0.056351222
0.10243962 , -2.1406498 , -0.055091113
0.10160619 , -2.4146178 , -0.052059736
0.09920589 , -2.6101506 , -0.049208045
0.10016243 , -1.9077456 , -0.054634508
0.102377646 , -2.2091515 , -0.052997828
0.10014758 , -2.452599 , -0.049727194
0.097595334 , -2.6191797 , -0.04742331
0.10132704 , -1.9897311 , -0.052858766
0.10174211 , -2.268138 , -0.050827526
0.098393075 , -2.4801846 , -0.04746127
0.095874175 , -2.6206038 , -0.045859855
0.102019645 , -2.063799 , -0.051016495
0.10058113 , -2.317308 , -0.048591055
0.096441805 , -2.4979043 , -0.04531715
0.093257084 , -2.6152413 , -0.044515513
0.10208092 , -2.1296852 , -0.049106732
0.09895344 , -2.3564446 , -0.04631106
0.09441287 , -2.5065546 , -0.043346588
0.10172182 , -1.9377772 , -0.048486866
0.10150831 , -2.1871297 , -0.047127414
0.096933454 , -2.3854814 , -0.044025555
0.0924449 , -2.5071416 , -0.041592028
0.10231661 , -2.0070784 , -0.04679369
0.10034034 , -2.2358656 , -0.04507482
0.0946161 , -2.4045846 , -0.041787773
0.09060727 , -2.5007744 , -0.040084455
0.10247649 , -2.069048 , -0.045053113
0.09862923 , -2.275615 , -0.04294926
0.09212138 , -2.4142222 , -0.03966181
0.08823904 , -2.4885056 , -0.038833767
0.10200548 , -2.1235483 , -0.043263722
0.09643885 , -2.306123 , -0.04076353
0.089601114 , -2.4152014 , -0.03771472
0.10366996 , -1.9709604 , -0.042475324
0.10088744 , -2.1704476 , -0.041419454
0.057797782 , -2.095782 , -0.0029674505
0.117974386 , -2.2051554 , -0.006820574
0.09422711 , -2.1535678 , -0.006675191
0.07139707 , -2.1247838 , -0.0043546027
0.055050272 , -2.0854328 , -0.0013224892
0.1124268 , -2.1900947 , -0.006741631
0.08840736 , -2.1464496 , -0.0054285727
0.066094 , -2.1169913 , -0.00285958
0.055615358 , -2.0774086 , 0.00029013047
0.10667495 , -2.1782398 , -0.0060711973
0.082530014 , -2.139187 , -0.0040751006
0.061315116 , -2.1103485 , -0.0013694896
0.09310465 , -1.3292537 , -0.036939543
0.10194531 , -2.2786212 , -0.050610486
0.09164928 , -3.1425562 , -0.054642577
0.07212843 , -4.066452 , -0.053865474
0.10113357 , -1.5744356 , -0.041553818
0.100074194 , -2.4816055 , -0.051735062
0.08756987 , -3.3442895 , -0.05393444
0.063802265 , -4.2777386 , -0.053489637
0.10315092 , -1.803311 , -0.04498867
0.09756945 , -2.6802268 , -0.0523181
0.082790926 , -3.5462081 , -0.05306534
0.052896295 , -4.4789405 , -0.054290496
0.10309232 , -2.0200024 , -0.047244214
0.094485424 , -2.8756106 , -0.052441813
0.077153414 , -3.7476587 , -0.052187383
0.037760604 , -4.664686 , -0.05534278
0.1018716 , -2.2272172 , -0.04881046
0.09082465 , -3.068657 , -0.052197184
0.070395075 , -3.9468777 , -0.051536765
0.102665395 , -1.5249015 , -0.04177581
0.09984941 , -2.4266794 , -0.04982632
0.08654874 , -3.2599094 , -0.05168498
0.062138714 , -4.1404505 , -0.05144695
0.10384356 , -1.7549745 , -0.043871965
0.06907572 , -3.9014454 , -0.050701723
0.10381866 , -1.5250046 , -0.042044405
0.09957821 , -2.415721 , -0.04906256
0.08571311 , -3.232733 , -0.050783876
0.060789652 , -4.085711 , -0.050721444
0.104401894 , -1.7520605 , -0.043555427
0.09677365 , -2.6054647 , -0.04956189
0.0805995 , -3.415749 , -0.050212905
0.050768103 , -4.2598467 , -0.05112596
0.103592634 , -1.9664977 , -0.04518453
0.093379915 , -2.7892897 , -0.049705215
0.074670926 , -3.5952058 , -0.049691696
0.038163427 , -4.4238615 , -0.0512939
0.10190683 , -2.1688766 , -0.046462484
0.0894011 , -2.9680817 , -0.049569428
0.06777528 , -3.769353 , -0.049405728
0.105938226 , -1.4964854 , -0.042105995
0.099515826 , -2.3608375 , -0.04733397
0.08480739 , -3.1423037 , -0.049247097
0.05975211 , -3.9357562 , -0.049446892
0.10584395 , -1.7159821 , -0.04269288
0.09650721 , -2.543917 , -0.04784261
0.07954139 , -3.3118706 , -0.048852734
0.05032656 , -4.0927353 , -0.04961419
0.10444943 , -1.9249573 , -0.043730825
0.092918545 , -2.7193456 , -0.048048425
0.07352581 , -3.4760222 , -0.04852091
0.03881898 , -4.240945 , -0.04959906
0.10233745 , -2.1220672 , -0.04476132
0.08875233 , -2.8879938 , -0.04802156
0.06668001 , -3.6333442 , -0.048368085
0.10810796 , -1.4810075 , -0.041737907
0.09963451 , -2.307853 , -0.045566395
0.08398667 , -3.0503013 , -0.04784651
0.058911916 , -3.7822769 , -0.048392847
0.1074559 , -1.6903943 , -0.0418643
0.096373245 , -2.483433 , -0.046099085
0.118251525 , -1.7454286 , -0.034231152
0.09797118 , -2.2217631 , -0.035749987
0.07403073 , -2.6328526 , -0.038825464
0.04673595 , -2.9694643 , -0.041352365
0.1139041 , -1.8709166 , -0.034033563
0.09241196 , -2.3209326 , -0.035984024
0.06744522 , -2.698417 , -0.039132092
0.039037753 , -3.0073361 , -0.041434832
0.10931134 , -1.9876392 , -0.033910386
0.08652422 , -2.4089985 , -0.036280032
0.06063816 , -2.7530897 , -0.039383158
0.030688351 , -3.0367408 , -0.04156022
0.10426191 , -2.095073 , -0.033881623
0.08033557 , -2.4857464 , -0.0366121
0.05366581 , -2.7974389 , -0.039565567
0.12059129 , -1.773568 , -0.032649755
0.098794706 , -2.192688 , -0.033952262
0.073877886 , -2.5511365 , -0.036951635
0.046565235 , -2.832158 , -0.039686218
0.115738966 , -1.8856753 , -0.032399178
0.09297742 , -2.2800002 , -0.034115285
0.06719678 , -2.6053329 , -0.037267767
0.03930623 , -2.857973 , -0.039778687
0.11079824 , -1.989328 , -0.03221484
0.08686236 , -2.3566163 , -0.034355074
0.06035521 , -2.6487238 , -0.037531875
0.031648044 , -2.8755336 , -0.03990215
0.10545887 , -2.0840974 , -0.032114435
0.0804887 , -2.4222722 , -0.034649078
0.053432226 , -2.6819057 , -0.037725743
0.12305396 , -1.8068298 , -0.031026218
0.099724874 , -2.1695364 , -0.032106273
0.07389433 , -2.4768722 , -0.03496815
0.046516128 , -2.705628 , -0.03785027
0.117694065 , -1.9055772 , -0.030719433
0.093664356 , -2.2452168 , -0.03219007
0.067127906 , -2.5205324 , -0.035277937
0.03966867 , -2.7207055 , -0.037932504
0.11238813 , -1.9962548 , -0.030472998
0.087340176 , -2.310764 , -0.03235815
0.0602586 , -2.5536113 , -0.03554369
0.03273544 , -2.72792 , -0.038028926
0.10675229 , -2.0785263 , -0.030299965
0.08080118 , -2.3658912 , -0.032594938
0.053384546 , -2.57671 , -0.03573851
0.12560946 , -1.8444455 , -0.029368911
0.10075658 , -2.1520398 , -0.03020885
0.07409067 , -2.4104483 , -0.0328753
0.046638798 , -2.5906343 , -0.035852846
0.11975552 , -1.9299514 , -0.029003318
0.094466716 , -2.2164516 , -0.03020394
0.067259654 , -2.444479 , -0.03316459
0.04017291 , -2.596315 , -0.03590399
0.114075035 , -2.0078418 , -0.02869254
0.0879532 , -2.2714357 , -0.030285645
0.060381528 , -2.4682777 , -0.033422418
0.03397295 , -2.5947 , -0.035944596
0.10813718 , -2.0778782 , -0.028443169
0.08127252 , -2.3167052 , -0.030447504
0.053568132 , -2.4824238 , -0.033610635
0.12822387 , -1.8856317 , -0.027684983
0.10188412 , -2.1398213 , -0.028262032
0.07447268 , -2.3520567 , -0.030671619
0.04698825 , -2.487771 , -0.03370454
0.12190131 , -1.9581103 , -0.027260212
0.09537869 , -2.193434 , -0.02815716
0.06760704 , -2.3774462 , -0.030926114
0.040874682 , -2.4853864 , -0.033706423
0.115846895 , -2.0234845 , -0.026883258
0.0886966 , -2.238462 , -0.028137475
0.060751475 , -2.3930738 , -0.031166896
0.035387166 , -2.476431 , -0.033660837
0.10960487 , -2.0816274 , -0.026552597
0.08189982 , -2.2746315 , -0.028206794
0.05402558 , -2.3994603 , -0.03134405
0.02970266 , -2.4619768 , -0.033657975
0.10310036 , -2.1324344 , -0.026272286
0.07504079 , -2.301692 , -0.028356018
0.04762185 , -2.3974822 , -0.031413563
0.12410127 , -1.9893169 , -0.02549975
0.09639457 , -2.1757984 , -0.02605468
0.068176515 , -2.3195045 , -0.028558558
0.04183846 , -2.388346 , -0.031355217
0.11768461 , -2.0425255 , -0.025055975
0.08956578 , -2.2115512 , -0.02591829
0.061385613 , -2.328154 , -0.02877013
0.037015725 , -2.3734722 , -0.031196693
0.11114168 , -2.089187 , -0.024638725
0.08267889 , -2.239439 , -0.025877343
0.05479065 , -2.3280597 , -0.02893199
0.032670468 , -2.3542747 , -0.031036384
0.1043956 , -2.129362 , -0.024248647
0.075790845 , -2.25917 , -0.025931036
0.048594266 , -2.3200684 , -0.028979529
0.12631889 , -2.0228584 , -0.02373588
0.09750822 , -2.1630964 , -0.023904717
0.068965204 , -2.2705202 , -0.026059015
0.043136097 , -2.3054936 , -0.028861456
0.11956308 , -2.0643148 , -0.02322635
0.09055666 , -2.1903117 , -0.023637021
0.062286813 , -2.2734547 , -0.026221093
0.038915224 , -2.286042 , -0.028573623
0.112729594 , -2.0999615 , -0.022716375
0.08360524 , -2.2107701 , -0.023469023
0.055880647 , -2.2682583 , -0.026356773
0.03594965 , -2.263574 , -0.028206335
0.10575827 , -2.1300673 , -0.022203967
0.07671567 , -2.2241466 , -0.023405135
0.049948175 , -2.2556725 , -0.0263861
0.12850833 , -2.05796 , -0.021986652
0.0987139 , -2.15485 , -0.021719752
0.069962084 , -2.2301552 , -0.023429642
0.04484104 , -2.2370281 , -0.02622189
0.12144908 , -2.088142 , -0.021414412
0.09166638 , -2.174307 , -0.021307997
0.06344204 , -2.228669 , -0.023509312
0.04116639 , -2.214283 , -0.025807936
0.114344686 , -2.113299 , -0.020804023
0.08467528 , -2.1881971 , -0.020998282
0.057288814 , -2.219835 , -0.023591286
0.0395011 , -2.1898365 , -0.025194611
0.10717445 , -2.1339664 , -0.020154191
0.07780756 , -2.1961677 , -0.02079462
0.05170016 , -2.2042212 , -0.0235945
0.1306153 , -2.093912 , -0.020283032
0.10000583 , -2.150544 , -0.019516379
0.07115195 , -2.197908 , -0.02068164
0.04701335 , -2.1830282 , -0.023403913
0.12330275 , -2.1133308 , -0.019653466
0.09289261 , -2.163062 , -0.01895118
0.064825855 , -2.193255 , -0.020632265
0.04387082 , -2.158313 , -0.022894038
0.115959376 , -2.1285655 , -0.018930448
0.08588592 , -2.1712394 , -0.018487923
0.05898186 , -2.1822684 , -0.020607533
0.043324776 , -2.1330197 , -0.022023946
0.10863066 , -2.1404994 , -0.018123826
0.079059444 , -2.1747007 , -0.018122885
0.053825323 , -2.1653316 , -0.020544214
0.13256772 , -2.1299222 , -0.01867205
0.10137993 , -2.1496913 , -0.01732111
0.072519526 , -2.173154 , -0.017835608
0.04967238 , -2.1433678 , -0.020328613
0.12507309 , -2.139127 , -0.01799309
0.09423366 , -2.1561198 , -0.016597176
0.06640815 , -2.1664715 , -0.01760055
0.04712864 , -2.1182365 , -0.019775571
0.1175416 , -2.1450682 , -0.017136361
0.087234154 , -2.1594162 , -0.015969954
0.06090751 , -2.1547196 , -0.01739032
0.04750433 , -2.0931969 , -0.018692032
0.110115 , -2.1490874 , -0.016149405
0.08046511 , -2.1591954 , -0.0154207675
0.05625136 , -2.1381905 , -0.017169114
0.1342664 , -2.1652906 , -0.017236054
0.10283296 , -2.1518097 , -0.015176475
0.074052185 , -2.1552246 , -0.0149198845
0.052760664 , -2.1175113 , -0.0168647
0.1266994 , -2.1648154 , -0.016517334
0.09568603 , -2.1530235 , -0.014292472
0.06816275 , -2.1474745 , -0.014437635
0.050981287 , -2.0940197 , -0.01629946
0.11906251 , -2.1621602 , -0.015486166
0.08871447 , -2.1522408 , -0.013488528
0.06301212 , -2.1361203 , -0.0139484545
0.052214075 , -2.0706608 , -0.015122056
0.111623555 , -2.1592429 , -0.0142940525
0.082016915 , -2.1490924 , -0.012727243
0.058877315 , -2.1215272 , -0.01343224
0.059305966 , -2.053092 , -0.013080081
0.104363196 , -2.1564996 , -0.013155817
0.075738534 , -2.1434422 , -0.011968562
0.05612688 , -2.1042402 , -0.012867107
0.12810495 , -2.189542 , -0.015356695
0.09724336 , -2.1533673 , -0.012108094
0.070069864 , -2.1354005 , -0.011175299
0.055313174 , -2.0850856 , -0.01217854
0.12050595 , -2.1791615 , -0.014070439
0.09031774 , -2.1492586 , -0.011103952
0.065255836 , -2.1253195 , -0.010314641
0.057604194 , -2.0658867 , -0.0110396175
0.11316137 , -2.1705425 , -0.012662032
0.08370409 , -2.1438637 , -0.010091791
0.06161485 , -2.1137745 , -0.009359785
0.06724557 , -2.0519893 , -0.008622929
0.10596451 , -2.1633956 , -0.011364808
0.077565834 , -2.137169 , -0.009026331
0.059578113 , -2.1015348 , -0.008292402
0.12920803 , -2.2123916 , -0.014726759
0.09889206 , -2.1567492 , -0.010120907
0.072112784 , -2.1294467 , -0.007866397
0.059789583 , -2.089509 , -0.00710465
0.12189908 , -2.1956043 , -0.013028647
0.09202831 , -2.1500123 , -0.008862088
0.06761249 , -2.1212513 , -0.006571249
0.06346555 , -2.0787275 , -0.0057570734
0.11473551 , -2.1827905 , -0.011403247
0.08551083 , -2.14298 , -0.007546787
0.0644124 , -2.1134248 , -0.0050961166
0.074827515 , -2.0716093 , -0.0035148072
0.10761779 , -2.1722326 , -0.009838109
0.07951823 , -2.135778 , -0.0061489213
0.06298426 , -2.1071103 , -0.0033811505
0.0951269 , -1.2834401 , -0.08083546
0.10443378 , -1.4829777 , -0.06544171
0.114222765 , -1.8332205 , -0.041095782
0.12578744 , -2.1389596 , -0.018312419
0.09851899 , -1.2897303 , -0.07949004
0.106471576 , -1.5543423 , -0.059825085
0.11735589 , -1.913237 , -0.035233952
0.12810421 , -2.1922317 , -0.014122767
0.10083598 , -1.3206352 , -0.076020576
0.108843446 , -1.6331469 , -0.053990223
0.12058796 , -1.9904485 , -0.029544072
0.1295684 , -2.235907 , -0.011250095
0.10271678 , -1.3699362 , -0.071494915
0.111559935 , -1.7166191 , -0.048050094
0.1237751 , -2.0628598 , -0.024128133
0.09369519 , -1.2288564 , -0.080028474
0.104588605 , -1.4335634 , -0.06633429
0.11458478 , -1.8020865 , -0.04209708
0.12673719 , -2.1288078 , -0.019129192
0.09857246 , -1.2345047 , -0.07977894
0.106678665 , -1.508338 , -0.060775757
0.11784245 , -1.8870399 , -0.036216483
0.12921219 , -2.1866243 , -0.014807004
0.10118435 , -1.265913 , -0.07662319
0.10909512 , -1.5911347 , -0.05498099
0.12122581 , -1.9692469 , -0.030502982
0.13069226 , -2.2348597 , -0.011706257
0.103106834 , -1.3167688 , -0.07226761
0.11186999 , -1.6790696 , -0.04904588
0.12459486 , -2.0465815 , -0.025023945
0.09704289 , -1.174769 , -0.07984329
0.10495926 , -1.3828245 , -0.06721793
0.11497767 , -1.7693222 , -0.043108035
0.12778303 , -2.1173453 , -0.019970963
0.100157924 , -1.179154 , -0.079981014
0.10702608 , -1.4608538 , -0.06172121
0.11834877 , -1.8592494 , -0.037206806
0.13057485 , -2.1797695 , -0.015519825
0.10222764 , -1.2105494 , -0.07718482
0.10943719 , -1.5475371 , -0.055941463
0.121881604 , -1.9465222 , -0.03143011
0.13272634 , -2.232521 , -0.012155063
0.10388058 , -1.2626042 , -0.07304631
0.11223593 , -1.6398877 , -0.05011771
0.12544279 , -2.0288632 , -0.026031796
0.10172043 , -1.1216565 , -0.07898481
0.105563916 , -1.3308129 , -0.06802191
0.30627245 , 0.06486045 , -0.1399825
0.17294654 , -1.4113343 , -0.17577998
0.25593802 , -0.44917387 , -0.15422803
0.35111305 , 0.47623563 , -0.12884633
0.20868981 , -0.98012125 , -0.1672553
0.2972491 , -0.035103176 , -0.14328286
0.3994881 , 0.8914728 , -0.11850228
0.24718665 , -0.55623037 , -0.15722725
0.34155118 , 0.37941992 , -0.13223176
0.19994333 , -1.0973805 , -0.16964822
0.28813246 , -0.13767308 , -0.1465353
0.38932818 , 0.79736453 , -0.121631764
0.23828202 , -0.66639125 , -0.1601244
0.33190402 , 0.2800376 , -0.13560851
0.1909689 , -1.2188178 , -0.17182644
0.27891204 , -0.24289833 , -0.1497293
0.37905675 , 0.70058954 , -0.1249047
0.22919893 , -0.77988476 , -0.16290629
0.32217798 , 0.17812417 , -0.13896084
0.18173966 , -1.3448198 , -0.17373092
0.26957044 , -0.3508788 , -0.1528552
0.36868948 , 0.60118717 , -0.128255
0.21990512 , -0.8970003 , -0.16555844
0.3123733 , 0.07370959 , -0.14227627
0.17226513 , -1.4758033 , -0.17522421
0.26008356 , -0.46176556 , -0.15590411
0.35824317 , 0.4992113 , -0.13163295
0.2103703 , -1.0180748 , -0.16806236
0.302481 , -0.033215012 , -0.1455464
0.40780967 , 0.9289198 , -0.12165715
0.25041965 , -0.5757854 , -0.15886821
0.34773475 , 0.3947452 , -0.13500352
0.20055233 , -1.1435051 , -0.17038932
0.29248208 , -0.14269996 , -0.14876592
0.39656308 , 0.8264213 , -0.1247964
0.24054956 , -0.6931996 , -0.16174185
0.33717427 , 0.2878651 , -0.13834448
0.19027723 , -1.2737445 , -0.17248762
0.28235304 , -0.25490913 , -0.15193072
0.3852476 , 0.7213228 , -0.12809937
0.23035786 , -0.8144549 , -0.16452378
0.32656056 , 0.17867963 , -0.14164662
0.18049158 , -1.4090453 , -0.17422743
0.27205718 , -0.3699518 , -0.15503627
0.37390178 , 0.6136799 , -0.13144329
0.22009383 , -0.93965775 , -0.16721936
0.31587824 , 0.067036934 , -0.1449114
0.16404122 , -1.5504909 , -0.17480892
0.2616093 , -0.48846543 , -0.1580797
0.36256197 , 0.5038433 , -0.13476568
0.20279956 , -0.7941665 , -0.16966075
0.24960472 , -0.30469763 , -0.14675002
0.3038645 , 0.20202069 , -0.12529282
0.22231545 , -0.59354097 , -0.15956125
0.27366439 , -0.081710294 , -0.13749942
0.19763373 , -0.8702026 , -0.17245178
0.24447799 , -0.3756907 , -0.14985658
0.2992628 , 0.14185125 , -0.12862131
0.21716416 , -0.66783637 , -0.16254404
0.26869357 , -0.14880542 , -0.1406673
0.19254851 , -0.9478217 , -0.17530276
0.23935081 , -0.44772112 , -0.15289722
0.29456526 , 0.08034968 , -0.13186638
0.21213765 , -0.74354863 , -0.16541901
0.26369348 , -0.21707909 , -0.14375207
0.18751289 , -1.0262904 , -0.17831784
0.23428498 , -0.52095664 , -0.1558731
0.28981277 , 0.017428793 , -0.13502114
0.20722702 , -0.820831 , -0.16821021
0.2587062 , -0.28664652 , -0.14676517
0.31782883 , 0.25295365 , -0.12672688
0.22931121 , -0.5955698 , -0.15878247
0.28503373 , -0.047000512 , -0.13809009
0.20239471 , -0.8995661 , -0.17093928
0.25375897 , -0.35762113 , -0.14971459
0.31329602 , 0.1945198 , -0.1297811
0.22443381 , -0.6717124 , -0.16162498
0.2802474 , -0.11302021 , -0.1410819
0.19762781 , -0.979441 , -0.17359573
0.24886625 , -0.43011716 , -0.15260574
0.3087331 , 0.13437477 , -0.1328062
0.21963827 , -0.7494547 , -0.16440068
0.27546576 , -0.18070869 , -0.14400537
0.19295153 , -1.0601614 , -0.17611612
0.2440323 , -0.5042438 , -0.15544246
0.30414322 , 0.072426796 , -0.13576868
0.2149065 , -0.82874167 , -0.1671011
0.27069578 , -0.25014222 , -0.14686811
0.18840067 , -1.1416008 , -0.17829773
0.239253 , -0.580088 , -0.15822677
0.29952696 , 0.008598187 , -0.13866182
0.21023254 , -0.90943277 , -0.16969982
0.2659401 , -0.32139465 , -0.14967643
0.33059487 , 0.27019846 , -0.13068265
0.23451887 , -0.657686 , -0.16095647
0.29488418 , -0.057180278 , -0.14149041
0.20562649 , -0.9913755 , -0.1721493
0.2611983 , -0.39453283 , -0.15243538
0.32612577 , 0.21039198 , -0.13353913
0.2298212 , -0.73701596 , -0.16362035
0.29021445 , -0.124968424 , -0.14426166
0.20110613 , -1.0744927 , -0.17437615
0.25646704 , -0.4696053 , -0.15514807
0.3215917 , 0.14847398 , -0.13634457
0.22515741 , -0.8180077 , -0.16619451
0.28551725 , -0.19482008 , -0.1469823
0.19668396 , -1.1587951 , -0.17624602
0.25174204 , -0.54663396 , -0.1578135
0.31699085 , 0.08438819 , -0.13908705
0.22053283 , -0.90058804 , -0.16864207
0.28079173 , -0.26677856 , -0.1496578
0.19236389 , -1.2443767 , -0.17747183
0.24702017 , -0.62560654 , -0.16042371
0.3123227 , 0.01808643 , -0.1417713
0.21595709 , -0.9847112 , -0.17091501
0.2760369 , -0.34087443 , -0.15229158
0.3463936 , 0.3065669 , -0.13399938
0.24230199 , -0.70649034 , -0.16296148
0.30758777 , -0.050470278 , -0.1444053
0.21143922 , -1.0703881 , -0.17295173
0.2712521 , -0.4171195 , -0.15488374
0.34173012 , 0.24384925 , -0.13668452
0.23759186 , -0.78924745 , -0.16540003
0.3027871 , -0.12131197 , -0.14699607
0.20698349 , -1.1576751 , -0.17466168
0.26643804 , -0.4955099 , -0.1574294
0.3369608 , 0.17874148 , -0.13929524
0.23289694 , -0.87385947 , -0.16770431
0.29792243 , -0.1944578 , -0.1495483
0.20259042 , -1.2466737 , -0.17589574
0.2615976 , -0.5760284 , -0.15991722
0.3320883 , 0.11121953 , -0.14184757
0.22822426 , -0.96033674 , -0.16983218
0.29299608 , -0.26991662 , -0.15206364
0.36901835 , 0.42063236 , -0.13410553
0.25673586 , -0.658659 , -0.16232887
0.32711646 , 0.041266613 , -0.14435388
0.22357893 , -1.0487291 , -0.17173293
0.28801167 , -0.34768566 , -0.1545397
0.36404023 , 0.35632494 , -0.1367422
0.25185928 , -0.7433956 , -0.16463926
0.32204995 , -0.031126289 , -0.14682253
0.21896307 , -1.1391151 , -0.17334081
0.28297397 , -0.42775798 , -0.15696947
0.35892683 , 0.28946638 , -0.13924015
0.24697447 , -0.83025634 , -0.16681753
0.31689397 , -0.105961576 , -0.14925781
0.21437675 , -1.2316039 , -0.1745657
0.277889 , -0.51012754 , -0.15934078
0.35368428 , 0.2200534 , -0.14166816
0.2420869 , -0.9192831 , -0.16882722
0.31165457 , -0.18323588 , -0.15166004
0.20981939 , -1.3263223 , -0.17529397
0.2727636 , -0.5947975 , -0.16163626
0.34831983 , 0.14808942 , -0.14405032
0.23720025 , -1.010547 , -0.17062543
0.30633837 , -0.26294473 , -0.15402561
0.38799572 , 0.48325408 , -0.1364962
0.26760447 , -0.6817873 , -0.1638336
0.34284136 , 0.07358032 , -0.14639908
0.23231615 , -1.1041439 , -0.17216033
0.3009527 , -0.34508517 , -0.15634678
0.38238046 , 0.41393378 , -0.13889495
0.26241753 , -0.7711376 , -0.16590582
0.3372571 , -0.0034651093 , -0.14871956
0.22743475 , -1.2001926 , -0.173369
0.29550505 , -0.42966348 , -0.15861179
0.3766189 , 0.34196916 , -0.14120008
0.25720748 , -0.8629118 , -0.16782112
0.33157554 , -0.083038814 , -0.15101169
0.22255547 , -1.2988324 , -0.17418176
0.29000264 , -0.51669896 , -0.16080485
0.37072116 , 0.26737672 , -0.14345571
0.2519774 , -0.9571972 , -0.16954225
0.3258053 , -0.16513653 , -0.15327139
0.21767798 , -1.4002211 , -0.17454262
0.28445214 , -0.6062278 , -0.1629062
0.36469758 , 0.19017355 , -0.1456819
0.24672884 , -1.0541052 , -0.17102541
0.31995487 , -0.24976093 , -0.15549108
0.40682286 , 0.54918593 , -0.13826324
0.27885917 , -0.69830614 , -0.1648921
0.3585584 , 0.11037461 , -0.14788592
0.24146192 , -1.153769 , -0.17222007
0.31403247 , -0.33692616 , -0.15765984
0.40040877 , 0.4740154 , -0.14043345
0.273228 , -0.7930137 , -0.1667345
0.35231364 , 0.027991712 , -0.15006791
0.23617558 , -1.2563457 , -0.17307372
0.3080455 , -0.42666098 , -0.15976349
0.39384988 , 0.3961733 , -0.1425512
0.2675615 , -0.89045185 , -0.16840044
0.3459729 , -0.056971025 , -0.15222378
0.23086804 , -1.3620113 , -0.17354785
0.30200082 , -0.51901203 , -0.16178443
0.38715833 , 0.31568423 , -0.14464618
0.26186126 , -0.9907492 , -0.16985118
0.33954528 , -0.14451842 , -0.15434639
0.43176952 , 0.6920647 , -0.13737196
0.295904 , -0.6140455 , -0.16370146
0.38034564 , 0.23256752 , -0.14672795
0.25612706 , -1.094058 , -0.17104213
0.33303943 , -0.23466682 , -0.15642583
0.4245839 , 0.6130497 , -0.13938875
0.28975976 , -0.7118523 , -0.16548946
0.37342256 , 0.14683829 , -0.14879648
0.25035715 , -1.2005601 , -0.17192511
0.3264633 , -0.32744667 , -0.15844938
0.41724813 , 0.531341 , -0.14134173
0.2835711 , -0.8125493 , -0.16711882
0.36639914 , 0.058502864 , -0.1508474
0.24454792 , -1.3104589 , -0.17245881
0.31982434 , -0.42290807 , -0.16040124
0.40977573 , 0.44696683 , -0.14328839
0.27733964 , -0.9162847 , -0.16855462
0.35928494 , -0.032438904 , -0.15287378
0.23869403 , -1.4239881 , -0.17263877
0.3131291 , -0.5211205 , -0.16226211
0.4021792 , 0.3599517 , -0.14523762
0.27106482 , -1.0232363 , -0.16975594
0.35208905 , -0.12600009 , -0.15486668
0.44869682 , 0.7558888 , -0.13812095
0.30638325 , -0.622184 , -0.16400898
0.39446953 , 0.27031434 , -0.14718679
0.26474395 , -1.1336203 , -0.17067574
0.34482053 , -0.22220403 , -0.15681458
0.44048095 , 0.6697132 , -0.13985704
0.29959086 , -0.72622865 , -0.16561468
0.38665703 , 0.17806818 , -0.1491297
0.2583713 , -1.24768 , -0.17126341
0.3374882 , -0.32109597 , -0.1587028
0.43212625 , 0.58086425 , -0.14162509
0.2927542 , -0.8334266 , -0.16704743
0.37875167 , 0.08322222 , -0.15105915
0.25193805 , -1.3656961 , -0.17147632
0.33010036 , -0.4227443 , -0.16051291
0.42364573 , 0.48936892 , -0.1434265
0.28587273 , -0.9439885 , -0.16826996
0.3707638 , -0.014223331 , -0.15296677
0.2454304 , -1.4879638 , -0.1713437
0.32266426 , -0.527254 , -0.1622224
0.4150506 , 0.3952536 , -0.14524932
0.27894303 , -1.0581762 , -0.16923806
0.3627044 , -0.11427894 , -0.15484169
0.4631475 , 0.80823153 , -0.1381464
0.31518495 , -0.63476866 , -0.16380489
0.3196986 , -0.6592568 , -0.1633844
0.41273 , 0.30254784 , -0.14680946
0.27550352 , -1.2234328 , -0.16899866
0.35958114 , -0.22929716 , -0.15637112
0.4610657 , 0.7293141 , -0.13927545
0.3115583 , -0.7757174 , -0.1646335
0.40314645 , 0.19751051 , -0.1485879
0.26783958 , -1.3531201 , -0.16901958
0.35073823 , -0.34016863 , -0.15802388
0.4507309 , 0.6264099 , -0.14085174
0.30333525 , -0.8959681 , -0.16566324
0.3935107 , 0.090050206 , -0.1503634
0.26027647 , -1.4882063 , -0.16835208
0.34185314 , -0.45400187 , -0.15956096
0.44029447 , 0.5209839 , -0.14249961
0.2950705 , -1.0203512 , -0.166427
0.38384488 , -0.019887213 , -0.15211472
0.4912319 , 0.95649815 , -0.13545106
0.33292696 , -0.5711268 , -0.16094801
0.4297824 , 0.4132063 , -0.14420205
0.28650087 , -1.1494918 , -0.16686681
0.3741668 , -0.13231583 , -0.15381423
0.47994798 , 0.85019135 , -0.13666639
0.32393444 , -0.6916796 , -0.16214806
0.4192425 , 0.3030848 , -0.14594282
0.2773829 , -1.2825613 , -0.16691804
0.36450884 , -0.247719 , -0.15543129
0.4685541 , 0.7414123 , -0.13811533
0.16489458 , -1.2030797 , -0.18901268
0.17872149 , -1.3946475 , -0.18103094
0.19828485 , -1.5040754 , -0.17592295
0.20801824 , -1.5917753 , -0.17010035
0.32579568 , 0.36691314 , -0.12319186
0.3816449 , 0.62164956 , -0.124518126
0.43565083 , 0.89943844 , -0.12678562
0.16498676 , -1.0610524 , -0.19608875
0.12693761 , -2.268319 , 0.00456762
0.13254893 , -2.3354585 , 0.02490914
0.123083 , -2.226081 , -0.0075383442
0.1285307 , -2.2984447 , 0.014556459
0.13476628 , -2.3633306 , 0.03480394
0.12444685 , -2.2574422 , 0.0039915307
0.1305079 , -2.3280313 , 0.024238752
0.12057377 , -2.2161496 , -0.008023512
0.12621282 , -2.2887166 , 0.013944787
0.13297896 , -2.358591 , 0.034085218
0.12192449 , -2.2469747 , 0.0034177897
0.12841651 , -2.3205018 , 0.023586554
0.13597183 , -2.3908079 , 0.044448886
0.12384723 , -2.2790954 , 0.013349172
0.13114382 , -2.3537066 , 0.03338481
0.119382106 , -2.2369394 , 0.0028447239
0.12627709 , -2.312907 , 0.022952188
0.13440822 , -2.3886704 , 0.043719746
0.121442035 , -2.2696373 , 0.012766864
0.12926216 , -2.3487039 , 0.032702982
0.116828755 , -2.2273252 , 0.0022733193
0.124093994 , -2.3052921 , 0.022335118
0.13279806 , -2.3864193 , 0.042978927
0.11900649 , -2.2603757 , 0.012195192
0.12733722 , -2.3436153 , 0.032039862
0.1142698 , -2.2181435 , 0.0017063477
0.121873185 , -2.2976954 , 0.021734526
0.13114493 , -2.3840792 , 0.04224428
0.11654919 , -2.2513463 , 0.011631922
0.12537368 , -2.3384705 , 0.031395383
0.11171023 , -2.2093875 , 0.0011475291
0.11962134 , -2.2901585 , 0.021149397
0.12945344 , -2.3816733 , 0.0415213
0.114078365 , -2.2425692 , 0.0110754995
0.12337705 , -2.3333027 , 0.030769335
0.109153494 , -2.2010667 , 0.00060102274
0.117345795 , -2.2827165 , 0.02057853
