0.12438745 , 0.20439324 , -0.27930903
0.11543728 , 0.46106297 , -0.22584058
0.10709284 , 0.42319602 , -0.15897277
0.09271531 , 0.15458916 , -0.099192634
0.111579835 , 0.47031248 , -0.25221676
0.106050186 , 0.38483998 , -0.3232627
0.106023714 , -0.5099682 , -0.03648052
0.103514105 , -0.5064456 , -0.035596445
0.13647604 , -0.69701314 , -0.06278768
0.19025835 , -0.709627 , -0.051993255
0.16781272 , -0.5965141 , -0.040824845
0.15473829 , -0.78673416 , -0.047771297
0.15186757 , -0.7975276 , -0.050651733
0.15309985 , -0.72427094 , -0.051957615
0.13983235 , -0.61359787 , -0.029092992
0.12900214 , -0.7359956 , -0.044145834
0.15199956 , -0.5255242 , -0.05648372
0.15482189 , -0.5443025 , -0.055591464
0.14030114 , -0.569863 , -0.04445011
0.15528223 , -0.75631505 , -0.04615219
0.1312525 , -0.76782084 , -0.044689756
0.13889548 , -0.80745816 , -0.049130853
0.14705092 , -0.7511153 , -0.05407359
0.15649027 , -0.70671415 , -0.04969128
0.15368508 , -0.724408 , -0.050502624
0.13196315 , -0.6410875 , -0.038022313
0.12955232 , -0.75127333 , -0.043185394
0.1369103 , -0.80843985 , -0.047264777
0.13795662 , -0.49067497 , -0.05530292
0.15388392 , -0.6093411 , -0.043351084
0.15567999 , -0.780561 , -0.04501718
0.15253991 , -0.81024367 , -0.04799586
0.14046551 , -0.8076279 , -0.048985783
0.1469655 , -0.7285106 , -0.05334035
0.16998641 , -0.71324784 , -0.048308384
0.14206901 , -0.5970721 , -0.042689133
0.1269665 , -0.682088 , -0.039742265
0.13119209 , -0.77809316 , -0.042753138
0.13848816 , -0.8146891 , -0.047062557
0.1459905 , -0.75602114 , -0.05202627
0.1728448 , -0.6413699 , -0.041918933
0.15543143 , -0.8013412 , -0.044180468
0.15206757 , -0.8087359 , -0.04708596
0.15361878 , -0.73739517 , -0.048203766
0.14234486 , -0.7118058 , -0.04784466
0.18174864 , -0.71832407 , -0.047379293
0.15361683 , -0.63195187 , -0.041561455
0.15633477 , -0.78645533 , -0.04270747
0.13707203 , -0.8199291 , -0.04489691
0.14428474 , -0.7756757 , -0.049959134
0.1504974 , -0.7103078 , -0.046342302
0.18091643 , -0.71832 , -0.047197483
0.094225265 , -0.5131162 , -0.030313706
0.09176451 , -0.5087984 , -0.029695677
0.15304832 , -0.72171223 , -0.04232876
0.15534888 , -0.8123188 , -0.043065105
0.15194659 , -0.80960953 , -0.045853466
0.15438567 , -0.82398444 , -0.043238264
0.15167733 , -0.7972145 , -0.04556477
0.15913704 , -0.7132014 , -0.045671068
0.140442 , -0.81475323 , -0.046126552
0.14229192 , -0.72354287 , -0.04889337
0.17388192 , -0.72317165 , -0.044488847
0.16653122 , -0.66676795 , -0.04011546
0.15631747 , -0.80828744 , -0.04104506
0.15185708 , -0.8098751 , -0.044598866
0.15902829 , -0.7186407 , -0.04489286
0.12748484 , -0.7402922 , -0.037937973
0.13430926 , -0.820579 , -0.041256305
0.14211701 , -0.79968166 , -0.046870273
0.1491292 , -0.7158495 , -0.044017855
0.17487822 , -0.72102916 , -0.045168277
0.1565093 , -0.81081665 , -0.04029765
0.15398805 , -0.8311194 , -0.04226665
0.15209657 , -0.7816126 , -0.04438676
0.14232501 , -0.6836607 , -0.03434363
0.12989265 , -0.7845852 , -0.038346644
0.13743049 , -0.83086467 , -0.042700373
0.14406005 , -0.75414395 , -0.048161924
0.168579 , -0.7260892 , -0.04258907
0.14714146 , -0.5882956 , -0.05028682
0.14960429 , -0.60659593 , -0.049518466
0.15252715 , -0.77610207 , -0.043699108
0.18205196 , -0.689757 , -0.045207158
0.12765871 , -0.7495664 , -0.03684539
0.13314806 , -0.8201655 , -0.039305657
0.13962041 , -0.8244247 , -0.043807793
0.14187793 , -0.73407793 , -0.04688068
0.18092398 , -0.7298383 , -0.0427651
0.19206588 , -0.73091644 , -0.043120362
0.18093133 , -0.73150766 , -0.042611875
0.15520474 , -0.63555133 , -0.04847361
0.07597414 , 0.32846218 , 0.08774227
0.09755234 , 0.36350402 , 0.121899985
0.094158314 , 0.41202834 , 0.12773679
0.1175646 , 0.021740893 , 0.12861033
0.13844979 , -0.50567675 , 0.08789373
0.13753091 , -0.8445485 , 0.019854993
0.121198185 , -0.66512746 , -0.025970586
0.053953145 , 0.07422602 , 0.06432364
0.1315069 , -0.8388917 , 0.009875381
0.107056975 , -0.57469535 , 0.046826877
0.076621346 , -0.07040878 , 0.06870647
0.12566769 , -0.8021186 , 0.021572025
0.0999591 , -0.45689467 , 0.054808244
0.06773703 , 0.08174124 , 0.068784535
0.1374253 , -0.85223454 , 0.013528016
0.15799083 , -0.7055237 , -0.041219257
0.1328 , -0.843637 , 0.009867914
0.10178741 , -0.48188457 , 0.053721618
0.07000506 , 0.04822315 , 0.069094464
0.1203836 , -0.030728694 , 0.12790507
0.14388373 , -0.84213734 , -0.010836649
0.12022565 , -0.7422573 , 0.032163724
0.093075305 , -0.33411685 , 0.06158651
0.13779807 , -0.8561206 , 0.0026794716
0.113855734 , -0.65687233 , 0.041746993
0.08501781 , -0.1954455 , 0.06675248
0.1423201 , -0.82104796 , 0.037188195
0.13369885 , -0.79014975 , -0.01367523
0.14532651 , -0.8461836 , -0.010769914
0.1154889 , -0.675634 , 0.040425695
0.08703174 , -0.22557114 , 0.066122375
0.10909587 , 0.19155337 , 0.128031
0.1591478 , -0.75874853 , -0.033927094
0.13240974 , -0.84116066 , 0.014990575
0.10773004 , -0.5589405 , 0.05031265
0.15117359 , -0.82819086 , -0.018836757
0.12640247 , -0.79635555 , 0.02618495
0.10054249 , -0.44158542 , 0.05780583
0.14402112 , -0.7275675 , 0.061794266
0.13984111 , -0.86145747 , 0.0071120397
0.16154066 , -0.7635964 , -0.03365121
0.12789507 , -0.8079747 , 0.024639403
0.10233462 , -0.46699652 , 0.056792434
0.07093322 , 0.0548437 , 0.067654915
0.13738476 , -0.7660112 , -0.019610675
0.14475092 , -0.8633957 , -0.0047837165
0.120795816 , -0.7318017 , 0.03632871
0.17198648 , -0.7120161 , -0.041978933
0.1383313 , -0.8650156 , 0.008100379
0.11435765 , -0.6438797 , 0.045481235
0.14232184 , -0.5886022 , 0.08588767
0.14381303 , -0.85414535 , 0.030482307
0.13963258 , -0.77053565 , -0.020052651
0.14581284 , -0.8673159 , -0.0047416314
0.12188087 , -0.7402968 , 0.03630578
0.09487861 , -0.33759698 , 0.063903935
0.08584829 , 0.19487156 , 0.08893745
0.13453616 , -0.34581324 , 0.11317959
0.1450566 , -0.74455947 , 0.06179803
0.14177026 , -0.86930424 , 0.0068806726
0.1660875 , -0.7725929 , -0.03309641
0.15006706 , -0.86166483 , -0.010489512
0.12576933 , -0.7805396 , 0.032052178
0.09971728 , -0.41122046 , 0.061419953
0.06763462 , 0.11406445 , 0.061914694
0.14609668 , -0.8750436 , -0.0027880727
0.1224704 , -0.74172854 , 0.037641287
0.09559118 , -0.34290564 , 0.06458178
0.112398624 , 0.13733533 , 0.12577063
0.14247039 , -0.87890214 , 0.0045658266
0.11909895 , -0.69723964 , 0.04290457
0.09131994 , -0.27246466 , 0.06706862
0.2787755 , -3.6646638 , 0.11284099
0.1452185 , -1.0418063 , 0.14719623
0.18505551 , -2.17306 , 0.1596203
0.22225413 , -3.258231 , 0.1722246
0.20629264 , -3.513531 , 0.14007759
0.20143221 , -1.5841523 , 0.020773487
0.2361748 , -2.552116 , 0.054079868
0.26988426 , -3.4804213 , 0.08715071
0.19864577 , -3.3876038 , 0.13228178
0.20712827 , -1.7340648 , 0.026545012
0.24257776 , -2.7163844 , 0.058990777
0.27290913 , -3.6171596 , 0.09588223
0.19104713 , -3.2546206 , 0.12510759
0.21300273 , -1.8900708 , 0.032120895
0.2489569 , -2.8794534 , 0.063890845
0.27219528 , -3.7434905 , 0.10900832
0.1835361 , -3.1156316 , 0.11809475
0.21904711 , -2.0508525 , 0.03752638
0.25522482 , -3.0402517 , 0.068870574
0.22465657 , -3.8135183 , 0.16562329
0.17619962 , -2.9714236 , 0.11096519
0.22667906 , -2.2554073 , 0.04407087
0.26257378 , -3.234277 , 0.07541156
0.21635498 , -3.681124 , 0.14796746
0.1673249 , -2.7832975 , 0.101678
0.13390604 , -1.784732 , 0.047427684
0.12926586 , -0.9679263 , -0.011846562
0.1748865 , -0.92066586 , -0.015572521
0.20776555 , -1.7084018 , 0.025129452
0.23798837 , -2.5495284 , 0.05295025
0.27186432 , -3.4968512 , 0.08639307
0.20360713 , -3.4712114 , 0.133173
0.15612344 , -2.5151284 , 0.087711915
0.24445646 , -2.7170901 , 0.05790807
0.2758807 , -3.6353781 , 0.09477214
0.1959043 , -3.3386807 , 0.12613201
0.15036209 , -2.357746 , 0.07926659
0.25092044 , -2.8832953 , 0.06291454
0.27882215 , -3.76262 , 0.10673969
0.1882197 , -3.1995146 , 0.119269066
0.14520504 , -2.1992598 , 0.07046101
0.25731692 , -3.0470314 , 0.06795854
0.25956511 , -3.879054 , 0.15222223
0.18066642 , -3.0544593 , 0.11227669
0.14072676 , -2.0407815 , 0.061358206
0.2635686 , -3.2070913 , 0.07316623
0.22727862 , -3.7861438 , 0.15268208
0.17335086 , -2.904542 , 0.10527685
0.13699344 , -1.8835294 , 0.05216385
0.26957783 , -3.3621507 , 0.07909491
0.21848914 , -3.6750333 , 0.1420531
0.16634665 , -2.7501695 , 0.09735456
0.19126867 , -1.1646858 , 0.00029392444
0.22489862 , -2.0944352 , 0.03771413
0.26147488 , -3.1153822 , 0.069736555
0.23866862 , -3.885656 , 0.16546157
0.18044104 , -3.044846 , 0.110342085
0.14060393 , -2.0165336 , 0.059042197
0.13067397 , -1.105345 , 4.408336e-05
0.17294055 , -0.8168956 , -0.026076574
0.25478438 , -4.2056904 , 0.1716808
0.1306468 , -1.1976464 , 0.007019928
0.14451657 , -2.14483 , 0.06586459
0.18735537 , -3.1689382 , 0.11539152
0.21896026 , -3.4925258 , 0.11430342
0.16115426 , -2.1031833 , 0.053867575
0.2855406 , -3.7871857 , 0.104436636
0.24657148 , -2.6874068 , 0.05552698
0.1836539 , -0.96895605 , -0.012213893
0.22002558 , -1.0663992 , -0.0066402685
0.28713688 , -3.1072896 , 0.059221987
0.3292044 , -4.2446923 , 0.11214013
0.26868808 , -3.9832294 , 0.15457673
0.28657356 , -4.535424 , 0.13505222
0.35234928 , -5.1930437 , 0.09217673
0.45271719 , -5.6269464 , -0.08336864
0.3832037 , -4.985925 , 0.0014896794
0.3224474 , -4.3181086 , 0.07458836
0.27837652 , -4.441115 , 0.13939276
0.09194729 , -2.3830411 , -0.3389685
0.09208726 , -2.3775542 , -0.33865467
0.09490877 , -2.4448855 , -0.33855602
0.10059921 , -2.5777671 , -0.33663645
0.13458909 , -2.51501 , -0.29902488
0.13175008 , -2.435031 , -0.30035716
0.10012447 , -2.3176434 , -0.3340236
0.09742676 , -2.3818517 , -0.33349246
0.100230955 , -2.4487154 , -0.33205894
0.13954462 , -2.4856384 , -0.29216826
0.31100562 , -4.106701 , 0.12021448
0.2470075 , -4.035585 , 0.17555372
0.30516022 , -4.0545464 , 0.12719434
0.31680906 , -4.1757784 , 0.12020596
0.32769817 , -4.300144 , 0.117605425
0.25789642 , -4.2471232 , 0.17481676
0.2525113 , -4.14126 , 0.17565396
0.24631643 , -4.037109 , 0.1755683
0.32023415 , -4.230399 , 0.11321597
0.3151207 , -5.162832 , 0.13489215
0.40289253 , -6.0592637 , 0.092108876
0.35509995 , -4.7128468 , 0.08790815
0.31901723 , -4.221226 , 0.110798836
0.26589307 , -4.403178 , 0.17069195
0.05771883 , -3.4108782 , -0.40274075
0.028898744 , -3.4433367 , -0.442825
0.06659795 , -2.6755311 , -0.38179073
0.06312768 , -3.0556512 , -0.39270258
0.09775858 , -2.6452522 , -0.34182575
0.080981016 , -2.484507 , -0.35688496
0.09414831 , -2.6990001 , -0.34562194
0.08743407 , -2.3672507 , -0.34250683
0.05863279 , -2.7522054 , -0.39461765
0.0966904 , -2.6621282 , -0.34162277
0.10675361 , -2.3079395 , -0.321654
0.24798422 , -4.078162 , 0.16343254
0.3626132 , -4.7696533 , 0.022057893
0.30407128 , -4.1050286 , 0.099000715
0.26428953 , -3.9493923 , 0.15873954
0.4271202 , -5.385913 , -0.057735015
0.3612546 , -4.7533555 , 0.022024844
0.30271932 , -4.094867 , 0.09899323
0.077015646 , -2.8644419 , -0.3704604
0.1104127 , -2.4874027 , -0.32050186
0.07361315 , -2.5577688 , -0.36932567
0.07981204 , -2.8277886 , -0.36613464
0.11251404 , -2.4499998 , -0.31675276
0.26418975 , -3.9172494 , 0.15338291
0.39034006 , -5.040883 , -0.014012494
0.3286834 , -4.4015055 , 0.059138503
0.0985594 , -2.2753828 , -0.32202396
0.2656173 , -4.284238 , 0.14532052
0.33848724 , -5.022078 , 0.098480865
0.4407574 , -5.491544 , -0.07978301
0.36351222 , -4.771335 , 0.016175015
0.29491585 , -4.022864 , 0.10765249
0.057000104 , -2.7465343 , -0.39687008
0.0121669965 , -3.1775172 , -0.46533734
0.063323416 , -2.983746 , -0.39047906
0.10391518 , -2.5512614 , -0.3298511
0.050552655 , -3.0954347 , -0.40934747
0.088013485 , -2.724819 , -0.35352877
0.11851342 , -2.3447347 , -0.30593574
0.2618859 , -3.9472148 , 0.15085477
0.10651195 , -2.2661338 , -0.32029334
0.2355518 , -3.965633 , 0.16451137
0.2975016 , -4.574247 , 0.12328878
0.36071104 , -5.170464 , 0.07354059
0.4111935 , -5.194105 , -0.054303896
0.34855938 , -4.5986857 , 0.024560524
0.28837946 , -3.991333 , 0.102816075
0.06319789 , -2.6310596 , -0.38626465
0.027146043 , -2.9998477 , -0.44306388
0.04206743 , -3.1336126 , -0.4214428
0.080600865 , -2.7641163 , -0.3637614
0.11263779 , -2.3906188 , -0.3145737
0.069422804 , -2.549834 , -0.3757077
0.03498324 , -2.9188643 , -0.4310848
0.033422515 , -3.2011716 , -0.4339951
0.0733756 , -2.8306282 , -0.37451038
0.10671126 , -2.4598339 , -0.3238132
0.10949653 , -2.2080445 , -0.3108607
0.26144588 , -4.1982546 , 0.14506595
0.32109934 , -4.796269 , 0.10631466
0.38655585 , -5.3841915 , 0.046767745
0.3838332 , -4.938178 , -0.02052367
0.32402506 , -4.3430705 , 0.052708555
0.107244305 , -2.2389348 , -0.3194094
0.24436848 , -4.0189943 , 0.15676905
0.30321327 , -4.613402 , 0.11854576
0.36617133 , -5.1988845 , 0.065872796
0.40018415 , -5.082506 , -0.043835238
0.33923325 , -4.4951925 , 0.032929055
0.089134365 , -2.2887988 , -0.34055352
0.059204057 , -2.6617014 , -0.39274144
0.022245152 , -3.0296855 , -0.45051703
0.04701279 , -3.074191 , -0.41395825
0.08462385 , -2.7059462 , -0.35738644
0.11553348 , -2.3332477 , -0.30899125
0.065617606 , -2.580905 , -0.38207436
0.030284494 , -2.9485886 , -0.43832102
0.03859155 , -3.1413193 , -0.4263147
0.07757035 , -2.772389 , -0.36792085
0.1100093 , -2.4017322 , -0.3180856
0.18039352 , -3.839746 , 0.16992334
0.26776734 , -4.24397 , 0.14065751
0.32663023 , -4.8301625 , 0.1005175
0.41542056 , -5.4087 , -0.03035499
0.37363982 , -4.830279 , -0.011082537
0.31528664 , -4.2444253 , 0.061173595
0.10812335 , -2.211094 , -0.3164661
0.25191516 , -4.068236 , 0.15119307
0.30879697 , -4.649698 , 0.11352707
0.37154952 , -5.2252727 , 0.057862714
0.38956282 , -4.9728227 , -0.033683162
0.33031738 , -4.3943543 , 0.041195773
0.08580939 , -2.3209293 , -0.34640706
0.055124864 , -2.6919396 , -0.3993126
0.01725088 , -3.0594676 , -0.45810798
0.051840324 , -3.015054 , -0.40660554
0.088558875 , -2.6478686 , -0.35112628
0.118513495 , -2.2767026 , -0.30357558
0.08975041 , -0.3359437 , -0.39372128
0.06374136 , -0.5867969 , -0.45106158
0.07617187 , -0.65820134 , -0.41667977
0.102782585 , -0.40469345 , -0.35728884
0.122817956 , -0.17062184 , -0.305625
0.032176036 , -2.7472107 , -0.4390927
0.04505348 , -2.1012483 , -0.43784
0.059308957 , -1.4246831 , -0.43907228
0.12705852 , -0.1459713 , -0.2960538
0.12847883 , -0.7363938 , -0.29275092
0.12380615 , -1.3097407 , -0.29204193
0.118935205 , -1.8717875 , -0.29528973
0.04433063 , -0.9368094 , -0.4947547
0.032646757 , -1.6153408 , -0.4927777
0.015243762 , -2.2864716 , -0.49032402
0.0012364592 , -2.9188366 , -0.48805127
0.088743545 , -2.0009074 , -0.33931407
0.0960245 , -1.446672 , -0.33802968
0.105454504 , -0.8741086 , -0.33831683
0.11014407 , -0.2945089 , -0.34427473
0.12925124 , -0.5489525 , -0.29293376
0.12588628 , -1.1224475 , -0.2911262
0.12046665 , -1.6903311 , -0.29294282
0.11971561 , -2.2193592 , -0.30104312
0.09138019 , -1.7570415 , -0.33783734
0.10068835 , -1.1911615 , -0.33705768
0.10873424 , -0.6180804 , -0.3387165
0.12833077 , -0.21562369 , -0.29461807
0.1286385 , -0.7980196 , -0.29091698
0.12373339 , -1.3696545 , -0.29065302
0.11942988 , -1.9269409 , -0.29464176
0.089160085 , -2.0539033 , -0.33813995
0.095505945 , -1.5058645 , -0.33648744
0.10504544 , -0.9353714 , -0.3364724
0.11051182 , -0.35966393 , -0.34124717
0.12976106 , -0.473073 , -0.29181254
0.12705986 , -1.045875 , -0.2895934
0.12170977 , -1.6139126 , -0.29096457
0.12011374 , -2.1506934 , -0.29852033
0.09118656 , -1.8135068 , -0.33645412
0.100132234 , -1.2514567 , -0.33539948
0.108589746 , -0.6800368 , -0.33656377
0.12802428 , -0.13406779 , -0.29527208
0.12950547 , -0.72226477 , -0.28956485
0.12501128 , -1.2928206 , -0.28893772
0.12041804 , -1.8522557 , -0.29233077
0.089789934 , -2.1054132 , -0.3371009
0.095026426 , -1.5644468 , -0.33496213
0.104592934 , -0.996319 , -0.33466133
0.11077978 , -0.42351526 , -0.33822754
0.13016675 , -0.3970168 , -0.29063612
0.12816541 , -0.96964437 , -0.2880763
0.12296309 , -1.5374166 , -0.28902483
0.12063652 , -2.0799506 , -0.29563925
0.09111026 , -1.8690094 , -0.33510882
0.09957372 , -1.3113242 , -0.33375862
0.108368054 , -0.7415861 , -0.33448142
0.111238845 , -0.15665519 , -0.34978935
0.13027775 , -0.6467773 , -0.2881997
0.12624839 , -1.216221 , -0.28724974
0.12147175 , -1.777071 , -0.2900666
0.09063699 , -2.1551588 , -0.3362057
0.09459748 , -1.6223503 , -0.33345085
0.104104824 , -1.0569409 , -0.3328813
0.11093902 , -0.48643577 , -0.33543938
0.13049263 , -0.32046103 , -0.28923497
0.12919678 , -0.8937649 , -0.28656715
0.124214105 , -1.4609406 , -0.2871259
0.121281974 , -2.0077722 , -0.29271024
0.091173485 , -1.923442 , -0.33380052
0.099023044 , -1.3707151 , -0.33213174
0.10807657 , -0.80277985 , -0.33246908
0.111681364 , -0.22492127 , -0.3399683
0.13095392 , -0.5714795 , -0.28678733
0.1274373 , -1.139902 , -0.2855858
0.12257305 , -1.7015547 , -0.2878646
0.09167475 , -2.202655 , -0.3357731
0.09423169 , -1.679501 , -0.33194908
0.10358864 , -1.117215 , -0.33112845
0.11099285 , -0.5486628 , -0.33289668
0.13078217 , -0.24286686 , -0.2873426
0.13014998 , -0.81823075 , -0.28505462
0.12544891 , -1.3845676 , -0.28526756
0.12203307 , -1.934584 , -0.28990597
0.09139032 , -1.9766738 , -0.33251175
0.09848946 , -1.4295734 , -0.33051452
0.107725546 , -0.8636453 , -0.3305197
0.11220554 , -0.29063898 , -0.3352807
0.13152455 , -0.49625474 , -0.28527284
0.12857114 , -1.0638987 , -0.28394157
0.12371606 , -1.6258416 , -0.28573036
0.12337035 , -2.1538582 , -0.29537696
0.09395556 , -1.7358212 , -0.33044833
0.10305332 , -1.1771092 , -0.32939708
0.11093985 , -0.61034685 , -0.33054343
0.13104415 , -0.16332857 , -0.28461832
0.13103275 , -0.74301684 , -0.28352538
0.12665068 , -1.3083673 , -0.28344908
0.122841716 , -1.8606851 , -0.28726858
0.09172766 , -2.0285325 , -0.331182
0.09797024 , -1.4878348 , -0.3289007
0.107328445 , -0.92418987 , -0.32862175
0.11265112 , -0.35474917 , -0.3317942
0.13196388 , -0.42092252 , -0.28358468
0.1296371 , -0.98823553 , -0.28231534
0.124902196 , -1.550048 , -0.28366497
0.12385794 , -2.084083 , -0.29082224
0.09382667 , -1.7912228 , -0.32893363
0.10251623 , -1.2365842 , -0.32767883
0.110774815 , -0.67158645 , -0.3283305
0.12185552 , -0.08073649 , -0.3069788
0.1318567 , -0.6680842 , -0.28197291
0.12781489 , -1.232393 , -0.28167385
0.123688936 , -1.7862765 , -0.284785
0.09213976 , -2.0788088 , -0.32967767
0.09745857 , -1.5454371 , -0.32728058
0.10688871 , -0.98440224 , -0.32675716
0.11300333 , -0.41773963 , -0.32884374
0.13232629 , -0.34517464 , -0.28168046
0.13063197 , -0.91291696 , -0.28071934
0.12607275 , -1.4742903 , -0.2816728
0.12438105 , -2.012854 , -0.28725928
0.09381399 , -1.8455595 , -0.32738367
0.10198339 , -1.2955832 , -0.32595745
0.11054415 , -0.7324584 , -0.3262018
0.11309183 , -0.15417989 , -0.33057192
0.21637112 , -3.0581045 , 0.16995543
0.17726874 , -1.9488795 , 0.1574479
0.13750745 , -0.8167951 , 0.1444009
0.11036359 , 0.10731801 , 0.12354036
0.14222421 , -0.9485408 , 0.1460335
0.18275908 , -2.0877638 , 0.15883054
0.22174072 , -3.1890473 , 0.1715982
0.08057436 , -0.13130361 , 0.05111905
0.14780506 , -1.2202462 , 0.058715858
0.21454564 , -2.3560665 , 0.071496576
0.27057287 , -3.4214008 , 0.097910814
0.26818213 , -3.3509314 , 0.095049225
0.20995636 , -2.2696033 , 0.07007617
0.14261733 , -1.1291046 , 0.05763579
0.07558761 , -0.04547827 , 0.05026164
0.12917441 , -0.58958054 , 0.14076272
0.16904025 , -1.7235618 , 0.15494391
0.20959365 , -2.8544176 , 0.16722098
0.24175316 , -3.805581 , 0.17845102
0.24400534 , -2.8980083 , 0.08104274
0.18011022 , -1.7695297 , 0.06362787
0.11180425 , -0.6337166 , 0.053139314
0.110975005 , 0.006631388 , 0.1259675
0.14664814 , -1.0815743 , 0.14765379
0.18819614 , -2.2308302 , 0.16029002
0.22684611 , -3.3246903 , 0.17347252
0.27355924 , -3.4812405 , 0.10135543
0.21794868 , -2.4128554 , 0.071681984
0.15062128 , -1.2644216 , 0.05823183
0.08252928 , -0.15542907 , 0.04896281
0.12439771 , -0.4504234 , 0.13813634
0.1645598 , -1.5874492 , 0.1534754
0.20632964 , -2.7322931 , 0.16571002
0.23871884 , -3.7354352 , 0.17997389
0.2518016 , -3.038856 , 0.08390919
0.18868957 , -1.9114114 , 0.06463727
0.11998224 , -0.7620237 , 0.05339638
0.1074991 , 0.13632774 , 0.11786993
0.14141184 , -0.9416077 , 0.14585897
0.18352146 , -2.0987666 , 0.15887259
0.22375362 , -3.2143438 , 0.17158566
0.27758238 , -3.6066442 , 0.10874809
0.22582068 , -2.5570245 , 0.07336416
0.15869902 , -1.4025409 , 0.058879215
0.08980987 , -0.27212757 , 0.048648644
0.11938881 , -0.31090423 , 0.1350652
0.15974542 , -1.449307 , 0.15196759
0.20250174 , -2.6067433 , 0.16418958
0.23784523 , -3.6494875 , 0.17813008
0.25906157 , -3.1783445 , 0.087022975
0.19714925 , -2.054973 , 0.06570651
0.1281367 , -0.89392716 , 0.05380171
0.06207837 , 0.1819638 , 0.045590363
0.13619828 , -0.80027 , 0.14392793
0.17883764 , -1.9642005 , 0.15742573
0.22057588 , -3.0991006 , 0.16968966
0.28029442 , -3.7241063 , 0.11575214
0.23379661 , -2.70156 , 0.07516169
0.16703522 , -1.5430807 , 0.059591807
0.0975102 , -0.39428052 , 0.048877988
0.11424508 , -0.17148268 , 0.13137242
0.15466614 , -1.3092178 , 0.15039696
0.1982602 , -2.4779613 , 0.16264807
0.23630193 , -3.553551 , 0.17528531
0.26572275 , -3.3157105 , 0.090363026
0.20551898 , -2.199983 , 0.066847555
0.1363275 , -1.029116 , 0.054309636
0.06840948 , 0.07871563 , 0.043324772
0.13089353 , -0.6577728 , 0.14184052
0.17400636 , -1.8272704 , 0.15594418
0.21707772 , -2.979471 , 0.16782992
0.2811363 , -3.8283677 , 0.119567454
0.24168147 , -2.8460088 , 0.07707294
0.17549416 , -1.6857961 , 0.060362022
0.10543382 , -0.52109915 , 0.04934353
0.1091876 , -0.0329064 , 0.12708694
0.149425 , -1.167335 , 0.1487605
0.19376838 , -2.3461893 , 0.16109522
0.23404048 , -3.449987 , 0.17266916
0.27177492 , -3.4498281 , 0.093799695
0.21387051 , -2.3461204 , 0.0680559
0.14464013 , -1.1672676 , 0.054881513
0.075378105 , -0.032747332 , 0.044367924
0.12545533 , -0.5143635 , 0.13960126
0.16898192 , -1.6880932 , 0.15443277
0.21321751 , -2.855839 , 0.16602756
0.24336326 , -3.8414354 , 0.1719656
0.24934816 , -2.9898565 , 0.07907368
0.1840097 , -1.8304524 , 0.06117774
0.11350803 , -0.6520172 , 0.049894392
0.10450532 , 0.10375413 , 0.122869246
0.14404082 , -1.0238171 , 0.14706415
0.18906227 , -2.211627 , 0.15954167
0.23121625 , -3.340094 , 0.17037989
0.27699983 , -3.5791588 , 0.09713909
0.22218654 , -2.4930387 , 0.069319285
0.15307662 , -1.3080988 , 0.05548923
0.08282974 , -0.15131404 , 0.045193844
0.07314132 , 0.549302 , 0.13415122
0.031449094 , 0.9557234 , 0.104089245
-0.039500907 , 1.3086643 , -0.10093532
0.003139464 , 0.92454 , -0.016202524
0.04153332 , 0.5150575 , 0.038850557
0.37102905 , -4.4890537 , -0.10116417
0.24905787 , -2.7541983 , -0.103419736
0.12758546 , -0.9937602 , -0.10524664
-0.0021395895 , 0.8131707 , -0.10510772
0.10739872 , -0.55049413 , 0.048167717
0.17864943 , -1.7392943 , 0.058991786
0.24540283 , -2.9153855 , 0.07559064
0.28203848 , -3.886687 , 0.110655144
0.103567295 , -0.49221885 , 0.03756484
0.20909227 , -2.2652864 , 0.035391998
0.31003773 , -4.0044255 , 0.035689488
0.24455099 , -3.7362397 , 0.16944128
0.20773193 , -2.6867535 , 0.16365214
0.16202469 , -1.4993899 , 0.15237881
0.117901176 , -0.32095924 , 0.13652009
0.08531551 , -0.190584 , 0.045408357
0.1559137 , -1.3555547 , 0.055572905
0.2250162 , -2.5433912 , 0.06959993
0.27860826 , -3.6229296 , 0.09783391
0.23037988 , -3.3041372 , 0.16950227
0.18754336 , -2.1670666 , 0.15899397
0.14217904 , -0.97513527 , 0.14649458
0.1029261 , 0.15085325 , 0.12209207
0.026377097 , 0.6247352 , 0.050694283
0.028743241 , 0.5974466 , 0.049620815
0.0819842 , 0.26555043 , 0.0856132
0.04070484 , 0.45952368 , 0.048686042
0.043327164 , 0.43110475 , 0.04737371
0.07487613 , 0.34737325 , 0.082756855
0.08248663 , 0.23439829 , 0.10181612
0.09073642 , 0.47661656 , 0.1182611
0.08803957 , 0.5225081 , 0.117690995
0.07973262 , 0.30035737 , 0.08459074
0.079105504 , 0.6815292 , 0.118142955
0.07645702 , 0.7291376 , 0.11795445
0.07302382 , 0.37311342 , 0.07546914
0.037286155 , 0.8898117 , 0.08123876
0.007992167 , 0.86222756 , 0.04392821
0.079611324 , 0.27293444 , 0.24562618
0.019239746 , 0.7194638 , 0.04331622
0.021597158 , 0.6908642 , 0.043135166
0.07631046 , 0.342827 , 0.08121747
0.033458177 , 0.5463238 , 0.042941373
0.035942115 , 0.5171977 , 0.043766085
0.06953561 , 0.41856277 , 0.08072929
0.07775089 , 0.3115308 , 0.084423445
0.08492424 , 0.56458455 , 0.119030654
-0.081144005 , 2.3576326 , 0.040723532
0.00799179 , 1.6388085 , 0.12960601
-0.05720403 , 2.2766962 , 0.08869045
-0.017037204 , 1.5331793 , 0.0676936
0.031480666 , 1.0878353 , 0.1212342
0.08124192 , 0.57452446 , 0.12761514
-0.09390331 , 2.1834624 , -0.031113895
-0.04048788 , 1.5207573 , 0.031919576
0.029677562 , 0.6427176 , 0.045617238
-0.011754671 , 1.1437305 , -0.0023873535
-0.05789906 , 1.5847979 , -0.08187204
0.0038977514 , 1.3377864 , 0.09332344
0.05181518 , 0.8770236 , 0.1314266
0.034009766 , 0.584005 , 0.047030907
-0.0067638955 , 1.087072 , 0.002795037
-0.052123416 , 1.5271537 , -0.07456563
0.0014563926 , 1.350498 , 0.0886102
0.048939757 , 0.89855283 , 0.13005301
0.038232375 , 0.52512527 , 0.04784971
-0.0018424018 , 1.0307436 , 0.007787131
-0.046460465 , 1.469982 , -0.06740377
-0.00093564903 , 1.3624828 , 0.08368223
0.046148136 , 0.9187227 , 0.12833229
0.042382035 , 0.4655842 , 0.04784575
0.0030126995 , 0.97476804 , 0.012580347
-0.040905338 , 1.4132665 , -0.06039987
-0.0032829095 , 1.373782 , 0.0785473
0.043435115 , 0.93762016 , 0.12628575
0.09292225 , 0.42912194 , 0.12001161
0.007803588 , 0.9191619 , 0.017163511
-0.03545305 , 1.3569877 , -0.053560976
-0.005590612 , 1.3844483 , 0.073213294
0.04079722 , 0.9553163 , 0.12393136
0.08937312 , 0.4633586 , 0.124620505
0.0125317145 , 0.8639422 , 0.02152152
0.16146247 , -1.2078431 , -0.16378658
0.15101564 , -0.88893723 , -0.16154324
0.14463574 , -0.50973654 , -0.15916489
0.1412471 , -0.08064348 , -0.158391
0.15808907 , -1.1502681 , -0.16569602
0.1491009 , -0.81110835 , -0.16336215
0.1438485 , -0.41151935 , -0.16122924
0.13948217 , 0.027426189 , -0.16114056
0.15523937 , -1.0867312 , -0.16758376
0.14751239 , -0.726775 , -0.16521873
0.14330028 , -0.30883557 , -0.16346394
0.1648306 , -1.3420912 , -0.17154786
0.15278897 , -1.0169896 , -0.16945976
0.14624564 , -0.63625824 , -0.16714467
0.14286476 , -0.20266719 , -0.16588497
0.16042928 , -1.28474 , -0.17354417
0.15069391 , -0.94092053 , -0.17134114
0.14528017 , -0.54008013 , -0.1691722
0.1422217 , -0.093966745 , -0.16849492
0.157044 , -1.221926 , -0.17550638
0.14893824 , -0.8585572 , -0.17324978
0.14457536 , -0.43893248 , -0.17133033
0.1406487 , 0.016443873 , -0.17127188
0.15426101 , -1.153302 , -0.17744657
0.14751153 , -0.77010536 , -0.17520942
0.14406323 , -0.33362538 , -0.17364237
0.16349567 , -1.4279399 , -0.18145274
0.15192388 , -1.0786445 , -0.17938319
0.14639616 , -0.6759361 , -0.17724359
0.1436179 , -0.22502552 , -0.17612396
0.15898006 , -1.3653964 , -0.18350886
0.1499715 , -0.99789613 , -0.18133968
0.14556013 , -0.57656217 , -0.17937446
0.14296237 , -0.11398282 , -0.17877927
0.15558995 , -1.2975532 , -0.18552068
0.14837475 , -0.91118217 , -0.18333961
0.14495313 , -0.47260618 , -0.18162265
0.1415316 , -0.0012407402 , -0.18159078
0.1528749 , -1.2240343 , -0.18751077
0.14711031 , -0.8187938 , -0.18540291
0.14449935 , -0.36476868 , -0.18400726
0.16170686 , -1.5167146 , -0.1915833
0.15065055 , -1.1446396 , -0.1895068
0.14614856 , -0.721149 , -0.18754491
0.14407235 , -0.25379586 , -0.18654436
0.1571129 , -1.4492712 , -0.19369225
0.14883977 , -1.0593845 , -0.19153832
0.14544766 , -0.6187497 , -0.18977773
0.14342655 , -0.14043438 , -0.18924193
0.15372586 , -1.3766502 , -0.19574574
0.14740068 , -0.9684917 , -0.19362974
0.14494972 , -0.5121469 , -0.19211288
0.14210731 , -0.025358127 , -0.19208875
0.1510786 , -1.2984463 , -0.19777872
0.141625 , -0.5619355 , -0.23289372
0.13946542 , -0.020761937 , -0.23288551
0.1398427 , -1.4723548 , -0.23746608
0.13996382 , -0.9689932 , -0.23613423
0.14150181 , -0.44237006 , -0.23555028
0.14343047 , -1.8428242 , -0.24248107
0.13871847 , -1.3685731 , -0.23977561
0.13984895 , -0.8547999 , -0.23875913
0.14115012 , -0.32022247 , -0.23820533
0.1402626 , -1.7522767 , -0.24447802
0.13802849 , -1.2606708 , -0.24220105
0.13982823 , -0.7382806 , -0.24142952
0.14029004 , -0.19530958 , -0.24089447
0.13796945 , -1.6554276 , -0.24651577
0.1376618 , -1.1493632 , -0.2447183
0.13982789 , -0.6196567 , -0.2441189
0.13859494 , -0.0677232 , -0.24371697
0.13641758 , -1.5528649 , -0.24869998
0.13752146 , -1.0352435 , -0.24730827
0.13975994 , -0.49893087 , -0.24678989
0.13938476 , -1.9340844 , -0.25417188
0.13545671 , -1.4456011 , -0.2510272
0.13752222 , -0.91879755 , -0.24995518
0.13949338 , -0.3758023 , -0.24939625
0.13627961 , -1.8406281 , -0.25604665
0.1349367 , -1.3345517 , -0.25345758
0.13758613 , -0.8003993 , -0.25264245
0.13880347 , -0.2496468 , -0.25191653
0.13407063 , -1.7403214 , -0.25801942
0.13472973 , -1.2204356 , -0.25596213
0.1376372 , -0.6802806 , -0.2553478
0.13734694 , -0.11985325 , -0.25445196
0.13266714 , -1.6343074 , -0.26017717
0.1347299 , -1.103831 , -0.25852522
0.13759394 , -0.5584677 , -0.25803536
0.13497286 , -2.0247276 , -0.2663636
0.13187914 , -1.5238795 , -0.26245555
0.13484573 , -0.98521036 , -0.26113862
0.13735642 , -0.43465963 , -0.26064163
0.13195157 , -1.9287031 , -0.26801613
0.13152906 , -1.4099754 , -0.2647988
0.13499367 , -0.86494243 , -0.26379743
0.13678174 , -0.3080211 , -0.26306167
0.12987226 , -1.8251656 , -0.2698702
0.13147809 , -1.2932838 , -0.26718652
0.13509244 , -0.74326974 , -0.26649594
0.1356278 , -0.17702445 , -0.26522142
0.12864728 , -1.7161005 , -0.27187634
0.13161452 , -1.1743577 , -0.2696205
0.13505678 , -0.6202585 , -0.26922232
0.13016702 , -2.1139657 , -0.27936637
0.128036 , -1.6029252 , -0.27390766
0.131842 , -1.053651 , -0.27211607
0.13479178 , -0.49570593 , -0.27194664
0.14521891 , -0.6834674 , -0.11856444
0.14982349 , -0.44489163 , -0.12293572
0.1425808 , -0.9260159 , -0.117917106
0.1427808 , -0.807302 , -0.1192095
0.14578108 , -0.6337026 , -0.12233448
0.15127602 , -0.36305648 , -0.12657939
0.14146121 , -0.91308296 , -0.12095966
0.14298773 , -0.7763832 , -0.12255363
0.14652763 , -0.574665 , -0.12618282
0.15313137 , -0.27498958 , -0.12992597
0.1411198 , -0.8944574 , -0.12406109
0.14332962 , -0.7382196 , -0.12605156
0.14745292 , -0.5062828 , -0.13004263
0.1553172 , -0.18298216 , -0.13300951
0.14099595 , -0.87014174 , -0.12721443
0.1438138 , -0.69207054 , -0.12968835
0.14854981 , -0.4290671 , -0.13381225
0.15527312 , -0.088945426 , -0.13596965
0.1410628 , -0.8398815 , -0.13045311
0.14444749 , -0.63734245 , -0.13343434
0.14985311 , -0.3442533 , -0.13738406
0.13996585 , -0.9695622 , -0.1321363
0.14130762 , -0.8031744 , -0.1338099
0.14522806 , -0.57369846 , -0.13724138
0.15145274 , -0.25364128 , -0.14070149
0.13939913 , -0.94550264 , -0.13528396
0.14171438 , -0.75937957 , -0.13729882
0.14614257 , -0.50120825 , -0.14103693
0.1532202 , -0.15916762 , -0.14379503
0.13920334 , -0.9155614 , -0.13849144
0.14227074 , -0.70785546 , -0.14091194
0.14718515 , -0.42049658 , -0.1447303
0.15334295 , -0.062500864 , -0.14675942
0.13925377 , -0.87953943 , -0.1417722
0.14296494 , -0.6480962 , -0.14462002
0.14838469 , -0.33276737 , -0.14824076
0.1384277 , -1.0327373 , -0.14344226
0.13951838 , -0.83705837 , -0.14514917
0.14378062 , -0.57986903 , -0.14837237
0.14979312 , -0.23961551 , -0.15153262
0.13758267 , -1.0030766 , -0.14661095
0.13996999 , -0.78761667 , -0.14863563
0.14469917 , -0.5033502 , -0.1520988
0.15125945 , -0.14271227 , -0.15463044
0.13729675 , -0.9674881 , -0.149853
0.14058189 , -0.7307023 , -0.15222605
0.14571358 , -0.4192116 , -0.15572205
0.15146339 , -0.043534618 , -0.15760182
0.13732275 , -0.92576754 , -0.15316789
0.1413273 , -0.66592884 , -0.15589309
0.14684324 , -0.32858416 , -0.15918092
0.1368166 , -1.1020511 , -0.15486887
0.13759749 , -0.8776011 , -0.15656649
0.14217871 , -0.5931749 , -0.15958853
0.12214918 , -1.1423179 , -0.23678483
0.12937574 , -0.68526393 , -0.23860823
0.1356767 , -0.19314115 , -0.23999889
0.11784779 , -1.4747654 , -0.23832811
0.123138525 , -1.0480686 , -0.24028514
0.1304242 , -0.57668304 , -0.24198963
0.13581221 , -0.0758935 , -0.24317835
0.11769403 , -1.392835 , -0.24185312
0.1242438 , -0.94891125 , -0.2437437
0.13140026 , -0.46468666 , -0.24534114
0.13505529 , 0.042722657 , -0.24633047
0.118121885 , -1.3052324 , -0.24540417
0.1253856 , -0.8453592 , -0.24716021
0.13226245 , -0.34971738 , -0.24866241
0.115658745 , -1.6405879 , -0.24699838
0.11893027 , -1.212132 , -0.24893294
0.12650456 , -0.7379114 , -0.25054213
0.1329071 , -0.23222965 , -0.25194824
0.11447664 , -1.5600181 , -0.2505033
0.11996897 , -1.1139685 , -0.25241217
0.12755735 , -0.62700933 , -0.2539016
0.13309938 , -0.112711824 , -0.2551941
0.11426462 , -1.4738779 , -0.254078
0.12112415 , -1.0112988 , -0.2558357
0.12851073 , -0.51301324 , -0.2572522
0.13253695 , 0.0083479555 , -0.2584054
0.114697 , -1.3820685 , -0.2576536
0.12231016 , -0.9046868 , -0.25920978
0.12932767 , -0.39620197 , -0.26060325
0.11227004 , -1.7314463 , -0.2591848
0.11554043 , -1.2849144 , -0.26117682
0.12346149 , -0.7946414 , -0.2625473
0.12993287 , -0.27681667 , -0.26395166
0.11095525 , -1.6471046 , -0.26276946
0.116624676 , -1.183 , -0.26462698
0.12452664 , -0.6815788 , -0.2658663
0.13015632 , -0.15514761 , -0.26727772
0.11068873 , -1.5570086 , -0.26640555
0.117827795 , -1.0769749 , -0.26800686
0.12546317 , -0.56579137 , -0.26918986
0.12975304 , -0.0316085 , -0.27055746
0.111124106 , -1.4611788 , -0.27000383
0.119060084 , -0.9674416 , -0.27132836
0.12623022 , -0.44742104 , -0.27254257
0.10873953 , -1.8231715 , -0.2714501
0.11199512 , -1.3601491 , -0.27351058
0.120251074 , -0.854916 , -0.27460694
0.12677118 , -0.32647178 , -0.27593768
0.10731027 , -1.7354647 , -0.27514073
0.113116145 , -1.2546687 , -0.2769188
0.12134147 , -0.73980504 , -0.27786285
0.12697971 , -0.20291975 , -0.27935463
0.10699717 , -1.6416643 , -0.2788493
0.11436165 , -1.1454605 , -0.28024194
0.122277655 , -0.6223737 , -0.28112447
0.12669203 , -0.07694422 , -0.28272888
0.10743013 , -1.542007 , -0.28245896
0.11564003 , -1.0331453 , -0.2834958
0.123006485 , -0.50269204 , -0.28443027
0.10509832 , -1.9151354 , -0.28382108
0.10831378 , -1.437314 , -0.28592834
0.116877005 , -0.9182375 , -0.2866966
0.12346984 , -0.3805795 , -0.28782272
0.10358267 , -1.8245041 , -0.28765428
0.10945697 , -1.3284907 , -0.2892729
0.11800707 , -0.80114144 , -0.2898646
0.12360226 , -0.2556258 , -0.29131633
0.10323334 , -1.7272364 , -0.29143798
0.11073558 , -1.2162976 , -0.29251596
0.118967205 , -0.6821238 , -0.29302877
0.12334414 , -0.12747976 , -0.29483142
0.10364828 , -1.6239719 , -0.29502586
0.11205699 , -1.1013495 , -0.295676
0.11969015 , -0.5612548 , -0.29623267
0.101396404 , -2.0066552 , -0.29636392
0.10451929 , -1.5158914 , -0.2984161
0.113343656 , -0.9841499 , -0.2987711
0.120099194 , -0.43830624 , -0.29954115
0.09983916 , -1.913567 , -0.30039245
0.1056643 , -1.4040023 , -0.3016514
0.11452549 , -0.86509836 , -0.30182445
0.12012082 , -0.31260782 , -0.30303377
0.09945676 , -1.8130436 , -0.30421653
0.10696295 , -1.2890546 , -0.30476224
0.11553381 , -0.7444696 , -0.30486816
0.1197548 , -0.18304622 , -0.30672005
0.09981752 , -1.706476 , -0.30769548
0.1083206 , -1.17164 , -0.30777365
0.116293475 , -0.62236696 , -0.3079486
0.11916008 , -0.048938427 , -0.31030032
0.1006398 , -1.5953823 , -0.31090423
0.10965599 , -1.0522438 , -0.310715
0.11671341 , -0.49863076 , -0.31113544
0.09619846 , -2.001856 , -0.31354043
0.1017612 , -1.4807633 , -0.31390747
0.11089538 , -0.93125474 , -0.31362534
0.11668542 , -0.37265176 , -0.31454074
0.09574574 , -1.8983185 , -0.3172238
0.10306159 , -1.3633248 , -0.31675217
0.11196748 , -0.80894756 , -0.31655747
0.11614298 , -0.2429824 , -0.3183468
0.095990464 , -1.7889421 , -0.3203302
0.10444227 , -1.2436272 , -0.31949404
0.11279518 , -0.685449 , -0.31958112
0.11527359 , -0.106966555 , -0.32256648
0.09671393 , -1.6753343 , -0.3230093
0.10581628 , -1.1221414 , -0.3221862
0.1132943 , -0.5606487 , -0.32282788
0.14860855 , -0.73156303 , -0.06402216
0.1568138 , -0.9878203 , -0.124002315
0.14817151 , -1.4284959 , -0.18915081
0.12646735 , -1.9125346 , -0.26018763
0.15220018 , -0.76718223 , -0.077805944
0.15643798 , -1.0854437 , -0.13919047
0.14421499 , -1.5492694 , -0.20562057
0.120030604 , -2.0304904 , -0.27846113
0.15522328 , -0.8215146 , -0.092058875
0.15513629 , -1.192384 , -0.15464514
0.13951926 , -1.6717374 , -0.22244202
0.113320075 , -2.1445158 , -0.29795164
0.1571721 , -0.892975 , -0.10666269
0.15293151 , -1.3064218 , -0.17039335
0.13414481 , -1.7945051 , -0.23962806
0.14556445 , -0.7260053 , -0.06176748
0.15804866 , -0.97917455 , -0.121544726
0.14986105 , -1.4255353 , -0.18646206
0.12816267 , -1.9162225 , -0.25722513
0.15205617 , -0.75967795 , -0.07560367
0.15789618 , -1.0775775 , -0.13668159
0.14597312 , -1.5479183 , -0.20287037
0.12166129 , -2.0354443 , -0.27538812
0.15601324 , -0.81265837 , -0.08974701
0.15675573 , -1.1856881 , -0.1520832
0.14132397 , -1.6719658 , -0.21962939
0.114778176 , -2.1505313 , -0.29463416
0.15839432 , -0.883556 , -0.10427572
0.15467013 , -1.3011624 , -0.16777499
0.13597605 , -1.7962337 , -0.23675095
0.14555961 , -0.72048867 , -0.059805516
0.15952979 , -0.9698957 , -0.119099066
0.1516879 , -1.421867 , -0.18378398
0.12999645 , -1.9193485 , -0.25427365
0.15320913 , -0.7520682 , -0.07344066
0.15955716 , -1.0690086 , -0.13418305
0.14786436 , -1.545899 , -0.2001306
0.12345177 , -2.0398493 , -0.2723298
0.15747663 , -0.8034886 , -0.08745594
0.15855071 , -1.178258 , -0.14953138
0.1432613 , -1.6715729 , -0.216827
0.11636862 , -2.155983 , -0.29135522
0.16002922 , -0.8736462 , -0.10190178
0.15656716 , -1.295167 , -0.16516685
0.13794601 , -1.7973844 , -0.23388402
0.15139471 , -0.7151564 , -0.058168616
0.16130042 , -0.9599999 , -0.116663456
0.15366235 , -1.4174849 , -0.18111622
0.1319905 , -1.9219294 , -0.25133377
0.15602958 , -0.7444002 , -0.07127635
0.16144338 , -1.059745 , -0.13169375
0.14989686 , -1.5432059 , -0.19740123
0.12547028 , -2.0437372 , -0.26928782
0.15967713 , -0.79404795 , -0.08517441
0.16053472 , -1.170095 , -0.14698878
0.14533758 , -1.6705564 , -0.21403481
0.118451685 , -2.160983 , -0.2881123
0.16209428 , -0.86327595 , -0.09953633
0.15863182 , -1.2884324 , -0.16256833
0.14005843 , -1.7979625 , -0.23102757
0.11300844 , -2.2868102 , -0.30993623
0.19452462 , -0.76681924 , -0.08090498
0.19041024 , -1.236383 , -0.14212933
0.1704466 , -1.8412876 , -0.20854309
0.13881248 , -2.3816588 , -0.28177992
0.1689694 , -0.71117145 , -0.058628347
0.16340987 , -0.72055393 , -0.063624024
0.1903589 , -0.715711 , -0.06579822
0.18608046 , -0.72896016 , -0.0702332
0.18115713 , -0.74610305 , -0.07464924
0.17547129 , -0.7652008 , -0.078842595
0.20302066 , -0.7678085 , -0.08178122
0.19747245 , -0.793214 , -0.08589632
0.19156082 , -0.81878656 , -0.08998958
0.18543623 , -0.84353095 , -0.0940252
0.1793872 , -0.8666705 , -0.09800819
0.20703754 , -0.89747286 , -0.1010175
0.2001515 , -0.9269355 , -0.10508541
0.19336993 , -0.95410025 , -0.10916331
0.1868635 , -0.9786363 , -0.113244444
0.1809479 , -1.0002975 , -0.11732938
0.20663683 , -1.0659704 , -0.1201913
0.19913176 , -1.0928417 , -0.12438888
0.19204259 , -1.1165215 , -0.12861376
0.18552493 , -1.1369104 , -0.13286056
0.21091913 , -1.2298374 , -0.13554202
0.20269917 , -1.2543961 , -0.13989873
0.19499896 , -1.2754942 , -0.14429927
0.18791905 , -1.2931287 , -0.14873627
0.18156503 , -1.3073068 , -0.1532073
0.20416167 , -1.433129 , -0.15586017
0.19584458 , -1.4503988 , -0.16046675
0.18823265 , -1.4642179 , -0.16512172
0.18136564 , -1.474657 , -0.16981941
0.17528255 , -1.4817865 , -0.17455557
0.19473222 , -1.6360968 , -0.1772502
0.18660419 , -1.6453885 , -0.18215021
0.17929609 , -1.6515278 , -0.18709826
0.17278369 , -1.6546277 , -0.19208458
0.19184488 , -1.827497 , -0.19475798
0.18320252 , -1.8318393 , -0.19993018
0.17549501 , -1.8334066 , -0.20515324
0.16865486 , -1.8323451 , -0.2104087
0.16257347 , -1.8287468 , -0.21568051
0.1782574 , -2.0186923 , -0.21856067
0.17013377 , -2.0156803 , -0.22409183
0.16303791 , -2.0105867 , -0.22964662
0.15673895 , -2.0034635 , -0.23519617
0.15103516 , -1.994248 , -0.24072632
0.16349036 , -2.1937895 , -0.24402751
0.15611228 , -2.1849287 , -0.24994002
0.14968431 , -2.174492 , -0.2558615
0.14382355 , -2.1623557 , -0.26180106
0.15619007 , -2.3648708 , -0.26504177
0.14827904 , -2.3521879 , -0.27139786
0.14176871 , -2.3375592 , -0.27798802
0.13594398 , -2.3210208 , -0.28506827
0.16073655 , -0.70991427 , -0.055622194
0.18765733 , -0.707623 , -0.05771823
0.17872414 , -0.71349657 , -0.062026195
0.17002623 , -0.72468305 , -0.066198796
0.16166946 , -0.7402818 , -0.07056429
0.153583 , -0.75780845 , -0.07534781
0.17771587 , -0.75896704 , -0.07764508
0.16989917 , -0.7823132 , -0.08265819
0.16254301 , -0.8060686 , -0.087839596
0.15562946 , -0.82908386 , -0.09317876
0.1771885 , -0.848928 , -0.09542512
0.16978854 , -0.8785229 , -0.10089428
0.1628399 , -0.9064022 , -0.1064309
0.15635268 , -0.93208426 , -0.11202864
0.15050304 , -0.9552063 , -0.1176685
0.16958252 , -1.0089406 , -0.120182745
0.16266093 , -1.0376588 , -0.12586913
0.15623263 , -1.06339 , -0.13158654
0.15039195 , -1.0859816 , -0.13733186
0.14533475 , -1.1053193 , -0.14310114
0.16204152 , -1.1943902 , -0.14581724
0.15542991 , -1.2181331 , -0.1516052
0.1494164 , -1.2384512 , -0.15741712
0.14409123 , -1.2553248 , -0.1632532
0.16098602 , -1.370673 , -0.16610879
0.15399793 , -1.3909439 , -0.17195146
0.14767852 , -1.4077156 , -0.17781718
0.14203744 , -1.4210409 , -0.18370785
0.13711737 , -1.430976 , -0.18962753
0.15199673 , -1.5764619 , -0.19255875
0.1452603 , -1.5888001 , -0.19846997
0.13924609 , -1.5978491 , -0.20440671
0.13394071 , -1.6037171 , -0.21037391
0.12933144 , -1.6065001 , -0.21637872
0.14228468 , -1.7767552 , -0.21932015
0.13582565 , -1.7811013 , -0.22529016
0.13012557 , -1.7826207 , -0.2312931
0.12510619 , -1.7814342 , -0.23734084
0.13896304 , -1.9665912 , -0.24030454
0.13193046 , -1.9660753 , -0.2462927
0.12580171 , -1.963237 , -0.25232157
0.120418176 , -1.9581983 , -0.25841224
0.11561737 , -1.9509795 , -0.26459047
0.12772994 , -2.1480129 , -0.26740116
0.12107989 , -2.1410384 , -0.27348465
0.11542417 , -2.1324174 , -0.27966222
0.1104251 , -2.1220737 , -0.28595963
0.10574505 , -2.1098702 , -0.2924002
0.115752265 , -2.3123112 , -0.29529944
0.110033765 , -2.2999725 , -0.3018345
0.10531734 , -2.2859309 , -0.3084619
0.10106149 , -2.2704158 , -0.3151541
0.108570844 , -2.478719 , -0.3198671
0.10860049 , -0.4881686 , -0.04079547
0.112050354 , -0.44942626 , -0.046862997
0.08331336 , -0.2544282 , -0.05157003
0.08657191 , -0.22190149 , -0.05668797
0.09005581 , -0.19111861 , -0.06193629
0.09361429 , -0.16219974 , -0.067177124
0.09716541 , -0.13522956 , -0.07235293
0.10065195 , -0.11026869 , -0.077422135
0.104072236 , -0.08736483 , -0.08240593
0.10741942 , -0.06654939 , -0.08731179
0.110696785 , -0.0478376 , -0.0921649
0.11390195 , -0.031232335 , -0.096976444
0.11702867 , -0.01673117 , -0.10176305
0.12006385 , -0.0043332237 , -0.10652881
0.09774607 , 0.21051267 , -0.11102622
0.100934185 , 0.21877755 , -0.115925476
0.104130186 , 0.22500716 , -0.12085331
0.107313156 , 0.22923344 , -0.12580839
0.11046879 , 0.23148431 , -0.1307909
0.11358729 , 0.23178406 , -0.13580492
0.11665992 , 0.23015472 , -0.14085367
0.11967815 , 0.22661649 , -0.14594027
0.12263222 , 0.22118758 , -0.15106684
0.1255094 , 0.21388371 , -0.15623264
0.12829314 , 0.20471665 , -0.1614356
0.13095844 , 0.19369228 , -0.16666701
0.111052684 , 0.42566076 , -0.17191541
0.11362214 , 0.41072723 , -0.1773243
0.11616791 , 0.3941498 , -0.18279819
0.11866714 , 0.37596995 , -0.18833195
0.121099845 , 0.3562236 , -0.19391075
0.12345298 , 0.33494234 , -0.19953674
0.12570773 , 0.31215453 , -0.20519209
0.12785028 , 0.28788558 , -0.21087922
0.12985697 , 0.26215798 , -0.21657287
0.13170129 , 0.23499048 , -0.22226675
0.13335301 , 0.20639609 , -0.2279276
0.13476568 , 0.17637964 , -0.23353797
0.11763189 , 0.42204636 , -0.24006316
0.119248316 , 0.39002368 , -0.24586155
0.12066744 , 0.3570569 , -0.2516823
0.12200471 , 0.32321423 , -0.25735393
0.12309448 , 0.28856143 , -0.26301253
0.12405049 , 0.25311685 , -0.26849648
0.12475107 , 0.21682964 , -0.27396354
0.14670818 , -0.4558705 , -0.061920658
0.14924 , -0.41973165 , -0.06682502
0.15149462 , -0.38401207 , -0.071804866
0.15339756 , -0.34954366 , -0.07678449
0.15516368 , -0.31714556 , -0.08190222
0.12631114 , -0.12078954 , -0.09411638
0.12843496 , -0.0936482 , -0.09945096
0.13045022 , -0.06854651 , -0.10471185
0.13234761 , -0.04548405 , -0.109879844
0.13415769 , -0.024471847 , -0.11499858
0.13588743 , -0.005521408 , -0.12006072
0.13754843 , 0.01136096 , -0.125089
0.13915516 , 0.02617493 , -0.13008845
0.14071727 , 0.03892526 , -0.13507915
0.14224671 , 0.049618583 , -0.14007214
0.14374675 , 0.058260124 , -0.14508691
0.14521733 , 0.06484981 , -0.15013953
0.121722095 , 0.28465143 , -0.16207261
0.12333001 , 0.28699803 , -0.16713887
0.12487644 , 0.28737852 , -0.1722172
0.12636822 , 0.28583118 , -0.17732154
0.12781155 , 0.28238657 , -0.18246284
0.12921274 , 0.27707118 , -0.18764955
0.13057613 , 0.26990908 , -0.1928897
0.13190523 , 0.26092237 , -0.19818811
0.1332016 , 0.2501311 , -0.2035517
0.13446395 , 0.23755287 , -0.20898268
0.13568921 , 0.22320129 , -0.21448894
0.13686629 , 0.20708418 , -0.22007199
0.11550554 , 0.4423603 , -0.23158607
0.116663046 , 0.42261785 , -0.23716101
0.11777085 , 0.4013636 , -0.24278882
0.118821084 , 0.37864125 , -0.24848573
0.11981189 , 0.35448718 , -0.25423548
0.12073334 , 0.3289335 , -0.260054
0.12158166 , 0.30200917 , -0.26591286
0.12233211 , 0.2737399 , -0.27182236
0.12298163 , 0.24414696 , -0.27774593
0.12348608 , 0.21324728 , -0.28369054
0.123849735 , 0.18104735 , -0.2896234
0.124002926 , 0.14753622 , -0.29555652
0.10786227 , 0.39679185 , -0.3047913
0.108708 , 0.36215413 , -0.31041735
0.10939097 , 0.32690114 , -0.3160589
0.1098799 , 0.29105318 , -0.32156736
0.102462284 , -0.26478955 , -0.0620588
0.13971683 , -1.785262 , 0.06672822
0.14207646 , -1.42466 , 0.066988006
0.14511465 , -1.0668484 , 0.06647225
0.140953 , -2.0880587 , 0.06839921
0.14110592 , -1.7248178 , 0.06924358
0.14315112 , -1.3479689 , 0.06927885
0.14626145 , -0.97932005 , 0.068655126
0.14096218 , -2.0382516 , 0.070904136
0.14233902 , -1.6565589 , 0.07173904
0.1441354 , -1.2646515 , 0.071490295
0.14715149 , -0.8862189 , 0.07082153
0.14209938 , -1.981268 , 0.073446244
0.14341363 , -1.5803915 , 0.074179225
0.145033 , -1.1750932 , 0.07362928
0.1471207 , -0.78773725 , 0.07298091
0.14341499 , -1.9165009 , 0.07602019
0.14433268 , -1.496482 , 0.07653017
0.14584346 , -1.0796744 , 0.0757097
0.14639205 , -2.2584946 , 0.077273525
0.14460465 , -1.8434029 , 0.07860334
0.14509845 , -1.4052278 , 0.07876997
0.14653607 , -0.9787308 , 0.07775066
0.14588264 , -2.1981885 , 0.07981735
0.14559749 , -1.76163 , 0.08115423
0.14571476 , -1.3071749 , 0.08089301
0.14695379 , -0.87251747 , 0.079774305
0.14673682 , -2.1301231 , 0.08242838
0.14637855 , -1.6711582 , 0.08362215
0.1461879 , -1.2029214 , 0.08290884
0.14657593 , -0.7611919 , 0.08179778
0.14781892 , -2.0534422 , 0.085091345
0.1469432 , -1.5723157 , 0.085962474
0.14652114 , -1.0930312 , 0.08483887
0.14426057 , -0.6448292 , 0.08381418
0.14874911 , -1.9674408 , 0.087766945
0.14729287 , -1.4657198 , 0.08814856
0.14669016 , -0.9779657 , 0.086713105
0.1515826 , -2.3628185 , 0.0884126
0.14942846 , -1.8717474 , 0.09039249
0.14743693 , -1.3521553 , 0.090175144
0.14656815 , -0.8580363 , 0.088565
0.15212163 , -2.2839062 , 0.091121286
0.14982739 , -1.7664478 , 0.09289826
0.14739017 , -1.2324475 , 0.09205505
0.14575057 , -0.7333933 , 0.09042023
0.15293168 , -2.195373 , 0.093903325
0.14993605 , -1.6520866 , 0.095229276
0.14716268 , -1.1073586 , 0.093815565
0.14331701 , -0.6040612 , 0.09227908
0.15355131 , -2.0963404 , 0.09669738
0.14976111 , -1.5295396 , 0.09735773
0.14673606 , -0.9775046 , 0.09549546
0.15801735 , -2.5310133 , 0.096643016
0.15385047 , -1.9864373 , 0.099413246
0.13222265 , -0.60138226 , 0.14145382
0.22196165 , -3.489573 , 0.1643474
0.19353198 , -2.4903123 , 0.16048956
0.15709035 , -1.4005574 , 0.15042612
0.12440136 , -0.34751132 , 0.13787858
0.2198028 , -3.2942681 , 0.16829412
0.18600135 , -2.2418575 , 0.1592312
0.14849584 , -1.1374121 , 0.14803818
0.117042325 , -0.098648936 , 0.13269989
0.21498129 , -3.0749178 , 0.16862173
0.17776003 , -1.9845799 , 0.15726426
0.13956235 , -0.8701142 , 0.1450062
0.1573348 , -0.7419174 , -0.036540918
0.15671715 , -0.8338527 , -0.037179407
0.15245555 , -0.83474725 , -0.040048335
0.15430558 , -0.7708975 , -0.040677957
0.16056909 , -0.7764816 , -0.03303412
0.15597597 , -0.85187757 , -0.035858236
0.15209867 , -0.833323 , -0.038283657
0.15711293 , -0.767892 , -0.03811332
0.16068523 , -0.8127099 , -0.03114606
0.1551236 , -0.86454475 , -0.034510083
0.15201688 , -0.8301663 , -0.036368392
0.16190374 , -0.767676 , -0.036090504
0.16007432 , -0.8449286 , -0.029776594
0.15424395 , -0.8723293 , -0.03307779
0.15234722 , -0.82658446 , -0.034265526
0.17137732 , -0.7588414 , -0.03640647
0.15915658 , -0.87139946 , -0.028566778
0.1534149 , -0.87600213 , -0.031523824
0.1532461 , -0.8240585 , -0.031946678
0.16510372 , -0.8223212 , -0.02530179
0.15807173 , -0.89170444 , -0.027377773
0.15271589 , -0.87655586 , -0.02981712
0.1548543 , -0.8235173 , -0.029607167
0.16449812 , -0.85834527 , -0.02312367
0.15281141 , -0.8474023 , -0.027717743
0.16728166 , -0.854079 , -0.021597298
0.15906751 , -0.91481984 , -0.023358738
0.15299703 , -0.89750713 , -0.025708504
0.15395851 , -0.8467557 , -0.02556464
0.16631861 , -0.8886954 , -0.019403338
0.15772553 , -0.9289093 , -0.022138149
0.15232736 , -0.89622635 , -0.02382581
0.15621096 , -0.84348685 , -0.024270866
0.16483027 , -0.9203357 , -0.017879233
0.15636484 , -0.93749905 , -0.020803891
0.1519091 , -0.8941045 , -0.021763362
0.16042528 , -0.8304423 , -0.023903519
0.16321604 , -0.94636357 , -0.016651997
0.15503584 , -0.9414687 , -0.019321702
0.15177067 , -0.8919055 , -0.019631067
0.17183898 , -0.9275338 , -0.014567473
0.16154467 , -0.9659283 , -0.015498492
0.15378886 , -0.9418528 , -0.017669192
0.15197977 , -0.8888037 , -0.017766973
0.17040642 , -0.95779 , -0.012329524
0.15983576 , -0.97911656 , -0.014302066
0.15266782 , -0.9397412 , -0.015841484
0.15301311 , -0.8813156 , -0.016556723
0.16846175 , -0.98567873 , -0.010638684
0.15811208 , -0.98649746 , -0.0129993325
0.15169673 , -0.936063 , -0.013880263
0.15512891 , -0.8650171 , -0.01580618
0.16640474 , -1.008604 , -0.009283196
0.15640298 , -0.988902 , -0.011553805
0.15088247 , -0.9310602 , -0.01193541
0.1765396 , -1.0174748 , -0.0077378596
0.16432106 , -1.0253819 , -0.008062144
0.15473863 , -0.9872874 , -0.00994853
0.15031949 , -0.9235037 , -0.010271303
0.1746213 , -1.0420252 , -0.0056070574
0.16221862 , -1.0358146 , -0.0068412996
0.20459428 , -1.7905828 , 0.030705644
0.18189098 , -1.5181953 , 0.030510768
0.15888737 , -1.2411504 , 0.030375531
0.14002879 , -0.96450365 , 0.030375704
0.20007944 , -1.758585 , 0.03202806
0.17699154 , -1.471431 , 0.031758934
0.15381019 , -1.1807749 , 0.03173573
0.13555038 , -0.89212316 , 0.031831715
0.19584809 , -1.7202569 , 0.033300236
0.17177214 , -1.4178431 , 0.03300496
0.14872938 , -1.1142498 , 0.033104084
0.12955244 , -0.81419367 , 0.033371724
0.19132985 , -1.6752585 , 0.03451321
0.16628906 , -1.3574672 , 0.034271076
0.14371768 , -1.0416607 , 0.0344851
0.21093607 , -1.9479399 , 0.036132105
0.1863661 , -1.6232396 , 0.035677314
0.16061383 , -1.2904537 , 0.03556889
0.13876775 , -0.96315485 , 0.035892416
0.20598076 , -1.9053085 , 0.037350833
0.18094693 , -1.5639391 , 0.036817703
0.15483056 , -1.2170142 , 0.03689982
0.13358916 , -0.8789422 , 0.03734268
0.20144378 , -1.8558298 , 0.038492154
0.17512023 , -1.4972684 , 0.03796666
0.1490281 , -1.1373845 , 0.038260978
0.12717862 , -0.7892603 , 0.038845256
0.19658671 , -1.7990435 , 0.0395582
0.16896266 , -1.4233412 , 0.039153118
0.14327775 , -1.0518098 , 0.039650206
0.21761209 , -2.1118708 , 0.041401584
0.19118851 , -1.7345209 , 0.04057065
0.16256735 , -1.342443 , 0.040394753
0.13757433 , -0.96053445 , 0.041067373
0.21223642 , -2.0585477 , 0.04250423
0.18522903 , -1.6619861 , 0.041566424
0.15603536 , -1.2549657 , 0.041696157
0.13168077 , -0.86377907 , 0.04251304
0.20740537 , -1.9978079 , 0.043488897
0.17876886 , -1.5814109 , 0.04258873
0.14946507 , -1.1613377 , 0.04305199
0.124803334 , -0.7617187 , 0.04398361
0.20220752 , -1.9290019 , 0.044372957
0.17190622 , -1.4930439 , 0.043675013
0.14293174 , -1.0619671 , 0.044451263
0.22457555 , -2.2812254 , 0.046534564
0.19636044 , -1.8515867 , 0.045195237
0.16475561 , -1.397362 , 0.044847555
0.13643984 , -0.9571963 , 0.045880362
0.21881777 , -2.2173567 , 0.04750183
0.18983807 , -1.7652738 , 0.04601031
0.157434 , -1.2949753 , 0.046111204
0.1298048 , -0.8472673 , 0.047325622
0.21372052 , -2.1454117 , 0.04829842
0.18271813 , -1.6701334 , 0.04687635
0.15004972 , -1.1865253 , 0.04745626
0.12240786 , -0.73231435 , 0.048772465
0.20818567 , -2.0644956 , 0.048962086
0.17512275 , -1.5666006 , 0.04783947
0.14268604 , -1.0725971 , 0.048862655
0.23176792 , -2.4547317 , 0.051562667
0.20187521 , -1.9739287 , 0.049554903
0.16718669 , -1.4553871 , 0.048924115
0.13536343 , -0.95365083 , 0.050304275
0.2256791 , -2.380704 , 0.052366223
0.19476627 , -1.873428 , 0.050154477
0.15903987 , -1.3373445 , 0.050132837
0.12794942 , -0.8299782 , 0.05175399
0.22036329 , -2.2977962 , 0.052935503
0.18696173 , -1.7632107 , 0.050836153
0.15079874 , -1.2133378 , 0.0514515
0.11997625 , -0.7017031 , 0.05318644
0.21450278 , -2.204822 , 0.053334825
0.1786111 , -1.6439531 , 0.051652465
0.14255619 , -1.0841458 , 0.052853372
0.11043338 , -0.5688272 , 0.05457028
0.20771496 , -2.1009617 , 0.05365658
0.16986772 , -1.5166316 , 0.05262525
0.13435368 , -0.95038086 , 0.054302413
0.23275642 , -2.5474858 , 0.05713209
0.19999564 , -1.9859812 , 0.05400713
0.1608696 , -1.3823407 , 0.053751823
0.12611213 , -0.81243277 , 0.055758562
0.22729333 , -2.4540484 , 0.057426024
0.19148497 , -1.8603182 , 0.05447901
0.15173653 , -1.2421594 , 0.055014655
0.11749782 , -0.6704604 , 0.05718365
0.22112711 , -2.3492036 , 0.057509445
0.18236443 , -1.7249511 , 0.055125248
0.1425691 , -1.0970664 , 0.056385547
0.10772481 , -0.5244452 , 0.058538053
0.2138484 , -2.2320077 , 0.057515107
0.17280321 , -1.5811396 , 0.055957478
0.133432 , -0.94786763 , 0.05782448
0.23996465 , -2.7165313 , 0.061852995
0.20549606 , -2.1023571 , 0.057584524
0.16294108 , -1.430198 , 0.05696336
0.12430217 , -0.7951216 , 0.05928077
0.23445465 , -2.613192 , 0.06181378
0.19626382 , -1.9610173 , 0.057824396
0.15289421 , -1.2733812 , 0.058123168
0.1149699 , -0.6390952 , 0.060700256
0.22801211 , -2.4967866 , 0.061520137
0.18636927 , -1.8093398 , 0.05827723
0.14276476 , -1.1118488 , 0.05941372
0.10488038 , -0.47979492 , 0.062028848
0.2202291 , -2.3662908 , 0.06116036
0.17599307 , -1.6488719 , 0.05893418
0.13263746 , -0.94662935 , 0.060801495
0.24718967 , -2.8865516 , 0.06661669
0.21122456 , -2.2218652 , 0.060918637
0.16527018 , -1.4811021 , 0.05976789
0.122546025 , -0.7785393 , 0.062233374
0.24177249 , -2.7741432 , 0.066175476
0.20126554 , -2.0647547 , 0.060906526
0.15430602 , -1.307396 , 0.060755815
0.112401836 , -0.60807157 , 0.063637175
0.23509291 , -2.6466 , 0.06543061
0.19060643 , -1.8967593 , 0.061139103
0.14319529 , -1.1290379 , 0.06188485
0.101885065 , -0.43534136 , 0.06493318
0.22679248 , -2.5028944 , 0.06465138
0.17943235 , -1.7196977 , 0.06157541
0.13203159 , -0.9472682 , 0.06314066
0.25427702 , -3.05618 , 0.0715669
0.21712515 , -2.343669 , 0.06407129
0.16786782 , -1.5351695 , 0.062168404
0.12089729 , -0.76323926 , 0.06448596
0.24915016 , -2.9357462 , 0.070641354
0.20645073 , -2.1708486 , 0.063785665
0.15600346 , -1.3445731 , 0.062890284
0.1098235 , -0.5778423 , 0.06583996
0.24228244 , -2.7975686 , 0.06935325
0.19505328 , -1.9867373 , 0.06375833
0.14391854 , -1.1492311 , 0.06373716
0.0987308 , -0.39147648 , 0.067082085
0.23345378 , -2.640761 , 0.06809745
0.18311244 , -1.7933776 , 0.06390696
0.13169882 , -0.9505191 , 0.064721614
0.26100272 , -3.2238426 , 0.076950006
0.22313167 , -2.4667988 , 0.06715494
0.17073913 , -1.5924104 , 0.064163454
0.11945001 , -0.7499267 , 0.065847866
0.25645933 , -3.0966823 , 0.075437844
0.21177845 , -2.278516 , 0.06656206
0.15800966 , -1.3851994 , 0.064491935
0.1073049 , -0.54892427 , 0.0670623
0.24946164 , -2.9484234 , 0.0734865
0.19968855 , -2.0787163 , 0.06620416
0.14498648 , -1.1730181 , 0.0648908
0.09542997 , -0.3485321 , 0.06820576
0.2401058 , -2.7786152 , 0.0716973
0.18702535 , -1.8695773 , 0.06595571
0.13173424 , -0.957248 , 0.06539281
0.26700202 , -3.3877645 , 0.08319182
0.22917405 , -2.5901213 , 0.07036474
0.17388655 , -1.6527166 , 0.06573134
0.11834463 , -0.7395715 , 0.06605703
0.2635234 , -3.2554955 , 0.080951735
0.21721336 , -2.386876 , 0.06939118
0.16033915 , -1.4294239 , 0.06548693
0.10499205 , -0.5220637 , 0.0669196
0.2564656 , -3.0976772 , 0.07817137
0.204498 , -2.172061 , 0.06856566
0.1464344 , -1.2008759 , 0.06521635
0.09205313 , -0.3068286 , 0.067860365
0.24662432 , -2.9149547 , 0.07579734
0.19116917 , -1.947869 , 0.06773127
0.13221714 , -0.96834606 , 0.06495452
0.08013558 , -0.09478399 , 0.0684672
0.2351935 , -2.7124002 , 0.07400607
0.17731634 , -1.7158515 , 0.06679607
0.11774267 , -0.7334602 , 0.06478968
0.27007186 , -3.410379 , 0.08786187
0.22273748 , -2.4950213 , 0.07246705
0.16300419 , -1.4772185 , 0.06571531
0.10313889 , -0.4985496 , 0.064870015
0.26306108 , -3.2433512 , 0.08401064
0.20948316 , -2.2661123 , 0.07089406
0.14828196 , -1.2330508 , 0.06448148
0.08882877 , -0.26692468 , 0.06530133
0.2528939 , -3.047926 , 0.080977015
0.19555578 , -2.0277793 , 0.06913662
0.13318828 , -0.9844868 , 0.06312127
0.07611354 , -0.04180503 , 0.06566415
0.24117053 , -2.8322964 , 0.0784352
0.1810456 , -1.781498 , 0.06713246
0.11775753 , -0.73294455 , 0.06170211
0.27561423 , -3.5590982 , 0.09750779
0.22836775 , -2.6020055 , 0.0758009
0.16602327 , -1.5284185 , 0.064871624
0.1020492 , -0.48047605 , 0.060361806
0.26896033 , -3.38268 , 0.092262745
0.21467197 , -2.3601727 , 0.07285948
0.15054633 , -1.2695582 , 0.0623707
0.08630747 , -0.23049949 , 0.059400823
0.2589135 , -3.1755183 , 0.087861955
0.20021233 , -2.1087878 , 0.06961432
0.13466325 , -1.0059605 , 0.059647225
0.07180891 , 0.010847943 , 0.05919706
0.24719736 , -2.9486313 , 0.08302691
0.18509634 , -1.8492781 , 0.06616426
0.11842211 , -0.73888 , 0.056711078
0.14799252 , -0.7743816 , -0.03315641
0.16140965 , -1.4092269 , 0.018402398
0.18932015 , -2.3538568 , 0.06470833
0.2293842 , -3.3096747 , 0.103993155
0.15065911 , -0.87826234 , -0.020255655
0.16682942 , -1.6229452 , 0.030085409
0.19870737 , -2.5981357 , 0.074669436
0.23882526 , -3.5221741 , 0.11456404
0.15375127 , -1.0180814 , -0.0077632996
0.17332003 , -1.8514494 , 0.041452844
0.20872827 , -2.8407567 , 0.08413628
0.24540438 , -3.7159412 , 0.12958735
0.15738428 , -1.1876696 , 0.004456008
0.18087219 , -2.0905476 , 0.052438073
0.21911605 , -3.0781817 , 0.09323669
0.14667998 , -0.7580702 , -0.035278276
0.16180356 , -1.3818983 , 0.016435925
0.18941274 , -2.3359773 , 0.062977634
0.2295017 , -3.3068528 , 0.10238931
0.15086004 , -0.85659665 , -0.022314942
0.16718856 , -1.5964404 , 0.028159244
0.19881131 , -2.583688 , 0.07302197
0.2393247 , -3.522487 , 0.11264021
0.15435849 , -0.9928503 , -0.009786465
0.17362963 , -1.8266945 , 0.039570797
0.20888399 , -2.829826 , 0.08254995
0.24780338 , -3.7189689 , 0.12659694
0.15806791 , -1.1604537 , 0.0024563116
0.18114184 , -2.0683408 , 0.05063137
0.21939477 , -3.0706818 , 0.09171809
0.1472823 , -0.7438013 , -0.037362024
0.16244824 , -1.3539805 , 0.014462753
0.18966594 , -2.316856 , 0.061222717
0.2300594 , -3.3026345 , 0.10078618
0.15202737 , -0.83599293 , -0.024367942
0.1677582 , -1.5690886 , 0.02622426
0.19908354 , -2.5679836 , 0.071354486
0.24056277 , -3.5213432 , 0.11078516
0.15553148 , -0.967995 , -0.011827632
0.1741227 , -1.800891 , 0.03770991
0.2092254 , -2.8176432 , 0.08101782
0.25078136 , -3.7207747 , 0.12396078
0.15913105 , -1.133129 , 0.00046132886
0.18157788 , -2.0449712 , 0.04871498
0.21988413 , -3.0619216 , 0.0900129
0.15127528 , -0.73206747 , -0.039508395
0.16337606 , -1.3255441 , 0.012519824
0.089723535 , -1.0378672 , -0.38136262
0.12660944 , -0.605607 , -0.29999658
0.10471123 , -0.86196 , -0.35048848
0.07715007 , -1.1309792 , -0.40795022
0.11758637 , -0.6925425 , -0.3219937
0.093597874 , -0.9532546 , -0.37451524
0.06363723 , -1.2233826 , -0.4369973
0.10796187 , -0.77975625 , -0.34424144
0.08137102 , -1.0453358 , -0.400555
0.12020405 , -0.6138886 , -0.31603208
0.097266816 , -0.86929613 , -0.36781144
0.06817635 , -1.1369762 , -0.42893073
0.1109859 , -0.6984644 , -0.33808872
0.08539188 , -0.960258 , -0.39330783
0.12262432 , -0.5363831 , -0.31009847
0.10072384 , -0.7860194 , -0.36124673
0.07250554 , -1.0511291 , -0.42105228
0.113777585 , -0.6181318 , -0.33200768
0.08920874 , -0.8757522 , -0.38620964
0.12487966 , -0.4599498 , -0.30425358
0.10396254 , -0.7034561 , -0.3548138
0.07662675 , -0.9658292 , -0.4133566
0.11633291 , -0.53880316 , -0.32597098
0.09281726 , -0.7918223 , -0.37926066
0.12704024 , -0.38439155 , -0.29872814
0.106977485 , -0.62162906 , -0.34850204
0.08053994 , -0.88106763 , -0.40582606
0.11865147 , -0.4604869 , -0.31994805
0.09621251 , -0.70847684 , -0.3724602
0.06734874 , -0.9697314 , -0.43504298
0.109763995 , -0.5405607 , -0.34229636
0.084244624 , -0.7968298 , -0.39845127
0.120741345 , -0.38316762 , -0.31391042
0.09938926 , -0.62571925 , -0.36580616
0.071320996 , -0.88491505 , -0.42687297
0.112320215 , -0.4602443 , -0.33617607
0.08773954 , -0.71310395 , -0.39122897
0.122620076 , -0.30671078 , -0.3078529
0.10234181 , -0.54356164 , -0.35929453
0.07508196 , -0.8006113 , -0.41898474
0.114645004 , -0.38066918 , -0.3301144
0.09102195 , -0.6298689 , -0.3841589
0.12437481 , -0.23082699 , -0.3018829
0.105064556 , -0.461991 , -0.35291895
0.07863984 , -0.71679837 , -0.41129324
0.116747506 , -0.30173934 , -0.3240808
0.0940857 , -0.54712665 , -0.37724206
0.12625697 , -0.15443505 , -0.29693705
0.107548825 , -0.3810269 , -0.3466707
0.08200197 , -0.6334232 , -0.40376517
0.076462284 , -2.420438 , -0.36317408
0.04384916 , -2.7877967 , -0.41730413
0.0034504496 , -3.1561568 , -0.47894022
0.062914394 , -2.562169 , -0.3864751
0.027127538 , -2.9268112 , -0.4434211
0.079857655 , -2.336921 , -0.3569804
0.048122708 , -2.701063 , -0.4106633
0.008937147 , -3.0662682 , -0.47130033
0.066668704 , -2.4768205 , -0.38020542
0.03194545 , -2.838783 , -0.4363573
0.083003424 , -2.2539105 , -0.35097012
0.052343994 , -2.6145494 , -0.40411687
0.014334984 , -2.9766526 , -0.4637871
0.07037534 , -2.3919146 , -0.37397727
0.036690373 , -2.7509806 , -0.42940193
0.08584258 , -2.170131 , -0.34518963
0.056503233 , -2.5282903 , -0.39765695
0.019642629 , -2.8873162 , -0.45638698
0.07399104 , -2.3074536 , -0.36781296
0.041357823 , -2.6634223 , -0.42255428
0.0012900219 , -3.023814 , -0.48500738
0.06059445 , -2.4423296 , -0.3912759
0.024857307 , -2.7982652 , -0.44909677
0.077461295 , -2.223129 , -0.36173305
0.04594416 , -2.576125 , -0.41581222
0.0070540067 , -2.9331815 , -0.4773099
0.064608574 , -2.3566883 , -0.38497126
0.029976524 , -2.7095087 , -0.4419166
0.080781594 , -2.1383872 , -0.35570776
0.0504471 , -2.4891064 , -0.40917265
0.01271574 , -2.8428674 , -0.4697161
0.068528555 , -2.2713048 , -0.37874445
0.03499856 , -2.621053 , -0.43484733
0.08401392 , -2.0527785 , -0.3496504
0.054863986 , -2.4023762 , -0.40263233
0.018271875 , -2.7528813 , -0.46222043
0.0723387 , -2.1859822 , -0.37258798
0.03992229 , -2.5329053 , -0.42788938
0.08723358 , -1.966185 , -0.34342697
0.059189912 , -2.3159206 , -0.39618853
0.023719884 , -2.6632318 , -0.45482472
0.07604317 , -2.1004438 , -0.3664694
0.04474673 , -2.4450681 , -0.42104277
0.006305595 , -2.7932806 , -0.48323983
0.06341798 , -2.2296736 , -0.38983643
0.029058011 , -2.5739253 , -0.44753358
0.07966977 , -2.0144525 , -0.36032966
0.049470324 , -2.3575354 , -0.41430685
0.012164102 , -2.7024722 , -0.475617
0.06754431 , -2.1435118 , -0.3835634
0.03428492 , -2.4849641 , -0.44035158
0.083254926 , -1.9279282 , -0.35409316
0.05409072 , -2.2702816 , -0.4076797
0.017903598 , -2.612034 , -0.46805564
0.07157395 , -2.05728 , -0.37734306
0.03939949 , -2.396347 , -0.43328223
0.086824015 , -1.8409688 , -0.34766766
0.05860567 , -2.1832528 , -0.40115625
0.023521965 , -2.5219712 , -0.4605719
0.07552183 , -1.9708515 , -0.37113482
0.04440058 , -2.3080626 , -0.42632776
0.090383686 , -1.7538106 , -0.3409023
0.06301526 , -2.0963686 , -0.39472523
0.029017635 , -2.4322867 , -0.45317948
0.079407 , -1.8841802 , -0.36488834
0.04928712 , -2.220087 , -0.41948825
0.012486915 , -2.5559487 , -0.48148292
0.067324035 , -2.0095384 , -0.388367
0.034389414 , -2.3429785 , -0.4458892
0.083244465 , -1.797324 , -0.35854742
0.054058746 , -2.132381 , -0.4127607
0.018353412 , -2.4652247 , -0.47388616
0.071541056 , -1.9226918 , -0.38205326
0.03963639 , -2.2540376 , -0.43870875
0.087040015 , -1.7104378 , -0.35204557
0.058716774 , -2.0448914 , -0.40613738
0.02408667 , -2.3749113 , -0.4663306
0.07567717 , -1.8358064 , -0.3757494
0.044758115 , -2.1654463 , -0.4316425
0.09078979 , -1.6237394 , -0.3452902
0.06326495 , -1.9575647 , -0.39960474
0.029685339 , -2.2850087 , -0.45884484
0.07974133 , -1.7489259 , -0.36941695
0.04975492 , -2.0771775 , -0.42469117
0.01350959 , -2.4037998 , -0.4873175
0.06770912 , -1.870362 , -0.39314348
0.035148676 , -2.1955109 , -0.4514489
0.08373757 , -1.662156 , -0.36301383
0.05462831 , -1.9891994 , -0.4178515
0.019450946 , -2.312949 , -0.47971767
0.072055906 , -1.7832774 , -0.38672963
0.04047648 , -2.1064074 , -0.444156
0.0876643 , -1.5756578 , -0.35649016
0.059381127 , -1.9014808 , -0.41111565
0.025248012 , -2.2225435 , -0.47210383
0.0763107 , -1.6963445 , -0.380336
0.045669295 , -2.0176823 , -0.43697357
0.091514975 , -1.4896226 , -0.34977943
0.06401733 , -1.8140033 , -0.40447152
0.030899879 , -2.132581 , -0.4645294
0.08047614 , -1.6096448 , -0.37393335
0.050728455 , -1.9293171 , -0.42990425
0.09528042 , -1.4042672 , -0.342792
0.068541005 , -1.7267689 , -0.3979031
0.0364063 , -2.0430572 , -0.45702747
0.08455118 , -1.5232941 , -0.36748978
0.05565616 , -1.841297 , -0.4229461
0.0210341 , -2.1557505 , -0.48556688
0.07295547 , -1.6398103 , -0.3913917
0.041767795 , -1.9539635 , -0.44961917
0.08853171 , -1.4374425 , -0.3609679
0.060455006 , -1.7536154 , -0.41609335
0.026846789 , -2.065417 , -0.4779019
0.07726207 , -1.5531881 , -0.38491634
0.046985537 , -1.865292 , -0.44231683
0.0924111 , -1.3522524 , -0.35431916
0.06512765 , -1.6662828 , -0.40933686
0.032504145 , -1.9755619 , -0.47023803
0.08145999 , -1.466995 , -0.37845436
0.05206119 , -1.7770362 , -0.43512613
0.09618191 , -1.2679034 , -0.34747604
0.06967591 , -1.5793276 , -0.40266475
0.038006492 , -1.8861824 , -0.4626257
0.08554595 , -1.3813419 , -0.37198114
0.05699669 , -1.6891987 , -0.42804798
0.099836245 , -1.1845673 , -0.3403488
0.0741004 , -1.4928032 , -0.39606285
0.043354828 , -1.797275 , -0.455097
0.08951514 , -1.2963609 , -0.36546883
0.061793726 , -1.6017926 , -0.4210797
0.028721113 , -1.9041623 , -0.4837459
0.07839993 , -1.406781 , -0.38951504
0.048550624 , -1.7088392 , -0.44767058
0.09336154 , -1.2121853 , -0.3588839
0.06645343 , -1.5148473 , -0.4142156
0.03433435 , -1.8145936 , -0.47598276
0.08257178 , -1.321353 , -0.3830034
0.05359542 , -1.6208793 , -0.44035646
0.09707947 , -1.1289592 , -0.3521812
0.07097581 , -1.4284066 , -0.40744773
0.03978223 , -1.7255372 , -0.4682483
0.086611584 , -1.2366194 , -0.37650815
0.058490623 , -1.53341 , -0.43315902
0.10066369 , -1.0468127 , -0.34529096
0.07535968 , -1.3425337 , -0.40076593
0.045066126 , -1.6369923 , -0.46058932
0.09051424 , -1.1526926 , -0.37000775
0.063237056 , -1.4464554 , -0.42607886
0.030693743 , -1.7395055 , -0.48966944
0.07960234 , -1.2573022 , -0.394158
0.050187632 , -1.5489631 , -0.45303205
0.09427406 , -1.0696784 , -0.36347932
0.067834765 , -1.3600549 , -0.41911402
0.036207512 , -1.6504165 , -0.48178914
0.083699934 , -1.1728002 , -0.3876096
0.055148058 , -1.4614588 , -0.44559073
0.09788613 , -0.9876862 , -0.356898
0.07228274 , -1.2742583 , -0.41226026
0.04154336 , -1.5618705 , -0.4739085
0.0876474 , -1.0891167 , -0.38110417
0.05994831 , -1.3744982 , -0.43827298
0.1013466 , -0.906804 , -0.35023078
0.07657896 , -1.1891296 , -0.40551135
0.04670313 , -1.4738662 , -0.46610072
0.0914391 , -1.0063477 , -0.37462354
0.064588554 , -1.2881082 , -0.4310826
0.10465469 , -0.82711506 , -0.34340268
0.08072022 , -1.1047403 , -0.3988589
0.05168844 , -1.3864081 , -0.4584002
0.09506866 , -0.9245765 , -0.36814955
0.06906833 , -1.2023268 , -0.42402098
0.03790942 , -1.4838508 , -0.48770818
0.084702484 , -1.0211719 , -0.39229208
0.056500368 , -1.2995038 , -0.4508237
0.0985301 , -0.84388274 , -0.3616679
0.07338625 , -1.1171997 , -0.4170877
0.0430664 , -1.3960052 , -0.47963586
0.08852054 , -0.93850493 , -0.38579744
0.06113928 , -1.2131692 , -0.44338042
0.101817735 , -0.76431495 , -0.35517454
0.07754039 , -1.0327824 , -0.4102805
0.04803172 , -1.3087195 , -0.47164652
0.09216847 , -0.85682404 , -0.379359
0.06560485 , -1.1274247 , -0.43607622
0.104928814 , -0.68590117 , -0.34867606
0.08152802 , -0.9491343 , -0.40359527
0.05280754 , -1.2219938 , -0.46378288
0.095639005 , -0.7762002 , -0.37295985
0.06989619 , -1.0422981 , -0.42891508
0.10786611 , -0.60860807 , -0.34211272
0.085346006 , -0.8663226 , -0.39702564
0.05739483 , -1.13583 , -0.45605916
0.098923765 , -0.6966967 , -0.366586
0.07401185 , -0.9578197 , -0.42189956
0.04408659 , -1.2287816 , -0.4854857
0.08899044 , -0.7844114 , -0.39056283
0.09160729 , -0.5972333 , -0.38885358
0.065087445 , -0.85487604 , -0.44603777
0.104171544 , -0.439369 , -0.35909063
0.080666676 , -0.68278533 , -0.41292349
0.052312795 , -0.94411933 , -0.4746496
0.09472185 , -0.5172416 , -0.38263497
0.06887716 , -0.7709203 , -0.43865898
0.10668489 , -0.36346707 , -0.35312742
0.08402656 , -0.60064036 , -0.40629736
0.056338493 , -0.8594616 , -0.46660012
0.09764112 , -0.43813246 , -0.3765217
0.07246578 , -0.68750334 , -0.43145224
0.10888337 , -0.28821558 , -0.3478231
0.08718584 , -0.5191629 , -0.3998305
0.060152106 , -0.7753153 , -0.45874208
0.10035239 , -0.3598464 , -0.37050366
0.075852334 , -0.6046276 , -0.42442086
0.047130376 , -0.862539 , -0.48877364
0.0901359 , -0.43836048 , -0.39351767
0.063757025 , -0.6916497 , -0.45106694
0.10285037 , -0.28228378 , -0.36458084
0.0790323 , -0.52228117 , -0.41756687
0.05096355 , -0.7784129 , -0.48018876
0.09286752 , -0.35818514 , -0.38734865
0.0671575 , -0.60844773 , -0.44357482
0.10501988 , -0.2050471 , -0.35879084
0.081997424 , -0.44048584 , -0.41089067
0.05459314 , -0.6947566 , -0.4719492
0.10418283 , -1.8935924 , -0.31726164
0.11078914 , -1.3326032 , -0.31499907
0.11766522 , -0.75934815 , -0.3156914
0.11869741 , -0.17166792 , -0.32197335
0.020162363 , -2.647085 , -0.4638742
0.03519328 , -1.9942511 , -0.46463263
0.050156727 , -1.3157567 , -0.46663642
0.10420865 , -2.1608863 , -0.31928352
0.29573417 , -3.839654 , 0.0543086
0.33757746 , -4.268413 , -0.0150772985
0.2778552 , -3.588649 , 0.087697655
0.3117852 , -3.9916897 , 0.022392306
0.3565127 , -4.4184675 , -0.055081073
0.28982338 , -3.7375362 , 0.055783294
0.32863042 , -4.13763 , -0.012216183
0.2737567 , -3.4921012 , 0.08780405
0.3043947 , -3.875611 , 0.024600439
0.3461706 , -4.275614 , -0.051684245
0.28408355 , -3.6354885 , 0.057027537
0.31988257 , -4.0085373 , -0.009433705
0.36417443 , -4.403912 , -0.09751917
0.29715952 , -3.7608643 , 0.02667925
0.3360586 , -4.134513 , -0.048342712
0.27847648 , -3.5329883 , 0.05808654
0.31131884 , -3.8810368 , -0.0067352825
0.35264844 , -4.2514606 , -0.09361208
0.29007906 , -3.6472049 , 0.028620815
0.32616124 , -3.9951108 , -0.045061693
0.27294195 , -3.4296675 , 0.059016675
0.3029298 , -3.7550256 , -0.004126008
0.34137145 , -4.1008244 , -0.08971446
0.28314933 , -3.5343432 , 0.030424653
0.31646806 , -3.8573499 , -0.041845787
0.26741892 , -3.3254004 , 0.059867967
0.29470897 , -3.6303735 , -0.0016100896
0.33033425 , -3.9519634 , -0.08586897
0.27635774 , -3.4220138 , 0.03209885
0.30697143 , -3.7211568 , -0.038698908
0.26186055 , -3.2201836 , 0.06067428
0.2866502 , -3.5069482 , 0.00080957357
0.31952935 , -3.8048253 , -0.08207772
0.26968488 , -3.3099604 , 0.033658918
0.29766455 , -3.586458 , -0.03562435
0.25623706 , -3.114175 , 0.061450664
0.278747 , -3.3845937 , 0.0031322946
