5.3873517e-11 , 6.73e-43 , 5.3873517e-11
6.73e-43 , 0.0 , 0.0
0.0 , 0.0 , -1.2734435e-19
4.5914e-41 , 2.1e-44 , 0.36053053
-0.042384114 , -5.1162033 , 0.21183117
-0.28129184 , -8.761757 , 0.16805302
0.4216246 , 1.4997171 , 0.46786225
0.42323422 , 1.5538292 , 0.46805903
0.42295364 , -5.2492948 , 0.45141402
0.55084485 , -6.7240486 , 0.34261245
0.2873046 , 1.2786306 , 0.44593605
0.47837892 , -2.957283 , 0.3488422
0.45441842 , -0.9159582 , 0.374506
0.41708893 , 0.45825577 , 0.40368026
0.35796502 , 1.170311 , 0.4876228
0.47294304 , 0.3354793 , 0.4882688
0.29455805 , 1.5396415 , 0.4056197
0.298472 , 1.5269221 , 0.405122
0.3577498 , 1.4378145 , 0.44286105
0.4854353 , -3.9325619 , 0.3404796
0.46689576 , -0.04852719 , 0.4992077
0.43231213 , -1.7485522 , 0.5248976
0.39408264 , -4.027085 , 0.539802
0.37693155 , -5.6446548 , 0.53029025
0.41350874 , 0.5530505 , 0.40738946
0.40110514 , 1.1190675 , 0.51404434
0.47193858 , 0.2624734 , 0.49356645
0.4413374 , -1.2839241 , 0.52081996
0.27684617 , 1.7780588 , 0.40887937
0.32808223 , 1.3515977 , 0.44549006
0.48130253 , -3.3719673 , 0.34675947
0.45969918 , -1.2094419 , 0.37154853
0.42297077 , -2.2670531 , 0.532385
0.38506678 , -4.665639 , 0.53974754
0.3844771 , -6.256979 , 0.53490496
0.35606247 , 1.4624861 , 0.44490722
0.45178345 , 0.97353107 , 0.47800663
0.46661362 , -0.0330306 , 0.5034481
0.43201792 , -1.7656529 , 0.52890867
0.39502916 , -4.073228 , 0.5434882
0.25353718 , 1.2883619 , 0.465899
0.47696653 , -2.8260162 , 0.35339126
0.45390955 , -0.78018874 , 0.37934655
0.41478974 , 0.5853617 , 0.4092231
0.42247057 , -5.221658 , 0.45571032
0.39244816 , -6.8832316 , 0.53949136
0.32998276 , 1.3979158 , 0.44568196
0.4811331 , -3.408735 , 0.34869486
0.4378026 , -1.4527382 , 0.52809095
0.40125772 , -3.7026098 , 0.545058
0.43457633 , -5.548245 , 0.44376072
0.5274002 , -6.425457 , 0.34672508
0.43813828 , 1.8570796 , 0.47735903
0.44092718 , 1.9181676 , 0.4783374
0.48316357 , -5.0487623 , 0.34013212
0.47487065 , -2.5686567 , 0.357343
0.45121324 , -0.577517 , 0.38393265
0.46942937 , -1.9580058 , 0.36472845
0.44273704 , -0.13318592 , 0.3928251
0.38366547 , 0.97444123 , 0.42220944
0.41846916 , -2.5779135 , 0.5411404
0.38092804 , -5.0646534 , 0.5496908
0.39163968 , -6.666338 , 0.5437716
0.28347257 , 1.3704021 , 0.44810504
0.47789198 , -2.9617338 , 0.3549696
0.44838983 , -0.3776228 , 0.38850257
0.38389158 , 0.9877564 , 0.42285612
0.47304514 , 0.7854002 , 0.490188
0.45048985 , -0.78340614 , 0.5234483
0.40870005 , -3.249996 , 0.5467261
0.43361357 , -5.5653586 , 0.44692844
0.51453406 , -6.19871 , 0.34874305
0.4779478 , -2.972598 , 0.35561725
0.46646544 , -1.6334021 , 0.36992362
0.4312111 , 0.31525767 , 0.40374792
0.35738483 , 1.3233923 , 0.49007285
0.47097343 , 0.26423177 , 0.5057074
0.4329021 , -1.7161533 , 0.536093
0.39297846 , -4.472543 , 0.5524686
0.3914378 , -6.5155625 , 0.5469604
0.29605278 , 1.7957199 , 0.40357018
0.29945546 , 1.771568 , 0.4018807
0.42604113 , 0.4687483 , 0.40796623
0.26974428 , 1.339547 , 0.4153054
0.47360584 , 0.80799353 , 0.4929005
0.45572722 , -0.5067633 , 0.52194184
0.41991928 , -2.5141819 , 0.5444243
0.3852013 , -5.009155 , 0.5539875
0.5200553 , -6.459813 , 0.35126725
0.5392605 , -6.9344783 , 0.35020864
0.39968216 , -7.133759 , 0.5496175
0.30260694 , 1.6931106 , 0.3994794
1.3988719 , -6.1812067 , 0.30605534
0.98180586 , -6.1563115 , 0.33001187
0.609272 , -0.9240015 , 0.43237993
0.71249866 , -1.834272 , 0.43946236
0.47921902 , 3.0709975 , 0.59247863
0.48794562 , 3.6337276 , 0.59108585
0.43305284 , 1.7052197 , 0.50549835
0.93672794 , 2.5321467 , 0.30298334
0.38941932 , 3.7399828 , 0.39835122
0.6402431 , 3.4583242 , 0.3482306
1.1587871 , -0.7617517 , 0.30126646
0.4420614 , 3.9505358 , 0.38678056
0.7514561 , 2.6673663 , 0.33328542
1.3854462 , -2.7330594 , 0.29227448
0.48728713 , 3.3888788 , 0.5825841
0.29614615 , 1.8084378 , 0.4030994
0.3907324 , 3.67412 , 0.39878845
0.73430896 , 2.752699 , 0.33567286
1.3494116 , -2.456279 , 0.2933382
0.6996082 , -1.6315365 , 0.45021996
0.32975546 , 2.9266694 , 0.41023722
0.5080246 , 3.8809812 , 0.37317005
0.885376 , 1.510468 , 0.3197751
0.36675245 , 3.3914914 , 0.40453807
0.5881484 , 3.5737174 , 0.35816908
1.0464014 , 0.071044914 , 0.30763996
0.47800466 , 3.7835586 , 0.6082319
0.4584223 , 2.2271407 , 0.5328984
0.32981908 , 2.8759358 , 0.41087314
0.57616514 , 3.5876849 , 0.36063305
1.0198627 , 0.25755805 , 0.30943924
0.93605685 , -5.08806 , 0.35899
0.29011548 , 1.9640492 , 0.40922815
0.4143968 , 3.6632035 , 0.39494398
0.68587476 , 2.9242554 , 0.3432185
0.31162074 , 2.511733 , 0.41288918
0.4721371 , 3.75504 , 0.38229692
0.80356175 , 2.0040336 , 0.32862383
0.4687245 , 3.5973692 , 0.6142178
0.48023602 , 3.0170584 , 0.5729972
0.28570572 , 1.9269279 , 0.41051832
0.46391222 , 3.7130466 , 0.38448125
0.7846191 , 2.1085825 , 0.3309308
1.4344229 , -3.478007 , 0.28791907
0.43121883 , 1.9094163 , 0.52040654
0.346295 , 2.9891853 , 0.40995345
0.5429975 , 3.5556843 , 0.36816168
0.27053216 , 1.5985497 , 0.40671915
0.38932252 , 3.3668299 , 0.40200308
0.62832284 , 3.1163554 , 0.35304677
0.47912154 , 2.7152553 , 0.5956781
0.47793728 , 3.490898 , 0.6031743
0.42376393 , 1.8734909 , 0.5196207
0.3474277 , 2.9349406 , 0.41052988
0.54374254 , 3.4737685 , 0.36862993
0.93869513 , 0.6587237 , 0.3157587
1.308235 , -6.2528195 , 0.30363584
0.55332124 , 0.6232872 , 0.53330344
0.46809795 , 3.4335248 , 0.6142729
0.47687304 , 2.9085839 , 0.5729716
0.27875227 , 1.8548629 , 0.41363242
0.33239856 , 2.675562 , 0.41357037
0.51336515 , 3.4802048 , 0.37545425
0.8725337 , 1.1291146 , 0.32192892
1.5520226 , -5.1808543 , 0.28001434
0.3556135 , 2.9172802 , 0.41039723
0.5556189 , 3.310631 , 0.36716577
0.9530727 , 0.3571697 , 0.31432307
0.8978944 , -5.905697 , 0.33875144
0.3807677 , 3.113526 , 0.4058937
0.60242045 , 3.0505774 , 0.35867244
1.0404397 , -0.5102712 , 0.30690235
0.62957627 , -8.109304 , 0.29949194
0.7164931 , -6.7970076 , 0.3231417
0.63711387 , -7.3812947 , 0.32709104
0.57092905 , -7.930014 , 0.3280219
0.5102851 , -7.859428 , 0.3950124
0.49557552 , -6.498608 , 0.3975465
0.5220088 , -7.168638 , 0.3844406
0.56597865 , -7.830767 , 0.33028623
0.50299895 , -7.7602997 , 0.42258087
0.49880496 , -6.6477237 , 0.39850932
0.52667594 , -7.2957587 , 0.3781905
0.5737814 , -7.956059 , 0.31972712
0.49640077 , -7.670086 , 0.44881275
0.5021742 , -6.7907834 , 0.39833593
0.53150594 , -7.419044 , 0.37089828
0.5825066 , -8.080001 , 0.3099199
0.49038026 , -7.5875816 , 0.47349307
0.5056584 , -6.928096 , 0.39699456
0.5365082 , -7.5386963 , 0.3626418
0.5267043 , -8.147749 , 0.3302194
0.4848216 , -7.511667 , 0.4964594
0.510252 , -7.084244 , 0.39366612
0.5433927 , -7.679156 , 0.35111362
0.51511544 , -8.017837 , 0.36631566
0.47831726 , -7.418197 , 0.5225662
0.445708 , -6.8125367 , 0.6042541
0.40721303 , -6.0220976 , 0.5985269
0.48326614 , -5.944154 , 0.37332153
0.49749544 , -6.7588296 , 0.39833382
0.5165923 , -7.307013 , 0.3859554
0.55277604 , -7.8780794 , 0.3333208
0.50253487 , -7.8673744 , 0.41559932
0.46988085 , -7.3119335 , 0.553893
0.5203535 , -7.4229355 , 0.3800164
0.55872077 , -7.9854164 , 0.32278103
0.49660185 , -7.7919602 , 0.4421763
0.46518737 , -7.2508225 , 0.5689105
0.52416193 , -7.533946 , 0.37299722
0.564928 , -8.090177 , 0.31265512
0.4912375 , -7.7235947 , 0.46728784
0.46051666 , -7.1905727 , 0.58180016
0.5280177 , -7.6402802 , 0.36501288
0.54406726 , -8.195071 , 0.31451592
0.4862973 , -7.661214 , 0.4907407
0.45580503 , -7.1298804 , 0.5925252
0.5319209 , -7.742155 , 0.3561467
0.5130118 , -8.109844 , 0.35195208
0.4816585 , -7.6035733 , 0.51229787
0.4509982 , -7.067624 , 0.6008751
0.53586984 , -7.8398247 , 0.34643638
0.5067077 , -8.033582 , 0.38069558
0.4772268 , -7.549591 , 0.532154
0.48962307 , -6.5716705 , 0.3862164
0.5027779 , -7.2497916 , 0.39684495
0.52439016 , -7.742438 , 0.36287746
0.5138296 , -8.188879 , 0.33151302
0.48539233 , -7.72702 , 0.49625656
0.45650163 , -7.2375317 , 0.59487414
0.41965842 , -6.539696 , 0.6073195
0.4882756 , -6.061531 , 0.363886
0.47445217 , -8.336973 , 0.32584515
0.42469895 , -6.6789355 , 0.6106605
0.46055004 , -7.3352885 , 0.5874986
0.48852545 , -7.8002343 , 0.47913596
0.4910944 , -8.68338 , 0.47863388
0.48709255 , -8.73638 , 0.5997675
0.5452867 , -8.117377 , 0.3154264
0.51226735 , -7.5894513 , 0.38329718
0.4892571 , -6.39254 , 0.37657315
0.52555525 , -8.192468 , 0.37976396
0.48636973 , -8.757786 , 0.3782715
0.4410849 , -8.40866 , 0.30778456
0.537517 , -8.268197 , 0.30568013
0.5502189 , -8.74476 , 0.095513925
0.6071368 , -9.38803 , -0.14139093
0.7171497 , -9.868197 , 0.0021504138
0.6399603 , -9.171421 , 0.08497787
0.58249223 , -8.556512 , 0.22304367
0.54705125 , -8.684725 , 0.12625664
0.61665577 , 1.7353495 , 0.25131443
0.62158895 , 1.7334578 , 0.25097394
0.66897863 , 2.2228413 , 0.25230798
0.7674437 , 3.2115355 , 0.2565638
0.7032643 , 2.828334 , 0.006165759
0.663078 , 2.3348024 , 0.010140444
0.5046226 , 1.6007147 , 0.24967997
0.66686076 , 2.0896244 , 0.24922323
0.71051824 , 2.5587697 , 0.2515163
0.6999047 , 2.898855 , 0.0130144805
0.49789077 , -8.292552 , 0.3028719
0.49900094 , -8.26441 , 0.32166183
0.52291125 , -8.272129 , 0.30150464
0.49046242 , -8.307012 , 0.29987988
0.4574122 , -8.3358 , 0.29843658
0.48013756 , -8.316313 , 0.3049983
0.49596292 , -8.300591 , 0.3036414
0.5124985 , -8.292632 , 0.3024416
0.50034577 , -8.314526 , 0.29224658
0.42800668 , -8.14425 , 0.09467237
0.40596807 , -7.9494658 , -0.1409306
0.42129582 , -8.253935 , 0.24930291
0.5096587 , -8.318595 , 0.2897023
0.4661698 , -8.320049 , 0.2870546
0.7149465 , 2.7449086 , 0.079426795
0.571645 , 1.0150119 , 0.16742654
0.5795603 , 1.293013 , 0.25537968
0.72205883 , 3.196797 , 0.27182072
0.77103806 , 3.3854852 , 0.26476136
0.5910465 , 1.4023376 , 0.24209072
0.6079297 , 1.214832 , 0.0010458904
0.58795714 , 1.3998142 , 0.24513865
0.56147015 , 1.0963612 , 0.26904112
0.6064139 , 1.2066283 , -0.0012075088
0.64240956 , 1.423225 , 0.13133404
0.523848 , -8.371444 , 0.26746002
0.63101006 , -9.031214 , 0.11907777
0.57658297 , -8.396699 , 0.2711457
0.54372805 , -8.255963 , 0.306801
0.71419156 , -9.7878895 , 0.017841902
0.63572246 , -9.051755 , 0.11905805
0.57983035 , -8.399704 , 0.2711704
0.58636266 , 0.8808108 , 0.026283938
0.60367894 , 1.3100439 , -0.0040033106
0.5765377 , 1.2133644 , 0.24633327
0.5869711 , 0.88120455 , 0.020885805
0.6001447 , 1.2857825 , -0.002087543
0.5442015 , -8.2301 , 0.30965665
0.67659533 , -9.424797 , 0.0630837
0.607575 , -8.717471 , 0.19152571
0.6012603 , 1.3222458 , 0.1305204
0.5486609 , -8.621185 , 0.16796915
0.6193509 , -9.454668 , -0.115593664
0.7496739 , -10.060676 , 0.004465265
0.6509305 , -9.151435 , 0.108919024
0.5816045 , -8.351084 , 0.2884084
0.5503641 , 0.9448389 , 0.27199274
0.47910914 , 0.2598558 , 0.399268
0.5614875 , 0.57726914 , 0.056256715
0.600749 , 1.1707551 , -0.0044472846
0.53786486 , 0.334255 , 0.0906898
0.59030676 , 0.9213808 , 0.0077939183
0.59579074 , 1.245936 , 0.009448089
0.55405784 , -8.278129 , 0.3059908
0.5845696 , 1.0838968 , 0.13023375
0.5143277 , -8.354091 , 0.28083095
0.5992695 , -9.148957 , 0.015747108
0.6848996 , -10.03314 , -0.20657189
0.76330835 , -10.069809 , 0.021145822
0.6698072 , -9.1823 , 0.124047324
0.6199017 , -8.38626 , 0.27887437
0.5437342 , 0.78431314 , 0.2598439
0.48260263 , 0.2009284 , 0.35082707
0.50784564 , -0.024841378 , 0.11471988
0.56944805 , 0.59281456 , 0.018371323
0.589006 , 1.0136799 , 0.001599332
0.5510453 , 0.8316637 , 0.25026333
0.49271375 , 0.28109118 , 0.32721204
0.48989844 , -0.19497752 , 0.1425031
0.5569539 , 0.42981786 , 0.03172454
0.5866735 , 0.9192052 , -0.0026472723
0.5848178 , 1.0619192 , 0.13063687
0.5666053 , -8.678422 , 0.16848266
0.6334661 , -9.518515 , -0.079742886
0.7327837 , -10.446896 , -0.2749095
0.7290889 , -9.736753 , 0.0551758
0.64341384 , -8.868435 , 0.17907858
0.58224744 , 1.0148365 , 0.12985408
0.552813 , -8.468848 , 0.24399878
0.61413723 , -9.292432 , -0.01354636
0.70749193 , -10.224929 , -0.22892343
0.7636589 , -10.033565 , 0.030232225
0.668995 , -9.117291 , 0.13980284
0.57155627 , 0.9901317 , 0.24178813
0.53173774 , 0.6371786 , 0.26706567
0.46790195 , 0.031082664 , 0.3667805
0.5103448 , -0.0451532 , 0.098834164
0.5692795 , 0.5721557 , 0.01181157
0.58715343 , 0.96335375 , 0.0072081187
0.5398164 , 0.6937199 , 0.2556348
0.47825631 , 0.11231439 , 0.3414361
0.492432 , -0.21834318 , 0.1246986
0.55765 , 0.4122653 , 0.02327466
0.5837164 , 0.87396044 , -7.2978637e-06
0.56478184 , -8.198694 , 0.31008974
0.57450855 , -8.792143 , 0.13737875
0.651634 , -9.685258 , -0.10704606
0.7978293 , -10.656117 , -0.14676084
0.7284087 , -9.685175 , 0.067477755
0.6417509 , -8.792422 , 0.1967515
0.57919806 , 0.94521 , 0.13001627
0.5611247 , -8.568754 , 0.21124268
0.630344 , -9.446908 , -0.04235941
0.7314713 , -10.426291 , -0.25001872
0.7632225 , -9.988549 , 0.040375583
0.6674093 , -9.0450325 , 0.15610918
0.5646513 , 0.88686377 , 0.23862359
0.5191199 , 0.48433208 , 0.27542704
0.4529646 , -0.14020419 , 0.38388819
0.5128309 , -0.06328458 , 0.08412668
0.5688248 , 0.54999334 , 0.006488455
0.5852862 , 0.9148397 , 0.013971628
-0.41959628 , -11.140681 , 0.23541307
-0.6802612 , -13.804877 , 0.32907572
-0.5499141 , -14.549356 , 0.113962874
-0.2731973 , -11.897938 , 0.037902817
-0.018458951 , -9.084672 , 0.015906341
0.26243836 , -3.5486946 , 0.14568852
-0.03792581 , -7.744141 , 0.13169363
-0.35674903 , -11.875166 , 0.13060522
0.051485535 , -8.265045 , 0.015158501
0.20926253 , -6.055196 , 0.019664254
0.34904116 , -3.669043 , 0.021477347
0.48132548 , -1.1417753 , 0.01896669
-0.7879325 , -14.571327 , 0.41970772
-0.42989445 , -10.749659 , 0.4531344
-0.062525935 , -6.557562 , 0.4708774
0.27311295 , -2.418368 , 0.4676224
0.48048437 , -0.5057335 , 0.23204231
0.2884192 , -3.0777884 , 0.21969521
0.08288593 , -5.4936323 , 0.20881912
-0.14089304 , -7.7649965 , 0.18690315
0.16310234 , -6.757332 , 0.019192187
0.30753845 , -4.42384 , 0.02211067
0.439314 , -1.9593989 , 0.020907832
0.5747887 , 0.7016666 , 0.01668154
0.39849305 , -1.6525205 , 0.22591032
0.20156658 , -4.1356006 , 0.21491879
-0.011075127 , -6.485055 , 0.20196158
0.077955194 , -7.938443 , 0.017198745
0.2312013 , -5.718635 , 0.021673676
0.36717758 , -3.3410206 , 0.022904953
0.49799904 , -0.8124845 , 0.01969084
0.5037843 , -0.17325613 , 0.23391274
0.31453118 , -2.7508821 , 0.2206346
0.1123473 , -5.159083 , 0.2099134
-0.107947856 , -7.43065 , 0.19080685
0.14987022 , -6.9569144 , 0.020379238
0.2944907 , -4.6641965 , 0.023525126
0.42498618 , -2.2399182 , 0.022723105
0.55812234 , 0.37496123 , 0.017962256
0.42305812 , -1.3261906 , 0.22724713
0.22890352 , -3.8076098 , 0.21581937
0.02001531 , -6.1487384 , 0.20375949
0.065450445 , -8.097577 , 0.017664721
0.21814628 , -5.936221 , 0.022972887
0.35392138 , -3.5969992 , 0.024535794
0.48258692 , -1.1119963 , 0.021581503
0.52641094 , 0.1593415 , 0.23607126
0.3401324 , -2.4270802 , 0.22169802
0.14114112 , -4.82856 , 0.21099587
-0.075510584 , -7.09696 , 0.19442925
0.13696404 , -7.1471577 , 0.02185569
0.28166312 , -4.897293 , 0.024969533
0.41110182 , -2.5129242 , 0.024560366
0.5415079 , 0.05476469 , 0.01958968
0.44716826 , -1.001492 , 0.22875656
0.25565723 , -3.4834242 , 0.21678261
0.050445925 , -5.815877 , 0.2054048
-0.17416933 , -7.9771457 , 0.1723999
0.20526433 , -6.146013 , 0.024411669
0.3409939 , -3.845619 , 0.026182905
0.46768832 , -1.403936 , 0.023549862
0.5481042 , 0.4929998 , 0.2385194
0.3652486 , -2.1061141 , 0.22287741
0.16928267 , -4.502126 , 0.21206327
-0.043588806 , -6.7649164 , 0.19755016
0.12447242 , -7.32714 , 0.023932884
0.26902953 , -5.1230536 , 0.026475102
0.39764053 , -2.7783525 , 0.0264228
0.52529097 , -0.25816363 , 0.021489302
0.4708267 , -0.6779484 , 0.23043665
0.28184992 , -3.1628983 , 0.2178098
0.0801918 , -5.4867716 , 0.2069055
-0.14033797 , -7.6560173 , 0.18308218
0.19258 , -6.347676 , 0.026076892
0.32836935 , -4.086862 , 0.027857212
0.4533009 , -1.6881346 , 0.0255828
0.56818223 , 0.8291188 , 0.24121606
0.389904 , -1.787674 , 0.22417563
0.19679117 , -4.1797867 , 0.2131265
-0.012231868 , -6.4352803 , 0.20018417
0.11249412 , -7.495508 , 0.027138557
0.25657916 , -5.341364 , 0.028074542
0.38458663 , -3.0361633 , 0.028308881
0.50959533 , -0.563383 , 0.023575092
0.49403054 , -0.35499454 , 0.23229219
0.3075133 , -2.8458495 , 0.21891004
0.10925388 , -5.161643 , 0.20828702
-0.10762629 , -7.3332543 , 0.18940172
0.1801039 , -6.5407696 , 0.028087534
0.3159978 , -4.320715 , 0.029567814
0.4393952 , -1.9644825 , 0.027664557
0.5676871 , 0.6114475 , 0.019815283
0.41410428 , -1.4714028 , 0.22559994
0.2236684 , -3.8614914 , 0.21420272
0.018477825 , -6.1086254 , 0.20242225
0.10105433 , -7.650096 , 0.032269627
0.24435471 , -5.552059 , 0.029803108
0.37195334 , -3.286335 , 0.03021331
0.49449396 , -0.860606 , 0.025786132
0.5167784 , -0.03193256 , 0.2343379
0.33270815 , -2.5320568 , 0.22009708
0.13768287 , -4.8406425 , 0.20958382
-0.07548246 , -7.0105343 , 0.19394691
0.16781873 , -6.724693 , 0.030589228
0.30379266 , -4.547148 , 0.03131764
0.42591247 , -2.2329094 , 0.029774152
0.5511822 , 0.2898257 , 0.022151155
0.43783063 , -1.1569004 , 0.22716491
0.24989353 , -3.54715 , 0.21531664
0.048431005 , -5.7853956 , 0.20436539
-0.04049321 , -7.7877088 , 0.11071032
0.23239231 , -5.754947 , 0.031679876
0.3597362 , -3.528885 , 0.03211689
0.4800046 , -1.1496633 , 0.028065385
0.53899467 , 0.29216817 , 0.23662437
0.35747665 , -2.2212393 , 0.2213965
0.16551125 , -4.5238247 , 0.21084443
-0.04377842 , -6.6890645 , 0.19747584
0.1559426 , -6.898543 , 0.033663843
0.29182944 , -4.766046 , 0.03307308
0.41291678 , -2.4933307 , 0.03186854
0.53512895 , -0.023243085 , 0.024666578
0.46118608 , -0.84375656 , 0.22891492
0.27558574 , -3.2366812 , 0.21651565
0.07772993 , -5.466004 , 0.20613407
-0.13943434 , -7.5258493 , 0.18716687
0.5858737 , -7.856969 , 0.32550183
0.6540379 , -7.3080015 , 0.3234855
0.7418037 , -6.7637243 , 0.31824687
0.9026317 , -6.5289116 , 0.3058259
0.7334252 , -6.892677 , 0.3155423
0.64824784 , -7.4206605 , 0.32079124
0.5796401 , -7.938776 , 0.32292297
1.4242014 , -6.4947186 , 0.2846649
1.0786608 , -6.9483323 , 0.2775503
0.8584024 , -7.5138426 , 0.27910274
0.67846996 , -8.021736 , 0.29192546
0.69410086 , -8.008915 , 0.28955498
0.8772276 , -7.5088806 , 0.27747157
1.105033 , -6.9708433 , 0.2770133
1.4735482 , -6.570381 , 0.2856475
0.7758041 , -6.8307843 , 0.30894682
0.675273 , -7.294986 , 0.3163226
0.60278964 , -7.814068 , 0.31959057
0.53335077 , -8.190723 , 0.31785572
0.77380323 , -7.8335342 , 0.28132078
0.97258675 , -7.316144 , 0.27474982
1.2441819 , -6.8466477 , 0.27907977
0.88188314 , -6.768092 , 0.29716948
0.7296379 , -7.0825896 , 0.30930063
0.64488876 , -7.5688486 , 0.3149715
0.57427996 , -8.035173 , 0.31779906
0.6761017 , -8.094956 , 0.29034996
0.85980976 , -7.649551 , 0.27564603
1.0832424 , -7.154257 , 0.27427286
1.4279929 , -6.7996955 , 0.2831877
0.8039341 , -6.9577823 , 0.29961807
0.6920843 , -7.3410335 , 0.30907407
0.615408 , -7.8191166 , 0.3134495
0.54303104 , -8.193264 , 0.31498986
0.7564579 , -7.9438457 , 0.2804671
0.9540857 , -7.474174 , 0.27232808
1.2167312 , -7.0442142 , 0.2761015
0.9355393 , -6.976877 , 0.28466368
0.7515013 , -7.1718845 , 0.3010008
0.6593769 , -7.5956774 , 0.30822212
0.58583045 , -8.03409 , 0.31217188
0.65757644 , -8.168622 , 0.29199558
0.8421013 , -7.780003 , 0.27387932
1.0619581 , -7.327081 , 0.2713931
1.3880855 , -7.0120583 , 0.28019983
0.8355083 , -7.108505 , 0.28962687
0.71020824 , -7.401176 , 0.30151668
0.6286034 , -7.8325706 , 0.30704612
0.55452883 , -8.195518 , 0.31119907
0.73857355 , -8.043242 , 0.27992883
0.9355501 , -7.6220613 , 0.2699301
1.1905705 , -7.229907 , 0.27291682
1.6472296 , -7.093578 , 0.286514
0.7756138 , -7.280145 , 0.29224885
0.67493206 , -7.633886 , 0.30120417
0.59802336 , -8.039326 , 0.3060651
0.6387733 , -8.228802 , 0.29520932
0.8241705 , -7.9001393 , 0.27224895
1.0411403 , -7.4896464 , 0.26849106
1.3521024 , -7.209715 , 0.27691138
0.8714502 , -7.2853 , 0.2788477
0.7298301 , -7.476594 , 0.29360175
0.6424954 , -7.8551574 , 0.30038258
0.5663464 , -8.199891 , 0.30597165
0.7201363 , -8.131509 , 0.27982685
0.91691214 , -7.7599154 , 0.26760024
1.1654692 , -7.4046006 , 0.26962966
1.5766244 , -7.299791 , 0.28357992
0.80227077 , -7.409008 , 0.2829752
0.6916184 , -7.684434 , 0.29389378
0.610818 , -8.051686 , 0.29959488
0.61875665 , -8.273689 , 0.30240974
0.8059181 , -8.00988 , 0.27078855
1.0206342 , -7.642222 , 0.26560992
1.3189278 , -7.3944273 , 0.2734118
0.91348416 , -7.4908967 , 0.26736295
0.75118285 , -7.5685825 , 0.28529012
0.6572224 , -7.8876796 , 0.29346448
0.5785049 , -8.208291 , 0.29970554
0.7011857 , -8.208284 , 0.2803172
0.89813817 , -7.887768 , 0.2653607
1.1412588 , -7.568922 , 0.26629794
1.5227994 , -7.49188 , 0.28004044
0.83186674 , -7.560242 , 0.2731164
0.7095491 , -7.7483487 , 0.28626692
0.6242465 , -8.07192 , 0.2928472
0.5418562 , -8.300084 , 0.30028835
0.7872724 , -8.10911 , 0.26952234
1.000317 , -7.7849975 , 0.26277816
1.2878906 , -7.5675244 , 0.2697704
0.9651292 , -7.7281103 , 0.25588444
0.77450514 , -7.6785274 , 0.2765363
0.67288387 , -7.93098 , 0.28628466
0.5911068 , -8.222066 , 0.29285902
0.6817325 , -8.273075 , 0.28169748
0.87917215 , -8.005606 , 0.263231
1.1177673 , -7.723328 , 0.2629699
1.4769996 , -7.6706944 , 0.27622846
1.4498678 , -12.795607 , 0.08696337
2.1493556 , -20.325829 , -0.16835152
3.492074 , -27.075233 , 0.009783537
2.688177 , -19.73309 , 0.10905186
2.0248494 , -12.174719 , 0.22346617
1.1483675 , -12.65407 , 0.004235783
1.7862655 , -16.750835 , 0.01460362
2.499369 , -21.28554 , 0.013488419
3.2971592 , -26.036837 , 0.002061028
1.3372056 , -7.8089604 , 0.26796505
1.0325487 , -7.917935 , 0.25878972
0.81046385 , -8.175716 , 0.26386723
0.62156 , -8.337478 , 0.30248275
2.245706 , -22.60656 , -0.36329964
1.6533924 , -17.983036 , -0.3348723
1.1369117 , -13.752372 , -0.30598113
0.56135684 , -8.329371 , 0.2907915
0.64405197 , -8.123917 , 0.28239727
0.736964 , -7.875497 , 0.2743529
0.8790566 , -7.829913 , 0.25756383
1.4654148 , -7.7592196 , 0.27466425
1.1117396 , -7.793044 , 0.261449
0.8738073 , -8.055042 , 0.26205835
0.6755345 , -8.297818 , 0.2817738
0.5959786 , -8.235905 , 0.28947368
0.6793194 , -7.962694 , 0.28273046
0.78437144 , -7.742927 , 0.27227464
0.98860246 , -7.8509636 , 0.2510369
1.693386 , -6.1015058 , 0.2715889
1.7031204 , -6.2614717 , 0.27173296
1.42616 , -6.484868 , 0.29743403
1.7301419 , -6.50154 , 0.27056468
1.7523406 , -6.654022 , 0.26951143
1.4568993 , -6.7106657 , 0.29713765
1.3534454 , -6.868474 , 0.28704253
0.9893683 , -6.761318 , 0.31931904
0.9868752 , -6.860859 , 0.31597868
1.4602294 , -7.107462 , 0.2833478
0.97312385 , -6.8911138 , 0.31041458
0.9812535 , -7.0022254 , 0.30704
1.5032432 , -7.341839 , 0.28203687
1.3988168 , -7.045862 , 0.28155807
1.808686 , -7.2035513 , 0.25911543
1.3953755 , -7.460158 , 0.27510217
1.7978354 , -7.420177 , 0.25772932
1.805131 , -7.57286 , 0.25616747
1.4874884 , -7.7040834 , 0.27169672
1.8198094 , -7.777917 , 0.25711206
1.8361678 , -7.91649 , 0.25838855
1.5243876 , -7.94145 , 0.26964477
1.435093 , -8.036612 , 0.26395747
1.0927477 , -8.026977 , 0.28249633
3.2920058 , -30.032442 , -0.3652144
1.840159 , -16.483492 , 0.013684446
2.7443705 , -25.16398 , -0.23235682
2.7445984 , -25.578615 , -0.2992387
1.9412972 , -17.893461 , -0.07130329
1.2697803 , -9.785906 , 0.21101238
3.2756562 , -23.818655 , 0.08856802
2.4456854 , -15.003405 , 0.19861753
2.0203054 , -10.795704 , 0.23878478
2.6615171 , -18.830929 , 0.13249476
3.4641514 , -26.489464 , 0.027083019
2.4023192 , -22.483547 , -0.21415824
1.6506933 , -14.695593 , 0.035161365
1.9787468 , -10.116039 , 0.24620627
2.596528 , -18.169395 , 0.14160347
3.3851094 , -25.825247 , 0.034726936
2.4606953 , -23.04272 , -0.23175673
1.7019036 , -15.305824 , 0.012995558
1.9440372 , -9.434301 , 0.2536216
2.5328047 , -17.508913 , 0.15072434
3.3073676 , -25.163591 , 0.042492308
2.5194228 , -23.597815 , -0.24904616
1.7533162 , -15.908655 , -0.008720389
1.9227543 , -8.748704 , 0.26100034
2.4703474 , -16.849663 , 0.15984707
3.2309122 , -24.504383 , 0.050380062
2.5785306 , -24.148998 , -0.26605853
1.8049991 , -16.504337 , -0.03003116
1.1851368 , -8.402963 , 0.2523221
2.4091437 , -16.191498 , 0.16893698
3.1557257 , -23.847479 , 0.058389112
2.638052 , -24.696568 , -0.2828157
1.8570064 , -17.093416 , -0.05094619
1.2208269 , -9.081469 , 0.22803791
2.3491986 , -15.5346775 , 0.17796512
0.4360711 , -1.144906 , 0.250094
0.44914252 , -1.47561 , 0.25067672
0.44405594 , -1.8101643 , 0.24896765
0.3970818 , -2.2093256 , 0.24447358
0.44191325 , -1.1942245 , 0.24388589
0.44978154 , -1.5761123 , 0.24457334
0.43580803 , -1.9630156 , 0.24256344
0.37745208 , -2.4167259 , 0.23818703
0.44624513 , -1.2711341 , 0.23785608
0.44826084 , -1.7008129 , 0.23854445
0.42389363 , -2.138374 , 0.23621365
0.4410065 , -0.8570312 , 0.2301208
0.44881484 , -1.3739939 , 0.23201124
0.44438598 , -1.848576 , 0.23255394
0.4079839 , -2.3351517 , 0.22995731
0.44551098 , -0.93943185 , 0.22407226
0.44949454 , -1.5010962 , 0.22632663
0.4378704 , -2.0184593 , 0.22658156
0.38850808 , -2.5522206 , 0.22383338
0.44917375 , -1.0489817 , 0.21825512
0.4481894 , -1.6508949 , 0.2207515
0.42832693 , -2.209597 , 0.22063045
0.36768427 , -2.7885623 , 0.21783812
0.4512932 , -1.1838764 , 0.21268882
0.44478834 , -1.8221582 , 0.21522845
0.4153184 , -2.4210744 , 0.21472348
0.45400485 , -0.58481854 , 0.2041114
0.451625 , -1.3421086 , 0.20735994
0.4391219 , -2.013974 , 0.20971559
0.3985383 , -2.651886 , 0.20889176
0.45610678 , -0.7294869 , 0.19839877
0.45007142 , -1.5217631 , 0.2022123
0.43093267 , -2.2256207 , 0.20419978
0.3782712 , -2.9009967 , 0.2031598
0.4573602 , -0.8994297 , 0.19300225
0.44657275 , -1.7212982 , 0.19716278
0.4198722 , -2.4563866 , 0.19869603
0.3561785 , -3.1674798 , 0.19751632
0.4570272 , -1.0923958 , 0.18793024
0.44104856 , -1.939669 , 0.19213341
0.40554616 , -2.705432 , 0.19323552
0.4682345 , -0.310385 , 0.17862774
0.4548785 , -1.3060077 , 0.18314354
0.4333552 , -2.1762385 , 0.18707864
0.38766184 , -2.9717662 , 0.18784891
0.46776286 , -0.5172201 , 0.17327315
0.45085233 , -1.5381765 , 0.17854737
0.4232626 , -2.4305472 , 0.1819952
0.36638287 , -3.2543416 , 0.18255095
0.46639773 , -0.7474025 , 0.16832891
0.44492817 , -1.7874374 , 0.17402278
0.41045713 , -2.7020597 , 0.1769148
0.3429237 , -3.55221 , 0.17731953
0.4633832 , -0.9981817 , 0.16379
0.34575343 , -3.9931238 , 0.10110837
0.24965212 , -5.3736076 , 0.10634813
0.47168964 , -1.1590512 , 0.08597665
0.400653 , -2.8829942 , 0.093710974
0.3196715 , -4.4351916 , 0.09750039
0.5279692 , 0.35937545 , 0.0730324
0.45414087 , -1.6144923 , 0.084028974
0.3794052 , -3.3302934 , 0.09020082
0.29087123 , -4.8863645 , 0.09428978
0.51278394 , -0.13042425 , 0.07084209
0.43516812 , -2.075512 , 0.08176032
0.35592026 , -3.7897317 , 0.08657839
0.25960025 , -5.343503 , 0.091565065
0.49508744 , -0.6262659 , 0.06955516
0.41470155 , -2.5438857 , 0.07913242
0.32996088 , -4.261289 , 0.08298417
0.22620934 , -5.803202 , 0.08920622
0.47560865 , -1.1239674 , 0.068446815
0.3925528 , -3.021413 , 0.07618112
0.30137718 , -4.7439995 , 0.07960574
0.5422551 , 0.53510207 , 0.055041157
0.45479408 , -1.6234686 , 0.067028224
0.36847323 , -3.509562 , 0.07297743
0.27019948 , -5.2356725 , 0.07667997
0.52367985 , -0.007158274 , 0.053758014
0.4327238 , -2.126783 , 0.065171205
0.34219494 , -4.0092735 , 0.069621794
0.23668203 , -5.7326517 , 0.07444315
0.5022423 , -0.5505039 , 0.053440843
0.40926254 , -2.6362717 , 0.0628941
0.3134746 , -4.520791 , 0.066249676
0.20101884 , -6.230132 , 0.072919466
0.47925642 , -1.0916127 , 0.052978765
0.38417965 , -3.1540408 , 0.060252797
0.28215995 , -5.043458 , 0.063044906
0.556323 , 0.69515765 , 0.039280795
0.45520303 , -1.632345 , 0.051979624
0.35720223 , -3.6817524 , 0.05732127
0.24828479 , -5.575416 , 0.060266655
0.53414726 , 0.103858046 , 0.039207336
0.4300498 , -2.1757283 , 0.050450187
0.32804725 , -4.220516 , 0.05419232
0.21214053 , -6.1131268 , 0.058292225
0.50887287 , -0.48213595 , 0.039856598
0.40358698 , -2.7245057 , 0.048453677
0.2964585 , -4.770765 , 0.050984066
0.174021 , -6.650662 , 0.057589076
0.48248148 , -1.0625669 , 0.039827034
0.37554562 , -3.280941 , 0.046054624
0.26226372 , -5.332092 , 0.047847107
0.5699141 , 0.8350722 , 0.0261485
0.45527935 , -1.6415449 , 0.03909523
0.34563187 , -3.8467844 , 0.043321684
0.22545928 , -5.9030294 , 0.04498668
0.4309333 , -1.0995135 , 0.33047006
0.37289122 , -0.50044215 , 0.34517196
0.5362188 , -2.918526 , 0.31180277
0.47253513 , -1.793665 , 0.31762373
0.4168173 , -0.9420665 , 0.33217454
0.35068542 , -0.46252143 , 0.34549725
0.5208232 , -2.5691571 , 0.3109623
0.45827273 , -1.5448333 , 0.3189783
0.40174383 , -0.8258442 , 0.3334017
0.32282156 , -0.45717856 , 0.34571496
0.5058849 , -2.2531698 , 0.310529
0.4437315 , -1.3396375 , 0.32040882
0.38509554 , -0.7474923 , 0.33410838
0.288985 , -0.4833354 , 0.34583908
0.4906464 , -1.9734851 , 0.31055218
0.42880592 , -1.1773908 , 0.32171318
0.3659461 , -0.70404136 , 0.33439434
0.25706264 , -0.5386721 , 0.34591377
0.47510317 , -1.7325251 , 0.3109599
0.41329268 , -1.0562818 , 0.32272395
0.34311953 , -0.6935534 , 0.3344267
0.52857244 , -2.3312736 , 0.30551878
0.45929348 , -1.531783 , 0.31160396
0.39683083 , -0.9737308 , 0.32333785
0.31541598 , -0.71480423 , 0.33428946
0.51193917 , -2.0716496 , 0.30479616
0.44320032 , -1.3716117 , 0.3123057
0.3788455 , -0.9269582 , 0.32354903
0.28264445 , -0.76623636 , 0.33397946
0.4951371 , -1.8472294 , 0.30436993
0.42672807 , -1.2512336 , 0.31289306
0.35853437 , -0.91361725 , 0.32344207
0.25022253 , -0.8455464 , 0.3335734
0.4780054 , -1.6595067 , 0.30420107
0.40967387 , -1.1689434 , 0.31323177
0.33492157 , -0.93205494 , 0.32311395
0.53701395 , -2.0768142 , 0.29986352
0.46056575 , -1.5093138 , 0.3041888
0.39168844 , -1.1224909 , 0.31325322
0.30703637 , -0.9809159 , 0.32259402
0.51850826 , -1.875329 , 0.29887107
0.44281673 , -1.3966234 , 0.3042
0.37224692 , -1.109585 , 0.3129674
0.27473393 , -1.0585015 , 0.32188246
0.500021 , -1.7079389 , 0.29805237
0.42467725 , -1.3205314 , 0.30410334
0.35065144 , -1.1283154 , 0.31243613
0.24185455 , -1.1626953 , 0.32106405
0.4812071 , -1.5753355 , 0.2973772
0.4059554 , -1.2794409 , 0.30380115
0.32607332 , -1.1772101 , 0.31171188
0.5461335 , -1.8076937 , 0.2940851
0.46204767 , -1.4777027 , 0.29677477
0.38632366 , -1.2714068 , 0.303252
0.42827183 , -1.5046846 , 0.24825585
0.30002877 , -2.5912025 , 0.2421266
0.16142294 , -3.5732284 , 0.23744808
0.53065497 , -0.5407508 , 0.25279233
0.39518115 , -1.8029361 , 0.24480714
0.2641937 , -2.9035022 , 0.23898867
0.11942801 , -3.903138 , 0.23403808
0.49626082 , -0.8483407 , 0.24956553
0.36137968 , -2.1150382 , 0.2414344
0.22625336 , -3.2307644 , 0.23573966
0.07778071 , -4.245304 , 0.23058605
0.46170384 , -1.1710887 , 0.24601814
0.32652962 , -2.4410937 , 0.23816876
0.18598409 , -3.5719178 , 0.23231576
0.5720383 , -0.03224357 , 0.251213
0.42693383 , -1.5065314 , 0.2423295
0.2902638 , -2.7813618 , 0.23497573
0.14346872 , -3.9255323 , 0.22869667
0.5355585 , -0.380634 , 0.24823652
0.39174268 , -1.85352 , 0.23868532
0.25221288 , -3.1358745 , 0.23177408
0.09937363 , -4.2900825 , 0.22491953
0.49892503 , -0.7448136 , 0.24477
0.35581708 , -2.2120507 , 0.23519564
0.21204644 , -3.5041678 , 0.22845745
0.055131514 , -4.6643043 , 0.22104682
0.46223298 , -1.1209172 , 0.2409516
0.31880105 , -2.582726 , 0.23187971
0.16955887 , -3.8851364 , 0.22492138
0.5785642 , 0.18187782 , 0.24744165
0.42539683 , -1.5064898 , 0.23704776
0.28032658 , -2.9662247 , 0.22868755
0.12482942 , -4.2770643 , 0.22109899
0.5399396 , -0.2246138 , 0.24434967
0.388138 , -1.9008731 , 0.233284
0.24003099 , -3.3629074 , 0.22552261
0.078433976 , -4.6778755 , 0.21699688
0.5011609 , -0.6439161 , 0.24064167
0.35010052 , -2.3046885 , 0.22976166
0.19759046 , -3.7725387 , 0.2222563
0.031507734 , -5.0856304 , 0.21269567
0.46244234 , -1.0715647 , 0.23657304
0.31091845 , -2.7190707 , 0.22647832
0.15279743 , -4.1940804 , 0.21874404
0.5841598 , 0.38789698 , 0.24443181
0.42362565 , -1.505363 , 0.23252092
0.27023038 , -3.1451073 , 0.22336893
0.10570721 , -4.6255946 , 0.21485507
0.5435885 , -0.07512679 , 0.24123645
0.38434616 , -1.9454169 , 0.22872758
0.22768441 , -3.5834894 , 0.22032857
0.05682279 , -5.0643787 , 0.21052751
0.50284696 , -0.54751873 , 0.23726441
0.34421656 , -2.3930714 , 0.22525974
0.18296213 , -4.0342603 , 0.21721968
0.0070910403 , -5.5075064 , 0.20582263
0.4622765 , -1.024261 , 0.23297732
0.3028754 , -2.8499675 , 0.22208467
0.135843 , -4.496584 , 0.21387279
0.5884545 , 0.58273554 , 0.24231158
0.42159152 , -1.5038834 , 0.22887103
0.25997767 , -3.3175452 , 0.21912393
0.086330995 , -4.9685063 , 0.21009412
0.54627615 , 0.06522363 , 0.23899405
0.3803461 , -1.9875618 , 0.22515005
0.2151894 , -3.796784 , 0.21627058
0.034830958 , -5.446825 , 0.20571049
0.5038831 , -0.45745888 , 0.23470512
0.33814916 , -2.4773731 , 0.22181813
0.1682049 , -4.288007 , 0.21339057
-0.017832667 , -5.9274364 , 0.20069472
0.46170115 , -0.9800783 , 0.23026985
0.29466137 , -2.9753702 , 0.21881014
0.11879636 , -4.790665 , 0.21031658
0.59096915 , 0.7629722 , 0.2412194
0.41927034 , -1.502678 , 0.22623959
0.24956357 , -3.4832537 , 0.21603665
0.066909544 , -5.30306 , 0.20683344
0.54777294 , 0.19363415 , 0.23768982
0.37611473 , -2.027702 , 0.22269285
0.20254776 , -4.0022154 , 0.21339084
0.012805696 , -5.8219466 , 0.20266506
0.50422436 , -0.37537047 , 0.23301487
0.3318788 , -2.5578187 , 0.21955897
0.15333132 , -4.5327945 , 0.21074675
-0.042858284 , -6.3421817 , 0.19756368
0.4607046 , -0.9398076 , 0.22859909
0.28626087 , -3.095346 , 0.21674518
0.10169762 , -5.074716 , 0.2079527
-0.09960527 , -6.8576465 , 0.19172217
0.41663766 , -1.5022393 , 0.22480066
0.23897575 , -3.6421323 , 0.2141504
0.04756699 , -5.626655 , 0.20481771
0.54792666 , 0.30704808 , 0.23727912
0.37162444 , -2.066191 , 0.22151354
0.18974732 , -4.1994834 , 0.21166158
-0.008917986 , -6.185862 , 0.20108166
0.5039202 , -0.3023128 , 0.23228867
0.32538143 , -2.6346436 , 0.21861155
0.1383269 , -4.768059 , 0.20913315
-0.067375116 , -6.747362 , 0.19631113
0.4592766 , -0.90392095 , 0.22820564
0.27764738 , -3.2100282 , 0.21601127
0.084519275 , -5.3477664 , 0.20640424
-0.12762728 , -7.3019247 , 0.18980609
0.4136753 , -1.5029143 , 0.22470693
0.22819953 , -3.7941606 , 0.2135324
0.028285509 , -5.937471 , 0.20311086
0.43083715 , -4.6481543 , 0.4252441
0.4613711 , -2.6242223 , 0.3437909
0.51781285 , -0.6267184 , 0.24402319
0.57102644 , 0.701128 , 0.15805762
0.43570188 , -4.2299314 , 0.40907907
0.47352386 , -2.122745 , 0.3203771
0.5337744 , -0.21179341 , 0.22079784
0.57927835 , 0.8931552 , 0.14389266
0.44228682 , -3.767533 , 0.39037776
0.48743466 , -1.6230931 , 0.29632914
0.54931504 , 0.16617963 , 0.19882093
0.5836874 , 1.0149629 , 0.13382468
0.45067254 , -3.274812 , 0.36974645
0.50277627 , -1.1341382 , 0.27206475
0.5636288 , 0.49932683 , 0.1786338
0.42832917 , -4.841817 , 0.4271815
0.46104625 , -2.7626264 , 0.34760356
0.5190959 , -0.6646063 , 0.24801919
0.5757838 , 0.77976465 , 0.16083808
0.43505815 , -4.417037 , 0.4118879
0.47342637 , -2.2407598 , 0.32434735
0.53581595 , -0.22304113 , 0.22464664
0.5847269 , 0.9992174 , 0.14610809
0.44202974 , -3.9439685 , 0.39359844
0.4876656 , -1.7186165 , 0.3003857
0.5522311 , 0.18222257 , 0.20243806
0.58946705 , 1.1484324 , 0.1352906
0.4505139 , -3.437083 , 0.37328428
0.5034664 , -1.2054323 , 0.27613765
0.56749487 , 0.54303545 , 0.18193047
0.42909968 , -5.0369167 , 0.42909172
0.46096072 , -2.9076765 , 0.3513824
0.52039117 , -0.7102851 , 0.25203463
0.5805782 , 0.8512804 , 0.16371518
0.4357375 , -4.607453 , 0.4145919
0.47348917 , -2.365931 , 0.3282964
0.5378671 , -0.24205408 , 0.22852868
0.59016377 , 1.0984776 , 0.14845547
0.4424885 , -4.1250863 , 0.39675638
0.48799843 , -1.8216468 , 0.3044343
0.5551843 , 0.19060904 , 0.20610495
0.5944553 , 1.275174 , 0.13695934
0.45079046 , -3.605069 , 0.37677538
0.50421715 , -1.2844489 , 0.28021452
0.5714774 , 0.5792614 , 0.1852942
0.4338698 , -5.232492 , 0.43132493
0.46115997 , -3.0592191 , 0.3551271
0.5217235 , -0.7637868 , 0.25606677
0.58567 , 0.9155384 , 0.1666813
0.4378588 , -4.800597 , 0.41721806
0.47374117 , -2.498165 , 0.33222374
0.53995526 , -0.2688897 , 0.2324415
0.5962931 , 1.1907588 , 0.1509265
0.44367045 , -4.310507 , 0.39985827
0.48845422 , -1.9321369 , 0.30847245
0.55821025 , 0.19126017 , 0.20981593
0.60076135 , 1.3951658 , 0.1388377
0.45151183 , -3.778513 , 0.38022172
0.5050447 , -1.3711789 , 0.28429317
0.5756355 , 0.6079097 , 0.18871783
0.6067454 , 1.6332115 , 0.13195387
0.4754654 , -5.6558943 , 0.40613955
0.52811855 , -2.4229546 , 0.31689814
0.63289994 , 0.7595801 , 0.21793878
0.73380554 , 2.900236 , 0.1436803
0.37152132 , -5.688678 , 0.52109313
0.36386198 , -5.265331 , 0.5161059
0.3724177 , -6.136444 , 0.5109513
0.3658793 , -5.694274 , 0.50304574
0.3605433 , -5.2604437 , 0.49510643
0.35671547 , -4.8362007 , 0.48689902
0.36235717 , -5.579413 , 0.48240373
0.3586558 , -5.134253 , 0.47252992
0.35641152 , -4.7043953 , 0.46240824
0.35572135 , -4.292177 , 0.45195642
0.35669208 , -3.900235 , 0.4410917
0.35886255 , -4.4466004 , 0.43595332
0.35956264 , -4.0340014 , 0.42422226
0.3614337 , -3.6456265 , 0.41225916
0.36451426 , -3.283314 , 0.40004426
0.368929 , -2.9487813 , 0.38757542
0.3710835 , -3.2616668 , 0.3817337
0.37484962 , -2.9081855 , 0.36885408
0.37934563 , -2.5849211 , 0.3558474
0.38463873 , -2.2929049 , 0.34271896
0.39209962 , -2.4034567 , 0.3363408
0.396795 , -2.0945492 , 0.32300103
0.40197438 , -1.8187183 , 0.30963418
0.40747178 , -1.576502 , 0.29624915
0.41338772 , -1.3683193 , 0.28287372
0.42763492 , -1.222438 , 0.2759614
0.43274227 , -1.0011486 , 0.26258892
0.4377415 , -0.81497616 , 0.24928913
0.442678 , -0.66399544 , 0.23608907
0.4477186 , -0.548156 , 0.22301409
0.47152823 , -0.15076306 , 0.21585603
0.47535813 , -0.025848158 , 0.20296253
0.478635 , 0.063357934 , 0.19025192
0.48149988 , 0.11716386 , 0.17774466
0.5179559 , 0.71216875 , 0.1705648
0.51982176 , 0.77150613 , 0.1584139
0.5208542 , 0.7952277 , 0.14652696
0.52084726 , 0.7838636 , 0.13491805
0.52013814 , 0.73803014 , 0.123610705
0.5701928 , 1.5555757 , 0.11687746
0.5685096 , 1.5108964 , 0.106198154
0.56520253 , 1.4320899 , 0.09586436
0.5602673 , 1.3198506 , 0.08586738
0.5543829 , 1.17484 , 0.07620392
0.62014437 , 2.186732 , 0.070682116
0.6134106 , 2.038937 , 0.062050886
0.6043841 , 1.8591684 , 0.0537933
0.5926725 , 1.6479383 , 0.0459429
0.67302626 , 2.7975008 , 0.041042466
0.66305894 , 2.5786285 , 0.034304198
0.6505934 , 2.3277621 , 0.02842444
0.6350508 , 2.0466092 , 0.024233293
0.5139884 , -5.5813317 , 0.34099215
0.5563607 , -6.497905 , 0.34072784
0.5496457 , -6.054304 , 0.33964506
0.54339814 , -5.6181946 , 0.33761328
0.53699493 , -5.1888576 , 0.33468175
0.5297722 , -4.7677884 , 0.33143303
0.5739152 , -5.5345955 , 0.33134863
0.567058 , -5.095179 , 0.3288168
0.5596918 , -4.6699896 , 0.32604218
0.55181307 , -4.2616053 , 0.32322255
0.6006082 , -4.8773932 , 0.32190642
0.5928398 , -4.4477105 , 0.3194642
0.58431673 , -4.03951 , 0.31688672
0.5753926 , -3.6548598 , 0.31425193
0.5663562 , -3.2957864 , 0.3116238
0.6216504 , -3.6879404 , 0.31032535
0.6118405 , -3.3089778 , 0.30773765
0.60163903 , -2.9585378 , 0.30506498
0.5912741 , -2.6378906 , 0.30234796
0.58104354 , -2.3481617 , 0.29960257
0.642614 , -2.4927206 , 0.29861212
0.63092136 , -2.1859055 , 0.295808
0.6189544 , -1.9118086 , 0.2929463
0.6069162 , -1.6710333 , 0.29003924
0.67651623 , -1.6084864 , 0.28949457
0.6632635 , -1.3533001 , 0.2865692
0.6494002 , -1.1327598 , 0.28359503
0.63524085 , -0.9470843 , 0.28058353
0.6210077 , -0.7963763 , 0.27754402
0.6983709 , -0.4793614 , 0.2775318
0.6823032 , -0.31824422 , 0.27452517
0.6656813 , -0.19283035 , 0.27150983
0.6486668 , -0.102942854 , 0.2684917
0.63160044 , -0.04827582 , 0.26546037
0.7169543 , 0.5124049 , 0.2660564
0.69756424 , 0.57330334 , 0.2631593
0.6774132 , 0.5987056 , 0.2603051
0.6567405 , 0.5891353 , 0.25748295
0.75192475 , 1.3379312 , 0.2585878
0.7296904 , 1.3308488 , 0.25593203
0.70620877 , 1.2889397 , 0.2533912
0.68161154 , 1.2128919 , 0.2509748
0.65627146 , 1.1033887 , 0.24868529
0.7601787 , 2.0566478 , 0.250284
0.73330444 , 1.945387 , 0.24820457
0.7047798 , 1.8014343 , 0.246407
0.6744222 , 1.6253324 , 0.24490552
0.6424732 , 1.4176645 , 0.24359292
0.7565356 , 2.5428092 , 0.24572319
0.7237026 , 2.3290713 , 0.24489015
0.6883722 , 2.0841694 , 0.24420162
0.6497916 , 1.8100842 , 0.24349205
0.77556276 , 3.0632617 , 0.25005686
0.41961113 , 1.391241 , 0.461376
0.42050737 , 1.24978 , 0.45679724
0.39778176 , 1.2853091 , 0.43144065
0.39642733 , 1.1289641 , 0.42774373
0.39581951 , 0.97210974 , 0.42306003
0.39632118 , 0.8146027 , 0.41705695
0.39712387 , 0.6565317 , 0.41046673
0.39839253 , 0.49802205 , 0.40314692
0.3997766 , 0.33915633 , 0.39543816
0.40135556 , 0.17997438 , 0.3872718
0.4030221 , 0.02049053 , 0.3787905
0.4047883 , -0.13929479 , 0.3699769
0.4066219 , -0.29938972 , 0.36091974
0.40848523 , -0.4598218 , 0.35163513
0.3629067 , -0.6908077 , 0.3375782
0.36347663 , -0.88318676 , 0.32799125
0.36377093 , -1.0761907 , 0.31824306
0.3637846 , -1.2696542 , 0.30837893
0.36352202 , -1.4634401 , 0.2984017
0.3629876 , -1.6574262 , 0.28835326
0.36219034 , -1.8515016 , 0.2782421
0.36114287 , -2.0455627 , 0.2681031
0.35986084 , -2.239513 , 0.25794336
0.35836133 , -2.4332643 , 0.2477933
0.3566653 , -2.6267395 , 0.23765737
0.35478792 , -2.819878 , 0.2275637
0.2891737 , -3.3984601 , 0.21287592
0.28529492 , -3.6257577 , 0.20254338
0.28085348 , -3.8520381 , 0.19235766
0.27590427 , -4.07714 , 0.18227634
0.2704772 , -4.300934 , 0.17234722
0.2646275 , -4.523307 , 0.16252497
0.25836086 , -4.7441525 , 0.15289304
0.25172853 , -4.963376 , 0.14340007
0.24471553 , -5.180888 , 0.13416418
0.23733729 , -5.396608 , 0.12515594
0.22960609 , -5.610464 , 0.11648844
0.22150996 , -5.8224072 , 0.10813501
0.13288309 , -6.766037 , 0.09277082
0.12337243 , -7.0052505 , 0.0849515
0.112534314 , -7.242077 , 0.07710796
0.10203473 , -7.476882 , 0.0704264
0.09038215 , -7.7096925 , 0.063567996
0.078592405 , -7.9400125 , 0.058433708
0.06498596 , -8.166021 , 0.05468372
0.28497386 , 1.4743291 , 0.40641877
0.2870117 , 1.3210071 , 0.40426284
0.2862398 , 1.1737691 , 0.40388387
0.28505096 , 1.0300218 , 0.402572
0.28379977 , 0.8880719 , 0.40018883
0.2512236 , 0.86656964 , 0.37893236
0.24787834 , 0.70382094 , 0.37582588
0.24472822 , 0.5399372 , 0.37256023
0.24189098 , 0.3751927 , 0.36891195
0.23920083 , 0.2097602 , 0.3650449
0.23658168 , 0.043743774 , 0.36093214
0.23392348 , -0.12279116 , 0.35668126
0.23116194 , -0.28979596 , 0.35226429
0.22823547 , -0.4572288 , 0.34773073
0.22506456 , -0.62505347 , 0.34305516
0.22156565 , -0.7932451 , 0.33825222
0.21760644 , -0.96179855 , 0.33327314
0.16171093 , -1.2711525 , 0.30693346
0.15583782 , -1.4730219 , 0.3021064
0.15008497 , -1.6752287 , 0.2973758
0.14434478 , -1.8776109 , 0.29270288
0.13853644 , -2.0800235 , 0.28804624
0.13260436 , -2.2823374 , 0.28340518
0.12649758 , -2.484435 , 0.27876112
0.12017299 , -2.6862092 , 0.2741253
0.11358361 , -2.8875577 , 0.2694806
0.106673114 , -3.0883884 , 0.2648394
0.09937729 , -3.2886188 , 0.26016915
0.091593 , -3.488177 , 0.25546792
0.015218138 , -4.1555195 , 0.23134331
0.0050086 , -4.3881555 , 0.22701757
-0.005047798 , -4.6193047 , 0.22291416
-0.015080772 , -4.848829 , 0.21890195
-0.025157617 , -5.076606 , 0.21504185
-0.035368998 , -5.3025312 , 0.21122465
-0.045765474 , -5.526521 , 0.20759343
-0.056499254 , -5.74851 , 0.20408136
-0.06763076 , -5.9684486 , 0.20091933
-0.07938059 , -6.1862907 , 0.19806582
-0.091734186 , -6.4019957 , 0.1957656
-0.104552895 , -6.615461 , 0.1936034
-0.19819649 , -7.6393743 , 0.1771225
-0.2132347 , -7.8802295 , 0.1758412
-0.2290582 , -8.120713 , 0.17510526
-0.2437934 , -8.359934 , 0.17413902
0.33023378 , 1.3723505 , 0.41382307
0.4428181 , -4.8449726 , 0.58870655
0.4402376 , -2.3598926 , 0.59587294
0.44909492 , 0.35674435 , 0.60758793
0.45410788 , -6.6956167 , 0.5846554
0.44257572 , -4.3138976 , 0.5873859
0.44203332 , -1.7985158 , 0.5967088
0.45249218 , 0.99131566 , 0.60875434
0.45116323 , -6.1634245 , 0.5820032
0.4428418 , -3.785733 , 0.58652955
0.44416612 , -1.2250639 , 0.597946
0.45657626 , 1.6420611 , 0.6092505
0.44952393 , -5.642028 , 0.57960254
0.44356298 , -3.2569144 , 0.5861962
0.44657207 , -0.6365938 , 0.59937483
0.46254188 , 2.306559 , 0.60881644
0.44873965 , -5.129483 , 0.5775464
0.44467604 , -2.7235255 , 0.58640677
0.4492835 , -0.031654805 , 0.60069233
0.46039584 , -6.8989744 , 0.5723958
0.44860128 , -4.623208 , 0.57591814
0.44610897 , -2.1816225 , 0.58712137
0.45257083 , 0.58935046 , 0.6015505
0.45746663 , -6.393287 , 0.56930315
0.44899046 , -4.1200438 , 0.5747871
0.4478091 , -1.6276962 , 0.58821434
0.45721257 , 1.2242421 , 0.60161996
0.45594907 , -5.8992367 , 0.56648886
0.44981056 , -3.616399 , 0.57419574
0.44979766 , -1.0592378 , 0.58945936
0.4647029 , 1.8696195 , 0.6006447
0.45542425 , -5.414733 , 0.5640482
0.45096478 , -3.1084883 , 0.5741459
0.45225212 , -0.47530085 , 0.59053606
0.4749029 , 2.5218027 , 0.5985097
0.4556382 , -4.9370823 , 0.5620591
0.45236778 , -2.5926476 , 0.5745835
0.45564047 , 0.123113275 , 0.5910685
0.46400806 , -6.615828 , 0.5543739
0.4564277 , -4.463099 , 0.5605771
0.45398703 , -2.0657325 , 0.57538223
0.46097693 , 0.73302346 , 0.5906906
0.4628488 , -6.1524105 , 0.55112886
0.45765838 , -3.9893093 , 0.55962294
0.4559092 , -1.5255785 , 0.57632554
0.47009698 , 1.3499379 , 0.58911383
0.46282604 , -5.699368 , 0.548278
0.45920467 , -3.5122259 , 0.55917704
0.4584299 , -0.9715125 , 0.57709724
0.4838183 , 1.9688097 , 0.58617496
0.46365955 , -5.253952 , 0.5458892
0.46096936 , -3.028629 , 0.55917716
0.46218872 , -0.40482187 , 0.5772951
0.4706998 , -6.8300824 , 0.5372781
0.4651486 , -4.813033 , 0.5439969
0.7035753 , -5.61184 , 0.36374554
0.53924435 , -7.916947 , 0.3471239
0.59598124 , -7.258321 , 0.35264847
0.6558155 , -6.466103 , 0.3534939
0.74590266 , -5.651621 , 0.35426107
0.5571643 , -7.8425627 , 0.34228894
0.6166993 , -7.1918674 , 0.34468633
0.6845919 , -6.4589233 , 0.34369016
0.8021953 , -5.7477775 , 0.34514287
0.57651347 , -7.7765737 , 0.33585635
0.6397408 , -7.151464 , 0.33581784
0.7188048 , -6.4974327 , 0.33277494
0.48125225 , -5.17792 , 0.34896827
0.4758619 , -2.6445844 , 0.36230123
0.45438042 , -0.5745338 , 0.38793775
0.41111952 , 0.8125089 , 0.41840133
0.48344833 , -4.5911913 , 0.35252792
0.4723995 , -2.1176345 , 0.36952174
0.44843945 , -0.16668351 , 0.39644843
0.39044988 , 1.0737156 , 0.42634314
0.4822605 , -4.004589 , 0.35734215
0.4687893 , -1.6095232 , 0.37694803
0.44125497 , 0.214005 , 0.40501788
0.3522212 , 1.3204519 , 0.42956004
0.48039654 , -3.4253442 , 0.362954
0.46488178 , -1.1224401 , 0.38455606
0.43194744 , 0.56684214 , 0.41348898
0.27870908 , 1.6108958 , 0.41845134
0.4782798 , -2.8583047 , 0.36906245
0.46046165 , -0.6582334 , 0.3923153
0.4188187 , 0.89258426 , 0.42153308
0.48236632 , -4.8656173 , 0.36200088
0.47596407 , -2.3068128 , 0.3754996
0.45520905 , -0.21836288 , 0.40017062
0.39818564 , 1.1965477 , 0.42790967
0.4824368 , -4.26334 , 0.36573488
0.42138895 , 0.95114166 , 0.42277744
0.48231223 , -4.9462347 , 0.366327
0.47760606 , -2.358639 , 0.3787167
0.45812768 , -0.21742816 , 0.40223363
0.40025768 , 1.2780526 , 0.42794338
0.48276016 , -4.3382535 , 0.36978662
0.4754984 , -1.815939 , 0.3850016
0.45169884 , 0.21141969 , 0.40963572
0.3651568 , 1.6126986 , 0.42763987
0.4826857 , -3.7363472 , 0.37398568
0.4729369 , -1.2924767 , 0.39145055
0.44290748 , 0.6172649 , 0.41669273
0.31103727 , 1.9916621 , 0.42056876
0.4823189 , -3.1449575 , 0.37875074
0.4697113 , -0.78940684 , 0.3979916
0.43006903 , 1.004198 , 0.42268273
0.482769 , -5.2106075 , 0.3739232
0.481653 , -2.5672946 , 0.38390076
0.46549886 , -0.3072638 , 0.404525
0.41035694 , 1.3837268 , 0.42602274
0.48397696 , -4.592984 , 0.3768447
0.48060498 , -2.0055337 , 0.389297
0.45978135 , 0.15438202 , 0.4108699
0.37990218 , 1.7778864 , 0.42498904
0.48489967 , -3.981317 , 0.38028675
0.47903565 , -1.4610513 , 0.39483285
0.4516917 , 0.59780407 , 0.41664302
0.336868 , 2.2109985 , 0.4196398
0.48561823 , -3.379042 , 0.38419336
0.4767365 , -0.93452173 , 0.40040556
0.4398222 , 1.0290633 , 0.42104572
0.48402178 , -5.4694605 , 0.38044697
0.4860582 , -2.7888906 , 0.38844547
0.47339305 , -0.42580515 , 0.4058784
0.4221881 , 1.4605527 , 0.42288706
0.48579714 , -4.845846 , 0.38294172
0.48609844 , -2.2127132 , 0.3929135
0.5058306 , -6.1911244 , 0.398541
0.5314648 , -3.661232 , 0.39799938
0.5429023 , -1.070216 , 0.39436117
0.5265087 , 1.6767718 , 0.38587204
0.5135947 , -5.6216154 , 0.39833775
0.53922075 , -3.0997846 , 0.39683214
0.5464026 , -0.47842473 , 0.3913005
0.52596825 , 2.336819 , 0.3810931
0.52238214 , -5.061436 , 0.39786088
0.54668814 , -2.5381148 , 0.39505276
0.54940295 , 0.12823226 , 0.3875321
0.52751416 , 3.0154765 , 0.37570682
0.531718 , -4.5089226 , 0.39700922
0.55374193 , -1.9723625 , 0.39257276
0.552259 , 0.7523979 , 0.3832062
0.5098194 , -6.4149885 , 0.39738542
0.54132783 , -3.9617686 , 0.39568084
0.5603489 , -1.3983494 , 0.38934928
0.5555446 , 1.3949587 , 0.37848032
0.51891035 , -5.8661184 , 0.39672506
0.55100596 , -3.4170222 , 0.393775
0.5666055 , -0.81207126 , 0.38541618
0.5602769 , 2.0551 , 0.3734072
0.529247 , -5.32715 , 0.39574686
0.56060135 , -2.87114 , 0.39120162
0.5727695 , -0.21036533 , 0.38089678
0.56802016 , 2.7309535 , 0.36785507
0.54031837 , -4.7961655 , 0.39434543
0.5700356 , -2.3201547 , 0.38789967
0.57929677 , 0.40845782 , 0.37597436
0.5137903 , -6.6307726 , 0.39509398
0.5518375 , -4.2705965 , 0.39241648
0.5793295 , -1.7600094 , 0.38386363
0.5869357 , 1.0442848 , 0.37081712
0.5243807 , -6.1059475 , 0.39400125
0.56361514 , -3.7472687 , 0.38986495
0.5886317 , -1.1870716 , 0.3791678
0.59697074 , 1.6953607 , 0.36547813
0.5364153 , -5.5917344 , 0.3925545
0.575539 , -3.2225158 , 0.38661578
0.5982502 , -0.598756 , 0.37397197
0.61120003 , 2.358946 , 0.35981554
0.5493794 , -5.0860295 , 0.39064997
0.5875846 , -2.692406 , 0.3826303
0.6087088 , 0.0059061865 , 0.36849108
0.517653 , -6.8374357 , 0.39166325
0.56297535 , -4.586102 , 0.38818702
0.5998318 , -2.1530912 , 0.37792566
0.62088424 , 0.6259837 , 0.3629235
0.52994776 , -6.339953 , 0.39016265
0.5770312 , -4.0886817 , 0.38508165
0.6124814 , -1.6012869 , 0.37259436
0.6362973 , 1.2588048 , 0.35735372
0.54384744 , -5.853913 , 0.38827932
0.5914784 , -3.5901372 , 0.38127723
0.6258813 , -1.03483 , 0.3668111
0.65716934 , 1.9005982 , 0.35165945
0.5588727 , -5.3770795 , 0.3859154
0.60635513 , -3.08673 , 0.37675458
0.6405944 , -0.453215 , 0.360814
0.5213179 , -7.034068 , 0.38710073
0.57471853 , -4.906638 , 0.38297954
0.6218109 , -2.574947 , 0.3715422
0.6575709 , 0.14205109 , 0.35484782
0.535551 , -6.5671015 , 0.38521737
0.59123003 , -4.439337 , 0.3794054
0.63810885 , -2.051883 , 0.36572886
0.6785016 , 0.7474743 , 0.34906694
0.5515016 , -6.1125097 , 0.3829286
0.6083867 , -3.9717243 , 0.37516093
0.6556404 , -1.5156925 , 0.3594772
0.70607734 , 1.3581029 , 0.34341642
0.56876767 , -5.667961 , 0.38014472
0.6262982 , -3.5004315 , 0.37024802
0.6749915 , -0.9660868 , 0.35302618
0.741086 , 1.9685901 , 0.3375272
0.587041 , -5.23061 , 0.37678868
0.64519644 , -3.022442 , 0.36470014
0.6971299 , -0.40481198 , 0.34666565
0.5411259 , -6.7863746 , 0.37919414
0.60618305 , -4.797309 , 0.37281993
0.665424 , -2.5353427 , 0.358587
0.723818 , 0.16407853 , 0.34065634
0.55933166 , -6.3663898 , 0.37652746
0.62622565 , -4.364922 , 0.36823916
0.6874352 , -2.037608 , 0.3520316
0.7581279 , 0.73444253 , 0.3350827
0.57902974 , -5.957373 , 0.37335625
0.64735806 , -3.9306233 , 0.36307442
0.7118455 , -1.5290008 , 0.34523642
0.80270994 , 1.2990185 , 0.32964537
0.5999119 , -5.5564713 , 0.36962155
0.66990536 , -3.4920838 , 0.35736394
0.7396059 , -1.0111282 , 0.33850276
0.5466072 , -6.9968495 , 0.37213764
0.6218562 , -5.1607013 , 0.3653181
0.69430685 , -3.047561 , 0.35115293
0.7724375 , -0.48809606 , 0.3322042
0.5672889 , -6.614518 , 0.36911887
0.64495283 , -4.7673645 , 0.36048955
0.72110766 , -2.5959916 , 0.344509
0.8135873 , 0.033089295 , 0.32664803
0.5896207 , -6.2441134 , 0.36558476
0.669478 , -4.374346 , 0.35519505
0.75098866 , -2.137205 , 0.33755773
0.8675162 , 0.5430008 , 0.3217635
0.61329454 , -5.8827634 , 0.36149937
0.6958553 , -3.9801893 , 0.34948036
0.78489655 , -1.6724067 , 0.3305431
0.55192983 , -7.1976433 , 0.3641178
0.6382079 , -5.5276866 , 0.35690606
0.7246296 , -3.584029 , 0.34337175
0.82443285 , -1.2050811 , 0.32388976
0.575322 , -6.855923 , 0.36076805
0.66452074 , -5.176742 , 0.35190192
0.7564617 , -3.185511 , 0.33688596
0.8727451 , -0.7422254 , 0.31816643
0.6004974 , -6.527062 , 0.35688382
0.6926025 , -4.8286834 , 0.34657893
0.7921488 , -2.784791 , 0.33005548
0.93556046 , -0.29509276 , 0.31375146
0.6271428 , -6.2081046 , 0.35245922
0.7229732 , -4.4830813 , 0.34099084
0.832705 , -2.3827505 , 0.32299265
0.55703366 , -7.387935 , 0.3552267
0.65518546 , -5.8965073 , 0.34760606
0.7562799 , -4.140112 , 0.3351555
0.8796387 , -1.9817564 , 0.3160268
0.5833794 , -7.089715 , 0.35156515
0.68487394 , -5.5908275 , 0.34248433
0.79330677 , -3.80039 , 0.32906303
0.9357784 , -1.5874367 , 0.30987287
0.6116112 , -6.8051825 , 0.34732693
0.7166755 , -5.290843 , 0.33721158
0.83500546 , -3.464823 , 0.32267922
1.0072106 , -1.2113109 , 0.30553165
0.641397 , -6.531178 , 0.34255344
0.75119627 , -4.9972444 , 0.33184442
0.88255495 , -3.1345143 , 0.31596887
0.5618707 , -7.566967 , 0.34559384
0.67272043 , -6.2654543 , 0.33745754
0.78917146 , -4.7113333 , 0.32640162
0.9375294 , -2.81095 , 0.30901068
0.5914127 , -7.315096 , 0.34163392
0.70594615 , -6.0074773 , 0.33226323
0.83149695 , -4.434858 , 0.32087606
1.0024744 , -2.4973133 , 0.30232435
0.62290543 , -7.077533 , 0.33700788
0.74163675 , -5.758189 , 0.32709333
0.87928003 , -4.169867 , 0.31522334
1.0829674 , -2.2023792 , 0.29734182
0.65597767 , -6.8507056 , 0.3318475
0.78046644 , -5.5194187 , 0.32199666
0.93391734 , -3.9184723 , 0.3093393
0.5664217 , -7.7339973 , 0.33540136
0.6907257 , -6.6328397 , 0.32651478
0.82323843 , -5.293576 , 0.3169998
0.99723923 , -3.68249 , 0.3030634
0.59938204 , -7.5313396 , 0.33114874
0.72765976 , -6.4246206 , 0.32127452
0.8709375 , -5.083575 , 0.31212023
1.0718808 , -3.463376 , 0.29636806
0.634308 , -7.34322 , 0.32604566
0.76742005 , -6.22825 , 0.31621727
0.92479724 , -4.892793 , 0.30735213
1.1627889 , -3.2645438 , 0.2902007
0.6707749 , -7.165358 , 0.32042372
0.810724 , -6.0466194 , 0.3113752
0.9864017 , -4.7248926 , 0.3026349
1.2854308 , -3.1014843 , 0.28802437
0.70909494 , -6.996923 , 0.3148464
0.85842246 , -5.883145 , 0.30678862
1.0578748 , -4.5834484 , 0.29779902
0.6072679 , -7.737896 , 0.32038262
0.7499296 , -6.8402324 , 0.30953804
0.91156447 , -5.741839 , 0.30251187
1.142292 , -4.471164 , 0.29248142
0.645712 , -7.601407 , 0.31459662
0.79395485 , -6.6987033 , 0.30451372
0.9714703 , -5.627366 , 0.29860085
1.2448729 , -4.3887806 , 0.28627795
0.6856406 , -7.4736576 , 0.308405
0.8419061 , -6.576127 , 0.29979038
1.0398407 , -5.545027 , 0.29509574
1.3799016 , -4.3389125 , 0.28123698
0.7277152 , -7.3558836 , 0.30253115
0.89466447 , -6.4767833 , 0.2954285
1.1189629 , -5.500668 , 0.29199997
0.6150849 , -7.93445 , 0.3098303
0.77267414 , -7.252318 , 0.29699293
0.9533211 , -6.4056387 , 0.29152194
1.2121869 , -5.500463 , 0.28924552
0.65692246 , -7.851085 , 0.30292252
0.8211739 , -7.1673265 , 0.2917286
1.0192468 , -6.3684897 , 0.28818312
1.3253477 , -5.5504518 , 0.2865683
0.70040447 , -7.7737584 , 0.29604408
0.8739508 , -7.105385 , 0.28677094
1.0941931 , -6.372079 , 0.28552192
1.4730277 , -5.6546884 , 0.2829865
0.74650174 , -7.7078147 , 0.28955474
0.9319058 , -7.071474 , 0.28223842
1.1804748 , -6.42423 , 0.28366175
0.4341053 , -5.422885 , 0.46375477
0.46083426 , -6.348744 , 0.5036009
0.48978657 , -7.0404963 , 0.4780675
0.52748483 , -7.6910987 , 0.38967377
0.44061905 , -5.7167816 , 0.47936904
0.4675028 , -6.562834 , 0.50353706
0.4974078 , -7.220581 , 0.4621545
0.53817636 , -7.8706975 , 0.36133137
0.44725326 , -5.9862843 , 0.4910267
0.4742807 , -6.7639966 , 0.49965703
0.5052969 , -7.394407 , 0.44268402
0.550356 , -8.050844 , 0.33203843
0.4538429 , -6.2343073 , 0.49899718
0.48114917 , -6.953547 , 0.49193153
0.5135259 , -7.563134 , 0.4199179
0.43173328 , -5.5189233 , 0.46078706
0.4604266 , -6.463515 , 0.5032885
0.4881023 , -7.132827 , 0.48037538
0.5222148 , -7.728009 , 0.39423767
0.4399597 , -5.821445 , 0.47714344
0.46701345 , -6.67576 , 0.5038414
0.49514404 , -7.3029194 , 0.4650713
0.5315632 , -7.8903737 , 0.36623412
0.44704488 , -6.0971665 , 0.48943096
0.47359598 , -6.8730364 , 0.50060296
0.5022995 , -7.4650326 , 0.44618392
0.5418997 , -8.051419 , 0.3370451
0.4537614 , -6.348739 , 0.4979616
0.48015463 , -7.056717 , 0.49349615
0.5096174 , -7.6203423 , 0.42393988
0.43230006 , -5.61237 , 0.45779023
0.46032962 , -6.579089 , 0.50289303
0.48667637 , -7.2283134 , 0.48258838
0.5171778 , -7.7701273 , 0.39873505
0.4405246 , -5.9243464 , 0.47482672
0.4668015 , -6.7900934 , 0.5040496
0.49315068 , -7.388916 , 0.4678898
0.5250902 , -7.91577 , 0.37107888
0.44751364 , -6.207191 , 0.48763338
0.47317594 , -6.984067 , 0.501393
0.49958524 , -7.539818 , 0.44956475
0.5334241 , -8.058411 , 0.3420032
0.4541253 , -6.4630933 , 0.4970512
0.47942415 , -7.1624084 , 0.49506313
0.5060026 , -7.682195 , 0.4279357
0.43637547 , -5.702628 , 0.4541292
0.46057504 , -6.6953187 , 0.5020861
-0.18435708 , -10.546583 , 0.04819279
0.14357927 , -6.996636 , 0.013267171
-0.06577414 , -9.385721 , 0.01879962
-0.3041245 , -11.6957245 , 0.08432405
0.04676679 , -8.174068 , 0.0073981397
-0.17652388 , -10.534373 , 0.041629862
-0.43424186 , -12.868131 , 0.12866576
-0.0573203 , -9.342938 , 0.015653485
-0.29583862 , -11.697097 , 0.07514188
0.056692574 , -8.09075 , 0.0079395585
-0.16818428 , -10.509305 , 0.035808377
-0.4252918 , -12.881828 , 0.117839776
-0.048185077 , -9.28574 , 0.013239193
-0.2870538 , -11.685559 , 0.06673978
0.06752804 , -7.9895177 , 0.009250999
-0.15932338 , -10.471314 , 0.03070821
-0.4157453 , -12.882111 , 0.10738147
-0.03830494 , -9.213374 , 0.011568011
-0.27782008 , -11.661393 , 0.059078697
0.07934845 , -7.8690376 , 0.011299138
-0.14990291 , -10.42016 , 0.026322933
-0.4056507 , -12.869195 , 0.09744248
-0.027608883 , -9.124904 , 0.010659831
-0.26816317 , -11.624862 , 0.052124523
0.092248075 , -7.727805 , 0.014034945
-0.13986735 , -10.355362 , 0.022656566
-0.39508295 , -12.843411 , 0.08813559
-0.016019626 , -9.019138 , 0.010534349
-0.25807342 , -11.576107 , 0.045863423
-0.53290194 , -14.086063 , 0.13174666
-0.12915486 , -10.2761965 , 0.019722328
-0.38412407 , -12.805228 , 0.07947591
-0.003461322 , -8.894682 , 0.011187697
-0.24750921 , -11.515023 , 0.040303167
-0.5205995 , -14.056928 , 0.1219489
-0.117706314 , -10.18166 , 0.017546166
-0.3728243 , -12.755215 , 0.07144652
0.01013641 , -8.749811 , 0.012547807
-0.23641513 , -11.441211 , 0.035465553
-0.5077591 , -14.014796 , 0.11214788
-0.10548537 , -10.07051 , 0.016176792
-0.3611657 , -12.693812 , 0.0640552
0.0248592 , -8.582512 , 0.014301651
-0.2247374 , -11.353924 , 0.031378742
-0.49450472 , -13.960339 , 0.10269138
-0.09251554 , -9.941132 , 0.015700247
-0.34906688 , -12.621124 , 0.057348277
0.0410472 , -8.389541 , 0.0151233
-0.21243072 , -11.252171 , 0.028080737
-0.48091778 , -13.894619 , 0.093670666
0.5469096 , 0.67485523 , 0.24169181
0.48999342 , 0.15855433 , 0.3028572
0.41996664 , -0.48853 , 0.435604
0.5164577 , 0.35431102 , 0.25981277
0.44994673 , -0.2676346 , 0.35237885
0.5368834 , 0.47801867 , 0.23814523
0.47993615 , -0.036203302 , 0.29218084
0.40743706 , -0.7061304 , 0.41676617
0.5069683 , 0.1616401 , 0.25314352
0.43916467 , -0.46844557 , 0.33837014
0.5271444 , 0.28905883 , 0.23591512
0.47023204 , -0.22745472 , 0.28224227
0.39546904 , -0.9194108 , 0.39893493
0.49743208 , -0.026194192 , 0.24710533
0.4288065 , -0.665143 , 0.32512677
0.5181489 , 0.10592728 , 0.23512243
0.4607486 , -0.41461048 , 0.27303234
0.38398445 , -1.1278355 , 0.38203388
0.4879104 , -0.20768744 , 0.2418487
0.4187912 , -0.85716957 , 0.312648
0.33600914 , -1.6021038 , 0.4567033
0.45140716 , -0.59675974 , 0.26454076
0.3729375 , -1.3309363 , 0.36602068
0.4786573 , -0.38199535 , 0.23760502
0.40907255 , -1.044033 , 0.30092666
0.32360855 , -1.8205103 , 0.43537557
0.44220108 , -0.77295756 , 0.2567848
0.36230183 , -1.5282172 , 0.35086474
0.46985957 , -0.5496256 , 0.23447137
0.39962557 , -1.2251035 , 0.28995463
0.3116889 , -2.0327551 , 0.4157132
0.43319824 , -0.9421722 , 0.24983051
0.35206702 , -1.7192396 , 0.33654016
0.46148947 , -0.7110333 , 0.23228766
0.39044905 , -1.399751 , 0.27973142
0.30025616 , -2.2382934 , 0.39733014
0.4245187 , -1.1039143 , 0.24376628
0.34223 , -1.9035054 , 0.32302475
0.45343545 , -0.8664955 , 0.23061615
0.38156277 , -1.5672057 , 0.27027407
0.2893228 , -2.4366589 , 0.38003477
0.41624382 , -1.2579446 , 0.23864196
0.33279574 , -2.0805395 , 0.31030148
0.23201188 , -2.988212 , 0.45423064
0.37301722 , -1.7268562 , 0.26161805
0.2789017 , -2.6273785 , 0.36372107
0.408391 , -1.404387 , 0.23443073
0.3237735 , -2.2497783 , 0.2983627
0.22024487 , -3.1959054 , 0.4325932
0.36486927 , -1.8781601 , 0.25380236
0.2690049 , -2.8100288 , 0.34832233
0.40091747 , -1.5430114 , 0.23102957
0.31518406 , -2.4107096 , 0.28721282
0.20910819 , -3.3952088 , 0.4126535
0.35716543 , -2.0208855 , 0.24684833
0.25964186 , -2.9841511 , 0.3337946
0.39378425 , -1.6735283 , 0.2282641
0.3070537 , -2.5627985 , 0.2768668
0.19861577 , -3.585701 , 0.39405406
0.34991562 , -2.1547678 , 0.24074894
0.25082314 , -3.1493244 , 0.32011053
0.3869602 , -1.7951162 , 0.22591317
0.29941306 , -2.7056713 , 0.26734135
0.1887764 , -3.7669618 , 0.37659362
0.3431099 , -2.2796414 , 0.2354717
0.24255931 , -3.305097 , 0.30725616
0.121104285 , -4.4067817 , 0.4491891
0.29228082 , -2.83897 , 0.2586447
0.17959587 , -3.9386182 , 0.36015216
0.33672243 , -2.3950462 , 0.23096614
0.2348636 , -3.4510956 , 0.29522708
0.110700674 , -4.5966663 , 0.42767856
0.285664 , -2.9624739 , 0.25077096
0.1710768 , -4.100286 , 0.3446562
0.33074075 , -2.5005338 , 0.22716443
0.22774547 , -3.5869467 , 0.284023
0.101072624 , -4.7763085 , 0.4077727
0.2795516 , -3.0758536 , 0.24370235
0.1632211 , -4.2516313 , 0.33006057
0.32515487 , -2.595332 , 0.22398506
0.22121069 , -3.7123823 , 0.2736413
0.09221826 , -4.94537 , 0.38918668
0.27393025 , -3.1788127 , 0.23741563
0.15602799 , -4.3923144 , 0.31633732
0.014696783 , -5.661505 , 0.4648923
0.21525401 , -3.8271034 , 0.26407343
0.08413176 , -5.1035585 , 0.37174004
0.26878273 , -3.2708414 , 0.2318867
0.14949493 , -4.522066 , 0.30346814
0.0054859747 , -5.838818 , 0.44200712
0.20986481 , -3.9308684 , 0.2553045
0.076803684 , -5.250585 , 0.355321
0.2641027 , -3.351465 , 0.2270924
0.14361356 , -4.6406093 , 0.29143828
-0.0028528725 , -6.0046983 , 0.42085913
0.20502503 , -4.0233226 , 0.24731599
0.070222616 , -5.3862076 , 0.33985972
0.2598836 , -3.4199958 , 0.22301486
0.13837178 , -4.7477217 , 0.2802327
-0.010333184 , -6.1589007 , 0.40120333
0.20071921 , -4.1041284 , 0.24008983
0.06437323 , -5.5101867 , 0.32531083
0.25612894 , -3.4758546 , 0.21965751
0.13375063 , -4.843135 , 0.2698344
-0.016973212 , -6.3012285 , 0.38280508
0.19693084 , -4.1727953 , 0.23361105
0.059237845 , -5.6223264 , 0.31164208
-0.1059364 , -7.1159286 , 0.4551727
0.12972994 , -4.926601 , 0.2602247
-0.022794785 , -6.431487 , 0.36551338
0.19365147 , -4.228864 , 0.22787052
0.054793693 , -5.722416 , 0.29882804
-0.11258794 , -7.265183 , 0.43293086
0.12628648 , -4.9977775 , 0.25138468
-0.027822595 , -6.549522 , 0.34923294
0.19087161 , -4.2717247 , 0.2228721
0.051016103 , -5.81027 , 0.28684565
-0.11833539 , -7.4019203 , 0.4123203
0.12340045 , -5.056327 , 0.24329658
-0.032084785 , -6.655175 , 0.33390164
0.1885886 , -4.3008456 , 0.21864966
0.047876682 , -5.8856525 , 0.27567315
-0.12320772 , -7.526032 , 0.39305988
0.12105183 , -5.101796 , 0.23594496
-0.0356117 , -6.7483163 , 0.31947616
0.18679456 , -4.315548 , 0.21529078
0.04534744 , -5.9483333 , 0.26528907
-0.1272375 , -7.6374135 , 0.37496525
0.11922653 , -5.1337476 , 0.22931874
-0.038436845 , -6.828794 , 0.3059232
-0.22746068 , -8.550318 , 0.44356894
0.04339903 , -5.9980016 , 0.25567243
-0.13045996 , -7.7359877 , 0.3579215
0.11791008 , -5.1516237 , 0.22341792
-0.040594794 , -6.8964663 , 0.29321495
-0.23115297 , -8.667039 , 0.42219508
0.042005308 , -6.0343375 , 0.24680251
-0.13291335 , -7.8216724 , 0.34185538
0.11709426 , -5.1549053 , 0.21827121
-0.04212207 , -6.9511456 , 0.28132638
-0.2339697 , -8.770612 , 0.40221786
0.04114033 , -6.0569243 , 0.23865877
-0.13463737 , -7.894401 , 0.326717
0.116768844 , -5.142952 , 0.21397233
-0.043054648 , -6.9926367 , 0.27023324
-0.23595071 , -8.861012 , 0.3834243
0.040783074 , -6.0653334 , 0.23122112
-0.1356737 , -7.954086 , 0.31246927
-0.346717 , -9.851167 , 0.4522337
-0.043429237 , -7.0206738 , 0.25991115
-0.23713812 , -8.938235 , 0.36569172
0.040914126 , -6.059021 , 0.22447303
-0.13606505 , -8.000644 , 0.2990822
-0.34806898 , -9.945406 , 0.43047464
-0.043280184 , -7.034963 , 0.25033438
-0.23757654 , -9.00227 , 0.3489469
0.041521102 , -6.0374365 , 0.21841303
-0.13585576 , -8.033951 , 0.28652874
-0.34857363 , -10.026171 , 0.41000652
-0.04264035 , -7.035109 , 0.24147485
-0.2373118 , -9.053115 , 0.33314195
0.042594638 , -5.9999056 , 0.21308792
-0.13509034 , -8.053866 , 0.27478215
-0.3482727 , -10.093505 , 0.39066827
-0.04153738 , -7.0206685 , 0.23330137
-0.23639175 , -9.090763 , 0.3182419
0.044134293 , -5.9457655 , 0.20867315
-0.13381417 , -8.060176 , 0.26381326
-0.34721097 , -10.147472 , 0.3723486
-0.039994486 , -6.9910665 , 0.22577892
-0.23486567 , -9.115201 , 0.30421796
-0.46828723 , -11.227098 , 0.43677413
-0.1320702 , -8.052611 , 0.25358886
-0.34543514 , -10.188131 , 0.35499516
-0.038025398 , -6.9456654 , 0.21887107
-0.23278615 , -9.126391 , 0.2910432
-0.46624565 , -11.282869 , 0.41617125
-0.12989819 , -8.030781 , 0.24407095
-0.34299397 , -10.21556 , 0.3385772
-0.035635892 , -6.88368 , 0.21255253
-0.23020715 , -9.124259 , 0.2786876
-0.4634442 , -11.325105 , 0.39651522
-0.12733018 , -7.9941926 , 0.23521608
-0.33993948 , -10.229838 , 0.3230716
-0.032817364 , -6.8042717 , 0.20685774
-0.22718355 , -9.108643 , 0.2671147
-0.45992288 , -11.353925 , 0.37774506
-0.124389954 , -7.942191 , 0.22697398
-0.33632848 , -10.231057 , 0.308457
-0.029547952 , -6.7064595 , 0.2020772
-0.22376609 , -9.07928 , 0.25627917
-0.45572585 , -11.369466 , 0.3598706
-0.121088944 , -7.873993 , 0.21928324
-0.33222437 , -10.2192745 , 0.29470792
-0.5860991 , -12.530228 , 0.42046297
-0.2199982 , -9.035746 , 0.24612764
-0.28547361 , -9.737633 , 0.23871721
-0.52765495 , -12.21582 , 0.33158094
-0.17727177 , -8.383958 , 0.20497757
-0.39750636 , -10.956178 , 0.27300897
-0.66316783 , -13.442813 , 0.38693538
-0.27998486 , -9.649644 , 0.22908272
-0.51992416 , -12.175483 , 0.31597275
-0.17204218 , -8.24513 , 0.19741188
-0.3909612 , -10.8899355 , 0.26106235
-0.654134 , -13.412002 , 0.36827943
-0.2742795 , -9.544965 , 0.21987009
-0.5118511 , -12.123255 , 0.3012763
-0.16651097 , -8.084058 , 0.18936373
-0.38426545 , -10.809892 , 0.2497296
-0.6444402 , -13.36872 , 0.3504472
-0.26839662 , -9.422161 , 0.21097204
-0.5035577 , -12.059189 , 0.28742748
-0.78949964 , -14.639593 , 0.40754083
-0.37748024 , -10.715103 , 0.23891708
-0.63417387 , -13.3137 , 0.33358926
-0.26241577 , -9.279606 , 0.20224988
-0.49513957 , -11.982959 , 0.274342
-0.7776343 , -14.591453 , 0.38849434
-0.37070116 , -10.6042795 , 0.22853611
-0.62349635 , -13.247675 , 0.31773424
-0.25658166 , -9.115341 , 0.19357166
-0.48664892 , -11.893909 , 0.26193655
-0.76477784 , -14.530649 , 0.36961347
0.46493044 , -1.036387 , 0.12390143
0.30143952 , -3.5709293 , 0.11943499
0.12740366 , -5.962194 , 0.11284631
-0.06494761 , -8.184357 , 0.09613257
0.17455272 , -4.207009 , 0.30721095
-0.1556431 , -8.420524 , 0.29799175
-0.49925548 , -12.501594 , 0.2857714
0.5482848 , 0.36877018 , 0.12724407
0.75484496 , -9.143638 , 0.18746954
0.90440327 , -10.658589 , 0.06468575
0.7013329 , -8.41737 , 0.2648396
0.8355259 , -9.90996 , 0.12342786
1.0079997 , -11.547315 , 0.024789944
0.77093303 , -9.139959 , 0.19248158
0.9309882 , -10.773933 , 0.06909279
0.7126024 , -8.351494 , 0.26872846
0.8561289 , -9.959868 , 0.12837699
1.0405145 , -11.72122 , 0.0281885
0.7863629 , -9.125823 , 0.19749033
0.95683235 , -10.880223 , 0.073576845
1.1635331 , -12.734654 , 0.00769658
0.8760414 , -10.000038 , 0.13335037
1.0722828 , -11.88676 , 0.031712245
0.801116 , -9.101173 , 0.20251086
0.9819517 , -10.977396 , 0.07813489
1.2018672 , -12.961599 , 0.009525359
0.895273 , -10.030329 , 0.13835168
1.1033151 , -12.043847 , 0.03535809
0.8151821 , -9.066171 , 0.20754738
1.0063592 , -11.06535 , 0.08276437
1.2394683 , -13.18083 , 0.011330503
0.91382563 , -10.050704 , 0.14338665
1.1336187 , -12.192371 , 0.039122798
0.8285676 , -9.020855 , 0.21259248
1.0300626 , -11.144026 , 0.087464005
1.2763357 , -13.392199 , 0.013333954
0.93170303 , -10.061073 , 0.14846188
1.1631979 , -12.3322525 , 0.043003317
0.84128034 , -8.965447 , 0.21762982
1.0530703 , -11.213326 , 0.09223348
1.312466 , -13.595585 , 0.015526877
0.9489054 , -10.061466 , 0.15358311
1.1920564 , -12.4633875 , 0.046996795
0.85334194 , -8.899988 , 0.2226365
1.0753875 , -11.273213 , 0.0970739
