1.1603484 , -1.8477186 , 0.5085719
1.2433984 , -1.4546419 , 0.4082429
1.2891471 , -1.044473 , 0.29622212
1.3256192 , -0.8345923 , 0.15592492
1.2277746 , -1.3304466 , 0.3232923
1.205712 , -1.674179 , 0.4537041
1.3422744 , -0.6661363 , 0.07500885
1.3365186 , -0.62393844 , 0.07659505
0.29927927 , -4.6938906 , 0.04001935
0.209418 , -5.132217 , 0.012344609
1.2856958 , -0.811237 , 0.039286155
0.47570124 , -3.853043 , 0.005836817
0.69119805 , -2.9791157 , 0.005466147
0.9141485 , -1.9818602 , -0.0022050503
1.2190152 , -0.9491677 , 0.08841627
0.88183254 , -2.1127272 , 0.085181855
1.2797053 , -0.63301784 , 0.027297558
1.2835238 , -0.6374739 , 0.029727401
1.3763455 , -0.6796562 , 0.041040435
0.38866448 , -4.197429 , 0.0033572607
0.8122678 , -2.4464426 , 0.080859244
0.6172798 , -3.3648489 , 0.07471045
0.43407494 , -4.232117 , 0.073630296
0.33168775 , -4.775977 , 0.064205036
0.9333646 , -1.8939576 , -0.0055070603
1.1698616 , -1.0298741 , 0.089081936
0.8633311 , -2.1999052 , 0.08190158
0.6625841 , -3.1534612 , 0.07416868
1.2816881 , -0.4926054 , 0.024981463
1.3540324 , -0.71968484 , 0.03902255
0.44038087 , -3.9716911 , 0.0019479762
0.6561283 , -3.1156251 , 0.0029886882
0.57304746 , -3.5619366 , 0.071353436
0.38962558 , -4.4245343 , 0.06873215
0.31215772 , -4.9125924 , 0.06214649
1.3968931 , -0.64719534 , 0.04519669
1.0659065 , -1.3236278 , 0.086976945
0.81175935 , -2.4476461 , 0.07692671
0.6176979 , -3.3542578 , 0.070470445
0.4354919 , -4.2018147 , 0.06807914
1.257703 , -0.789011 , 0.035714447
0.4916458 , -3.7539032 , 0.0008597474
0.708222 , -2.8997087 , -0.0001375091
0.9339387 , -1.8968753 , -0.009285927
0.31405896 , -4.557381 , 0.18095961
0.29183146 , -5.0500145 , 0.06109525
1.3455967 , -0.6939752 , 0.035834797
0.43948767 , -3.9490159 , -0.0010974817
0.6478451 , -3.2116733 , 0.06823331
0.46507537 , -4.0470276 , 0.06619357
0.30044365 , -4.656301 , 0.02932303
0.22787228 , -4.9009256 , 0.0044471873
1.3101046 , -0.47426432 , 0.06370407
1.3066473 , -0.44872236 , 0.06307981
0.28635025 , -4.482056 , -0.0082175825
0.5170459 , -3.6400754 , -0.00065299834
0.7344111 , -2.7897167 , -0.0029429009
0.57733977 , -3.4050045 , -0.0014035113
0.7964297 , -2.5275626 , -0.0062088943
1.037711 , -1.4214482 , -0.01816591
0.5521513 , -3.6343312 , 0.06399941
0.36435747 , -4.463093 , 0.0581908
0.30503646 , -4.9262824 , 0.05698743
1.2656388 , -0.75315696 , 0.03186494
0.48197865 , -3.7591975 , -0.0029579906
0.76081014 , -2.6785152 , -0.0058557075
1.038207 , -1.4217238 , -0.019584006
0.96542865 , -1.7167399 , 0.078744896
0.7162157 , -2.8945422 , 0.06609878
0.501878 , -3.8578224 , 0.062227815
0.3012523 , -4.5972524 , 0.027578248
0.23892061 , -4.7755404 , 0.0012075675
0.4817158 , -3.752345 , -0.003890128
0.6116841 , -3.2651577 , -0.0034957686
0.868979 , -2.2086368 , -0.0117182145
1.2219933 , -0.835634 , 0.08227518
0.85251474 , -2.2502978 , 0.07134024
0.62592673 , -3.2977884 , 0.06216468
0.41640475 , -4.2426987 , 0.05978216
0.31398058 , -4.842462 , 0.054589752
1.2874734 , -0.5219072 , 0.023383996
1.2918682 , -0.5341468 , 0.021237737
0.89697725 , -2.082734 , -0.014301222
1.2110783 , -0.83377683 , -0.022351298
0.9642353 , -1.7198195 , 0.076560736
0.74705154 , -2.7505221 , 0.064623915
0.56008214 , -3.5846167 , 0.059851073
0.37643772 , -4.390263 , 0.0570925
0.22963183 , -4.785615 , -0.0011538343
0.2096861 , -4.9359193 , -0.00036736144
0.29357958 , -4.990639 , 0.05466202
1.3095162 , -0.569366 , 0.013845511
0.9947741 , -2.804409 , -0.19279686
1.1063406 , -2.860027 , -0.24719527
1.2605834 , -4.473697 , -0.23821895
1.131883 , -3.7270238 , -0.2394452
1.1327605 , -3.86811 , -0.17908593
1.1311429 , -1.9571625 , -0.03926736
1.3325604 , -0.5965185 , 0.057505816
1.2456589 , -4.766356 , -0.105817124
1.2763115 , -2.1084545 , -0.07048513
1.2114031 , -3.718357 , -0.094794534
1.0721515 , -3.8847845 , -0.12090025
1.2584822 , -2.6335902 , -0.07897019
1.1795404 , -3.9369059 , -0.101034716
1.004574 , -3.5529122 , -0.13097084
1.1370689 , -1.7445505 , -0.025159003
1.3285136 , -0.64302355 , -0.008004771
1.2704787 , -2.1156216 , -0.070731066
1.1805341 , -3.897779 , -0.10025781
1.0096382 , -3.5893283 , -0.1294215
1.1205828 , -3.7150793 , -0.23877838
1.2917633 , -1.3307762 , -0.051581927
1.2351329 , -3.1045852 , -0.085857965
1.1363671 , -3.9950297 , -0.10810843
1.2728908 , -1.8291085 , -0.0650813
1.2114456 , -3.4924996 , -0.09194241
1.0869484 , -3.915144 , -0.11604232
1.1081247 , -2.5607579 , -0.07897282
1.220147 , -0.8900087 , 0.035476804
1.2857383 , -1.3488148 , -0.05227094
1.2111901 , -3.4333053 , -0.091222174
1.0903795 , -3.9151826 , -0.11494286
1.0628264 , -2.969401 , -0.25040716
1.312589 , -0.77503145 , -0.024421325
1.2510911 , -2.3468277 , -0.07502162
1.179279 , -3.7564132 , -0.09812322
1.288666 , -1.1219289 , -0.04410357
1.2316245 , -2.831118 , -0.0825881
1.143892 , -3.8993037 , -0.10461691
1.1015027 , -3.251325 , -0.13098142
1.1349007 , -1.5754392 , -0.011574433
1.302469 , -0.79951197 , -0.026813364
1.2304953 , -2.762796 , -0.08171237
1.1454096 , -3.869818 , -0.10379463
0.94457173 , -3.3003888 , -0.13308327
1.2338535 , -0.81312996 , 0.048918054
1.263986 , -1.5827402 , -0.059303384
1.2062069 , -3.243865 , -0.089123346
1.2936637 , -0.7218514 , -0.018757636
1.2451776 , -2.07413 , -0.07039565
1.1803855 , -3.5651486 , -0.09518839
1.1035035 , -3.6923537 , -0.17603214
1.0972822 , -2.356177 , -0.065009564
1.219407 , -0.8392345 , 0.050152093
1.2556146 , -1.5987108 , -0.059795428
1.1990346 , -3.229908 , -0.089338295
1.0894799 , -3.845258 , -0.1121883
0.93464655 , -2.570463 , -0.22316611
1.1051936 , -3.827935 , -0.21899752
1.0918913 , -3.2233999 , -0.13129488
1.1220537 , -1.607336 , -0.011737853
1.2745165 , -0.8519828 , -0.031152738
1.2522116 , -1.4233702 , -0.054993775
1.1998582 , -3.0529606 , -0.086898364
1.1012583 , -3.82473 , -0.10929069
0.8199759 , -2.8341575 , -0.14124478
1.2402152 , -1.6882071 , -0.06214454
1.1851946 , -3.2594037 , -0.09052109
1.0729811 , -3.7808666 , -0.11357484
1.0147625 , -2.613979 , -0.26147363
1.2284454 , -1.960798 , -0.06832401
1.1692392 , -3.4325092 , -0.09406365
1.0412023 , -3.6880665 , -0.118096925
0.16280012 , 0.5498473 , -0.17691678
0.8026348 , -1.1794614 , -0.25131696
0.56703955 , -0.29238382 , -0.24190721
0.3404521 , 0.3685387 , -0.21868637
0.24651189 , 0.12609099 , -0.19427274
0.26374277 , -2.689983 , -0.084683016
0.219775 , -1.2509754 , -0.13630086
0.15235525 , 0.07725404 , -0.17779054
0.25952595 , -0.06937496 , -0.19120038
0.2561288 , -2.4594672 , -0.09347201
0.2082143 , -1.0243415 , -0.14382192
0.13789873 , 0.27278832 , -0.18257128
0.27188367 , -0.27010727 , -0.18683442
0.24787849 , -2.2261086 , -0.1020747
0.19611101 , -0.80103433 , -0.15113439
0.12378507 , 0.45878106 , -0.18539456
0.28355306 , -0.47564423 , -0.1813596
0.23900849 , -1.9912412 , -0.11049128
0.18348227 , -0.5817857 , -0.15822704
0.19319095 , 0.5479587 , -0.18706806
0.29454222 , -0.6858642 , -0.17484409
0.22762626 , -1.6980131 , -0.12073489
0.16751347 , -0.31547627 , -0.16671526
0.21663275 , 0.3261755 , -0.1934099
0.30783075 , -0.9559195 , -0.16528034
0.36347458 , -2.4015965 , -0.09510376
0.3708754 , -3.8171544 , 0.0010597165
0.2670895 , -3.9203107 , -0.03357304
0.24854194 , -2.5196369 , -0.09130807
0.2088827 , -1.2899607 , -0.13458093
0.14277709 , 0.043090317 , -0.17775354
0.24221744 , -0.003760913 , -0.19087699
0.3233615 , -1.3442453 , -0.1492091
0.19774462 , -1.0609217 , -0.14222315
0.12843935 , 0.23676638 , -0.18318762
0.2553769 , -0.20119843 , -0.1871017
0.33146656 , -1.5728354 , -0.13870716
0.18610668 , -0.83592206 , -0.14969356
0.11389099 , 0.41985852 , -0.18718067
0.26764202 , -0.40416548 , -0.18214035
0.33871773 , -1.805542 , -0.12725107
0.17400567 , -0.6156699 , -0.15697666
0.14002626 , 0.5880114 , -0.18203253
0.2791623 , -0.61256105 , -0.17607433
0.34504572 , -2.0420637 , -0.114864655
0.16150744 , -0.4011262 , -0.16408892
0.19644651 , 0.42102626 , -0.19016795
0.29000375 , -0.8262883 , -0.16891235
0.35037214 , -2.2815604 , -0.101932205
0.14871211 , -0.19296046 , -0.17082117
0.21280316 , 0.24372916 , -0.19197185
0.3001872 , -1.0455588 , -0.16066802
0.24834202 , -3.478446 , -0.055670615
0.21778256 , -1.978537 , -0.11080386
0.16400708 , -0.5497929 , -0.15897922
0.18026996 , 0.54299396 , -0.18262367
0.27489263 , -0.65374434 , -0.1741307
0.34053802 , -2.0982015 , -0.11159751
0.36215305 , -3.5974638 , -0.018534387
0.25285703 , -4.2445602 , -0.021518724
0.13774769 , 0.5730671 , -0.18591292
0.36050615 , -3.4292295 , -0.030440703
0.33280247 , -1.9155124 , -0.121009186
0.26327553 , -0.49112326 , -0.17880143
0.20319219 , -0.36978623 , -0.17782362
0.29208818 , -2.1993089 , -0.10445892
0.11108553 , 0.37935108 , -0.18804227
0.18654792 , -1.1499763 , -0.13862813
0.24933836 , -3.8839428 , -0.03840032
0.18203323 , -3.9915898 , -0.04606878
0.12000062 , -0.8466366 , -0.14427266
0.055392988 , 0.4987607 , -0.18595603
0.13058051 , 0.67361873 , -0.17253079
0.11219321 , 1.482911 , -0.32079357
0.017621296 , 2.5052152 , -0.4582604
-0.14208505 , 3.2010229 , -0.5362627
-0.032398082 , 2.177466 , -0.4017335
0.05547028 , 1.1572505 , -0.26583293
0.12338355 , 1.3594087 , -0.30306885
0.24845868 , -4.598615 , 0.49638185
0.24880761 , -4.5943637 , 0.4939968
0.22295961 , -4.7001953 , 0.4915924
0.16836922 , -4.9137354 , 0.48653305
0.21173115 , -4.8251843 , 0.5405068
0.24052022 , -4.7088437 , 0.538302
0.25780484 , -4.5320253 , 0.47823086
0.23350008 , -4.6418095 , 0.47647968
0.20657714 , -4.7516007 , 0.47505364
0.20638633 , -4.8259125 , 0.52632064
0.074469045 , 0.58312106 , -0.1830776
0.16289271 , 0.5951188 , -0.18078685
0.08437245 , 0.6205638 , -0.18127386
0.06628186 , 0.63591796 , -0.18395567
0.04867191 , 0.6532853 , -0.18633384
0.13710725 , 0.68953884 , -0.18969318
0.1517511 , 0.698476 , -0.18664561
0.16350879 , 0.7099625 , -0.18278018
0.061581068 , 0.74021065 , -0.19483383
0.0400987 , 1.546265 , -0.31949893
-0.06731731 , 2.6087973 , -0.4581244
-0.0008254424 , 1.0271316 , -0.24070352
0.063569374 , 0.7654745 , -0.19918
0.11940657 , 0.77359164 , -0.20236915
0.12513803 , -5.3984385 , 0.8081669
0.1955883 , -5.2093816 , 0.8863301
0.25267687 , -4.749194 , 0.6027949
0.13040014 , -5.2245708 , 0.62891996
0.15772419 , -4.971478 , 0.5015435
0.26030362 , -4.6396503 , 0.5409149
0.26921657 , -4.7548323 , 0.67100877
0.2608835 , -4.5580993 , 0.5058824
0.25456452 , -4.7742753 , 0.6340714
0.27254367 , -4.7299924 , 0.6602699
0.2833153 , -4.5047984 , 0.5130967
0.1607887 , 0.8356037 , -0.2163223
-0.0017037892 , 1.886576 , -0.36455712
0.078826405 , 0.8743715 , -0.22220585
0.15002243 , 0.66416544 , -0.1831977
-0.10337298 , 2.907848 , -0.49801335
0.000225972 , 1.8843704 , -0.36453494
0.07955303 , 0.87379855 , -0.22235295
0.26644647 , -4.820512 , 0.73563707
0.28001148 , -4.630895 , 0.6010861
0.26323482 , -4.6629868 , 0.57143426
0.2700556 , -4.7968297 , 0.72501814
0.28168836 , -4.604311 , 0.5904787
0.12587026 , 0.63146883 , -0.17129819
-0.044748995 , 2.372741 , -0.42821547
0.04651738 , 1.3545612 , -0.2941943
0.2843965 , -4.4547887 , 0.50617784
0.14124559 , 1.1930113 , -0.27898642
0.040087998 , 2.3705194 , -0.4424724
-0.12743235 , 3.1494825 , -0.53091335
-0.0032644484 , 1.9614465 , -0.37512776
0.086183056 , 0.79507405 , -0.20800632
0.2610924 , -4.7519374 , 0.6392143
0.24308023 , -4.9477143 , 0.7866936
0.265703 , -4.860823 , 0.78309315
0.28139165 , -4.6539974 , 0.6281528
0.26291254 , -4.903764 , 0.8239826
0.27818364 , -4.7350755 , 0.6929277
0.2825407 , -4.528358 , 0.5586665
0.103351176 , 0.6987971 , -0.17774056
0.15082836 , -4.4303656 , 0.5155668
0.17207865 , 0.80255276 , -0.20947137
0.105945 , 1.7855853 , -0.3673734
0.0053449366 , 2.8079169 , -0.50068665
-0.08241657 , 2.8488796 , -0.49260354
0.020510072 , 1.8259894 , -0.35899928
0.09775937 , 0.83722496 , -0.21701019
0.27790183 , -4.65663 , 0.61286014
0.26561034 , -4.825697 , 0.7422422
0.27263948 , -4.885279 , 0.84912014
0.28805596 , -4.7201967 , 0.7201202
0.29805407 , -4.529361 , 0.5865126
0.2820242 , -4.610014 , 0.58671194
0.2714255 , -4.7825885 , 0.716937
0.27160564 , -4.908622 , 0.8735236
0.28799438 , -4.743334 , 0.746798
0.29916194 , -4.563554 , 0.6129186
0.29824775 , -4.3646016 , 0.4963674
0.15496872 , 1.1841981 , -0.28026685
0.07092906 , 2.1901515 , -0.42150405
-0.03937296 , 3.2171214 , -0.55430204
-0.036358535 , 2.4356768 , -0.43879226
0.057084408 , 1.4213622 , -0.304996
0.32494268 , -4.3936505 , 0.50864035
0.17405702 , 0.913104 , -0.23371813
0.099635296 , 1.9027014 , -0.38397142
-0.004020413 , 2.926858 , -0.51661456
-0.064608894 , 2.721015 , -0.4763412
0.03580714 , 1.700034 , -0.34287056
0.283548 , -4.4470396 , 0.49919006
0.2823036 , -4.658578 , 0.6285467
0.26901233 , -4.8246202 , 0.7571352
0.2801358 , -4.844481 , 0.8343894
0.29490122 , -4.6795726 , 0.7041842
0.30186263 , -4.484809 , 0.5717009
0.2866977 , -4.6126785 , 0.6023177
0.275038 , -4.7816653 , 0.7321175
0.27930015 , -4.8672295 , 0.8591128
0.2949766 , -4.70332 , 0.7309915
0.3062587 , -4.519117 , 0.59740865
0.15890579 , 0.63044125 , -0.17654936
0.15120043 , 1.2991635 , -0.29900268
0.0633721 , 2.3080933 , -0.43747765
-0.09147027 , 3.3366165 , -0.5649953
-0.019461306 , 2.3079238 , -0.42278194
0.07152227 , 1.2986753 , -0.28835988
0.3092753 , -4.3608875 , 0.50335443
0.17250784 , 1.0256002 , -0.25511384
0.093011044 , 2.0197618 , -0.400312
-0.013683064 , 3.0461977 , -0.532646
-0.046992395 , 2.5929391 , -0.46017647
0.051014733 , 1.5751714 , -0.3266201
0.29154474 , -4.4634347 , 0.5139871
0.2866614 , -4.6593237 , 0.6442492
0.2723917 , -4.8235326 , 0.7718318
0.28759244 , -4.803913 , 0.8194622
0.3018432 , -4.6389713 , 0.68821603
0.3185244 , -4.427381 , 0.5563302
1.0758227 , -1.9133488 , 0.62118214
1.0906023 , -1.8125298 , 0.7545577
1.085967 , -1.7837951 , 0.8427006
1.0722725 , -1.8845638 , 0.70955306
1.0475439 , -1.9939854 , 0.5555133
0.4530389 , -4.231287 , 0.89169085
0.67407185 , -3.3576097 , 0.8927712
0.89175814 , -2.505441 , 0.89044124
1.0370613 , -2.0790431 , 0.5041572
0.877976 , -2.6155033 , 0.5334771
0.67965996 , -3.2385561 , 0.5422926
0.48078212 , -3.8945425 , 0.54642177
1.043621 , -1.9452121 , 0.82858086
0.8323238 , -2.737351 , 0.82468104
0.60584754 , -3.603549 , 0.8227445
0.37912157 , -4.469416 , 0.8236902
0.41880342 , -4.0543456 , 0.4935679
0.62762815 , -3.3945055 , 0.49117872
0.8307319 , -2.7591703 , 0.4875631
1.0264971 , -2.19913 , 0.47736692
0.9390794 , -2.4330375 , 0.5266568
0.74342763 , -3.0329716 , 0.53853303
0.5445221 , -3.6819005 , 0.5434785
0.34066427 , -4.3501678 , 0.547971
0.51250774 , -3.7608783 , 0.4910356
0.7171822 , -3.109393 , 0.4880725
0.9192989 , -2.5003207 , 0.48331967
1.0286564 , -2.14531 , 0.5039847
0.85458726 , -2.6868887 , 0.53161484
0.6558298 , -3.3151577 , 0.5394192
0.4569894 , -3.970278 , 0.5431232
0.3928873 , -4.129517 , 0.49039134
0.60331595 , -3.4713123 , 0.48815027
0.8064221 , -2.8324814 , 0.4847951
1.0045753 , -2.2637112 , 0.47663426
0.9610854 , -2.3692808 , 0.5208439
0.7673928 , -2.9566894 , 0.53420895
0.5684321 , -3.6010683 , 0.5394697
0.36762547 , -4.2600975 , 0.5429936
0.48778418 , -3.836908 , 0.4879522
0.6929265 , -3.185483 , 0.48510805
0.89521635 , -2.5696323 , 0.48104477
1.0424731 , -2.1000423 , 0.48429808
0.8781856 , -2.6162267 , 0.5268084
0.67975664 , -3.236503 , 0.5353338
0.48106337 , -3.8877568 , 0.5390371
0.36630076 , -4.203616 , 0.4871519
0.5789851 , -3.54791 , 0.48511535
0.7821337 , -2.9064376 , 0.48197272
0.9817848 , -2.3281498 , 0.47574937
0.98213315 , -2.308561 , 0.5148436
0.7913485 , -2.8814583 , 0.52985877
0.59231365 , -3.5209837 , 0.53549457
0.3928865 , -4.1741095 , 0.538439
0.46291625 , -3.9122682 , 0.4848624
0.6686952 , -3.2617397 , 0.4821277
0.87104136 , -2.6397974 , 0.4786109
1.0519572 , -2.1211395 , 0.4677159
0.9015636 , -2.5474408 , 0.5219654
0.70370305 , -3.158561 , 0.5312452
0.50502366 , -3.806386 , 0.5350469
0.3386045 , -4.2761593 , 0.48377797
0.55462134 , -3.6241868 , 0.48207456
0.75787675 , -2.9809737 , 0.4791005
0.9584698 , -2.3931098 , 0.4744306
1.0017005 , -2.2516878 , 0.5089079
0.8152732 , -2.8074064 , 0.52548933
0.6161849 , -3.44155 , 0.53154314
0.41739053 , -4.0905595 , 0.5342329
0.43785128 , -3.986791 , 0.48176977
0.64447886 , -3.3380554 , 0.479133
0.8468182 , -2.710869 , 0.47602656
1.0384614 , -2.1783092 , 0.46859348
0.9246184 , -2.4808235 , 0.51713043
0.72767335 , -3.0813658 , 0.527152
0.5289139 , -3.7259212 , 0.53112406
0.30787075 , -4.3458624 , 0.48021868
0.53020763 , -3.7000208 , 0.47902933
0.7336554 , -3.0560012 , 0.47618523
0.9348121 , -2.458958 , 0.47265494
1.0189271 , -2.2000904 , 0.5036879
0.8391436 , -2.734692 , 0.52111286
0.640065 , -3.3627043 , 0.5276076
0.44155085 , -4.0086923 , 0.5302176
0.4125107 , -4.060256 , 0.47868773
0.62027186 , -3.414318 , 0.47612652
0.8225845 , -2.7828429 , 0.4733135
1.0180643 , -2.236371 , 0.46890908
0.9471775 , -2.4167557 , 0.5123742
0.7516514 , -3.0049858 , 0.5230539
0.5527546 , -3.64618 , 0.52724874
0.3518666 , -4.287241 , 0.5287955
0.50571436 , -3.7752755 , 0.47598398
0.7094556 , -3.131412 , 0.4732357
0.91091305 , -2.5258915 , 0.4704938
1.0320593 , -2.1565409 , 0.5000832
0.86295867 , -2.6635056 , 0.5167448
0.6639909 , -3.2844126 , 0.52368015
0.4655489 , -3.9280543 , 0.52631336
0.38677213 , -4.1323457 , 0.47565773
0.5960848 , -3.4904115 , 0.47311357
0.7983935 , -2.8556721 , 0.47049946
0.99608886 , -2.295803 , 0.46800205
0.96896744 , -2.3557382 , 0.5077794
0.7755883 , -2.9295154 , 0.51894736
0.57654214 , -3.5670266 , 0.52340186
0.377189 , -4.2054043 , 0.524728
0.4810962 , -3.8498 , 0.47295073
0.68524355 , -3.2070923 , 0.47026443
0.8868063 , -2.594008 , 0.46804115
1.043696 , -2.1267848 , 0.48367047
0.88669485 , -2.5941062 , 0.5123906
0.68798923 , -3.2066875 , 0.51974565
0.48947147 , -3.848342 , 0.5224679
0.36038017 , -4.2025304 , 0.4727916
0.57191503 , -3.5661998 , 0.4701083
0.7742726 , -2.9292572 , 0.46761897
0.9734219 , -2.3567493 , 0.4662751
0.98979366 , -2.298413 , 0.50337565
0.7995357 , -2.8550336 , 0.5148082
0.6003423 , -3.488333 , 0.5195536
0.40173283 , -4.1251035 , 0.5208694
0.45636776 , -3.923442 , 0.46996891
0.6610723 , -3.282954 , 0.46729854
0.86264426 , -2.6633828 , 0.46539995
1.0467337 , -2.1641119 , 0.46872768
0.38307995 , 0.274815 , -0.22564809
0.6129326 , -0.43750507 , -0.24565792
0.84753454 , -1.3591633 , -0.25281563
1.0101092 , -2.325789 , -0.25257906
0.81855196 , -1.218813 , -0.2534948
0.5837539 , -0.32318035 , -0.2452267
0.3559774 , 0.35711908 , -0.22282249
0.8211864 , -2.0575252 , -0.15577604
0.65253204 , -1.0060169 , -0.17550683
0.43347052 , -0.15296409 , -0.1803845
0.21762064 , 0.46066627 , -0.17804363
0.2336752 , 0.43814886 , -0.179096
0.45035693 , -0.19772853 , -0.18136631
0.667333 , -1.063082 , -0.1760909
0.8237027 , -2.1246219 , -0.15326977
0.89029235 , -1.5221299 , -0.25451973
0.65786654 , -0.5727185 , -0.2502166
0.42508122 , 0.18384029 , -0.23327427
0.20786478 , 0.62415224 , -0.18270993
0.32487553 , 0.20907068 , -0.18210554
0.5465229 , -0.5383096 , -0.18127644
0.7498311 , -1.4801896 , -0.17168392
0.9964936 , -2.1154208 , -0.25198045
0.7883486 , -1.0631981 , -0.2550465
0.5533918 , -0.19651508 , -0.24568695
0.32743606 , 0.4479508 , -0.22003841
0.20761043 , 0.52086884 , -0.17961481
0.42121536 , -0.07570942 , -0.18381882
0.6395004 , -0.91251534 , -0.17988874
0.80996823 , -1.9296426 , -0.1618239
0.91312194 , -1.6015421 , -0.25571635
0.683996 , -0.6423217 , -0.25349954
0.45035756 , 0.13628125 , -0.23835722
0.23246326 , 0.62837285 , -0.19094841
0.29732972 , 0.31195343 , -0.18387026
0.51747966 , -0.40384278 , -0.18430609
0.7243908 , -1.3156159 , -0.17658073
1.0014302 , -2.1987143 , -0.25350782
0.81361616 , -1.1386638 , -0.25730506
0.57917905 , -0.25786287 , -0.24971697
0.35084566 , 0.4161382 , -0.22661933
0.18233107 , 0.594986 , -0.18005425
0.39222604 , 0.04218796 , -0.18626422
0.6113299 , -0.76619726 , -0.18354483
0.79216534 , -1.7456423 , -0.16940868
0.9346219 , -1.6788208 , -0.2566771
0.7099388 , -0.7125973 , -0.25658977
0.47569168 , 0.08559076 , -0.24327219
0.25568452 , 0.62180084 , -0.20336646
0.2701691 , 0.40948194 , -0.18562528
0.48842683 , -0.27318105 , -0.18727951
0.69833887 , -1.1566454 , -0.18116829
0.7994342 , -2.2154799 , -0.14895743
0.83823776 , -1.2131449 , -0.2593527
0.6051228 , -0.32093135 , -0.25358462
0.37495494 , 0.37972718 , -0.23298018
0.1584928 , 0.6585979 , -0.18111576
0.3636202 , 0.15584944 , -0.18869229
0.58287895 , -0.6239179 , -0.18707716
0.77147704 , -1.5705984 , -0.17598307
0.9541534 , -1.7534103 , -0.25765985
0.73565286 , -0.7830718 , -0.2595014
0.5011363 , 0.032198127 , -0.2480213
0.27857637 , 0.6069169 , -0.21489218
0.2435256 , 0.50094074 , -0.18747258
0.45940453 , -0.14635271 , -0.19020228
0.67171955 , -1.002601 , -0.18549141
0.8089909 , -2.0126657 , -0.1639169
0.86204934 , -1.2860551 , -0.26122048
0.63107973 , -0.3853044 , -0.2572914
0.3994751 , 0.3392719 , -0.23905599
0.1358857 , 0.7080018 , -0.18441927
0.3353938 , 0.26500598 , -0.19113725
0.55425596 , -0.48550135 , -0.19050413
0.7489636 , -1.4028505 , -0.18180494
0.970302 , -1.8247706 , -0.2592502
0.7610422 , -0.85324323 , -0.26223797
0.5267387 , -0.023529327 , -0.25259438
0.3017461 , 0.58532053 , -0.22426389
0.2176489 , 0.5854555 , -0.189678
0.43049717 , -0.023426618 , -0.19309603
0.64458114 , -0.8530184 , -0.1895932
0.800646 , -1.8241719 , -0.17399403
0.88483393 , -1.3567992 , -0.26296708
0.6569622 , -0.4505412 , -0.26083177
0.42428458 , 0.29527152 , -0.24483362
0.20742583 , 0.73227435 , -0.19719444
0.30758122 , 0.3692839 , -0.19367057
0.52552766 , -0.35084683 , -0.1938488
0.7251516 , -1.241202 , -0.1870685
0.98001283 , -1.8928392 , -0.2624294
0.7859791 , -0.92257583 , -0.2648054
0.5524562 , -0.08120489 , -0.25698254
0.32531017 , 0.55807155 , -0.23244801
0.1927018 , 0.66177756 , -0.19272083
0.40177223 , 0.09546968 , -0.19599493
0.6170226 , -0.7075549 , -0.19351563
0.78578675 , -1.6461458 , -0.18184282
0.8849012 , -0.71089196 , -0.3398208
0.70180833 , 1.3999404 , -0.445292
0.31828815 , 3.3361766 , -0.54423994
0.54773843 , 1.2305601 , -0.41180632
0.72629166 , -0.8816029 , -0.26042762
-0.044125635 , 3.270245 , -0.5627421
0.110855035 , 3.2261336 , -0.5632762
0.23234351 , 3.2796233 , -0.5557911
0.29572645 , 3.3862722 , -0.5466124
0.7324684 , -1.2486447 , -0.19167283
0.53850615 , -0.36445025 , -0.19817957
0.32154843 , 0.3656367 , -0.19858456
0.12532267 , 0.77131075 , -0.1999977
0.3955911 , 3.3057983 , -0.5458371
0.25813848 , 3.2333658 , -0.5600133
0.09181364 , 3.2463348 , -0.5697417
0.2380257 , 0.73888606 , -0.21666256
0.45735767 , 0.2369845 , -0.25253865
0.6908107 , -0.5319997 , -0.26569253
0.91238153 , -1.4384503 , -0.26569095
0.77923906 , -1.579856 , -0.1848895
0.6072329 , -0.6536226 , -0.19532171
0.39186215 , 0.13943738 , -0.19747408
0.18436673 , 0.68955266 , -0.1947769
0.33286846 , 0.55264467 , -0.23549238
0.56065446 , -0.095273785 , -0.25882974
0.79369915 , -0.9385153 , -0.26601732
0.9796507 , -1.9045267 , -0.2646505
1.0064882 , -3.2215343 , -0.14054604
0.99250096 , -3.1319408 , -0.141232
0.9334082 , -2.6107168 , -0.2052116
0.9389308 , -2.8715708 , -0.14073713
0.9206424 , -2.7826557 , -0.14118746
0.9775536 , -2.6500654 , -0.19429496
0.9208994 , -2.3846262 , -0.3019435
1.1259422 , -2.806619 , -0.2564737
1.1367444 , -2.832235 , -0.25935563
0.9192005 , -2.4182422 , -0.20591289
1.1792351 , -3.0311985 , -0.2622088
1.1871535 , -3.0561697 , -0.26449218
0.9564631 , -2.4479058 , -0.21012898
1.125803 , -3.2584324 , -0.20980963
1.01641 , -3.1667852 , -0.15454416
0.89494425 , -2.2136059 , -0.2135692
0.9743923 , -2.899157 , -0.15707707
0.9603851 , -2.8067348 , -0.15911883
0.90819174 , -2.24436 , -0.21731484
0.9073738 , -2.5341005 , -0.15996441
0.88991624 , -2.4390352 , -0.1617876
0.9432214 , -2.2759001 , -0.22187515
0.87953496 , -2.053965 , -0.22475019
1.1015115 , -2.4657323 , -0.2827643
0.54574656 , 3.4821591 , -0.5417181
1.0161827 , -0.6482639 , -0.37297848
0.7530382 , 1.8778585 , -0.47449338
0.59223074 , 2.658604 , -0.5067629
0.8205924 , 0.4577427 , -0.4039258
1.0115641 , -1.8014294 , -0.3055927
0.5996996 , 1.489394 , -0.44027746
0.8395065 , -1.082229 , -0.28723982
0.80243826 , -1.5240501 , -0.22268052
0.6157105 , 0.7246739 , -0.38252497
0.38556582 , 2.9202468 , -0.5199943
0.6861091 , 1.7864866 , -0.46635327
0.89676297 , -0.4275879 , -0.36341915
0.8107337 , -1.691722 , -0.20887613
0.63019454 , 0.5530258 , -0.37063032
0.40427527 , 2.7459247 , -0.5099591
0.66545033 , 1.9634382 , -0.4746128
0.87819076 , -0.23932959 , -0.37124506
0.81784004 , -1.8597254 , -0.19474559
0.644244 , 0.3822711 , -0.3586168
0.42260224 , 2.5723588 , -0.49970785
0.6446944 , 2.1392503 , -0.4828093
0.8596957 , -0.052898806 , -0.37919205
0.82371014 , -2.0297008 , -0.18033114
0.6578415 , 0.21246126 , -0.34649962
0.44054782 , 2.399525 , -0.48925596
0.62382823 , 2.3139875 , -0.49091527
0.8412156 , 0.13192588 , -0.38723856
1.01708 , -2.1066015 , -0.2871777
0.67095774 , 0.04376706 , -0.3342725
0.45811367 , 2.227407 , -0.47861892
0.6028395 , 2.4877157 , -0.49890512
0.822713 , 0.31511515 , -0.39536822
0.99537826 , -1.8993342 , -0.29528433
0.68356204 , -0.12379463 , -0.3219413
0.4020096 , -4.2556615 , 0.30612254
0.61260426 , -3.460627 , 0.30706203
0.8279379 , -2.6600668 , 0.3068466
1.0647441 , -1.8657827 , 0.30624613
0.45238253 , -4.0591216 , 0.3110077
0.6636 , -3.2679074 , 0.31171325
0.88123006 , -2.4769094 , 0.3116382
1.1260651 , -1.6890227 , 0.30998334
0.50300497 , -3.8648336 , 0.3158684
0.71473473 , -3.0793815 , 0.31631562
0.93598324 , -2.2959983 , 0.31650665
0.34571186 , -4.4366674 , 0.31973788
0.5536678 , -3.6731718 , 0.32067665
0.7661463 , -2.895022 , 0.32093135
0.9926455 , -2.1168134 , 0.32127973
0.3948011 , -4.2455688 , 0.3245116
0.6043297 , -3.4845505 , 0.32541898
0.8180823 , -2.714356 , 0.32562068
1.0512277 , -1.9397738 , 0.3257036
0.44504628 , -4.0567737 , 0.32931125
0.6550076 , -3.2993224 , 0.3300971
0.87089944 , -2.5365973 , 0.33040527
1.1107397 , -1.766279 , 0.3295228
0.49551386 , -3.870423 , 0.33410454
0.7057744 , -3.117691 , 0.33472964
0.9250047 , -2.3609588 , 0.33523452
0.33911914 , -4.4182444 , 0.3381225
0.54595166 , -3.6866927 , 0.33887592
0.7567805 , -2.9396358 , 0.33935016
0.9806954 , -2.187041 , 0.3399718
0.3879692 , -4.234549 , 0.34279227
0.5963145 , -3.5057266 , 0.34361446
0.8082672 , -2.7648866 , 0.34399447
1.037837 , -2.0151253 , 0.344409
0.438065 , -4.0533686 , 0.34749818
0.64663213 , -3.3276324 , 0.34830785
0.86055285 , -2.592988 , 0.34867883
1.0955288 , -1.8462229 , 0.34831974
0.48834494 , -3.8747592 , 0.35222173
0.69699395 , -3.1525047 , 0.352947
0.9139669 , -2.4234526 , 0.3533774
0.33279344 , -4.4005613 , 0.35645747
0.5385221 , -3.698672 , 0.3569606
0.74755603 , -2.9804175 , 0.35753292
0.96869534 , -2.2559574 , 0.3580064
0.38142464 , -4.2239866 , 0.36100903
0.58855224 , -3.5249567 , 0.36170188
0.79854363 , -2.8114016 , 0.36207548
1.0244881 , -2.0905166 , 0.3624187
0.4313782 , -4.0501356 , 0.36561304
0.63848233 , -3.35349 , 0.36641237
0.8502331 , -2.6454275 , 0.3665855
1.0803996 , -1.9275522 , 0.3664262
0.48145315 , -3.8789568 , 0.3702704
0.8693011 , -2.6359737 , 0.4324096
1.079528 , -2.0497673 , 0.43035212
0.51134664 , -3.7491324 , 0.43898246
0.71256965 , -3.1149325 , 0.43938747
0.9191398 , -2.4981418 , 0.4355879
0.35638672 , -4.2078347 , 0.44417584
0.5596617 , -3.5994527 , 0.44403043
0.76134855 , -2.962948 , 0.443543
0.968768 , -2.3682823 , 0.43869343
0.4068661 , -4.060488 , 0.44817507
0.6078393 , -3.448135 , 0.44897035
0.8102693 , -2.8144553 , 0.44734383
1.0172589 , -2.2448986 , 0.4422701
0.4560689 , -3.9163468 , 0.45284393
0.65604204 , -3.2958343 , 0.45369917
0.859235 , -2.6713362 , 0.45073465
1.0624102 , -2.122163 , 0.44698706
0.5044035 , -3.7715988 , 0.45795733
0.704349 , -3.1436603 , 0.45816648
0.90800905 , -2.5356812 , 0.45368698
0.34904888 , -4.225513 , 0.46346474
0.5523562 , -3.6243293 , 0.46310458
0.7527764 , -2.992969 , 0.4623303
0.9561303 , -2.40942 , 0.4562996
0.40025875 , -4.08223 , 0.46728486
0.60023236 , -3.4746702 , 0.46807298
0.80127037 , -2.8453379 , 0.46614316
1.0027285 , -2.2929647 , 0.4590873
0.44925913 , -3.9418442 , 0.47216547
0.6481698 , -3.323588 , 0.47279814
0.84967124 , -2.7025747 , 0.46955147
1.045768 , -2.1816027 , 0.46335602
0.49721122 , -3.7990818 , 0.4774745
0.69621825 , -3.172287 , 0.47724846
0.89764374 , -2.5667193 , 0.47249898
0.34096777 , -4.25334 , 0.48324656
0.54486746 , -3.652672 , 0.48266083
0.7443683 , -3.022096 , 0.4813891
0.94455796 , -2.440019 , 0.47494033
0.3932997 , -4.1136193 , 0.4869476
0.5925191 , -3.5034604 , 0.48759726
0.79254043 , -2.8744702 , 0.4851773
0.98930264 , -2.3247187 , 0.4769692
0.4419904 , -3.9752405 , 0.4922635
0.64025986 , -3.3526313 , 0.4922604
0.8405461 , -2.7309892 , 0.48856404
1.0298078 , -2.2209997 , 0.4796526
0.48962417 , -3.8321748 , 0.49769416
0.6881133 , -3.2013867 , 0.49662215
0.8880135 , -2.5933156 , 0.49149305
0.3320674 , -4.2934604 , 0.5035082
0.5370999 , -3.6849554 , 0.50283366
0.73605376 , -3.0509567 , 0.5006397
0.93424916 , -2.4631438 , 0.4938986
0.6853977 , -3.1135373 , 0.10947689
0.89706594 , -2.1633306 , 0.1110554
0.3366316 , -4.8260593 , 0.119817175
0.5321667 , -3.8684847 , 0.11603462
0.73455346 , -2.8809571 , 0.114327654
0.9541082 , -1.9702942 , 0.11739105
0.3825503 , -4.5981793 , 0.12386413
0.58045363 , -3.631717 , 0.120471954
0.7841624 , -2.6547468 , 0.11968294
1.0173446 , -1.7891293 , 0.12300981
0.43010488 , -4.3674746 , 0.12791035
0.6288588 , -3.396502 , 0.12510459
0.8348309 , -2.438072 , 0.12559345
1.0885642 , -1.613471 , 0.12754408
0.4778081 , -4.1349497 , 0.13210514
0.67738944 , -3.1641562 , 0.12998852
0.8876004 , -2.2332819 , 0.13185625
1.1644834 , -1.4384449 , 0.13115378
0.5255743 , -3.90183 , 0.13650759
0.7261529 , -2.9364562 , 0.13521768
0.9439186 , -2.040215 , 0.13800704
0.37707475 , -4.6092587 , 0.14422563
0.57343465 , -3.6693835 , 0.14113453
0.7754429 , -2.7156093 , 0.14086297
1.0054114 , -1.8556837 , 0.14359662
0.42406103 , -4.3826747 , 0.1485751
0.62140566 , -3.4389205 , 0.14600329
0.82582825 , -2.503722 , 0.14688033
1.0733234 , -1.6754054 , 0.1485202
0.4714608 , -4.1551776 , 0.15299068
0.66952753 , -3.211897 , 0.15114978
0.8781916 , -2.3017793 , 0.1530454
1.1453671 , -1.4969707 , 0.15294941
0.51892257 , -3.9275856 , 0.15756434
0.7179303 , -2.989974 , 0.15661408
0.93366134 , -2.1087608 , 0.15902291
0.37151703 , -4.6107445 , 0.16500516
0.5664357 , -3.7009933 , 0.16234984
0.7669059 , -2.7748485 , 0.16239442
0.99344754 , -1.921931 , 0.16458169
0.41787767 , -4.3891807 , 0.16960315
0.61403847 , -3.4766908 , 0.16738178
0.81696284 , -2.5677419 , 0.16839132
1.0584524 , -1.7385665 , 0.16974217
0.46498683 , -4.167615 , 0.17421758
0.661802 , -3.256104 , 0.17268348
0.86882734 , -2.368724 , 0.17439899
1.1271206 , -1.5578039 , 0.17465985
0.5122001 , -3.946553 , 0.17894505
0.70987487 , -3.040686 , 0.1782557
0.92337465 , -2.1764178 , 0.18019512
0.36586154 , -4.604246 , 0.18605164
0.5594343 , -3.7268736 , 0.1838533
0.7585355 , -2.8316538 , 0.1840485
0.5778251 , -3.5704303 , 0.32517537
0.77451277 , -2.8814058 , 0.3248506
0.9806742 , -2.192263 , 0.32401642
0.43045634 , -4.0748167 , 0.33084506
0.62451446 , -3.4049475 , 0.32992062
0.82275003 , -2.7206018 , 0.32987714
1.0309398 , -2.0366101 , 0.32815027
0.47693464 , -3.9105053 , 0.335717
0.6715096 , -3.2409377 , 0.33469793
0.8713754 , -2.5635316 , 0.33485132
1.0809431 , -1.8827282 , 0.33187836
0.5233468 , -3.7483943 , 0.34046054
0.71885276 , -3.0787609 , 0.33955207
0.9202903 , -2.4103987 , 0.33965626
0.37524024 , -4.235767 , 0.3458597
0.5698507 , -3.5875816 , 0.34508526
0.76654655 , -2.9191115 , 0.34450537
0.9692247 , -2.2608614 , 0.34412572
0.4219343 , -4.074839 , 0.35082728
0.61658436 , -3.4274526 , 0.34967017
0.8145517 , -2.7629182 , 0.3495541
1.0175227 , -2.113826 , 0.34808427
0.46851993 , -3.9170272 , 0.35568604
0.6636147 , -3.267983 , 0.35430387
0.86276674 , -2.6111932 , 0.35464928
1.0646868 , -1.9675215 , 0.3513804
0.5150059 , -3.761121 , 0.36032864
0.71096 , -3.1097155 , 0.3590488
0.91098225 , -2.4647121 , 0.35965607
0.36564 , -4.2344303 , 0.36559904
0.5616114 , -3.6057339 , 0.36480412
0.75860614 , -2.9536161 , 0.36394295
0.9587877 , -2.323435 , 0.3643192
0.412818 , -4.0790725 , 0.37067074
0.6084581 , -3.4500947 , 0.3692431
0.8064973 , -2.8009686 , 0.36900577
1.0054017 , -2.1858182 , 0.3682942
0.4596062 , -3.927178 , 0.3755293
0.655581 , -3.2942958 , 0.3737574
0.8545002 , -2.6532724 , 0.3742237
1.0498607 , -2.0485373 , 0.37126446
0.50626063 , -3.7767377 , 0.3800575
0.7029811 , -3.1390815 , 0.37841257
0.9023332 , -2.5119772 , 0.37949768
0.3550341 , -4.239475 , 0.38519818
0.55306596 , -3.625828 , 0.38438606
0.75064063 , -2.9856157 , 0.3832493
0.94944346 , -2.377812 , 0.38455206
0.40296414 , -4.0889287 , 0.39044377
0.6001055 , -3.4736755 , 0.3887064
0.79850686 , -2.835385 , 0.3883005
0.99483347 , -2.2495487 , 0.38886365
0.45008725 , -3.9422889 , 0.39529815
0.6473811 , -3.320612 , 0.39313477
0.84645236 , -2.6901653 , 0.3935875
1.0370046 , -2.1226568 , 0.3917758
0.49705082 , -3.7963521 , 0.3996833
0.6948866 , -3.1675873 , 0.39772364
0.894191 , -2.5519142 , 0.3990852
0.34311506 , -4.252437 , 0.4047221
0.5441815 , -3.6487243 , 0.40387735
0.7426107 , -3.0158806 , 0.40250576
0.9411104 , -2.4223394 , 0.40462095
0.39219376 , -4.1059327 , 0.41022515
0.5915011 , -3.498912 , 0.40811795
0.7905149 , -2.8670313 , 0.40751427
0.9859937 , -2.3016129 , 0.4096573
0.43985406 , -3.9637654 , 0.41502622
0.6389906 , -3.3475988 , 0.41249338
0.8384979 , -2.7228436 , 0.41278508
1.0267017 , -2.1856265 , 0.41309425
0.48733422 , -3.8209946 , 0.41922665
0.6866519 , -3.1959023 , 0.41702974
0.886324 , -2.5853832 , 0.41834798
0.32936332 , -4.2749715 , 0.4242533
0.5349353 , -3.675155 , 0.4233239
0.73448855 , -3.0451345 , 0.42174485
0.9334613 , -2.456891 , 0.42419332
0.38027558 , -4.131833 , 0.43011117
0.58262086 , -3.5264246 , 0.4275305
0.7824806 , -2.8967745 , 0.42666075
0.9787104 , -2.3392973 , 0.43010458
0.42882195 , -3.9930637 , 0.43471125
0.6303842 , -3.375849 , 0.4318712
0.8305555 , -2.752475 , 0.43180242
1.0194287 , -2.231813 , 0.43502557
0.47710145 , -3.851487 , 0.43872207
0.6782515 , -3.224628 , 0.43633974
0.8785373 , -2.6140552 , 0.43719652
1.0498179 , -2.1236122 , 0.4362311
0.525312 , -3.705674 , 0.44281343
0.7262474 , -3.0740254 , 0.44092965
0.9260388 , -2.4834824 , 0.44287974
0.36691064 , -4.168937 , 0.45020884
0.5734391 , -3.5567188 , 0.44703948
0.77437186 , -2.9253817 , 0.44563174
0.9721934 , -2.3629375 , 0.44893855
0.4170033 , -4.031489 , 0.45428932
0.621532 , -3.4058616 , 0.4513583
0.8225777 , -2.7801049 , 0.4504179
1.014805 , -2.2550511 , 0.45548144
0.46637526 , -3.8882887 , 0.45832434
0.66965026 , -3.2542734 , 0.4557421
0.87073 , -2.6396227 , 0.4552301
1.0464078 , -2.160065 , 0.4605219
0.5153021 , -3.7406538 , 0.4625492
0.71784884 , -3.103076 , 0.46013403
0.9185495 , -2.5052085 , 0.4598753
0.31743667 , -4.761649 , 0.06436661
0.3245743 , -4.8345866 , 0.17585067
0.3282021 , -4.5303154 , 0.29958484
0.32582757 , -4.307058 , 0.41987252
0.31896108 , -4.8587856 , 0.08933517
0.3228936 , -4.787158 , 0.2053777
0.32650837 , -4.465392 , 0.32873815
0.3185794 , -4.308046 , 0.44915697
0.31850973 , -4.9057393 , 0.11524544
0.32137838 , -4.7250934 , 0.23527019
0.32421175 , -4.4098997 , 0.3575912
0.3074771 , -4.3347306 , 0.47924992
0.31710756 , -4.913614 , 0.14249359
0.31998557 , -4.6549096 , 0.26513544
0.32090545 , -4.368196 , 0.3863159
0.30690157 , -4.7880125 , 0.059942495
0.3153808 , -4.8908224 , 0.17101406
0.3185729 , -4.5828047 , 0.29472598
0.31604022 , -4.3441396 , 0.4151519
0.31001338 , -4.8965263 , 0.08502107
0.31365928 , -4.844783 , 0.20044021
0.3169119 , -4.5145497 , 0.32395098
0.3087196 , -4.341401 , 0.44439125
0.30990168 , -4.9518747 , 0.11080507
0.31207967 , -4.7825146 , 0.23030628
0.3146973 , -4.4553723 , 0.35285947
0.29675955 , -4.3641267 , 0.4744404
0.3085019 , -4.965712 , 0.13785839
0.31063604 , -4.710801 , 0.26020303
0.31154892 , -4.409884 , 0.38161018
0.30168027 , -4.809727 , 0.05556068
0.30666813 , -4.9467154 , 0.16620234
0.30920953 , -4.636136 , 0.28985777
0.3069959 , -4.3821206 , 0.41043654
0.30312198 , -4.9312654 , 0.08071981
0.30481002 , -4.9025207 , 0.19551662
0.30758953 , -4.5645995 , 0.31915456
0.30043557 , -4.3758035 , 0.43963024
0.30237466 , -4.996097 , 0.10639748
0.3031042 , -4.84039 , 0.22534542
0.3054921 , -4.501729 , 0.34812117
0.29127383 , -4.3950114 , 0.4695959
0.30059364 , -5.016711 , 0.13325983
0.30156997 , -4.7673836 , 0.25526565
0.30257833 , -4.452424 , 0.37690073
0.29904208 , -4.826169 , 0.051235616
0.2984629 , -5.0021462 , 0.16142021
0.30010673 , -4.6903005 , 0.28498045
0.29848203 , -4.4209437 , 0.40571734
0.29772264 , -4.9625897 , 0.07646201
0.29635808 , -4.9602914 , 0.19061066
0.29852015 , -4.615541 , 0.31434837
0.29289025 , -4.4111223 , 0.43485284
0.29577634 , -5.038133 , 0.10203343
0.2944555 , -4.8986692 , 0.22039022
0.29654583 , -4.5489697 , 0.3433746
0.285868 , -4.427041 , 0.46467468
0.2933294 , -5.0664253 , 0.1287039
0.29278305 , -4.8246303 , 0.250325
0.29387817 , -4.495801 , 0.37218532
0.2729284 , -4.507282 , 0.49569166
0.2260089 , -5.5394273 , 0.094158575
0.20498525 , -5.4514756 , 0.21121946
0.20108263 , -4.9911685 , 0.33458582
0.18701124 , -4.845468 , 0.45561725
0.3126188 , -4.9719462 , 0.079658076
0.31722495 , -4.937974 , 0.09024766
0.2743586 , -5.291793 , 0.094493814
0.2803011 , -5.250368 , 0.103370264
0.28678724 , -5.1953406 , 0.112796865
0.29406327 , -5.1258087 , 0.12269666
0.24589953 , -5.5053887 , 0.12788115
0.25328267 , -5.428593 , 0.13675572
0.26176116 , -5.341101 , 0.14589514
0.27151537 , -5.243926 , 0.15525599
0.28279683 , -5.138501 , 0.16474995
0.2267301 , -5.533002 , 0.17014341
0.23769484 , -5.420695 , 0.17911077
0.24981996 , -5.3033934 , 0.18825482
0.26325127 , -5.182288 , 0.19754185
0.2783074 , -5.0585294 , 0.20694399
0.21520609 , -5.442444 , 0.21242093
0.22961614 , -5.312585 , 0.221526
0.24496162 , -5.182287 , 0.23075096
0.26147205 , -5.0522747 , 0.24007516
0.19501512 , -5.41683 , 0.24567242
0.21152985 , -5.2814884 , 0.25476223
0.22856028 , -5.148106 , 0.2639331
0.24633648 , -5.0170846 , 0.2731706
0.26510024 , -4.8887477 , 0.28246066
0.19592127 , -5.222476 , 0.28769252
0.21434426 , -5.09135 , 0.296794
0.23314251 , -4.9639215 , 0.3059384
0.25251737 , -4.8402724 , 0.31511822
0.27267754 , -4.7204328 , 0.32431874
0.20227945 , -5.025227 , 0.32927155
0.22179325 , -4.905171 , 0.3383725
0.24156865 , -4.789358 , 0.34750754
0.2617239 , -4.6776304 , 0.35666284
0.19205874 , -4.964091 , 0.361566
0.2118703 , -4.8542976 , 0.3707447
0.23179795 , -4.7485714 , 0.3799691
0.25182757 , -4.6465907 , 0.3892192
0.27197537 , -4.548112 , 0.3984562
0.20262066 , -4.825638 , 0.4035647
0.22240059 , -4.7312455 , 0.41306895
0.24220997 , -4.639602 , 0.42259768
0.26192144 , -4.550474 , 0.43208352
0.28130868 , -4.4639335 , 0.4414478
0.21208602 , -4.750939 , 0.4474294
0.23161419 , -4.669227 , 0.45741552
0.2511678 , -4.588705 , 0.4673388
0.2704239 , -4.5097156 , 0.47711703
0.19857588 , -4.817803 , 0.48318577
0.21788968 , -4.7452383 , 0.49351808
0.23749366 , -4.673657 , 0.50393873
0.25730038 , -4.6036863 , 0.5144972
0.25864422 , -4.88448 , 0.018671535
0.2117756 , -5.22915 , 0.022577489
0.22730969 , -5.2040186 , 0.030489715
0.2438135 , -5.166595 , 0.037929613
0.260733 , -5.114406 , 0.044713423
0.2774022 , -5.046355 , 0.051181965
0.22458467 , -5.4230604 , 0.056562405
0.24143049 , -5.3500195 , 0.06429333
0.25839075 , -5.2654324 , 0.07200653
0.2753437 , -5.170353 , 0.079852514
0.21964529 , -5.5633326 , 0.08455055
0.23648474 , -5.4608274 , 0.09330806
0.25330645 , -5.3514485 , 0.102219425
0.27019426 , -5.2364554 , 0.11131182
0.2874655 , -5.117149 , 0.12061932
0.22952795 , -5.5070643 , 0.12575915
0.24630643 , -5.380972 , 0.13558707
0.26309884 , -5.253139 , 0.14553659
0.28019708 , -5.124442 , 0.15560047
0.29800826 , -4.9956675 , 0.16576742
0.2376124 , -5.3635015 , 0.17133316
0.25440037 , -5.229608 , 0.18170911
0.27135012 , -5.0973353 , 0.19211192
0.28878465 , -4.967126 , 0.20252642
0.2272354 , -5.3112035 , 0.20832363
0.24411888 , -5.1772614 , 0.21877378
0.2609666 , -5.04661 , 0.2291875
0.2781049 , -4.9194293 , 0.23955521
0.29580978 , -4.7958364 , 0.24986948
0.23211612 , -5.1093583 , 0.25584012
0.2488512 , -4.984695 , 0.26604664
0.26574987 , -4.86425 , 0.27618024
0.28301018 , -4.7479343 , 0.28624365
0.30084231 , -4.635634 , 0.29624128
0.23459296 , -4.9252343 , 0.3021914
0.25126934 , -4.814364 , 0.31199005
0.2682268 , -4.7075405 , 0.32173175
0.28552 , -4.604506 , 0.33144006
0.21753386 , -4.8828316 , 0.33737546
0.23395889 , -4.783423 , 0.34679425
0.25076234 , -4.687313 , 0.35619485
0.2678427 , -4.5941505 , 0.36563557
0.28500924 , -4.5038037 , 0.37517723
0.21295652 , -4.785631 , 0.380593
0.22972135 , -4.700373 , 0.38968122
0.24685779 , -4.6166835 , 0.398911
0.26403874 , -4.5346303 , 0.40838182
0.28051746 , -4.454694 , 0.41818893
0.204679 , -4.7582316 , 0.42284164
0.22183521 , -4.68347 , 0.43210247
0.2389862 , -4.6096544 , 0.4415646
0.25563896 , -4.537218 , 0.4512446
0.17717537 , -4.8605976 , 0.45790535
1.3486633 , -0.75736743 , 0.080562465
1.349789 , -0.8832785 , 0.075649425
1.3337882 , -0.59301513 , 0.07948723
1.3329401 , -0.671251 , 0.080478676
1.3316963 , -0.74352455 , 0.08230087
1.3254024 , -0.8100857 , 0.089089856
1.3180866 , -0.8715188 , 0.09734136
1.3083475 , -0.9285672 , 0.10816254
1.2984548 , -0.9820449 , 0.119466096
1.2879213 , -1.0326821 , 0.13168456
1.2773968 , -1.0811195 , 0.1440693
1.2668334 , -1.1279069 , 0.15679708
1.2563453 , -1.1735276 , 0.16949308
1.2460839 , -1.2184156 , 0.18222994
1.3121262 , -0.8967888 , 0.18636613
1.3026797 , -0.9412711 , 0.19907022
1.2931844 , -0.9867068 , 0.21178876
1.2837155 , -1.0331362 , 0.22429116
1.274311 , -1.0805867 , 0.2366422
1.2649888 , -1.1290739 , 0.24872041
1.2557542 , -1.1786045 , 0.26058903
1.2466031 , -1.2291757 , 0.27218604
1.2375251 , -1.280777 , 0.2835651
1.2285044 , -1.3333902 , 0.29469964
1.2195293 , -1.3869936 , 0.3056247
1.2105757 , -1.4415646 , 0.31633323
1.2751542 , -1.144969 , 0.32130265
1.2658099 , -1.2059048 , 0.33149236
1.2563827 , -1.2672246 , 0.34157616
1.2468753 , -1.3287596 , 0.35153338
1.2372745 , -1.3903555 , 0.36141083
1.2275915 , -1.4518701 , 0.37117794
1.2177873 , -1.5131673 , 0.38092154
1.2078763 , -1.5741197 , 0.3905976
1.1978028 , -1.634601 , 0.40032443
1.1875527 , -1.6944857 , 0.41007063
1.1771123 , -1.7536402 , 0.41993546
1.1664628 , -1.8119146 , 0.42987263
1.2275932 , -1.5617709 , 0.43031278
1.2178838 , -1.6152191 , 0.44049272
1.2071303 , -1.6658301 , 0.45046213
1.1970298 , -1.7136908 , 0.46163803
1.1859473 , -1.7587351 , 0.47243145
1.1755116 , -1.8008708 , 0.48434067
1.164182 , -1.8396703 , 0.49627614
1.2786537 , -0.65809613 , 0.020682143
1.2781938 , -0.7634592 , 0.01776612
1.2805626 , -0.86520267 , 0.01566802
1.2768949 , -0.95427144 , 0.021449933
1.2714186 , -1.0305552 , 0.02936608
1.3006477 , -0.7235747 , 0.03374027
1.300694 , -0.7826655 , 0.03913302
1.2987453 , -0.83798665 , 0.04602373
1.2932379 , -0.8902666 , 0.05624627
1.286391 , -0.94016224 , 0.06714435
1.2782674 , -0.9882128 , 0.07929726
1.2693725 , -1.0348765 , 0.09165814
1.2599719 , -1.080556 , 0.10451946
1.2501119 , -1.125612 , 0.11736829
1.2400558 , -1.1703722 , 0.13034254
1.2297513 , -1.2151266 , 0.14312908
1.2193474 , -1.2601314 , 0.15579934
1.288898 , -0.9384409 , 0.1589304
1.2781942 , -0.9860535 , 0.17121072
1.2674365 , -1.0349123 , 0.18354352
1.2566674 , -1.0849707 , 0.19577542
1.2459217 , -1.1361803 , 0.20790707
1.2352194 , -1.1884892 , 0.21986106
1.2245698 , -1.2418425 , 0.23164581
1.2139767 , -1.2961819 , 0.24322505
1.2034376 , -1.351446 , 0.2545987
1.1929375 , -1.4075712 , 0.26575413
1.1824636 , -1.4644923 , 0.2766719
1.1719717 , -1.5221412 , 0.28734568
1.2358129 , -1.2389753 , 0.28980035
1.2249357 , -1.3021001 , 0.3006475
1.214344 , -1.3649721 , 0.3114062
1.203992 , -1.4274179 , 0.32197195
1.1938668 , -1.4892793 , 0.33240533
1.1839303 , -1.5504149 , 0.34260774
1.174176 , -1.6106951 , 0.35270497
1.164513 , -1.6700025 , 0.36262634
1.1549689 , -1.7282254 , 0.37253723
1.145402 , -1.785243 , 0.3823839
1.1359541 , -1.8409295 , 0.3923167
1.1265363 , -1.8951248 , 0.40222773
1.1976146 , -1.6413883 , 0.41421574
1.1904858 , -1.6850771 , 0.42493513
1.1833766 , -1.725558 , 0.43544316
1.1767173 , -1.7627969 , 0.44623694
1.3089522 , -0.5375452 , 0.05504753
0.5074847 , -2.0564778 , -0.12497284
0.6992687 , -2.3124897 , -0.13191536
0.892773 , -2.7458124 , -0.13961352
0.36977604 , -1.8895056 , -0.124759585
0.5519304 , -2.0620105 , -0.12968296
0.7453177 , -2.380518 , -0.13760743
0.94134307 , -2.8923168 , -0.14495331
0.4082071 , -1.868298 , -0.12861837
0.5970759 , -2.0844316 , -0.13469802
0.7920051 , -2.4735286 , -0.14350873
0.99093616 , -3.0637279 , -0.14971626
0.45017394 , -1.8579134 , -0.13275124
0.6428372 , -2.1261594 , -0.1400275
0.8394948 , -2.5932178 , -0.14947723
1.0406444 , -3.257975 , -0.1537196
0.49392492 , -1.8604921 , -0.13720417
0.68921924 , -2.189676 , -0.14566626
0.8879266 , -2.7402549 , -0.1552988
0.35530522 , -1.6557487 , -0.13631888
0.5387622 , -1.8784574 , -0.1419999
0.7362848 , -2.2773929 , -0.1515818
0.9372887 , -2.914019 , -0.1607242
0.3933615 , -1.6444683 , -0.14002962
0.5844343 , -1.9143552 , -0.1471385
0.784128 , -2.3914115 , -0.15769024
0.98718303 , -3.1127045 , -0.16552177
0.43533698 , -1.6438726 , -0.14410871
0.63087434 , -1.9707178 , -0.15260662
0.8328351 , -2.533161 , -0.16383657
1.036566 , -3.3338213 , -0.16952221
0.4793136 , -1.6565944 , -0.14858234
0.67810506 , -2.0499778 , -0.1583824
0.8824194 , -2.703004 , -0.16979744
1.0845242 , -3.5749643 , -0.17269926
0.5245154 , -1.6854315 , -0.15344499
0.72618985 , -2.1543846 , -0.16442584
0.9327062 , -2.8999887 , -0.17531493
0.3774957 , -1.4173791 , -0.15053223
0.57068497 , -1.7331055 , -0.15866542
0.7751933 , -2.2858386 , -0.17065527
0.9831128 , -3.1219194 , -0.18014841
0.41948348 , -1.4248639 , -0.15457228
0.6177731 , -1.8021075 , -0.16420351
0.825133 , -2.4456015 , -0.17692272
1.032399 , -3.3657942 , -0.1841184
0.46365702 , -1.446128 , -0.15907587
0.6658165 , -1.8946538 , -0.17002371
0.8759136 , -2.6339276 , -0.18300675
1.0797313 , -3.6285398 , -0.18716076
0.50918216 , -1.4842777 , -0.16399722
0.71487504 , -2.0127037 , -0.17608927
0.9272182 , -2.8497574 , -0.18863356
0.3606311 , -1.1885295 , -0.16007552
0.55580354 , -1.5420784 , -0.169264
0.92000324 , -1.8923509 , -0.24830243
0.2839749 , 0.3759009 , -0.20632255
0.5023662 , -0.19251756 , -0.22952077
0.73747873 , -1.0329163 , -0.24253263
0.96924037 , -2.1176112 , -0.25169665
0.3302534 , 0.3186874 , -0.2140493
0.55476665 , -0.3255279 , -0.23548669
0.79111606 , -1.2134848 , -0.24645421
1.0106109 , -2.3557274 , -0.2558803
0.37871927 , 0.23729007 , -0.22195898
0.60784996 , -0.4700514 , -0.24137196
0.84370494 , -1.3995098 , -0.24972528
0.2850605 , -4.3653016 , -0.008344626
0.5151364 , -3.591653 , -0.008044201
0.7338493 , -2.7829714 , -0.010851213
0.96573025 , -1.7751552 , -0.022806302
0.3464606 , -4.147031 , -0.010830859
0.5666432 , -3.3890603 , -0.010638756
0.7872925 , -2.5684009 , -0.01582669
1.0313034 , -1.4873973 , -0.030364584
0.3997654 , -3.9352152 , -0.013403477
0.6185003 , -3.192126 , -0.013728847
0.84195536 , -2.3456774 , -0.021445822
1.1114459 , -1.1778713 , -0.03643975
0.45168805 , -3.7315946 , -0.01573399
0.67084277 , -2.9981432 , -0.01736679
0.8985801 , -2.1107168 , -0.027752953
1.2253709 , -0.88204813 , -0.03233323
0.50336456 , -3.53681 , -0.018136572
0.723831 , -2.8040857 , -0.021590255
0.95868176 , -1.8592515 , -0.0347252
0.33433822 , -4.0175004 , -0.019399902
0.5551826 , -3.3499677 , -0.020818003
0.77770996 , -2.6066277 , -0.026438192
1.0255655 , -1.5889114 , -0.041704196
0.3874295 , -3.8255525 , -0.022226736
0.9602366 , -1.8852679 , -0.040254213
0.33310106 , -3.9339693 , -0.024032453
0.5537102 , -3.3115883 , -0.025726158
0.7773282 , -2.6078045 , -0.03162701
1.0283458 , -1.62704 , -0.046552267
0.38576818 , -3.7515502 , -0.026775492
0.6060363 , -3.1397703 , -0.028840432
0.83291745 , -2.4127898 , -0.037076667
1.1096493 , -1.3669143 , -0.049288724
0.4376506 , -3.576744 , -0.029557915
0.6588951 , -2.9720106 , -0.03239051
0.8907773 , -2.2081568 , -0.04308181
1.2118974 , -1.1374623 , -0.045527335
0.48954195 , -3.409648 , -0.032321032
0.7124863 , -2.8057866 , -0.036440354
0.95254505 , -1.9922936 , -0.049215462
0.32172492 , -3.7804122 , -0.03349067
0.54168695 , -3.2500365 , -0.035184655
0.7671033 , -2.6383324 , -0.041027293
1.0211027 , -1.7692063 , -0.054173198
0.37367454 , -3.6157064 , -0.035988767
0.5942481 , -3.0969532 , -0.03828033
0.823235 , -2.4669027 , -0.046130225
1.100546 , -1.5539546 , -0.055881124
0.4252468 , -3.4598753 , -0.03869752
0.6473932 , -2.9488435 , -0.041709326
0.8817439 , -2.2894864 , -0.051563125
1.1948818 , -1.3696811 , -0.05344745
0.47705847 , -3.3120477 , -0.041489646
0.70133466 , -2.8037565 , -0.045539364
0.9441116 , -2.1066206 , -0.056739945
0.3105775 , -3.6114635 , -0.043043096
0.5292742 , -3.1718073 , -0.044362623
0.7563828 , -2.6595838 , -0.049792677
1.0125563 , -1.924531 , -0.060505845
0.36151743 , -3.463813 , -0.045360323
0.58200485 , -3.0385334 , -0.047387034
0.29099506 , -2.291604 , -0.09975734
0.50725174 , -2.362066 , -0.09747465
0.7473726 , -2.5215378 , -0.0940475
1.0167651 , -2.7873914 , -0.08952916
0.33813384 , -2.2507582 , -0.10148747
0.5612117 , -2.3590925 , -0.098535106
0.8077011 , -2.573095 , -0.09434062
1.085752 , -2.9051037 , -0.08929999
0.3876972 , -2.2212481 , -0.10298128
0.61655796 , -2.373027 , -0.09930373
0.8698898 , -2.648793 , -0.094302006
1.1551263 , -3.0457208 , -0.08882912
0.4388221 , -2.2043881 , -0.10421636
0.6734034 , -2.4061399 , -0.09974143
0.93391544 , -2.750092 , -0.094041474
0.27660137 , -2.067427 , -0.10821108
0.4913092 , -2.2018702 , -0.10516314
0.7318499 , -2.4608831 , -0.099825576
0.9996359 , -2.8771179 , -0.093687624
0.32272607 , -2.0391686 , -0.10981358
0.5451572 , -2.2157145 , -0.10579217
0.7919569 , -2.5396225 , -0.09957529
1.0666008 , -3.0286787 , -0.09327979
0.37171647 , -2.0221913 , -0.111102484
0.600419 , -2.248195 , -0.10607673
0.8537109 , -2.644192 , -0.09907202
1.1334913 , -3.2029042 , -0.09268045
0.42249525 , -2.018312 , -0.11205289
0.65715533 , -2.3017507 , -0.10599806
0.91699725 , -2.7754016 , -0.098447174
0.26182014 , -1.8383725 , -0.11646352
0.47476006 , -2.029671 , -0.11264571
0.71540993 , -2.3788252 , -0.105560996
0.9815322 , -2.932755 , -0.09782263
0.30687118 , -1.8212655 , -0.11791835
0.5284513 , -2.058624 , -0.11286865
0.77518606 , -2.4815774 , -0.10481653
1.0466622 , -3.114603 , -0.0972213
0.3552222 , -1.8153682 , -0.11898854
0.5835673 , -2.1076372 , -0.11271412
0.83641803 , -2.6114633 , -0.10387422
1.1110919 , -3.3187492 , -0.096498914
0.40560573 , -1.8229865 , -0.11964969
0.6401098 , -2.179188 , -0.11218176
0.8989276 , -2.7688243 , -0.10288258
0.24664734 , -1.6061432 , -0.124517776
0.45761037 , -1.8466548 , -0.1198991
0.6980653 , -2.2756217 , -0.11129257
0.9623213 , -2.9526947 , -0.101970695
0.29057363 , -1.5985509 , -0.12579681
0.5111056 , -1.888962 , -0.119748004
0.75739014 , -2.3988972 , -0.11011095
1.0257605 , -3.1609874 , -0.10116886
0.33822626 , -1.6021478 , -0.12662473
0.5660227 , -1.952423 , -0.11921109
0.8179838 , -2.5502176 , -0.10875768
1.0877895 , -3.3910568 , -0.100343764
0.38816738 , -1.6197158 , -0.12698449
0.62229556 , -2.0394075 , -0.11830236
0.87963104 , -2.7296557 , -0.10739446
0.23109204 , -1.372404 , -0.13238049
0.43987712 , -1.6541132 , -0.12689784
0.67985016 , -2.152063 , -0.11704641
0.94186825 , -2.9359448 , -0.106172726
0.2738401 , -1.3724984 , -0.13344601
0.493143 , -1.7080348 , -0.12640685
0.7385974 , -2.2921464 , -0.115501665
1.0037119 , -3.1666021 , -0.105157405
0.32074627 , -1.3838878 , -0.1339976
0.5478166 , -1.7838773 , -0.12555096
0.79840994 , -2.4607275 , -0.113780476
1.0634451 , -3.4184172 , -0.104251094
0.37020323 , -1.409818 , -0.13403486
0.6037551 , -1.8837368 , -0.12435392
0.85905755 , -2.6578214 , -0.112047605
1.120397 , -3.688251 , -0.10318227
0.42158818 , -1.4533918 , -0.13361432
0.6608181 , -2.0094442 , -0.122832574
0.9200512 , -2.8820891 , -0.11048559
0.2566826 , -1.1446309 , -0.14086877
0.47459698 , -1.5172577 , -0.13281693
0.7188659 , -2.1625192 , -0.12102247
0.98032683 , -3.1307793 , -0.10922303
0.3028086 , -1.1619931 , -0.14109723
0.5289894 , -1.603508 , -0.13170801
0.7777406 , -2.3439672 , -0.11900595
1.0378988 , -3.4000604 , -0.10823677
0.35174856 , -1.1946733 , -0.14078015
0.5845391 , -1.7137885 , -0.1303159
0.8372056 , -2.5539372 , -0.11692957
1.0914922 , -3.685799 , -0.10726901
0.40278524 , -1.2459202 , -0.14002192
0.6410351 , -1.8494829 , -0.12864156
0.8967867 , -2.791307 , -0.11499795
0.23911779 , -0.916404 , -0.14806737
0.45551285 , -1.3181589 , -0.13895036
0.69827884 , -2.0117924 , -0.12668765
0.9554234 , -3.053343 , -0.113423966
0.28444937 , -0.9378288 , -0.14791171
0.509589 , -1.4129707 , -0.13765456
0.7560674 , -2.2016435 , -0.12448971
1.010951 , -3.3356953 , -0.11231388
0.33285296 , -0.9756583 , -0.14719748
0.5647016 , -1.5313835 , -0.13615967
0.81414485 , -2.4194164 , -0.122145824
1.0610455 , -3.633024 , -0.111494094
0.38352558 , -1.033163 , -0.146094
0.6205701 , -1.6742115 , -0.13444637
0.87206733 , -2.6644917 , -0.11984559
0.2211718 , -0.68934727 , -0.15504672
0.43594855 , -1.1123236 , -0.14478269
0.67693216 , -1.8422339 , -0.13248469
0.92886186 , -2.9346194 , -0.117873386
0.26572078 , -0.7128277 , -0.15442786
0.4896695 , -1.2139904 , -0.14336734
0.73352045 , -2.0361843 , -0.13025993
0.9823604 , -3.225352 , -0.116519675
0.31358728 , -0.754233 , -0.15326178
0.544296 , -1.3384323 , -0.14185789
0.7900264 , -2.2566035 , -0.12779787
1.0291317 , -3.53013 , -0.115824714
0.36388785 , -0.81668264 , -0.15180673
0.5994865 , -1.4858173 , -0.1402126
0.8460077 , -2.503499 , -0.1252125
0.20287746 , -0.46495533 , -0.16180262
0.415977 , -0.90142274 , -0.1502998
0.6549162 , -1.6564119 , -0.13837802
0.900614 , -2.7756298 , -0.12278207
0.24669597 , -0.48841473 , -0.16061957
0.4692921 , -1.0083427 , -0.1488384
0.7102412 , -1.8505915 , -0.1363034
0.95188516 , -3.0693183 , -0.120977744
0.29405004 , -0.5319015 , -0.15893678
0.52337533 , -1.1368685 , -0.14740033
0.76506275 , -2.0688043 , -0.13394469
0.9956863 , -3.3773513 , -0.12023138
0.34397575 , -0.5981162 , -0.15713795
0.5778388 , -1.2865105 , -0.14592145
0.8188694 , -2.311474 , -0.13129391
0.18427707 , -0.24487545 , -0.1683154
0.39568654 , -0.68717474 , -0.15550436
0.6323034 , -1.4569823 , -0.14433752
0.87086666 , -2.5785837 , -0.1284853
0.22748351 , -0.26614508 , -0.16643555
0.44852492 , -0.7977952 , -0.15408835
0.68634856 , -1.6481584 , -0.14258422
0.9194149 , -2.8683574 , -0.12600386
0.27438232 , -0.31033412 , -0.16416675
0.50199425 , -0.92856634 , -0.15281801
0.7394682 , -1.8600742 , -0.1405801
0.9604126 , -3.1746247 , -0.12476721
0.3239243 , -0.37926072 , -0.16207318
0.5556764 , -1.0784029 , -0.15161064
0.7910157 , -2.093027 , -0.13821356
0.16541366 , -0.030878574 , -0.17451349
0.37518096 , -0.47137415 , -0.1604339
0.6091475 , -1.246482 , -0.15040104
0.84009516 , -2.3476872 , -0.13538255
0.20825034 , -0.047694426 , -0.1717569
0.42744458 , -0.58410156 , -0.15919875
0.6619202 , -1.4321088 , -0.1491264
0.8852299 , -2.6246352 , -0.13223542
0.25478682 , -0.09140655 , -0.16885255
0.48021317 , -0.7153222 , -0.15823969
0.7133922 , -1.6346816 , -0.1477003
0.9229312 , -2.9215252 , -0.1297972
0.30390152 , -0.16207466 , -0.16661665
0.5330499 , -0.8634697 , -0.15746358
0.76277375 , -1.8538232 , -0.14597824
0.9427908 , -3.2258534 , -0.13008755
0.3545776 , -0.2558328 , -0.16520046
0.58549243 , -1.0272359 , -0.15680479
0.8089615 , -2.0897295 , -0.14371152
0.18928003 , 0.16493584 , -0.17629747
0.40613967 , -0.36893818 , -0.1643986
0.6369989 , -1.2053578 , -0.15619671
0.8502736 , -2.3437917 , -0.14054117
0.23555855 , 0.12257701 , -0.17280969
0.45810577 , -0.49880558 , -0.16404504
0.686894 , -1.3965404 , -0.15554541
0.8835251 , -2.618525 , -0.13653584
0.28410712 , 0.051279776 , -0.1708258
0.51002073 , -0.64350235 , -0.16403744
0.73428863 , -1.5995058 , -0.15469967
0.8968957 , -2.909966 , -0.1347681
0.33401474 , -0.042343922 , -0.17011867
0.5613853 , -0.80128664 , -0.16428791
0.77792794 , -1.813201 , -0.1534105
0.17111956 , 0.3692076 , -0.17923635
0.38472688 , -0.15390818 , -0.17034788
0.6116118 , -0.9703674 , -0.16469428
0.81584775 , -2.037313 , -0.15126303
0.21711454 , 0.3287081 , -0.17566139
0.43577486 , -0.28061035 , -0.17130399
0.65997314 , -1.1487927 , -0.16512617
0.8443581 , -2.2736514 , -0.14737906
0.26478776 , 0.2586912 , -0.1750227
0.48667404 , -0.42021623 , -0.17280199
0.7055244 , -1.3344219 , -0.16540776
0.8523325 , -2.5291917 , -0.1397372
0.3136951 , 0.16751516 , -0.17647076
0.53688866 , -0.57058954 , -0.17466567
0.74696 , -1.52496 , -0.16531226
0.319541 , -4.2626715 , 0.01285906
0.32565784 , -2.975062 , -0.06610529
0.28757682 , -1.5343878 , -0.13416575
0.21832041 , -0.17341486 , -0.1801145
0.32438323 , -3.9903882 , -0.0059759025
0.31780764 , -2.6333766 , -0.08398446
0.2713085 , -1.1916747 , -0.1474717
0.19548091 , 0.12904039 , -0.18664488
0.32538137 , -3.6940432 , -0.025201892
0.3077148 , -2.2845073 , -0.100996114
0.25336203 , -0.85556704 , -0.15940794
0.17103091 , 0.41404724 , -0.18932894
0.323213 , -3.376561 , -0.044291805
0.2955122 , -1.9327732 , -0.11697197
0.23383285 , -0.5284265 , -0.16989638
0.3082955 , -4.345183 , 0.016201852
0.3183109 , -3.0423663 , -0.062965706
0.2813455 , -1.5821013 , -0.13178359
0.21275593 , -0.21238841 , -0.17880087
0.3156298 , -4.0703716 , -0.0025957292
0.3109133 , -2.6960435 , -0.08099373
0.26536804 , -1.2360008 , -0.1453221
0.19002122 , 0.08979442 , -0.18572576
0.3175454 , -3.7712052 , -0.021830771
0.30119634 , -2.3424265 , -0.09815754
0.24772465 , -0.89731 , -0.15750091
0.16489267 , 0.37373862 , -0.18924671
0.31592843 , -3.4501 , -0.041054618
0.28932333 , -1.9860669 , -0.11435388
0.22854504 , -0.5685661 , -0.16824353
0.30401018 , -4.4296 , 0.019588107
0.31145805 , -3.1116707 , -0.059773564
0.27546263 , -1.631128 , -0.12935331
0.2079218 , -0.25189427 , -0.17745069
0.3092602 , -4.1521416 , 0.0007863242
0.30443332 , -2.7606328 , -0.077963695
0.2597915 , -1.2813824 , -0.14313048
0.1859127 , 0.049988557 , -0.18474823
0.3108565 , -3.8502793 , -0.018621247
0.2950521 , -2.4021337 , -0.09537462
0.24248505 , -0.9398397 , -0.15555659
0.16264203 , 0.33280975 , -0.18897155
0.30934882 , -3.5256329 , -0.03742645
0.28349048 , -2.040955 , -0.11153074
0.22372286 , -0.60927224 , -0.16658728
0.3019564 , -4.5153494 , 0.022111012
0.3051188 , -3.1830037 , -0.05709864
0.92923623 , -2.3866994 , 0.77302766
0.9311971 , -2.4484463 , 0.5460613
0.93472344 , -2.3854496 , 0.6953419
0.93920213 , -2.3368187 , 0.8304676
0.93961793 , -2.3939579 , 0.6126969
0.9444987 , -2.335403 , 0.7565513
0.94976395 , -2.2830632 , 0.88454133
0.9496359 , -2.3385773 , 0.67771304
0.9544932 , -2.283583 , 0.81477255
0.954114 , -2.353245 , 0.59390736
0.95945174 , -2.2861166 , 0.7398284
0.9650884 , -2.2280834 , 0.8699336
0.96423006 , -2.2937527 , 0.659772
0.9694415 , -2.2324197 , 0.7988594
0.9682348 , -2.3153296 , 0.574726
0.97407037 , -2.238816 , 0.7228355
0.9800356 , -2.175229 , 0.8549167
0.9784441 , -2.2510595 , 0.6415073
0.9840364 , -2.1832685 , 0.7827304
0.9818772 , -2.2807686 , 0.5549342
0.9883135 , -2.1934633 , 0.70554155
0.9946141 , -2.1244745 , 0.8395931
0.9921725 , -2.2105737 , 0.6229175
0.998257 , -2.1360838 , 0.7663788
0.99494344 , -2.2502625 , 0.5339715
1.0021093 , -2.1500947 , 0.6879106
1.0088369 , -2.0757642 , 0.8240288
1.0052452 , -2.172566 , 0.6040047
1.0120653 , -2.0908008 , 0.7497884
1.0202627 , -2.0112731 , 0.87839514
1.0153456 , -2.1087244 , 0.6699045
1.022723 , -2.0290403 , 0.8082591
1.0172858 , -2.1373522 , 0.584751
1.025396 , -2.047428 , 0.73293453
1.0342239 , -1.9632313 , 0.86367023
1.0278269 , -2.0694969 , 0.6514894
1.0362972 , -1.9841974 , 0.792301
1.0276945 , -2.1059406 , 0.5650303
1.0381622 , -2.0059688 , 0.7157865
1.0480106 , -1.9172606 , 0.84851456
1.0391788 , -2.0325296 , 0.63264406
1.0496006 , -1.9411678 , 0.7761556
1.0351969 , -2.0798948 , 0.5441799
1.0502589 , -1.9665669 , 0.6983133
1.0617636 , -1.8732787 , 0.8331196
1.0491542 , -1.9980459 , 0.61337346
1.0627432 , -1.8999285 , 0.7598111
1.030978 , -2.0672994 , 0.5181927
1.0618675 , -1.9294021 , 0.6804903
1.0756729 , -1.831092 , 0.8175604
0.30147636 , -4.5050077 , 0.5552434
0.29130295 , -4.682196 , 0.6859629
0.2747105 , -4.8448963 , 0.8100581
0.30654618 , -4.557895 , 0.61260444
0.29332164 , -4.721971 , 0.7420179
0.32174233 , -4.421217 , 0.5391013
0.3101115 , -4.6015153 , 0.67025006
0.29417148 , -4.7611227 , 0.7956965
0.3260579 , -4.476811 , 0.5966212
0.31249246 , -4.6403446 , 0.7267968
0.3416977 , -4.33324 , 0.52330196
0.32937315 , -4.520781 , 0.65443164
0.31383675 , -4.6777935 , 0.7811393
0.34568602 , -4.394907 , 0.5805604
0.33190796 , -4.5589714 , 0.7114252
0.36235616 , -4.244976 , 0.50838536
0.3488143 , -4.4399304 , 0.63852334
0.33361706 , -4.5948863 , 0.7664082
0.3651513 , -4.311695 , 0.56453013
0.35142556 , -4.4777827 , 0.69591296
0.33465716 , -4.6301723 , 0.8190456
0.36824116 , -4.358818 , 0.62254757
0.35341996 , -4.5124073 , 0.75150895
0.38458338 , -4.227358 , 0.54877245
0.37093014 , -4.3967514 , 0.6802757
0.3548372 , -4.5458307 , 0.80469406
0.38755602 , -4.277339 , 0.6065422
0.37316892 , -4.430338 , 0.7364481
0.4041721 , -4.1436753 , 0.5334466
0.39034775 , -4.3158236 , 0.6645328
0.37492523 , -4.4620376 , 0.7902703
0.4067505 , -4.1954503 , 0.5905835
0.39281157 , -4.3486786 , 0.7212349
0.42384842 , -4.0629153 , 0.51843375
0.40963998 , -4.2349796 , 0.6487087
0.3948825 , -4.3788147 , 0.77570784
0.42589286 , -4.1135936 , 0.5747743
0.41231674 , -4.267415 , 0.7058816
0.44336057 , -3.986751 , 0.5034253
0.42879558 , -4.1542134 , 0.63283855
0.41468567 , -4.296193 , 0.7609928
0.44503582 , -4.0327277 , 0.5591791
0.4316698 , -4.186555 , 0.6904032
0.41672143 , -4.322993 , 0.8138139
0.4478311 , -4.0736694 , 0.6169709
0.43432173 , -4.2141924 , 0.7461241
0.46414542 , -3.9541223 , 0.5437724
0.45086727 , -4.106111 , 0.6748198
0.43669188 , -4.2392015 , 0.7994739
0.46677577 , -3.9937055 , 0.6011565
0.45378566 , -4.1328425 , 0.73110664
0.483111 , -3.8787959 , 0.5284565
0.4699157 , -4.026158 , 0.6591571
0.4564818 , -4.1561904 , 0.78506964
0.4856454 , -3.914963 , 0.5854248
0.47307763 , -4.052171 , 0.7159496
0.50181496 , -3.807355 , 0.5131225
0.4888283 , -3.9468498 , 0.6434452
0.4760892 , -4.074013 , 0.77054197
0.5044173 , -3.8381817 , 0.56976855
0.4922022 , -3.9722347 , 0.7006662
0.5201753 , -3.7398884 , 0.49771154
0.5076195 , -3.8684916 , 0.6277118
0.49551433 , -3.9927173 , 0.7558744
0.5230363 , -3.7640567 , 0.554152
0.5111668 , -3.8931198 , 0.6852728
0.49865004 , -4.0100474 , 0.8087277
0.52629226 , -3.7915027 , 0.61197156
0.5147598 , -3.912361 , 0.741064
0.54143625 , -3.6930218 , 0.53853464
0.5299805 , -3.8149865 , 0.6697872
0.5182427 , -3.9278305 , 0.7944961
0.54483217 , -3.7163832 , 0.59622073
0.5338298 , -3.833011 , 0.7261148
0.5595658 , -3.6252694 , 0.5228952
0.5486496 , -3.7380629 , 0.6542241
0.53764635 , -3.8467195 , 0.7801616
0.5632076 , -3.6435785 , 0.58044136
0.55272996 , -3.7547677 , 0.7110342
0.5773955 , -3.5607142 , 0.507249
0.56717396 , -3.662658 , 0.6385902
0.5568627 , -3.7667816 , 0.76569945
0.5813816 , -3.5734284 , 0.5646132
0.5714655 , -3.6777663 , 0.6958306
0.5609205 , -3.7753947 , 0.81798
0.5855432 , -3.589102 , 0.6228818
0.5758948 , -3.6880949 , 0.7510988
0.59932184 , -3.5060844 , 0.54872763
0.59003943 , -3.6021936 , 0.6805104
0.5803169 , -3.694603 , 0.80397016
0.60373896 , -3.5177145 , 0.60708696
0.594746 , -3.610751 , 0.73635626
0.6170098 , -3.4415498 , 0.5328002
0.60845023 , -3.5282693 , 0.665075
0.59951496 , -3.6152036 , 0.78984594
0.62173915 , -3.4487288 , 0.59119123
0.6134198 , -3.5348687 , 0.7214718
0.6344406 , -3.3796668 , 0.5168814
0.62669116 , -3.456235 , 0.6495193
0.61851645 , -3.53727 , 0.7755945
0.63952476 , -3.382282 , 0.57518595
0.6319177 , -3.460591 , 0.70644534
0.6516217 , -3.320192 , 0.5010656
0.6447507 , -3.3863113 , 0.63383317
0.63732415 , -3.4608848 , 0.7612028
0.65708405 , -3.3183854 , 0.55907613
0.6502388 , -3.3880851 , 0.69127417
0.6428344 , -3.4574974 , 0.81349486
0.6626158 , -3.3186762 , 0.6180039
0.6559406 , -3.3861413 , 0.746661
0.67441535 , -3.2569516 , 0.542888
0.6683788 , -3.3175242 , 0.675952
0.66179717 , -3.380468 , 0.7995965
0.68027496 , -3.253434 , 0.6020214
0.67436767 , -3.3131495 , 0.7319623
0.6915256 , -3.1977992 , 0.5266809
0.6863308 , -3.2490718 , 0.66046834
0.68054986 , -3.3051646 , 0.7855613
0.6977215 , -3.190611 , 0.58588284
0.6926053 , -3.2420301 , 0.7171006
0.708429 , -3.1406846 , 0.51056504
0.7040871 , -3.1828609 , 0.64481074
0.6990949 , -3.231656 , 0.7713786
0.7149549 , -3.1301541 , 0.5695969
0.71065164 , -3.1729093 , 0.70206785
0.7251427 , -3.0853157 , 0.49471468
0.7216409 , -3.1189778 , 0.6289673
0.71743447 , -3.160019 , 0.7570332
0.7319814 , -3.0719411 , 0.5531886
0.72850305 , -3.1059055 , 0.6868535
0.72448444 , -3.1437109 , 0.80942744
0.73898846 , -3.0574565 , 0.61292994
0.73556983 , -3.0903354 , 0.7425141
0.74881303 , -3.0157995 , 0.53670865
0.74615544 , -3.0411172 , 0.6714449
0.7429226 , -3.0716279 , 0.79560536
0.75612986 , -2.9982731 , 0.5966975
0.7535008 , -3.0226903 , 0.7278117
0.7654659 , -2.961505 , 0.52025276
0.7636053 , -2.9786165 , 0.6558281
0.7611342 , -3.0015187 , 0.78163403
0.7730698 , -2.9413617 , 0.5802785
0.77122575 , -2.9571624 , 0.7129159
0.7819587 , -2.9088173 , 0.5040016
0.7808508 , -2.9184365 , 0.6399908
0.77912074 , -2.933433 , 0.76748633
0.7898165 , -2.8866045 , 0.5636938
0.7887428 , -2.8938203 , 0.6978144
0.7874209 , -2.9063313 , 0.8193683
0.7978931 , -2.8605833 , 0.62392396
0.79688245 , -2.8674183 , 0.7531472
0.80638164 , -2.8338704 , 0.54698014
0.80605006 , -2.83271 , 0.6824929
0.8054417 , -2.8380017 , 0.80572003
0.81473523 , -2.8050225 , 0.60762495
0.8144182 , -2.803522 , 0.73860717
0.82277817 , -2.7829816 , 0.53020155
0.82314724 , -2.7738612 , 0.66693604
0.82320696 , -2.7717595 , 0.7919673
0.8313833 , -2.751712 , 0.59109986
0.8317258 , -2.741778 , 0.72385645
0.8390213 , -2.7337759 , 0.5134828
0.8400353 , -2.7172742 , 0.6511283
0.8407159 , -2.7076278 , 0.77802503
0.84784335 , -2.7005775 , 0.5743655
0.8488028 , -2.682212 , 0.7088832
0.8551239 , -2.6860309 , 0.49711072
0.85671794 , -2.662945 , 0.6350568
0.85796624 , -2.645622 , 0.76387125
0.8641224 , -2.6515672 , 0.55744994
0.8656471 , -2.624826 , 0.6936725
0.86770344 , -2.605704 , 0.81585586
0.87319934 , -2.610846 , 0.618713
0.8749539 , -2.585758 , 0.7494994
0.8802238 , -2.604597 , 0.54039276
0.88225764 , -2.5696154 , 0.6782074
0.88484764 , -2.5437238 , 0.8023521
0.8894851 , -2.5609765 , 0.6020963
0.8916733 , -2.5280337 , 0.7349038
0.89615023 , -2.559638 , 0.52325165
0.89863396 , -2.5165498 , 0.6624693
0.90168405 , -2.4838927 , 0.78863734
0.9055784 , -2.513325 , 0.5852163
0.9081182 , -2.4724429 , 0.72007513
0.91189843 , -2.5166056 , 0.5061494
0.914777 , -2.465612 , 0.64643973
0.91820765 , -2.426201 , 0.7746761
0.92147964 , -2.4679525 , 0.5680937
0.92428124 , -2.4189537 , 0.705
0.92746466 , -2.4754987 , 0.48953894
0.93068594 , -2.4167674 , 0.63010216
0.93441063 , -2.3706412 , 0.76047343
0.93717986 , -2.4249218 , 0.5507583
0.94015497 , -2.3675368 , 0.6896616
0.94528973 , -2.3187046 , 0.81272644
0.9463584 , -2.3700318 , 0.61344475
0.9999544 , -2.190899 , 0.6082068
1.0056505 , -2.1189668 , 0.74230134
1.006154 , -2.219728 , 0.52586323
1.0094358 , -2.1323588 , 0.6696581
1.0171778 , -2.0570438 , 0.79607385
1.0139856 , -2.1503654 , 0.59097594
1.0199692 , -2.072482 , 0.7275105
1.0202435 , -2.1888552 , 0.5074501
1.023305 , -2.0894735 , 0.6535821
1.031544 , -2.0092027 , 0.7822101
1.0273265 , -2.1119473 , 0.5734212
1.0338876 , -2.0278633 , 0.7124601
1.0338489 , -2.164012 , 0.4883081
1.0365562 , -2.0485983 , 0.63718486
1.0456144 , -1.9633325 , 0.7680691
1.0397925 , -2.0758758 , 0.55556256
1.0473963 , -1.9850451 , 0.69714665
1.0583363 , -1.8944869 , 0.82039356
1.0490197 , -2.0097864 , 0.62046784
1.059472 , -1.9193262 , 0.7536753
1.0502162 , -2.0421596 , 0.53740746
1.0605302 , -1.9440577 , 0.681571
1.0725611 , -1.8495153 , 0.8071491
1.0603728 , -1.973262 , 0.6034635
1.0732782 , -1.8770752 , 0.73904216
1.0586495 , -2.010796 , 0.5189736
1.0734789 , -1.9050211 , 0.6657371
1.0868968 , -1.8065426 , 0.79345727
0.46731642 , -3.9210033 , 0.51992553
0.6700323 , -3.2644095 , 0.5165389
0.8706702 , -2.6391528 , 0.5102755
1.0424354 , -2.0996943 , 0.49004844
0.48369795 , -4.0933027 , 0.8575342
0.70756084 , -3.2177193 , 0.85798395
0.92716944 , -2.3761108 , 0.8578389
0.35686326 , -4.2671223 , 0.51962423
0.14755541 , 1.262198 , -0.29040456
0.049457103 , 2.270398 , -0.42740035
0.19396222 , 0.7532971 , -0.2100664
0.11082785 , 1.7262585 , -0.35682306
0.0016604204 , 2.7688167 , -0.49268013
0.16603784 , 1.2021393 , -0.28365168
0.06831419 , 2.2122283 , -0.42180392
0.21185637 , 0.6818913 , -0.20326427
0.12969635 , 1.6658832 , -0.35082915
0.020422766 , 2.7135556 , -0.48715204
0.18450178 , 1.1387486 , -0.27676344
0.087209694 , 2.1531396 , -0.41616142
-0.03228365 , 3.2233243 , -0.5566805
0.14859304 , 1.6038753 , -0.34472948
0.039193336 , 2.657728 , -0.48161077
0.20303178 , 1.0715493 , -0.26981935
0.10613493 , 2.0929859 , -0.41046837
-0.01376539 , 3.172147 , -0.550695
0.16752033 , 1.5398984 , -0.33852458
0.057962537 , 2.6012278 , -0.47605416
0.22171022 , 1.0003078 , -0.26289895
0.12508671 , 2.0315971 , -0.40472066
0.0047033825 , 3.120717 , -0.5447402
0.18649007 , 1.4736232 , -0.3322246
0.0767269 , 2.5439355 , -0.4704796
0.24060063 , 0.9249491 , -0.25606993
0.14406592 , 1.9687958 , -0.398915
0.023121702 , 3.0689242 , -0.53882456
0.20552158 , 1.4047246 , -0.3258486
0.095486954 , 2.4857297 , -0.46488413
0.25974447 , 0.8455731 , -0.2493835
0.16307536 , 1.9043795 , -0.3930503
0.04149211 , 3.0166574 , -0.5329427
0.22464079 , 1.3329533 , -0.319422
0.11424512 , 2.4264734 , -0.45926508
0.2791604 , 0.7623168 , -0.24287623
0.18212096 , 1.8381513 , -0.38712832
