2.5792785e-11 , 6.73e-43 , 2.5792785e-11
6.73e-43 , 0.0 , 0.0
0.0 , 0.0 , -1.2734456e-19
4.5914e-41 , 2.4e-44 , 0.405777
-0.11119333 , 0.521596 , 0.38080603
-0.08653903 , 0.9741438 , 0.35662913
-0.17433536 , -0.72954 , 0.36601433
-0.17112358 , -0.7516988 , 0.38313538
-0.11774956 , -2.5285037 , 0.4643398
-0.088433996 , -3.4220195 , 0.42531416
-0.15469588 , -0.68598914 , 0.37718067
-0.077020094 , -1.705226 , 0.40010253
-0.08538877 , -1.1364948 , 0.39290932
-0.09959797 , -0.77669394 , 0.3881387
-0.16343151 , -0.6763722 , 0.37962118
-0.13122854 , -0.8088751 , 0.41068083
-0.13365261 , -0.7516572 , 0.37353525
-0.13660994 , -0.7562299 , 0.3847738
-0.16941747 , -0.73657894 , 0.35884985
-0.077173725 , -2.0135984 , 0.4036427
-0.12632191 , -0.91470873 , 0.41782114
-0.11520615 , -1.3665183 , 0.43975917
-0.11558792 , -2.0501072 , 0.4722905
-0.15511692 , -2.8084018 , 0.21811444
-0.100914575 , -0.76912755 , 0.3877789
-0.15780249 , -0.6876062 , 0.3844043
-0.12984869 , -0.84291106 , 0.4123629
-0.11734366 , -1.2454572 , 0.43403238
-0.12450099 , -0.7843506 , 0.38447413
-0.16373228 , -0.7263902 , 0.38463634
-0.07651873 , -1.8376243 , 0.4003155
-0.083548814 , -1.2303072 , 0.39324388
-0.11349672 , -1.5171298 , 0.4452108
-0.12241389 , -2.2841065 , 0.48428068
-0.13062398 , -3.1422577 , 0.477501
-0.17147966 , -0.7525792 , 0.38866124
-0.146771 , -0.70766747 , 0.39311084
-0.12623324 , -0.93152773 , 0.4174414
-0.11515554 , -1.3837329 , 0.43898338
-0.1156411 , -2.0689473 , 0.47035715
-0.15064786 , -0.7254747 , 0.38539958
-0.07720209 , -1.6806148 , 0.39748126
-0.086219445 , -1.1282963 , 0.39143822
-0.1007489 , -0.7860853 , 0.38785148
-0.11155062 , -2.520075 , 0.44600627
-0.1269057 , -3.4640555 , 0.50647944
-0.16247073 , -0.74898994 , 0.38611847
-0.07637507 , -1.8559996 , 0.39830095
-0.116507694 , -1.309246 , 0.4347346
-0.113553666 , -1.949533 , 0.4621631
-0.12811063 , -2.6963358 , 0.4519078
-0.0922803 , -3.2053027 , 0.40001494
-0.15825768 , -0.80153066 , 0.3806402
-0.1559131 , -0.8094217 , 0.38086763
-0.08319012 , -2.4420526 , 0.3937547
-0.077832654 , -1.6140211 , 0.39566678
-0.087620236 , -1.0871834 , 0.39040682
-0.07993794 , -1.4507517 , 0.3936394
-0.091241695 , -0.981868 , 0.3891518
-0.10878456 , -0.73762834 , 0.38841143
-0.11284303 , -1.6208973 , 0.44617224
-0.12913229 , -2.4519348 , 0.48498622
-0.1259117 , -3.3199663 , 0.49725214
-0.15138228 , -0.7568469 , 0.38807702
-0.076887846 , -1.7313936 , 0.3951734
-0.089074776 , -1.0489495 , 0.38948134
-0.10872057 , -0.74354017 , 0.3887123
-0.13764177 , -0.7774052 , 0.40224344
-0.12013325 , -1.1517507 , 0.42632124
-0.11248978 , -1.8167002 , 0.45326197
-0.124203384 , -2.702082 , 0.43851435
-0.096601136 , -3.059597 , 0.3859762
-0.076859124 , -1.7373385 , 0.39444542
-0.08135634 , -1.3735479 , 0.39196733
-0.095828764 , -0.88700235 , 0.38816774
-0.16422628 , -0.7537265 , 0.3835964
-0.12892796 , -0.8996867 , 0.4125624
-0.115375414 , -1.3960742 , 0.43583056
-0.11860374 , -2.2166822 , 0.4690676
-0.12627049 , -3.2256877 , 0.4933393
-0.13326016 , -0.8109784 , 0.38905558
-0.13559934 , -0.8121229 , 0.39018577
-0.09769522 , -0.8590454 , 0.38800848
-0.12589553 , -0.76003444 , 0.3948285
-0.13751724 , -0.7887728 , 0.402397
-0.12193229 , -1.0937154 , 0.42264238
-0.1129751 , -1.6129963 , 0.44345587
-0.12664153 , -2.4308705 , 0.4781724
-0.096027926 , -3.1823287 , 0.38393408
-0.095887765 , -3.4404905 , 0.386295
-0.12603079 , -3.5456831 , 0.4913209
-0.1409187 , -0.8081576 , 0.39222452
-0.0330501 , -2.2072465 , 0.17663959
-0.0666649 , -2.1863012 , 0.19697045
-0.08400763 , -1.5765637 , 0.24909595
-0.089864776 , -1.8350494 , 0.24842678
-0.116592124 , -1.3195503 , 0.31282583
-0.13538052 , -1.02123 , 0.3708668
-0.17508627 , -0.8178445 , 0.38386962
-0.056244522 , -1.3050519 , 0.24396104
-0.121212125 , -1.0334752 , 0.35244825
-0.09222869 , -1.2626321 , 0.29001135
-0.046945143 , -1.7338585 , 0.22283822
-0.11416676 , -1.0838585 , 0.33557516
-0.08160177 , -1.3725088 , 0.27181506
-0.029592564 , -1.9217682 , 0.20144816
-0.13839567 , -1.007115 , 0.37499672
-0.14245483 , -0.8420173 , 0.39417744
-0.12102024 , -1.0386695 , 0.35245675
-0.083179824 , -1.361923 , 0.2744624
-0.03210902 , -1.9007566 , 0.2048368
-0.09132709 , -1.8277078 , 0.25131547
-0.13063236 , -0.9697353 , 0.376501
-0.10627272 , -1.1514448 , 0.3181543
-0.069487125 , -1.5101539 , 0.25335157
-0.12439501 , -1.0174611 , 0.36167464
-0.0975349 , -1.232142 , 0.30038354
-0.055631768 , -1.6641675 , 0.23437884
-0.13058834 , -1.0901203 , 0.3587187
-0.157163 , -0.90562063 , 0.38752335
-0.1301959 , -0.97156626 , 0.37651294
-0.09876493 , -1.2250928 , 0.30295914
-0.057715293 , -1.647742 , 0.23719393
-0.07055289 , -2.1564467 , 0.21722202
-0.1388206 , -0.87370324 , 0.39308843
-0.11757022 , -1.0707371 , 0.34533474
-0.08762872 , -1.3375251 , 0.28238183
-0.13277453 , -0.9415896 , 0.38385716
-0.11030178 , -1.1309884 , 0.32821015
-0.07645829 , -1.4585006 , 0.26411235
-0.1245327 , -1.204983 , 0.3385472
-0.14183624 , -0.99675226 , 0.37903184
-0.13737877 , -0.87191963 , 0.3932629
-0.111204155 , -1.1259947 , 0.3306971
-0.07809571 , -1.4464704 , 0.26677608
-0.023796136 , -2.0210345 , 0.19548732
-0.16161036 , -0.87100285 , 0.38799444
-0.12646455 , -0.9982925 , 0.37039477
-0.10208707 , -1.2097152 , 0.310655
-0.13699538 , -0.81566787 , 0.395724
-0.12032567 , -1.0521595 , 0.3547901
-0.0930183 , -1.301486 , 0.29280147
-0.11793968 , -1.3646663 , 0.31511
-0.13288322 , -1.0859861 , 0.3638484
-0.16017112 , -0.86925036 , 0.38815382
-0.12568417 , -1.0012152 , 0.37037978
-0.101809874 , -1.2190161 , 0.31068137
-0.063669235 , -1.618644 , 0.24566023
-0.0333902 , -2.2948515 , 0.17862234
-0.10591488 , -1.6245075 , 0.2811943
-0.12469384 , -1.2235879 , 0.3386095
-0.14152928 , -1.0026107 , 0.37929437
-0.1334467 , -0.86836076 , 0.3934865
-0.12687652 , -0.97934383 , 0.37649125
-0.10492241 , -1.1950924 , 0.31826743
-0.06922426 , -1.5690343 , 0.25376427
-0.011026286 , -2.2001631 , 0.17689523
-0.12363523 , -1.013898 , 0.3682136
-0.10014531 , -1.2447389 , 0.30818567
-0.061701376 , -1.6576988 , 0.24312674
-0.06818778 , -2.277004 , 0.20182107
-0.120249905 , -1.0484589 , 0.35934228
-0.095043406 , -1.3000947 , 0.29801902
-0.05363137 , -1.7532197 , 0.23230945
-0.10813263 , -2.5161989 , 0.20956746
-0.06549799 , -2.5171666 , 0.20011799
-0.070933625 , -2.5470066 , 0.20378986
-0.08161934 , -2.524995 , 0.20694028
-0.082312055 , -2.636511 , 0.2315725
-0.09680929 , -2.8766897 , 0.32065764
-0.09785347 , -2.8223643 , 0.2767131
-0.10203894 , -2.6462984 , 0.22670327
-0.08332185 , -2.6755843 , 0.24220692
-0.09747163 , -2.88723 , 0.31434745
-0.0986166 , -2.8060048 , 0.26878637
-0.10385329 , -2.6062427 , 0.21978427
-0.084338754 , -2.7119868 , 0.2534238
-0.09806888 , -2.8914824 , 0.30776596
-0.099469945 , -2.7856479 , 0.26072067
-0.106187 , -2.5595818 , 0.2138125
-0.08535355 , -2.746337 , 0.26497108
-0.09864305 , -2.8901644 , 0.300895
-0.10043002 , -2.7613897 , 0.25257856
-0.076578945 , -2.533367 , 0.21142387
-0.086385995 , -2.7789452 , 0.2766911
-0.099266775 , -2.879848 , 0.29191855
-0.1016822 , -2.7248557 , 0.24245213
-0.080720514 , -2.5972943 , 0.22166368
-0.087695904 , -2.8166063 , 0.2914233
-0.0967547 , -2.9205601 , 0.3635464
-0.11725678 , -2.8383698 , 0.43293044
-0.09726567 , -2.817777 , 0.3522285
-0.09939869 , -2.922871 , 0.31585506
-0.100564346 , -2.8574066 , 0.27866867
-0.104038745 , -2.6638062 , 0.22895098
-0.084094636 , -2.675232 , 0.23945665
-0.08983825 , -2.8681188 , 0.31200647
-0.10136113 , -2.8380673 , 0.27084166
-0.105404876 , -2.6217666 , 0.22209737
-0.08537578 , -2.7156835 , 0.25055566
-0.091191895 , -2.895012 , 0.32363424
-0.10227833 , -2.8147976 , 0.2627965
-0.10659736 , -2.573599 , 0.21619254
-0.08646418 , -2.754102 , 0.2621008
-0.092689656 , -2.9204295 , 0.33523026
-0.103340074 , -2.7877524 , 0.25472513
-0.094343364 , -2.5185626 , 0.21069519
-0.08746886 , -2.7908578 , 0.2738963
-0.094361976 , -2.9441247 , 0.3467791
-0.10458803 , -2.7566998 , 0.24674112
-0.08257243 , -2.5737355 , 0.2166745
-0.08846277 , -2.8260968 , 0.28542572
-0.09624412 , -2.9658346 , 0.35795838
-0.10606265 , -2.7217867 , 0.2385113
-0.08493283 , -2.625079 , 0.22672415
-0.08947507 , -2.8601336 , 0.29772872
-0.103433706 , -2.990142 , 0.33830178
-0.10356026 , -2.961763 , 0.30052507
-0.10594089 , -2.791694 , 0.2523925
-0.08528356 , -2.5296063 , 0.20996529
-0.0885796 , -2.812044 , 0.27681807
-0.09500493 , -2.9778922 , 0.34969032
-0.11250152 , -2.994467 , 0.4197235
-0.105597734 , -2.896832 , 0.36032745
-0.11286376 , -2.481671 , 0.20905337
-0.10990754 , -3.0178175 , 0.41146925
-0.09431098 , -2.9707968 , 0.34118423
-0.08890877 , -2.7882323 , 0.26807016
-0.10840472 , -2.917125 , 0.26853126
-0.10375742 , -3.3573866 , 0.35627303
-0.11433355 , -2.5877495 , 0.21865739
-0.10526975 , -2.8887193 , 0.2748648
-0.10442766 , -2.9800177 , 0.3485005
-0.12138535 , -3.6276877 , 0.34267592
-0.1357412 , -3.059597 , 0.269139
-0.16005237 , -2.515174 , 0.21619238
-0.10619778 , -2.4624972 , 0.20827237
-0.12087034 , -2.1306884 , 0.1649143
-0.1553847 , -1.8118622 , 0.13296296
-0.20227551 , -1.6105895 , 0.17089209
-0.16962531 , -1.9095314 , 0.17845969
-0.1390914 , -2.2445102 , 0.19410242
-0.11550126 , -2.1758184 , 0.16985437
0.27652043 , 2.2854278 , 0.3527984
0.27190563 , 2.2565203 , 0.35369685
0.27785218 , 2.302415 , 0.35661992
0.29421514 , 2.3818653 , 0.3597084
0.09982667 , 2.2854283 , 0.3176445
0.09086285 , 2.173576 , 0.31969488
0.25352988 , 2.0026326 , 0.35684583
0.25780305 , 2.0469224 , 0.35890794
0.26602152 , 2.0934966 , 0.36012354
0.0820538 , 2.059241 , 0.32327086
-0.14394148 , -2.4855106 , 0.21350355
-0.09874618 , -2.4874945 , 0.20746523
-0.13719742 , -2.4751458 , 0.2124601
-0.14858034 , -2.4565914 , 0.21197468
-0.15886436 , -2.4378633 , 0.2115089
-0.11244965 , -2.426435 , 0.20368588
-0.10397327 , -2.4331608 , 0.20353438
-0.09176785 , -2.4394455 , 0.20553781
-0.14998452 , -2.4066286 , 0.20818835
-0.15536036 , -1.9643269 , 0.16556855
-0.20210202 , -1.4939771 , 0.13283265
-0.17968953 , -2.2298725 , 0.1986141
-0.14832044 , -2.3968797 , 0.20702125
-0.1207378 , -2.3741481 , 0.19975105
0.49932563 , 6.3867474 , 0.25480866
0.5883339 , 7.2434 , 0.23972583
0.38925222 , 3.9394352 , 0.3387336
0.47452837 , 4.701449 , 0.33785746
0.31207493 , 2.6543639 , 0.3612765
0.31471273 , 3.014078 , 0.34800097
0.25125498 , 4.080175 , 0.28806722
0.50411767 , 2.3944738 , 0.3526125
0.42251045 , 4.364868 , 0.3334069
0.23712775 , 3.923934 , 0.29082376
0.1619758 , 2.076685 , 0.33837172
-0.090826206 , -2.3785398 , 0.19601154
-0.15852903 , -2.0083258 , 0.18191324
-0.12944786 , -2.3600786 , 0.20133832
-0.10311139 , -2.4726226 , 0.2086072
-0.18876748 , -1.7170888 , 0.17235126
-0.15736964 , -2.0135274 , 0.18192458
-0.12730215 , -2.3608315 , 0.20140302
0.33135113 , 4.932158 , 0.27099937
0.15171042 , 3.0797408 , 0.30627415
0.35829228 , 3.452175 , 0.3439665
0.31597716 , 4.7802205 , 0.27364737
0.17506534 , 2.927767 , 0.30868757
-0.10000715 , -2.4934113 , 0.2093271
-0.17103003 , -1.8747864 , 0.17636414
-0.13994505 , -2.1856072 , 0.19027282
0.16694658 , 1.9539819 , 0.3412204
-0.104852505 , -2.2443254 , 0.17683813
-0.146386 , -1.8815461 , 0.13613151
-0.19396347 , -1.6657636 , 0.17118025
-0.15757711 , -1.999604 , 0.18089339
-0.122912616 , -2.3999753 , 0.20451683
0.42537132 , 4.4112763 , 0.33267975
0.6351668 , 6.4676104 , 0.30722046
0.3934329 , 5.550748 , 0.25914863
0.20208916 , 3.448813 , 0.29898208
0.45241976 , 6.1042166 , 0.24981716
0.27196482 , 4.33071 , 0.28185558
0.1666991 , 2.406032 , 0.31517825
-0.0045817844 , -2.4551308 , 0.20913641
0.15929863 , 2.0799272 , 0.3388708
-0.08133278 , -2.402739 , 0.19766118
-0.123360276 , -2.078581 , 0.15315694
-0.15447162 , -1.8031557 , 0.1255968
-0.17731415 , -1.7922465 , 0.17261572
-0.14783815 , -2.0672622 , 0.18258892
-0.11957318 , -2.3844757 , 0.20479812
0.38451722 , 3.996284 , 0.33765632
0.5546565 , 5.772144 , 0.314802
0.4840175 , 6.404317 , 0.24393532
0.29929504 , 4.6451616 , 0.27433997
0.13114452 , 2.7797139 , 0.30887845
0.35247624 , 3.61886 , 0.34202728
0.5160721 , 5.411632 , 0.3191252
0.52313566 , 6.7463174 , 0.23859993
0.33266857 , 4.989992 , 0.26744133
0.1642055 , 3.1646905 , 0.3023069
0.13726583 , 1.7973607 , 0.3439459
-0.10153333 , -2.264088 , 0.17663331
-0.13519576 , -1.9719867 , 0.14066127
-0.16582516 , -1.705519 , 0.11761639
-0.16427669 , -1.9067563 , 0.17561324
-0.13530216 , -2.1890323 , 0.18916555
0.14965338 , 1.9873536 , 0.34047374
-0.09089784 , -2.3607686 , 0.19018492
-0.12585501 , -2.0552378 , 0.14920245
-0.15612474 , -1.7873731 , 0.12307788
-0.17133754 , -1.8397845 , 0.17337495
-0.14259969 , -2.1111636 , 0.1844002
0.25459716 , 2.2694178 , 0.35165367
0.39965504 , 4.197101 , 0.33500934
0.5742066 , 5.9617786 , 0.31266606
0.45714232 , 6.172107 , 0.24684267
0.27568555 , 4.4128866 , 0.27832592
0.10760987 , 2.521309 , 0.3126526
0.3670595 , 3.8245509 , 0.3395662
0.5346821 , 5.6016493 , 0.31674746
0.4952949 , 6.5126367 , 0.24144866
0.3085963 , 4.759282 , 0.27130222
0.14026386 , 2.916667 , 0.30614364
-0.09471324 , -2.5028043 , 0.2088255
-0.106206864 , -2.2326455 , 0.17133121
-0.13723117 , -1.9525403 , 0.13733938
-0.17779325 , -1.6923528 , 0.14306267
-0.15870443 , -1.9524192 , 0.17677657
-0.13058735 , -2.2323651 , 0.1916736
0.14010128 , 1.8974134 , 0.34203535
-0.095957644 , -2.3235776 , 0.18390019
-0.12816586 , -2.0334764 , 0.14545172
-0.1576881 , -1.7730732 , 0.12069171
-0.16558826 , -1.8860285 , 0.17425247
-0.1377802 , -2.154491 , 0.18639004
0.26794875 , 2.5077834 , 0.35169315
0.41541407 , 4.3947372 , 0.33229563
0.5942097 , 6.1507983 , 0.31072918
0.43075457 , 5.9409165 , 0.24990602
0.25222582 , 4.179701 , 0.2823552
0.0830537 , 2.2582073 , 0.31895736
0.023425736 , 1.9692149 , 0.3271238
0.10177114 , 2.7415993 , 0.3079263
0.06384047 , 2.958834 , 0.25725812
-0.017386874 , 2.1816201 , 0.28458792
-0.07695941 , 1.4553525 , 0.3212344
0.43499026 , 6.1531215 , 0.22916938
0.30372083 , 5.0672827 , 0.2310767
0.18759608 , 4.0378447 , 0.23935226
-0.086616695 , 1.3060985 , 0.33102214
-0.050448522 , 1.5315928 , 0.33257285
-0.014746465 , 1.7244068 , 0.33191127
0.028088545 , 1.9426349 , 0.3283175
0.18420073 , 3.4294367 , 0.306162
0.30485916 , 4.309188 , 0.31522864
0.45239037 , 5.3745213 , 0.31661987
0.607068 , 6.438852 , 0.30882585
0.17948134 , 2.0071847 , 0.3497104
0.096016236 , 1.7718885 , 0.34768265
0.032603037 , 1.5790073 , 0.34823388
-0.02165759 , 1.365862 , 0.35098648
-0.062458724 , 1.4547371 , 0.33296818
-0.027436176 , 1.6489003 , 0.3329953
0.011601483 , 1.8462924 , 0.3305724
0.06775558 , 2.1184423 , 0.3235898
0.13753265 , 1.8734574 , 0.3486817
0.06528985 , 1.6712275 , 0.34786153
0.0071185655 , 1.4797459 , 0.3495372
-0.083303034 , 1.3185222 , 0.33271572
-0.04783897 , 1.5315502 , 0.3337918
-0.012371471 , 1.7153549 , 0.33295372
0.031204484 , 1.9296236 , 0.32907727
0.18822339 , 1.9940367 , 0.35037315
0.10186931 , 1.7613832 , 0.34821114
0.037519503 , 1.5764419 , 0.3485969
-0.016971542 , 1.3748792 , 0.35132357
-0.0680785 , 1.4087516 , 0.33402705
-0.033502474 , 1.5993104 , 0.33431616
0.0038738768 , 1.7830374 , 0.33238497
0.055266082 , 2.0274034 , 0.32668632
0.14450154 , 1.8601103 , 0.34930125
0.07056752 , 1.6631323 , 0.34831032
0.011866277 , 1.4815948 , 0.34985122
-0.08895766 , 1.2711222 , 0.33367023
-0.05351131 , 1.4854996 , 0.334927
-0.018924372 , 1.6618375 , 0.3344527
0.022217914 , 1.857264 , 0.33119622
0.19763897 , 1.9790593 , 0.35105672
0.10783946 , 1.7490867 , 0.34876075
0.042440195 , 1.5718479 , 0.3489693
-0.012311344 , 1.381794 , 0.3516198
-0.073632464 , 1.3634104 , 0.33507648
-0.039374024 , 1.5517292 , 0.33557582
-0.003434345 , 1.7235571 , 0.3341045
0.0441598 , 1.9431727 , 0.329313
0.1517303 , 1.84504 , 0.34993172
0.075900495 , 1.6531051 , 0.34877393
0.01659385 , 1.481362 , 0.35015905
-0.035385206 , 1.2722946 , 0.3540643
-0.05907791 , 1.4406277 , 0.33602378
-0.02520065 , 1.6110314 , 0.33588016
0.013805278 , 1.7895982 , 0.33319074
0.20805883 , 1.9619352 , 0.3517568
0.11394509 , 1.7349855 , 0.34932393
0.04737199 , 1.5652127 , 0.34934866
-0.0076776785 , 1.3866009 , 0.3518775
-0.07913267 , 1.3185151 , 0.3361353
-0.04507587 , 1.5059245 , 0.33678058
-0.010363613 , 1.6675655 , 0.33573994
0.03402635 , 1.8648796 , 0.3316794
0.1592683 , 1.828162 , 0.35056496
0.081301875 , 1.6411409 , 0.34924972
0.021304995 , 1.4790233 , 0.35046357
-0.030795755 , 1.2829304 , 0.35436112
-0.06455776 , 1.3967342 , 0.33708894
-0.031231117 , 1.5626829 , 0.33724087
0.005904492 , 1.726289 , 0.335078
0.2202267 , 1.9420377 , 0.35253856
0.12020725 , 1.7190543 , 0.3498971
0.052323215 , 1.5565255 , 0.3497354
-0.0030719456 , 1.3892792 , 0.35211107
-0.084597446 , 1.2738457 , 0.3372125
-0.050633978 , 1.4616699 , 0.33793482
-0.016953507 , 1.614783 , 0.33729663
0.024669364 , 1.7919713 , 0.33387357
0.16717835 , 1.8093517 , 0.351192
0.08678349 , 1.6272327 , 0.3497367
0.026002342 , 1.4745584 , 0.35076827
-0.026247801 , 1.2912668 , 0.3544841
-0.069960155 , 1.3536268 , 0.3381276
-0.037039284 , 1.5165447 , 0.3385387
-0.0015302816 , 1.6670239 , 0.33686963
0.04857734 , 1.8682668 , 0.33221534
0.1266566 , 1.7012521 , 0.3504758
0.057308562 , 1.5457753 , 0.35013
0.0015111397 , 1.3898011 , 0.3523336
-0.09008099 , 1.2291285 , 0.3382624
-0.05608228 , 1.4187456 , 0.33904305
-0.023249278 , 1.5649372 , 0.3387804
0.01595701 , 1.7240267 , 0.33593926
0.1755368 , 1.7884282 , 0.35179505
0.09234917 , 1.6113697 , 0.35023195
0.03068145 , 1.4679496 , 0.35107487
-0.021746198 , 1.2973803 , 0.35454082
-0.07527766 , 1.3111148 , 0.33914316
-0.042640217 , 1.4723743 , 0.33977965
-0.008532095 , 1.6115029 , 0.3385778
0.03746609 , 1.7898226 , 0.3346394
0.13333799 , 1.6815206 , 0.3510492
0.062350664 , 1.5329535 , 0.3505295
0.006084787 , 1.3881402 , 0.35255167
-0.0700693 , 1.184067 , 0.34906754
-0.061448235 , 1.376947 , 0.34011215
-0.029286342 , 1.5177683 , 0.34020132
0.0078042536 , 1.6606951 , 0.3379088
0.18447559 , 1.7651162 , 0.3523259
0.098009355 , 1.5935271 , 0.3507237
0.03534535 , 1.4591748 , 0.35137913
-0.017289989 , 1.301272 , 0.35460028
-0.08055587 , 1.2689807 , 0.34013578
-0.04808645 , 1.4299213 , 0.34097224
-0.015174254 , 1.5594214 , 0.34022006
0.027473113 , 1.7168046 , 0.33689737
0.14025159 , 1.6597993 , 0.3515776
0.06743507 , 1.5180653 , 0.35091397
0.010620789 , 1.3842869 , 0.35275647
-0.03950063 , 1.2030663 , 0.3577821
-0.07946786 , -2.5297441 , 0.20555547
-0.06905839 , -2.5494297 , 0.20253894
-0.064614534 , -2.50621 , 0.19842143
-0.06256702 , -2.3594563 , 0.18807979
-0.0641272 , -2.5221326 , 0.19833598
-0.06971044 , -2.551569 , 0.20222479
-0.080807544 , -2.524029 , 0.20534164
-0.012610199 , -2.4110434 , 0.17549664
-0.035995048 , -2.5320544 , 0.19570348
-0.063757494 , -2.5467875 , 0.20476747
-0.09901934 , -2.517912 , 0.20924026
-0.09616933 , -2.5180914 , 0.20874403
-0.061026487 , -2.5497031 , 0.20381871
-0.03348423 , -2.532832 , 0.19425856
-0.009228474 , -2.4021351 , 0.17167027
-0.06370284 , -2.4981673 , 0.19567956
-0.06727327 , -2.5540752 , 0.20050685
-0.077189915 , -2.535663 , 0.2035538
-0.08113522 , -2.5017998 , 0.20826302
-0.080192275 , -2.534105 , 0.20670062
-0.048131086 , -2.554428 , 0.19990538
-0.023289716 , -2.50276 , 0.18689357
-0.061613917 , -2.4106042 , 0.18907186
-0.06370523 , -2.5410807 , 0.19751507
-0.07052738 , -2.553991 , 0.20120834
-0.0823375 , -2.5153234 , 0.20450242
-0.10111666 , -2.5081856 , 0.20848046
-0.06479419 , -2.5499308 , 0.20382103
-0.03589614 , -2.5485375 , 0.19491044
-0.011532677 , -2.4452505 , 0.17526707
-0.062085558 , -2.4977374 , 0.1933684
-0.0657382 , -2.5599082 , 0.19870228
-0.07554331 , -2.5405202 , 0.20182103
-0.08419734 , -2.4938333 , 0.20637952
-0.08467758 , -2.5274024 , 0.20654264
-0.051067643 , -2.5603943 , 0.20013998
-0.024934016 , -2.527396 , 0.18824682
-0.059383627 , -2.397562 , 0.18683633
-0.06251503 , -2.5450604 , 0.19553682
-0.06903663 , -2.5605621 , 0.19949088
-0.081182495 , -2.5176978 , 0.20265041
-0.10611855 , -2.496315 , 0.20831507
-0.0688181 , -2.5477521 , 0.20381154
-0.038517717 , -2.561262 , 0.19549228
-0.013732363 , -2.4826355 , 0.17837754
-0.060459223 , -2.4964404 , 0.1911487
-0.06424417 , -2.5662463 , 0.1969024
-0.07386258 , -2.546727 , 0.20011048
-0.08512202 , -2.4906409 , 0.20428851
-0.08943054 , -2.518479 , 0.20640218
-0.054331843 , -2.56369 , 0.20034198
-0.026922507 , -2.5483093 , 0.18944031
-0.0012184902 , -2.3950527 , 0.1597104
-0.06113135 , -2.5490205 , 0.19358982
-0.06745328 , -2.567949 , 0.19778669
-0.07974044 , -2.5220692 , 0.20084324
-0.11101402 , -2.4823472 , 0.20830007
-0.07303053 , -2.5431561 , 0.20378894
-0.041242834 , -2.571025 , 0.196007
-0.015664736 , -2.514805 , 0.18093665
-0.058755297 , -2.493789 , 0.18925211
-0.062769055 , -2.572972 , 0.1951202
-0.07215256 , -2.5541148 , 0.19842659
-0.084971786 , -2.490925 , 0.202177
-0.09441041 , -2.507351 , 0.2062875
-0.05788767 , -2.5643878 , 0.20051064
-0.029173044 , -2.5657806 , 0.1904822
-0.0035966951 , -2.4459324 , 0.16719326
-0.05961746 , -2.5527956 , 0.19172224
-0.065823965 , -2.5760562 , 0.19610137
-0.07810976 , -2.5281808 , 0.19908415
-0.115841895 , -2.4659119 , 0.2084323
-0.07747536 , -2.5361774 , 0.20375417
-0.044169232 , -2.577922 , 0.19645734
-0.017627869 , -2.5423598 , 0.18304059
-0.056764834 , -2.4891748 , 0.18807817
-0.061250992 , -2.5799968 , 0.19337253
-0.07039568 , -2.5625567 , 0.19677112
-0.0841498 , -2.4939632 , 0.20014289
-0.09955812 , -2.4939837 , 0.20621108
-0.061694592 , -2.5625255 , 0.20064668
-0.03160857 , -2.5799813 , 0.19138695
-0.005721495 , -2.4891973 , 0.1720772
-0.057993338 , -2.55616 , 0.19000854
-0.0641692 , -2.5847888 , 0.19444107
-0.07634986 , -2.5358176 , 0.19737296
-0.085161865 , -2.4554367 , 0.20323522
-0.082162865 , -2.5268433 , 0.20371011
-0.04733323 , -2.582037 , 0.19684756
-0.019720178 , -2.565762 , 0.18478668
-0.05427423 , -2.4815612 , 0.18807869
-0.059667587 , -2.587218 , 0.19168226
-0.06859583 , -2.5719388 , 0.1951449
-0.08288475 , -2.499293 , 0.1982149
-0.10481764 , -2.4782898 , 0.2061813
-0.06574955 , -2.55814 , 0.2007526
-0.03423235 , -2.5910547 , 0.19217125
-0.007787598 , -2.5261064 , 0.17563596
-0.01834566 , -2.8716137 , 0.17655523
0.04705989 , -3.574087 , 0.14293958
0.17474395 , -4.2143755 , 0.1665349
0.097967364 , -3.5180657 , 0.16958542
0.033458322 , -2.8156064 , 0.17188787
-0.1383025 , -2.062425 , 0.17213538
-0.04529774 , -2.75093 , 0.17184837
0.047964137 , -3.4183698 , 0.1697195
0.14820445 , -4.0650516 , 0.16648602
-0.016224692 , -2.5797842 , 0.18290487
-0.044255245 , -2.5937316 , 0.19515063
-0.0792205 , -2.531756 , 0.202249
-0.117728226 , -2.4354408 , 0.20757334
0.04312149 , -3.6013672 , 0.11771555
-0.029792687 , -2.9402118 , 0.118386276
-0.104928985 , -2.2566423 , 0.11763841
-0.08709907 , -2.4560657 , 0.19872862
-0.07383454 , -2.5481997 , 0.19494075
-0.061802775 , -2.5985625 , 0.19207984
-0.055388626 , -2.5619614 , 0.18802871
-0.008292402 , -2.5397902 , 0.17663708
-0.035050362 , -2.595526 , 0.19230945
-0.06714397 , -2.5564005 , 0.20066762
-0.10667166 , -2.4713652 , 0.20608185
-0.08242427 , -2.5008926 , 0.19736381
-0.06792502 , -2.57592 , 0.19439813
-0.05896765 , -2.5914729 , 0.19095461
-0.053001057 , -2.4810157 , 0.18840286
-0.002368422 , -2.0757303 , 0.15906283
-0.0019603167 , -2.1020963 , 0.1585453
-0.027457053 , -2.284793 , 0.27560303
-0.0015505642 , -2.1786861 , 0.1606133
0.00038209424 , -2.2142103 , 0.14237995
-0.029709235 , -2.2538295 , 0.15245366
-0.028620977 , -2.3498821 , 0.17375682
-0.06717825 , -2.2051833 , 0.19296804
-0.067374766 , -2.1988804 , 0.18467017
-0.023438556 , -2.3356903 , 0.19167426
-0.068020426 , -2.145264 , 0.18825375
-0.067453735 , -2.1416376 , 0.18964157
-0.024096264 , -2.3237267 , 0.16983864
-0.0297417 , -2.088805 , 0.17420073
0.009252253 , -2.1178496 , 0.15836461
-0.025087746 , -2.3952947 , 0.17522286
0.008094547 , -2.1947129 , 0.158544
0.008739706 , -2.2231946 , 0.15906037
-0.020636156 , -2.3866487 , 0.17635106
0.0091573205 , -2.3025937 , 0.15829721
0.010228072 , -2.3320932 , 0.15863873
-0.020534027 , -2.3790534 , 0.17589311
-0.02160537 , -2.4421961 , 0.17660953
-0.059347153 , -2.326811 , 0.19264445
0.166027 , -4.5923505 , 0.117218316
0.006859255 , -3.0988913 , 0.16808629
0.1071033 , -4.0757127 , 0.13465568
0.105858006 , -4.095276 , 0.12590133
0.025259709 , -3.3299587 , 0.15624598
-0.04188233 , -2.540076 , 0.18980826
0.1657146 , -3.9264631 , 0.16868453
0.075136095 , -2.930985 , 0.17055714
0.029795071 , -2.6354494 , 0.168524
0.09714764 , -3.4233785 , 0.17021565
0.17737928 , -4.1857486 , 0.16677295
0.07163614 , -3.7871509 , 0.13696165
-0.0036238031 , -3.01549 , 0.17045425
0.024956917 , -2.5753906 , 0.16730529
0.090449415 , -3.3585327 , 0.17051613
0.16921067 , -4.118409 , 0.16700235
0.07743737 , -3.8420699 , 0.13463645
0.0016950386 , -3.077532 , 0.16754256
0.02055796 , -2.5163646 , 0.1656552
0.083893776 , -3.29432 , 0.17079721
0.16121012 , -4.0516667 , 0.16722898
0.083223745 , -3.8961759 , 0.13236879
0.007010302 , -3.1385143 , 0.16464669
0.016889976 , -2.4580822 , 0.16335264
0.0774789 , -3.2307684 , 0.17105412
0.15337257 , -3.9854963 , 0.16746268
0.088999 , -3.949513 , 0.13015316
0.0123274475 , -3.1985006 , 0.16177699
-0.049452692 , -2.4320955 , 0.1923656
0.07120645 , -3.1679528 , 0.17127709
0.14569412 , -3.9198973 , 0.1677077
0.094766244 , -4.002113 , 0.12798342
0.017645616 , -3.2574704 , 0.15894134
-0.044436526 , -2.4981813 , 0.19084454
0.06507647 , -3.1058908 , 0.17145929
-0.09565713 , -0.7727007 , 0.41751373
-0.101466045 , -0.2763357 , 0.41235816
-0.11350657 , 0.05817077 , 0.4050832
-0.13376556 , 0.21281722 , 0.39807394
-0.095467 , -0.6057568 , 0.4153864
-0.103102244 , -0.15210599 , 0.4096017
-0.116786085 , 0.1334585 , 0.40233812
-0.13926926 , 0.24278541 , 0.39558455
-0.09585001 , -0.4496939 , 0.4130731
-0.10508108 , -0.040732536 , 0.40679988
-0.12060359 , 0.19657733 , 0.39964455
-0.09114804 , -0.80067885 , 0.41400528
-0.09669839 , -0.3049993 , 0.41060293
-0.10741402 , 0.05777895 , 0.40398118
-0.1250267 , 0.24797575 , 0.397012
-0.09076694 , -0.6320084 , 0.41220453
-0.097934775 , -0.1721212 , 0.4079988
-0.11013982 , 0.14356214 , 0.4011737
-0.13004082 , 0.28810892 , 0.3944422
-0.09091852 , -0.47287592 , 0.4102089
-0.099514574 , -0.051458042 , 0.40528786
-0.11331541 , 0.21689428 , 0.39840242
-0.1353667 , 0.31737426 , 0.39192745
-0.09150119 , -0.32370508 , 0.4080358
-0.101427734 , 0.056700505 , 0.40250516
-0.117006324 , 0.2781719 , 0.39568624
-0.08440553 , -0.63458323 , 0.4081524
-0.09245441 , -0.1849922 , 0.40569043
-0.10369356 , 0.15223451 , 0.39968938
-0.12126793 , 0.32786557 , 0.3930362
-0.084663756 , -0.47558096 , 0.40644386
-0.09373155 , -0.057320233 , 0.40318152
-0.10635157 , 0.23521699 , 0.39687666
-0.12609087 , 0.36646062 , 0.39045474
-0.08528678 , -0.32538867 , 0.40458086
-0.095311604 , 0.058727887 , 0.40053555
-0.10945274 , 0.30589733 , 0.39409685
-0.1312684 , 0.394394 , 0.3879341
-0.08618535 , -0.18423343 , 0.4025531
-0.09720399 , 0.16270165 , 0.39779505
-0.11305185 , 0.36466137 , 0.39137232
-0.07620022 , -0.45121685 , 0.40185392
-0.087341286 , -0.052605495 , 0.40033862
-0.0994413 , 0.25437415 , 0.39500707
-0.117193684 , 0.411984 , 0.38871774
-0.07721453 , -0.3030283 , 0.40024891
-0.088738486 , 0.06877448 , 0.39793316
-0.10206808 , 0.333755 , 0.39221302
-0.12187195 , 0.4483759 , 0.38613915
-0.078447066 , -0.16287987 , 0.39853248
-0.090383366 , 0.17914598 , 0.39536557
-0.105132826 , 0.40104994 , 0.38944536
-0.12693363 , 0.47432262 , 0.38363126
-0.07978213 , -0.030788958 , 0.39665952
-0.08957777 , 0.82879794 , 0.36813304
-0.11505645 , 0.78750896 , 0.36411053
-0.050922208 , 0.7120984 , 0.3714726
-0.07169239 , 0.82486033 , 0.3694688
-0.09387681 , 0.8567247 , 0.36564606
-0.024363903 , 0.6812483 , 0.36749983
-0.053833496 , 0.7917191 , 0.36946675
-0.07489377 , 0.87656254 , 0.36707494
-0.098648794 , 0.87461585 , 0.36320782
-0.030466113 , 0.7638637 , 0.3669187
-0.056711335 , 0.8625753 , 0.36733308
-0.07847781 , 0.9183327 , 0.36467552
-0.10381962 , 0.8828282 , 0.36086363
-0.03517913 , 0.84422576 , 0.3657351
-0.059715007 , 0.9243024 , 0.36514226
-0.08249059 , 0.95025986 , 0.36228055
-0.10923795 , 0.8820295 , 0.35869205
-0.03903304 , 0.9191321 , 0.3640435
-0.06294307 , 0.97681093 , 0.36292094
-0.086967275 , 0.97245044 , 0.3598983
-0.007402077 , 0.94461125 , 0.3592701
-0.04251245 , 0.9864918 , 0.362127
-0.06646437 , 1.0200994 , 0.3606815
-0.09191811 , 0.98501843 , 0.35753757
-0.015232221 , 1.0126376 , 0.35904735
-0.04592096 , 1.0456088 , 0.36013576
-0.0703345 , 1.0541942 , 0.35843304
-0.09729697 , 0.98810357 , 0.35521993
-0.020925801 , 1.0794605 , 0.35787532
-0.04941838 , 1.0963573 , 0.35811162
-0.07460193 , 1.0791385 , 0.35618418
-0.10296708 , 0.9820348 , 0.3530242
-0.025512299 , 1.140584 , 0.3561999
-0.053097706 , 1.138733 , 0.35606438
-0.07930716 , 1.0949886 , 0.35394308
0.011617552 , 1.2251239 , 0.3508264
-0.029679697 , 1.1943461 , 0.35440826
-0.057025906 , 1.1727338 , 0.35399908
-0.08447446 , 1.1018013 , 0.351715
0.0018509381 , 1.2785747 , 0.35085776
-0.03374398 , 1.2405747 , 0.35259232
-0.061259642 , 1.1983516 , 0.35192245
-0.09009533 , 1.0996033 , 0.3494973
-0.0047996053 , 1.3306199 , 0.34952953
-0.037849497 , 1.2793401 , 0.35075805
-0.06584975 , 1.2155826 , 0.34984428
-0.09610378 , 1.0883405 , 0.3472905
-0.010233215 , 1.3762566 , 0.34792224
-0.04208227 , 1.3106732 , 0.34890133
-0.07083994 , 1.22444 , 0.3477778
0.032595113 , 1.5233796 , 0.34241003
-0.015242133 , 1.4150643 , 0.34631896
-0.046508554 , 1.3345463 , 0.34702125
-0.07626045 , 1.224956 , 0.3457405
-0.07758214 , -0.69568694 , 0.39105874
-0.095160015 , -0.34583706 , 0.3982558
-0.06324773 , -1.8392361 , 0.37437055
-0.06736638 , -1.082352 , 0.38465315
-0.080640465 , -0.5741152 , 0.39255396
-0.10017378 , -0.27632642 , 0.40013647
-0.061301347 , -1.6092691 , 0.3766052
-0.06916685 , -0.9195876 , 0.38647914
-0.08408953 , -0.46499965 , 0.3940953
-0.10599646 , -0.2203352 , 0.40211147
-0.060847435 , -1.3966771 , 0.37883678
-0.071469255 , -0.7708899 , 0.38815427
-0.08796352 , -0.36846414 , 0.39570957
-0.112824716 , -0.17766973 , 0.4041194
-0.061524265 , -1.201095 , 0.3809855
-0.07419402 , -0.6354814 , 0.3897424
-0.092327185 , -0.284754 , 0.39740855
-0.120218195 , -0.14776792 , 0.4061579
-0.062964246 , -1.0217018 , 0.382991
-0.07730486 , -0.5129305 , 0.39129502
-0.097277135 , -0.21409972 , 0.39917836
-0.05470194 , -1.5375059 , 0.37575766
-0.06496315 , -0.85750645 , 0.38483796
-0.080800734 , -0.40306965 , 0.39285
-0.10295292 , -0.15652934 , 0.40097877
-0.054794796 , -1.3276467 , 0.3776235
-0.067410246 , -0.7075963 , 0.38654765
-0.08470944 , -0.30591494 , 0.39443168
-0.109494135 , -0.11176224 , 0.40277207
-0.05592057 , -1.1330738 , 0.3795115
-0.07024694 , -0.57127374 , 0.3881582
-0.08908351 , -0.22156824 , 0.39604664
-0.11653814 , -0.07931199 , 0.40456706
-0.057726763 , -0.9537068 , 0.38135508
-0.07345025 , -0.44809 , 0.389709
-0.09400339 , -0.15008545 , 0.3976799
-0.047006942 , -1.4520583 , 0.37501794
-0.06001151 , -0.78912354 , 0.3831102
-0.07702457 , -0.3378146 , 0.39123213
-0.09958446 , -0.09134791 , 0.39930186
-0.047722828 , -1.2464905 , 0.37652704
-0.062678106 , -0.63876563 , 0.38476515
-0.08099596 , -0.24036711 , 0.39274687
-0.105927065 , -0.045027446 , 0.40089208
-0.04936458 , -1.0545826 , 0.37811282
-0.065686576 , -0.5021121 , 0.38633242
-0.08541012 , -0.1557197 , 0.39425606
-0.11273606 , -0.0106898565 , 0.40246546
-0.051609498 , -0.87674934 , 0.37972236
-0.06902962 , -0.37877393 , 0.38783506
-0.09033659 , -0.08378637 , 0.39574644
-0.038170174 , -1.3519388 , 0.37425512
-0.054255493 , -0.71302384 , 0.38130608
-0.07272106 , -0.26850688 , 0.38929436
-0.003454876 , 0.195051 , 0.36877203
-0.03759045 , 0.4329971 , 0.37367684
-0.07122123 , 0.5333071 , 0.37929943
0.030814992 , 0.002373377 , 0.36671466
-0.009626182 , 0.3000975 , 0.36914212
-0.043740686 , 0.49782684 , 0.37431434
-0.078424364 , 0.5580722 , 0.3797767
0.023180049 , 0.12512454 , 0.36643955
-0.01581847 , 0.39416316 , 0.36960715
-0.05018593 , 0.5511257 , 0.37490794
-0.085630484 , 0.5730377 , 0.3802014
0.015983608 , 0.24044512 , 0.36629996
-0.02208384 , 0.47685117 , 0.3701191
-0.056982588 , 0.59327453 , 0.37544355
0.057006966 , 0.081160985 , 0.3654444
0.009014192 , 0.3472202 , 0.36634955
-0.028472614 , 0.5480561 , 0.37064314
-0.06415194 , 0.62474793 , 0.37590912
0.04733149 , 0.19835794 , 0.36489686
0.0021414221 , 0.44431552 , 0.36655703
-0.035041884 , 0.6078688 , 0.3711575
-0.07162043 , 0.64610547 , 0.3762981
0.038632013 , 0.30995277 , 0.36436376
-0.004702646 , 0.5309514 , 0.36686262
-0.041855577 , 0.6565018 , 0.37164807
-0.079162374 , 0.6579489 , 0.37661588
0.030525964 , 0.41510323 , 0.36402938
-0.011563289 , 0.606747 , 0.36721826
-0.048975937 , 0.69425315 , 0.37210238
0.07668177 , 0.30663112 , 0.36391437
0.022711286 , 0.51233846 , 0.36392352
-0.018488187 , 0.671605 , 0.36759514
-0.056439754 , 0.72151375 , 0.3725038
0.06546216 , 0.41035125 , 0.3630287
0.015043539 , 0.60038316 , 0.36397913
-0.025534764 , 0.72558975 , 0.36797795
-0.06420921 , 0.738805 , 0.37282962
0.05559843 , 0.5099776 , 0.36223686
0.007464711 , 0.67850024 , 0.3641246
-0.03276811 , 0.76885474 , 0.36835808
-0.07211747 , 0.74680644 , 0.37306097
0.046472 , 0.60406566 , 0.36174068
-6.4581254e-05 , 0.74638414 , 0.36431813
-0.0402536 , 0.8016076 , 0.3687284
0.09825228 , 0.54923415 , 0.3623799
0.037695505 , 0.69069237 , 0.36150432
-0.0075923796 , 0.80396783 , 0.3645406
-0.04804078 , 0.8241174 , 0.3690756
0.085321106 , 0.63856566 , 0.361089
0.029130062 , 0.76854926 , 0.36141303
-0.015178119 , 0.8512992 , 0.3647835
-0.0561295 , 0.8367784 , 0.3693687
0.074179605 , 0.72551775 , 0.36005855
0.02073061 , 0.83705086 , 0.36139375
-0.022887856 , 0.88848096 , 0.36504316
-0.064422786 , 0.84023917 , 0.3695538
0.06389022 , 0.80759984 , 0.3594498
0.012457963 , 0.89601 , 0.36141905
-0.030786982 , 0.91564405 , 0.36531785
0.121881664 , 0.80899215 , 0.36081225
0.054015655 , 0.8824501 , 0.3591008
0.0042589996 , 0.9453972 , 0.36148116
-0.038929272 , 0.9329392 , 0.365604
0.10704371 , 0.8832671 , 0.3590433
0.04444496 , 0.94893956 , 0.3588569
-0.003930284 , 0.985244 , 0.36157808
-0.047340322 , 0.94057006 , 0.36588266
0.09447022 , 0.9569183 , 0.3578424
0.03513875 , 1.0067377 , 0.35866413
-0.0121780895 , 1.0156095 , 0.3617092
-0.05599836 , 0.9389483 , 0.36608565
0.08282869 , 1.0258709 , 0.3571805
0.026047915 , 1.0557811 , 0.35851535
-0.020549 , 1.0365671 , 0.36187518
0.14781693 , 1.0859115 , 0.359143
0.07170706 , 1.0876349 , 0.35671455
0.017108766 , 1.0960672 , 0.35841385
-0.029094042 , 1.0481945 , 0.3620791
0.13079718 , 1.1448941 , 0.3568499
0.061025646 , 1.141559 , 0.35629976
0.008249995 , 1.1276038 , 0.35836285
-0.037841238 , 1.0505544 , 0.362326
0.11653478 , 1.2045255 , 0.35564032
0.050729003 , 1.1875966 , 0.35592234
-0.00060025556 , 1.1504045 , 0.35836414
-0.04680513 , 1.0437053 , 0.36259708
0.10330264 , 1.2588487 , 0.3549564
0.040746186 , 1.2257737 , 0.35559443
-0.009507134 , 1.1644969 , 0.35841945
-0.056049008 , 1.0280647 , 0.36271912
0.090790935 , 1.3060981 , 0.3543335
0.030997762 , 1.2560862 , 0.35532698
-0.018519636 , 1.1699218 , 0.3585343
0.15677516 , 1.4243251 , 0.35451856
0.07890273 , 1.3462874 , 0.35372242
0.021403246 , 1.2785045 , 0.35512534
-0.027658587 , 1.1667155 , 0.35872445
0.14035597 , 1.4684933 , 0.35356927
0.06753619 , 1.3795656 , 0.35315073
0.011885407 , 1.2929928 , 0.35499328
-0.036918525 , 1.1548356 , 0.35903543
0.12529503 , 1.5062009 , 0.35277072
0.05659086 , 1.4059837 , 0.35263345
0.002379837 , 1.299537 , 0.3549265
-0.046352915 , 1.1340289 , 0.35951513
0.11127303 , 1.5375023 , 0.35195613
0.045959875 , 1.4254842 , 0.35220248
-0.0071710087 , 1.2981275 , 0.3549549
-0.108138725 , -2.3184552 , 0.43158865
-0.08536541 , -1.7622572 , 0.40771347
-0.038612995 , -0.7912789 , 0.3906457
0.050776515 , 0.67067134 , 0.36419824
-0.10509108 , -2.225043 , 0.42069554
-0.076956 , -1.5827869 , 0.40447167
-0.02141512 , -0.49023783 , 0.38504153
0.08146792 , 1.0891906 , 0.35667282
-0.10036736 , -2.1175914 , 0.41491696
-0.06683192 , -1.3747743 , 0.40073365
-0.0011966863 , -0.15756682 , 0.37892523
0.11597192 , 1.5345703 , 0.34868574
-0.09437222 , -1.9896125 , 0.41122374
-0.05470313 , -1.1368431 , 0.39639515
0.022366796 , 0.20614848 , 0.37233847
-0.11231322 , -2.3981373 , 0.43478325
-0.08717164 , -1.8372872 , 0.40815142
-0.0402435 , -0.8678193 , 0.39144954
0.049604535 , 0.5995826 , 0.36530852
-0.10862062 , -2.302837 , 0.4221259
-0.07861568 , -1.6582953 , 0.40496436
-0.023106009 , -0.56685686 , 0.3859323
0.080903046 , 1.0209004 , 0.35783884
-0.103076026 , -2.1943285 , 0.4156541
-0.06844531 , -1.4509377 , 0.40131792
-0.0029344647 , -0.23363148 , 0.37989175
0.1168145 , 1.4685186 , 0.34991023
-0.096498534 , -2.0658567 , 0.41170293
-0.056344718 , -1.2137095 , 0.3970811
0.020632196 , 0.13146813 , 0.37337106
-0.11809319 , -2.4824386 , 0.4378407
-0.08896735 , -1.9134493 , 0.40857822
-0.041965224 , -0.94525236 , 0.39223343
0.047979172 , 0.5272135 , 0.3663973
-0.112774394 , -2.3836088 , 0.42370823
-0.080260806 , -1.7347294 , 0.40543786
-0.024939176 , -0.64449805 , 0.38680494
0.07961835 , 0.9516258 , 0.35897243
-0.10582333 , -2.2731977 , 0.4164463
-0.07006289 , -1.5279223 , 0.4018809
-0.00489092 , -0.31087896 , 0.38084215
0.11664789 , 1.4024847 , 0.35106203
-0.09851531 , -2.1436915 , 0.4121934
-0.05802119 , -1.291383 , 0.39774618
0.018556492 , 0.055454355 , 0.3743885
-0.12733053 , -2.5729017 , 0.44858515
-0.0906528 , -1.9908258 , 0.4089966
-0.04376276 , -1.0235564 , 0.3929982
0.04578866 , 0.4534512 , 0.3674712
-0.11702867 , -2.4678435 , 0.4252201
-0.08183067 , -1.8121306 , 0.4058943
-0.026902644 , -0.72313786 , 0.38766083
0.07724988 , 0.88112694 , 0.36009115
-0.10812638 , -2.354455 , 0.41730714
-0.071646444 , -1.6057396 , 0.40242368
-0.007054086 , -0.3892975 , 0.38177788
0.11357906 , 1.3359035 , 0.35219848
-0.10017785 , -2.2232738 , 0.41270217
-0.059706148 , -1.3698548 , 0.39839128
0.016158987 , -0.021913791 , 0.37539405
0.15346304 , 1.8297311 , 0.34348798
-0.098817416 , -3.165447 , 0.41910374
-0.07231654 , -2.165271 , 0.40280792
-0.006192363 , -0.76156956 , 0.38288268
0.12378603 , 1.3062685 , 0.35377508
-0.13945162 , -2.861962 , 0.51136285
-0.14550243 , -2.6410067 , 0.48704895
-0.13299717 , -3.2296724 , 0.48848537
-0.13376737 , -3.0060601 , 0.48255464
-0.13370311 , -2.7876112 , 0.47668642
-0.13404334 , -2.5824447 , 0.47006568
-0.1339042 , -3.1139526 , 0.47058576
-0.13237193 , -2.8947968 , 0.46627077
-0.13020423 , -2.6869256 , 0.46205696
-0.12865852 , -2.490935 , 0.45799258
-0.12718268 , -2.3061078 , 0.45425743
-0.12979831 , -2.7427158 , 0.45440447
-0.12679179 , -2.545003 , 0.45149043
-0.12438119 , -2.356123 , 0.4486777
-0.12234356 , -2.1751604 , 0.44598743
-0.11991711 , -2.0011508 , 0.4434161
-0.12249635 , -2.3608139 , 0.44287613
-0.11943937 , -2.1761577 , 0.44051298
-0.11682192 , -1.9971309 , 0.43815827
-0.11424025 , -1.8232143 , 0.4358018
-0.11718042 , -2.1332157 , 0.43488997
-0.113310255 , -1.9494147 , 0.43251276
-0.10993018 , -1.769939 , 0.43008688
-0.106741376 , -1.5946053 , 0.42760828
-0.10350827 , -1.4233141 , 0.42506707
-0.105495006 , -1.6714584 , 0.423965
-0.101112135 , -1.489522 , 0.42126477
-0.09698131 , -1.3114878 , 0.41849008
-0.09291472 , -1.1374847 , 0.41564262
-0.088886715 , -0.9676937 , 0.41271868
-0.08960737 , -1.14999 , 0.41134557
-0.08429731 , -0.9686084 , 0.40818396
-0.07905639 , -0.7918142 , 0.4049485
-0.07385585 , -0.6199448 , 0.40165162
-0.07436143 , -0.7443863 , 0.40008903
-0.06779521 , -0.5598138 , 0.39647684
-0.06119627 , -0.38094276 , 0.39279085
-0.054542743 , -0.20825292 , 0.3890655
-0.04798177 , -0.042118147 , 0.38535693
-0.04635916 , -0.0784511 , 0.3831451
-0.038360618 , 0.10079573 , 0.3789316
-0.030198047 , 0.27195936 , 0.37471372
-0.021897411 , 0.4346894 , 0.3706061
-0.013767303 , 0.5891135 , 0.36674643
-0.0092727 , 0.659037 , 0.36305782
0.00025735694 , 0.8249029 , 0.35826415
0.009964443 , 0.97983295 , 0.3537365
0.0198786 , 1.1246283 , 0.34972
0.028209118 , 1.2974752 , 0.3450409
0.038633246 , 1.4527647 , 0.33974206
0.04902681 , 1.5947992 , 0.33477727
0.05900485 , 1.7253122 , 0.3303771
-0.09744078 , -2.773819 , 0.40928352
-0.08272093 , -3.3638654 , 0.39196062
-0.079691686 , -3.1473784 , 0.3814798
-0.08011503 , -2.9235864 , 0.37408078
-0.08482381 , -2.707493 , 0.37267143
-0.09025624 , -2.5069828 , 0.37293455
-0.0691666 , -3.0440037 , 0.3682738
-0.07073554 , -2.8270838 , 0.3680389
-0.07322409 , -2.6221254 , 0.3688142
-0.0757757 , -2.4297688 , 0.3701665
-0.05860908 , -2.897545 , 0.36774778
-0.059589334 , -2.6918702 , 0.3684999
-0.060461763 , -2.4962764 , 0.3694809
-0.06111504 , -2.3099546 , 0.37058026
-0.060861364 , -2.1318493 , 0.37169775
-0.047370825 , -2.5156956 , 0.37004232
-0.04640689 , -2.3267055 , 0.3706927
-0.045406774 , -2.1442404 , 0.37134615
-0.044078484 , -1.9676284 , 0.3719716
-0.0420418 , -1.7962878 , 0.3725434
-0.030303115 , -2.1126807 , 0.3710215
-0.027638841 , -1.9311962 , 0.37130776
-0.025026418 , -1.754175 , 0.3715573
-0.022240823 , -1.5813929 , 0.37176234
-0.011107849 , -1.8504189 , 0.37027138
-0.0067700148 , -1.6673036 , 0.37030953
-0.002811721 , -1.4880809 , 0.3703156
0.0010061165 , -1.3127887 , 0.37028837
0.0047506886 , -1.1415298 , 0.370227
0.018244967 , -1.3467687 , 0.3685801
0.023499632 , -1.1641731 , 0.36846462
0.028416816 , -0.9858093 , 0.3683263
0.033069305 , -0.81196266 , 0.36816433
0.037351318 , -0.6429336 , 0.36796728
0.054892257 , -0.7761057 , 0.36633146
0.0608046 , -0.59485894 , 0.36619407
0.06634719 , -0.41915798 , 0.36603364
0.071477436 , -0.24941581 , 0.36582643
0.09239003 , -0.316881 , 0.36427295
0.09909007 , -0.13383716 , 0.3642514
0.10525547 , 0.042019654 , 0.36419362
0.11102097 , 0.21018866 , 0.36404285
0.11632856 , 0.37046537 , 0.3637229
0.14426866 , 0.40359035 , 0.362885
0.15055764 , 0.5766513 , 0.36303806
0.15640049 , 0.7395754 , 0.3629998
0.16203791 , 0.89248216 , 0.36259705
0.16784436 , 1.0364083 , 0.36166245
0.20263974 , 1.1886986 , 0.36277494
0.20796189 , 1.3413023 , 0.362845
0.2132959 , 1.4816141 , 0.36235687
0.21947414 , 1.6116675 , 0.3610034
0.25920388 , 1.8728157 , 0.36210093
-0.17713471 , -0.698342 , 0.37546727
-0.17949909 , -0.6392862 , 0.38157102
-0.15881628 , -0.6283685 , 0.38753816
-0.16103873 , -0.581093 , 0.39128637
-0.16279143 , -0.5348538 , 0.39468405
-0.16460685 , -0.48973358 , 0.39806888
-0.16552563 , -0.44574493 , 0.40060052
-0.16612495 , -0.40290847 , 0.4027293
-0.16613075 , -0.361199 , 0.40425047
-0.16583613 , -0.3205513 , 0.40539286
-0.16519234 , -0.28088182 , 0.40612963
-0.16429529 , -0.24209598 , 0.40654752
-0.16317971 , -0.20409824 , 0.4066662
-0.16188943 , -0.16679394 , 0.40655187
-0.16338146 , -0.129482 , 0.40533543
-0.16258726 , -0.09188195 , 0.40483984
-0.16155092 , -0.05465842 , 0.40413067
-0.16030666 , -0.017727185 , 0.40321678
-0.1588823 , 0.018993288 , 0.40214324
-0.15730469 , 0.055582177 , 0.40092322
-0.15559088 , 0.0921164 , 0.3995881
-0.15375559 , 0.12867068 , 0.3981464
-0.15180732 , 0.16531742 , 0.39661896
-0.14975241 , 0.20212659 , 0.39501104
-0.14759406 , 0.2391654 , 0.39333665
-0.14533494 , 0.27649707 , 0.39160013
-0.15459347 , 0.3045459 , 0.38683143
-0.15234107 , 0.3412815 , 0.38485947
-0.15000486 , 0.3785658 , 0.38284272
-0.1475802 , 0.41645873 , 0.38078514
-0.14506006 , 0.45501706 , 0.3786873
-0.14243975 , 0.49429595 , 0.3765546
-0.13971165 , 0.5343491 , 0.3743882
-0.13686875 , 0.57522976 , 0.37219274
-0.13390146 , 0.61699086 , 0.3699686
-0.13079575 , 0.6596859 , 0.36771587
-0.12753476 , 0.7033695 , 0.36542928
-0.124089524 , 0.7480981 , 0.36309746
-0.13756527 , 0.7388841 , 0.35680935
-0.13408929 , 0.7829124 , 0.35444847
-0.13052757 , 0.8279954 , 0.3520713
-0.12678064 , 0.8740621 , 0.3496803
-0.12287897 , 0.9210916 , 0.34722298
-0.11882349 , 0.9691891 , 0.34482378
-0.114730485 , 1.0187279 , 0.34260896
-0.12769748 , -0.71366036 , 0.3864869
-0.1293452 , -0.66215557 , 0.39151296
-0.13225989 , -0.6103749 , 0.39672467
-0.13402127 , -0.5616417 , 0.3999256
-0.13488717 , -0.51626134 , 0.40212557
-0.12006549 , -0.49889958 , 0.4023946
-0.12286631 , -0.45473242 , 0.4053443
-0.12488297 , -0.4115324 , 0.4075438
-0.12621242 , -0.3693066 , 0.4090074
-0.1269209 , -0.3280335 , 0.40989715
-0.12720156 , -0.28766587 , 0.4103583
-0.12707146 , -0.24814118 , 0.4104404
-0.12660608 , -0.20938274 , 0.41021702
-0.12584092 , -0.17130615 , 0.40971997
-0.12481792 , -0.1338224 , 0.40900397
-0.12358784 , -0.09684342 , 0.4080952
-0.12218855 , -0.060286745 , 0.4070321
-0.12656866 , -0.022030093 , 0.40531522
-0.12556897 , 0.014577629 , 0.40436694
-0.124325626 , 0.05104572 , 0.40328762
-0.12287041 , 0.08745485 , 0.4020874
-0.12122299 , 0.12388187 , 0.40078762
-0.11940138 , 0.16040061 , 0.39939675
-0.11741816 , 0.1970823 , 0.39793012
-0.11528516 , 0.23399597 , 0.3963934
-0.1130129 , 0.27120844 , 0.39479724
-0.110612676 , 0.30878463 , 0.393145
-0.10809804 , 0.34678718 , 0.3914432
-0.10548582 , 0.3852763 , 0.3896908
-0.115378045 , 0.40626827 , 0.38688675
-0.1128228 , 0.44408104 , 0.38526392
-0.110076435 , 0.48262805 , 0.38361448
-0.1071487 , 0.5219607 , 0.38193855
-0.104045786 , 0.5621294 , 0.38023064
-0.10077425 , 0.6031823 , 0.37849826
-0.0973404 , 0.6451657 , 0.3767393
-0.09374855 , 0.68812394 , 0.37496454
-0.09001218 , 0.7321022 , 0.37317926
-0.086126536 , 0.77714723 , 0.37139276
-0.08211067 , 0.8233127 , 0.36961862
-0.07788632 , 0.8706727 , 0.36781326
-0.09167704 , 0.85081226 , 0.3646871
-0.08781516 , 0.8969707 , 0.36281407
-0.08379476 , 0.94374883 , 0.36099863
-0.079385765 , 0.99129385 , 0.35898387
-0.13580506 , -0.65418285 , 0.38846597
-0.09382449 , -2.444404 , 0.33914834
-0.10413525 , -1.9970611 , 0.33670053
-0.11511179 , -1.6108527 , 0.33520716
-0.09159816 , -2.8234468 , 0.3377339
-0.09538515 , -2.3405824 , 0.3359308
-0.10616547 , -1.9160137 , 0.33374548
-0.117148295 , -1.5386658 , 0.3328841
-0.09057533 , -2.7049372 , 0.33448362
-0.09717889 , -2.244388 , 0.33275247
-0.108184405 , -1.8392819 , 0.33099163
-0.119148746 , -1.4655657 , 0.3306484
-0.09066479 , -2.5941799 , 0.33131266
-0.09908547 , -2.155206 , 0.3296427
-0.11021255 , -1.7652295 , 0.3284485
-0.120776735 , -1.3906975 , 0.32842997
-0.09149243 , -2.4908245 , 0.32819712
-0.10104221 , -2.0721827 , 0.32664537
-0.11227537 , -1.6922272 , 0.3260951
-0.090281405 , -2.8333578 , 0.3263157
-0.0927756 , -2.394499 , 0.32511663
-0.103024416 , -1.9941728 , 0.32380867
-0.114372216 , -1.6188358 , 0.3238808
-0.08903285 , -2.7253318 , 0.32311538
-0.094331294 , -2.3048043 , 0.3220691
-0.10503324 , -1.9197497 , 0.32117036
-0.11640789 , -1.5439477 , 0.32173553
-0.088858426 , -2.6242626 , 0.32002145
-0.09604732 , -2.2212348 , 0.3190769
-0.10708484 , -1.8473083 , 0.31874323
-0.118056685 , -1.4668412 , 0.31958532
-0.089365676 , -2.5297222 , 0.31700334
-0.09786061 , -2.1430604 , 0.31618398
-0.10919299 , -1.7752378 , 0.31650636
-0.118618704 , -1.387136 , 0.31737208
-0.09032195 , -2.4413226 , 0.31402647
-0.0997435 , -2.0692375 , 0.31344303
-0.11133769 , -1.7021178 , 0.31440604
-0.08771919 , -2.7382312 , 0.31160396
-0.091580614 , -2.3587236 , 0.31107646
-0.101694204 , -1.9984081 , 0.31089774
-0.11340515 , -1.6268785 , 0.3123662
-0.0872977 , -2.6468241 , 0.3085647
-0.0930444 , -2.2815294 , 0.30817
-0.103724495 , -1.9289966 , 0.30856693
-0.11507448 , -1.548872 , 0.31030542
-0.08747442 , -2.5612037 , 0.3056178
-0.0946515 , -2.2091281 , 0.30535132
-0.10583917 , -1.859383 , 0.30643496
-0.11570968 , -1.4678394 , 0.30815685
-0.08807015 , -2.4809866 , 0.30271304
-0.09637047 , -2.1405761 , 0.30267647
-0.10800302 , -1.7881063 , 0.30444986
-0.0866232 , -2.744039 , 0.29998598
-0.08898502 , -2.4059184 , 0.2998252
-0.07229776 , -2.3865983 , 0.21099459
-0.082941175 , -2.547988 , 0.21500684
-0.07504984 , -2.535096 , 0.21148998
-0.06988873 , -2.4956605 , 0.20908037
-0.0715183 , -2.3622158 , 0.20737867
-0.08191603 , -2.536234 , 0.21155667
-0.07269424 , -2.535994 , 0.20851417
-0.0683616 , -2.4912565 , 0.20560122
-0.070483126 , -2.3290114 , 0.20369159
-0.0798311 , -2.5332599 , 0.20844562
-0.07032067 , -2.53929 , 0.20553057
-0.06677905 , -2.485737 , 0.20187426
-0.08392875 , -2.509156 , 0.37954152
-0.07763325 , -1.6609112 , 0.39046973
-0.08735221 , -1.1325068 , 0.38816816
-0.102415584 , -0.81819654 , 0.38841438
-0.077656455 , -2.2725182 , 0.38233876
-0.079357356 , -1.5316083 , 0.3882552
-0.09029751 , -1.0532135 , 0.38697267
-0.10730672 , -0.8003781 , 0.38999927
-0.07600047 , -2.0761564 , 0.38292953
-0.08144859 , -1.4153054 , 0.38634095
-0.09349912 , -0.9861217 , 0.38633254
-0.11418146 , -0.8059219 , 0.3929251
-0.07610626 , -1.9068671 , 0.3824122
-0.083810754 , -1.3109248 , 0.3847655
-0.09702697 , -0.9324233 , 0.3863288
-0.12715276 , -0.83474374 , 0.3950231
-0.07714445 , -1.7577612 , 0.38147354
-0.08640251 , -1.2179953 , 0.3835598
-0.101035856 , -0.89395916 , 0.38704503
-0.07962911 , -2.3950894 , 0.3687641
-0.078740835 , -1.6249115 , 0.38040197
-0.089220986 , -1.136579 , 0.382763
-0.10595341 , -0.87346005 , 0.38858196
-0.07651387 , -2.187497 , 0.3710037
-0.10073154 , -0.9278133 , 0.38557327
-0.080587246 , -2.4329004 , 0.36388114
-0.07858791 , -1.6598523 , 0.37644404
-0.08890856 , -1.1707932 , 0.3801924
-0.105798535 , -0.9068281 , 0.3869831
-0.07692368 , -2.2249105 , 0.36612996
-0.080493815 , -1.5405595 , 0.37573883
-0.09194852 , -1.1013489 , 0.37997204
-0.11312433 , -0.90385944 , 0.3883903
-0.07613605 , -2.0463893 , 0.36755994
-0.08266515 , -1.4338026 , 0.37506303
-0.095351234 , -1.0449519 , 0.3801804
-0.12446318 , -0.9130434 , 0.3885267
-0.0767068 , -1.8909866 , 0.36820665
-0.08506442 , -1.3387514 , 0.37450722
-0.09934525 , -1.0029895 , 0.38083252
-0.08386556 , -2.5398188 , 0.35522133
-0.07798576 , -1.7538844 , 0.36833593
-0.087696366 , -1.2551848 , 0.3741424
-0.104449205 , -0.97647953 , 0.3817434
-0.078537226 , -2.330297 , 0.35703042
-0.07968419 , -1.6318786 , 0.3681724
-0.0906085 , -1.1833911 , 0.37402597
-0.111546956 , -0.96392494 , 0.38231128
-0.076653354 , -2.147668 , 0.35864234
-0.08167255 , -1.5229511 , 0.3678761
-0.09391664 , -1.1240512 , 0.37419268
-0.121480346 , -0.9597987 , 0.38187182
-0.07657779 , -1.9882196 , 0.35971418
-0.083902605 , -1.4259447 , 0.36756316
-0.097868666 , -1.0779029 , 0.37459758
-0.0871355 , -2.6327815 , 0.3481276
-0.07745357 , -1.847892 , 0.36026302
-0.08637895 , -1.3403543 , 0.36732054
-0.102912985 , -1.0447978 , 0.37499577
-0.08057264 , -2.4269068 , 0.34929028
-0.07886518 , -1.7234181 , 0.36042926
-0.090598054 , -2.7572472 , 0.30981615
-0.07561653 , -2.204285 , 0.31343475
-0.07839852 , -1.7536507 , 0.3178963
-0.092978686 , -1.3896871 , 0.32049575
-0.0845862 , -2.6217213 , 0.30868298
-0.07494892 , -2.100335 , 0.31257012
-0.0802626 , -1.6768603 , 0.31650177
-0.09732553 , -1.3230677 , 0.31828144
-0.08032411 , -2.4957983 , 0.3076143
-0.0748771 , -2.005065 , 0.31157473
-0.08266848 , -1.6039226 , 0.31484368
-0.101390414 , -1.2551421 , 0.31582806
-0.07739186 , -2.379224 , 0.3065661
-0.07531421 , -1.9173466 , 0.31040484
-0.08563082 , -1.5331283 , 0.3129208
-0.09207741 , -2.7838602 , 0.30285567
-0.07545496 , -2.2716072 , 0.30549818
-0.076234356 , -1.8358301 , 0.3090196
-0.08909807 , -1.462916 , 0.3107532
-0.08585151 , -2.6586187 , 0.30147526
-0.07427795 , -2.1723933 , 0.30436817
-0.077650495 , -1.758964 , 0.3073866
-0.092865966 , -1.3920176 , 0.30836985
-0.081232384 , -2.5418377 , 0.30014557
-0.073704645 , -2.080824 , 0.30312848
-0.0795867 , -1.6850767 , 0.305491
-0.09636447 , -1.3195034 , 0.30579054
-0.077858135 , -2.4332116 , 0.29883054
-0.073645644 , -1.9958916 , 0.3017274
-0.08204653 , -1.6125262 , 0.30334207
-0.09352101 , -2.802184 , 0.2956663
-0.075435236 , -2.3323667 , 0.29750112
-0.07406631 , -1.9163182 , 0.3001153
-0.08497137 , -1.5398711 , 0.3009702
-0.08713844 , -2.6873064 , 0.29407722
-0.07375024 , -2.238835 , 0.29612398
-0.074968986 , -1.8405883 , 0.29825482
-0.08815954 , -1.4659977 , 0.29841283
-0.08222624 , -2.5799458 , 0.29252434
-0.07265561 , -2.1519835 , 0.2946541
-0.07636932 , -1.7670585 , 0.29613212
-0.09109791 , -1.3901516 , 0.29569796
-0.07845488 , -2.4797297 , 0.29097846
-0.07206231 , -2.070927 , 0.29303586
-0.07826732 , -1.6941298 , 0.2937618
-0.094965816 , -2.8127272 , 0.2882464
-0.07557102 , -2.3862808 , 0.28942025
-0.071931146 , -1.994479 , 0.29121274
-0.08060594 , -1.62043 , 0.29118174
-0.08846609 , -2.7081666 , 0.28647906
-0.073383085 , -2.2991993 , 0.28782496
-0.07225826 , -1.921178 , 0.28914148
-0.08319414 , -1.544943 , 0.28843874
-0.08332359 , -2.610336 , 0.28473526
-0.07175274 , -2.2179666 , 0.28615084
-0.07305537 , -1.8494076 , 0.2868049
-0.08556484 , -1.4670442 , 0.28557092
-0.07920041 , -2.5187962 , 0.2829922
-0.070593834 , -2.1418173 , 0.2843398
-0.07432431 , -1.7775786 , 0.28421777
-0.09644929 , -2.81601 , 0.28060454
-0.07588099 , -2.4331717 , 0.28124005
-0.06986616 , -2.069662 , 0.28232965
-0.07601765 , -1.7043276 , 0.2814226
-0.08985453 , -2.721617 , 0.278683
-0.073196106 , -2.3531392 , 0.27946135
-0.06956243 , -2.0001004 , 0.28007075
-0.07796494 , -1.628666 , 0.2784759
-0.08454549 , -2.6332843 , 0.2767745
-0.071018286 , -2.2782953 , 0.27761576
-0.06969191 , -1.9315366 , 0.27753916
-0.07974394 , -1.5500387 , 0.2754292
-0.08011733 , -2.5505185 , 0.27486488
-0.06926783 , -2.2079904 , 0.27564192
-0.070260175 , -1.8623595 , 0.27474403
-0.08061189 , -1.468271 , 0.27231476
-0.076387405 , -2.4729738 , 0.2729542
-0.06790723 , -2.141226 , 0.2734733
-0.071235165 , -1.7911474 , 0.27172717
-0.09132587 , -2.7279842 , 0.2707076
-0.07321022 , -2.4004316 , 0.27102962
-0.06692727 , -2.0766654 , 0.2710547
-0.07247825 , -1.7168498 , 0.2685536
-0.08591777 , -2.6490257 , 0.26865366
-0.070473 , -2.3326132 , 0.2690477
-0.066333175 , -2.012737 , 0.2683537
-0.073620394 , -1.6388942 , 0.26529196
-0.08123365 , -2.575005 , 0.26660457
-0.06810834 , -2.268971 , 0.26694185
-0.06613136 , -1.9477924 , 0.2653676
-0.07397768 , -1.5571688 , 0.26199195
-0.07711652 , -2.5056617 , 0.26457074
-0.06608607 , -2.2085817 , 0.2646425
-0.06630542 , -1.8802944 , 0.2621283
-0.092901364 , -2.7275815 , 0.26258588
-0.07344738 , -2.4409292 , 0.2625385
-0.064396195 , -2.1501708 , 0.26209235
-0.0667578 , -1.8090234 , 0.25870243
-0.08747055 , -2.6577952 , 0.26039928
-0.07013571 , -2.380662 , 0.2604539
-0.063036665 , -2.0922098 , 0.2592517
-0.06718979 , -1.7332593 , 0.25517812
-0.08258245 , -2.5923836 , 0.25823584
-0.06713507 , -2.3243852 , 0.258242
-0.062007137 , -2.0330315 , 0.25610164
-0.06697531 , -1.6528535 , 0.25163415
-0.07809724 , -2.531258 , 0.25611573
-0.064428225 , -2.2712183 , 0.255833
-0.06129857 , -1.9709647 , 0.25265154
-0.09460253 , -2.7205894 , 0.25437447
-0.0739288 , -2.4745681 , 0.2540141
-0.06200593 , -2.2199447 , 0.25317246
-0.060854603 , -1.9045191 , 0.2489529
-0.089242004 , -2.659731 , 0.25206098
-0.07002194 , -2.4222946 , 0.25185555
-0.05985614 , -2.1691077 , 0.25021824
-0.06046639 , -1.8326446 , 0.24510586
-0.084204406 , -2.6027179 , 0.24980901
-0.06636258 , -2.37398 , 0.24955441
-0.057963043 , -2.1170802 , 0.24693608
-0.059600532 , -1.754972 , 0.24123362
-0.07936113 , -2.5497696 , 0.24764383
-0.062951796 , -2.3287408 , 0.24704468
-0.056308456 , -2.0621068 , 0.24330299
-0.0964467 , -2.7071328 , 0.24615742
-0.07467376 , -2.5013254 , 0.24551028
-0.059782717 , -2.2854044 , 0.2442804
-0.054859336 , -2.0023942 , 0.23932856
-0.091280214 , -2.6549125 , 0.24371792
-0.07014335 , -2.457447 , 0.24329796
-0.056833073 , -2.242616 , 0.24122305
-0.053501084 , -1.936358 , 0.23509353
-0.08614801 , -2.6060255 , 0.24141048
-0.06580065 , -2.4176097 , 0.2409117
-0.054066986 , -2.1988618 , 0.23783009
-0.051854085 , -1.863078 , 0.23076749
-0.08093933 , -2.561206 , 0.23925145
-0.06166801 , -2.3808718 , 0.23829503
-0.051440693 , -2.152428 , 0.23404847
-0.09844488 , -2.6871467 , 0.23806565
-0.07569623 , -2.5212376 , 0.2371218
-0.057741538 , -2.346092 , 0.23541377
-0.048908822 , -2.1013293 , 0.22982445
-0.093651175 , -2.6432476 , 0.23549625
-0.07050635 , -2.48615 , 0.23486474
-0.053990845 , -2.3120296 , 0.2322363
-0.046412908 , -2.0433621 , 0.22515649
-0.08847177 , -2.6021912 , 0.23318617
-0.0654543 , -2.4552376 , 0.23238476
-0.050362583 , -2.2773418 , 0.22871977
-0.04376754 , -1.9765838 , 0.22020125
-0.0828588 , -2.5655353 , 0.23110223
-0.06058181 , -2.4274583 , 0.2296411
-0.04678328 , -2.2404919 , 0.22479682
-0.10058724 , -2.6604383 , 0.23028854
-0.07700261 , -2.534378 , 0.22900832
-0.055887144 , -2.4016938 , 0.22661054
-0.04316459 , -2.1995645 , 0.22036129
-0.09644776 , -2.6244895 , 0.22758657
-0.07111241 , -2.5084999 , 0.22670574
-0.05133459 , -2.3768196 , 0.22326566
-0.039420918 , -2.1519985 , 0.21527702
-0.09123967 , -2.5909867 , 0.22537266
-0.06532455 , -2.4869046 , 0.2241192
-0.046860047 , -2.3516746 , 0.21956311
-0.035483636 , -2.09455 , 0.2095118
-0.085132815 , -2.5627432 , 0.22345743
-0.05969288 , -2.4684424 , 0.22122711
-0.042371035 , -2.3249643 , 0.21543159
-0.031007722 , -2.0245554 , 0.20347929
-0.078589365 , -2.5409017 , 0.22142392
-0.05421594 , -2.4520245 , 0.21801177
-0.037741415 , -2.2950735 , 0.21074952
-0.09981154 , -2.5980506 , 0.22026823
-0.07195892 , -2.524669 , 0.21908066
-0.048854966 , -2.4366343 , 0.21444206
-0.03280588 , -2.2596853 , 0.20529556
-0.094507255 , -2.5719962 , 0.21834528
-0.06540924 , -2.5127256 , 0.21639928
-0.043540984 , -2.4212754 , 0.21046388
-0.027395215 , -2.2149944 , 0.19869079
-0.087751426 , -2.5528672 , 0.21669894
-0.058996484 , -2.503854 , 0.21337703
-0.03817517 , -2.4048731 , 0.20598729
-0.021417975 , -2.1550894 , 0.19079685
-0.080447435 , -2.5410297 , 0.21474063
-0.05271773 , -2.4970117 , 0.21000023
-0.032622702 , -2.3861258 , 0.20086391
-0.103961915 , -2.5628362 , 0.21392074
-0.0730439 , -2.5348685 , 0.21239972
-0.04653206 , -2.4912822 , 0.20623562
-0.026694167 , -2.363245 , 0.19484377
-0.09826986 , -2.5447824 , 0.2126626
-0.06570762 , -2.5328577 , 0.20970838
-0.040367775 , -2.4858015 , 0.20202199
-0.020091513 , -2.3334227 , 0.18745606
-0.09067839 , -2.5361645 , 0.21126994
-0.05849029 , -2.5337875 , 0.20669296
-0.034123953 , -2.4796588 , 0.19725296
-0.012312399 , -2.2907388 , 0.17727053
-0.08256745 , -2.5350747 , 0.20937794
-0.051385883 , -2.5366876 , 0.20337726
-0.027665535 , -2.4717658 , 0.191765
-0.10781946 , -2.6218748 , 0.41671494
-0.099544585 , -2.866642 , 0.3595463
-0.09371851 , -2.8441179 , 0.3034646
-0.09214051 , -2.691296 , 0.24203554
-0.10680735 , -2.7348716 , 0.40014255
-0.09802852 , -2.8868299 , 0.34680393
-0.09325964 , -2.8221738 , 0.28892976
-0.09246078 , -2.6377223 , 0.22826028
-0.1050637 , -2.815819 , 0.3866173
-0.09674316 , -2.8929646 , 0.33362246
-0.09305104 , -2.792044 , 0.27412012
-0.09266372 , -2.5722134 , 0.21631196
-0.10308028 , -2.871459 , 0.37409785
-0.09573034 , -2.8872364 , 0.3199794
-0.09306567 , -2.753963 , 0.25921634
-0.11157116 , -2.667665 , 0.42039576
-0.10117096 , -2.9063878 , 0.3616835
-0.09500248 , -2.8714578 , 0.30589047
-0.09323209 , -2.7077453 , 0.24451898
-0.10992813 , -2.7812805 , 0.40276682
-0.099497154 , -2.9239628 , 0.3489943
-0.09455991 , -2.8467906 , 0.2914116
-0.09335852 , -2.652396 , 0.23057659
-0.10750438 , -2.8612764 , 0.38889053
-0.09812576 , -2.9273074 , 0.33590174
-0.094390735 , -2.8140626 , 0.27666244
-0.09274876 , -2.5858557 , 0.2183395
-0.10503083 , -2.9151254 , 0.3762114
-0.09708121 , -2.9186807 , 0.32230642
-0.09447509 , -2.773507 , 0.26173496
-0.11665063 , -2.7158499 , 0.4245791
-0.10281819 , -2.947775 , 0.36384252
-0.09636245 , -2.9000437 , 0.30832568
-0.094767295 , -2.7250178 , 0.24704283
-0.11354281 , -2.8297179 , 0.40557826
-0.10097632 , -2.962633 , 0.35118857
-0.09596501 , -2.872571 , 0.2938961
-0.09517704 , -2.6676657 , 0.23294215
-0.11001909 , -2.9086046 , 0.39107978
-0.09952676 , -2.9631026 , 0.33809513
-0.095879525 , -2.837172 , 0.2791104
-0.09554045 , -2.5996356 , 0.22031166
-0.10693348 , -2.960544 , 0.37862185
-0.09846686 , -2.9514782 , 0.32481694
-0.09610642 , -2.794052 , 0.2645008
-0.12380334 , -2.7661602 , 0.42721093
-0.1044054 , -2.990844 , 0.36563337
0.06937315 , 2.984734 , 0.26568824
-0.05369063 , 1.5709009 , 0.3271957
0.016246965 , 2.4408727 , 0.28622022
0.11080612 , 3.371477 , 0.2523377
-0.027956722 , 1.9277594 , 0.30868626
0.05238676 , 2.8232992 , 0.2702938
0.15476188 , 3.7478964 , 0.24266033
0.0021081825 , 2.2953386 , 0.29110274
0.09198168 , 3.2022326 , 0.25648522
-0.039316613 , 1.8002281 , 0.31367177
0.036285743 , 2.6679935 , 0.27492496
0.13423362 , 3.572164 , 0.24572937
-0.011207706 , 2.155881 , 0.29597196
0.07407127 , 3.039127 , 0.26073316
-0.049958404 , 1.6786741 , 0.31862268
0.021031871 , 2.5185735 , 0.27956733
0.11466484 , 3.4026885 , 0.24920617
-0.023739155 , 2.0222871 , 0.30082396
0.057027183 , 2.8819022 , 0.265041
-0.059931993 , 1.5628152 , 0.32355213
0.0065909657 , 2.3748174 , 0.2842123
0.096009545 , 3.239246 , 0.25294095
-0.035523348 , 1.8943835 , 0.3056553
0.04080417 , 2.7302568 , 0.26938033
-0.0692876 , 1.4524069 , 0.32851407
-0.0070693553 , 2.2365038 , 0.2888554
0.0782134 , 3.081575 , 0.256833
-0.046600044 , 1.7719591 , 0.31046113
0.025364624 , 2.5838933 , 0.2737355
0.11789977 , 3.4233742 , 0.24744892
-0.019979132 , 2.103454 , 0.29349437
0.061215755 , 2.9293346 , 0.26080894
-0.057010017 , 1.654841 , 0.315232
0.010678104 , 2.4425309 , 0.27810082
0.099534005 , 3.2664587 , 0.25061336
-0.032168604 , 1.9754833 , 0.2981277
0.04496131 , 2.7821317 , 0.26482058
-0.06680419 , 1.5427784 , 0.31995526
-0.0032807684 , 2.3059466 , 0.2824767
0.08197446 , 3.1149957 , 0.25408778
-0.04366548 , 1.8524522 , 0.30275446
0.029411964 , 2.639557 , 0.26884636
-0.0760469 , 1.4355124 , 0.32461998
-0.01653568 , 2.1739426 , 0.2868657
0.065133505 , 2.968585 , 0.25770226
-0.054498035 , 1.7341987 , 0.30737525
0.014547356 , 2.5012803 , 0.2728864
-0.084819645 , 1.3325648 , 0.32925448
-0.029105458 , 2.046372 , 0.29127172
0.048927695 , 2.8266604 , 0.2613552
0.30654955 , 3.1191828 , 0.3469967
0.46362245 , 4.9323187 , 0.32496983
0.653877 , 6.6786776 , 0.30609432
0.36701202 , 3.9107237 , 0.3380711
0.5374506 , 5.6688004 , 0.31582844
0.27861843 , 2.8433838 , 0.34898642
0.4328206 , 4.664351 , 0.32808036
0.6179386 , 6.400399 , 0.30878958
0.3381396 , 3.6419609 , 0.34083813
0.5045578 , 5.3980293 , 0.318737
0.25077212 , 2.5699444 , 0.3498305
0.4024709 , 4.397196 , 0.33110482
0.5825921 , 6.123898 , 0.3113717
0.30992875 , 3.3735116 , 0.34329283
0.47223863 , 5.1287007 , 0.32162413
0.22309513 , 2.305343 , 0.34987625
0.37274814 , 4.1310115 , 0.33399132
0.5479365 , 5.84932 , 0.31390807
0.2823343 , 3.1064618 , 0.3452393
0.44060668 , 4.8609333 , 0.32447383
0.6294291 , 6.5650806 , 0.3077224
0.34374416 , 3.8660612 , 0.33667114
0.5140509 , 5.576825 , 0.31642544
0.25521937 , 2.8433022 , 0.3465248
0.40973505 , 4.5949 , 0.32725665
0.5931227 , 6.285915 , 0.31046087
0.31547597 , 3.6029232 , 0.3390548
0.480991 , 5.306567 , 0.31892967
0.22865616 , 2.5874555 , 0.34724197
0.37966222 , 4.3308277 , 0.32993045
0.5576855 , 6.009267 , 0.3127391
0.28790766 , 3.3426719 , 0.34104657
0.44878978 , 5.0387225 , 0.32141247
0.20293204 , 2.3418524 , 0.34773442
0.3503997 , 4.069096 , 0.33244044
0.52314866 , 5.7353463 , 0.31487414
0.2610141 , 3.0870757 , 0.34259844
0.4174638 , 4.773494 , 0.32385406
0.17834829 , 2.1084085 , 0.34843263
0.32194048 , 3.810299 , 0.33472344
0.48953268 , 5.4643717 , 0.3169581
0.23485632 , 2.8382528 , 0.34376022
0.3870169 , 4.5111585 , 0.3262246
0.56670094 , 6.1465173 , 0.31196892
0.29427043 , 3.5553806 , 0.33672407
0.45684835 , 5.1965556 , 0.31901938
0.20957941 , 2.5982602 , 0.34467578
0.35744584 , 4.252099 , 0.32848588
0.5316008 , 5.871613 , 0.31393465
0.26739553 , 3.3056023 , 0.33841982
0.42509934 , 4.932144 , 0.3210588
0.18535498 , 2.3686323 , 0.34553844
0.32874307 , 3.996877 , 0.33059642
0.49748155 , 5.6003003 , 0.31566525
0.24136211 , 3.0624578 , 0.33984008
0.39428446 , 4.671422 , 0.3230624
0.16231832 , 2.150397 , 0.34654564
0.3009063 , 3.746243 , 0.3325215
0.4643468 , 5.3328266 , 0.3173089
0.21625796 , 2.8273816 , 0.34106243
0.36439958 , 4.4147654 , 0.32500774
0.1405518 , 1.9440496 , 0.3478425
0.2739475 , 3.5011618 , 0.33424652
0.432198 , 5.0694456 , 0.31892142
0.19218555 , 2.6016135 , 0.34219155
0.33544177 , 4.162652 , 0.32686973
0.5044922 , 5.7129474 , 0.31507275
0.24790232 , 3.2626922 , 0.33578622
0.401034 , 4.810447 , 0.3205183
0.16923733 , 2.3860211 , 0.34333846
0.30741277 , 3.9156983 , 0.32862747
0.47092107 , 5.446175 , 0.3163075
0.22282586 , 3.03191 , 0.33718425
0.37085274 , 4.556165 , 0.32209674
0.14747475 , 2.1811962 , 0.34460872
0.28032508 , 3.6746206 , 0.33027148
0.438394 , 5.184138 , 0.31747568
0.1987842 , 2.8097374 , 0.33850312
0.34165272 , 4.3070116 , 0.32364655
0.12693028 , 1.9874014 , 0.3460881
0.25420344 , 3.4402206 , 0.3318089
0.4069086 , 4.927098 , 0.31863114
0.17583701 , 2.5969298 , 0.33981225
0.31343648 , 4.0634637 , 0.32515767
0.47622654 , 5.5354977 , 0.31624964
0.2290846 , 3.2132757 , 0.33326396
0.37646142 , 4.675348 , 0.3197965
0.15402967 , 2.3939772 , 0.34117967
0.28621268 , 3.8260803 , 0.3266256
0.443356 , 5.2752028 , 0.31686068
0.20500961 , 2.994512 , 0.33467406
0.34704983 , 4.429213 , 0.32097772
0.13338503 , 2.2012107 , 0.34266886
0.25999773 , 3.5954425 , 0.32805482
0.41159245 , 5.020478 , 0.31748396
0.18201762 , 2.7844973 , 0.33608347
0.318673 , 4.18907 , 0.32217455
0.11390853 , 2.0187302 , 0.34433424
0.23481342 , 3.3721416 , 0.32945973
0.3809277 , 4.7715516 , 0.3181633
0.16013695 , 2.583678 , 0.33753765
0.2913342 , 3.9553256 , 0.32338706
0.09558652 , 1.8465629 , 0.34620938
0.21068501 , 3.1567023 , 0.33086297
0.35135403 , 4.528678 , 0.31890726
0.13938376 , 2.3923059 , 0.33908013
0.26504028 , 3.7284136 , 0.32461938
0.41480622 , 5.0899525 , 0.31734827
0.18763463 , 2.9495823 , 0.3322925
0.3228647 , 4.2921233 , 0.31972018
0.11975781 , 2.210535 , 0.3407516
0.23980212 , 3.5087519 , 0.325881
0.38399413 , 4.8443003 , 0.31734604
0.16567887 , 2.7511034 , 0.33377835
0.29545498 , 4.062181 , 0.32060403
0.101247825 , 2.038348 , 0.34258845
0.21563095 , 3.2967346 , 0.3271864
0.35433 , 4.6050854 , 0.31752133
0.1448237 , 2.561501 , 0.33535007
0.26912278 , 3.8391433 , 0.3215618
0.083829254 , 1.8756899 , 0.34461764
0.19253698 , 3.0926774 , 0.3285536
0.3257984 , 4.3724833 , 0.31784916
0.12506579 , 2.380863 , 0.3370357
0.24386765 , 3.6233065 , 0.3225994
0.06747179 , 1.7223543 , 0.3468477
0.17052492 , 2.8968358 , 0.33000228
0.2983853 , 4.1466703 , 0.31831798
0.10638969 , 2.209217 , 0.3388615
0.21969013 , 3.4149268 , 0.32372582
0.35579884 , 4.6585 , 0.31703913
0.14959367 , 2.7093546 , 0.33155227
0.27207837 , 3.9278338 , 0.31892195
0.088773035 , 2.0464592 , 0.34085184
0.19658889 , 3.2142293 , 0.32495272
0.32731718 , 4.430366 , 0.31668583
0.12973282 , 2.530316 , 0.3332224
0.24686706 , 3.7161443 , 0.3196595
0.07218367 , 1.89247 , 0.34302738
0.17455976 , 3.0213633 , 0.32629314
0.29998985 , 4.2091775 , 0.31659964
0.11092539 , 2.359691 , 0.33503
0.22274111 , 3.511762 , 0.320533
0.056586485 , 1.7470078 , 0.3454005
0.15359288 , 2.8364298 , 0.3277604
0.2737939 , 3.9950085 , 0.31674337
0.0931455 , 2.1974154 , 0.3369908
0.1996898 , 3.3148007 , 0.32154796
0.32733944 , 4.4665103 , 0.31645796
0.13367322 , 2.6594396 , 0.32936707
0.24870795 , 3.787936 , 0.31709415
0.07636292 , 2.0433218 , 0.3391194
0.17769983 , 3.1253445 , 0.32271203
0.30020517 , 4.2505603 , 0.31561393
0.11477847 , 2.4903638 , 0.33112434
0.22471218 , 3.5880144 , 0.3176391
0.06054068 , 1.8972453 , 0.34142947
0.1567547 , 2.9434106 , 0.32403395
0.27422348 , 4.041659 , 0.31511778
0.09688155 , 2.3290868 , 0.33304155
0.20178658 , 3.3952818 , 0.318373
0.045640755 , 1.7589215 , 0.34393406
0.1368326 , 2.7689772 , 0.32552212
0.24936238 , 3.839781 , 0.31495285
0.0799493 , 2.1754787 , 0.33512616
0.17991039 , 3.2097325 , 0.31929585
0.031619653 , 1.6281224 , 0.34664264
0.117907576 , 2.6019547 , 0.32718387
0.22559232 , 3.6449025 , 0.3150731
0.06394651 , 2.0293329 , 0.3373839
0.15905981 , 3.03133 , 0.32041126
0.27340302 , 4.0693326 , 0.314246
0.099948026 , 2.4422297 , 0.3290245
0.20288517 , 3.4569733 , 0.31544894
0.048833735 , 1.8904556 , 0.33981988
0.13920796 , 2.8599832 , 0.32172436
0.24887846 , 3.873318 , 0.3133503
0.082919724 , 2.2896278 , 0.33104703
0.1812129 , 3.2759264 , 0.31606427
0.03457252 , 1.7585771 , 0.34244147
0.1203229 , 2.6955717 , 0.3232399
0.22544207 , 3.6841345 , 0.31289333
0.06678482 , 2.1439784 , 0.3332519
0.1605463 , 3.1016498 , 0.3169127
0.021121185 , 1.6334671 , 0.3452639
0.10236938 , 2.5379257 , 0.32496095
0.20305757 , 3.5016694 , 0.3128047
0.051505942 , 2.005057 , 0.33563715
0.14085266 , 2.9340024 , 0.31799403
0.008439826 , 1.5148041 , 0.3483146
0.08530848 , 2.3868725 , 0.32688776
0.18169108 , 3.3257833 , 0.31303367
0.03704408 , 1.8726649 , 0.3381988
0.12209525 , 2.7727952 , 0.31931043
0.22439928 , 3.7079594 , 0.31123632
0.06910107 , 2.2422042 , 0.32901776
0.046242367 , 2.0890179 , 0.32944736
0.13125688 , 2.9364383 , 0.3120993
0.004155152 , 1.6315801 , 0.34228367
0.07867088 , 2.436745 , 0.32049724
0.16913818 , 3.2849545 , 0.30805358
0.031973287 , 1.9599674 , 0.33203807
0.1134779 , 2.7857919 , 0.31312397
-0.007861351 , 1.5193136 , 0.34541634
0.06296511 , 2.2981768 , 0.32254532
0.15005633 , 3.1290689 , 0.30802682
0.018391024 , 1.8361953 , 0.33481607
0.0964895 , 2.6401844 , 0.31444553
-0.019225337 , 1.4120824 , 0.3487983
0.04795949 , 2.1645782 , 0.32482794
0.13185494 , 2.9785054 , 0.3083887
0.0054687937 , 1.7175137 , 0.33776313
0.0802295 , 2.4993072 , 0.3160521
0.1686571 , 3.307268 , 0.3053638
0.03361985 , 2.0357914 , 0.32733425
0.11447621 , 2.8328097 , 0.3091168
-0.0068150987 , 1.6037726 , 0.34085605
0.06464736 , 2.3629038 , 0.31792882
0.15011643 , 3.158026 , 0.30473265
0.019918682 , 1.9116498 , 0.330054
0.097835414 , 2.6915002 , 0.31019297
-0.018468114 , 1.4947178 , 0.344088
0.049708407 , 2.23079 , 0.32006234
0.1324393 , 3.013806 , 0.30465627
0.09517864 , 1.9528289 , 0.3385346
0.03448625 , 1.7320675 , 0.339668
-0.013897757 , 1.5395112 , 0.34057698
-0.058490787 , 1.3163469 , 0.34143683
0.47624555 , 5.9842205 , 0.27108052
0.33465147 , 4.8935013 , 0.2745619
0.20925668 , 3.890738 , 0.2765279
0.13603172 , 2.0787418 , 0.3379106
-0.11437609 , -2.335613 , 0.19117707
-0.1304965 , -2.1483622 , 0.17624691
-0.10493378 , -2.4580114 , 0.20329978
-0.11929369 , -2.257858 , 0.18265271
-0.13631015 , -2.087293 , 0.17263049
-0.10988754 , -2.3657527 , 0.19185445
-0.12430333 , -2.194545 , 0.17660221
-0.1009222 , -2.4758966 , 0.2039307
-0.114062816 , -2.2951593 , 0.18319812
-0.12922129 , -2.141013 , 0.17281064
-0.10539068 , -2.3941884 , 0.19246708
-0.118227705 , -2.239302 , 0.17696561
-0.13393325 , -2.0959082 , 0.1722412
-0.10891212 , -2.3310528 , 0.1837312
-0.12226484 , -2.1933293 , 0.17299524
-0.10092787 , -2.4207463 , 0.1930298
-0.11226706 , -2.2826185 , 0.17733514
-0.12603001 , -2.1558142 , 0.17214102
-0.103844844 , -2.3654842 , 0.18424353
-0.11543802 , -2.2442186 , 0.1731855
-0.0965386 , -2.445277 , 0.19355926
-0.106423624 , -2.3244846 , 0.17770764
-0.1182671 , -2.2143273 , 0.17204118
-0.09886716 , -2.3983579 , 0.18472959
-0.10874282 , -2.2936635 , 0.17338187
-0.09225779 , -2.467711 , 0.19406886
-0.10070114 , -2.3648722 , 0.17807928
-0.11064711 , -2.2714255 , 0.17196235
-0.093989454 , -2.4295816 , 0.1851875
-0.102183305 , -2.3416421 , 0.17358409
-0.08811141 , -2.4879916 , 0.19456716
-0.09510446 , -2.4037502 , 0.17844594
-0.10317435 , -2.3270843 , 0.17189996
-0.08922425 , -2.4590504 , 0.18561836
-0.095764585 , -2.388134 , 0.17379124
-0.084118925 , -2.5061111 , 0.19505805
-0.089638665 , -2.4410694 , 0.17880398
