5.3532456e-11 , 6.73e-43 , 5.3532456e-11
6.73e-43 , 0.0 , 0.0
0.0 , 0.0 , -1.2734446e-19
4.5914e-41 , 2.2e-44 , -0.041445896
0.47842848 , -3.2943144 , -0.1986557
0.37377432 , -4.453105 , -0.22137438
0.40538624 , -6.8078413 , 0.003286079
0.4015211 , -6.8313646 , 0.006734996
0.16240749 , -7.5706444 , -0.03179769
0.24667546 , -7.6428766 , -0.003047618
0.637584 , -7.0463123 , -0.028056713
0.31343034 , -7.370595 , -0.012295298
0.40215328 , -7.1845136 , -0.012203221
0.49997693 , -7.114485 , -0.012669729
0.43203318 , -7.0719104 , -0.012091848
0.35246962 , -7.1185327 , -0.009453734
0.6634638 , -6.8983326 , -0.03552656
0.66874766 , -6.966218 , -0.035050534
0.5640362 , -7.0202246 , -0.013102582
0.26877117 , -7.468879 , -0.008890225
0.3415925 , -7.1524024 , -0.0067525874
0.30783942 , -7.261583 , 0.0021714913
0.26778966 , -7.4771633 , 0.009804017
0.24567881 , -7.5713353 , 0.010522073
0.50931555 , -7.1622167 , -0.010330019
0.41414502 , -7.160331 , -0.013687614
0.34998837 , -7.1644316 , -0.00836261
0.31629556 , -7.2353816 , 0.0003394469
0.64374554 , -6.9080915 , -0.035648063
0.6557674 , -7.162965 , -0.014331635
0.29647142 , -7.4164014 , -0.008454918
0.3879766 , -7.2414827 , -0.00913782
0.2997819 , -7.3203955 , 0.0049883835
0.25022513 , -7.5174947 , 0.009111124
0.2737887 , -7.5846667 , 0.010144759
0.5744894 , -7.167656 , -0.008328137
0.3865887 , -7.2301855 , -0.012969292
0.34212506 , -7.208188 , -0.0057828454
0.30843407 , -7.2892942 , 0.003245064
0.26883712 , -7.47415 , 0.009611798
0.60267043 , -7.2722874 , -0.0118754525
0.3203297 , -7.375808 , -0.0071696728
0.40854347 , -7.244441 , -0.0066318163
0.5087503 , -7.236891 , -0.006238166
0.17187485 , -7.5148473 , 0.002196603
0.29235673 , -7.5967097 , 0.011246225
0.6392245 , -7.2930007 , -0.007879155
0.29591984 , -7.4230113 , -0.0053812577
0.31432492 , -7.288707 , 0.0025380966
0.27730086 , -7.444525 , 0.009298898
0.20435674 , -7.516965 , 0.007136401
0.23169674 , -7.5656724 , 0.002554493
0.38380107 , -7.0405188 , 0.018802425
0.37919798 , -7.058936 , 0.019940874
0.19180411 , -7.497145 , 0.004269276
0.33131295 , -7.3660574 , -0.005271244
0.41891396 , -7.2667694 , -0.00421304
0.35628244 , -7.334588 , -0.0042393524
0.4444417 , -7.27998 , -0.0025734082
0.56586516 , -7.351777 , -0.0024735285
0.29660556 , -7.372029 , 0.0073772436
0.23002112 , -7.4899755 , 0.0051590167
0.28471783 , -7.5584674 , 0.01291822
0.60651225 , -7.4309173 , -0.0067896196
0.31585413 , -7.399944 , -0.0029666664
0.42948633 , -7.2953324 , -0.0017154586
0.56545156 , -7.3827066 , -0.0007906273
0.36934155 , -7.352835 , -0.009876436
0.3270474 , -7.2992697 , 0.00038055697
0.2863949 , -7.4175973 , 0.009077244
0.2012875 , -7.490913 , 0.0085147
0.22121674 , -7.525987 , 0.00363373
0.315711 , -7.4039874 , -0.0019307623
0.36995354 , -7.336291 , -0.0019705885
0.47603482 , -7.3329144 , 0.00039651987
0.4549035 , -7.4722033 , -0.006258909
0.3503734 , -7.330115 , -0.005532093
0.31103644 , -7.339902 , 0.004986758
0.26276374 , -7.473702 , 0.007551805
0.27888379 , -7.5326242 , 0.014085208
0.6543077 , -7.3159924 , -0.026306903
0.65745324 , -7.3828683 , -0.024591016
0.4888763 , -7.365512 , 0.0018928256
0.67906874 , -7.509192 , -0.0047441972
0.3700953 , -7.4062037 , -0.009333813
0.3328222 , -7.3258233 , -0.00034343684
0.29871398 , -7.384283 , 0.007946829
0.2391058 , -7.470649 , 0.0054576783
0.22812296 , -7.5112166 , 0.006074908
0.24157636 , -7.542201 , 0.005677358
0.29676932 , -7.5510564 , 0.014605842
0.66806746 , -7.469937 , -0.021149267
0.32997385 , -7.490564 , 0.2762807
0.40409857 , -7.465804 , 0.300423
0.4602774 , -8.33298 , 0.2582642
0.47005963 , -8.430045 , 0.25809005
0.525313 , -9.745608 , 0.14015378
0.48679242 , -9.586053 , 0.03992182
0.44311512 , -7.608391 , 0.019432062
0.36346385 , -9.296761 , 0.22004576
0.5710107 , -9.671477 , 0.09970496
0.47936904 , -9.855633 , 0.17456092
0.35684258 , -8.695891 , 0.23604849
0.5471095 , -9.875754 , 0.122436374
0.44918182 , -9.634566 , 0.19306108
0.31706625 , -8.225433 , 0.24836381
0.48259196 , -9.4214945 , 0.03454912
0.6751608 , -7.83951 , -0.0026200423
0.5710825 , -9.652869 , 0.09958529
0.45404354 , -9.664104 , 0.19039434
0.32379025 , -8.298424 , 0.2469251
0.47371215 , -8.503715 , 0.25342405
0.6105292 , -9.050878 , 0.059312645
0.5223864 , -9.939549 , 0.14339873
0.41684586 , -9.320217 , 0.21072644
0.58483434 , -9.456366 , 0.08558764
0.49617124 , -9.893049 , 0.16327207
0.38153547 , -8.940687 , 0.22735094
0.50324124 , -9.81269 , 0.05789929
0.47180644 , -8.422618 , 0.01900953
0.6108523 , -9.039784 , 0.059504144
0.5000908 , -9.8958025 , 0.16039944
0.38744497 , -8.996756 , 0.22504748
0.419777 , -7.7572293 , 0.29529253
0.66876924 , -8.148773 , 0.013891072
0.5603086 , -9.720546 , 0.10928929
0.46808055 , -9.729633 , 0.18220833
0.62828594 , -8.743621 , 0.043908767
0.53614676 , -9.865316 , 0.13115035
0.43753412 , -9.480623 , 0.20047802
0.5180442 , -9.888627 , 0.09232231
0.48162863 , -9.209489 , 0.029036606
0.67170805 , -8.14909 , 0.014922679
0.5393506 , -9.840491 , 0.12802607
0.4423931 , -9.514728 , 0.19785754
0.31125346 , -8.116844 , 0.2509418
0.4802788 , -8.149577 , 0.013667219
0.5979539 , -9.202152 , 0.07113259
0.51105505 , -9.878573 , 0.15157534
0.71771204 , -7.754471 , -0.0014883813
0.57235473 , -9.539148 , 0.095797926
0.4846576 , -9.790487 , 0.17110722
0.521631 , -9.691293 , 0.13581389
0.49755183 , -9.671678 , 0.05005898
0.48002616 , -8.148513 , 0.01181948
0.596553 , -9.187971 , 0.07122624
0.51069665 , -9.858864 , 0.15141423
0.40598458 , -9.143453 , 0.21782269
0.3394064 , -7.592857 , 0.2762672
0.5055268 , -9.1406975 , 0.20041464
0.5163988 , -9.849206 , 0.09232951
0.4816809 , -9.181122 , 0.028187934
0.666383 , -8.146977 , 0.017000003
0.6061293 , -8.992877 , 0.060352277
0.52063483 , -9.837895 , 0.14256124
0.42114174 , -9.279522 , 0.21037701
0.28962594 , -7.805615 , 0.25381684
0.58989525 , -9.221546 , 0.07496026
0.50640446 , -9.825427 , 0.15403813
0.40262887 , -9.085107 , 0.22017974
0.41584137 , -7.685667 , 0.30021748
0.57510585 , -9.409786 , 0.08888547
0.49176198 , -9.778595 , 0.16522859
0.38353685 , -8.872975 , 0.22952394
0.3551636 , -8.237831 , 0.35911855
0.41577408 , -8.199702 , 0.3026674
0.38509107 , -8.424352 , 0.30652958
0.34170732 , -8.386485 , 0.31669328
0.28555298 , -7.878327 , 0.24576645
0.25482908 , -7.2125864 , 0.11059835
0.28840283 , -7.400621 , 0.19892061
0.3289629 , -7.8554893 , 0.30325493
0.27979365 , -7.7790256 , 0.22619599
0.25960508 , -7.213982 , 0.12414145
0.2935989 , -7.447546 , 0.2141196
0.33590838 , -7.9371448 , 0.32537717
0.27477434 , -7.6849885 , 0.20858435
0.2643759 , -7.2226458 , 0.13789485
0.29900908 , -7.500707 , 0.22974093
0.3429892 , -8.023343 , 0.35232908
0.27038497 , -7.5965276 , 0.19222823
0.26916978 , -7.238558 , 0.1518697
0.30464828 , -7.5597067 , 0.24588919
0.29768834 , -8.053557 , 0.30457628
0.2665633 , -7.5142474 , 0.17675611
0.27535698 , -7.2710886 , 0.16968577
0.31219032 , -7.644044 , 0.2670449
0.28772086 , -7.9179273 , 0.26673663
0.26260355 , -7.4229164 , 0.15835819
0.25250787 , -7.185423 , 0.07976945
0.23852822 , -7.2701273 , 0.02770594
0.2141534 , -7.290674 , 0.03979137
0.25625396 , -7.180148 , 0.12078739
0.2839748 , -7.329626 , 0.1954052
0.32299998 , -7.7691936 , 0.2999748
0.2774109 , -7.736478 , 0.22967789
0.25805882 , -7.307539 , 0.13407803
0.28913245 , -7.373559 , 0.2106159
0.329544 , -7.8482594 , 0.3219975
0.27265304 , -7.641755 , 0.21196708
0.25611767 , -7.2535987 , 0.12093164
0.2944448 , -7.423938 , 0.22621013
0.33628294 , -7.9315157 , 0.34882295
0.26849666 , -7.5526104 , 0.19560452
0.25457072 , -7.2077975 , 0.10842647
0.29992443 , -7.480132 , 0.24238314
0.317996 , -8.00982 , 0.35061055
0.26489973 , -7.469858 , 0.18018322
0.253387 , -7.1711235 , 0.0966429
0.30558965 , -7.542087 , 0.25926682
0.28627485 , -7.896243 , 0.27784964
0.26181144 , -7.3933463 , 0.16524965
0.25250244 , -7.1435432 , 0.08506647
0.31142634 , -7.6090555 , 0.27704367
0.28058094 , -7.79135 , 0.2534848
0.25923166 , -7.3240185 , 0.15134865
0.23122218 , -7.1771936 , 0.06678558
0.26547593 , -7.1508827 , 0.15161347
0.29956502 , -7.4557605 , 0.24672303
0.2877526 , -7.931798 , 0.30013606
0.2629233 , -7.41115 , 0.17620434
0.25319406 , -7.1310334 , 0.093783535
0.24799156 , -7.190036 , 0.037157804
0.20678127 , -7.343157 , 0.024081271
0.2711674 , -7.5043764 , 0.31606376
0.24910417 , -7.1593375 , 0.042610534
0.25341406 , -7.1394815 , 0.10257888
0.26477835 , -7.4523277 , 0.18740487
0.2753329 , -6.9561 , 0.18577722
0.2776005 , -6.737873 , 0.08822609
0.3289153 , -7.8233557 , 0.3448153
0.28364834 , -7.267548 , 0.20334043
0.22159459 , -7.2427435 , 0.045486648
0.25101247 , -7.0678678 , 0.054290507
0.2945358 , -6.84834 , 0.2158543
0.3250032 , -7.3002214 , 0.37264138
0.26659882 , -8.007692 , 0.41319457
0.33510235 , -8.482251 , 0.3147608
0.39876667 , -9.1341305 , 0.32294676
0.49922892 , -9.568699 , 0.23015833
0.42984504 , -8.925972 , 0.28542763
0.36744568 , -8.282182 , 0.35378897
0.32934958 , -8.40934 , 0.3144475
0.54397625 , -2.5218997 , -0.23132819
0.54515994 , -2.5419245 , -0.23205447
0.5491447 , -2.4679413 , -0.22020887
0.567767 , -2.3160975 , -0.2115468
0.42636502 , -2.4213305 , -0.26532164
0.42190242 , -2.5449564 , -0.26238683
0.53291804 , -2.711967 , -0.21953118
0.5388661 , -2.6527855 , -0.21476063
0.546902 , -2.5821276 , -0.21075264
0.41121063 , -2.5769446 , -0.25461897
0.3278935 , -7.6615267 , 0.3962936
0.28663886 , -7.7846346 , 0.32229993
0.33268842 , -7.7996564 , 0.41341963
0.3309148 , -7.6584535 , 0.4099958
0.3300233 , -7.524125 , 0.4076019
0.27574122 , -7.660401 , 0.34232882
0.28651488 , -7.810981 , 0.3465446
0.2812967 , -7.971784 , 0.35023063
0.33962914 , -7.76867 , 0.41709945
0.30485207 , -8.357535 , 0.3127399
0.42215708 , -9.545028 , 0.32272723
0.35678285 , -7.7686353 , 0.37565807
0.34250998 , -7.822564 , 0.4130754
0.2706513 , -7.622293 , 0.34121478
0.6762899 , 0.23141943 , -0.20839892
0.7315086 , 0.51651716 , -0.17241235
0.61958665 , -1.5128937 , -0.19186033
0.6607106 , -0.7826658 , -0.17747226
0.5754433 , -2.1054356 , -0.2057028
0.5745107 , -2.0928373 , -0.21274172
0.53700966 , -1.4350908 , -0.2511876
0.533972 , -2.4654748 , -0.22979604
0.6384506 , -1.2732373 , -0.1796681
0.52712214 , -1.5342028 , -0.2533877
0.47865418 , -2.6634586 , -0.2444385
0.30817991 , -8.118792 , 0.3303006
0.41010627 , -8.736921 , 0.30143028
0.35114473 , -8.139083 , 0.38764304
0.32441244 , -8.037647 , 0.39715907
0.47343028 , -9.351716 , 0.2451257
0.4092704 , -8.734114 , 0.3013507
0.35140356 , -8.150447 , 0.3870284
0.5863039 , -0.95271194 , -0.23521343
0.47452077 , -2.060035 , -0.26226714
0.5894992 , -1.8275176 , -0.20223229
0.5772978 , -1.0465171 , -0.23823427
0.45707452 , -2.1709402 , -0.2630615
0.31953722 , -8.028824 , 0.37161297
0.43785858 , -9.024514 , 0.27407864
0.37825382 , -8.420619 , 0.3354457
0.466969 , -2.7459748 , -0.2370074
0.32543913 , -8.33544 , 0.31564912
0.38815385 , -9.01645 , 0.3225492
0.4862245 , -9.46765 , 0.23191287
0.41234955 , -8.776369 , 0.29654002
0.34853527 , -8.135565 , 0.40035212
0.63915837 , -1.2635123 , -0.17711002
0.7600651 , -0.0981614 , -0.108804055
0.6226058 , -0.6165382 , -0.22080638
0.49428943 , -1.8394461 , -0.2587294
0.6559482 , -0.3127432 , -0.2058893
0.5509204 , -1.3188071 , -0.24640755
0.25293103 , -2.5371768 , -0.26800415
0.3258283 , -8.097923 , 0.4021852
0.4766677 , -2.6884441 , -0.24677993
0.31889042 , -8.199452 , 0.33781108
0.3560545 , -8.668554 , 0.3183398
0.4111042 , -9.204719 , 0.32343844
0.45697662 , -9.226214 , 0.24702395
0.40069953 , -8.689708 , 0.3029524
0.35303643 , -8.215688 , 0.38672775
0.6159912 , -1.541796 , -0.18620448
0.71323204 , -0.5405802 , -0.13094495
0.6737417 , -0.18592748 , -0.19673052
0.5688394 , -1.1704332 , -0.24020457
0.46354115 , -2.2703729 , -0.26181847
0.59768337 , -1.7684404 , -0.19555463
0.69141155 , -0.74934196 , -0.14292605
0.6956646 , -0.00020767482 , -0.18616953
0.5888295 , -0.98412895 , -0.23317139
0.48271072 , -2.0407963 , -0.2598091
0.46210414 , -2.8838573 , -0.22979935
0.33224112 , -8.373393 , 0.31680334
0.37639686 , -8.87552 , 0.3218193
0.4344796 , -9.40356 , 0.3231087
0.43224847 , -9.002314 , 0.26932412
0.37987852 , -8.485808 , 0.32780907
0.47219455 , -2.75565 , -0.23991871
0.32544932 , -8.264539 , 0.32641298
0.36211008 , -8.72512 , 0.31959084
0.41629264 , -9.242299 , 0.32331395
0.44664165 , -9.138611 , 0.2536765
0.39317307 , -8.624259 , 0.30977744
0.53868777 , -2.579355 , -0.22986032
0.62554866 , -1.4382085 , -0.17995584
0.72427195 , -0.45188332 , -0.12287494
0.65893877 , -0.33436435 , -0.20345457
0.5554283 , -1.3155863 , -0.24426584
0.44749516 , -2.430676 , -0.26319304
0.6067979 , -1.6590368 , -0.18964177
0.7018918 , -0.6602023 , -0.1353207
0.6801263 , -0.15176204 , -0.1932784
0.57537556 , -1.1275607 , -0.23773108
0.47023484 , -2.1982923 , -0.26077214
0.32816404 , -8.1332655 , 0.35940942
0.33777535 , -8.435508 , 0.3162389
0.3821061 , -8.92343 , 0.32261232
0.45984522 , -9.432876 , 0.27265236
0.42319402 , -8.923475 , 0.27586102
0.373629 , -8.435581 , 0.33589536
0.4682892 , -2.82419 , -0.23486531
0.330653 , -8.325048 , 0.321101
0.36785737 , -8.776894 , 0.32075414
0.4211052 , -9.275457 , 0.3231479
0.43691874 , -9.055444 , 0.26030612
0.38626033 , -8.565125 , 0.31676614
0.545578 , -2.4437737 , -0.22052324
0.6349936 , -1.3390033 , -0.17352487
0.7355519 , -0.36403173 , -0.11442038
0.6445197 , -0.48087057 , -0.20982276
0.54212344 , -1.4610611 , -0.24795522
0.435851 , -2.5917645 , -0.2665745
0.34399733 , -5.3067503 , -0.17551543
0.2980555 , -5.805229 , -0.12941837
0.32206511 , -5.9421062 , -0.20543997
0.37308702 , -5.455815 , -0.23620999
0.43657678 , -4.8328915 , -0.24065201
0.6400282 , -1.0801846 , -0.19284339
0.5334379 , -2.827211 , -0.20190711
0.41584575 , -4.6216097 , -0.2023666
0.46174142 , -4.6084833 , -0.23951091
0.46661678 , -4.1098976 , -0.23861276
0.45072594 , -3.600409 , -0.24156101
0.43504602 , -3.0649493 , -0.2528179
0.29735404 , -5.752784 , -0.08474186
0.44445178 , -4.1341186 , -0.062990434
0.5971512 , -2.3188121 , -0.05800621
0.7320498 , -0.64338934 , -0.07028986
0.5233893 , -2.9288847 , -0.21229412
0.49500763 , -3.476497 , -0.2019246
0.4600174 , -3.9870107 , -0.19804198
0.40830818 , -4.497605 , -0.20123829
0.46965164 , -4.2691603 , -0.23831238
0.45611623 , -3.7667542 , -0.23920546
0.43820995 , -3.2536962 , -0.24754481
0.42906722 , -2.7008138 , -0.2649287
0.5105974 , -3.1887877 , -0.20593402
0.48055834 , -3.7069206 , -0.19997378
0.44091666 , -4.2084823 , -0.19788283
0.46773085 , -4.5320888 , -0.23869067
0.46537676 , -4.044942 , -0.23736276
0.4472847 , -3.5530007 , -0.24118426
0.43122295 , -3.0260446 , -0.2535558
0.5246867 , -2.8922029 , -0.21469225
0.4975585 , -3.431818 , -0.20267987
0.4648495 , -3.9269145 , -0.19860473
0.4175241 , -4.4208064 , -0.2003562
0.47127056 , -4.315927 , -0.23725636
0.45777634 , -3.831254 , -0.23749465
0.43825725 , -3.3391001 , -0.24478993
0.42629665 , -2.7986884 , -0.26116505
0.5122714 , -3.1494381 , -0.2069792
0.48391792 , -3.6578372 , -0.2006068
0.44711486 , -4.1406116 , -0.1980681
0.46696225 , -4.558459 , -0.23763937
0.46739498 , -4.098784 , -0.23605846
0.44848183 , -3.6251738 , -0.23902845
0.43015587 , -3.1200364 , -0.2501058
0.5257973 , -2.8588772 , -0.21705829
0.49977776 , -3.3903236 , -0.2033467
0.46920556 , -3.8714364 , -0.19912781
0.42578772 , -4.3470445 , -0.19958125
0.47289732 , -4.357495 , -0.23611401
0.4597068 , -3.8915458 , -0.23584004
0.4387256 , -3.4201617 , -0.24211611
0.42396933 , -2.8970895 , -0.2567869
0.51373273 , -3.1127021 , -0.20795785
0.48688254 , -3.612635 , -0.20115976
0.45273608 , -4.07743 , -0.19830626
0.39563057 , -4.530537 , -0.20757087
0.46958423 , -4.1483345 , -0.2347462
0.45001048 , -3.6929433 , -0.23694365
0.429601 , -3.2102952 , -0.24678248
0.5266395 , -2.8297029 , -0.21868123
0.5016888 , -3.3518116 , -0.20392147
0.47310314 , -3.8204634 , -0.19960916
0.43323168 , -4.2769995 , -0.19900836
0.47446865 , -4.3932023 , -0.2347424
0.46189258 , -3.9476187 , -0.23422606
0.43959707 , -3.4967504 , -0.23953126
0.42215973 , -2.9940703 , -0.25262618
0.5150264 , -3.0785868 , -0.2088101
0.48947483 , -3.5710967 , -0.20162688
0.45781183 , -4.0190167 , -0.19858497
0.4073188 , -4.4598103 , -0.20456302
0.47191983 , -4.1934037 , -0.23337972
0.45185518 , -3.7563002 , -0.2349273
0.42952687 , -3.2964447 , -0.24360064
0.52677405 , -2.8060791 , -0.21913928
0.5033188 , -3.3161032 , -0.2043856
0.47655955 , -3.7738433 , -0.20003672
0.4399389 , -4.2111588 , -0.19865613
0.4759037 , -4.422046 , -0.23284407
0.46431553 , -3.9994454 , -0.23263635
0.44084698 , -3.568784 , -0.23703948
0.42088887 , -3.0884657 , -0.24875233
0.5161876 , -3.0472205 , -0.20944458
0.49171275 , -3.5329943 , -0.201995
0.46236962 , -3.9653726 , -0.19888213
0.41700566 , -4.390804 , -0.20190394
0.4743656 , -4.2337127 , -0.23189357
0.45401183 , -3.815245 , -0.23297596
0.42993072 , -3.3782082 , -0.2405606
0.41366196 , -2.8815367 , -0.25229743
0.504726 , -3.2830617 , -0.20470956
0.47960544 , -3.7313945 , -0.20039435
0.44596836 , -4.149847 , -0.19849162
0.47707134 , -4.4423304 , -0.22978866
0.46695572 , -4.046969 , -0.23105253
0.4424268 , -3.636219 , -0.23464265
0.42009452 , -3.1795056 , -0.24512523
0.51719445 , -3.0189252 , -0.20977722
0.4935805 , -3.498095 , -0.20224607
0.46642107 , -3.9164314 , -0.19917099
0.4254655 , -4.3244777 , -0.2001605
0.47685513 , -4.2688575 , -0.23020327
0.45648333 , -3.8697839 , -0.23108788
0.43084073 , -3.455396 , -0.23766044
0.41213 , -2.9766195 , -0.24885716
0.5060239 , -3.2525995 , -0.20485197
0.4823018 , -3.6929107 , -0.20066231
0.45137608 , -4.0932636 , -0.19845796
0.43543392 , -4.4511766 , -0.21593112
0.46980563 , -4.0900855 , -0.22946735
0.4443121 , -3.6990178 , -0.2323463
0.4197264 , -3.2666187 , -0.24171911
0.51799864 , -2.9943576 , -0.20976931
0.49506375 , -3.4662015 , -0.20235337
0.46996644 , -3.8720822 , -0.19941914
0.43296754 , -4.2616396 , -0.19905752
0.47936442 , -4.298221 , -0.22826825
0.45921147 , -3.9199376 , -0.22928058
0.43213075 , -3.5279357 , -0.23490658
0.41089672 , -3.0705404 , -0.24551255
0.5071538 , -3.2246282 , -0.20474106
0.48462504 , -3.6581259 , -0.20081155
0.4562208 , -4.041502 , -0.19848213
0.4065047 , -4.406191 , -0.20320314
0.35179526 , -8.421774 , 0.31600827
0.39235008 , -8.394317 , 0.3064063
0.41869816 , -8.111615 , 0.3035898
0.41171336 , -7.625467 , 0.30291215
0.41628224 , -8.147505 , 0.30442515
0.38839468 , -8.407365 , 0.3079723
0.34742397 , -8.406597 , 0.31868032
0.30807158 , -7.7918983 , 0.25673097
0.3547393 , -8.242336 , 0.27833578
0.3665633 , -8.434447 , 0.303162
0.36050645 , -8.349491 , 0.34277278
0.3626951 , -8.375102 , 0.34010857
0.36658812 , -8.425912 , 0.30156457
0.35218462 , -8.206244 , 0.2769464
0.30021074 , -7.7254653 , 0.2549779
0.4187552 , -7.994838 , 0.3051961
0.39804778 , -8.345362 , 0.30699253
0.36048982 , -8.440261 , 0.31546608
0.30916482 , -8.169155 , 0.3288221
0.3647409 , -8.438491 , 0.32072252
0.3617237 , -8.354075 , 0.29047275
0.33463922 , -8.013913 , 0.26746985
0.41278177 , -7.661478 , 0.30489326
0.41259655 , -8.171242 , 0.3062827
0.38375282 , -8.415982 , 0.31068513
0.34242806 , -8.391179 , 0.323192
0.36106724 , -8.35178 , 0.35052156
0.36619854 , -8.431638 , 0.30619416
0.3535749 , -8.227367 , 0.2803529
0.30727446 , -7.7606344 , 0.25773686
0.4172557 , -7.903731 , 0.30694354
0.40127358 , -8.302837 , 0.30827802
0.36649945 , -8.442916 , 0.316069
0.31944838 , -8.250185 , 0.33367017
0.36463195 , -8.432913 , 0.32720014
0.36247858 , -8.367644 , 0.29429826
0.3380216 , -8.0429535 , 0.27061826
0.4051109 , -7.5404725 , 0.3048783
0.41310006 , -8.1012745 , 0.30796486
0.3875078 , -8.391955 , 0.31161836
0.3483537 , -8.417488 , 0.32366583
0.3590382 , -8.322887 , 0.36287215
0.36569402 , -8.436821 , 0.3109513
0.3547244 , -8.248507 , 0.28375605
0.31322172 , -7.7971044 , 0.2608061
0.41447935 , -7.804104 , 0.30868816
0.40373182 , -8.2528715 , 0.30964994
0.37171683 , -8.438042 , 0.31660843
0.3280981 , -8.313389 , 0.33489183
0.36417428 , -8.424891 , 0.33421576
0.36297938 , -8.38089 , 0.29818764
0.34088135 , -8.072014 , 0.27380586
0.27128983 , -7.4903355 , 0.2485502
0.41297305 , -8.023191 , 0.30970964
0.39105842 , -8.360777 , 0.312585
0.3542881 , -8.4346895 , 0.32373133
0.35717607 , -8.285976 , 0.3786654
0.36544356 , -8.440994 , 0.31592914
0.35588777 , -8.269453 , 0.28719428
0.31844747 , -7.8342257 , 0.26396647
0.41032574 , -7.695864 , 0.310447
0.405469 , -8.195261 , 0.31108472
0.37630755 , -8.425727 , 0.31709886
0.3354352 , -8.362176 , 0.3342718
0.36342376 , -8.413821 , 0.34189674
0.36329803 , -8.393754 , 0.30217615
0.34332943 , -8.100994 , 0.27702466
0.28230816 , -7.533802 , 0.25337183
0.412002 , -7.936835 , 0.31151196
0.3941763 , -8.32237 , 0.3135911
0.3598753 , -8.44339 , 0.32359123
0.3548581 , -8.237914 , 0.3994732
0.36525187 , -8.443838 , 0.32116187
0.35697046 , -8.29014 , 0.29067513
0.323023 , -7.871619 , 0.26714337
0.40466633 , -7.5790076 , 0.31237012
0.40654933 , -8.129866 , 0.31258813
0.38045785 , -8.406111 , 0.31758797
0.3420597 , -8.398821 , 0.3329314
0.36255512 , -8.398738 , 0.35026658
0.36357167 , -8.406071 , 0.3062734
0.3455043 , -8.129776 , 0.2802612
0.29096568 , -7.5786896 , 0.25720832
0.41004008 , -7.842067 , 0.3133893
0.39676043 , -8.276613 , 0.3146572
0.36500582 , -8.443995 , 0.32339424
0.3217769 , -8.249705 , 0.3458944
0.36502197 , -8.444981 , 0.32665065
0.35794228 , -8.310512 , 0.2941959
0.32703614 , -7.909026 , 0.27030927
0.39717183 , -7.453518 , 0.3146761
0.40692824 , -8.056533 , 0.31417513
0.38417754 , -8.379251 , 0.3181205
0.34815833 , -8.424804 , 0.33151802
0.36152422 , -8.378374 , 0.3591656
0.36382988 , -8.417648 , 0.31047538
0.34746614 , -8.158278 , 0.28350145
0.29825246 , -7.6244173 , 0.26059958
0.3052026 , -6.4081264 , 0.34690636
0.17799518 , -5.100835 , 0.35042208
-0.050189886 , -3.9583135 , 0.20022959
0.086373106 , -5.201673 , 0.24567147
0.20252137 , -6.519099 , 0.2642561
0.39585152 , -8.73891 , 0.21727216
0.25528443 , -7.378158 , 0.2062101
0.12597337 , -5.909748 , 0.1979705
-0.0129798055 , -4.3506565 , 0.19776031
0.31949803 , -7.8210287 , 0.2691056
0.3547797 , -8.2685 , 0.29267514
0.3648348 , -8.445371 , 0.3236733
0.3546637 , -8.243365 , 0.3924676
0.16633226 , -5.479212 , 0.31982154
0.2648964 , -6.9790635 , 0.31724164
0.3566179 , -8.366447 , 0.31947517
0.33224812 , -8.337034 , 0.34065205
0.37120163 , -8.432352 , 0.3234237
0.39916554 , -8.201246 , 0.31648162
0.4052699 , -7.697018 , 0.31640404
0.30001345 , -7.633975 , 0.26177007
0.34782636 , -8.1647 , 0.28463778
0.36383548 , -8.420677 , 0.31194654
0.36117774 , -8.371507 , 0.36202008
0.3502362 , -8.43206 , 0.3312384
0.38527602 , -8.367338 , 0.31856355
0.40663493 , -8.026451 , 0.3150108
0.39359668 , -7.4029427 , 0.31593716
0.2335465 , -7.277143 , 0.2545136
0.23543528 , -7.273552 , 0.2540437
0.32391647 , -7.501722 , 0.26408952
0.24603365 , -7.3405695 , 0.2516261
0.24649855 , -7.3357973 , 0.25386176
0.32168055 , -7.395231 , 0.2789548
0.33072516 , -7.480588 , 0.26926887
0.39254397 , -7.2899265 , 0.29742894
0.3890507 , -7.2358375 , 0.30019948
0.3131009 , -7.3764024 , 0.1872656
0.38096076 , -7.114365 , 0.30133522
0.37701494 , -7.0668864 , 0.30299518
0.31174996 , -7.285979 , 0.27960232
0.28180352 , -6.937589 , 0.27926546
0.20096885 , -6.9355626 , 0.25514114
0.32214582 , -7.36419 , 0.2787171
0.2161063 , -7.011267 , 0.2560245
0.21828966 , -7.011428 , 0.25635096
0.3075837 , -7.2674623 , 0.27871346
0.23033221 , -7.0919237 , 0.25599104
0.23164617 , -7.095983 , 0.25617588
0.30369925 , -7.1727366 , 0.2838824
0.31395915 , -7.2537217 , 0.28524682
0.37002552 , -7.044509 , 0.31168538
-0.03252496 , -3.0162017 , 0.32358187
0.2060504 , -5.187 , 0.35290286
0.054789267 , -3.708526 , 0.3457689
0.07106225 , -4.0556927 , 0.3367454
0.21019137 , -5.3619723 , 0.35403684
0.34256414 , -6.806448 , 0.32887408
-0.03534365 , -3.9354947 , 0.23797996
0.09847094 , -5.4459133 , 0.26233962
0.20174074 , -6.6194544 , 0.26325384
0.08605769 , -5.2009945 , 0.2513008
-0.050544113 , -3.9018326 , 0.21126357
0.12983526 , -4.589584 , 0.34726486
0.26428452 , -5.928557 , 0.3512545
0.21094999 , -6.7549806 , 0.26212528
0.09767502 , -5.324847 , 0.25344852
-0.036806665 , -4.0243974 , 0.21539101
0.12018422 , -4.5052567 , 0.34552193
0.25491738 , -5.8316803 , 0.35238066
0.21950851 , -6.8918786 , 0.2603936
0.10911732 , -5.448908 , 0.25543654
-0.023282597 , -4.146564 , 0.21937937
0.110494286 , -4.421678 , 0.34359238
0.24562196 , -5.7366214 , 0.35317904
0.22689956 , -7.0302753 , 0.25796747
0.12038377 , -5.5731344 , 0.25726017
-0.009968738 , -4.268351 , 0.22321366
0.10075964 , -4.3388243 , 0.34147993
0.23638317 , -5.643349 , 0.3536836
0.3656594 , -7.1056514 , 0.31821135
0.13148105 , -5.6976643 , 0.258909
0.0031399967 , -4.3898087 , 0.22688706
0.090971455 , -4.256611 , 0.339187
0.2271798 , -5.551618 , 0.35391536
0.35543397 , -6.9879394 , 0.3244426
0.14240488 , -5.8224187 , 0.26037437
0.2582019 , -5.764783 , -0.0991157
0.3319129 , -5.232151 , -0.09334213
0.40858296 , -4.5383863 , -0.08734221
0.49376225 , -3.77267 , -0.09078325
0.27761936 , -5.5950613 , -0.100777954
0.35152757 , -5.04026 , -0.09445655
0.43034723 , -4.3252854 , -0.089585766
0.51336944 , -3.5978107 , -0.096877545
0.2971368 , -5.4249477 , -0.10228213
0.37156606 , -4.845207 , -0.095643006
0.45263222 , -4.118407 , -0.0926019
0.24575147 , -5.705428 , -0.108796306
0.3166218 , -5.253496 , -0.10364712
0.39212763 , -4.648144 , -0.09705068
0.4750701 , -3.9226015 , -0.096502766
0.26341748 , -5.547566 , -0.11076007
0.33618525 , -5.0800714 , -0.10492139
0.41322565 , -4.451194 , -0.09884661
0.49677843 , -3.742832 , -0.10135302
0.28262186 , -5.3917036 , -0.1125501
0.35597193 , -4.904501 , -0.10618371
0.43477282 , -4.2573996 , -0.101188615
0.51572526 , -3.5837862 , -0.10715157
0.30209672 , -5.2366357 , -0.1141779
0.37609512 , -4.7272444 , -0.10754225
0.45656857 , -4.070498 , -0.1042065
0.2532646 , -5.4620895 , -0.12077976
0.3215812 , -5.081418 , -0.11567398
0.39660707 , -4.54952 , -0.1091262
0.478231 , -3.894628 , -0.10799824
0.27019227 , -5.3190937 , -0.1228798
0.34112474 , -4.9254866 , -0.11709512
0.41748068 , -4.3733325 , -0.111068755
0.49894622 , -3.7340407 , -0.112631015
0.2889784 , -5.1792493 , -0.12479161
0.36082995 , -4.7687783 , -0.11852261
0.43859953 , -4.201372 , -0.11348999
0.5170333 , -3.5928173 , -0.1181232
0.30819792 , -5.0413427 , -0.12654488
0.3807715 , -4.6118407 , -0.120058164
0.45974347 , -4.0368166 , -0.116489656
0.26247597 , -5.206365 , -0.13317873
0.3274633 , -4.90448 , -0.1281793
0.40096694 , -4.4558954 , -0.12181321
0.48052338 , -3.8831217 , -0.12015038
0.27855092 , -5.080294 , -0.13540268
0.3467547 , -4.7681804 , -0.12975363
0.42136362 , -4.3028026 , -0.12389289
0.5001766 , -3.7438362 , -0.124540396
0.29671752 , -4.9584208 , -0.13742508
0.3661302 , -4.63246 , -0.13134594
0.44183025 , -4.154921 , -0.12638398
0.5172468 , -3.6224177 , -0.12969683
0.31546324 , -4.8395605 , -0.13929537
0.46610948 , -3.990497 , -0.1766716
0.518099 , -3.8236794 , -0.17697212
0.36685225 , -4.057672 , -0.18749008
0.42167482 , -4.057481 , -0.1821522
0.48082092 , -3.9609418 , -0.17966728
0.3360722 , -3.9162586 , -0.19411682
0.38226458 , -4.027411 , -0.18941088
0.43698195 , -4.025445 , -0.18456657
0.49404284 , -3.9432313 , -0.18267202
0.34952193 , -3.8911865 , -0.19652823
0.39735115 , -4.0023017 , -0.19129272
0.45167536 , -4.003053 , -0.18720154
0.5048098 , -3.9368346 , -0.18562825
0.36368805 , -3.87361 , -0.19881341
0.41205314 , -3.9828794 , -0.19324814
0.46555123 , -3.9919152 , -0.19000447
0.5115124 , -3.9408123 , -0.1886354
0.3779318 , -3.8629966 , -0.2008666
0.4262925 , -3.970379 , -0.19536059
0.47833169 , -3.9930954 , -0.19286521
0.35243687 , -3.6486468 , -0.20724164
0.3919086 , -3.8584018 , -0.20270328
0.43994442 , -3.9664776 , -0.19766973
0.48958534 , -4.006689 , -0.19560836
0.3645598 , -3.6460445 , -0.20983891
0.4054952 , -3.8594327 , -0.20445602
0.45283616 , -3.9729834 , -0.20017077
0.4985398 , -4.031392 , -0.19802557
0.37726608 , -3.6525602 , -0.21224137
0.41862535 , -3.8666477 , -0.20625179
0.46474853 , -3.991525 , -0.20281343
0.5037127 , -4.064576 , -0.20007579
0.38994676 , -3.6671278 , -0.21421054
0.43120185 , -3.8813517 , -0.20817102
0.47540167 , -4.0232205 , -0.20549332
0.36991554 , -3.3821075 , -0.22039145
0.40230167 , -3.6881273 , -0.21584246
0.4430769 , -3.905259 , -0.21025105
0.48441058 , -4.068268 , -0.2080258
0.3808114 , -3.4011533 , -0.22336304
0.4142342 , -3.7150455 , -0.21732679
0.45405516 , -3.9401803 , -0.21249321
0.49118268 , -4.125322 , -0.21008578
0.39193568 , -3.4317386 , -0.22582649
0.42566475 , -3.7485418 , -0.2187983
0.46389487 , -3.9877415 , -0.214865
0.4946156 , -4.190505 , -0.2111798
0.40285668 , -3.471202 , -0.22750796
0.4364692 , -3.7900023 , -0.22033988
0.47229668 , -4.049098 , -0.21729502
0.38834992 , -3.1190858 , -0.2339083
0.41342854 , -3.5172255 , -0.22868854
0.44647175 , -3.8411515 , -0.22200961
0.47887045 , -4.1246076 , -0.21965885
0.41414735 , -6.0767045 , -0.09303215
0.49882597 , -5.3229985 , -0.10133701
0.28366765 , -7.1947846 , -0.089824334
0.3594858 , -6.5510974 , -0.0937871
0.43366355 , -5.861407 , -0.09694654
0.52126235 , -5.0555215 , -0.10550245
0.30476683 , -7.0118804 , -0.09321556
0.37781757 , -6.34766 , -0.09643582
0.4535857 , -5.6329346 , -0.10136429
0.54465044 , -4.783674 , -0.10792882
0.32567075 , -6.819356 , -0.09651736
0.39608976 , -6.140012 , -0.09935241
0.47386375 , -5.3892736 , -0.10602699
0.569709 , -4.521026 , -0.10836894
0.34474152 , -6.6201563 , -0.09953481
0.41450113 , -5.925895 , -0.10269326
0.4943837 , -5.1311646 , -0.11041535
0.5917569 , -4.280596 , -0.107322976
0.36275682 , -6.416391 , -0.10235446
0.43315428 , -5.7025533 , -0.10649874
0.51517624 , -4.8635488 , -0.11383619
0.31144542 , -6.8677993 , -0.10137706
0.38032433 , -6.20876 , -0.1051779
0.45205542 , -5.467586 , -0.11066463
0.53666866 , -4.5955763 , -0.115734145
0.33105338 , -6.674054 , -0.104373954
0.3977918 , -5.996551 , -0.10820468
0.4711217 , -5.220052 , -0.11489927
0.55925715 , -4.3385553 , -0.11600345
0.3493823 , -6.4748178 , -0.10733982
0.41533944 , -5.778041 , -0.11156388
0.49025986 , -4.961703 , -0.11872524
0.57950085 , -4.1032047 , -0.114998125
0.3666823 , -6.2711596 , -0.11025734
0.43303207 , -5.5511594 , -0.115273066
0.50953496 , -4.6977506 , -0.12160505
0.31927726 , -6.705289 , -0.10918174
0.38346615 , -6.0633726 , -0.11322279
0.45084003 , -5.314346 , -0.11920547
0.52928793 , -4.436398 , -0.12316771
0.3372722 , -6.512547 , -0.11187928
0.40007374 , -5.8508525 , -0.1163593
0.46867228 , -5.067556 , -0.123073414
0.5496949 , -4.187177 , -0.123369224
0.35472575 , -6.315879 , -0.11473161
0.41667798 , -5.6323233 , -0.11974844
0.4864596 , -4.8131623 , -0.1264677
0.56817853 , -3.959135 , -0.12246381
0.37126452 , -6.1154737 , -0.11767298
0.4333263 , -5.4063745 , -0.12337917
0.5042763 , -4.5562806 , -0.12898016
0.32831907 , -6.5249357 , -0.11665805
0.3872325 , -5.911157 , -0.120726354
0.44997573 , -5.1722116 , -0.12711519
0.4386259 , -4.619694 , -0.16607217
0.46437314 , -4.2550783 , -0.17203535
0.4924756 , -3.7884166 , -0.17427704
0.42403856 , -4.7367253 , -0.1636748
0.44612744 , -4.507305 , -0.1690221
0.47066095 , -4.133094 , -0.17444228
0.49635497 , -3.6869733 , -0.17531027
0.4315559 , -4.6388025 , -0.16617268
0.45298982 , -4.3972917 , -0.17191255
0.47616842 , -4.019179 , -0.17657223
0.4972552 , -3.603892 , -0.17604761
0.4387796 , -4.5443053 , -0.16883853
0.45915487 , -4.29073 , -0.17465326
0.48081693 , -3.9154997 , -0.17843877
0.43060094 , -4.5794005 , -0.16730098
0.44545138 , -4.4528413 , -0.17160466
0.46454412 , -4.189192 , -0.17717813
0.48435643 , -3.8241012 , -0.18006043
0.43600205 , -4.4982195 , -0.1694638
0.45149496 , -4.364406 , -0.1743931
0.46907493 , -4.0945487 , -0.1794616
0.4861056 , -3.7469268 , -0.18144919
0.4419675 , -4.422167 , -0.17182639
0.45685905 , -4.2794867 , -0.1771091
0.47266784 , -4.0086985 , -0.18152213
0.4849875 , -3.6858625 , -0.18261805
0.44768518 , -4.350581 , -0.17433068
0.46146622 , -4.1991377 , -0.17966072
0.4752216 , -3.9333196 , -0.1834102
0.4448182 , -4.3135557 , -0.17310438
0.45286426 , -4.283095 , -0.17692544
0.46521357 , -4.124897 , -0.18198586
0.47651613 , -3.8697324 , -0.18518087
0.44864923 , -4.254312 , -0.17514959
0.457411 , -4.219643 , -0.17953318
0.46798712 , -4.0585566 , -0.18406959
0.47600445 , -3.8189528 , -0.18685883
0.45303717 , -4.2011027 , -0.17733951
0.46125463 , -4.160661 , -0.18204859
0.46966842 , -4.001849 , -0.18595055
0.4727 , -3.7819192 , -0.18842442
0.4571945 , -4.1534038 , -0.17964865
0.4642943 , -4.107197 , -0.18437251
0.47011885 , -3.9561327 , -0.18771629
0.4594789 , -4.043235 , -0.17891572
0.4608375 , -4.110775 , -0.18204993
0.46640232 , -4.060794 , -0.18644257
0.46911848 , -3.9221349 , -0.18947946
0.46187392 , -4.0064507 , -0.18081027
0.46386334 , -4.072994 , -0.18445371
0.46743655 , -4.02323 , -0.18824758
0.46622372 , -3.899905 , -0.19132085
0.464686 , -3.9766915 , -0.18276908
0.4661757 , -4.0404344 , -0.18673342
0.46724278 , -3.9961889 , -0.18983436
0.46058458 , -3.889149 , -0.19321956
0.4672477 , -3.9535594 , -0.18484281
0.46764642 , -4.014161 , -0.18878068
0.46563834 , -3.9809055 , -0.19131301
0.4743679 , -3.770648 , -0.184906
0.4693354 , -3.936341 , -0.18702494
0.46812505 , -3.9957535 , -0.19053261
0.4623683 , -3.977785 , -0.19285561
0.47554445 , -3.756269 , -0.18658656
0.47083718 , -3.9245663 , -0.18918748
0.46744815 , -3.9870074 , -0.1919792
0.45702434 , -3.9860857 , -0.1946533
0.47680497 , -3.7502115 , -0.18822311
0.47162116 , -3.9185665 , -0.19117501
0.46543655 , -3.9896169 , -0.19316654
0.4489076 , -4.004055 , -0.19676991
0.47776714 , -3.7520278 , -0.19001566
0.4715299 , -3.919463 , -0.19287367
0.46187398 , -4.004835 , -0.1942047
0.4892128 , -3.4983134 , -0.19139421
0.4783176 , -3.7604036 , -0.19193402
0.4703945 , -3.9288812 , -0.19422503
0.45646027 , -4.0330667 , -0.1952854
0.4894914 , -3.5055811 , -0.1927113
0.47831824 , -3.7745924 , -0.19377606
0.4680387 , -3.9486344 , -0.19522429
0.44874302 , -4.0733147 , -0.19670394
0.4892457 , -3.5232062 , -0.19389024
0.4775917 , -3.7949612 , -0.19536237
0.46427172 , -3.9804265 , -0.19591941
0.43805897 , -4.1225715 , -0.19878125
0.48866546 , -3.5500023 , -0.19533783
0.47595364 , -3.822717 , -0.19658716
0.45886496 , -4.0255523 , -0.19641508
0.42306817 , -4.1764674 , -0.20137568
0.487749 , -3.5836923 , -0.19686598
0.47322312 , -3.859524 , -0.1974115
0.45150402 , -4.0845556 , -0.19688466
0.5034668 , -3.2564538 , -0.19955455
0.48630008 , -3.6234002 , -0.19818442
0.46921974 , -3.907186 , -0.19785585
0.44170454 , -4.156759 , -0.19760104
0.5018242 , -3.2976491 , -0.2001228
0.48409528 , -3.6696272 , -0.19911866
0.4637534 , -3.9673746 , -0.19799781
0.42868617 , -4.2393575 , -0.19905123
0.4998764 , -3.3488808 , -0.20102085
0.48093212 , -3.7236667 , -0.19961238
0.45660123 , -4.0413694 , -0.1979776
0.41087332 , -4.325023 , -0.20218793
0.49762002 , -3.4070582 , -0.20167701
0.47662324 , -3.7872043 , -0.19966461
0.4474749 , -4.129754 , -0.1980451
0.20199761 , -7.648878 , -0.015507703
0.2506645 , -7.0549273 , -0.075272344
0.30919448 , -5.636182 , -0.1295251
0.39961365 , -3.8912776 , -0.18816844
0.21476631 , -7.6184025 , -0.03225312
0.26158223 , -6.7794256 , -0.087960884
0.32799554 , -5.2297926 , -0.1433783
0.4241403 , -3.4831867 , -0.20273508
0.22650959 , -7.513511 , -0.04687409
0.2740954 , -6.461995 , -0.10075704
0.3488302 , -4.808545 , -0.15744586
0.4487041 , -3.0936575 , -0.21870205
0.23693141 , -7.347937 , -0.06038242
0.28853112 , -6.1078005 , -0.113845944
0.3714395 , -4.380135 , -0.1716064
0.18536904 , -7.6605 , -0.011201788
0.24719882 , -7.1285453 , -0.0732796
0.3050838 , -5.722762 , -0.1273011
0.39540163 , -3.9528081 , -0.1858199
0.2088691 , -7.6506696 , -0.030080073
0.25822783 , -6.8601837 , -0.08594988
0.3238096 , -5.3135467 , -0.14109528
0.4200717 , -3.5353892 , -0.20030576
0.22313127 , -7.5616817 , -0.044791374
0.27066436 , -6.547457 , -0.09869285
0.34462428 , -4.887472 , -0.15512706
0.4443837 , -3.1368725 , -0.21595487
0.23432362 , -7.4091396 , -0.058370154
0.28494498 , -6.1955338 , -0.11170895
0.36729842 , -4.4524317 , -0.16927202
0.18572642 , -7.6621704 , -0.00941059
0.2447239 , -7.200253 , -0.07129358
0.30133024 , -5.8104024 , -0.12508887
0.39144167 , -4.016915 , -0.18347053
0.20871717 , -7.676573 , -0.027861623
0.25562626 , -6.939892 , -0.08394789
0.31992143 , -5.398856 , -0.13882014
0.4164607 , -3.5901525 , -0.19788614
0.2226679 , -7.6053314 , -0.04269853
0.267826 , -6.63263 , -0.096640006
0.34066933 , -4.968378 , -0.1528111
0.44144604 , -3.1821737 , -0.21325892
0.23341611 , -7.4671187 , -0.056348484
0.2818365 , -6.2836475 , -0.10958414
0.3633781 , -4.5270567 , -0.16693728
0.20383532 , -7.6528463 , -0.0082216
0.2433838 , -7.269801 , -0.06930399
0.29796672 , -5.8990126 , -0.122887455
0.38770595 , -4.083598 , -0.18112257
0.21473254 , -7.69535 , -0.025465606
0.25385112 , -7.0183587 , -0.08194851
0.31635308 , -5.4856467 , -0.13655227
0.41317344 , -3.6475377 , -0.1954826
0.22502175 , -7.643966 , -0.040542677
0.26562363 , -6.7173615 , -0.09459463
0.33697525 , -5.0512047 , -0.15049848
0.43929026 , -3.229635 , -0.21064122
0.23417048 , -7.5215225 , -0.054295275
0.27923423 , -6.3720217 , -0.107469134
0.35966608 , -4.603968 , -0.16460261
0.4677024 , -2.8279433 , -0.22924782
0.27045542 , -7.837653 , -0.03591035
0.28027424 , -7.1719837 , -0.0906194
0.344894 , -5.3341107 , -0.14581157
0.45366222 , -3.1637838 , -0.2054224
0.25687546 , -7.662309 , -0.004790107
0.23469484 , -7.687266 , -0.010910342
0.27886376 , -7.7460093 , -0.011282429
0.26517543 , -7.754188 , -0.016965557
0.24913952 , -7.7476068 , -0.02109595
0.23089023 , -7.718587 , -0.023229295
0.27037844 , -7.8266654 , -0.025141958
0.255756 , -7.790644 , -0.028577888
0.24102612 , -7.734239 , -0.031432945
0.22669879 , -7.6567388 , -0.033768293
0.21380219 , -7.5591044 , -0.035865195
0.24555808 , -7.737164 , -0.03796017
0.23343073 , -7.6326256 , -0.041384544
0.2225901 , -7.5125923 , -0.044706643
0.2135301 , -7.379005 , -0.048000265
0.20729795 , -7.2340465 , -0.051333297
0.22719125 , -7.438883 , -0.053130742
0.21971539 , -7.28373 , -0.05740029
0.21392612 , -7.1209393 , -0.061684202
0.21036184 , -6.952245 , -0.06599657
0.22422352 , -7.1485715 , -0.06737786
0.21989301 , -6.9669943 , -0.07242497
0.21702302 , -6.7827597 , -0.07750123
0.21597789 , -6.5972147 , -0.08260128
0.2171968 , -6.4115963 , -0.087721504
0.22495045 , -6.5637255 , -0.089785896
0.22458284 , -6.3660455 , -0.095501766
0.2257666 , -6.1709037 , -0.10123442
0.2287682 , -5.979244 , -0.106968805
0.2338186 , -5.7919126 , -0.11270065
0.23798563 , -5.876808 , -0.11543364
0.24096079 , -5.679246 , -0.121642314
0.24551077 , -5.4881554 , -0.12783203
0.25171855 , -5.3041615 , -0.13399161
0.2583011 , -5.325086 , -0.13686477
0.26239166 , -5.132045 , -0.1433665
0.26805314 , -4.9479113 , -0.14983137
0.27520928 , -4.7731204 , -0.15624538
0.28370437 , -4.6080713 , -0.16260295
0.290501 , -4.542812 , -0.16585255
0.29660243 , -4.3717146 , -0.17241322
0.3043226 , -4.211666 , -0.17892614
0.31333256 , -4.062971 , -0.18538553
0.32312664 , -3.9259062 , -0.19177906
0.33079517 , -3.7760477 , -0.19526927
0.3385426 , -3.6361651 , -0.20187163
0.3479296 , -3.509052 , -0.20843033
0.35817105 , -3.394728 , -0.21484289
0.36942723 , -3.177604 , -0.21930487
0.37632558 , -3.064224 , -0.22668642
0.3859536 , -2.9664824 , -0.2339297
0.3965674 , -2.883321 , -0.24050461
0.20989011 , -7.636526 , -0.0056936787
0.24919364 , -7.699155 , -0.012170268
0.24429655 , -7.719991 , -0.018693672
0.24001281 , -7.7331095 , -0.024843547
0.23613672 , -7.730935 , -0.03223001
0.23129539 , -7.7034774 , -0.041222144
0.2604948 , -7.803231 , -0.042971496
0.25975737 , -7.7716455 , -0.04959674
0.25911167 , -7.7187715 , -0.056652166
0.25799087 , -7.643487 , -0.06386838
0.27885428 , -7.802066 , -0.066687934
0.27978703 , -7.719961 , -0.072409175
0.28051317 , -7.6199083 , -0.078082606
0.28097692 , -7.503457 , -0.08362888
0.28187358 , -7.3727055 , -0.08891107
0.30142257 , -7.5745344 , -0.09189445
0.3027519 , -7.4338784 , -0.096318804
0.30394843 , -7.2830434 , -0.10063208
0.30553514 , -7.1239004 , -0.104804374
0.30843794 , -6.9582844 , -0.10881862
0.3269833 , -7.1562033 , -0.111652404
0.32850203 , -6.9790244 , -0.11520232
0.33038622 , -6.7985897 , -0.118702725
0.3331923 , -6.6162953 , -0.122154355
0.35380724 , -6.786594 , -0.12485526
0.35540175 , -6.591517 , -0.12797795
0.3573105 , -6.397393 , -0.13111125
0.35995892 , -6.205297 , -0.13425645
0.3637274 , -6.0161996 , -0.13741873
0.38511816 , -6.125366 , -0.1395673
0.38673517 , -5.925106 , -0.14251886
0.38904038 , -5.730143 , -0.14551255
0.3922622 , -5.5412073 , -0.14854503
0.39654985 , -5.358947 , -0.15162033
0.41878513 , -5.390576 , -0.15326472
0.4204104 , -5.19949 , -0.15620087
0.42295566 , -5.016926 , -0.15917774
0.42640787 , -4.8433447 , -0.1621871
0.4532235 , -4.8064313 , -0.16356125
0.4536872 , -4.62569 , -0.1665202
0.45523065 , -4.455402 , -0.16951634
0.45777494 , -4.2958884 , -0.17252365
0.4610019 , -4.1474757 , -0.17553334
0.4882116 , -4.024578 , -0.1766815
0.48811492 , -3.8721833 , -0.17981873
0.48938674 , -3.7319684 , -0.18297556
0.4915132 , -3.6042116 , -0.18618692
0.4939293 , -3.488856 , -0.18955365
0.52064526 , -3.2847295 , -0.1903375
0.51971704 , -3.1701012 , -0.19394433
0.5199369 , -3.069871 , -0.19812357
0.5210423 , -2.982369 , -0.20335665
0.5525463 , -2.7036812 , -0.20138475
0.41155803 , -6.647455 , -0.0030364094
0.41987517 , -6.397987 , -0.01211443
0.39114007 , -5.765928 , -0.00021916172
0.40039074 , -5.567659 , -0.007834042
0.41044366 , -5.3802714 , -0.015692808
0.4193971 , -5.2038717 , -0.022220934
0.428134 , -5.0383105 , -0.028242212
0.4359161 , -4.8833327 , -0.033219397
0.4433791 , -4.7386837 , -0.037793957
0.4503312 , -4.604082 , -0.04186017
0.45700607 , -4.4792323 , -0.045719557
0.463389 , -4.363835 , -0.0493628
0.46950036 , -4.2576146 , -0.05292993
0.47532585 , -4.160346 , -0.056390595
0.4755154 , -3.6323566 , -0.05131098
0.48143932 , -3.575742 , -0.05601855
0.48726004 , -3.5268357 , -0.060772803
0.49292988 , -3.4852684 , -0.065620735
0.49842525 , -3.4507124 , -0.07053049
0.50373554 , -3.4228678 , -0.0755398
0.50885564 , -3.4014509 , -0.080629714
0.5137815 , -3.386192 , -0.08582059
0.5185065 , -3.3768337 , -0.09109448
0.5230164 , -3.3731332 , -0.0964509
0.5272874 , -3.3748713 , -0.10186547
0.5312679 , -3.381864 , -0.10730917
0.5237956 , -3.0863218 , -0.10989045
0.526398 , -3.1336343 , -0.116348125
0.5286843 , -3.1846383 , -0.12284844
0.5306332 , -3.2389996 , -0.12938677
0.53222644 , -3.2964294 , -0.13591126
0.5334733 , -3.3566651 , -0.1424344
0.5343491 , -3.4194603 , -0.14887984
0.5348677 , -3.484584 , -0.15526594
0.5349874 , -3.5518143 , -0.1614864
0.53469557 , -3.620942 , -0.16754198
0.533971 , -3.6917734 , -0.17333351
0.5327768 , -3.7641375 , -0.17886275
0.5124457 , -3.7715905 , -0.18750075
0.51046556 , -3.8754053 , -0.1931474
0.5073486 , -3.9792695 , -0.19881636
0.5044074 , -4.0832796 , -0.20352615
0.5004114 , -4.1873302 , -0.20828855
0.496152 , -4.2909966 , -0.2117032
0.49037978 , -4.3929224 , -0.2140483
0.6543527 , -6.5909667 , -0.041905176
0.6552563 , -6.3555284 , -0.047540493
0.65460396 , -6.127127 , -0.05262316
0.6503552 , -5.9100637 , -0.055723224
0.64580363 , -5.706705 , -0.05949452
0.6153928 , -5.0946503 , -0.09490408
0.6135527 , -4.9332676 , -0.098478064
0.61138695 , -4.7825847 , -0.10155235
0.60846853 , -4.6421375 , -0.10359749
0.6053639 , -4.511581 , -0.10545148
0.6020144 , -4.390614 , -0.10683466
0.59852445 , -4.278949 , -0.108109534
0.59497494 , -4.176301 , -0.109187596
0.59135 , -4.082391 , -0.11027801
0.587704 , -3.996952 , -0.111363
0.5839427 , -3.9197462 , -0.11259585
0.5799973 , -3.8505778 , -0.11401599
0.5678978 , -3.3676658 , -0.14504361
0.5634878 , -3.3396769 , -0.14595923
0.5592523 , -3.3184652 , -0.14676861
0.55513203 , -3.3036673 , -0.14759192
0.55109024 , -3.294962 , -0.14847372
0.5471007 , -3.2920554 , -0.14946395
0.54313564 , -3.2946708 , -0.15057816
0.5391651 , -3.302546 , -0.15183467
0.5351481 , -3.3154304 , -0.15324526
0.5310249 , -3.3330884 , -0.15481782
0.52671415 , -3.3553066 , -0.15658297
0.5220799 , -3.3818994 , -0.15856814
0.50196505 , -3.155957 , -0.18602635
0.49576586 , -3.2214773 , -0.18746883
0.489852 , -3.2896962 , -0.18883182
0.4840996 , -3.3603058 , -0.19022629
0.47843355 , -3.433032 , -0.19162035
0.47276995 , -3.507631 , -0.19308326
0.4670421 , -3.5838823 , -0.19450322
0.46112323 , -3.661584 , -0.19590786
0.45493847 , -3.740547 , -0.19712397
0.448325 , -3.8205836 , -0.1981754
0.4412686 , -3.9015076 , -0.19891387
0.43386155 , -3.983079 , -0.19966038
0.40896812 , -4.06193 , -0.21722734
0.40052536 , -4.1735005 , -0.21690586
0.39167628 , -4.2858534 , -0.21627139
0.38395706 , -4.3981857 , -0.21592475
0.5009173 , -5.850127 , -0.03296106
0.3049035 , -7.832755 , 0.10116475
0.37289283 , -8.491824 , 0.101227365
0.44561484 , -9.1491375 , 0.1003545
0.2594648 , -7.3342657 , 0.10506203
0.3216579 , -8.004512 , 0.10443018
0.39074874 , -8.657341 , 0.104677424
0.46568084 , -9.310324 , 0.103793
0.2719699 , -7.5059056 , 0.10781703
0.33871865 , -8.1748905 , 0.10794438
0.40908292 , -8.818811 , 0.10821799
0.48589307 , -9.4668255 , 0.10736498
0.28752837 , -7.6798444 , 0.110873595
0.3561111 , -8.342084 , 0.111651115
0.42786828 , -8.975307 , 0.111839674
0.50477 , -9.61823 , 0.11112065
0.30418083 , -7.8541574 , 0.114274085
0.37384337 , -8.504584 , 0.11549259
0.44706368 , -9.12609 , 0.11553485
0.25963405 , -7.345526 , 0.117622584
0.3213133 , -8.026573 , 0.11800521
0.39189577 , -8.661201 , 0.11942345
0.46656325 , -9.2706 , 0.119310126
0.27149034 , -7.5233445 , 0.12073175
0.33877158 , -8.194825 , 0.12201325
0.41023004 , -8.81101 , 0.12341419
0.4859651 , -9.408371 , 0.12320157
0.28686455 , -7.7015796 , 0.124191016
0.3564996 , -8.356947 , 0.12622042
0.42880106 , -8.953312 , 0.12744802
0.50399715 , -9.538903 , 0.1272665
0.30366355 , -7.8778415 , 0.1280536
0.37444228 , -8.511422 , 0.1305491
0.447554 , -9.087573 , 0.13152172
0.5179849 , -9.661674 , 0.13151772
0.32107648 , -8.049443 , 0.13229153
0.3925351 , -8.657181 , 0.13494053
0.46636465 , -9.213358 , 0.13565348
0.2714187 , -7.5457172 , 0.1342078
0.3388196 , -8.213854 , 0.13682152
0.41071355 , -8.7934885 , 0.13935976
0.48483622 , -9.330208 , 0.13988851
0.28655362 , -7.7273936 , 0.1381079
0.3567491 , -8.36905 , 0.14153558
0.4289187 , -8.919836 , 0.14379199
0.50184816 , -9.437565 , 0.14428486
0.3034144 , -7.904497 , 0.14247712
0.3747493 , -8.513642 , 0.14633693
0.44708255 , -9.035832 , 0.14824112
0.5151807 , -9.534821 , 0.14886014
0.32101473 , -8.073886 , 0.14726077
0.39271927 , -8.646779 , 0.15116209
0.46506327 , -9.141099 , 0.15273307
0.2717767 , -7.5732355 , 0.14820214
0.33893186 , -8.23282 , 0.15233266
0.4334698 , -8.193167 , 0.29067585
0.3178067 , -8.238628 , 0.29673478
0.3705972 , -8.450398 , 0.29671293
0.4112166 , -8.370325 , 0.29339278
0.4331259 , -8.051465 , 0.2944839
0.333813 , -8.342947 , 0.305131
0.38164145 , -8.446234 , 0.29974312
0.41727647 , -8.286766 , 0.29658985
0.42814395 , -7.8819437 , 0.2977759
0.34791803 , -8.40688 , 0.30977324
0.3912454 , -8.417481 , 0.3021183
0.42102498 , -8.176428 , 0.2996501
0.19729096 , -7.4458737 , 0.010503569
0.3302861 , -7.410374 , 0.0030362853
0.41803402 , -7.383133 , 0.004788045
0.5216347 , -7.5033455 , 0.008067958
0.24490835 , -7.444977 , 0.011840798
0.35165486 , -7.4159884 , 0.006212044
0.43946064 , -7.4469867 , 0.009107375
0.55469286 , -7.641821 , 0.0132933445
0.27626875 , -7.4466405 , 0.012095282
0.3723071 , -7.439311 , 0.009810818
0.4620433 , -7.534244 , 0.013793614
0.5950559 , -7.803385 , 0.01673938
0.30223706 , -7.452812 , 0.013545073
0.3927261 , -7.4817867 , 0.013795995
0.48630944 , -7.646699 , 0.01888372
0.6548214 , -7.9534235 , 0.012708691
0.3254501 , -7.468719 , 0.015972788
0.4132967 , -7.5449224 , 0.018157406
0.51290154 , -7.7860894 , 0.024329314
0.24214245 , -7.402371 , 0.023918338
0.34711307 , -7.4979434 , 0.019089928
0.4343702 , -7.6303396 , 0.022899069
0.542595 , -7.951823 , 0.029444119
0.27239448 , -7.4331875 , 0.02555597
0.51086307 , -7.9233885 , 0.031984515
0.24406792 , -7.3859906 , 0.029606568
0.3467715 , -7.53564 , 0.025673537
0.4336805 , -7.7200794 , 0.02980642
0.5393731 , -8.100289 , 0.03672213
0.27323267 , -7.4281535 , 0.03185517
0.36757317 , -7.592492 , 0.029346114
0.45535472 , -7.8410206 , 0.035074417
0.57265604 , -8.287297 , 0.038470212
0.29828975 , -7.4767575 , 0.03371558
0.38796318 , -7.6667824 , 0.033512376
0.47806647 , -7.9873223 , 0.040608615
0.6167926 , -8.458417 , 0.036415227
0.32125226 , -7.532179 , 0.03602794
0.40827584 , -7.7606287 , 0.03812347
0.5020999 , -8.158588 , 0.045999132
0.24313928 , -7.3498907 , 0.04105133
0.3428918 , -7.5973463 , 0.03898704
0.42878816 , -7.8759503 , 0.043138172
0.52799916 , -8.349402 , 0.050193496
0.27121568 , -7.4106197 , 0.044303864
0.36367968 , -7.675365 , 0.042555343
0.44973436 , -8.014323 , 0.04848079
0.55776 , -8.546036 , 0.051905416
0.2955827 , -7.4812603 , 0.046870682
0.3839658 , -7.768967 , 0.04666024
0.4713046 , -8.176384 , 0.053944204
0.5951334 , -8.730865 , 0.051468436
0.31812847 , -7.5595217 , 0.049426183
0.40402466 , -7.880497 , 0.05123606
0.4937048 , -8.360319 , 0.059015553
0.24310245 , -7.3168745 , 0.0528417
0.33954692 , -7.6464424 , 0.05237277
0.42407367 , -8.011893 , 0.056209166
0.51752627 , -8.5596075 , 0.062844425
0.2698577 , -7.3933425 , 0.056526676
0.36017865 , -7.744385 , 0.055839077
0.27558026 , -7.358444 , 0.1343006
0.35063484 , -7.997775 , 0.13449505
0.41822022 , -8.66043 , 0.13526982
0.4843382 , -9.366502 , 0.13714835
0.29427442 , -7.517823 , 0.13770887
0.36784634 , -8.16763 , 0.13775547
0.43288434 , -8.837787 , 0.13865498
0.49948257 , -9.5497675 , 0.14074077
0.31350806 , -7.68239 , 0.14110959
0.38413292 , -8.338966 , 0.14097193
0.44701457 , -9.01464 , 0.14197157
0.51162493 , -9.731162 , 0.1446693
0.3320792 , -7.8506947 , 0.14440933
0.3994841 , -8.51063 , 0.14416224
0.46083045 , -9.189669 , 0.14526655
0.27782366 , -7.3620415 , 0.14814655
0.34969857 , -8.021043 , 0.14757606
0.41392294 , -8.681476 , 0.14732745
0.4744322 , -9.361938 , 0.14863077
0.29534754 , -7.528945 , 0.15144403
0.3662904 , -8.191724 , 0.15062314
0.42752704 , -8.850334 , 0.15046611
0.48732692 , -9.530915 , 0.1521705
0.3139375 , -7.6992936 , 0.15469535
0.38182685 , -8.361167 , 0.15358615
0.44042766 , -9.016089 , 0.15359513
0.49733308 , -9.696297 , 0.1559818
0.33201316 , -7.8713636 , 0.15780826
0.39630544 , -8.528005 , 0.15650173
0.4527637 , -9.177814 , 0.15675847
0.2805667 , -7.370476 , 0.16225778
0.34908658 , -8.043143 , 0.16074999
0.4097554 , -8.691059 , 0.15939763
0.46453884 , -9.334842 , 0.16001737
0.2969401 , -7.543923 , 0.16543496
0.36500978 , -8.212618 , 0.16353954
0.4222424 , -8.849314 , 0.16229704
0.47524822 , -9.486693 , 0.16343662
0.31482404 , -7.7189455 , 0.16850112
0.37974262 , -8.377999 , 0.16622545
0.43385753 , -9.001925 , 0.16522802
0.4830903 , -9.632937 , 0.16707854
0.3323416 , -7.8934402 , 0.17137541
0.39329264 , -8.537838 , 0.16886178
0.444672 , -9.14824 , 0.16822636
0.28375557 , -7.3842173 , 0.17665173
0.34880793 , -8.065031 , 0.1740379
0.40569654 , -8.691021 , 0.1714934
0.45461622 , -9.287747 , 0.17132984
0.2990586 , -7.5633354 , 0.1796929
0.36399943 , -8.231441 , 0.17652659
0.41700885 , -8.83671 , 0.1741546
0.4631831 , -9.419981 , 0.1745753
0.31619692 , -7.7420254 , 0.18253575
0.3778653 , -8.390773 , 0.17891069
0.42728424 , -8.974281 , 0.17687401
0.46884477 , -9.5444145 , 0.17800449
0.3330898 , -7.9177 , 0.18511915
0.39042586 , -8.541625 , 0.18126014
0.43653703 , -9.103259 , 0.17967667
0.28733408 , -7.403405 , 0.19136558
0.34887353 , -8.087585 , 0.18744943
0.4017262 , -8.683042 , 0.18362732
0.4446415 , -9.223222 , 0.18258256
0.3016968 , -7.587533 , 0.19424412
0.36325482 , -8.249192 , 0.18959646
0.4118096 , -8.814384 , 0.18604559
0.4510944 , -9.333692 , 0.18561031
0.3180772 , -7.7690387 , 0.1968155
0.3761794 , -8.400632 , 0.1916564
0.4206969 , -8.935208 , 0.18853594
0.4545689 , -9.434077 , 0.18878908
0.33427784 , -7.9447594 , 0.19904882
0.3876851 , -8.540684 , 0.19371134
0.4283533 , -9.045147 , 0.19111171
0.45276842 , -9.523784 , 0.1921565
0.34928957 , -8.111507 , 0.20099142
0.39782575 , -8.668634 , 0.19581068
0.43460873 , -9.14382 , 0.19378035
0.3048435 , -7.6168823 , 0.20912208
0.36276695 , -8.266662 , 0.2027581
0.4066322 , -8.784064 , 0.19797593
0.43896762 , -9.230729 , 0.19654965
0.32048064 , -7.800494 , 0.21136104
0.3746663 , -8.408495 , 0.20447522
0.4140922 , -8.8866625 , 0.20021412
0.44025654 , -9.30525 , 0.19944075
0.33591992 , -7.9751964 , 0.21317454
0.38504934 , -8.536105 , 0.20622936
0.4201265 , -8.976124 , 0.20252681
0.43650055 , -9.366747 , 0.20249468
0.35005504 , -8.137401 , 0.2146698
0.39397773 , -8.649106 , 0.20805447
0.42452776 , -9.052062 , 0.20491408
0.30847773 , -7.6514897 , 0.22438887
0.36252046 , -8.284492 , 0.21602038
0.4014671 , -8.747296 , 0.20995009
0.42680937 , -9.113965 , 0.2073798
0.32341215 , -7.836688 , 0.22621538
0.37330404 , -8.415094 , 0.21738109
0.4074719 , -8.830465 , 0.21190421
0.4259212 , -9.1612015 , 0.20994148
0.33801726 , -8.009381 , 0.22752285
0.3824974 , -8.528788 , 0.21882898
0.4118708 , -8.898307 , 0.21390693
0.4201083 , -9.193138 , 0.21263929
0.35115463 , -8.165639 , 0.22850432
0.39016646 , -8.625571 , 0.22036801
0.41442227 , -8.9503975 , 0.21595547
0.31257588 , -7.691484 , 0.24013716
0.36248875 , -8.303071 , 0.22940621
0.3963075 , -8.705457 , 0.22196695
0.4146466 , -8.986201 , 0.21805678
0.32686886 , -7.8779044 , 0.24144924
0.37206548 , -8.4209175 , 0.23040067
0.40084106 , -8.768284 , 0.22359133
0.4115964 , -9.005115 , 0.22023106
0.3405565 , -8.047606 , 0.24214424
0.380008 , -8.519396 , 0.2315325
0.40360597 , -8.813695 , 0.2252193
0.40368322 , -9.00656 , 0.22251649
0.35255596 , -8.196443 , 0.24253997
0.38637853 , -8.598929 , 0.23276007
0.40432718 , -8.841181 , 0.22684765
0.31710258 , -7.736699 , 0.25653276
0.36263433 , -8.3226 , 0.24296626
0.39114887 , -8.659711 , 0.2340155
0.4025258 , -8.850161 , 0.22849317
0.3308314 , -7.92417 , 0.2571974
0.37092125 , -8.426264 , 0.24358381
0.39420632 , -8.701588 , 0.23524037
0.39733866 , -8.840076 , 0.23018909
0.3434973 , -8.089871 , 0.25714508
0.37756336 , -8.50842 , 0.24437359
0.39535344 , -8.724105 , 0.23639996
0.38732457 , -8.810478 , 0.2319779
0.3542011 , -8.2297 , 0.25687993
0.382606 , -8.569903 , 0.24523497
0.39428315 , -8.72662 , 0.23748972
0.32201678 , -7.7870116 , 0.2738518
0.36290738 , -8.342972 , 0.25680837
0.3859917 , -8.611041 , 0.24606252
0.39050943 , -8.708456 , 0.23853901
0.33526364 , -7.975496 , 0.27369145
0.36984217 , -8.431183 , 0.25702202
0.387577 , -8.631648 , 0.2467755
0.38323054 , -8.669077 , 0.23960589
0.34676448 , -8.136007 , 0.2727205
0.3751518 , -8.496143 , 0.2574017
0.38713437 , -8.6311455 , 0.24732608
0.3711437 , -8.60822 , 0.24075541
0.3560066 , -8.265039 , 0.2717236
0.378849 , -8.539025 , 0.25778303
0.3843299 , -8.608726 , 0.24770513
0.3272562 , -7.8419256 , 0.2925981
0.36325538 , -8.36386 , 0.27112398
0.38084424 , -8.560226 , 0.25802872
0.3786664 , -8.563552 , 0.24795021
0.3400874 , -8.031537 , 0.29134732
0.36880913 , -8.435578 , 0.27085027
0.38096792 , -8.559505 , 0.2580417
0.3693786 , -8.495023 , 0.24814902
0.3502221 , -8.185326 , 0.2892337
0.3727758 , -8.482732 , 0.27065882
0.37897047 , -8.536163 , 0.25776538
0.35527867 , -8.403028 , 0.24841708
0.3578644 , -8.301581 , 0.28743485
0.3751225 , -8.506703 , 0.27033335
0.37450096 , -8.489226 , 0.25718573
0.33452836 , -8.28802 , 0.24884617
0.36363536 , -8.384608 , 0.28620237
0.3757289 , -8.507897 , 0.26972103
0.36705667 , -8.4176655 , 0.2563397
0.34514824 , -8.091854 , 0.31087288
0.36782324 , -8.439147 , 0.28519616
0.37440547 , -8.486012 , 0.26872483
0.35589555 , -8.320688 , 0.25532863
0.35366306 , -8.2366295 , 0.30732033
0.37045887 , -8.468194 , 0.28406903
0.37088978 , -8.440253 , 0.2672944
0.33990636 , -8.198135 , 0.25432125
0.35967985 , -8.338071 , 0.30455855
0.3714612 , -8.473194 , 0.28259766
0.36482573 , -8.369525 , 0.26542076
0.31722713 , -8.050827 , 0.25349352
0.3640507 , -8.404433 , 0.30226544
0.37068516 , -8.454525 , 0.280661
0.3557198 , -8.272637 , 0.2631348
0.35008842 , -8.155116 , 0.33351293
0.36693078 , -8.4415455 , 0.29983824
0.36792922 , -8.411833 , 0.2782095
0.34286526 , -8.148563 , 0.26050958
0.35684004 , -8.287437 , 0.32805344
0.36826196 , -8.452508 , 0.29696935
0.36292863 , -8.34427 , 0.27524057
0.32521924 , -7.9968157 , 0.25767326
0.36146313 , -8.372676 , 0.3233726
0.36792588 , -8.438726 , 0.29357445
0.35533577 , -8.250683 , 0.27177256
0.30099112 , -7.817965 , 0.25481412
0.36461386 , -8.422341 , 0.31834966
0.36576635 , -8.40054 , 0.28971112
0.34468558 , -8.129812 , 0.26784092
0.21095775 , -7.396644 , 0.014822844
0.2490909 , -7.2123127 , 0.074584596
0.2703132 , -7.339182 , 0.15228665
0.29897758 , -7.7470865 , 0.24849331
0.2233378 , -7.3211217 , 0.027435526
0.25388262 , -7.2065797 , 0.09165361
0.27554944 , -7.4044566 , 0.17352673
0.30750978 , -7.8680925 , 0.27712885
0.23310202 , -7.262395 , 0.041259367
0.2583983 , -7.2176127 , 0.109731406
0.28136495 , -7.484353 , 0.19576189
0.31721842 , -7.99959 , 0.3129762
0.24058025 , -7.218085 , 0.05613617
0.26291066 , -7.245868 , 0.1288285
0.28786406 , -7.578074 , 0.21915366
0.19999474 , -7.409224 , 0.0134800635
0.24655119 , -7.1888227 , 0.07200014
0.2676374 , -7.2909064 , 0.1489176
0.29512513 , -7.684484 , 0.24419194
0.21858338 , -7.3245535 , 0.025640232
0.2516195 , -7.176101 , 0.08886181
0.2727536 , -7.352136 , 0.16998087
0.30322164 , -7.802635 , 0.27219447
0.23031136 , -7.257329 , 0.039208155
0.25623134 , -7.1807866 , 0.10677628
0.27838585 , -7.428338 , 0.1920496
0.31226736 , -7.9309807 , 0.30663303
0.23856403 , -7.204778 , 0.053747743
0.2607292 , -7.2034826 , 0.12564094
0.2846378 , -7.518631 , 0.2152127
0.19840698 , -7.4264345 , 0.012547528
0.24485253 , -7.167599 , 0.069501005
0.26536497 , -7.2436113 , 0.14559846
0.29157215 , -7.621648 , 0.23994954
0.21791112 , -7.3316364 , 0.02396913
0.25002584 , -7.147559 , 0.086125046
0.27033356 , -7.3005786 , 0.1664709
0.2992267 , -7.736479 , 0.26736256
0.22971228 , -7.255401 , 0.03692138
0.25462365 , -7.145564 , 0.10371105
0.27576503 , -7.3728633 , 0.1883082
0.30755088 , -7.860969 , 0.30052164
0.23790362 , -7.1942186 , 0.05201773
0.25903443 , -7.162421 , 0.1227806
0.28176385 , -7.459513 , 0.21140687
0.20893185 , -7.448795 , 0.010533232
0.24410336 , -7.148743 , 0.066181414
0.41708934 , -4.735974 , -0.23668309
0.46482342 , -4.302632 , -0.24325675
0.42994225 , -4.6414976 , -0.24798173
0.401849 , -4.8979063 , -0.22203833
0.4475232 , -4.501857 , -0.25054073
0.41420612 , -4.8071094 , -0.2389835
0.38442326 , -5.0749774 , -0.20318116
0.42939717 , -4.690218 , -0.24878117
0.39783192 , -4.97894 , -0.22540808
0.45007476 , -4.5194764 , -0.2492463
0.41199744 , -4.8694944 , -0.24095851
0.37949032 , -5.164681 , -0.20768297
0.4296839 , -4.728863 , -0.24918643
0.39445066 , -5.0512776 , -0.22841524
0.45365807 , -4.5241303 , -0.24740778
0.41046122 , -4.9230466 , -0.24260384
0.37523115 , -5.2453604 , -0.21170877
0.43083546 , -4.756847 , -0.24916774
0.39165816 , -5.1150866 , -0.23109989
0.45830435 , -4.5147676 , -0.24500255
0.4096086 , -4.9675527 , -0.24390133
0.3716001 , -5.3171577 , -0.2153701
0.4328881 , -4.7734327 , -0.24869123
0.38942277 , -5.1705146 , -0.23348357
0.46403423 , -4.4901958 , -0.24198818
0.40945882 , -5.0026274 , -0.24482216
0.36853427 , -5.380283 , -0.21869616
0.4358785 , -4.7776933 , -0.24772638
0.38773546 , -5.21762 , -0.23556337
0.3451225 , -5.605857 , -0.20073177
0.41003078 , -5.027703 , -0.24532911
0.3659673 , -5.4350357 , -0.22172903
0.43983737 , -4.768517 , -0.24626371
0.38660762 , -5.2562795 , -0.23731317
0.3420762 , -5.666892 , -0.20422024
0.41133362 , -5.0419984 , -0.24537495
0.36385658 , -5.481773 , -0.22450066
0.44478083 , -4.7445426 , -0.24433947
0.3860598 , -5.2861505 , -0.2386901
0.33960652 , -5.719154 , -0.20766088
0.41334718 , -5.0445347 , -0.24489525
0.362211 , -5.520755 , -0.22700593
0.4507196 , -4.7041554 , -0.24211618
0.38611582 , -5.306634 , -0.23964034
0.33763653 , -5.7630825 , -0.2109411
0.4159887 , -5.0340314 , -0.24379426
0.3610963 , -5.5519967 , -0.22919911
0.45774725 , -4.644855 , -0.24004245
0.38682032 , -5.316927 , -0.24009654
0.33612612 , -5.7993712 , -0.21406022
0.5730291 , -2.0937836 , -0.2054425
0.66243815 , -1.0612887 , -0.1557894
0.76929 , -0.09645675 , -0.09017529
0.6094046 , -1.6513531 , -0.18483041
0.703362 , -0.68341786 , -0.1289706
0.56012607 , -2.2801244 , -0.20948094
0.6462691 , -1.2541324 , -0.16157201
0.7479238 , -0.3113296 , -0.09768665
0.5954068 , -1.8392738 , -0.18983723
0.68525463 , -0.88339007 , -0.13542844
0.5484835 , -2.463927 , -0.21275057
0.6308189 , -1.444466 , -0.16725409
0.72740996 , -0.52295196 , -0.10513215
0.5819492 , -2.0238395 , -0.19456819
0.6679128 , -1.0803944 , -0.14178728
0.5379535 , -2.6494443 , -0.21557519
0.6160288 , -1.6318798 , -0.17280988
0.70774144 , -0.73101664 , -0.112452224
0.56917936 , -2.2048166 , -0.19880298
0.6513182 , -1.2740862 , -0.14803202
0.7503007 , -0.38812828 , -0.07742667
0.6018688 , -1.815887 , -0.17818986
0.6889097 , -0.93522555 , -0.11962129
0.55728155 , -2.3831167 , -0.20239902
0.63545454 , -1.4641497 , -0.15414956
0.72900385 , -0.6056225 , -0.085902706
0.5883617 , -1.9961258 , -0.18330567
0.67090523 , -1.1352767 , -0.1266271
0.5461906 , -2.5602272 , -0.205449
0.6203109 , -1.6502377 , -0.16012089
0.70859426 , -0.8186769 , -0.09424661
0.5755723 , -2.1725044 , -0.18804449
0.65372014 , -1.3309015 , -0.1334639
0.5356361 , -2.7366788 , -0.20805988
0.60588783 , -1.8320571 , -0.16591279
0.6890713 , -1.0269493 , -0.10234181
0.5635508 , -2.3454366 , -0.19232814
0.63734686 , -1.5218186 , -0.14012699
0.52539337 , -2.911927 , -0.2096428
0.59219843 , -2.0093582 , -0.17147367
0.67043597 , -1.2301424 , -0.11017856
0.5522571 , -2.5153992 , -0.19615912
0.62178 , -1.7077861 , -0.14660783
0.7053069 , -0.95041424 , -0.0740776
0.5792644 , -2.1821103 , -0.17674409
0.65268695 , -1.4279727 , -0.11776304
0.54158306 , -2.6826563 , -0.19958293
0.60701597 , -1.8885628 , -0.15288986
0.6851248 , -1.1622801 , -0.08344403
0.56708926 , -2.3504038 , -0.18167919
0.6358209 , -1.6202005 , -0.1251037
0.53141505 , -2.8468187 , -0.20256011
0.59305555 , -2.064003 , -0.15894829
0.6659074 , -1.3682629 , -0.09237383
0.5556445 , -2.5144331 , -0.1862631
0.6198319 , -1.8065943 , -0.13220584
0.52169937 , -3.0071578 , -0.20477417
0.5798964 , -2.2340145 , -0.16475494
0.64764816 , -1.5681076 , -0.10090858
0.54487026 , -2.6741772 , -0.190498
0.60471356 , -1.9869782 , -0.1390693
0.51244813 , -3.1625745 , -0.20553009
0.56752807 , -2.398617 , -0.17028673
0.6303392 , -1.7615749 , -0.10908598
0.5347074 , -2.8294208 , -0.1943698
0.5904575 , -2.1611993 , -0.14568868
0.6569177 , -1.5512342 , -0.072796695
0.555923 , -2.5577953 , -0.17553052
0.6139713 , -1.9484724 , -0.116936535
0.52511555 , -2.9795907 , -0.19779941
0.5770529 , -2.329179 , -0.15205598
0.63821894 , -1.7526367 , -0.08268371
0.5450437 , -2.7114983 , -0.18047881
0.598533 , -2.1286247 , -0.12448206
0.5160895 , -3.1240299 , -0.20058647
0.5644817 , -2.490846 , -0.15816402
0.62054026 , -1.9469897 , -0.09198094
0.5348499 , -2.8594697 , -0.18511705
0.58401096 , -2.3019094 , -0.1317367
0.50764894 , -3.2619038 , -0.20238703
0.5527195 , -2.6461532 , -0.16400802
0.6038657 , -2.1341133 , -0.10078307
0.525315 , -3.00135 , -0.18940745
0.57038826 , -2.468217 , -0.13870946
0.62408835 , -1.9817792 , -0.06251344
0.5417355 , -2.794967 , -0.16958328
0.5881779 , -2.3138711 , -0.109158576
0.5164263 , -3.136582 , -0.19327143
0.5576445 , -2.627474 , -0.14540644
0.60615337 , -2.176352 , -0.07342798
0.5315007 , -2.9371 , -0.17487971
0.5734577 , -2.4861403 , -0.11715581
0.5081911 , -3.264615 , -0.19657078
0.5457544 , -2.7795784 , -0.1518321
0.5892843 , -2.3631248 , -0.08356615
0.5219908 , -3.0722177 , -0.17987539
0.5596838 , -2.6508343 , -0.12480852
0.50062555 , -3.3848 , -0.19910125
0.5346913 , -2.924417 , -0.1579883
0.57345694 , -2.54198 , -0.09303441
0.5131935 , -3.199942 , -0.18452993
0.5468316 , -2.8078606 , -0.13214031
0.49375883 , -3.496614 , -0.20064496
0.52442825 , -3.061789 , -0.16387193
0.5586462 , -2.7128325 , -0.10195596
0.50510466 , -3.319779 , -0.1887783
0.534875 , -2.957137 , -0.1391678
0.57005423 , -2.6342802 , -0.064823166
0.5149434 , -3.1914542 , -0.1694719
0.54482514 , -2.8756044 , -0.11041583
0.49773142 , -3.4312675 , -0.19252361
0.5237859 , -3.0985377 , -0.14590162
0.5542397 , -2.81139 , -0.075868845
0.50621974 , -3.313072 , -0.1747667
0.53196526 , -3.030236 , -0.118471585
0.49108416 , -3.5338826 , -0.19563366
0.5135378 , -3.231916 , -0.15234646
0.5394856 , -2.98005 , -0.086036794
0.4982488 , -3.426286 , -0.17972246
0.5200365 , -3.1766503 , -0.12616193
0.48518032 , -3.6271977 , -0.19795616
0.504106 , -3.3570547 , -0.15850021
0.5257593 , -3.140225 , -0.0955186
0.49102646 , -3.5306652 , -0.18429108
0.50900865 , -3.3147666 , -0.1335123
0.48003578 , -3.710745 , -0.19936873
0.4954705 , -3.473709 , -0.16435336
0.51302725 , -3.291876 , -0.10444628
0.48455563 , -3.6258078 , -0.18840773
0.49885133 , -3.4444618 , -0.14053798
0.5159199 , -3.2852986 , -0.06912773
0.48761496 , -3.5815632 , -0.16988875
0.5012552 , -3.4349725 , -0.11290572
0.47884053 , -3.711261 , -0.19198848
0.48953655 , -3.565592 , -0.14724576
0.502461 , -3.4418275 , -0.08000214
0.48052856 , -3.680292 , -0.17508204
0.49040845 , -3.5694637 , -0.120951734
0.47389078 , -3.786636 , -0.19493236
0.48103794 , -3.67796 , -0.15363514
0.49002036 , -3.5895302 , -0.09003515
0.47420314 , -3.76951 , -0.17990185
0.48045266 , -3.6952896 , -0.12861843
0.46971583 , -3.8515034 , -0.19713192
0.47333255 , -3.7813456 , -0.15969945
0.4785588 , -3.728409 , -0.09941936
0.46863544 , -3.848842 , -0.1843098
0.4713542 , -3.8123574 , -0.13592553
0.47491968 , -3.7772434 , -0.06367344
0.4663994 , -3.8754735 , -0.16542728
0.4680373 , -3.858468 , -0.108273864
0.46382406 , -3.9178572 , -0.18826008
0.4630807 , -3.9205577 , -0.14288205
0.4629498 , -3.9197192 , -0.075156316
0.46022096 , -3.9600477 , -0.17080395
0.45841682 , -3.9796937 , -0.11667014
0.4597732 , -3.9761474 , -0.19169897
0.45560053 , -4.019741 , -0.14948943
0.45196414 , -4.053152 , -0.085685745
0.4547817 , -4.0347104 , -0.17581317
0.44965878 , -4.092067 , -0.12465054
0.45648992 , -4.023252 , -0.19456163
0.4488832 , -4.1097355 , -0.1557442
0.4419192 , -4.1775846 , -0.09548273
0.45007062 , -4.099078 , -0.18043834
0.44172448 , -4.195547 , -0.13223873
0.45398775 , -4.0587497 , -0.19675584
0.4428985 , -4.1903157 , -0.16164073
0.43277237 , -4.2930593 , -0.104704686
0.44608012 , -4.1526933 , -0.18466449
0.43457502 , -4.290084 , -0.139446
0.42147535 , -4.405411 , -0.07176347
0.4376181 , -4.261216 , -0.16717371
0.4244808 , -4.3996096 , -0.11343672
0.44280964 , -4.195066 , -0.18847969
0.42816982 , -4.375599 , -0.14627606
0.41205356 , -4.522816 , -0.082649164
0.43301547 , -4.322089 , -0.17234014
0.41700122 , -4.497269 , -0.12172575
0.44026497 , -4.225627 , -0.19187413
0.422467 , -4.4519854 , -0.15272966
0.4035069 , -4.631141 , -0.092756785
0.42906877 , -4.3725176 , -0.1771409
0.41028854 , -4.5860677 , -0.12959693
0.43846196 , -4.243783 , -0.19482583
0.4174233 , -4.5190735 , -0.1588086
0.39579192 , -4.730467 , -0.102285415
0.42576113 , -4.4119697 , -0.1815836
0.40429416 , -4.6660337 , -0.13706264
0.4374255 , -4.248881 , -0.19722977
0.4129967 , -4.576623 , -0.16451882
0.3888639 , -4.820877 , -0.11131913
0.42308322 , -4.4398203 , -0.18568711
0.39896426 , -4.737171 , -0.14412984
0.37058955 , -4.9899592 , -0.08113918
0.40914786 , -4.624277 , -0.16987182
0.38709694 , -4.8811593 , -0.17328453
0.35158843 , -5.256188 , -0.12625562
0.40325117 , -4.636949 , -0.19165173
0.36842668 , -5.0974717 , -0.15553932
0.32776818 , -5.4711723 , -0.09945364
0.3844904 , -4.8991942 , -0.17832398
0.34743196 , -5.309299 , -0.13419122
0.40222347 , -4.615538 , -0.19553936
0.36509037 , -5.1321273 , -0.16174793
0.3231209 , -5.531017 , -0.10891484
0.38222855 , -4.9054317 , -0.1831544
0.3437244 , -5.354325 , -0.14169565
0.40159643 , -4.5776415 , -0.19959255
0.36204824 , -5.157195 , -0.16766751
0.31913635 , -5.5824385 , -0.1179274
0.38023224 , -4.89877 , -0.18785274
0.34036568 , -5.3912487 , -0.14880463
0.29074195 , -5.827349 , -0.090902835
0.35922128 , -5.171921 , -0.17334968
0.31575027 , -5.625909 , -0.12644123
0.37836197 , -4.877957 , -0.1925252
0.33728004 , -5.419776 , -0.15556242
0.28709948 , -5.875588 , -0.100501075
0.35650215 , -5.1752687 , -0.17885025
0.3128582 , -5.6618886 , -0.13445953
0.37630424 , -4.841564 , -0.1972609
0.3344446 , -5.4393654 , -0.16200961
0.28434622 , -5.9152603 , -0.11000128
0.47629198 , -3.0421507 , -0.23117612
0.4693624 , -3.5797608 , -0.2214483
0.4588799 , -4.0893426 , -0.21823788
0.42768973 , -4.5912685 , -0.22207952
0.65056026 , -1.3429579 , -0.12890892
0.5226455 , -3.1199484 , -0.130301
0.3877664 , -4.8903 , -0.1362709
0.48000062 , -2.7644022 , -0.24265692
0.3683535 , -8.502655 , 0.3225755
0.38899025 , -8.682585 , 0.27143988
0.3630453 , -8.415507 , 0.3515219
0.3753253 , -8.569095 , 0.2975325
0.39644533 , -8.747588 , 0.24478312
0.3668039 , -8.496759 , 0.3224057
0.38162693 , -8.623121 , 0.2729346
0.36339688 , -8.420879 , 0.3487463
0.3711115 , -8.539313 , 0.29830456
0.38642555 , -8.662006 , 0.24659154
0.36562333 , -8.490282 , 0.32207632
0.3748344 , -8.566882 , 0.27431113
0.38914752 , -8.681073 , 0.21818145
0.36741224 , -8.5114355 , 0.29889438
0.37701508 , -8.579932 , 0.24834672
0.3647123 , -8.482969 , 0.32163957
0.36859196 , -8.513613 , 0.275563
0.37700355 , -8.574203 , 0.21977101
0.36418396 , -8.48499 , 0.2993176
0.36819676 , -8.501224 , 0.25003737
0.36398804 , -8.474805 , 0.3211249
0.36287498 , -8.463023 , 0.27668643
0.36551636 , -8.470962 , 0.2215345
0.36137313 , -8.459581 , 0.2995972
0.35995 , -8.42571 , 0.25165382
0.36339357 , -8.465877 , 0.3205374
0.3576537 , -8.414818 , 0.2776813
0.3546652 , -8.371231 , 0.22334419
0.35892233 , -8.434876 , 0.29975948
0.35225114 , -8.353208 , 0.25318825
0.36289093 , -8.456379 , 0.31986108
0.35289454 , -8.368694 , 0.27855122
0.34442642 , -8.274881 , 0.22517255
0.35677412 , -8.410647 , 0.29982972
0.34507406 , -8.283516 , 0.25463477
0.36246112 , -8.446524 , 0.31906503
0.34856004 , -8.324364 , 0.27930367
