-293.0049 25.7221 53.0
-221.08078 30.151745 53.0
-149.09099 33.341347 53.0
-77.05694 35.289963 53.0
-293.0049 25.7221 54.0
-221.08078 30.151745 54.0
-149.09099 33.341347 54.0
-77.05694 35.289963 54.0
-296.0 25.51064 57.0
-296.0 25.51064 129.0
-296.0 25.51064 201.0
-296.0 25.51064 273.0
-293.0049 25.7221 345.0
-221.08078 30.151745 345.0
-149.09099 33.341347 345.0
-77.05694 35.289963 345.0
-293.0049 25.7221 346.0
-221.08078 30.151745 346.0
-149.09099 33.341347 346.0
-77.05694 35.289963 346.0
-293.0049 25.7221 347.0
-221.08078 30.151745 347.0
-149.09099 33.341347 347.0
-77.05694 35.289963 347.0
-293.0049 25.7221 348.0
-221.08078 30.151745 348.0
-149.09099 33.341347 348.0
-77.05694 35.289963 348.0
-293.0049 25.7221 349.0
-221.08078 30.151745 349.0
-149.09099 33.341347 349.0
-77.05694 35.289963 349.0
-293.0049 25.7221 350.0
-221.08078 30.151745 350.0
-149.09099 33.341347 350.0
-77.05694 35.289963 350.0
-293.0049 25.7221 351.0
-221.08078 30.151745 351.0
-149.09099 33.341347 351.0
-77.05694 35.289963 351.0
-293.0049 25.7221 352.0
-221.08078 30.151745 352.0
-149.09099 33.341347 352.0
-77.05694 35.289963 352.0
-293.0049 25.7221 353.0
-221.08078 30.151745 353.0
-149.09099 33.341347 353.0
-77.05694 35.289963 353.0
-296.0 25.51064 357.06668
-38.027573 35.827087 354.0
-110.076675 34.55094 354.0
-182.0931 32.033443 354.0
-254.05544 28.275349 354.0
-263.04587 27.718409 400.0
-191.09178 31.631508 400.0
-119.080956 34.304127 400.0
-47.034767 35.73547 400.0
-332.04962 22.795778 354.0
-404.1106 16.427847 354.0
-476.0506 8.8142805 354.0
-356.08206 20.811665 353.0
-428.1051 14.028291 353.0
304.0 24.935223 396.93332
303.0 25.007992 387.73334
301.0 25.152811 357.06668
300.0 25.224857 381.6
298.0 25.36823 357.06668
297.0 25.439554 381.6
-297.0 25.439554 357.06668
-298.0 25.36823 381.6
-300.0 25.224857 357.06668
-301.0 25.152811 381.6
-303.0 25.007992 357.06668
-332.04962 22.795778 400.0
-404.1106 16.427847 400.0
-476.0506 8.8142805 400.0
-305.0 24.86221 390.8
-304.0 24.935223 372.4
443.67032 12.396916 354.0
372.40176 19.384718 354.0
309.9515 24.49714 400.0
381.31674 18.578001 400.0
452.57016 11.437657 400.0
500.0 6.0 372.4
449.6038 11.759527 353.0
378.34528 18.849028 353.0
306.97583 24.717243 353.0
449.6038 11.759527 352.0
378.34528 18.849028 352.0
306.97583 24.717243 352.0
-356.08206 20.811665 352.0
-428.1051 14.028291 352.0
-308.00616 24.641273 351.0
-380.10263 18.688997 351.0
-452.08536 11.490407 351.0
473.32834 9.125313 351.0
402.11148 16.621464 351.0
330.77667 22.896982 351.0
473.32834 9.125313 350.0
402.11148 16.621464 350.0
330.77667 22.896982 350.0
-332.04962 22.795778 350.0
-404.1106 16.427847 350.0
-476.0506 8.8142805 350.0
-356.08206 20.811665 349.0
-428.1051 14.028291 349.0
497.03748 6.3557143 349.0
425.86456 14.258271 349.0
354.56674 20.94089 349.0
497.03748 6.3557143 348.0
425.86456 14.258271 348.0
354.56674 20.94089 348.0
-308.00616 24.641273 348.0
-380.10263 18.688997 348.0
-452.08536 11.490407 348.0
-332.04962 22.795778 347.0
-404.1106 16.427847 347.0
-476.0506 8.8142805 347.0
449.6038 11.759527 347.0
378.34528 18.849028 347.0
306.97583 24.717243 347.0
449.6038 11.759527 346.0
378.34528 18.849028 346.0
306.97583 24.717243 346.0
-356.08206 20.811665 346.0
-428.1051 14.028291 346.0
-308.00616 24.641273 345.0
-380.10263 18.688997 345.0
-452.08536 11.490407 345.0
473.32834 9.125313 345.0
402.11148 16.621464 345.0
330.77667 22.896982 345.0
473.32834 9.125313 54.0
402.11148 16.621464 54.0
330.77667 22.896982 54.0
500.0 6.0 297.0
500.0 6.0 225.0
500.0 6.0 153.0
500.0 6.0 81.0
304.0 24.935223 102.0
304.0 24.935223 174.0
304.0 24.935223 246.0
304.0 24.935223 318.0
303.0 25.007992 81.0
303.0 25.007992 153.0
303.0 25.007992 225.0
303.0 25.007992 297.0
302.0 25.080523 81.0
302.0 25.080523 153.0
302.0 25.080523 225.0
302.0 25.080523 297.0
301.0 25.152811 81.0
301.0 25.152811 153.0
301.0 25.152811 225.0
301.0 25.152811 297.0
300.0 25.224857 81.0
300.0 25.224857 153.0
300.0 25.224857 225.0
300.0 25.224857 297.0
299.0 25.296665 81.0
299.0 25.296665 153.0
299.0 25.296665 225.0
299.0 25.296665 297.0
298.0 25.36823 81.0
298.0 25.36823 153.0
298.0 25.36823 225.0
298.0 25.36823 297.0
297.0 25.439554 81.0
297.0 25.439554 153.0
297.0 25.439554 225.0
297.0 25.439554 297.0
296.0 25.51064 81.0
296.0 25.51064 153.0
296.0 25.51064 225.0
296.0 25.51064 297.0
-297.0 25.439554 318.0
-297.0 25.439554 246.0
-297.0 25.439554 174.0
-297.0 25.439554 102.0
-298.0 25.36823 81.0
-298.0 25.36823 153.0
-298.0 25.36823 225.0
-298.0 25.36823 297.0
-299.0 25.296665 81.0
-299.0 25.296665 153.0
-299.0 25.296665 225.0
-299.0 25.296665 297.0
-300.0 25.224857 81.0
-300.0 25.224857 153.0
-300.0 25.224857 225.0
-300.0 25.224857 297.0
-301.0 25.152811 81.0
-301.0 25.152811 153.0
-301.0 25.152811 225.0
-301.0 25.152811 297.0
-302.0 25.080523 81.0
-302.0 25.080523 153.0
-302.0 25.080523 225.0
-302.0 25.080523 297.0
-303.0 25.007992 81.0
-303.0 25.007992 153.0
-303.0 25.007992 225.0
-303.0 25.007992 297.0
-332.04962 22.795778 54.0
-404.1106 16.427847 54.0
-476.0506 8.8142805 54.0
-500.0 6.0 105.0
-500.0 6.0 177.0
-500.0 6.0 249.0
-500.0 6.0 321.0
-305.0 24.86221 294.0
-305.0 24.86221 222.0
-305.0 24.86221 150.0
-305.0 24.86221 78.0
-304.0 24.935223 294.0
-304.0 24.935223 222.0
-304.0 24.935223 150.0
-304.0 24.935223 78.0
-298.0 25.36823 3.0
-299.0 25.296665 27.0
-301.0 25.152811 3.0
-302.0 25.080523 27.0
-304.0 24.935223 3.0
-305.0 24.86221 27.0
-314.01804 24.192898 0.0
-386.10583 18.13669 0.0
-458.07812 10.834332 0.0
-467.06546 9.8340225 45.0
-395.10913 17.292002 45.0
-323.03458 23.504086 45.0
-449.08862 11.815205 46.0
-377.10074 18.961905 46.0
-497.00723 6.3593373 47.0
-425.10654 14.335802 47.0
-353.07864 21.067257 47.0
-473.0558 9.156354 48.0
-401.11032 16.718061 48.0
-329.0448 23.034046 48.0
-449.08862 11.815205 49.0
-377.10074 18.961905 49.0
-497.00723 6.3593373 50.0
-425.10654 14.335802 50.0
-353.07864 21.067257 50.0
-473.0558 9.156354 51.0
-401.11032 16.718061 51.0
-329.0448 23.034046 51.0
-449.08862 11.815205 52.0
-377.10074 18.961905 52.0
-497.00723 6.3593373 53.0
-425.10654 14.335802 53.0
-353.07864 21.067257 53.0
473.32834 9.125313 53.0
402.11148 16.621464 53.0
330.77667 22.896982 53.0
473.32834 9.125313 52.0
402.11148 16.621464 52.0
330.77667 22.896982 52.0
473.32834 9.125313 51.0
402.11148 16.621464 51.0
330.77667 22.896982 51.0
473.32834 9.125313 50.0
402.11148 16.621464 50.0
330.77667 22.896982 50.0
473.32834 9.125313 49.0
402.11148 16.621464 49.0
330.77667 22.896982 49.0
473.32834 9.125313 48.0
402.11148 16.621464 48.0
330.77667 22.896982 48.0
473.32834 9.125313 47.0
402.11148 16.621464 47.0
330.77667 22.896982 47.0
473.32834 9.125313 46.0
402.11148 16.621464 46.0
330.77667 22.896982 46.0
473.32834 9.125313 45.0
402.11148 16.621464 45.0
330.77667 22.896982 45.0
296.0 25.51064 18.0
298.0 25.36823 42.0
299.0 25.296665 18.0
301.0 25.152811 42.0
302.0 25.080523 18.0
304.0 24.935223 42.0
473.32834 9.125313 0.0
402.11148 16.621464 0.0
330.77667 22.896982 0.0
7.002526 35.994137 342.0
7.002526 35.994137 270.0
7.002526 35.994137 198.0
7.002526 35.994137 126.0
10.005048 35.98803 342.0
10.005048 35.98803 270.0
10.005048 35.98803 198.0
10.005048 35.98803 126.0
13.007565 35.97977 342.0
13.007565 35.97977 270.0
13.007565 35.97977 198.0
13.007565 35.97977 126.0
16.010075 35.969353 342.0
16.010075 35.969353 270.0
16.010075 35.969353 198.0
16.010075 35.969353 126.0
19.012577 35.95678 342.0
19.012577 35.95678 270.0
19.012577 35.95678 198.0
19.012577 35.95678 126.0
22.015068 35.942047 342.0
22.015068 35.942047 270.0
22.015068 35.942047 198.0
22.015068 35.942047 126.0
25.01755 35.925163 342.0
25.01755 35.925163 270.0
25.01755 35.925163 198.0
25.01755 35.925163 126.0
28.020018 35.906124 342.0
28.020018 35.906124 270.0
28.020018 35.906124 198.0
28.020018 35.906124 126.0
31.02247 35.884926 342.0
31.02247 35.884926 270.0
31.02247 35.884926 198.0
31.02247 35.884926 126.0
34.024906 35.861572 342.0
34.024906 35.861572 270.0
34.024906 35.861572 198.0
34.024906 35.861572 126.0
37.02733 35.836063 342.0
37.02733 35.836063 270.0
37.02733 35.836063 198.0
37.02733 35.836063 126.0
40.029728 35.8084 342.0
40.029728 35.8084 270.0
40.029728 35.8084 198.0
40.029728 35.8084 126.0
43.03211 35.77858 342.0
43.03211 35.77858 270.0
43.03211 35.77858 198.0
43.03211 35.77858 126.0
46.034466 35.746605 342.0
46.034466 35.746605 270.0
46.034466 35.746605 198.0
46.034466 35.746605 126.0
49.0368 35.71247 342.0
49.0368 35.71247 270.0
49.0368 35.71247 198.0
49.0368 35.71247 126.0
52.03911 35.676186 342.0
52.03911 35.676186 270.0
52.03911 35.676186 198.0
52.03911 35.676186 126.0
55.04139 35.63774 342.0
55.04139 35.63774 270.0
55.04139 35.63774 198.0
55.04139 35.63774 126.0
58.043644 35.59714 342.0
58.043644 35.59714 270.0
58.043644 35.59714 198.0
58.043644 35.59714 126.0
61.045868 35.55439 342.0
61.045868 35.55439 270.0
61.045868 35.55439 198.0
61.045868 35.55439 126.0
64.04806 35.50948 342.0
64.04806 35.50948 270.0
64.04806 35.50948 198.0
64.04806 35.50948 126.0
67.05022 35.462414 342.0
67.05022 35.462414 270.0
67.05022 35.462414 198.0
67.05022 35.462414 126.0
70.052345 35.413193 342.0
70.052345 35.413193 270.0
70.052345 35.413193 198.0
70.052345 35.413193 126.0
73.054436 35.361816 342.0
73.054436 35.361816 270.0
73.054436 35.361816 198.0
73.054436 35.361816 126.0
76.05649 35.30828 342.0
76.05649 35.30828 270.0
76.05649 35.30828 198.0
76.05649 35.30828 126.0
79.058495 35.252594 342.0
79.058495 35.252594 270.0
79.058495 35.252594 198.0
79.058495 35.252594 126.0
82.06047 35.19475 342.0
82.06047 35.19475 270.0
82.06047 35.19475 198.0
82.06047 35.19475 126.0
85.06239 35.13475 342.0
85.06239 35.13475 270.0
85.06239 35.13475 198.0
85.06239 35.13475 126.0
88.06428 35.072598 342.0
88.06428 35.072598 270.0
88.06428 35.072598 198.0
88.06428 35.072598 126.0
91.06612 35.00829 342.0
91.06612 35.00829 270.0
91.06612 35.00829 198.0
91.06612 35.00829 126.0
94.06791 34.941822 342.0
94.06791 34.941822 270.0
94.06791 34.941822 198.0
94.06791 34.941822 126.0
97.06966 34.873203 342.0
97.06966 34.873203 270.0
97.06966 34.873203 198.0
97.06966 34.873203 126.0
100.07135 34.802425 342.0
100.07135 34.802425 270.0
100.07135 34.802425 198.0
100.07135 34.802425 126.0
103.07299 34.729496 342.0
103.07299 34.729496 270.0
103.07299 34.729496 198.0
103.07299 34.729496 126.0
106.074585 34.654408 342.0
106.074585 34.654408 270.0
106.074585 34.654408 198.0
106.074585 34.654408 126.0
109.07612 34.577168 342.0
109.07612 34.577168 270.0
109.07612 34.577168 198.0
109.07612 34.577168 126.0
112.07759 34.497772 342.0
112.07759 34.497772 270.0
112.07759 34.497772 198.0
112.07759 34.497772 126.0
115.07902 34.416218 342.0
115.07902 34.416218 270.0
115.07902 34.416218 198.0
115.07902 34.416218 126.0
118.080376 34.33251 342.0
118.080376 34.33251 270.0
118.080376 34.33251 198.0
118.080376 34.33251 126.0
121.08167 34.24665 342.0
121.08167 34.24665 270.0
121.08167 34.24665 198.0
121.08167 34.24665 126.0
124.08292 34.158634 342.0
124.08292 34.158634 270.0
124.08292 34.158634 198.0
124.08292 34.158634 126.0
127.08409 34.068462 342.0
127.08409 34.068462 270.0
127.08409 34.068462 198.0
127.08409 34.068462 126.0
130.08519 33.976135 342.0
130.08519 33.976135 270.0
130.08519 33.976135 198.0
130.08519 33.976135 126.0
133.08624 33.881653 342.0
133.08624 33.881653 270.0
133.08624 33.881653 198.0
133.08624 33.881653 126.0
136.0872 33.78502 342.0
136.0872 33.78502 270.0
136.0872 33.78502 198.0
136.0872 33.78502 126.0
139.08812 33.686226 342.0
139.08812 33.686226 270.0
139.08812 33.686226 198.0
139.08812 33.686226 126.0
142.08894 33.58528 342.0
142.08894 33.58528 270.0
142.08894 33.58528 198.0
142.08894 33.58528 126.0
145.0897 33.48218 342.0
145.0897 33.48218 270.0
145.0897 33.48218 198.0
145.0897 33.48218 126.0
148.09038 33.376926 342.0
148.09038 33.376926 270.0
148.09038 33.376926 198.0
148.09038 33.376926 126.0
151.09099 33.269516 342.0
151.09099 33.269516 270.0
151.09099 33.269516 198.0
151.09099 33.269516 126.0
154.09152 33.159954 342.0
154.09152 33.159954 270.0
154.09152 33.159954 198.0
154.09152 33.159954 126.0
157.09196 33.048233 342.0
157.09196 33.048233 270.0
157.09196 33.048233 198.0
157.09196 33.048233 126.0
160.09233 32.93436 342.0
160.09233 32.93436 270.0
160.09233 32.93436 198.0
160.09233 32.93436 126.0
163.09262 32.818336 342.0
163.09262 32.818336 270.0
163.09262 32.818336 198.0
163.09262 32.818336 126.0
166.09282 32.700153 342.0
166.09282 32.700153 270.0
166.09282 32.700153 198.0
166.09282 32.700153 126.0
169.09294 32.57982 342.0
169.09294 32.57982 270.0
169.09294 32.57982 198.0
169.09294 32.57982 126.0
172.09297 32.45733 342.0
172.09297 32.45733 270.0
172.09297 32.45733 198.0
172.09297 32.45733 126.0
175.09291 32.332684 342.0
175.09291 32.332684 270.0
175.09291 32.332684 198.0
175.09291 32.332684 126.0
178.09276 32.205887 342.0
178.09276 32.205887 270.0
178.09276 32.205887 198.0
178.09276 32.205887 126.0
181.09251 32.076935 342.0
181.09251 32.076935 270.0
181.09251 32.076935 198.0
181.09251 32.076935 126.0
184.09218 31.945831 342.0
184.09218 31.945831 270.0
184.09218 31.945831 198.0
184.09218 31.945831 126.0
187.09175 31.812572 342.0
187.09175 31.812572 270.0
187.09175 31.812572 198.0
187.09175 31.812572 126.0
190.09122 31.677158 342.0
190.09122 31.677158 270.0
190.09122 31.677158 198.0
190.09122 31.677158 126.0
193.09059 31.539593 342.0
193.09059 31.539593 270.0
193.09059 31.539593 198.0
193.09059 31.539593 126.0
196.08987 31.399872 342.0
196.08987 31.399872 270.0
196.08987 31.399872 198.0
196.08987 31.399872 126.0
199.08905 31.258 342.0
199.08905 31.258 270.0
199.08905 31.258 198.0
199.08905 31.258 126.0
202.08812 31.113972 342.0
202.08812 31.113972 270.0
202.08812 31.113972 198.0
202.08812 31.113972 126.0
205.08708 30.967793 342.0
205.08708 30.967793 270.0
205.08708 30.967793 198.0
205.08708 30.967793 126.0
208.08595 30.819458 342.0
208.08595 30.819458 270.0
208.08595 30.819458 198.0
208.08595 30.819458 126.0
211.0847 30.668972 342.0
211.0847 30.668972 270.0
211.0847 30.668972 198.0
211.0847 30.668972 126.0
214.08334 30.51633 342.0
214.08334 30.51633 270.0
214.08334 30.51633 198.0
214.08334 30.51633 126.0
217.08188 30.361538 342.0
217.08188 30.361538 270.0
217.08188 30.361538 198.0
217.08188 30.361538 126.0
220.0803 30.204592 342.0
220.0803 30.204592 270.0
220.0803 30.204592 198.0
220.0803 30.204592 126.0
223.07861 30.045494 342.0
223.07861 30.045494 270.0
223.07861 30.045494 198.0
223.07861 30.045494 126.0
226.07681 29.884241 342.0
226.07681 29.884241 270.0
226.07681 29.884241 198.0
226.07681 29.884241 126.0
229.07489 29.720837 342.0
229.07489 29.720837 270.0
229.07489 29.720837 198.0
229.07489 29.720837 126.0
232.07285 29.55528 342.0
232.07285 29.55528 270.0
232.07285 29.55528 198.0
232.07285 29.55528 126.0
235.0707 29.38757 342.0
235.0707 29.38757 270.0
235.0707 29.38757 198.0
235.0707 29.38757 126.0
238.0684 29.217709 342.0
238.0684 29.217709 270.0
238.0684 29.217709 198.0
238.0684 29.217709 126.0
241.06601 29.045694 342.0
241.06601 29.045694 270.0
241.06601 29.045694 198.0
241.06601 29.045694 126.0
244.06348 28.871527 342.0
244.06348 28.871527 270.0
244.06348 28.871527 198.0
244.06348 28.871527 126.0
247.06082 28.695208 342.0
247.06082 28.695208 270.0
247.06082 28.695208 198.0
247.06082 28.695208 126.0
250.05804 28.516737 342.0
250.05804 28.516737 270.0
250.05804 28.516737 198.0
250.05804 28.516737 126.0
253.05513 28.336113 342.0
253.05513 28.336113 270.0
253.05513 28.336113 198.0
253.05513 28.336113 126.0
256.0521 28.15334 342.0
256.0521 28.15334 270.0
256.0521 28.15334 198.0
256.0521 28.15334 126.0
259.04892 27.968412 342.0
259.04892 27.968412 270.0
259.04892 27.968412 198.0
259.04892 27.968412 126.0
262.04562 27.781332 342.0
262.04562 27.781332 270.0
262.04562 27.781332 198.0
262.04562 27.781332 126.0
265.04218 27.592102 342.0
265.04218 27.592102 270.0
265.04218 27.592102 198.0
265.04218 27.592102 126.0
268.0386 27.40072 342.0
268.0386 27.40072 270.0
268.0386 27.40072 198.0
268.0386 27.40072 126.0
271.03488 27.207188 342.0
271.03488 27.207188 270.0
271.03488 27.207188 198.0
271.03488 27.207188 126.0
274.03104 27.011503 342.0
274.03104 27.011503 270.0
274.03104 27.011503 198.0
274.03104 27.011503 126.0
277.02704 26.813667 342.0
277.02704 26.813667 270.0
277.02704 26.813667 198.0
277.02704 26.813667 126.0
280.0229 26.61368 342.0
280.0229 26.61368 270.0
280.0229 26.61368 198.0
280.0229 26.61368 126.0
283.01862 26.411541 342.0
283.01862 26.411541 270.0
283.01862 26.411541 198.0
283.01862 26.411541 126.0
286.0142 26.207253 342.0
286.0142 26.207253 270.0
286.0142 26.207253 198.0
286.0142 26.207253 126.0
289.0096 26.000813 342.0
289.0096 26.000813 270.0
289.0096 26.000813 198.0
289.0096 26.000813 126.0
292.00488 25.792223 342.0
292.00488 25.792223 270.0
292.00488 25.792223 198.0
292.00488 25.792223 126.0
7.002526 35.994137 357.06668
10.005048 35.98803 387.73334
16.010075 35.969353 375.46667
22.015068 35.942047 363.2
25.01755 35.925163 393.86667
31.02247 35.884926 381.6
37.02733 35.836063 369.33334
43.03211 35.77858 357.06668
46.034466 35.746605 387.73334
52.03911 35.676186 375.46667
58.043644 35.59714 363.2
61.045868 35.55439 393.86667
67.05022 35.462414 381.6
73.054436 35.361816 369.33334
79.058495 35.252594 357.06668
82.06047 35.19475 387.73334
88.06428 35.072598 375.46667
94.06791 34.941822 363.2
97.06966 34.873203 393.86667
103.07299 34.729496 381.6
109.07612 34.577168 369.33334
115.07902 34.416218 357.06668
118.080376 34.33251 387.73334
124.08292 34.158634 375.46667
130.08519 33.976135 363.2
133.08624 33.881653 393.86667
139.08812 33.686226 381.6
145.0897 33.48218 369.33334
151.09099 33.269516 357.06668
154.09152 33.159954 387.73334
160.09233 32.93436 375.46667
166.09282 32.700153 363.2
169.09294 32.57982 393.86667
175.09291 32.332684 381.6
181.09251 32.076935 369.33334
187.09175 31.812572 357.06668
190.09122 31.677158 387.73334
196.08987 31.399872 375.46667
202.08812 31.113972 363.2
205.08708 30.967793 393.86667
211.0847 30.668972 381.6
217.08188 30.361538 369.33334
223.07861 30.045494 357.06668
226.07681 29.884241 387.73334
232.07285 29.55528 375.46667
238.0684 29.217709 363.2
241.06601 29.045694 393.86667
247.06082 28.695208 381.6
253.05513 28.336113 369.33334
259.04892 27.968412 357.06668
262.04562 27.781332 387.73334
268.0386 27.40072 375.46667
274.03104 27.011503 363.2
277.02704 26.813667 393.86667
283.01862 26.411541 381.6
289.0096 26.000813 369.33334
7.002526 35.994137 3.0
10.005048 35.98803 33.0
16.010075 35.969353 21.0
22.015068 35.942047 9.0
25.01755 35.925163 39.0
31.02247 35.884926 27.0
37.02733 35.836063 15.0
43.03211 35.77858 3.0
46.034466 35.746605 33.0
52.03911 35.676186 21.0
58.043644 35.59714 9.0
61.045868 35.55439 39.0
67.05022 35.462414 27.0
73.054436 35.361816 15.0
79.058495 35.252594 3.0
82.06047 35.19475 33.0
88.06428 35.072598 21.0
94.06791 34.941822 9.0
97.06966 34.873203 39.0
103.07299 34.729496 27.0
109.07612 34.577168 15.0
115.07902 34.416218 3.0
118.080376 34.33251 33.0
124.08292 34.158634 21.0
130.08519 33.976135 9.0
133.08624 33.881653 39.0
139.08812 33.686226 27.0
145.0897 33.48218 15.0
151.09099 33.269516 3.0
154.09152 33.159954 33.0
160.09233 32.93436 21.0
166.09282 32.700153 9.0
169.09294 32.57982 39.0
175.09291 32.332684 27.0
181.09251 32.076935 15.0
187.09175 31.812572 3.0
190.09122 31.677158 33.0
196.08987 31.399872 21.0
202.08812 31.113972 9.0
205.08708 30.967793 39.0
211.0847 30.668972 27.0
217.08188 30.361538 15.0
223.07861 30.045494 3.0
226.07681 29.884241 33.0
232.07285 29.55528 21.0
238.0684 29.217709 9.0
241.06601 29.045694 39.0
247.06082 28.695208 27.0
253.05513 28.336113 15.0
259.04892 27.968412 3.0
262.04562 27.781332 33.0
268.0386 27.40072 21.0
274.03104 27.011503 9.0
277.02704 26.813667 39.0
283.01862 26.411541 27.0
289.0096 26.000813 15.0
-8.00255 35.992344 42.0
-11.005096 35.98552 12.0
-17.01017 35.965405 24.0
-23.01521 35.936665 36.0
-26.017712 35.91906 6.0
-32.022675 35.877384 18.0
-38.027573 35.827087 30.0
-44.03239 35.768166 42.0
-47.034767 35.73547 12.0
-53.039444 35.663616 24.0
-59.044014 35.583138 36.0
-62.046253 35.53966 6.0
-68.05064 35.44625 18.0
-74.05487 35.344215 30.0
-80.05896 35.233555 42.0
-83.06094 35.174995 12.0
-89.06478 35.051403 24.0
-95.06843 34.91919 36.0
-98.07018 34.84985 6.0
-104.07354 34.704704 18.0
-110.076675 34.55094 30.0
-116.07959 34.388554 42.0
-119.080956 34.304127 12.0
-125.0835 34.12881 24.0
-131.0858 33.944874 36.0
-134.08684 33.849674 6.0
-140.08871 33.652805 18.0
-146.0903 33.447323 30.0
-152.0916 33.23322 42.0
-155.09213 33.122936 12.0
-161.09294 32.895905 24.0
-167.09343 32.66026 36.0
-170.09354 32.539204 6.0
-176.09349 32.290634 18.0
-182.0931 32.033443 30.0
-188.09232 31.767641 42.0
-191.09178 31.631508 12.0
-197.09042 31.352783 24.0
-203.08865 31.065443 36.0
-206.0876 30.918543 6.0
-212.0852 30.618282 18.0
-218.08237 30.30941 30.0
-224.07907 29.991926 42.0
-227.07726 29.829954 12.0
-233.07326 29.499554 24.0
-239.06879 29.160542 36.0
-242.06638 28.987808 6.0
-248.06116 28.635883 18.0
-254.05544 28.275349 30.0
-260.0492 27.906206 42.0
-263.04587 27.718409 12.0
-269.03882 27.336357 24.0
-275.0312 26.9457 36.0
-278.02716 26.747143 6.0
-284.0187 26.343578 18.0
-290.00964 25.93141 30.0
-8.00255 35.992344 342.0
-8.00255 35.992344 270.0
-8.00255 35.992344 198.0
-8.00255 35.992344 126.0
-11.005096 35.98552 342.0
-11.005096 35.98552 270.0
-11.005096 35.98552 198.0
-11.005096 35.98552 126.0
-14.007637 35.97654 342.0
-14.007637 35.97654 270.0
-14.007637 35.97654 198.0
-14.007637 35.97654 126.0
-17.01017 35.965405 342.0
-17.01017 35.965405 270.0
-17.01017 35.965405 198.0
-17.01017 35.965405 126.0
-20.012695 35.95211 342.0
-20.012695 35.95211 270.0
-20.012695 35.95211 198.0
-20.012695 35.95211 126.0
-23.01521 35.936665 342.0
-23.01521 35.936665 270.0
-23.01521 35.936665 198.0
-23.01521 35.936665 126.0
-26.017712 35.91906 342.0
-26.017712 35.91906 270.0
-26.017712 35.91906 198.0
-26.017712 35.91906 126.0
-29.0202 35.8993 342.0
-29.0202 35.8993 270.0
-29.0202 35.8993 198.0
-29.0202 35.8993 126.0
-32.022675 35.877384 342.0
-32.022675 35.877384 270.0
-32.022675 35.877384 198.0
-32.022675 35.877384 126.0
-35.02513 35.853313 342.0
-35.02513 35.853313 270.0
-35.02513 35.853313 198.0
-35.02513 35.853313 126.0
-38.027573 35.827087 342.0
-38.027573 35.827087 270.0
-38.027573 35.827087 198.0
-38.027573 35.827087 126.0
-41.02999 35.798706 342.0
-41.02999 35.798706 270.0
-41.02999 35.798706 198.0
-41.02999 35.798706 126.0
-44.03239 35.768166 342.0
-44.03239 35.768166 270.0
-44.03239 35.768166 198.0
-44.03239 35.768166 126.0
-47.034767 35.73547 342.0
-47.034767 35.73547 270.0
-47.034767 35.73547 198.0
-47.034767 35.73547 126.0
-50.037117 35.700623 342.0
-50.037117 35.700623 270.0
-50.037117 35.700623 198.0
-50.037117 35.700623 126.0
-53.039444 35.663616 342.0
-53.039444 35.663616 270.0
-53.039444 35.663616 198.0
-53.039444 35.663616 126.0
-56.041744 35.624454 342.0
-56.041744 35.624454 270.0
-56.041744 35.624454 198.0
-56.041744 35.624454 126.0
-59.044014 35.583138 342.0
-59.044014 35.583138 270.0
-59.044014 35.583138 198.0
-59.044014 35.583138 126.0
-62.046253 35.53966 342.0
-62.046253 35.53966 270.0
-62.046253 35.53966 198.0
-62.046253 35.53966 126.0
-65.04846 35.494034 342.0
-65.04846 35.494034 270.0
-65.04846 35.494034 198.0
-65.04846 35.494034 126.0
-68.05064 35.44625 342.0
-68.05064 35.44625 270.0
-68.05064 35.44625 198.0
-68.05064 35.44625 126.0
-71.05277 35.39631 342.0
-71.05277 35.39631 270.0
-71.05277 35.39631 198.0
-71.05277 35.39631 126.0
-74.05487 35.344215 342.0
-74.05487 35.344215 270.0
-74.05487 35.344215 198.0
-74.05487 35.344215 126.0
-77.05694 35.289963 342.0
-77.05694 35.289963 270.0
-77.05694 35.289963 198.0
-77.05694 35.289963 126.0
-80.05896 35.233555 342.0
-80.05896 35.233555 270.0
-80.05896 35.233555 198.0
-80.05896 35.233555 126.0
-83.06094 35.174995 342.0
-83.06094 35.174995 270.0
-83.06094 35.174995 198.0
-83.06094 35.174995 126.0
-86.06288 35.114277 342.0
-86.06288 35.114277 270.0
-86.06288 35.114277 198.0
-86.06288 35.114277 126.0
-89.06478 35.051403 342.0
-89.06478 35.051403 270.0
-89.06478 35.051403 198.0
-89.06478 35.051403 126.0
-92.06663 34.986374 342.0
-92.06663 34.986374 270.0
-92.06663 34.986374 198.0
-92.06663 34.986374 126.0
-95.06843 34.91919 342.0
-95.06843 34.91919 270.0
-95.06843 34.91919 198.0
-95.06843 34.91919 126.0
-98.07018 34.84985 342.0
-98.07018 34.84985 270.0
-98.07018 34.84985 198.0
-98.07018 34.84985 126.0
-101.071884 34.778355 342.0
-101.071884 34.778355 270.0
-101.071884 34.778355 198.0
-101.071884 34.778355 126.0
-104.07354 34.704704 342.0
-104.07354 34.704704 270.0
-104.07354 34.704704 198.0
-104.07354 34.704704 126.0
-107.075134 34.6289 342.0
-107.075134 34.6289 270.0
-107.075134 34.6289 198.0
-107.075134 34.6289 126.0
-110.076675 34.55094 342.0
-110.076675 34.55094 270.0
-110.076675 34.55094 198.0
-110.076675 34.55094 126.0
-113.07816 34.470825 342.0
-113.07816 34.470825 270.0
-113.07816 34.470825 198.0
-113.07816 34.470825 126.0
-116.07959 34.388554 342.0
-116.07959 34.388554 270.0
-116.07959 34.388554 198.0
-116.07959 34.388554 126.0
-119.080956 34.304127 342.0
-119.080956 34.304127 270.0
-119.080956 34.304127 198.0
-119.080956 34.304127 126.0
-122.08226 34.217545 342.0
-122.08226 34.217545 270.0
-122.08226 34.217545 198.0
-122.08226 34.217545 126.0
-125.0835 34.12881 342.0
-125.0835 34.12881 270.0
-125.0835 34.12881 198.0
-125.0835 34.12881 126.0
-128.08469 34.037918 342.0
-128.08469 34.037918 270.0
-128.08469 34.037918 198.0
-128.08469 34.037918 126.0
-131.0858 33.944874 342.0
-131.0858 33.944874 270.0
-131.0858 33.944874 198.0
-131.0858 33.944874 126.0
-134.08684 33.849674 342.0
-134.08684 33.849674 270.0
-134.08684 33.849674 198.0
-134.08684 33.849674 126.0
-137.08781 33.752316 342.0
-137.08781 33.752316 270.0
-137.08781 33.752316 198.0
-137.08781 33.752316 126.0
-140.08871 33.652805 342.0
-140.08871 33.652805 270.0
-140.08871 33.652805 198.0
-140.08871 33.652805 126.0
-143.08955 33.551144 342.0
-143.08955 33.551144 270.0
-143.08955 33.551144 198.0
-143.08955 33.551144 126.0
-146.0903 33.447323 342.0
-146.0903 33.447323 270.0
-146.0903 33.447323 198.0
-146.0903 33.447323 126.0
-149.09099 33.341347 342.0
-149.09099 33.341347 270.0
-149.09099 33.341347 198.0
-149.09099 33.341347 126.0
-152.0916 33.23322 342.0
-152.0916 33.23322 270.0
-152.0916 33.23322 198.0
-152.0916 33.23322 126.0
-155.09213 33.122936 342.0
-155.09213 33.122936 270.0
-155.09213 33.122936 198.0
-155.09213 33.122936 126.0
-158.09258 33.010498 342.0
-158.09258 33.010498 270.0
-158.09258 33.010498 198.0
-158.09258 33.010498 126.0
-161.09294 32.895905 342.0
-161.09294 32.895905 270.0
-161.09294 32.895905 198.0
-161.09294 32.895905 126.0
-164.09323 32.77916 342.0
-164.09323 32.77916 270.0
-164.09323 32.77916 198.0
-164.09323 32.77916 126.0
-167.09343 32.66026 342.0
-167.09343 32.66026 270.0
-167.09343 32.66026 198.0
-167.09343 32.66026 126.0
-170.09354 32.539204 342.0
-170.09354 32.539204 270.0
-170.09354 32.539204 198.0
-170.09354 32.539204 126.0
-173.09357 32.415997 342.0
-173.09357 32.415997 270.0
-173.09357 32.415997 198.0
-173.09357 32.415997 126.0
-176.09349 32.290634 342.0
-176.09349 32.290634 270.0
-176.09349 32.290634 198.0
-176.09349 32.290634 126.0
-179.09334 32.163116 342.0
-179.09334 32.163116 270.0
-179.09334 32.163116 198.0
-179.09334 32.163116 126.0
-182.0931 32.033443 342.0
-182.0931 32.033443 270.0
-182.0931 32.033443 198.0
-182.0931 32.033443 126.0
-185.09276 31.901619 342.0
-185.09276 31.901619 270.0
-185.09276 31.901619 198.0
-185.09276 31.901619 126.0
-188.09232 31.767641 342.0
-188.09232 31.767641 270.0
-188.09232 31.767641 198.0
-188.09232 31.767641 126.0
-191.09178 31.631508 342.0
-191.09178 31.631508 270.0
-191.09178 31.631508 198.0
-191.09178 31.631508 126.0
-194.09116 31.493221 342.0
-194.09116 31.493221 270.0
-194.09116 31.493221 198.0
-194.09116 31.493221 126.0
-197.09042 31.352783 342.0
-197.09042 31.352783 270.0
-197.09042 31.352783 198.0
-197.09042 31.352783 126.0
-200.08958 31.21019 342.0
-200.08958 31.21019 270.0
-200.08958 31.21019 198.0
-200.08958 31.21019 126.0
-203.08865 31.065443 342.0
-203.08865 31.065443 270.0
-203.08865 31.065443 198.0
-203.08865 31.065443 126.0
-206.0876 30.918543 342.0
-206.0876 30.918543 270.0
-206.0876 30.918543 198.0
-206.0876 30.918543 126.0
-209.08646 30.76949 342.0
-209.08646 30.76949 270.0
-209.08646 30.76949 198.0
-209.08646 30.76949 126.0
-212.0852 30.618282 342.0
-212.0852 30.618282 270.0
-212.0852 30.618282 198.0
-212.0852 30.618282 126.0
-215.08383 30.464924 342.0
-215.08383 30.464924 270.0
-215.08383 30.464924 198.0
-215.08383 30.464924 126.0
-218.08237 30.30941 342.0
-218.08237 30.30941 270.0
-218.08237 30.30941 198.0
-218.08237 30.30941 126.0
-221.08078 30.151745 342.0
-221.08078 30.151745 270.0
-221.08078 30.151745 198.0
-221.08078 30.151745 126.0
-224.07907 29.991926 342.0
-224.07907 29.991926 270.0
-224.07907 29.991926 198.0
-224.07907 29.991926 126.0
-227.07726 29.829954 342.0
-227.07726 29.829954 270.0
-227.07726 29.829954 198.0
-227.07726 29.829954 126.0
-230.07532 29.66583 342.0
-230.07532 29.66583 270.0
-230.07532 29.66583 198.0
-230.07532 29.66583 126.0
-233.07326 29.499554 342.0
-233.07326 29.499554 270.0
-233.07326 29.499554 198.0
-233.07326 29.499554 126.0
-236.07109 29.331123 342.0
-236.07109 29.331123 270.0
-236.07109 29.331123 198.0
-236.07109 29.331123 126.0
-239.06879 29.160542 342.0
-239.06879 29.160542 270.0
-239.06879 29.160542 198.0
-239.06879 29.160542 126.0
-242.06638 28.987808 342.0
-242.06638 28.987808 270.0
-242.06638 28.987808 198.0
-242.06638 28.987808 126.0
-245.06383 28.812922 342.0
-245.06383 28.812922 270.0
-245.06383 28.812922 198.0
-245.06383 28.812922 126.0
-248.06116 28.635883 342.0
-248.06116 28.635883 270.0
-248.06116 28.635883 198.0
-248.06116 28.635883 126.0
-251.05836 28.456692 342.0
-251.05836 28.456692 270.0
-251.05836 28.456692 198.0
-251.05836 28.456692 126.0
-254.05544 28.275349 342.0
-254.05544 28.275349 270.0
-254.05544 28.275349 198.0
-254.05544 28.275349 126.0
-257.05237 28.091854 342.0
-257.05237 28.091854 270.0
-257.05237 28.091854 198.0
-257.05237 28.091854 126.0
-260.0492 27.906206 342.0
-260.0492 27.906206 270.0
-260.0492 27.906206 198.0
-260.0492 27.906206 126.0
-263.04587 27.718409 342.0
-263.04587 27.718409 270.0
-263.04587 27.718409 198.0
-263.04587 27.718409 126.0
-266.0424 27.528458 342.0
-266.0424 27.528458 270.0
-266.0424 27.528458 198.0
-266.0424 27.528458 126.0
-269.03882 27.336357 342.0
-269.03882 27.336357 270.0
-269.03882 27.336357 198.0
-269.03882 27.336357 126.0
-272.03506 27.142103 342.0
-272.03506 27.142103 270.0
-272.03506 27.142103 198.0
-272.03506 27.142103 126.0
-275.0312 26.9457 342.0
-275.0312 26.9457 270.0
-275.0312 26.9457 198.0
-275.0312 26.9457 126.0
-278.02716 26.747143 342.0
-278.02716 26.747143 270.0
-278.02716 26.747143 198.0
-278.02716 26.747143 126.0
-281.023 26.546436 342.0
-281.023 26.546436 270.0
-281.023 26.546436 198.0
-281.023 26.546436 126.0
-284.0187 26.343578 342.0
-284.0187 26.343578 270.0
-284.0187 26.343578 198.0
-284.0187 26.343578 126.0
-287.01425 26.138569 342.0
-287.01425 26.138569 270.0
-287.01425 26.138569 198.0
-287.01425 26.138569 126.0
-290.00964 25.93141 342.0
-290.00964 25.93141 270.0
-290.00964 25.93141 198.0
-290.00964 25.93141 126.0
-293.0049 25.7221 342.0
-293.0049 25.7221 270.0
-293.0049 25.7221 198.0
-293.0049 25.7221 126.0
-8.00255 35.992344 396.93332
-11.005096 35.98552 366.26666
-17.01017 35.965405 378.53333
-23.01521 35.936665 390.8
-26.017712 35.91906 360.13333
-32.022675 35.877384 372.4
-38.027573 35.827087 384.66666
-44.03239 35.768166 396.93332
-47.034767 35.73547 366.26666
-53.039444 35.663616 378.53333
-59.044014 35.583138 390.8
-62.046253 35.53966 360.13333
-68.05064 35.44625 372.4
-74.05487 35.344215 384.66666
-80.05896 35.233555 396.93332
-83.06094 35.174995 366.26666
-89.06478 35.051403 378.53333
-95.06843 34.91919 390.8
-98.07018 34.84985 360.13333
-104.07354 34.704704 372.4
-110.076675 34.55094 384.66666
-116.07959 34.388554 396.93332
-119.080956 34.304127 366.26666
-125.0835 34.12881 378.53333
-131.0858 33.944874 390.8
-134.08684 33.849674 360.13333
-140.08871 33.652805 372.4
-146.0903 33.447323 384.66666
-152.0916 33.23322 396.93332
-155.09213 33.122936 366.26666
-161.09294 32.895905 378.53333
-167.09343 32.66026 390.8
-170.09354 32.539204 360.13333
-176.09349 32.290634 372.4
-182.0931 32.033443 384.66666
-188.09232 31.767641 396.93332
-191.09178 31.631508 366.26666
-197.09042 31.352783 378.53333
-203.08865 31.065443 390.8
-206.0876 30.918543 360.13333
-212.0852 30.618282 372.4
-218.08237 30.30941 384.66666
-224.07907 29.991926 396.93332
-227.07726 29.829954 366.26666
-233.07326 29.499554 378.53333
-239.06879 29.160542 390.8
-242.06638 28.987808 360.13333
-248.06116 28.635883 372.4
-254.05544 28.275349 384.66666
-260.0492 27.906206 396.93332
-263.04587 27.718409 366.26666
-269.03882 27.336357 378.53333
-275.0312 26.9457 390.8
-278.02716 26.747143 360.13333
-284.0187 26.343578 372.4
-290.00964 25.93141 384.66666
-308.00616 24.641273 357.06668
-380.10263 18.688997 357.06668
-452.08536 11.490407 357.06668
-332.04962 22.795778 360.13333
-404.1106 16.427847 360.13333
-476.0506 8.8142805 360.13333
-356.08206 20.811665 363.2
-428.1051 14.028291 363.2
-308.00616 24.641273 366.26666
-380.10263 18.688997 366.26666
-452.08536 11.490407 366.26666
-332.04962 22.795778 369.33334
-404.1106 16.427847 369.33334
-476.0506 8.8142805 369.33334
-356.08206 20.811665 372.4
-428.1051 14.028291 372.4
-308.00616 24.641273 375.46667
-380.10263 18.688997 375.46667
-452.08536 11.490407 375.46667
-332.04962 22.795778 378.53333
-404.1106 16.427847 378.53333
-476.0506 8.8142805 378.53333
-356.08206 20.811665 381.6
-428.1051 14.028291 381.6
-308.00616 24.641273 384.66666
-380.10263 18.688997 384.66666
-452.08536 11.490407 384.66666
-332.04962 22.795778 387.73334
-404.1106 16.427847 387.73334
-476.0506 8.8142805 387.73334
-356.08206 20.811665 390.8
-428.1051 14.028291 390.8
-308.00616 24.641273 393.86667
-380.10263 18.688997 393.86667
-452.08536 11.490407 393.86667
-332.04962 22.795778 396.93332
-404.1106 16.427847 396.93332
-476.0506 8.8142805 396.93332
449.6038 11.759527 357.06668
378.34528 18.849028 357.06668
306.97583 24.717243 357.06668
428.83273 13.95334 360.13333
357.53973 20.68683 360.13333
479.2571 8.445602 363.2
408.051 16.043377 363.2
336.72525 22.42069 363.2
458.50226 10.787567 366.26666
387.2591 18.029589 366.26666
315.90237 24.050568 366.26666
437.73596 13.025838 369.33334
366.45752 19.911924 369.33334
488.1484 7.4101734 372.4
416.95874 15.160357 372.4
345.6468 21.690338 372.4
467.39862 9.796562 375.46667
396.1711 17.191072 375.46667
324.82745 23.364784 375.46667
446.63715 12.07928 378.53333
375.37363 19.117931 378.53333
497.03748 6.3557143 381.6
425.86456 14.258271 381.6
354.56674 20.94089 381.6
476.29285 8.786515 384.66666
405.08133 16.333479 384.66666
333.75104 22.659899 384.66666
455.53632 11.11367 387.73334
384.28802 18.304855 387.73334
312.927 24.274916 387.73334
434.76843 13.337123 390.8
363.4851 20.172348 390.8
485.18488 7.757431 393.86667
413.98972 15.456816 393.86667
342.67313 21.935911 393.86667
464.43338 10.129013 396.93332
393.20065 17.472698 396.93332
321.85257 23.5955 396.93332
354.56674 20.94089 342.0
425.86456 14.258271 342.0
497.03748 6.3557143 342.0
375.37363 19.117931 339.0
446.63715 12.07928 339.0
324.82745 23.364784 336.0
396.1711 17.191072 336.0
467.39862 9.796562 336.0
345.6468 21.690338 333.0
416.95874 15.160357 333.0
488.1484 7.4101734 333.0
366.45752 19.911924 330.0
437.73596 13.025838 330.0
315.90237 24.050568 327.0
387.2591 18.029589 327.0
458.50226 10.787567 327.0
336.72525 22.42069 324.0
408.051 16.043377 324.0
479.2571 8.445602 324.0
357.53973 20.68683 321.0
428.83273 13.95334 321.0
306.97583 24.717243 318.0
378.34528 18.849028 318.0
449.6038 11.759527 318.0
327.80215 23.131945 315.0
399.1414 16.907328 315.0
470.3636 9.461995 315.0
348.6203 21.442644 312.0
419.92755 14.86178 312.0
491.1117 7.0608015 312.0
369.42975 19.649382 309.0
440.70325 12.712436 309.0
318.87756 23.824097 306.0
390.22995 17.752203 306.0
461.46793 10.459349 306.0
339.69925 22.179363 303.0
411.02045 15.751156 303.0
482.22113 8.102574 303.0
360.5125 20.430649 300.0
431.8007 13.64629 300.0
309.9515 24.49714 297.0
381.31674 18.578001 297.0
452.57016 11.437657 297.0
330.77667 22.896982 294.0
402.11148 16.621464 294.0
473.32834 9.125313 294.0
351.5936 21.192827 291.0
422.89618 14.561085 291.0
494.0747 6.7093153 291.0
372.40176 19.384718 288.0
443.67032 12.396916 288.0
321.85257 23.5955 285.0
393.20065 17.472698 285.0
464.43338 10.129013 285.0
342.67313 21.935911 282.0
413.98972 15.456816 282.0
485.18488 7.757431 282.0
363.4851 20.172348 279.0
434.76843 13.337123 279.0
312.927 24.274916 276.0
384.28802 18.304855 276.0
455.53632 11.11367 276.0
333.75104 22.659899 273.0
405.08133 16.333479 273.0
476.29285 8.786515 273.0
354.56674 20.94089 270.0
425.86456 14.258271 270.0
497.03748 6.3557143 270.0
375.37363 19.117931 267.0
446.63715 12.07928 267.0
324.82745 23.364784 264.0
396.1711 17.191072 264.0
467.39862 9.796562 264.0
345.6468 21.690338 261.0
416.95874 15.160357 261.0
488.1484 7.4101734 261.0
366.45752 19.911924 258.0
437.73596 13.025838 258.0
315.90237 24.050568 255.0
387.2591 18.029589 255.0
458.50226 10.787567 255.0
336.72525 22.42069 252.0
408.051 16.043377 252.0
479.2571 8.445602 252.0
357.53973 20.68683 249.0
428.83273 13.95334 249.0
306.97583 24.717243 246.0
378.34528 18.849028 246.0
449.6038 11.759527 246.0
327.80215 23.131945 243.0
399.1414 16.907328 243.0
470.3636 9.461995 243.0
348.6203 21.442644 240.0
419.92755 14.86178 240.0
491.1117 7.0608015 240.0
369.42975 19.649382 237.0
440.70325 12.712436 237.0
318.87756 23.824097 234.0
390.22995 17.752203 234.0
461.46793 10.459349 234.0
339.69925 22.179363 231.0
411.02045 15.751156 231.0
482.22113 8.102574 231.0
360.5125 20.430649 228.0
431.8007 13.64629 228.0
309.9515 24.49714 225.0
381.31674 18.578001 225.0
452.57016 11.437657 225.0
330.77667 22.896982 222.0
402.11148 16.621464 222.0
473.32834 9.125313 222.0
351.5936 21.192827 219.0
422.89618 14.561085 219.0
494.0747 6.7093153 219.0
372.40176 19.384718 216.0
443.67032 12.396916 216.0
321.85257 23.5955 213.0
393.20065 17.472698 213.0
464.43338 10.129013 213.0
342.67313 21.935911 210.0
413.98972 15.456816 210.0
485.18488 7.757431 210.0
363.4851 20.172348 207.0
434.76843 13.337123 207.0
312.927 24.274916 204.0
384.28802 18.304855 204.0
455.53632 11.11367 204.0
333.75104 22.659899 201.0
405.08133 16.333479 201.0
476.29285 8.786515 201.0
354.56674 20.94089 198.0
425.86456 14.258271 198.0
497.03748 6.3557143 198.0
375.37363 19.117931 195.0
446.63715 12.07928 195.0
324.82745 23.364784 192.0
396.1711 17.191072 192.0
467.39862 9.796562 192.0
345.6468 21.690338 189.0
416.95874 15.160357 189.0
488.1484 7.4101734 189.0
366.45752 19.911924 186.0
437.73596 13.025838 186.0
315.90237 24.050568 183.0
387.2591 18.029589 183.0
458.50226 10.787567 183.0
336.72525 22.42069 180.0
408.051 16.043377 180.0
479.2571 8.445602 180.0
357.53973 20.68683 177.0
428.83273 13.95334 177.0
306.97583 24.717243 174.0
378.34528 18.849028 174.0
449.6038 11.759527 174.0
327.80215 23.131945 171.0
399.1414 16.907328 171.0
470.3636 9.461995 171.0
348.6203 21.442644 168.0
419.92755 14.86178 168.0
491.1117 7.0608015 168.0
369.42975 19.649382 165.0
440.70325 12.712436 165.0
318.87756 23.824097 162.0
390.22995 17.752203 162.0
461.46793 10.459349 162.0
339.69925 22.179363 159.0
411.02045 15.751156 159.0
482.22113 8.102574 159.0
360.5125 20.430649 156.0
431.8007 13.64629 156.0
309.9515 24.49714 153.0
381.31674 18.578001 153.0
452.57016 11.437657 153.0
330.77667 22.896982 150.0
402.11148 16.621464 150.0
473.32834 9.125313 150.0
351.5936 21.192827 147.0
422.89618 14.561085 147.0
494.0747 6.7093153 147.0
372.40176 19.384718 144.0
443.67032 12.396916 144.0
321.85257 23.5955 141.0
393.20065 17.472698 141.0
464.43338 10.129013 141.0
342.67313 21.935911 138.0
413.98972 15.456816 138.0
485.18488 7.757431 138.0
363.4851 20.172348 135.0
434.76843 13.337123 135.0
312.927 24.274916 132.0
384.28802 18.304855 132.0
455.53632 11.11367 132.0
333.75104 22.659899 129.0
405.08133 16.333479 129.0
476.29285 8.786515 129.0
354.56674 20.94089 126.0
425.86456 14.258271 126.0
497.03748 6.3557143 126.0
375.37363 19.117931 123.0
446.63715 12.07928 123.0
324.82745 23.364784 120.0
396.1711 17.191072 120.0
467.39862 9.796562 120.0
345.6468 21.690338 117.0
416.95874 15.160357 117.0
488.1484 7.4101734 117.0
366.45752 19.911924 114.0
437.73596 13.025838 114.0
315.90237 24.050568 111.0
387.2591 18.029589 111.0
458.50226 10.787567 111.0
336.72525 22.42069 108.0
408.051 16.043377 108.0
479.2571 8.445602 108.0
357.53973 20.68683 105.0
428.83273 13.95334 105.0
306.97583 24.717243 102.0
378.34528 18.849028 102.0
449.6038 11.759527 102.0
327.80215 23.131945 99.0
399.1414 16.907328 99.0
470.3636 9.461995 99.0
348.6203 21.442644 96.0
419.92755 14.86178 96.0
491.1117 7.0608015 96.0
369.42975 19.649382 93.0
440.70325 12.712436 93.0
318.87756 23.824097 90.0
390.22995 17.752203 90.0
461.46793 10.459349 90.0
339.69925 22.179363 87.0
411.02045 15.751156 87.0
482.22113 8.102574 87.0
360.5125 20.430649 84.0
431.8007 13.64629 84.0
309.9515 24.49714 81.0
381.31674 18.578001 81.0
452.57016 11.437657 81.0
330.77667 22.896982 78.0
402.11148 16.621464 78.0
473.32834 9.125313 78.0
351.5936 21.192827 75.0
422.89618 14.561085 75.0
494.0747 6.7093153 75.0
372.40176 19.384718 72.0
443.67032 12.396916 72.0
321.85257 23.5955 69.0
393.20065 17.472698 69.0
464.43338 10.129013 69.0
342.67313 21.935911 66.0
413.98972 15.456816 66.0
485.18488 7.757431 66.0
363.4851 20.172348 63.0
434.76843 13.337123 63.0
312.927 24.274916 60.0
384.28802 18.304855 60.0
455.53632 11.11367 60.0
333.75104 22.659899 57.0
405.08133 16.333479 57.0
476.29285 8.786515 57.0
-356.08206 20.811665 342.0
-428.1051 14.028291 342.0
-308.00616 24.641273 339.0
-380.10263 18.688997 339.0
-452.08536 11.490407 339.0
-332.04962 22.795778 336.0
-404.1106 16.427847 336.0
-476.0506 8.8142805 336.0
-356.08206 20.811665 333.0
-428.1051 14.028291 333.0
-308.00616 24.641273 330.0
-380.10263 18.688997 330.0
-452.08536 11.490407 330.0
-332.04962 22.795778 327.0
-404.1106 16.427847 327.0
-476.0506 8.8142805 327.0
-356.08206 20.811665 324.0
-428.1051 14.028291 324.0
-308.00616 24.641273 321.0
-380.10263 18.688997 321.0
-452.08536 11.490407 321.0
-332.04962 22.795778 318.0
-404.1106 16.427847 318.0
-476.0506 8.8142805 318.0
-356.08206 20.811665 315.0
-428.1051 14.028291 315.0
-308.00616 24.641273 312.0
-380.10263 18.688997 312.0
-452.08536 11.490407 312.0
-332.04962 22.795778 309.0
-404.1106 16.427847 309.0
-476.0506 8.8142805 309.0
-356.08206 20.811665 306.0
-428.1051 14.028291 306.0
-308.00616 24.641273 303.0
-380.10263 18.688997 303.0
-452.08536 11.490407 303.0
-332.04962 22.795778 300.0
-404.1106 16.427847 300.0
-476.0506 8.8142805 300.0
-356.08206 20.811665 297.0
-428.1051 14.028291 297.0
-308.00616 24.641273 294.0
-380.10263 18.688997 294.0
-452.08536 11.490407 294.0
-332.04962 22.795778 291.0
-404.1106 16.427847 291.0
-476.0506 8.8142805 291.0
-356.08206 20.811665 288.0
-428.1051 14.028291 288.0
-308.00616 24.641273 285.0
-380.10263 18.688997 285.0
-452.08536 11.490407 285.0
-332.04962 22.795778 282.0
-404.1106 16.427847 282.0
-476.0506 8.8142805 282.0
-356.08206 20.811665 279.0
-428.1051 14.028291 279.0
-308.00616 24.641273 276.0
-380.10263 18.688997 276.0
-452.08536 11.490407 276.0
-332.04962 22.795778 273.0
-404.1106 16.427847 273.0
-476.0506 8.8142805 273.0
-356.08206 20.811665 270.0
-428.1051 14.028291 270.0
-308.00616 24.641273 267.0
-380.10263 18.688997 267.0
-452.08536 11.490407 267.0
-332.04962 22.795778 264.0
-404.1106 16.427847 264.0
-476.0506 8.8142805 264.0
-356.08206 20.811665 261.0
-428.1051 14.028291 261.0
-308.00616 24.641273 258.0
-380.10263 18.688997 258.0
-452.08536 11.490407 258.0
-332.04962 22.795778 255.0
-404.1106 16.427847 255.0
-476.0506 8.8142805 255.0
-356.08206 20.811665 252.0
-428.1051 14.028291 252.0
-308.00616 24.641273 249.0
-380.10263 18.688997 249.0
-452.08536 11.490407 249.0
-332.04962 22.795778 246.0
-404.1106 16.427847 246.0
-476.0506 8.8142805 246.0
-356.08206 20.811665 243.0
-428.1051 14.028291 243.0
-308.00616 24.641273 240.0
-380.10263 18.688997 240.0
-452.08536 11.490407 240.0
-332.04962 22.795778 237.0
-404.1106 16.427847 237.0
-476.0506 8.8142805 237.0
-356.08206 20.811665 234.0
-428.1051 14.028291 234.0
-308.00616 24.641273 231.0
-380.10263 18.688997 231.0
-452.08536 11.490407 231.0
-332.04962 22.795778 228.0
-404.1106 16.427847 228.0
-476.0506 8.8142805 228.0
-356.08206 20.811665 225.0
-428.1051 14.028291 225.0
-308.00616 24.641273 222.0
-380.10263 18.688997 222.0
-452.08536 11.490407 222.0
-332.04962 22.795778 219.0
-404.1106 16.427847 219.0
-476.0506 8.8142805 219.0
-356.08206 20.811665 216.0
-428.1051 14.028291 216.0
-308.00616 24.641273 213.0
-380.10263 18.688997 213.0
-452.08536 11.490407 213.0
-332.04962 22.795778 210.0
-404.1106 16.427847 210.0
-476.0506 8.8142805 210.0
-356.08206 20.811665 207.0
-428.1051 14.028291 207.0
-308.00616 24.641273 204.0
-380.10263 18.688997 204.0
-452.08536 11.490407 204.0
-332.04962 22.795778 201.0
-404.1106 16.427847 201.0
-476.0506 8.8142805 201.0
-356.08206 20.811665 198.0
-428.1051 14.028291 198.0
-308.00616 24.641273 195.0
-380.10263 18.688997 195.0
-452.08536 11.490407 195.0
-332.04962 22.795778 192.0
-404.1106 16.427847 192.0
-476.0506 8.8142805 192.0
-356.08206 20.811665 189.0
-428.1051 14.028291 189.0
-308.00616 24.641273 186.0
-380.10263 18.688997 186.0
-452.08536 11.490407 186.0
-332.04962 22.795778 183.0
-404.1106 16.427847 183.0
-476.0506 8.8142805 183.0
-356.08206 20.811665 180.0
-428.1051 14.028291 180.0
-308.00616 24.641273 177.0
-380.10263 18.688997 177.0
-452.08536 11.490407 177.0
-332.04962 22.795778 174.0
-404.1106 16.427847 174.0
-476.0506 8.8142805 174.0
-356.08206 20.811665 171.0
-428.1051 14.028291 171.0
-308.00616 24.641273 168.0
-380.10263 18.688997 168.0
-452.08536 11.490407 168.0
-332.04962 22.795778 165.0
-404.1106 16.427847 165.0
-476.0506 8.8142805 165.0
-356.08206 20.811665 162.0
-428.1051 14.028291 162.0
-308.00616 24.641273 159.0
-380.10263 18.688997 159.0
-452.08536 11.490407 159.0
-332.04962 22.795778 156.0
-404.1106 16.427847 156.0
-476.0506 8.8142805 156.0
-356.08206 20.811665 153.0
-428.1051 14.028291 153.0
-308.00616 24.641273 150.0
-380.10263 18.688997 150.0
-452.08536 11.490407 150.0
-332.04962 22.795778 147.0
-404.1106 16.427847 147.0
-476.0506 8.8142805 147.0
-356.08206 20.811665 144.0
-428.1051 14.028291 144.0
-308.00616 24.641273 141.0
-380.10263 18.688997 141.0
-452.08536 11.490407 141.0
-332.04962 22.795778 138.0
-404.1106 16.427847 138.0
-476.0506 8.8142805 138.0
-356.08206 20.811665 135.0
-428.1051 14.028291 135.0
-308.00616 24.641273 132.0
-380.10263 18.688997 132.0
-452.08536 11.490407 132.0
-332.04962 22.795778 129.0
-404.1106 16.427847 129.0
-476.0506 8.8142805 129.0
-356.08206 20.811665 126.0
-428.1051 14.028291 126.0
-308.00616 24.641273 123.0
-380.10263 18.688997 123.0
-452.08536 11.490407 123.0
-332.04962 22.795778 120.0
-404.1106 16.427847 120.0
-476.0506 8.8142805 120.0
-356.08206 20.811665 117.0
-428.1051 14.028291 117.0
-308.00616 24.641273 114.0
-380.10263 18.688997 114.0
-452.08536 11.490407 114.0
-332.04962 22.795778 111.0
-404.1106 16.427847 111.0
-476.0506 8.8142805 111.0
-356.08206 20.811665 108.0
-428.1051 14.028291 108.0
-308.00616 24.641273 105.0
-380.10263 18.688997 105.0
-452.08536 11.490407 105.0
-332.04962 22.795778 102.0
-404.1106 16.427847 102.0
-476.0506 8.8142805 102.0
-356.08206 20.811665 99.0
-428.1051 14.028291 99.0
-308.00616 24.641273 96.0
-380.10263 18.688997 96.0
-452.08536 11.490407 96.0
-332.04962 22.795778 93.0
-404.1106 16.427847 93.0
-476.0506 8.8142805 93.0
-356.08206 20.811665 90.0
-428.1051 14.028291 90.0
-308.00616 24.641273 87.0
-380.10263 18.688997 87.0
-452.08536 11.490407 87.0
-332.04962 22.795778 84.0
-404.1106 16.427847 84.0
-476.0506 8.8142805 84.0
-356.08206 20.811665 81.0
-428.1051 14.028291 81.0
-308.00616 24.641273 78.0
-380.10263 18.688997 78.0
-452.08536 11.490407 78.0
-332.04962 22.795778 75.0
-404.1106 16.427847 75.0
-476.0506 8.8142805 75.0
-356.08206 20.811665 72.0
-428.1051 14.028291 72.0
-308.00616 24.641273 69.0
-380.10263 18.688997 69.0
-452.08536 11.490407 69.0
-332.04962 22.795778 66.0
-404.1106 16.427847 66.0
-476.0506 8.8142805 66.0
-356.08206 20.811665 63.0
-428.1051 14.028291 63.0
-308.00616 24.641273 60.0
-380.10263 18.688997 60.0
-452.08536 11.490407 60.0
-332.04962 22.795778 57.0
-404.1106 16.427847 57.0
-476.0506 8.8142805 57.0
-311.01218 24.418169 36.0
-314.01804 24.192898 6.0
-320.02924 23.735857 18.0
-326.03976 23.27015 30.0
-332.04962 22.795778 42.0
-335.05432 22.555344 12.0
-341.06314 22.067976 24.0
-347.07126 21.571947 36.0
-350.07504 21.320684 6.0
-356.08206 20.811665 18.0
-362.08835 20.293983 30.0
-368.09387 19.767645 42.0
-371.09637 19.501228 12.0
-377.10074 18.961905 24.0
-383.10434 18.413925 36.0
-386.10583 18.13669 6.0
-392.10825 17.575727 18.0
-398.10983 17.006113 30.0
-404.1106 16.427847 42.0
-407.11066 16.135471 12.0
-413.11014 15.5442295 24.0
-419.10876 14.94434 36.0
-422.10776 14.641151 6.0
-428.1051 14.028291 18.0
-434.10153 13.406785 30.0
-440.09705 12.776635 42.0
-443.09448 12.458319 12.0
-449.08862 11.815205 24.0
-455.08185 11.16345 36.0
-458.07812 10.834332 6.0
-464.06992 10.169619 18.0
-470.06073 9.496267 30.0
-476.0506 8.8142805 42.0
-479.04517 8.470049 12.0
-485.0335 7.7751102 24.0
-491.02087 7.0715394 36.0
-494.0142 6.716517 6.0
473.32834 9.125313 42.0
402.11148 16.621464 42.0
330.77667 22.896982 42.0
452.57016 11.437657 39.0
381.31674 18.578001 39.0
309.9515 24.49714 39.0
431.8007 13.64629 36.0
360.5125 20.430649 36.0
482.22113 8.102574 33.0
411.02045 15.751156 33.0
339.69925 22.179363 33.0
461.46793 10.459349 30.0
390.22995 17.752203 30.0
318.87756 23.824097 30.0
440.70325 12.712436 27.0
369.42975 19.649382 27.0
491.1117 7.0608015 24.0
419.92755 14.86178 24.0
348.6203 21.442644 24.0
470.3636 9.461995 21.0
399.1414 16.907328 21.0
327.80215 23.131945 21.0
449.6038 11.759527 18.0
378.34528 18.849028 18.0
306.97583 24.717243 18.0
428.83273 13.95334 15.0
357.53973 20.68683 15.0
479.2571 8.445602 12.0
408.051 16.043377 12.0
336.72525 22.42069 12.0
458.50226 10.787567 9.0
387.2591 18.029589 9.0
315.90237 24.050568 9.0
437.73596 13.025838 6.0
366.45752 19.911924 6.0
488.1484 7.4101734 3.0
416.95874 15.160357 3.0
345.6468 21.690338 3.0
